1.000000	1.000000	50	0.100000	ARCHIVOS_REDES\ER\ER_633.txt
-0.005050	0.184682
0.043684
-0.264850
0.068344
-0.301170
0.036974
-0.118143
-0.319419
0.184966
0.165057
-0.312959
0.238030
-0.297093
-0.250708
0.235732
0.208567
-0.125574
0.171047
-0.061589
-0.096459
-0.019594
-0.135434
0.167232
0.247929
-0.164280
0.208327
-0.229211
0.213612
0.240618
0.021246
0.201196
0.257046
0.218570
0.308256
-0.085824
0.231330
-0.092292
-0.299568
-0.089272
-0.141051
-0.240844
-0.256302
-0.307443
-0.283966
0.093767
-0.168722
-0.018684
-0.033474
-0.216684
-0.275041
-0.076360
-0.188222
-0.001560
0.227931
0.300447
-0.238487
0.017565
-0.319597
0.086816
0.117097
-0.136980
0.126577
-0.170141
-0.176396
-0.124242
-0.098095
-0.067404
-0.194335
0.205840
-0.202086
-0.059121
-0.131365
0.157859
0.030116
-0.074837
0.295131
-0.297599
0.050933
0.034686
-0.260917
-0.073945
-0.010590
0.344514
-0.069716
-0.149092
0.103131
0.120069
-0.180468
-0.169220
-0.325116
-0.179594
0.195140
-0.290861
-0.188276
0.252761
0.294527
0.304676
-0.067961
-0.101316
-0.009077
0.091173
0.207682
0.161775
-0.274124
0.202296
0.243499
0.244315
0.187198
-0.051539
0.258593
-0.151110
-0.178098
-0.005431
-0.302047
-0.159062
-0.210088
-0.065227
-0.228263
-0.312337
-0.154317
-0.026247
-0.084665
-0.130130
-0.109331
-0.236428
-0.023975
-0.219812
-0.109554
0.111239
-0.293966
0.124155
0.144482
-0.148947
-0.055962
-0.141256
0.095723
0.210097
-0.019094
0.020597
0.053570
0.102570
-0.226210
-0.154248
-0.010888
0.232888
0.194802
-0.245921
0.003565
0.115867
0.151404
-0.070669
0.097493
-0.109395
0.007355
-0.164837
-0.225589
0.148465
0.242118
-0.108845
0.097358
-0.005971
-0.080441
-0.090857
-0.160857
0.248549
0.149132
0.188407
-0.156704
-0.012407
0.262313
-0.277560
0.225906
-0.147217
-0.341311
-0.026923
-0.037238
-0.164150
-0.101534
0.172801
0.056869
0.210644
-0.211183
0.179415
0.021234
0.191054
-0.229993
-0.134919
-0.260587
-0.150061
-0.027479
0.229051
0.240242
0.289514
-0.092811
-0.075241
-0.315320
-0.139256
0.316051
-0.112749
0.259580
0.212992
0.184281
-0.284565
-0.163071
0.284942
-0.123703
0.141146
0.140986
0.276127
0.138301
0.021898
-0.068405
-0.179045
0.096185
-0.108616
0.074780
0.008831
-0.144795
0.123473
-0.130347
-0.297715
-0.156803
-0.335477
-0.002613
-0.252368
0.241795
0.015764
-0.262295
0.158833
-0.147035
-0.339102
-0.254181
-0.258093
0.181255
-0.148194
0.204353
-0.055626
-0.083761
-0.034237
0.004555
-0.222280
-0.115350
-0.091560
-0.049951
-0.022963
-0.056861
0.131309
0.177556
0.077670
-0.033968
0.045251
-0.322580
-0.161380
0.036060
-0.293881
-0.137780
0.221699
-0.117837
0.088813
0.147970
0.221425
-0.124858
-0.279192
-0.269959
0.158480
-0.176546
0.165160
-0.241844
-0.333568
-0.224649
0.229729
0.201972
0.031946
0.004694
0.307887
-0.075463
0.172985
-0.168781
-0.268262
-0.020947
-0.128770
0.172866
0.327439
0.137952
-0.022122
-0.073627
0.010410
-0.359331
0.257795
-0.013833
0.113491
0.051412
0.214561
0.315180
0.200738
0.076653
-0.188070
0.008894
-0.164312
-0.009791
0.106325
-0.265351
-0.202451
-0.117461
0.304383
0.142129
-0.107001
0.345923
-0.283009
-0.144964
0.308997
0.122140
-0.028487
0.105080
0.145790
0.143897
-0.171722
0.106762
0.166076
0.251143
0.122455
-0.014796
0.327040
0.229420
-0.081959
-0.133299
0.056671
-0.037080
-0.087888
0.112859
-0.018023
-0.283202
-0.099196
0.290708
0.247421
0.253835
0.020616
0.021896
0.129593
-0.067128
0.113416
0.166809
-0.135956
-0.307716
-0.205998
0.103467
0.019763
-0.186755
0.035884
0.267243
-0.257828
0.131301
-0.327060
-0.144949
0.078350
-0.000767
0.006324
-0.268898
0.164056
-0.081740
-0.156585
-0.191945
0.088618
0.062287
-0.128891
0.041364
-0.213832
0.005669
0.184964
-0.123701
0.144682
-0.192700
0.027731
0.011744
-0.106637
-0.234498
0.006909
-0.290824
-0.126805
0.108358
0.036410
0.087649
0.007709
-0.156214
0.036217
0.074310
0.140236
0.040112
-0.228757
0.174486
0.177770
-0.134761
-0.186992
0.336005
-0.016611
0.308977
0.221099
-0.147654
-0.179294
-0.173459
0.024845
-0.238016
-0.168683
-0.104074
0.262384
-0.254778
0.214747
-0.267339
0.058262
-0.053878
0.090431
0.182739
-0.087385
0.118962
-0.067159
0.148032
-0.135762
-0.215436
-0.221796
0.093651
-0.348571
-0.286395
0.183503
0.056499
0.126551
0.119726
0.249775
0.108485
0.096113
0.026850
-0.030461
0.003169
-0.219076
-0.123681
-0.140910
-0.067216
0.165003
-0.304942
0.295070
-0.211773
0.126969
-0.166322
0.146346
0.233769
0.243539
-0.190227
-0.121432
-0.198068
0.144954
-0.255220
-0.144856
0.093102
-0.000048
-0.219244
0.279203
-0.068910
-0.168920
0.003481
-0.318426
0.056181
0.063763
0.059865
0.197742
-0.148765
0.017827
0.058815
-0.257519
-0.116292
0.140496
-0.071813
0.208848
0.036685
-0.102697
-0.184672
0.027979
-0.037540
-0.077017
-0.347601
-0.151073
-0.068697
-0.316093
0.104124
-0.188789
0.235901
0.227757
-0.349134
0.001882
0.159132
0.047908
0.047522
0.031151
-0.056367
0.133534
0.030461
0.200666
0.189379
-0.189471
0.063625
-0.150391
-0.054620
0.352916
0.238127
0.265524
0.335008
0.132545
0.226895
0.069792
0.134226
0.117276
0.302162
-0.249573
-0.117830
0.265285
-0.184448
0.293174
0.089578
0.098838
0.328031
0.113951
0.151534
0.077377
-0.277738
-0.201893
0.032300
-0.199286
-0.231969
-0.139581
0.086891
0.161621
-0.046995
-0.023941
-0.228996
-0.043888
-0.242761
-0.046178
0.020892
0.177333
0.047645
-0.173620
-0.290706
0.191806
0.352088
-0.044669
0.130979
-0.055005
-0.076609
-0.008708
0.142884
-0.195031
-0.243501
-0.165771
0.157992
0.278420
0.111697
-0.254933
-0.013401
0.235109
0.087995
-0.084543
-0.103327
-0.057754
-0.154026
0.309273
-0.014278
0.238089
0.273381
-0.216948
-0.012604
0.217977
-0.144829
-0.047444
0.189789
0.008827
0.003218
0.102574
-0.230376
0.130865
-0.297549
0.091833
0.004000
-0.302500
0.254456
0.116257
0.082325
0.113172
-0.246746
0.229187
0.228576
-0.022905
0.293611
0.211099
0.205700
0.207369
0.353822
-0.124473
0.031737
-0.296576
0.180940
0.187049
0.249080
-0.266568
0.104158
0.230747
0.210393
0.170523
-0.123266
0.248446
0.134011
-0.300280
0.313918
0.294693
0.019234
0.050252
-0.038193
0.167584
0.113829
-0.171827
-0.113630
-0.062595
0.161566
0.112991
0.089487
0.162086
0.125868
0.090720
0.046466
-0.264251
0.305203
0.298253
0.129549
-0.151610
-0.195285
-0.079278
0.264431
0.223161
-0.092849
-0.317498
-0.307467
-0.080860
-0.062567
-0.263183
0.190000
-0.173776
0.209293
0.111797
-0.282642
-0.043540
0.231320
0.250269
-0.196541
-0.070502
0.022019
-0.048851
0.306591
-0.113080
0.178020
-0.151529
0.281337
-0.039235
0.002845
0.255357
0.084325
0.262962
0.046307
0.181266
-0.138856
0.347976
-0.227691
0.228972
-0.139272
-0.301934
0.169170
-0.029109
0.113900
-0.155909
-0.005325
-0.278318
-0.020420
-0.328062
-0.026255
-0.070060
0.039439
0.091609
0.076006
-0.252295
0.005805
-0.013142
0.200134
0.028385
0.044447
-0.091252
0.028918
0.142452
0.001093
0.090944
0.103599
0.252256
-0.112585
0.134271
-0.110510
0.255350
-0.100884
0.239129
-0.029203
-0.063382
-0.186446
-0.333537
-0.247126
-0.273989
-0.164283
-0.164308
-0.072083
0.339349
-0.182752
-0.320484
-0.217284
-0.166644
0.239865
-0.254124
0.080204
0.102148
-0.135514
0.291170
0.193088
0.287098
-0.169872
-0.123125
0.334248
0.203332
0.047523
-0.256620
0.073599
0.145479
0.220377
0.324892
-0.175334
-0.077628
0.320030
0.053486
-0.041753
-0.105844
-0.144748
0.211987
0.202758
-0.087521
-0.277424
0.121934
-0.085096
0.067386
-0.149860
-0.267619
0.260388
0.036425
-0.247008
0.217631
-0.237789
-0.078080
0.095256
0.135362
-0.045867
-0.301713
0.217154
0.188014
-0.259016
-0.253377
-0.117675
-0.037149
0.188719
0.190948
-0.204687
0.182554
-0.066821
0.245586
-0.158843
-0.035800
-0.100058
0.218740
0.287905
0.129648
0.249650
0.220665
-0.333894
-0.117791
0.188310
-0.274878
-0.266102
-0.116739
-0.100618
-0.036547
0.221259
0.330795
-0.257216
0.074454
-0.303454
0.251452
-0.202872
0.023122
0.086352
-0.142146
0.355533
0.171111
0.121195
-0.058235
-0.311906
-0.044298
-0.222372
-0.125915
-0.060050
0.041949
-0.150366
0.345158
-0.123135
-0.280303
0.250626
-0.188405
0.137915
0.007177
0.020901
-0.220377
-0.221683
0.052697
-0.030075
0.190302
0.180949
-0.108189
0.015853
-0.090281
-0.121919
0.177940
-0.286511
0.175991
0.224965
0.286739
0.099493
-0.206875
0.234039
-0.320141
-0.235661
-0.030949
0.296938
-0.144694
-0.020356
-0.164473
-0.300728
0.261010
0.309002
0.271721
-0.087996
-0.093433
0.281460
-0.248026
0.101878
-0.283181
-0.128301
-0.003508
0.024319
-0.215688
0.294631
-0.003018
0.171669
-0.002649
0.328748
-0.265829
-0.195748
0.069714
-0.289704
0.251831
0.248279
0.213095
-0.035129
0.227906
-0.099383
-0.206467
0.134317
0.041027
0.307453
0.120816
0.160342
0.021292
0.226282
0.328868
-0.197305
-0.021304
0.220619
0.065301
-0.158598
0.030065
-0.166222
0.225572
-0.046396
0.103769
-0.056279
-0.072106
-0.039210
-0.022690
-0.155243
-0.249397
0.233685
-0.014206
0.119779
-0.273545
-0.199380
-0.312367
0.039774
0.174748
0.195169
-0.016721
-0.070523
-0.020187
0.004771
0.213397
-0.045284
-0.301924
0.371821
-0.305626
0.247331
-0.229242
-0.212942
-0.227838
-0.202415
0.220796
0.065554
0.074553
0.040370
-0.042216
0.190171
0.292421
0.109959
-0.240169
-0.043861
-0.044060
-0.122754
0.091855
0.008446
-0.057750
-0.124760
0.053541
-0.069353
0.129792
-0.154507
0.257915
-0.049090
0.162474
-0.008839
0.080408
-0.045263
0.194852
0.184431
-0.099629
0.095483
0.013546
-0.169096
-0.165532
-0.161749
0.039950
-0.044562
0.291114
-0.179643
-0.091053
-0.006779
-0.032466
0.022215
-0.173940
-0.159116
0.078768
0.147626
0.136018
-0.219417
0.170454
0.264781
-0.152813
0.016893
0.021759
-0.065672
-0.252682
0.282162
-0.151812
0.087674
-0.298946
-0.003449
-0.087627
0.274992
0.026986
-0.126122
-0.334492
-0.035127
-0.248285
-0.333818
0.248942
-0.157906
0.263385
-0.015857
0.034698
0.026163
0.254181
-0.116974
-0.045040
-0.072340
0.003622
0.195467
0.041578
-0.061434
0.248003
0.018266
-0.027961
0.039031
-0.092791
0.006239
0.111426
0.076028
0.032972
0.009489
0.221445
-0.069869
-0.301744
-0.309076
0.103604
0.197872
-0.120146
-0.131628
0.130392
-0.014940
-0.003142
-0.173384
-0.261372
-0.267474
-0.015825
-0.149809
-0.090539
0.007622
-0.025344
-0.255873
0.089302
0.197772
-0.004640
0.074250
0.099498
0.194519
0.056996
0.191737
-0.041681
0.144943
0.018887
-0.307523
-0.093883
0.187874
0.021192
0.118237
-0.234321
-0.098702
-0.084412
0.007215
-0.194524
-0.115684
-0.162020
0.275515
0.228256
0.112445
0.228120
0.307190
0.062054
-0.163636
-0.261592
0.027163
-0.244052
-0.207109
0.078992
-0.297963
-0.182307
0.292994
-0.341140
-0.043940
-0.095242
-0.236610
0.217821
-0.120192
0.193706
0.130313
-0.261980
0.140038
0.233665
0.022472
-0.138199
0.152401
0.243952
0.199562
0.125483
-0.014280
-0.168369
-0.077543
-0.174173
0.112156
0.085195
0.155231
-0.190113
-0.109544
0.098190
-0.107079
-0.022770
-0.258707
0.046690
0.321979
-0.011140
-0.274024
-0.235049
-0.141433
-0.257663
0.090186
-0.280510
0.035216
-0.282597
0.064655
0.191520
-0.049247
-0.083931
-0.224130
-0.201492
0.171327
0.036980
-0.203408
-0.091668
0.020453
-0.255802
0.177697
0.256424
-0.257784
0.224390
0.059842
0.123170
0.316346
-0.128958
-0.302189
0.043000
-0.132868
-0.131055
-0.235076
-0.005931
0.200656
0.063283
-0.257666
0.142980
-0.010743
0.273060
-0.020481
0.270725
0.104832
0.246833
0.160693
0.340287
0.102185
-0.083101
-0.019387
-0.275348
0.239724
-0.003390
0.232495
0.263563
-0.227174
-0.087905
-0.002306
-0.117077
0.122700
-0.169543
-0.009805
0.209945
-0.071864
0.111009
0.274015
0.216653
-0.075166
0.276037
0.029226
-0.196554
0.076771
-0.335141
0.053111
0.049373
0.021030
0.215938
0.250367
-0.076953
0.172860
0.228738
0.011783
-0.011067
-0.001986
0.269508
0.033732
0.093750
0.153386
-0.284665
0.156699
-0.024154
-0.069975
0.079890
0.218026
-0.192164
0.184489
0.206405
-0.097375
0.132556
0.181537
-0.240733
0.053389
0.174282
-0.134263
0.173013
-0.258263
0.157940
0.203318
-0.109117
-0.047961
0.109349
0.198644
0.230900
-0.119153
-0.182925
-0.059361
0.078011
0.151262
0.206606
0.267020
0.248249
0.022869
0.168103
0.082548
0.061445
0.048954
-0.239462
-0.006210
0.316746
0.233977
0.292050
-0.030449
-0.224243
0.149833
0.090165
-0.074097
-0.184845
0.207026
0.259015
-0.003422
-0.299364
0.183040
0.153459
0.278667
0.323275
-0.168355
0.189169
-0.250502
0.270659
0.140969
-0.090503
-0.342068
-0.061975
0.019034
0.097620
0.026634
0.203668
-0.232920
0.168345
0.005196
0.181198
-0.020099
-0.025260
0.039183
0.216181
0.081471
0.181322
-0.260318
-0.276195
0.201914
0.075211
-0.273619
0.144738
-0.235466
-0.122265
0.100972
0.341249
-0.034896
0.175862
0.107138
-0.140678
0.066571
0.241500
0.242048
0.258026
0.127316
0.046349
-0.304298
-0.127834
-0.261898
-0.018296
0.008551
-0.008722
-0.018646
-0.095553
-0.178698
-0.254713
-0.273277
-0.248389
-0.234624
0.200037
0.278157
-0.040473
-0.186399
0.149401
-0.281836
-0.295661
-0.303251
-0.340170
0.056389
0.240342
0.325694
0.297672
0.065767
0.204247
0.053705
-0.040319
-0.212496
-0.248470
0.054690
-0.045579
-0.157140
-0.113743
-0.179404
-0.273618
-0.212791
-0.064740
0.077501
0.186836
0.109035
0.083963
-0.089807
-0.046987
0.283031
0.056708
-0.187382
-0.094116
0.240257
0.069840
0.239667
-0.202092
-0.091103
0.102384
0.085564
0.076742
0.286243
-0.112817
0.031172
0.065014
0.002141
0.221479
0.287306
-0.055038
0.253619
0.005356
-0.161238
-0.187467
0.237293
0.184758
0.236061
-0.225208
-0.151572
-0.293577
0.015998
-0.269825
-0.091014
0.213918
-0.133760
-0.040473
0.208112
-0.205445
0.081073
0.034328
-0.194428
-0.174336
-0.171949
-0.167548
-0.033986
-0.159446
-0.244529
0.156574
-0.036440
-0.156740
-0.049312
0.232218
-0.156723
-0.257321
0.259392
-0.100155
-0.268815
-0.036246
0.295115
-0.299613
-0.116377
-0.047664
-0.161977
-0.278219
0.001382
0.075014
0.188915
-0.095577
-0.306135
-0.046298
0.005123
0.053720
-0.222555
-0.227078
-0.050878
-0.094084
-0.135133
-0.209400
-0.048148
0.056212
-0.258016
0.132909
-0.303636
0.299449
0.260744
0.282701
-0.020328
-0.112191
0.103973
-0.223341
0.007872
-0.187503
-0.162153
-0.132446
-0.359710
0.018597
0.000149
-0.179140
-0.109081
0.254661
-0.013965
0.137365
0.264843
-0.209035
-0.008328
-0.126241
0.214279
0.007485
0.189424
-0.110457
-0.020999
-0.220423
-0.048698
-0.012159
-0.298427
-0.186415
0.173999
0.317719
-0.308081
0.075468
-0.292310
0.289512
0.129143
-0.116158
0.101528
0.171744
-0.150847
-0.251393
-0.275176
-0.241642
-0.269362
-0.327213
0.327447
-0.079865
0.038569
0.219527
0.142116
-0.286686
-0.228327
-0.010135
-0.002913
0.231394
0.065479
0.070862
-0.251094
-0.021588
-0.325469
0.286578
-0.295620
-0.312659
-0.044037
-0.175725
-0.295199
0.265447
0.034807
0.075840
0.033881
-0.263036
0.124097
-0.042938
0.073071
-0.127049
0.049239
-0.087742
-0.021123
-0.154978
0.092913
0.037288
-0.147710
-0.121597
0.056499
0.170495
0.174991
-0.044843
-0.027603
-0.090756
0.221376
0.233857
-0.302648
-0.159791
-0.200780
0.097544
-0.001523
-0.038145
0.240975
-0.111940
-0.182673
0.047343
0.343494
-0.198981
-0.208305
0.087585
0.243813
0.225927
0.155789
0.010711
0.297003
-0.173051
-0.134517
-0.002718
0.004926
-0.054832
-0.107338
-0.265098
-0.127968
0.035963
-0.266270
0.056834
-0.221346
0.003515
-0.294013
-0.285478
0.128973
0.167808
0.152370
0.001764
-0.141343
0.107483
0.086461
0.122527
0.069198
-0.126375
-0.147748
0.112933
0.087401
-0.207242
0.265839
0.016198
-0.336937
-0.003592
0.185512
0.015203
-0.159231
0.113575
0.046719
0.234579
0.133152
0.221646
-0.273554
0.025894
-0.359607
-0.280703
-0.307841
-0.135629
0.101429
0.050811
0.285488
-0.102559
0.277323
0.046804
-0.008811
0.363101
0.100449
-0.096537
-0.269613
-0.092313
-0.331448
0.240172
0.123695
-0.085769
-0.030996
0.172887
0.065451
0.204039
0.164089
-0.091364
0.117770
-0.083997
-0.042252
-0.204309
-0.149767
0.267498
-0.284741
-0.053801
-0.220745
0.150183
0.170025
-0.379119
0.330656
0.025691
0.032856
0.214311
0.247079
-0.026057
-0.169047
-0.263806
-0.071470
-0.060152
-0.229121
0.327028
0.171603
-0.095125
-0.046657
0.199578
0.189830
-0.220191
-0.077328
0.297848
0.173661
-0.009379
0.017124
0.229784
0.249910
-0.297016
-0.069143
-0.057473
-0.237182
0.333743
0.251973
0.267329
0.259849
0.315233
-0.221104
0.228539
0.064226
-0.265679
-0.010046
0.053483
-0.059893
-0.275441
-0.082876
-0.011111
-0.218294
0.129977
-0.027424
-0.097726
-0.278427
0.306578
-0.252737
-0.061942
0.020677
0.014124
0.069738
-0.297260
-0.207462
-0.245464
-0.214182
0.294529
0.170935
0.039840
0.298932
-0.083843
-0.069967
-0.250901
-0.032967
0.046606
0.113971
0.334257
0.198303
0.311963
0.279049
0.233084
0.074176
0.061893
0.053630
0.085377
-0.156720
-0.234856
-0.178471
-0.035935
-0.207773
-0.245393
0.086481
0.134054
-0.136906
-0.102085
-0.235534
0.020743
-0.073309
0.107857
0.009253
0.190969
-0.003395
-0.210984
-0.037144
-0.231944
-0.181131
-0.325284
-0.118447
0.065116
0.207980
-0.192934
-0.054630
-0.098452
-0.052765
-0.213801
-0.054317
0.345467
-0.110205
-0.100187
0.129952
0.196042
-0.029140
-0.327460
0.371950
0.322546
-0.244627
0.247034
0.349572
0.294837
0.305479
-0.254017
-0.081111
0.332871
-0.281248
-0.014799
-0.311307
-0.077355
-0.066238
0.152670
-0.041616
-0.016289
0.263250
-0.162913
0.091597
-0.171424
0.104483
0.056644
0.198508
-0.256111
0.307050
-0.130288
0.295498
0.007573
-0.317679
-0.049714
-0.302198
0.176745
0.250820
0.093540
0.168561
-0.235913
0.009311
0.312597
0.169417
-0.092698
-0.026147
0.063837
0.045948
-0.106703
0.358029
0.140365
-0.013330
0.136373
-0.228241
0.154148
-0.106440
0.035271
0.171577
-0.010999
-0.248668
-0.157642
0.278860
-0.232797
0.201215
0.119838
0.317522
0.280836
-0.201340
-0.098328
-0.014502
-0.187850
-0.092706
-0.021906
-0.019685
0.011161
-0.028431
-0.288231
0.035552
0.282143
0.262009
-0.142058
-0.151795
0.081206
0.046762
-0.019471
0.090346
0.111669
0.108585
0.091202
-0.032985
0.301689
-0.040667
-0.219163
0.219559
0.062954
0.088508
-0.135453
-0.079889
0.190151
-0.256376
-0.232324
-0.224198
0.026192
0.042737
-0.301894
0.004802
0.302006
0.220856
0.033357
-0.108781
-0.278628
-0.028709
0.014476
0.155601
-0.070142
-0.202443
-0.051356
-0.280621
0.187359
-0.077749
-0.308159
-0.233006
0.289317
0.173330
0.074331
0.201469
-0.041223
0.004774
-0.197393
0.212827
0.087243
-0.032439
0.239765
0.220122
-0.118724
-0.214864
0.064623
0.258716
0.252716
-0.335753
0.303085
-0.065489
-0.214131
-0.152431
0.266166
-0.031198
-0.323734
-0.175837
-0.030689
-0.029850
0.209375
0.142848
0.234173
-0.278843
-0.013056
0.167375
-0.050799
0.168513
0.129754
-0.253723
-0.060393
-0.034890
0.275312
-0.089014
-0.121432
-0.180318
-0.244081
0.058975
0.070655
0.106619
0.040142
-0.169285
0.227782
-0.282292
-0.287781
-0.077411
0.140185
-0.254890
-0.244577
-0.041289
-0.078512
0.275968
-0.081318
0.280873
-0.171643
-0.186739
-0.044492
-0.187144
0.206767
0.192993
0.262850
0.233041
-0.288297
0.109430
0.259421
0.186752
-0.205297
-0.114920
0.170342
0.179163
0.329258
0.241904
0.280093
-0.183063
-0.248635
0.083043
0.302099
-0.132352
-0.034534
-0.142751
-0.168533
0.032091
0.013638
0.016241
-0.015111
-0.025100
-0.197152
-0.196166
0.100053
-0.115665
0.169351
-0.297625
-0.209023
-0.343785
-0.078774
0.122600
0.261924
-0.010926
-0.136235
0.119280
0.206333
0.220171
-0.150823
0.141779
0.182557
0.006462
-0.204325
0.025611
-0.139465
0.108065
-0.121181
0.197849
0.275390
-0.125230
-0.170983
-0.061386
-0.217559
-0.126523
-0.335401
0.117593
0.240413
-0.032704
-0.067121
-0.010464
0.074706
-0.057660
-0.058422
-0.118484
-0.032768
-0.183769
0.250927
-0.257753
-0.148110
0.055828
0.200124
-0.315649
0.085917
0.143420
0.316778
-0.049085
0.037363
-0.121057
-0.313596
-0.060305
-0.293478
-0.012864
0.189852
0.178084
-0.298682
0.278953
0.034595
-0.156629
-0.006392
-0.051761
0.065472
0.260570
0.161911
0.010486
-0.175446
0.138417
0.039604
0.310909
0.147620
-0.206989
-0.130371
-0.132881
-0.258213
-0.027076
-0.009720
-0.161707
0.158450
0.051519
-0.253181
-0.210003
-0.055734
0.138101
0.104064
-0.256760
-0.038818
-0.122573
-0.178881
0.061941
-0.202612
-0.045453
0.033713
-0.212015
0.040276
-0.155858
-0.131318
-0.183753
0.298478
0.079005
-0.352600
-0.331952
0.031157
-0.052996
0.299902
0.124754
-0.200689
-0.283241
-0.199077
0.083464
-0.258381
0.241918
-0.280911
0.021013
0.110737
-0.240713
-0.228487
0.102375
-0.267057
-0.272643
-0.160033
0.070204
-0.294225
0.132650
0.161839
0.013335
0.145088
0.199629
-0.230113
0.151817
-0.143814
0.269488
-0.033934
-0.165621
0.263915
-0.151114
-0.265982
-0.309707
-0.231108
0.202491
0.249932
-0.214460
0.229381
-0.205476
0.024208
0.226778
0.260187
0.097672
0.187546
-0.035959
0.186301
0.137693
0.163264
-0.200970
0.111204
-0.084129
-0.046412
-0.134292
-0.127879
-0.086961
-0.077515
0.164164
0.140877
-0.084256
-0.121369
-0.156722
0.334824
-0.009645
-0.037882
0.217022
0.223458
0.121121
-0.188191
-0.243114
-0.055202
0.170238
-0.148428
0.287431
-0.130437
-0.130458
-0.223527
0.247475
-0.162477
0.152395
0.158824
0.216747
0.160879
0.096880
0.133748
-0.099065
-0.183834
0.000693
-0.154259
-0.171166
0.048242
0.328813
-0.052363
-0.114120
-0.006754
-0.226129
0.259338
-0.307454
0.241006
-0.166986
-0.267216
-0.164074
0.162119
-0.141209
0.273734
-0.136220
0.054029
0.335508
0.009104
0.136946
-0.245485
0.279057
-0.213662
0.232685
-0.317578
0.024670
-0.012075
-0.295378
0.075786
0.022988
-0.173619
0.072992
-0.153698
-0.128160
-0.094762
-0.208864
0.064444
0.035893
-0.006504
0.062853
0.029588
-0.186156
0.258466
0.100804
-0.228347
0.247170
-0.224659
0.277786
0.135913
0.345601
-0.157087
-0.089878
0.092294
-0.161148
0.326352
-0.145216
0.257677
-0.223091
-0.076362
0.116873
0.210616
0.180124
-0.077592
-0.179793
-0.321302
0.207967
-0.071596
-0.341169
-0.090340
-0.125486
-0.277962
-0.299280
0.098688
-0.091177
-0.095574
-0.247811
-0.218355
0.159782
0.115977
-0.142314
-0.042592
0.006239
0.114715
0.118108
0.151431
-0.058115
0.326673
-0.058601
-0.095029
-0.220683
0.024673
0.035242
0.280257
-0.022591
-0.209728
-0.220012
-0.006330
-0.231644
0.098880
0.159448
-0.014219
-0.071405
0.119181
0.166964
0.107913
-0.120284
-0.155049
0.011529
0.206943
0.273959
0.064520
0.062921
-0.015045
0.334621
-0.186998
-0.046323
0.232638
-0.009562
-0.216487
-0.058123
0.280643
0.035294
0.129584
-0.284155
-0.093186
-0.180914
-0.017060
0.180739
-0.220406
-0.284001
0.170814
0.336697
-0.030258
0.070332
-0.289952
0.059394
0.307531
0.030062
-0.222357
-0.253530
0.174651
-0.139715
0.107350
-0.014358
-0.159659
0.011121
-0.192269
-0.164475
0.250580
-0.161616
-0.314394
0.275672
0.137129
-0.103118
-0.160784
-0.106909
0.222679
-0.135809
0.261746
-0.314184
-0.149176
-0.068356
-0.183676
-0.356783
-0.087556
-0.340988
0.156042
-0.089878
-0.151941
0.249536
0.044764
0.122567
0.029042
0.193953
-0.055370
0.279959
-0.254379
0.148947
0.228770
-0.151058
0.276459
0.197348
0.228865
0.249133
-0.082250
-0.294620
-0.188608
-0.136485
0.178630
0.189139
0.046867
0.172594
-0.128542
-0.022570
-0.148283
-0.216747
-0.031329
0.230973
0.126211
-0.172700
-0.076098
0.044947
-0.153892
-0.066303
0.308692
-0.290341
-0.275486
-0.179490
0.160278
0.066831
0.050852
0.183906
0.121114
0.251035
-0.124955
-0.251902
-0.266127
0.205330
0.013066
0.032398
-0.006734
0.055710
-0.116811
0.102895
-0.021789
-0.117816
-0.259526
0.045286
0.148888
-0.211019
0.178389
0.002833
-0.145110
-0.222588
0.171999
0.149483
-0.156709
0.251892
0.248048
-0.212867
0.281699
0.188177
-0.170502
0.196864
-0.199679
-0.048331
-0.220243
0.107457
0.095908
-0.314695
-0.321201
0.081121
-0.073310
0.087579
0.204828
-0.186102
0.227077
-0.234762
0.158982
-0.032751
-0.067048
0.121663
0.020312
0.296170
-0.146516
-0.044257
0.058084
0.129361
-0.284221
-0.135714
0.088608
0.225437
-0.194036
-0.198537
-0.283776
-0.154242
-0.187669
0.123925
-0.100518
-0.235556
-0.184574
-0.209183
0.305028
-0.050326
-0.201878
-0.030130
0.139321
-0.115097
-0.277365
-0.020948
0.202906
-0.183042
-0.345648
-0.002823
0.285897
0.298883
-0.081064
-0.258234
0.185123
-0.244192
-0.125549
-0.089985
0.005939
-0.044498
0.104469
-0.040895
0.170891
0.033383
-0.165221
0.347962
-0.110556
0.029096
-0.334108
0.181823
-0.243295
-0.120082
-0.192161
0.250581
-0.091204
0.122401
-0.044796
-0.296634
0.326861
0.217527
-0.001692
-0.197683
-0.204202
-0.233531
0.153214
0.151504
-0.009768
-0.074762
-0.095303
0.251880
0.174930
-0.230458
-0.186387
-0.004056
0.214811
0.155767
0.248568
0.088378
-0.289290
-0.250623
0.038306
0.083574
-0.287324
0.147144
0.030048
0.209868
-0.201719
-0.048196
0.296241
-0.119635
-0.302714
0.290663
-0.293785
-0.032384
-0.119589
-0.038143
0.107720
-0.132423
-0.316709
0.151216
0.163918
0.153373
0.011676
0.232110
-0.277769
0.165882
-0.244762
0.115409
0.014497
0.185448
-0.047617
-0.022114
0.123346
0.047939
0.294267
-0.100583
-0.306212
0.163768
-0.066103
-0.112765
0.005807
0.346579
-0.091900
0.300690
0.297467
0.143542
-0.306483
0.003381
0.016342
0.035381
0.111969
-0.169159
0.051902
0.197131
0.251265
-0.061804
-0.069854
-0.137316
-0.091857
0.002063
-0.240706
0.101472
-0.198323
-0.007078
-0.035007
-0.114929
-0.157614
0.225687
-0.130874
0.356574
-0.263289
-0.215467
-0.158818
0.230645
0.136131
-0.188520
-0.011436
0.033522
-0.125407
-0.239049
-0.105647
-0.071892
0.169795
0.085163
-0.150778
-0.092966
0.345289
-0.121492
0.104220
0.111089
-0.231040
0.004502
0.010481
-0.091610
0.028731
-0.139970
-0.111180
-0.091093
-0.092365
-0.287314
-0.200606
-0.024137
-0.215233
-0.304139
-0.261390
0.237545
0.317081
0.341795
0.008528
-0.155134
-0.277239
-0.143743
0.019049
-0.293217
0.265786
0.214708
-0.308849
-0.002359
0.081138
0.129299
0.158358
-0.096784
0.281357
0.144168
-0.171629
0.317215
0.290243
-0.279930
-0.339845
-0.308023
-0.107684
-0.194374
-0.207333
-0.212859
0.088872
0.266747
-0.013666
0.012583
0.110645
0.166992
0.117847
0.315001
-0.233212
-0.018315
-0.158582
-0.053686
0.087541
-0.308784
0.076054
0.295750
0.217723
0.080790
0.144711
-0.190287
-0.334020
-0.224243
-0.276068
-0.217337
-0.302844
-0.015108
-0.216945
0.187158
-0.131762
0.222174
0.040643
-0.107437
0.014090
-0.071107
-0.106205
-0.053478
0.137628
-0.004795
-0.289802
-0.189533
0.174521
0.337028
-0.218361
-0.032378
0.120204
-0.213661
-0.086498
-0.249172
-0.141759
-0.052351
0.133130
0.131604
-0.318667
0.027717
-0.261368
0.291211
-0.122595
0.128355
0.193187
0.041173
0.288600
-0.111604
0.270463
0.149803
0.015521
0.219314
-0.222917
0.257540
-0.036867
-0.102687
-0.071237
0.120966
-0.103997
-0.170866
0.110628
-0.235435
-0.226849
-0.289700
-0.163089
-0.284135
-0.293802
-0.028675
-0.186810
-0.047438
0.073720
-0.105856
0.237647
0.012161
-0.274214
0.089202
0.262758
-0.176343
0.140107
0.108989
0.254089
-0.024522
-0.092171
0.190488
0.238220
0.071785
-0.097707
0.077811
-0.055439
-0.200534
-0.207880
-0.191805
0.241961
-0.039002
-0.276180
0.150215
0.041824
-0.288502
-0.307919
0.294144
-0.213514
0.099397
0.056022
-0.317171
0.309086
-0.310442
-0.138421
0.123875
0.154867
0.298742
-0.195374
-0.063715
0.003670
0.210055
0.084182
-0.321750
0.058344
-0.002627
0.064658
0.166607
0.290446
0.317456
0.289225
-0.301485
-0.258154
0.252910
0.000836
-0.129609
-0.152082
0.019850
0.261083
0.239421
0.126652
0.244630
0.281182
-0.318031
0.006610
0.331262
-0.009929
-0.038500
-0.150924
-0.257833
0.060816
-0.221588
0.262390
-0.245752
-0.118337
-0.239103
-0.061170
-0.122716
0.213416
-0.009923
-0.293265
0.225150
0.248548
0.012483
-0.091257
0.084728
-0.155185
-0.257356
-0.094702
-0.270684
-0.288103
-0.197176
-0.061950
-0.182405
-0.104029
-0.078965
-0.294933
-0.201505
0.127526
-0.277555
-0.138797
0.294111
-0.034072
0.082273
0.208485
0.162344
-0.137846
-0.101748
-0.227299
0.045220
0.102688
0.056916
-0.019773
0.231401
0.201978
-0.173819
-0.139643
0.121655
0.108286
0.203310
0.036314
0.023065
0.237337
0.008700
0.157329
0.243373
0.299382
0.233473
0.113628
-0.163085
-0.252606
0.240753
0.189820
0.089432
0.011533
0.131364
0.157451
0.011824
0.350807
0.240637
0.335275
0.066222
-0.265435
0.079670
-0.010650
-0.006677
0.083350
0.044789
0.276205
-0.256589
-0.153941
-0.221658
0.194754
-0.317419
0.160319
-0.280081
0.239277
-0.100470
-0.115568
0.018447
0.035358
0.300730
0.358229
-0.322714
-0.090728
0.182376
-0.122268
-0.075178
0.056308
-0.142869
0.352764
-0.205247
-0.008871
-0.112856
-0.240461
-0.014837
0.176801
0.220009
0.236315
0.009699
0.116755
-0.258541
-0.186719
-0.299475
0.037840
-0.223883
0.206741
0.086623
-0.285902
-0.186974
0.328758
0.084212
-0.051714
0.010510
-0.207078
-0.076871
0.143468
-0.138371
0.310200
0.099000
-0.141802
-0.155527
-0.235425
0.183098
0.356036
-0.236101
-0.322317
-0.130730
0.051533
-0.321542
-0.073060
-0.186458
0.205201
0.144047
-0.215010
-0.215383
-0.279837
0.168606
-0.310660
0.318205
-0.085174
-0.000180
0.265028
0.018676
0.038688
-0.075279
0.267271
0.017688
0.183461
-0.252446
0.133591
0.122240
-0.054704
-0.013896
0.126525
-0.179629
-0.015416
-0.007901
0.250297
-0.252395
0.279145
-0.295826
0.274958
-0.294030
-0.099322
-0.118633
0.041180
-0.266295
0.222949
0.040754
0.045655
0.183703
-0.139334
-0.191604
-0.225275
0.317799
0.130048
-0.092032
0.066603
0.176936
-0.259129
-0.010659
0.025986
-0.234351
-0.178881
-0.013647
-0.338682
-0.037859
-0.326137
0.250968
-0.039188
-0.060289
0.117385
-0.245151
-0.053978
-0.271557
0.044291
-0.257228
0.200987
0.233642
0.061180
0.047043
-0.181029
-0.210970
-0.047870
0.051332
-0.161550
-0.187730
0.177867
0.036497
-0.254771
0.152455
-0.166009
0.040812
-0.246299
-0.240410
0.072113
-0.188555
-0.007689
-0.004330
0.107421
0.136227
0.260420
-0.269902
0.289650
0.184981
-0.267682
-0.044543
-0.195609
-0.223506
-0.103541
-0.270779
-0.232071
0.199549
-0.300117
0.099033
-0.254686
0.060957
-0.055628
-0.157573
0.036299
-0.069968
-0.187119
0.278599
0.322705
-0.120803
-0.061462
-0.088351
-0.135356
-0.263059
-0.173326
0.226610
-0.201820
0.118235
0.220368
0.102670
-0.132822
0.287511
0.153428
0.010209
-0.307739
-0.166212
-0.174488
-0.061176
-0.162112
0.236518
-0.009997
0.163323
0.290599
-0.154430
-0.093057
-0.138328
0.033979
0.105030
0.058363
-0.029749
0.248010
0.198798
-0.101530
0.226992
0.029030
-0.109682
-0.107933
-0.266084
-0.278081
-0.089636
0.150461
-0.241346
0.092852
0.229403
-0.128835
-0.174311
0.260820
-0.078070
0.225164
0.004333
0.281913
-0.224027
-0.289861
-0.034011
0.072023
-0.123499
0.194929
-0.145486
0.175449
0.194947
0.175979
0.280601
0.250141
0.322591
-0.246825
0.327736
-0.156494
-0.075320
-0.293673
-0.045958
0.237318
-0.304284
-0.132591
0.100349
-0.189307
0.197827
0.264697
0.285985
-0.045173
0.225459
0.195681
0.284966
0.134782
0.125681
0.091809
0.342832
0.199111
-0.264097
0.218632
0.263999
-0.032518
-0.261374
-0.053115
0.084178
-0.140683
0.118229
0.036426
0.203530
0.257765
-0.268097
0.185404
-0.114659
0.160838
-0.331665
0.220977
-0.292306
0.262626
0.270678
-0.187185
-0.112526
0.139257
-0.092716
-0.087200
-0.277817
0.252702
-0.055594
0.163848
-0.259171
-0.091776
0.026493
-0.088192
0.257813
0.173492
0.158381
0.144486
-0.281578
0.319953
0.107256
0.262540
-0.240142
-0.215142
0.198992
0.251703
-0.185793
0.196161
-0.203164
-0.033432
-0.044870
0.316040
0.121568
0.197265
-0.203322
-0.207510
0.161179
0.043674
-0.027937
0.019771
0.183495
0.076076
0.097155
-0.064706
0.123633
0.220816
0.219041
0.198147
0.112407
-0.238872
-0.156483
-0.339327
0.221074
0.172744
0.086625
0.278263
-0.174728
0.227724
0.037554
0.021993
-0.339857
0.226242
0.107574
0.036649
0.061566
0.248820
-0.202110
-0.249679
-0.213474
0.105649
-0.197222
-0.274909
0.054951
-0.134964
-0.305750
0.305815
-0.019314
-0.040798
0.070937
-0.268289
0.188322
-0.136356
-0.263743
-0.080025
-0.081211
-0.019339
-0.085180
0.151832
0.220570
0.090274
-0.300310
-0.047289
-0.249565
0.106364
0.065927
-0.110757
0.180921
-0.215767
-0.131818
-0.313714
0.246167
0.217351
-0.225016
-0.341881
0.000156
-0.195666
0.335581
0.295388
0.280822
-0.246592
-0.169823
0.178494
-0.238340
0.146328
-0.078975
0.213563
0.052280
0.043154
-0.187710
0.105147
0.113678
-0.027706
0.082664
0.215726
0.044364
0.347204
-0.270446
0.293975
-0.232321
-0.321362
-0.164011
0.191702
-0.114745
0.102375
-0.157498
0.131039
-0.275524
-0.198954
0.130246
-0.112727
-0.232331
0.262262
0.184677
0.288596
-0.272472
0.113029
0.080290
0.031998
0.220350
0.027020
0.017628
-0.107397
0.276843
0.280419
-0.001608
0.347108
0.302482
-0.311970
0.150554
-0.055534
-0.021158
0.096444
0.110059
0.004382
0.130437
-0.025366
-0.173393
-0.223268
0.108478
0.065324
-0.056803
-0.060140
0.139740
-0.059814
-0.142138
0.124254
-0.190865
-0.191962
0.203091
-0.145068
-0.287383
0.094506
-0.291170
0.254873
0.236621
-0.252365
0.299059
0.048158
-0.274294
0.020708
0.137404
0.141626
-0.007074
0.030613
0.090682
0.007004
-0.147203
0.075880
0.276819
0.254692
-0.028199
-0.250549
-0.043013
-0.081542
-0.167512
0.320226
0.017388
-0.105436
0.233997
-0.049434
0.275163
0.230743
0.168692
-0.018038
-0.155219
-0.151128
0.280430
0.086358
-0.100703
-0.003543
0.284446
0.154481
0.308483
-0.040384
-0.063556
-0.023514
0.086886
-0.156082
0.301440
0.024167
-0.208460
0.061491
-0.114670
0.281823
-0.152135
0.217752
0.310379
-0.123386
0.119430
0.169621
-0.203096
0.014027
-0.328209
0.171708
-0.270899
0.295335
0.243138
-0.006647
0.264161
0.240538
0.058443
0.130362
0.054337
0.273858
-0.168400
-0.007779
-0.155762
-0.089247
-0.258917
0.201275
-0.148869
0.093517
-0.163162
-0.318096
-0.188065
-0.079463
0.277011
-0.203818
-0.285878
-0.015792
0.191848
-0.230530
0.003932
0.265313
-0.100398
-0.044515
-0.083589
-0.229884
-0.286597
0.062889
0.188257
-0.266095
-0.046500
0.081972
-0.080707
-0.124771
0.060937
-0.102975
0.181163
-0.027811
-0.235340
0.060866
-0.253551
0.329674
0.018525
-0.090487
0.111503
0.146089
0.107290
0.190969
-0.174996
-0.212933
0.259768
-0.134720
-0.136805
0.134700
-0.195227
-0.161484
-0.213657
-0.010230
-0.085010
-0.010581
-0.005730
-0.182497
0.164090
-0.116384
0.197813
-0.142041
-0.317185
0.180270
0.105544
-0.283885
0.318508
0.250049
-0.046221
-0.020580
0.067998
-0.304922
0.214618
-0.091526
0.056714
-0.277479
-0.294249
0.128155
-0.060113
0.074836
0.040866
0.251331
-0.277142
0.091829
-0.310559
-0.200824
0.236465
0.049782
0.003536
-0.145538
-0.296735
-0.347924
0.115169
0.005788
-0.119331
0.191765
0.052699
-0.037738
0.166153
-0.109208
-0.091647
0.170501
-0.035681
-0.116831
-0.007389
0.077679
0.128118
0.216367
-0.064659
-0.067433
-0.059283
-0.022519
0.034704
0.254239
0.135956
0.263855
0.012856
0.190701
-0.060595
-0.044688
0.279451
-0.089062
-0.057340
-0.029980
0.352363
-0.164495
0.005295
-0.068041
-0.267365
0.133416
-0.008458
-0.017645
-0.051332
0.108451
0.109887
0.020677
0.134110
-0.255641
0.061181
0.130536
-0.183296
0.161537
-0.088205
0.323375
-0.111383
0.266236
-0.177230
0.008992
-0.223109
0.051617
0.145173
-0.164352
-0.121701
0.000258
-0.081367
-0.033644
0.356722
0.275193
-0.228555
-0.188050
0.048484
-0.080691
0.199279
-0.162315
0.203990
-0.297219
-0.289355
-0.015834
0.026633
0.029763
0.120390
-0.127559
0.267280
-0.169321
0.199433
0.243227
0.224278
-0.242881
-0.000759
0.232815
-0.263591
-0.293393
0.235185
0.198554
-0.104000
0.302401
0.001712
0.250485
0.238782
-0.109281
-0.151725
0.265356
0.005024
0.065350
0.033520
0.226639
0.275327
0.114405
-0.148748
0.032037
-0.275399
0.171557
0.029579
-0.144208
-0.230858
0.209146
0.030999
0.245541
-0.046139
-0.019381
-0.222585
0.054768
-0.298472
0.090062
0.096123
0.192159
0.033484
-0.169176
-0.037730
-0.324804
0.060053
0.141046
0.063492
-0.203311
-0.227635
0.066893
0.343369
0.256079
-0.207018
0.267959
-0.379419
0.284052
0.233320
0.179533
0.207530
-0.290195
-0.129271
0.337149
-0.175534
-0.219482
-0.231251
-0.212848
0.168078
0.146321
0.153064
-0.244221
-0.038087
0.135716
-0.006093
0.146675
0.079708
0.025640
0.151012
0.195989
-0.058128
-0.011908
-0.333243
0.152292
0.140011
-0.154568
-0.099301
-0.199362
0.032666
0.118799
-0.263659
0.251007
-0.014414
0.078506
-0.024052
-0.033705
0.152323
-0.022647
-0.149537
0.229520
-0.051660
-0.021530
0.256871
0.033528
0.158468
-0.295229
0.318190
-0.029693
-0.210036
0.182068
-0.083217
0.040179
-0.202318
-0.210643
0.147424
0.181024
-0.166624
0.110410
0.143232
-0.173576
0.226473
0.197132
0.095878
0.220881
0.081434
-0.032029
-0.339072
0.308056
0.019944
-0.213857
-0.080508
0.110457
0.005280
-0.082839
0.117187
0.215019
-0.318227
-0.132008
0.298792
0.027626
0.224413
-0.286718
0.029949
-0.097222
-0.114634
-0.328023
-0.077917
0.033400
-0.227771
0.287330
-0.137708
0.093620
0.090806
-0.170978
-0.117566
-0.032523
-0.013839
-0.271301
-0.013505
-0.342861
0.173500
-0.283477
-0.284024
0.309151
0.002800
0.126313
0.191616
-0.070745
-0.076688
-0.262644
-0.014006
-0.142032
-0.246853
-0.223164
-0.175034
0.286450
0.094477
0.165348
0.284410
-0.244609
0.202415
0.187770
-0.165957
-0.273632
0.283481
0.327138
0.225509
-0.125224
0.139351
0.363035
0.068353
0.001024
-0.198069
-0.263272
-0.149534
0.065178
-0.207226
-0.268575
0.038327
0.103269
-0.017546
0.237819
-0.303248
-0.089635
0.154032
0.200024
-0.196595
0.335973
0.024671
0.012038
-0.308237
-0.039947
0.006589
0.303066
-0.084959
0.130000
-0.274844
-0.154775
0.073022
-0.166430
-0.142324
-0.003760
-0.118874
0.193178
-0.019058
-0.301602
-0.162946
0.192151
0.205501
-0.335470
-0.034216
0.024627
0.043340
0.271557
0.160552
0.233935
-0.043192
-0.018393
-0.061595
0.066638
0.110874
0.024510
0.048383
0.172803
0.210575
0.220829
0.055259
-0.198698
0.109634
0.199501
-0.208923
-0.319579
-0.230738
-0.268194
0.009302
0.260514
0.132048
0.060384
0.326677
0.150722
-0.308022
-0.317511
-0.174177
0.089035
-0.237011
-0.285119
0.210554
0.307420
0.089477
0.259489
0.076343
0.236211
-0.227976
-0.005207
-0.253037
-0.274636
0.186722
0.130991
0.153299
0.043250
0.243436
0.007910
-0.031122
-0.145156
0.197783
-0.154690
-0.260360
0.211601
-0.050895
0.259042
0.094063
-0.168382
0.181538
-0.168169
-0.007861
-0.046032
-0.312331
0.147415
0.197818
0.154713
-0.210264
0.177022
-0.158829
0.140767
0.258015
0.067728
-0.015769
-0.234472
-0.065485
0.147993
-0.023365
0.140831
0.114198
-0.053082
-0.284791
-0.026452
-0.185741
-0.118653
-0.275085
0.245861
0.044564
-0.170669
-0.168638
-0.079305
-0.042192
0.167069
-0.102288
-0.089089
0.230402
0.171750
-0.013217
-0.247373
0.046765
0.256783
-0.126908
-0.080949
0.160590
-0.082793
0.177574
0.078030
0.087426
0.173548
-0.058818
-0.097277
0.056293
-0.285432
-0.243327
-0.298355
-0.268436
-0.178349
-0.046294
-0.256725
-0.024732
-0.248053
-0.110592
-0.004004
0.261033
0.271067
-0.031859
0.143772
-0.285763
-0.060002
0.038363
0.261021
-0.112184
0.021551
-0.019556
0.157646
-0.166684
-0.104614
0.179735
-0.055947
0.236175
-0.190133
0.285839
-0.134041
-0.042890
-0.317984
0.233892
-0.227234
-0.028757
0.111380
0.012605
-0.146305
-0.100600
0.147628
-0.165192
-0.125088
0.124013
0.337381
-0.299414
-0.169243
0.216342
0.272937
0.172907
-0.218573
-0.108038
0.206153
0.285344
-0.161758
0.261614
0.180136
0.152967
-0.133238
-0.306633
-0.044414
0.075852
0.067517
-0.272082
0.022610
0.182381
-0.210744
0.030189
-0.239152
0.243047
0.191316
-0.152043
0.033931
-0.230178
0.152721
-0.058365
-0.157235
0.158837
0.354831
-0.314352
-0.005854
-0.110998
0.185612
0.257141
0.137901
-0.266579
-0.152898
-0.170785
0.186319
-0.146740
-0.283027
-0.109955
-0.075791
0.120199
0.078179
-0.225565
0.049144
-0.081729
0.112575
-0.153052
-0.004113
0.110533
-0.012572
-0.185474
-0.103677
-0.286888
0.256385
-0.306657
-0.186481
-0.140974
0.107085
0.074832
0.214852
-0.172104
-0.110287
-0.076027
-0.119187
-0.112009
0.328416
0.077361
-0.087756
0.143603
0.115900
-0.053496
-0.176837
-0.139772
0.122129
0.099615
-0.082939
0.038013
-0.046464
-0.255917
0.088479
-0.314071
-0.169111
-0.302374
0.020998
-0.052780
0.141963
0.226717
-0.011352
0.024935
0.051932
-0.274801
-0.264919
0.178382
0.131629
-0.217914
0.102066
0.227747
0.129477
-0.166973
0.246831
-0.061912
-0.176669
-0.232838
0.132663
-0.203664
0.079662
-0.200212
0.278425
0.005675
0.296646
-0.081030
-0.144731
0.339696
0.318114
-0.041878
-0.139499
0.085174
-0.131444
0.159711
0.084430
0.295408
0.194293
-0.165737
-0.142037
-0.089631
-0.168368
0.216354
0.077316
0.170560
-0.045706
0.266342
-0.202082
-0.129329
0.294981
-0.346475
-0.208548
-0.064314
0.165756
0.012757
-0.008019
0.290940
0.030401
0.144603
0.098951
0.042700
0.281867
-0.193193
-0.014922
-0.025306
-0.229023
0.198075
0.004156
-0.023083
-0.325178
-0.093824
-0.119568
0.072294
0.232142
-0.166856
-0.237009
-0.165986
-0.288433
-0.086614
-0.013025
-0.070722
0.070952
0.228433
0.178383
0.147347
0.288129
0.253614
-0.070927
0.032823
0.044927
-0.100769
-0.111885
0.208685
-0.126124
0.069757
-0.198069
-0.136890
-0.161658
-0.080273
0.174656
-0.199947
-0.001646
0.176894
0.197820
0.220494
-0.061301
-0.306123
-0.226552
-0.138398
-0.311681
0.207424
0.023091
0.105594
0.059848
0.172737
-0.128134
0.034864
0.310548
-0.156563
-0.310946
-0.002458
0.181547
0.260734
0.172762
-0.072952
0.286976
0.034583
-0.194038
-0.168669
-0.242094
0.104682
-0.191484
0.112179
0.212785
0.187360
0.059623
0.270484
0.228011
-0.043171
0.260040
-0.223943
-0.167927
-0.153190
0.264254
-0.070196
0.114140
-0.204586
0.087528
-0.138231
0.281524
0.133601
-0.014136
0.063827
0.100971
0.267397
-0.111064
-0.316253
0.316750
-0.114667
-0.245792
0.295918
-0.071808
0.312465
0.288439
0.231617
0.017845
-0.022211
-0.061844
-0.289015
0.306644
-0.125417
-0.056655
0.005589
-0.019156
0.006820
0.083968
-0.271770
0.070256
-0.213767
-0.329767
0.067862
0.007472
-0.066672
0.258424
-0.127190
-0.082773
0.062816
0.066421
-0.204646
-0.091627
0.195609
0.005372
-0.164671
-0.195153
-0.052296
-0.203684
0.000781
-0.045139
0.271767
-0.182494
-0.292208
-0.081227
0.130319
-0.060258
0.314440
-0.308656
-0.338706
-0.020626
0.044208
-0.133949
0.078987
0.110664
0.331039
-0.143554
-0.149949
-0.159826
-0.072261
0.161333
0.079429
0.168374
0.206041
-0.209127
-0.009327
-0.134684
0.273771
0.253948
0.108952
0.008091
0.111761
-0.183146
-0.063138
-0.202595
-0.194732
-0.250415
-0.090368
-0.179296
-0.111496
-0.121515
-0.098479
0.116327
0.023154
0.183127
0.061013
-0.059491
-0.135421
-0.327520
0.084796
0.084346
0.178902
0.296516
0.068203
0.181342
-0.240427
0.238550
-0.120817
0.149340
0.087855
0.044500
0.108068
-0.290795
-0.131689
0.090501
0.076649
0.225807
0.262353
0.005525
0.123700
-0.170492
-0.236251
0.149848
-0.014573
-0.015293
-0.174225
-0.042284
0.181938
0.221568
0.111889
0.058662
-0.151622
-0.337529
-0.112933
-0.119545
-0.339978
0.092641
0.007754
0.275126
-0.119450
-0.090763
0.123094
-0.227896
0.021929
0.194144
-0.240796
-0.126224
-0.236980
0.146248
-0.223882
0.215971
-0.203438
-0.089962
0.252870
0.019004
0.009877
0.346315
-0.051804
0.229827
0.070582
0.165318
-0.256225
0.017048
0.174852
0.332039
0.063257
0.011195
-0.088728
0.325898
0.179043
0.194942
-0.086596
-0.202289
0.026827
0.037449
-0.338380
0.047813
0.222437
-0.132470
0.251130
0.075321
-0.235887
0.326937
-0.021755
-0.301738
0.203406
-0.320983
0.012050
-0.061595
0.286481
0.227824
0.123562
0.021490
-0.031946
0.134654
-0.256297
0.291783
0.113450
-0.001186
0.086206
0.265377
0.267136
-0.181444
0.179078
0.114928
0.221251
0.029437
0.312012
-0.077809
-0.016283
0.045970
0.281215
-0.174214
0.251899
-0.173850
-0.002617
-0.154408
-0.112327
0.196629
0.224973
0.215610
0.195235
-0.052929
-0.133121
0.058853
0.167473
-0.225871
0.082584
0.024236
0.244524
-0.206929
0.234404
-0.056789
0.260955
-0.119685
0.209395
-0.073415
0.036030
-0.012831
0.234045
-0.296369
-0.071079
-0.053740
-0.007656
-0.257084
-0.313346
-0.261175
0.174120
0.288379
-0.045068
0.169272
-0.109257
-0.262672
0.050088
0.036365
0.228205
-0.090474
0.244794
-0.284252
-0.053395
0.252639
0.131799
-0.193404
-0.220966
0.203369
0.060949
0.070792
0.160178
-0.119876
-0.090650
0.219778
-0.148617
0.161031
-0.216989
-0.032619
0.307140
0.024794
-0.008108
0.221975
-0.139635
0.096583
-0.003735
-0.289777
-0.023858
-0.060662
0.022386
-0.114556
0.113289
0.013962
0.108879
-0.262755
-0.018651
0.174889
-0.219298
-0.215046
0.228245
0.079074
0.233306
-0.025799
-0.313689
-0.259673
-0.339100
0.196118
-0.240667
0.170888
-0.237339
0.130736
0.151163
-0.235988
-0.065375
0.222326
-0.199575
-0.069849
-0.309158
0.256655
0.044603
0.072271
-0.277231
-0.167156
0.274071
0.068356
0.108165
-0.222933
0.253622
-0.057956
-0.115528
0.213541
-0.211058
0.125650
-0.043256
-0.011056
-0.185240
-0.212786
-0.004565
-0.257005
0.000565
0.154246
0.191460
0.084511
-0.079200
-0.033717
-0.113992
0.315358
-0.189783
0.121968
-0.187862
0.160997
0.275374
0.022389
-0.262044
0.126838
0.191840
0.233641
-0.015647
-0.048940
-0.024341
-0.157009
-0.286807
0.023683
-0.169870
-0.185257
0.037166
-0.092819
0.126051
-0.282230
0.268466
0.271178
-0.115968
0.164900
-0.035666
0.198559
0.239965
0.024939
0.285479
0.047114
-0.018871
0.201965
0.167104
0.093774
-0.159813
0.267923
-0.102036
0.312008
-0.127369
0.045574
-0.009651
0.102297
0.239550
-0.201815
-0.287736
0.336240
-0.231216
-0.037156
-0.165848
0.106570
0.039556
0.301913
-0.146843
-0.133223
-0.145364
0.311635
0.311118
-0.077204
0.009744
-0.332516
-0.333809
0.172350
-0.222701
-0.334275
0.287578
-0.159917
-0.343153
0.278853
-0.016374
0.056278
-0.134430
-0.320136
-0.111111
0.077306
-0.099811
0.223156
-0.156267
-0.279178
-0.259616
0.031544
0.006340
-0.084262
-0.290193
-0.013736
-0.338386
-0.294650
0.070512
0.121005
0.314432
-0.151288
-0.079965
0.179880
0.298759
-0.094742
0.074234
0.018718
-0.216054
-0.034866
-0.219466
-0.075855
0.250343
0.051570
0.182233
-0.228121
-0.133037
-0.109890
0.190994
-0.159863
0.184216
-0.079260
0.147113
0.132203
0.068113
-0.145181
0.027695
0.042568
0.051389
-0.129074
0.171241
-0.044078
0.217831
0.019250
-0.274619
-0.252562
-0.227460
-0.198763
-0.007788
-0.181093
-0.296788
-0.140291
-0.310096
0.005459
0.152211
0.286623
0.236297
0.076014
0.193016
-0.169017
-0.105972
-0.008308
0.324583
0.042915
-0.160340
0.084649
0.259963
0.199921
0.190419
-0.016049
-0.092541
-0.176147
0.222690
0.221253
0.146279
-0.079219
0.219616
-0.090564
-0.177326
-0.186196
-0.021141
-0.147585
-0.164950
-0.238269
-0.250245
-0.277153
-0.028026
-0.099705
-0.061471
0.209363
-0.022242
-0.247252
-0.110254
0.094873
0.295167
-0.243932
-0.143358
-0.226052
0.329050
-0.293693
0.035675
0.083931
-0.178355
-0.025465
0.120617
-0.289519
0.247197
0.270829
0.070485
-0.029164
0.062156
0.288607
0.107334
0.206310
0.020536
0.210820
0.041425
-0.199227
0.149214
-0.104117
0.159751
0.221146
0.339664
-0.315455
-0.101379
-0.255712
0.174144
0.149591
-0.030326
0.263494
0.268483
-0.013330
0.122694
-0.122962
0.027493
0.198584
0.333780
0.220156
0.270965
0.239331
0.010427
-0.017968
-0.118158
0.196070
-0.107494
0.059760
-0.273786
-0.188660
-0.020480
-0.363561
-0.151373
-0.038822
0.206629
-0.275023
0.286422
0.012648
0.243721
-0.178657
0.225162
-0.245953
-0.249762
0.205728
-0.025794
-0.202970
-0.030572
0.252356
-0.216040
0.048285
0.244537
-0.077775
0.276501
-0.124064
0.260944
-0.037526
0.335361
0.332017
-0.291608
-0.006036
-0.082980
0.027002
0.199205
-0.046598
0.104771
-0.085389
-0.163026
0.298362
0.222494
0.029666
-0.195687
0.246188
-0.275383
-0.161856
-0.175857
-0.273715
0.165912
-0.279139
0.310587
0.122483
0.028000
0.254135
-0.288470
-0.235792
-0.051136
-0.135258
-0.074824
-0.054321
0.245156
-0.018838
-0.019075
-0.310643
-0.287619
0.065473
-0.128854
0.274868
0.089719
0.123181
0.106352
-0.059041
-0.024548
0.179522
0.043074
-0.299939
0.249884
0.048698
0.161488
-0.010369
0.222066
-0.021934
-0.059795
0.060453
0.259956
0.297172
-0.009580
-0.211811
0.052858
-0.033816
0.209366
0.180097
0.185595
0.321278
-0.248727
-0.172839
-0.198683
0.186124
-0.254692
-0.034127
-0.287102
0.164431
-0.227975
0.153268
0.162890
0.262130
0.116639
-0.085747
-0.176417
-0.091394
0.256139
0.174629
-0.207486
0.063101
-0.273009
-0.029889
0.176067
-0.156850
0.061874
-0.030336
-0.091647
-0.085312
0.072052
-0.129378
-0.151227
-0.248293
-0.245161
0.063903
0.197016
0.040825
0.143400
0.086314
0.133944
-0.258670
-0.024490
0.042471
-0.169808
0.122146
0.271849
-0.291389
0.198140
-0.285226
0.220864
0.184950
-0.218195
-0.195240
-0.305971
-0.062427
0.302496
0.012102
-0.007427
-0.037078
-0.166053
-0.178912
-0.015049
0.162264
-0.093884
-0.310146
-0.060093
0.209735
-0.253250
0.034443
0.336516
-0.290508
0.232052
-0.090714
0.280030
0.083441
0.185819
-0.164643
-0.273395
0.039030
-0.083277
0.308464
0.282021
-0.131203
-0.049568
-0.195577
-0.295349
-0.104015
0.017063
-0.301782
-0.339845
-0.070951
-0.088069
-0.106810
0.123820
0.230718
-0.127901
0.214824
-0.172815
-0.020021
-0.123166
-0.108889
-0.153600
0.257361
-0.066555
0.071919
0.179010
-0.134556
0.085407
0.281106
0.135953
0.230414
-0.072097
0.272619
-0.286859
0.027967
-0.254262
0.235270
-0.054770
0.133710
0.026995
-0.269793
-0.142175
0.307686
-0.314946
-0.052461
0.224311
-0.248947
0.053897
-0.044224
0.215896
0.228363
0.048020
0.098315
-0.263988
-0.163978
-0.238747
0.341462
0.314834
0.050661
-0.084792
-0.143362
0.092757
-0.145680
-0.307814
-0.055725
0.352679
-0.031615
0.162567
0.289704
0.176234
0.144642
0.275517
-0.000773
0.059295
-0.262425
-0.279100
-0.143109
-0.119971
-0.235380
0.027192
0.009585
-0.226009
-0.053607
0.202860
-0.215782
0.089266
-0.014049
-0.240481
0.247207
0.033779
-0.059631
-0.142237
-0.234081
-0.132563
0.147065
0.338715
0.251952
0.090998
0.300573
0.121756
0.025815
0.170242
0.111439
-0.086842
0.338249
-0.227835
-0.089111
-0.160338
0.023470
0.063329
0.310556
-0.233154
-0.205406
-0.143187
-0.099539
0.318486
-0.192965
0.225259
-0.310444
-0.341848
0.111199
-0.245898
-0.213680
0.215256
-0.027729
-0.196844
0.151651
-0.074144
-0.010593
-0.192856
-0.167662
-0.166594
0.294409
0.121680
-0.256039
-0.015590
-0.054444
0.072859
0.067700
0.079910
-0.069151
0.238095
0.009455
-0.018267
-0.289685
0.158621
-0.055630
0.233123
0.135819
-0.167506
-0.024963
0.103776
-0.141658
-0.167859
0.326195
0.085339
-0.165938
-0.073544
-0.146483
0.276567
0.018257
0.053405
-0.146143
-0.013750
0.324459
0.102743
-0.313063
0.245181
-0.073390
0.140374
-0.003141
-0.013120
-0.109722
0.173862
-0.145041
-0.238451
0.247877
0.167804
0.135444
-0.034132
-0.123663
0.022740
-0.348083
-0.269079
-0.190353
0.259922
-0.124475
-0.338621
-0.061006
-0.069779
-0.169272
0.094222
-0.307244
0.264188
-0.229999
-0.029392
0.112652
-0.034543
0.055994
-0.270757
-0.061620
0.213930
-0.288792
-0.224672
-0.218361
-0.160609
0.197527
-0.209167
-0.154577
-0.058616
0.102706
-0.004605
-0.234865
0.171155
-0.245780
0.309963
0.099293
0.202742
0.311282
-0.120971
-0.019002
-0.060642
-0.165532
0.306614
-0.273876
-0.290851
0.116432
0.294726
-0.170666
-0.127849
0.052892
0.053934
0.078102
0.298089
-0.124468
-0.267005
-0.068566
-0.050613
-0.274088
-0.022647
-0.301992
0.193093
-0.363601
0.167934
-0.070495
-0.291870
0.135555
0.217696
-0.133953
-0.025620
0.239006
0.150695
-0.032954
0.103911
0.127183
0.153695
0.224256
-0.162332
-0.061074
-0.155104
-0.082629
-0.051503
0.302793
0.235069
0.150507
-0.271441
-0.017475
-0.232681
-0.051672
-0.204216
-0.248267
0.051196
0.167101
-0.206815
0.215169
0.204174
0.296544
-0.131378
0.134272
-0.065796
-0.129491
-0.162509
-0.221344
-0.186139
-0.026000
-0.210050
-0.149825
-0.258467
0.094073
0.218886
0.113279
-0.038968
-0.088155
0.133376
-0.245961
-0.113043
-0.024400
0.165402
-0.212237
-0.068004
0.191922
0.145771
0.158753
-0.126637
-0.066574
-0.002066
-0.336347
0.153958
-0.011963
0.031618
0.003400
0.023584
-0.167609
-0.009354
0.112692
0.204190
0.003097
-0.229181
0.139125
-0.282364
0.309393
0.273526
-0.076725
0.265150
-0.309129
0.159105
0.010352
-0.180074
0.058784
-0.258781
0.064046
0.028080
-0.091493
0.166261
0.245687
0.206552
0.261299
-0.237887
0.273850
0.211997
-0.311773
0.224898
0.001628
0.209138
-0.013037
0.271697
-0.013262
0.135065
-0.258479
-0.289331
-0.068597
0.232218
-0.265072
-0.093421
0.160854
-0.075962
-0.072187
-0.137959
-0.127271
-0.006865
0.063933
-0.319377
-0.196815
-0.278660
0.064253
0.059750
0.236869
0.140884
0.131564
-0.098566
0.167392
-0.134076
0.287424
-0.190049
-0.244513
-0.281460
0.137933
-0.143343
0.215393
-0.185088
-0.263964
-0.274427
0.163865
-0.107056
0.225628
0.150568
-0.036858
-0.287157
-0.038844
0.273088
-0.291231
-0.213225
0.191107
-0.194048
0.177382
0.212652
0.201191
-0.174168
-0.290717
0.221077
-0.162156
0.239805
0.058030
0.314894
-0.047723
-0.181657
-0.295455
-0.080192
-0.346570
0.180713
-0.015491
-0.137062
0.205751
0.018911
0.089595
0.273328
0.031196
0.207222
-0.180299
0.138112
-0.131358
-0.205399
-0.250075
-0.269122
0.091849
0.066247
-0.297674
0.015352
0.356369
-0.224980
-0.092267
-0.199335
-0.254271
-0.051335
-0.280930
-0.060816
0.062886
0.014368
-0.274566
-0.165807
-0.007745
-0.189525
0.027223
-0.246266
0.223324
0.025665
0.193262
0.072167
-0.168118
-0.013130
-0.001515
0.229695
-0.095450
-0.310046
-0.089035
-0.029814
-0.008621
0.062829
-0.246812
0.117189
-0.255151
0.070037
-0.292417
-0.217766
0.177888
-0.213741
-0.254192
0.025346
-0.149257
-0.220463
0.146173
0.013951
-0.018446
0.267393
0.060882
-0.298913
0.321497
0.138168
0.037466
0.278577
-0.231395
-0.259867
0.214085
0.003691
0.304373
-0.259402
0.098497
-0.214332
0.068645
-0.197507
0.204443
-0.098637
0.151118
0.122175
0.084829
-0.105665
-0.323274
0.160037
0.251182
-0.204697
0.108128
-0.288408
-0.089479
0.136915
-0.024524
0.261190
0.182816
0.000126
-0.149999
-0.289985
-0.198477
0.048479
0.258184
-0.180532
-0.269654
0.271899
0.015091
-0.086495
-0.039192
-0.017452
-0.003742
0.328096
-0.063023
0.000012
-0.074878
0.114654
0.128597
0.305937
-0.314352
0.119813
0.153931
-0.199361
-0.206246
0.021499
0.166503
0.147975
-0.145834
0.228479
0.267411
0.006462
-0.162904
0.008846
0.234382
0.234188
-0.015790
0.267025
0.003520
0.289139
-0.153154
0.250273
0.022008
0.246471
-0.088106
-0.026436
-0.297083
0.292148
0.233040
-0.110112
-0.136024
0.239839
0.098914
0.099982
-0.201314
-0.070794
0.224090
-0.145732
-0.080008
0.111077
-0.168009
-0.166144
0.260778
-0.200862
-0.214525
-0.120693
-0.043688
-0.261748
0.203610
-0.274259
0.260556
-0.278036
-0.225183
-0.055619
0.315723
0.091746
0.192666
-0.029706
-0.160570
-0.274700
-0.233838
0.025089
-0.067792
0.270375
-0.179803
-0.245947
-0.214013
-0.050730
-0.229452
0.008068
0.163425
-0.163351
0.259192
0.101163
-0.138911
0.151461
0.166725
0.332963
0.208123
0.231294
0.168733
-0.154743
-0.253852
0.309721
0.046943
-0.147439
0.029491
-0.190182
-0.207123
0.156203
-0.036842
0.118759
-0.000476
-0.227761
-0.232152
-0.109399
0.198503
-0.182852
0.012096
0.086194
0.256738
-0.232881
-0.050873
0.246600
-0.224423
-0.062031
0.179251
-0.233720
-0.136463
0.071477
-0.247925
-0.049068
0.119660
0.309825
0.045408
-0.235667
-0.025836
-0.045463
0.317080
0.019428
-0.114914
0.147732
0.294127
0.054907
0.313932
-0.115896
-0.078456
-0.180200
-0.045552
0.122898
0.180878
0.197611
-0.251574
-0.052036
-0.091069
-0.010732
0.067732
-0.250981
-0.175421
0.288380
0.272042
0.136613
-0.216094
-0.252021
0.019106
-0.194756
-0.042374
0.003886
-0.107831
-0.016632
-0.015415
0.232299
0.218869
-0.086144
-0.051614
0.251006
-0.216122
-0.043406
-0.181092
0.061130
0.085331
0.055054
-0.264040
-0.025760
0.350460
0.268171
-0.048701
-0.324453
0.249069
-0.156096
-0.236894
0.014191
0.067057
-0.263452
-0.243238
-0.027168
-0.201256
0.147880
0.115603
-0.276437
-0.230977
-0.026983
-0.010552
-0.244885
-0.256715
-0.269190
-0.303474
0.027007
0.058852
-0.334940
0.193927
-0.154845
-0.196628
0.075434
0.170184
-0.229374
0.198951
0.103245
0.170241
-0.196916
0.142202
0.055749
-0.139848
0.289990
-0.112667
-0.057630
0.251654
-0.276707
-0.072775
-0.131347
-0.092903
0.268579
-0.196625
-0.014907
-0.161745
-0.016334
0.237506
0.007556
-0.092471
-0.180998
-0.081571
-0.266443
-0.214527
-0.005976
-0.233017
0.073967
0.038456
0.254694
-0.032654
-0.029953
0.141504
0.184473
-0.081629
-0.275912
0.301869
-0.090077
0.144048
-0.024678
-0.221318
0.333173
0.096041
-0.051993
0.004021
-0.079311
-0.092835
0.046476
-0.164637
0.225461
-0.181012
0.007948
-0.201731
0.033445
-0.167316
-0.002543
0.231235
0.312909
0.182200
0.195523
-0.009834
0.121500
-0.194069
-0.209351
0.215741
-0.215435
-0.186923
0.088640
-0.167099
0.219711
0.123823
-0.083815
0.054349
0.207103
0.256438
0.027987
0.015061
0.250150
0.238813
-0.082480
0.058846
-0.292477
-0.105204
0.230416
0.320422
-0.164234
0.238482
-0.235975
0.293202
-0.352215
-0.177925
0.157854
-0.238299
-0.194783
-0.324266
-0.016994
-0.218015
0.111946
-0.240605
-0.231019
0.199111
0.244045
0.220642
0.042335
-0.286524
-0.137073
0.124680
0.263661
-0.053280
-0.024187
-0.215556
-0.056851
0.136233
0.084062
0.240616
-0.009590
0.101989
0.088317
0.282522
-0.150079
-0.258955
0.268693
-0.079260
-0.248494
-0.036115
0.219516
0.269456
0.034180
-0.064980
-0.206168
-0.275667
-0.279778
-0.092542
0.169472
-0.302248
-0.023525
-0.126176
-0.067497
-0.160054
-0.018531
0.349338
0.013771
0.017154
-0.236172
-0.296566
-0.127847
-0.259514
-0.193569
0.029506
0.156202
0.144148
0.109062
-0.065764
-0.118018
-0.033914
-0.034315
-0.207427
0.148167
0.054836
0.259472
-0.165655
0.152623
0.327404
0.122792
-0.043645
0.248121
0.199606
-0.073934
-0.209346
-0.193292
0.256040
0.033186
0.329874
-0.124786
0.112802
0.043469
0.041824
0.346962
0.243523
-0.071253
0.067435
-0.229787
0.291729
0.126679
-0.239404
0.053019
-0.213289
-0.313503
-0.295427
-0.204587
-0.076000
-0.231463
0.193072
-0.132133
0.057509
0.056725
0.015237
-0.307739
0.307587
0.263034
-0.116427
-0.233289
-0.294618
0.259011
-0.083818
0.032724
-0.026247
-0.226717
0.265238
-0.206777
0.133383
-0.060629
0.022917
0.214392
0.112124
-0.023934
0.227879
-0.183258
-0.044655
-0.275494
-0.088868
0.160005
0.146222
-0.015557
-0.126227
-0.210128
0.102871
-0.170795
0.015114
-0.278524
-0.063890
0.357968
-0.317580
-0.116751
-0.174268
0.088161
0.157652
-0.262980
0.256730
-0.036289
-0.003314
0.085922
-0.083782
0.300915
0.222740
0.043084
0.069888
-0.116013
0.083775
0.227093
-0.017310
0.055596
-0.171062
-0.371264
-0.006874
0.178137
-0.072574
0.210726
0.166853
-0.009481
0.120983
-0.047862
-0.150031
0.316686
-0.054765
0.267879
0.102002
0.002685
-0.197806
0.065512
-0.169137
0.274176
-0.263838
-0.118677
0.207535
-0.175395
-0.195657
0.293800
-0.132786
-0.100747
0.161566
0.133829
0.188188
-0.294811
-0.075003
-0.230488
-0.078479
0.222076
0.017796
0.005414
0.268851
0.081396
-0.044222
-0.337580
-0.136844
0.256441
-0.157236
0.231405
0.095585
-0.205217
-0.170637
-0.180441
0.140151
-0.316203
-0.301154
0.295074
0.094153
-0.049349
-0.217932
0.225400
-0.072019
0.003974
-0.252285
0.076571
-0.223115
-0.194330
-0.086772
0.027196
0.050274
0.197166
0.038104
0.013571
-0.231206
-0.085074
0.080891
-0.187177
-0.237822
0.164299
-0.113185
0.035293
0.143367
0.147076
0.202001
-0.217370
0.120696
0.035568
-0.022757
-0.263486
0.203496
-0.044419
0.034632
0.273310
0.125123
-0.256124
0.303127
0.166491
-0.155536
0.136544
-0.179585
-0.236103
-0.230474
-0.101470
-0.056627
0.331836
0.162169
-0.202429
-0.125849
0.216085
0.021456
0.060875
0.048101
-0.304861
-0.290413
-0.233463
-0.265955
0.046823
0.227540
-0.291861
-0.042448
-0.280010
0.264275
-0.231954
0.031787
-0.180305
-0.078814
-0.302510
0.042625
0.006376
-0.098323
0.109121
-0.038168
0.047158
-0.156629
0.257973
-0.123425
0.288884
0.015924
0.008437
-0.014027
0.014961
-0.229008
-0.102763
0.247886
0.178422
-0.277140
-0.321818
-0.027424
0.277855
0.062570
-0.187037
0.032747
0.295264
-0.021048
0.202393
0.269583
0.158949
-0.190841
0.249537
-0.147603
-0.032011
-0.030956
-0.271464
-0.236833
0.166684
-0.162054
-0.070066
0.247489
0.316194
0.151291
-0.102421
0.013343
-0.252683
0.220891
0.299434
0.191072
-0.149115
-0.129377
-0.234570
0.100359
-0.202962
0.008009
0.127334
-0.141568
-0.248959
-0.081194
-0.122651
-0.000870
0.263971
-0.105946
-0.214328
0.031997
0.035544
0.243674
0.258162
0.257060
-0.073635
-0.260116
0.200912
0.296540
0.021439
-0.075045
-0.210344
0.123727
0.267121
-0.232969
0.010398
-0.244714
0.202676
-0.283145
0.107440
-0.195432
0.270375
-0.224171
0.139757
0.109649
-0.187643
-0.081505
0.200342
0.261479
0.042911
0.121935
-0.121450
-0.233292
-0.009832
-0.151605
0.319608
-0.159656
0.338850
0.166777
0.073843
0.117196
0.084901
-0.248626
0.025730
-0.087140
-0.114158
-0.016454
0.130472
-0.316725
0.002779
-0.170059
0.296816
0.046412
0.306916
-0.153753
-0.098518
-0.106924
0.063940
-0.245807
-0.254432
-0.155173
-0.046643
0.108828
0.139622
0.223138
-0.020848
-0.063810
-0.195085
0.121497
0.320147
-0.206751
0.198846
-0.214352
-0.040854
-0.026312
-0.224086
-0.268272
-0.201770
0.078034
0.067887
-0.065959
-0.299586
-0.138498
-0.154236
0.245979
0.299421
-0.227374
-0.250496
0.113337
-0.139109
-0.037648
0.297708
-0.268027
-0.103598
-0.227247
-0.304854
0.079182
0.128106
-0.027854
-0.008786
0.304904
0.121727
0.216145
-0.160011
-0.052560
0.228143
0.222632
-0.097307
-0.077108
0.044585
-0.092923
0.251927
0.248381
0.069282
0.288706
-0.173138
-0.188512
0.297642
-0.273557
-0.347085
-0.159149
0.009431
0.131815
-0.244486
0.132036
-0.150921
-0.182243
-0.184962
-0.131069
0.064866
-0.201796
-0.100075
0.186599
-0.183035
-0.105377
-0.159132
-0.114357
0.116367
0.273014
-0.302033
-0.268842
0.032433
-0.242345
0.019755
-0.243116
-0.160864
0.157399
0.104464
-0.324411
-0.186047
-0.242077
0.202025
0.052320
-0.014336
0.001730
0.032731
-0.148861
-0.148615
0.314132
-0.337967
0.117994
0.097694
0.167535
0.302105
-0.073139
-0.057668
0.241844
-0.276580
-0.016349
-0.059556
0.000747
0.124907
0.231658
-0.173854
0.208883
0.295193
0.325373
0.179505
-0.273901
-0.052775
0.139825
-0.133471
-0.212188
0.256168
-0.345249
-0.223184
-0.104808
0.129482
-0.265801
-0.187277
-0.017630
-0.320204
0.017700
-0.053125
-0.206680
-0.227264
-0.248774
-0.117311
0.219705
-0.227934
0.156759
-0.303100
0.191965
-0.270992
0.209983
0.224199
0.102774
0.255599
0.329256
-0.379609
-0.172431
0.100287
0.164264
-0.064416
-0.104189
-0.106621
-0.136106
0.015313
0.120979
-0.007499
-0.168144
-0.081297
-0.018183
0.081151
-0.145051
0.098759
-0.091842
0.179254
-0.091191
-0.147521
-0.066328
-0.085781
0.061824
-0.008568
0.239585
-0.208036
-0.039318
0.205183
0.274229
0.169876
-0.300140
-0.013059
-0.055503
-0.169271
-0.201828
0.271489
0.185709
0.171410
-0.286124
0.209601
0.085904
0.258871
-0.106302
0.231572
-0.089565
0.084515
-0.132587
0.124988
-0.191162
-0.063630
-0.287949
-0.053721
0.123830
-0.149724
-0.064659
-0.106931
-0.214890
-0.255491
0.145080
0.008975
0.172817
-0.180371
-0.044524
0.019658
-0.304830
0.128573
-0.152574
0.065603
0.000212
0.293321
0.118899
-0.244865
-0.169482
0.001914
0.026535
0.122108
0.083785
-0.073695
0.026865
0.306775
0.256779
-0.134649
-0.125648
0.165364
-0.023060
0.240016
0.231305
0.176700
-0.310028
0.067248
-0.067653
0.195693
-0.264454
0.056984
0.038024
0.199963
0.272547
-0.273379
-0.315662
0.136960
0.020872
-0.086430
-0.240081
-0.041746
0.076058
0.255817
-0.186064
-0.213785
0.264487
-0.095582
0.320049
-0.137755
-0.096699
0.160441
-0.007910
-0.119386
0.343124
0.239662
0.028607
-0.141202
-0.012922
-0.309210
-0.031579
0.282570
0.029505
-0.047630
-0.210563
0.355409
0.003192
-0.335473
-0.318600
0.025330
-0.216973
0.302675
-0.009732
-0.175965
-0.271065
0.028180
0.181182
0.062650
-0.002526
0.139042
0.159964
0.017932
0.279986
-0.184526
0.004740
0.004686
-0.117636
-0.194969
-0.016273
-0.309498
0.045586
-0.290931
-0.023071
-0.003392
-0.101694
0.007805
0.164954
0.255356
-0.001140
0.112630
-0.191279
0.165284
0.042502
0.136772
-0.291274
-0.037134
-0.162120
0.273458
0.292990
-0.155748
0.147233
-0.145288
0.073163
0.234314
-0.394670
0.306952
-0.180077
0.046876
-0.188088
-0.084970
-0.135143
-0.128490
-0.166284
-0.183897
-0.137512
0.268457
0.026438
-0.313070
-0.286756
-0.131433
-0.276994
0.257720
0.266499
0.051738
0.116044
-0.182392
-0.268227
0.055175
0.281533
0.028490
-0.309490
0.179516
0.360250
-0.001425
0.280307
0.208139
0.305002
-0.299658
0.290139
0.043687
0.060043
-0.040169
0.280395
-0.074802
0.349838
0.219053
-0.252320
0.113690
0.145282
0.153950
-0.195879
-0.045113
0.221930
-0.054756
0.125948
0.160820
-0.157401
0.154866
-0.059212
0.115676
0.257549
-0.127587
-0.021599
-0.137377
-0.247880
0.189544
-0.317923
0.037361
-0.028358
0.057793
-0.159786
-0.139071
-0.210133
0.102311
0.028549
0.011915
-0.226552
-0.167755
0.286809
-0.268230
0.246380
0.301224
0.167454
-0.144853
0.036760
-0.027439
0.168361
0.033421
-0.283700
0.032916
0.107084
-0.276849
-0.221096
0.265496
0.030539
-0.055290
0.017405
0.269707
0.191268
0.167233
0.126466
0.228164
-0.204548
-0.021473
-0.219196
0.035709
-0.114155
-0.342516
-0.231336
-0.261783
0.128341
0.072210
0.129065
-0.225002
-0.150706
0.201102
0.174605
-0.215949
-0.016075
-0.015925
0.136600
0.030343
-0.177916
-0.243119
0.174096
0.106647
-0.312682
-0.075474
-0.035893
0.027756
-0.073638
0.007841
-0.225509
-0.282496
0.027212
0.115042
-0.154928
-0.337781
0.012232
-0.146103
-0.179830
0.089353
0.029001
0.042242
-0.280533
-0.282952
0.195430
-0.089866
0.115231
-0.316396
0.148993
0.187248
-0.186100
0.260306
-0.219372
0.356140
-0.318659
-0.190621
-0.025077
0.089552
-0.025659
0.343695
0.023054
-0.057340
0.212673
-0.315769
0.183670
0.342030
0.023734
-0.188683
0.195130
-0.163762
-0.141200
-0.313824
-0.340506
-0.199808
0.110572
-0.264067
-0.027888
0.349936
-0.274316
-0.273709
0.111726
-0.283386
0.206229
-0.092478
-0.272330
-0.213717
-0.235462
-0.065005
0.041620
0.099685
0.177609
-0.074694
-0.203358
0.103520
0.152446
0.001016
-0.194173
-0.343018
-0.308332
-0.265316
-0.248779
-0.061376
-0.183909
0.184336
0.189240
-0.123954
-0.216446
-0.169940
-0.089899
-0.031085
-0.158604
-0.096230
-0.227816
0.347254
0.203626
0.101454
-0.288643
-0.217458
-0.297849
0.247495
0.320888
-0.252767
0.214944
0.340419
0.210491
-0.061400
-0.167189
0.121948
-0.281521
0.261795
-0.173217
0.022911
-0.267343
-0.196582
0.112084
0.259784
0.030865
0.057673
0.003604
-0.282210
-0.167744
-0.236496
-0.015673
-0.218787
-0.021970
-0.124186
0.042992
0.132645
-0.023236
-0.241148
-0.150235
-0.026928
0.066313
-0.161883
0.177100
-0.020827
-0.071890
-0.248893
0.256637
0.088942
-0.065510
-0.033301
0.066399
-0.075451
0.047980
0.251297
0.006903
0.284534
-0.052573
-0.026057
-0.223713
0.308175
-0.199292
0.276948
0.277652
0.094778
-0.134705
-0.019566
0.125403
0.069645
0.022466
0.183037
0.034184
-0.008962
-0.067486
-0.280554
0.342468
0.048384
-0.292643
-0.079348
-0.076042
0.325990
-0.026206
0.028279
-0.034694
0.204916
0.140212
0.116523
-0.189372
-0.225662
0.055920
-0.196234
-0.236240
-0.123993
-0.152519
-0.053427
-0.199986
-0.033099
0.031252
0.083581
0.325049
-0.120685
-0.025905
0.234309
-0.300792
0.231927
-0.278083
0.265583
-0.295049
-0.207743
0.186252
0.056673
0.057552
-0.090562
0.132750
-0.059703
0.173150
0.288591
-0.093422
-0.166137
-0.204955
0.168332
-0.124320
0.200951
-0.297661
-0.232147
-0.219960
-0.197121
0.200597
-0.109443
-0.102268
0.316912
-0.099543
-0.277065
-0.003980
0.023589
-0.262811
-0.236168
-0.274413
0.148148
0.120599
0.014908
-0.275599
0.188862
-0.032337
-0.083999
-0.230106
0.283455
-0.109565
0.131157
-0.191392
-0.093520
-0.024920
0.043475
0.253950
-0.130308
-0.021116
0.217690
0.181309
-0.091888
-0.069286
0.089467
-0.340830
0.193543
-0.030381
-0.219146
-0.011281
-0.086896
0.328075
-0.081041
-0.108555
0.199979
0.276243
-0.260872
0.199013
0.273933
0.138707
-0.023149
0.175689
0.238759
0.221905
0.038480
0.270867
-0.271984
-0.153294
-0.027355
-0.239405
-0.145231
0.087767
0.145237
-0.169152
0.199397
-0.277131
-0.296449
0.066861
0.026544
-0.274326
-0.231825
0.326723
-0.092344
0.277109
0.167284
-0.072794
-0.264521
0.181086
0.332932
-0.330372
0.060286
-0.113685
0.094407
-0.085452
0.195398
-0.151264
-0.321223
-0.188585
-0.203165
-0.017813
-0.125648
-0.157641
-0.261720
0.175390
0.112886
0.250231
-0.347431
0.191377
-0.358767
0.106156
0.300339
0.212381
-0.174584
-0.048049
0.110075
0.300053
-0.145969
0.155043
-0.263691
-0.318373
-0.134724
-0.100298
0.353409
-0.104407
-0.146319
-0.217115
-0.024650
-0.320754
-0.209826
0.205752
0.315014
-0.221685
-0.063641
0.296515
-0.238958
-0.188613
0.271135
0.169791
0.215132
-0.290565
-0.026495
-0.284611
-0.002998
0.047283
0.265275
-0.276511
-0.112492
0.069017
-0.135829
0.010658
-0.255942
0.092527
0.162451
-0.090405
0.089728
0.025098
0.193059
0.138459
-0.012839
-0.138417
-0.159077
0.129207
0.072898
0.089080
0.282700
-0.098654
0.270718
-0.281381
-0.058513
-0.232221
0.021849
0.256236
-0.009178
0.000954
0.153051
-0.025510
-0.076712
0.047169
-0.205851
0.295407
-0.210578
0.289743
-0.191904
0.060475
0.109646
-0.242328
-0.024259
0.250789
0.042565
-0.171553
0.246176
-0.286132
-0.170194
0.109489
-0.078308
0.121993
0.253345
-0.130047
-0.316232
0.137440
0.209843
0.306730
-0.224592
-0.133131
0.062757
-0.333558
-0.164524
-0.335413
-0.001933
-0.292152
-0.056248
0.032390
-0.193105
0.310712
0.002474
0.101887
-0.005239
-0.054531
0.283520
-0.291496
-0.081613
0.131791
0.081565
0.030745
-0.236981
-0.008262
-0.101452
-0.154392
-0.134727
0.194392
-0.301675
0.221647
-0.274837
0.087009
0.042786
0.143340
-0.081376
0.095417
-0.326846
-0.101626
-0.124430
-0.196752
-0.361512
0.120033
-0.236883
0.006465
-0.310995
-0.339729
-0.361441
-0.018803
-0.248949
-0.042256
-0.125299
0.023732
0.204244
-0.130807
-0.004573
0.301483
0.308318
-0.086030
-0.222947
0.166515
-0.092939
-0.131491
-0.192425
0.163927
-0.037349
0.052429
-0.265620
0.092112
0.089646
0.146563
-0.194371
0.214532
-0.201829
-0.003253
0.252533
-0.149279
-0.049938
-0.157615
0.077556
-0.328836
0.016809
0.121024
0.224033
0.037870
0.134955
0.319123
-0.207664
-0.044482
-0.013387
-0.276445
0.237145
-0.097933
0.173540
0.345223
0.196452
0.065729
-0.144878
0.130574
0.053384
-0.328453
0.297163
-0.221583
0.235052
-0.341991
0.318413
0.201372
0.313949
0.024273
0.013711
0.290552
-0.286699
-0.080134
0.303401
0.308463
0.221835
0.118607
0.091882
0.168610
0.168866
-0.073085
-0.184905
-0.229868
-0.200999
0.165788
0.273906
0.040276
-0.086647
-0.267112
0.289340
0.181243
-0.142780
-0.136834
0.241165
0.170300
0.243560
-0.188283
-0.326605
0.351194
0.025608
0.176400
0.238742
-0.092360
-0.014434
-0.252260
-0.220336
-0.285032
0.027616
-0.029229
-0.184751
-0.145357
-0.241328
0.185300
-0.235742
-0.269324
-0.064393
-0.263284
-0.236080
0.224907
-0.300940
-0.234101
0.260973
-0.130321
0.280017
-0.164263
0.082370
-0.117614
-0.347831
0.224122
0.240370
0.023277
0.185627
0.276531
0.182762
0.090444
0.166527
0.030397
-0.154301
-0.016181
0.281775
0.296110
0.131637
0.299115
-0.262086
-0.112966
0.242341
0.167561
-0.076109
0.064082
0.120497
0.298156
-0.068909
-0.232298
-0.205898
0.205648
0.162390
-0.306686
-0.266477
0.261520
0.142257
-0.138232
-0.197143
-0.217264
0.023268
0.005771
-0.067478
-0.187962
0.063844
-0.228376
-0.114838
0.010356
0.291740
0.279490
0.251815
-0.234084
-0.175865
-0.158499
0.333238
0.327333
0.174535
-0.136945
0.003861
0.299555
-0.070864
0.074001
-0.167018
-0.204892
0.250392
0.096754
-0.197302
-0.191960
-0.244948
-0.004162
-0.074546
0.023372
0.176776
-0.122299
0.254926
0.066107
-0.192121
0.259430
-0.189917
0.032035
-0.306360
0.117525
0.212467
-0.024686
-0.021762
0.261892
0.000834
-0.287788
0.021307
0.114589
-0.031582
-0.204356
0.169589
0.221897
0.198426
-0.286871
-0.183561
0.133293
0.297091
-0.059819
0.101602
-0.194679
0.170740
0.168942
-0.204864
0.043016
0.143551
0.345514
0.128190
-0.160100
0.273872
0.186131
-0.103208
0.121786
-0.038691
-0.293344
0.324763
-0.148397
-0.143217
-0.058166
-0.038660
0.199073
-0.013030
-0.313120
0.314867
-0.241260
-0.106860
0.169803
-0.298787
-0.295877
0.141042
-0.176364
-0.226854
-0.090876
0.142456
-0.279607
-0.108965
-0.268111
-0.173445
0.012339
-0.158933
0.014649
0.265922
0.040684
0.180742
-0.155109
-0.187918
0.074790
-0.174296
0.098348
0.224341
0.079131
-0.145486
-0.034980
0.240544
-0.119517
0.030007
-0.182306
-0.187687
-0.117189
-0.299588
-0.284191
0.130961
0.128885
0.058216
-0.057066
-0.017248
0.055002
-0.240922
-0.256788
0.213544
-0.272012
-0.275326
-0.126550
-0.273229
0.200086
0.091883
0.025346
0.155013
-0.242073
-0.168733
-0.161725
-0.149403
0.179492
-0.213195
0.159856
0.071792
-0.297016
0.274689
-0.153332
0.265157
0.013157
0.216277
0.181432
0.245897
0.015288
-0.120275
0.241219
-0.192987
0.270286
-0.007929
0.102091
-0.276375
-0.339050
-0.276090
0.068997
0.183753
0.276602
0.120387
0.336379
-0.095990
-0.225710
-0.168090
0.042319
-0.196201
0.306265
0.228006
0.066674
-0.144913
0.216614
-0.203917
0.089408
-0.238199
0.296469
-0.054149
-0.125106
0.000243
-0.182724
0.102490
-0.232193
0.134901
-0.207181
-0.057359
0.113426
-0.034315
-0.340889
-0.133818
-0.230546
0.309771
-0.213394
-0.246096
0.024521
0.034710
0.132624
0.264365
0.258468
0.107892
0.016422
0.260260
0.257163
-0.034370
0.050903
-0.107980
-0.202164
-0.023213
-0.242628
0.166038
0.013063
0.289274
-0.193388
-0.140919
-0.012196
-0.134329
0.168183
-0.198914
-0.052098
0.123168
-0.239872
0.041083
0.201469
-0.071670
0.236864
0.187342
0.208395
-0.155721
0.161628
-0.244165
-0.131652
-0.274051
-0.103971
-0.154265
-0.100961
0.094971
0.316024
0.145704
0.021087
0.080022
0.264313
-0.129078
-0.090775
0.077793
-0.100542
-0.215404
0.200281
-0.054070
-0.219915
0.240780
-0.184592
0.003896
0.284646
-0.286869
0.291003
0.028935
-0.040569
-0.231696
0.107776
0.214103
0.005214
-0.029530
-0.045261
0.260918
-0.021375
-0.295069
0.261457
0.088870
-0.193342
0.147267
-0.170060
-0.139799
0.317493
-0.306332
0.146404
-0.015741
-0.167355
0.102085
-0.171455
-0.225562
0.156477
0.284486
-0.082755
-0.175909
0.122452
0.054028
0.173690
-0.012446
-0.237680
-0.286369
-0.148750
-0.172868
0.001705
0.243351
-0.087619
-0.011440
0.172340
-0.143053
-0.023285
0.067452
-0.222338
-0.237122
-0.068499
-0.075983
-0.045540
-0.027894
0.016328
-0.218051
-0.175814
-0.188374
0.126987
0.138232
0.301666
-0.219714
-0.123376
0.043550
0.079402
0.197590
-0.009985
-0.223044
0.297766
-0.273071
-0.215343
-0.241708
0.000414
0.294580
0.095636
0.249714
0.208574
0.233158
-0.099391
0.037392
0.050288
0.324157
-0.224192
0.270034
0.071427
0.129517
-0.295189
0.300064
-0.044018
-0.324609
0.051179
0.003927
-0.238504
-0.157706
0.085932
-0.127070
-0.257396
-0.075980
-0.122486
-0.133120
0.215477
0.271108
0.215599
0.217252
0.137278
-0.073560
-0.182588
0.064287
0.048734
0.305629
0.252037
0.053985
0.249739
0.147770
0.198719
-0.204944
-0.247152
-0.069000
-0.288566
-0.076806
0.022769
-0.012453
0.088352
0.105251
-0.136823
0.197515
0.072581
-0.071334
0.297218
0.296774
0.273427
0.032117
0.152764
0.115360
0.008365
0.086170
0.138088
-0.053139
-0.060063
0.054897
-0.263183
-0.285891
-0.339728
-0.187034
-0.151894
-0.145794
-0.077817
0.283942
0.214813
-0.075859
-0.125313
0.239939
0.188413
-0.222167
0.065046
-0.091798
0.043359
0.211789
0.230953
-0.150119
-0.009413
-0.087355
0.249437
0.157024
0.060918
0.268437
0.042122
0.183941
0.042238
-0.082456
0.198682
-0.114394
-0.165557
0.068259
0.256416
0.029130
-0.055040
-0.371287
-0.279350
0.148986
-0.247373
0.149219
-0.264666
0.031075
0.134189
0.075512
-0.321040
0.147224
-0.134278
-0.094900
-0.260679
-0.013823
0.122007
-0.189085
-0.289829
0.275737
-0.009384
-0.255742
0.107637
0.007676
0.031050
0.141594
0.167726
-0.208930
-0.020993
0.194053
0.134898
0.064318
0.001573
-0.107017
0.113592
0.017387
0.043544
0.224536
0.005650
-0.116891
0.130638
-0.096413
-0.123600
0.144143
-0.042379
0.336833
0.252905
-0.248144
0.358166
0.288834
0.320851
-0.293498
-0.287827
-0.212146
-0.285286
0.361022
-0.203022
0.008038
-0.072287
-0.204999
-0.296637
0.199693
0.287771
0.259059
0.017979
-0.141365
0.207565
0.076153
0.199441
-0.306076
0.309816
-0.050396
0.004077
0.174457
0.139480
-0.261190
-0.006468
0.278305
-0.171191
0.259749
0.164636
-0.125528
-0.151592
-0.237707
-0.070806
-0.084340
0.239436
-0.074483
-0.162889
0.247927
0.168574
-0.063596
-0.138511
0.106894
0.229074
-0.154334
0.149526
0.177432
0.116061
-0.009595
0.030513
-0.190165
0.183583
0.161254
-0.157917
-0.115515
-0.036803
-0.082022
0.198920
-0.244239
-0.022500
0.197026
0.237527
-0.209215
-0.348490
-0.145672
-0.015076
0.163850
0.290107
0.205259
-0.297069
0.141962
0.086477
0.228502
0.245848
-0.306005
-0.051536
-0.053163
0.047422
-0.257323
0.089615
0.233668
-0.052539
0.287096
0.260316
-0.003666
-0.157458
0.122111
-0.284540
0.035699
-0.241738
-0.047717
-0.291779
-0.084835
0.338966
0.019043
-0.263656
0.224402
0.049967
-0.032148
-0.129684
0.166791
0.192150
-0.228954
-0.223603
-0.179744
-0.074896
0.168792
0.055595
-0.074692
-0.193097
0.210677
-0.027483
0.193515
-0.052963
-0.187275
-0.150853
0.289821
-0.282187
-0.028742
-0.167252
-0.041704
0.065782
-0.235404
0.341681
0.030631
-0.061655
0.054394
0.198198
-0.197571
0.028586
0.043194
0.177019
-0.063696
-0.319692
-0.162070
0.170679
-0.217844
-0.081464
-0.033957
0.025643
0.215059
-0.108360
0.206331
-0.034808
-0.286565
-0.127362
-0.004177
-0.156882
0.066703
0.143924
0.345349
0.015486
0.079068
0.026336
0.282204
0.237901
0.229717
-0.048027
-0.132619
-0.273142
-0.127785
0.090730
-0.161319
-0.093607
-0.122285
-0.230407
-0.203545
0.239368
-0.218953
0.017137
-0.234494
0.119482
0.087137
-0.193395
-0.043084
-0.356611
0.239572
-0.302340
-0.234911
0.052099
-0.227124
-0.255405
0.163637
0.013361
-0.067213
-0.289603
-0.012423
0.125920
-0.143867
0.039523
-0.218964
0.350627
0.022404
-0.097856
-0.227798
0.140027
-0.207633
-0.094899
-0.147261
-0.230727
0.099993
0.012174
-0.076900
0.112354
0.198131
-0.058192
0.000566
-0.228421
0.280362
0.069842
-0.176460
0.137104
0.119672
0.317724
0.029905
0.247828
-0.207822
0.149663
-0.273624
0.236461
-0.133497
0.288790
-0.034016
0.058981
-0.316834
0.044275
0.002068
0.013528
0.127116
-0.159329
-0.197988
-0.307137
-0.001469
-0.012584
0.196001
-0.118702
0.241013
-0.268153
0.072792
0.126476
-0.151774
0.026734
-0.324814
-0.028988
0.167579
0.190145
0.327065
0.190934
-0.049266
-0.003537
0.175785
0.085757
0.291655
0.085313
0.282964
-0.119976
0.227999
-0.140766
-0.330011
0.013148
0.139972
-0.180470
0.136654
-0.247124
-0.143775
-0.061484
-0.135805
-0.003180
-0.026290
0.004929
0.032443
-0.013024
-0.205329
-0.072546
0.335442
0.169518
-0.276154
0.060413
-0.155533
0.193280
-0.289515
-0.135812
-0.172773
0.123171
0.222148
0.072615
-0.210390
0.016010
0.054586
0.212791
-0.319621
-0.073241
0.072829
-0.288880
0.194721
-0.286948
-0.296851
-0.319771
-0.182450
0.143967
-0.070392
0.133669
-0.033890
-0.156988
0.150114
-0.258751
0.008780
-0.078118
0.160978
-0.305383
-0.096995
0.146967
0.039579
0.189477
-0.328475
0.139462
-0.211071
-0.020280
-0.160415
0.011850
-0.030768
0.123672
-0.013900
0.250468
0.038165
0.296146
0.138493
-0.111279
-0.245341
-0.097736
-0.248265
0.022980
0.319047
-0.174070
-0.196436
-0.258840
0.003673
0.357251
-0.056043
0.164459
0.246291
0.227158
0.235171
-0.081896
-0.025623
0.054121
-0.312632
0.234934
0.204526
-0.199552
0.278945
0.192248
0.051519
0.120764
0.176515
0.032985
-0.253474
-0.170402
0.075437
0.118811
0.295259
-0.304322
-0.194922
-0.091730
0.269639
-0.282137
0.196955
0.163239
-0.110549
0.126624
0.284368
-0.290902
0.004727
-0.094223
0.208486
0.070853
0.078502
0.219216
-0.147958
-0.289877
-0.133475
-0.191800
-0.093926
0.164905
-0.006862
-0.139501
0.181509
-0.101135
-0.014029
-0.340552
0.191628
0.018671
-0.289481
0.230048
-0.249576
0.064897
-0.108899
0.185226
0.100111
0.209141
0.064637
0.123302
-0.241221
-0.201086
-0.165257
0.115128
-0.192496
-0.300598
-0.194507
0.022777
0.079748
-0.249809
-0.096444
-0.292130
0.263289
-0.075113
-0.193958
-0.075253
-0.121617
-0.167032
-0.026358
-0.144847
0.057229
-0.246290
0.234396
-0.134919
0.203158
-0.305448
-0.174176
-0.099292
0.136335
0.126917
0.057760
-0.130165
0.095129
0.271345
0.186273
-0.237324
0.227991
-0.124112
0.216682
0.086041
-0.219398
-0.095819
-0.041671
0.047446
0.294965
0.312952
-0.242600
0.064621
-0.313237
0.183667
-0.272904
0.217213
0.044276
-0.320000
-0.117476
-0.119506
-0.072201
-0.059984
-0.017321
0.124100
-0.231472
-0.278678
0.283120
-0.020082
0.065128
0.159885
-0.238687
-0.243864
0.014251
0.127761
-0.210608
-0.124877
-0.336300
-0.167925
-0.164599
0.126362
-0.005799
0.229380
0.208635
-0.209133
0.126961
-0.218388
0.126271
0.087006
0.259079
-0.216192
0.322289
-0.202688
0.111587
0.233701
0.293678
-0.193816
0.283684
-0.215793
-0.177374
0.280225
-0.090993
0.001399
0.015048
-0.216343
0.199074
0.144431
-0.167795
0.322348
-0.192332
-0.277930
-0.034321
-0.272660
0.065577
0.008118
-0.303673
-0.296605
0.122330
-0.102030
0.156795
-0.147547
-0.105383
-0.233525
-0.159942
-0.277968
-0.048430
0.189144
-0.290784
-0.100272
0.120780
0.188791
0.098368
0.002363
-0.131237
-0.064013
0.090394
0.274433
-0.146694
-0.083087
0.208530
-0.165181
0.129629
0.205811
-0.083782
0.282825
-0.035561
0.099557
-0.044921
-0.234657
-0.114052
-0.205278
-0.038227
0.167374
-0.137817
0.319896
-0.037221
-0.053264
-0.291355
0.069891
0.112600
-0.279755
-0.141143
0.260584
0.000288
0.146630
0.193685
0.009356
0.197708
-0.056936
-0.088286
-0.108929
-0.216123
0.108372
0.040720
-0.091814
-0.200069
0.158478
0.149118
-0.156799
-0.314620
0.281578
0.094715
0.241460
-0.028663
0.233442
0.143795
0.150549
-0.029379
0.106125
0.151210
0.170238
0.241686
0.255408
0.158901
-0.204148
0.094004
0.234311
-0.047444
-0.252687
0.294129
-0.284736
0.343317
0.019063
-0.090290
0.077822
-0.016027
-0.027956
0.303894
0.334910
0.015708
-0.130855
-0.032207
0.273149
0.095293
-0.226335
-0.081184
-0.379135
-0.278740
-0.170686
-0.140570
0.047808
-0.162992
0.036500
0.143181
0.007803
0.223265
-0.335994
-0.001108
-0.030876
0.088040
-0.245183
-0.009999
0.028059
-0.018575
-0.166116
-0.148222
-0.219936
0.273231
-0.209214
0.264848
-0.109826
-0.247545
-0.102910
0.197265
-0.073666
-0.006294
0.043888
-0.216197
0.148499
0.298900
0.227076
-0.042047
-0.078127
-0.092837
-0.161906
-0.114202
-0.122120
0.307638
0.005878
0.197589
-0.079680
0.241820
0.096747
0.118509
-0.196307
-0.309957
0.066423
-0.176609
-0.011461
-0.179574
-0.170334
0.175692
-0.294680
0.066889
-0.219092
-0.209914
-0.043198
-0.100151
0.303016
0.120805
0.049651
0.188407
-0.084812
0.016635
-0.297356
0.275898
-0.055584
-0.218261
0.084853
0.356712
0.128956
0.030305
-0.221438
0.164653
-0.018929
0.057013
0.001527
0.145077
0.227478
0.254938
-0.099301
-0.066096
0.194814
-0.316400
-0.152585
-0.327249
-0.266113
0.189444
-0.137958
0.040301
-0.341551
0.236259
0.181282
-0.211288
0.103667
0.072572
0.168120
-0.118047
0.085156
-0.299293
-0.251854
-0.196242
-0.252524
-0.288049
-0.279392
0.121363
0.066302
0.116135
0.155655
-0.042848
0.081372
0.042012
-0.206171
-0.295472
0.156654
-0.207980
0.014555
-0.073668
0.182116
-0.256749
0.120390
0.042254
-0.118887
0.068212
0.110494
0.261403
-0.296298
0.312479
0.077557
0.034722
0.346685
-0.316691
-0.150455
0.246308
0.150977
-0.308431
-0.300302
-0.138868
0.164581
0.244725
0.230004
-0.038440
0.122505
-0.117004
-0.207996
0.340645
-0.101275
0.120775
-0.000314
0.219583
-0.339559
-0.086888
-0.284903
0.233579
0.051342
-0.166641
-0.244034
0.164581
-0.023119
0.016058
-0.287870
-0.104546
0.050169
-0.245494
0.032369
0.038653
0.119449
-0.342850
-0.252854
0.243351
0.133575
-0.226735
-0.010682
-0.170217
0.312002
-0.134597
0.301619
0.134282
-0.004484
-0.286407
-0.009582
0.155467
0.205979
-0.108987
-0.100717
0.278145
-0.014347
0.172606
0.078508
-0.035665
0.018891
0.021378
-0.066453
-0.293927
0.009433
0.001807
-0.266811
0.203219
-0.073618
-0.273967
-0.133637
-0.200815
0.114185
-0.018223
-0.025483
-0.159832
-0.156338
-0.116271
-0.222552
0.230187
0.066329
0.107509
-0.189178
0.170269
-0.077158
-0.082593
-0.269340
0.003217
-0.212171
0.300328
0.245387
-0.241807
0.201398
-0.061614
-0.265356
-0.328818
0.141721
-0.238440
0.234922
-0.111284
-0.189354
0.077666
0.145547
0.235616
-0.190753
-0.038085
-0.212606
-0.199868
-0.020035
-0.269679
0.334550
-0.033541
0.158499
0.294551
-0.106982
0.254933
0.274692
-0.059390
-0.041342
0.033406
-0.216750
-0.105480
-0.332335
-0.023687
-0.230918
-0.138300
0.075639
0.135865
-0.039137
-0.279487
-0.149206
0.149712
-0.062555
-0.152135
0.266282
-0.271453
0.033845
-0.106260
0.120576
-0.044516
0.062289
-0.034426
0.181295
0.174282
-0.052998
-0.002375
0.125772
-0.067361
0.152097
0.233705
0.068374
0.020332
-0.046609
0.036759
-0.101454
0.225995
-0.164861
-0.109288
-0.069990
0.003518
-0.140454
0.082428
0.312488
0.045972
-0.036444
0.170858
0.243377
-0.019689
0.165565
0.172152
-0.169322
0.109966
0.202349
-0.056379
-0.188288
0.208220
0.280006
0.202648
0.212588
-0.029373
-0.089543
-0.103592
0.022744
-0.233669
-0.261311
-0.289117
-0.186238
-0.242781
-0.263257
0.232588
-0.187377
-0.233003
0.116588
0.275400
0.272475
-0.303253
0.320898
-0.120659
-0.023722
0.050216
-0.256849
-0.141259
-0.167760
-0.036566
-0.189490
-0.309641
-0.194190
0.025883
0.327388
-0.082672
-0.091478
-0.214790
-0.021037
0.062431
0.288546
0.081281
-0.233718
0.236056
-0.096519
-0.178639
0.082765
0.053406
-0.070145
-0.311231
-0.069049
0.273004
-0.285836
-0.284643
-0.256827
0.047995
0.300369
-0.206526
0.120171
-0.046498
0.175278
-0.285498
0.255601
-0.130693
-0.080418
0.190521
0.134491
-0.138853
-0.153133
-0.017011
-0.293881
0.253635
0.034860
0.039037
0.260655
-0.132003
-0.291572
0.049785
-0.209232
-0.213094
0.207104
0.086657
-0.259894
0.221006
0.048213
0.112618
0.103568
-0.239404
0.111186
0.152332
-0.048979
0.063602
-0.004570
0.168143
0.272937
0.170021
-0.096335
0.131153
-0.239403
0.078872
-0.017687
0.164815
0.117559
-0.302131
-0.288510
0.081101
0.138617
-0.394922
-0.059005
-0.222115
0.149324
0.275888
-0.265933
-0.068470
-0.129742
-0.130720
0.152635
0.009361
-0.293026
-0.031601
0.025458
0.133866
0.315991
-0.106719
0.157325
-0.126298
0.010570
0.245699
-0.045849
-0.093450
0.219582
0.191826
0.015690
0.220188
-0.308177
-0.119970
-0.036194
-0.103000
0.263985
0.089016
-0.204973
-0.167304
-0.064685
0.079554
0.276331
0.137678
-0.101719
-0.020595
-0.082220
0.130765
0.097310
0.106457
0.200898
-0.063018
-0.205647
-0.010287
0.078389
0.040669
0.320136
0.052116
0.233706
-0.139183
0.328120
0.123164
0.197161
-0.211945
0.025982
-0.083066
0.066011
-0.003087
0.195993
-0.194537
-0.231460
0.334806
0.067627
0.292179
0.251240
-0.225844
0.044917
0.124414
0.233930
0.061645
-0.207223
-0.153722
-0.270193
0.065976
-0.206646
-0.137380
-0.182177
-0.184518
-0.075779
-0.015572
0.182452
-0.146161
0.270532
0.070853
0.351144
0.191822
0.124854
0.019017
-0.084742
-0.062109
-0.285584
0.184450
-0.070761
-0.082865
-0.243994
-0.121273
-0.161413
-0.211970
-0.289947
0.003751
-0.202337
-0.286814
0.182297
0.303782
-0.250432
0.228246
-0.190077
0.011595
-0.062609
0.271810
0.136207
-0.126340
-0.287501
-0.139149
-0.122165
0.041777
-0.209617
0.312328
-0.198138
-0.232305
-0.206348
-0.202213
-0.071814
0.066368
0.119163
-0.181025
0.147102
-0.184946
0.041632
0.081476
0.146697
-0.192805
0.012128
-0.139776
-0.192259
-0.309771
0.121668
0.097352
0.272898
-0.169308
-0.275799
-0.205555
0.133679
0.264231
-0.191254
-0.159730
0.286416
0.273377
-0.151934
0.182628
-0.079067
-0.222093
-0.038921
-0.241577
-0.008553
0.123889
-0.379626
0.226621
-0.272061
-0.013819
-0.065320
0.141225
0.318987
-0.315212
0.273362
0.203088
-0.252322
0.170433
0.296811
-0.227626
-0.158691
-0.211180
-0.288756
0.060548
0.213407
0.265230
-0.304341
-0.190351
-0.137517
-0.271851
0.073505
-0.220552
0.208856
0.195413
-0.181552
0.137697
0.132105
0.159113
-0.065375
-0.038785
-0.047888
0.021153
0.122426
-0.272261
-0.022407
0.137638
-0.268504
0.060183
0.258941
0.097698
-0.208665
0.169502
-0.066154
-0.002093
0.086900
-0.290639
0.226114
-0.150865
0.198121
0.221442
0.250238
0.082131
0.304920
-0.262321
0.169308
0.207260
-0.281564
0.041881
0.098123
0.206082
-0.189848
-0.163972
0.084792
-0.179901
-0.286827
0.264099
-0.129198
0.288921
-0.014522
-0.028225
0.139205
-0.192496
0.106540
-0.025684
-0.219011
0.116112
-0.191148
0.167036
0.307953
0.280356
-0.143865
-0.024316
-0.080095
0.309100
0.151795
-0.209985
0.183329
-0.290341
-0.000573
0.061526
-0.035426
-0.029078
-0.097551
-0.001818
0.247168
0.137320
0.194697
0.045102
-0.257247
-0.179472
-0.047171
0.065518
0.176998
-0.261352
-0.073870
0.224542
0.176749
-0.279362
0.108761
-0.021641
0.124741
0.318641
0.176669
0.205545
-0.127452
0.205694
-0.281567
0.317194
-0.200394
0.056108
-0.021470
0.075674
-0.011123
-0.334097
-0.062869
0.140315
-0.303707
0.074781
-0.339139
0.151200
-0.156016
-0.117462
-0.024138
-0.003727
-0.316000
-0.260327
-0.052815
0.010474
0.334081
-0.258039
-0.107413
0.138718
-0.086480
0.079618
-0.027923
0.230672
0.273961
-0.202040
-0.306686
0.163802
-0.289632
0.107165
-0.111290
-0.090019
-0.159210
0.253706
0.200928
-0.242018
-0.276542
0.133060
-0.143348
-0.103806
0.132309
0.249093
-0.310096
-0.213073
-0.246257
-0.063519
-0.142926
-0.189173
0.209179
-0.182343
-0.107523
0.023395
-0.017846
0.254296
-0.250512
0.019213
-0.027855
0.238065
-0.256079
-0.081088
-0.293261
0.118892
-0.324214
0.228698
0.123877
-0.297938
0.007921
-0.028478
-0.001044
0.181375
0.089914
-0.181841
0.066695
-0.181967
-0.047225
0.201245
0.000949
0.025881
-0.003547
-0.155798
-0.090709
-0.149185
-0.013565
0.029785
0.091494
0.073758
0.117353
-0.177458
-0.076780
-0.246711
0.317050
0.159766
-0.110436
-0.154036
-0.067829
0.065151
0.135217
-0.186418
0.166921
-0.209254
0.295054
-0.160003
0.254837
-0.001655
-0.283485
0.013441
0.159611
0.121643
-0.015696
-0.126189
0.007574
0.273589
0.151599
-0.188301
-0.247205
-0.201623
0.210439
0.339653
0.305188
0.201908
-0.319423
0.222155
-0.104092
0.227263
-0.304892
-0.284590
0.110220
-0.249929
0.060357
-0.026336
0.315793
0.018973
-0.225815
-0.172147
0.188666
-0.207566
-0.112585
-0.103743
-0.338680
0.321042
-0.072335
0.093829
-0.015283
-0.237708
-0.153899
-0.066851
-0.186530
-0.234732
-0.166178
0.090947
-0.242865
0.180080
-0.010724
-0.183367
-0.014668
0.110123
0.004882
-0.281597
0.088447
0.185711
0.267629
-0.209940
0.084824
-0.261836
0.080319
0.018564
-0.047171
-0.195075
0.276573
-0.090263
-0.278735
-0.019937
0.145994
-0.233180
0.235389
0.005295
0.145122
0.195328
0.025242
0.226322
0.131720
0.187426
-0.134511
-0.105367
0.082971
-0.111084
0.224316
-0.157137
-0.206105
0.003804
0.157317
0.141880
0.145324
0.065266
0.147945
0.351817
-0.164582
-0.089537
-0.282275
-0.180862
-0.270078
0.137691
0.192931
-0.275911
-0.177897
0.000046
0.274910
-0.194868
-0.137177
-0.068911
0.307120
-0.261860
-0.128307
-0.048319
0.219919
0.158644
-0.109257
-0.023803
-0.289309
-0.039950
-0.277439
-0.220751
0.142484
-0.140067
-0.058965
0.124206
0.286863
0.133375
-0.012570
-0.208035
-0.216421
-0.037933
-0.204975
-0.118665
0.171331
-0.269439
-0.195196
0.292963
-0.190601
-0.228134
0.276713
-0.082139
-0.035130
0.219935
0.310181
-0.125607
0.084144
0.043349
0.019059
-0.255895
-0.282884
-0.156850
-0.200405
0.218269
0.277404
0.111675
0.251341
-0.149972
-0.210670
0.330751
-0.168814
0.051208
0.000400
0.017201
-0.221167
-0.180359
0.178095
-0.067496
0.213070
-0.018197
0.010557
0.090028
-0.149809
-0.185776
0.080505
0.001228
0.204584
-0.224039
0.231958
0.265980
-0.183955
-0.035388
0.000144
-0.299563
-0.190247
0.174244
0.203270
0.128704
-0.035427
0.267170
-0.092876
-0.107919
-0.089116
0.064592
-0.204645
-0.006341
-0.207947
-0.058064
-0.123177
0.296882
0.035845
0.184045
0.084374
0.283569
-0.297049
0.012455
-0.020723
-0.067428
0.139813
0.181936
0.036146
-0.107477
-0.072631
-0.239797
0.304642
0.045975
-0.132465
-0.205406
0.225032
0.085273
0.282909
-0.251232
0.084437
0.146738
-0.091894
0.038951
0.183003
0.170090
-0.196337
-0.054355
-0.298885
-0.305004
0.057811
-0.104249
0.191585
-0.130300
-0.195397
0.056805
-0.200322
-0.209581
-0.217969
-0.078493
-0.052919
0.265031
0.034257
0.022134
0.116998
-0.220598
0.314525
-0.057307
0.117533
-0.114799
0.011451
0.052028
-0.242554
-0.230545
0.097074
-0.000557
-0.140668
0.013483
0.275906
-0.357464
0.211756
-0.043427
0.142743
-0.220729
0.151459
0.248651
0.192576
-0.067020
-0.013843
0.244575
0.205091
-0.181307
-0.305361
0.050263
0.283421
-0.025997
-0.247574
-0.038330
0.106780
-0.068091
-0.227861
0.078619
0.088924
0.189079
0.065204
-0.316706
-0.014982
-0.173853
0.286841
-0.180537
-0.221355
-0.015650
-0.158015
-0.217658
0.317675
0.216280
0.170648
0.059071
-0.025391
-0.154630
-0.251323
0.094250
0.072564
-0.017116
0.030716
0.232512
0.091510
-0.238764
0.147465
0.096885
-0.183328
-0.103940
-0.177531
0.052963
0.242095
0.265213
-0.113366
-0.103664
-0.249054
0.259642
-0.145465
-0.304942
0.015575
0.096771
0.062839
-0.247785
-0.243965
0.242022
0.236191
0.088658
-0.152340
-0.156742
-0.063939
-0.275346
0.032422
-0.034487
-0.143310
0.075880
0.274023
0.232820
-0.207788
0.184472
-0.008577
-0.050861
-0.091949
0.094104
0.279689
-0.222142
-0.182244
-0.115334
-0.181008
0.195438
-0.093088
0.000276
-0.357966
0.035508
0.290258
-0.030231
-0.290650
-0.245977
0.085040
-0.256797
0.058361
-0.298517
-0.241209
-0.263456
-0.153432
-0.090388
-0.240407
-0.220404
-0.028975
0.233999
-0.155782
0.099698
-0.060971
0.200633
0.119955
-0.008335
-0.237106
-0.032522
-0.192822
0.108860
-0.084169
-0.211208
-0.210190
-0.078052
0.142090
0.054156
0.053366
-0.300640
0.070203
-0.223783
-0.206576
0.065028
-0.165227
0.147760
0.003767
0.226125
-0.119150
-0.039864
0.334943
0.227320
0.159296
-0.252453
0.067075
0.260501
0.261187
-0.208502
0.336735
0.112655
0.342225
0.165579
0.095585
0.186225
-0.014318
-0.325360
-0.165507
0.053952
-0.342001
-0.041681
0.031374
0.311165
0.216118
-0.224099
0.107410
-0.143648
0.066152
0.238481
-0.202886
-0.263443
0.145882
-0.093748
-0.201366
-0.090553
0.174411
0.268097
0.268573
-0.123668
0.033587
0.223893
-0.029387
0.177286
-0.303142
0.110184
-0.071708
0.290898
0.025131
0.194159
-0.251735
-0.252944
-0.326500
-0.181528
0.227483
-0.012750
0.064784
0.099038
-0.200383
-0.138107
-0.023098
0.032619
0.233632
0.285809
0.228537
0.229699
0.315430
0.068671
0.221062
0.288951
0.157732
-0.169912
-0.293093
-0.313538
-0.180357
-0.029550
0.201558
0.140954
-0.285666
0.108473
-0.200857
0.078755
0.081178
-0.273073
-0.143439
-0.047862
0.079652
0.307320
-0.196713
0.088605
-0.220567
0.033732
0.174392
-0.156600
-0.340544
-0.097053
0.049615
-0.144913
0.258304
0.180505
0.188620
-0.038125
-0.130934
-0.206026
-0.249779
0.309352
0.330325
-0.085151
0.133969
-0.053053
-0.317498
0.093664
0.142059
-0.135447
0.120108
-0.130543
-0.346002
0.080591
0.092553
-0.301252
0.150083
-0.316498
-0.253012
-0.188235
-0.073433
-0.059688
-0.151777
0.139418
-0.089368
0.013188
0.288257
0.085361
-0.009873
0.071498
-0.016517
0.092931
0.035318
0.169773
-0.034289
0.246360
0.328997
0.142527
0.074264
0.176433
-0.262407
-0.125227
-0.260854
0.002789
0.043191
-0.143311
-0.336113
0.166064
0.332657
-0.279496
0.212379
0.258906
0.113743
0.113782
-0.284673
0.078372
-0.127588
-0.201757
0.284932
-0.175848
0.000581
-0.084719
0.025905
-0.015959
-0.201152
0.322738
0.282863
0.208411
-0.289853
0.021678
0.313498
0.271100
-0.255978
-0.091729
-0.082354
0.293718
0.038357
-0.019482
0.262566
0.324580
-0.085828
0.112149
-0.009669
0.023294
-0.228962
-0.165929
0.183103
-0.086131
0.169313
-0.022638
0.138812
-0.215772
0.202493
0.166804
0.095951
-0.164886
0.001303
-0.024295
0.020959
-0.168365
0.041506
-0.038932
-0.207282
-0.092430
0.081339
-0.178588
-0.065776
-0.133222
0.004842
-0.201698
0.191497
-0.215596
-0.238889
0.197069
0.084463
-0.237127
0.183036
0.277755
0.174920
0.206042
0.031190
-0.264737
-0.217008
0.356397
-0.341763
0.233461
-0.239295
0.256541
0.150119
-0.064643
-0.236266
-0.083369
0.143360
-0.257241
0.337503
0.081216
0.251817
0.268089
0.166251
-0.110223
0.132985
-0.081931
-0.230076
0.210498
-0.084285
-0.075211
-0.257000
-0.168641
0.166021
0.074003
-0.001316
0.248160
-0.018422
-0.209090
0.252305
0.215171
0.061889
-0.045172
0.227646
-0.259721
0.253722
-0.177179
0.354630
-0.025577
0.133288
0.308789
-0.074232
-0.183363
-0.158488
-0.000209
-0.093210
-0.310868
0.166683
-0.044995
0.115446
-0.000802
-0.223538
0.066981
-0.150203
0.002732
0.175049
0.019500
0.100737
-0.244033
-0.069622
0.046998
0.302942
0.190591
0.169135
-0.154390
0.098788
0.202590
-0.316824
0.180308
-0.053321
-0.205276
-0.247886
0.074072
-0.013980
-0.176925
-0.168314
0.095244
-0.012782
-0.101351
-0.036787
-0.281872
0.309870
-0.006549
-0.230949
-0.191237
-0.068804
-0.211599
0.244702
-0.010001
0.150970
0.177994
0.093651
0.125884
-0.165983
0.270643
-0.025034
-0.058094
-0.088025
-0.137836
0.020916
-0.092736
0.158442
0.004350
-0.016023
0.270963
0.271142
-0.205936
-0.311524
0.048494
0.104607
-0.023715
-0.197548
-0.203812
-0.274823
0.247313
0.281639
0.137671
0.255828
-0.143769
-0.119705
-0.207905
0.262404
-0.195920
0.213420
-0.091893
-0.128725
-0.068345
0.329764
0.028257
-0.282669
-0.127022
0.052976
-0.076048
0.007750
0.140122
-0.220800
-0.219276
0.070359
0.178786
0.113633
-0.231670
-0.024794
-0.306181
0.203724
-0.340192
0.037352
0.137746
-0.134563
0.155503
-0.156137
0.157036
-0.124144
-0.287017
-0.146172
-0.146623
-0.207001
0.044716
0.026536
0.253301
0.064935
0.200319
-0.103629
0.184349
-0.120903
-0.254634
-0.154240
0.131582
0.016467
0.174638
0.185606
-0.221731
0.173365
-0.158609
-0.143613
0.027210
-0.197125
0.228486
-0.165263
0.215416
-0.030973
0.238379
-0.173398
0.309880
-0.009314
-0.065622
0.047091
0.000226
-0.226928
-0.112671
0.051899
0.175839
0.153107
-0.269249
-0.342521
0.222534
-0.306431
0.103728
-0.266660
-0.134732
0.258756
-0.166835
0.205594
-0.222916
-0.125070
0.047680
0.065074
-0.034921
0.024290
0.211827
0.110875
-0.235872
-0.306705
-0.196738
-0.016058
-0.287270
0.010397
-0.183326
0.003336
0.163350
-0.162404
-0.178160
0.017761
-0.180272
-0.060387
0.241722
0.131926
0.201335
0.252440
0.047138
0.069811
0.046258
0.086784
-0.012451
0.233577
0.251629
-0.078244
0.031062
-0.135955
0.108846
-0.068982
0.121670
0.131853
-0.003133
-0.227927
-0.057519
0.261738
0.062394
0.144586
-0.004974
-0.248285
