12.000000	0.400000	50	0.100000	ARCHIVOS_REDES\ER\ER_621.txt
0.082104	8.259612
9.714038
-9.984554
-10.205956
9.800963
9.738264
-7.429329
2.711541
7.582804
-5.263368
-1.864460
-11.999997
-5.070473
-10.939082
-0.548229
-5.672569
-10.927108
-1.699079
9.465519
-10.460714
2.298309
-10.581508
8.468907
-1.447272
-8.528151
-7.899187
10.510037
11.015631
8.594695
6.170567
-8.665611
-1.561677
8.974682
9.247568
3.415224
10.548490
-9.220291
-9.306038
3.211831
-5.484207
-9.229814
10.156335
-10.332231
7.551755
-7.162948
-10.098908
9.210474
10.452333
-0.433988
-8.037935
7.321976
-2.385209
2.655433
-9.982268
10.205135
-1.551676
-11.294184
10.201861
8.873316
10.509220
-9.253091
-9.749788
-5.085060
5.103568
9.042816
-10.134175
-8.001371
8.325022
-9.147281
0.168792
-10.577819
3.650140
10.091547
-11.999987
2.697836
10.043221
-7.091746
10.014772
10.746737
-9.879998
9.742534
-9.535520
-9.276538
10.165105
-8.782683
-7.592075
9.481486
8.442558
10.285960
10.810877
-6.626283
-5.654063
-10.136528
-10.039484
-9.638624
-6.700760
0.268889
-8.596673
9.933540
10.775102
-10.756354
-5.323861
8.528549
-10.060495
4.678967
-7.862445
-8.694923
8.312506
9.496277
9.521440
5.074637
10.551967
-3.673240
-9.351239
8.927458
10.606480
-5.028757
-10.366863
8.869318
-5.249601
-9.860578
2.816120
1.025895
-4.215223
5.088452
-7.313847
9.947545
-8.533591
0.109383
10.932536
-9.385216
10.270240
6.515466
-8.151082
2.216483
9.203741
-6.412269
-9.687451
4.197729
7.710219
-10.422423
-10.462443
11.294269
-10.169649
1.869520
-10.108118
-8.661826
7.642998
10.677558
-7.560275
-9.173921
8.590904
0.615492
7.849943
8.417175
-4.728168
8.256548
10.303281
6.945590
9.894555
5.932730
-7.912503
8.547763
-4.526351
10.864195
-10.815945
4.814304
-5.416022
-9.294080
4.451275
-7.816015
9.156670
2.990848
-6.167699
-0.722448
8.372966
8.550735
6.426228
-11.999999
7.831150
-8.839115
-6.430578
7.264793
-9.957403
-10.440246
4.264450
-8.626444
10.519938
-5.689118
0.151265
-8.619801
-7.591442
8.197226
4.235208
2.138277
5.192574
-5.185443
6.877209
10.532143
8.577253
-7.828651
6.780154
-9.733992
9.898903
-9.075777
-0.118548
-5.493009
3.452088
9.899654
-10.262924
3.125295
3.252065
-10.700382
-3.516638
-10.272376
-9.318426
-11.068888
-7.321895
-9.328174
-9.857037
-7.977945
-8.322184
-7.840864
-8.679633
-5.716096
6.449237
10.428805
-8.263086
10.106426
7.626249
-6.795886
-9.356554
-5.143886
10.067032
-4.762312
-9.190093
9.994688
-6.902356
5.351445
2.896761
-7.817373
-8.214860
6.885852
-8.729211
-5.143993
-5.485792
2.632959
-9.395926
8.018558
-7.489991
10.919010
-10.730896
9.701705
10.343770
4.645378
-9.697493
-7.503873
9.108882
-1.785736
9.203619
9.095616
-9.528992
-7.991064
9.910495
6.527807
-7.691345
12.000000
8.450796
0.067133
-8.424237
11.999815
9.038542
-11.990248
-10.812120
-4.205977
7.908572
9.729389
-8.950447
-5.446573
10.277270
-7.083538
-11.191466
-7.932362
-9.067947
10.710489
-10.533658
5.306981
-8.523812
7.933359
3.838013
-5.852302
-10.665482
-7.818127
-8.751498
7.727982
0.293148
-10.766968
-9.639551
10.396472
-7.416824
-9.376908
-10.210942
8.961689
-1.628877
-4.117870
8.018739
-1.043531
-10.233378
10.281851
10.492466
7.366809
5.083013
-6.528799
11.751199
-8.026321
8.471249
0.776386
-10.059329
6.095009
9.953822
-2.799200
-12.000000
-10.224363
6.660489
0.340956
-9.543298
6.148546
10.041775
-9.683422
-9.346699
7.597752
-8.315902
-10.963828
-7.434077
6.345533
-7.757461
-8.419718
8.670090
-9.765221
-8.906213
9.983391
-10.768141
10.357719
8.191320
-6.207384
-11.834291
-10.910647
-10.854512
3.251511
-11.999860
-6.021726
10.631418
-0.763195
-9.028179
-10.807288
8.245876
11.985948
7.791553
7.511448
9.727422
-4.782877
11.978523
-6.519038
6.689585
6.479696
-11.998332
4.192871
-9.039117
8.839521
-7.247776
-0.378614
9.141253
10.347914
-4.540385
10.459162
3.791079
4.848464
-7.458120
7.807096
0.296480
5.859178
-9.156433
4.483173
3.587119
-9.190009
-5.882155
-8.733898
-9.942854
-5.463834
-8.004211
10.281140
4.525154
3.022049
0.216733
3.581046
9.159645
6.634701
-8.282384
5.794012
-9.510503
-10.649721
-6.709703
-7.617189
6.743787
9.759184
-10.690971
9.421233
-0.304228
-10.665388
-7.786580
5.325902
-8.742526
10.986017
1.767581
7.845810
9.834741
8.444590
-9.975826
-0.311693
8.891981
-10.403715
10.469308
0.191158
-4.735853
-0.575597
2.193175
-6.083057
9.676365
5.153090
10.051733
9.994710
-7.902477
-6.664607
-0.497480
-8.675877
-9.421272
7.615264
7.667841
-9.211977
-3.952361
-8.185239
11.126714
9.872908
4.162591
6.876118
5.473565
7.590013
10.541513
8.331119
-1.102832
-10.153157
-10.265458
-9.179384
7.053141
8.991578
8.187680
-8.221771
-3.320802
8.640933
8.101952
10.115939
7.014824
10.664356
10.831266
-1.640098
7.182987
-3.357249
-7.724454
-6.011532
2.112760
7.242232
2.380529
10.434256
-11.999574
11.070298
-6.725093
7.367880
-7.110842
-3.951946
5.115634
7.091269
-5.585633
-9.810577
-9.281137
-10.778816
2.785114
-8.532234
0.190449
10.767842
9.200589
9.187820
4.597186
8.260982
5.332204
-7.535470
-9.123691
10.404444
-7.212660
8.840528
-11.997472
-5.397137
5.843990
-9.681930
4.570686
-7.625400
7.756452
8.237187
7.069255
-9.869669
-7.515757
-9.046629
-8.607210
-6.903720
-0.466903
9.757283
8.565486
-7.677132
-0.650566
5.328690
-9.870852
-10.433722
3.028313
-4.480664
7.806114
-9.981883
8.247915
-10.308665
-9.520615
-9.340176
7.416432
-7.129213
9.176577
-6.807722
-8.952642
-0.329088
-7.377549
8.853518
-10.664041
8.795756
10.325449
9.059740
0.490180
-7.158962
1.994801
2.734239
2.964456
-8.321893
7.230841
10.752204
-11.058643
-10.553842
-8.589539
-7.558429
-10.388389
-8.055780
6.241378
3.118605
8.518143
9.771730
7.733666
10.403691
-7.981605
3.934292
4.049081
-9.310569
-6.597187
-7.518806
4.156347
8.293198
4.403910
-0.034626
-10.366924
10.426236
5.129285
-9.962546
9.038310
-8.517856
10.684230
10.392396
-7.868775
5.978274
8.929754
-10.112027
9.458427
-0.151519
10.065405
7.307638
-6.641020
2.035434
-9.369553
-11.999989
9.786081
-6.832330
-9.607072
3.405955
7.515745
10.367923
8.721153
10.221874
10.904934
8.963727
4.627623
10.802069
8.529569
-7.469092
8.421648
-7.593382
10.091327
-1.361957
-0.995818
-8.920171
10.719598
7.739164
8.516718
-8.633766
10.525415
-8.332914
8.988484
8.900308
9.562594
11.523141
10.024835
-9.352058
8.876857
6.318216
-6.156097
8.789627
8.633339
10.449579
-2.078872
10.288741
-9.021603
-10.948574
-10.040780
-10.841471
9.909936
9.649414
11.999999
10.412961
-6.212088
9.988009
-9.028626
-10.732347
6.791606
-3.802368
-7.694703
9.144995
-3.235931
11.010559
7.556528
5.808663
-9.209372
9.874062
-0.013637
3.608461
-10.520505
10.220837
10.021840
-11.977303
9.693790
8.012577
-4.235888
-10.641172
7.006179
11.431436
-11.999988
-11.998556
-9.115664
9.251279
-0.257297
1.884222
8.464002
5.755802
9.878657
-8.157654
-10.282427
10.296205
-8.827729
-1.801958
11.825744
-9.083254
7.980432
0.924133
10.705394
-8.622531
5.785046
9.955358
8.192154
6.696449
-7.892535
9.398176
7.878825
11.051270
-10.357944
-1.530166
9.556658
-11.999964
0.817538
-11.992720
-7.599607
7.949978
8.262862
9.877086
9.443233
-6.565943
-9.838680
8.150486
-9.386004
8.587146
-9.910677
10.180350
6.933348
8.846529
-11.992687
8.739658
-7.423047
-8.171516
6.484586
10.762469
8.815386
10.657250
-9.130865
9.708126
8.019998
-1.266895
7.936735
7.783046
-9.462843
8.896065
5.453516
5.404017
8.411343
4.309229
-9.397880
6.356514
9.734163
9.094277
-8.566742
-2.730878
10.303143
10.627578
-10.351920
-10.059699
-7.622864
8.327472
-8.412916
10.845379
-9.625102
-3.005099
7.694619
-9.815910
9.553144
9.516803
-11.999422
4.738905
9.916724
4.893062
-8.392553
9.006421
-1.025182
-7.330926
5.226868
-8.916660
-9.907351
-10.381512
-10.237790
0.118024
10.150186
-2.746924
10.132363
10.412000
2.294943
-11.093449
-9.347007
-10.949326
11.999932
7.253402
10.531613
-10.526072
7.391028
-7.700883
-9.952063
10.752792
-7.621908
-7.606149
10.331190
-10.606289
4.598914
-10.644856
-7.306250
-9.397790
10.531587
-9.988866
10.700930
-8.305760
1.874444
-6.193176
-4.905522
7.711838
7.846596
-0.322512
10.412604
-4.319640
-7.521748
9.683702
-4.886482
-6.959292
0.012723
8.818633
9.028109
-8.476886
2.676502
10.001044
6.407462
4.241296
9.748885
-10.747898
9.268878
7.804905
-9.127162
-7.293150
-10.448350
-10.427594
-9.955672
-9.588831
7.350912
9.837142
0.252926
9.844620
-7.633153
5.478938
-10.079853
8.987333
-9.753471
9.251516
9.132535
-10.598424
8.869717
-10.022587
9.109678
8.195413
-9.964926
-6.692464
-9.714595
10.339238
10.100704
-10.028361
10.384422
9.037440
-9.470062
7.836346
3.271508
-9.624552
9.864974
-0.976735
10.510028
10.153801
5.716975
-7.693794
-7.255411
10.119271
-11.938876
10.115044
-6.312495
9.020453
-2.598051
-10.784721
9.438394
-7.776866
-8.853093
-6.973513
7.966635
7.311306
9.728560
-10.491920
4.916139
-4.741481
0.627279
-5.108614
-7.546117
-10.078394
9.428843
8.613742
-11.999988
5.626529
8.434747
-5.941204
11.321272
-10.637055
-9.792598
-9.547368
-9.720099
9.846711
9.869742
9.973628
7.299264
9.453003
10.832633
10.417334
1.189530
-9.206505
-3.880741
-8.461178
7.583676
7.149848
9.969385
2.179878
-0.411149
-4.232647
-4.476887
0.036012
-10.025177
-9.594402
10.464757
-0.804288
0.639970
-8.210360
10.752383
-6.791735
-7.680171
-7.735639
-9.760475
8.089897
-9.774346
0.037805
10.525031
-10.253278
6.489482
10.994957
8.667311
1.116564
-0.491707
-7.390638
9.647206
-0.320735
5.963579
9.813811
-9.491928
11.094438
-6.914986
-7.930556
4.921551
3.930557
-0.609968
2.299807
-10.260321
9.105445
11.175673
-10.589210
3.388770
-3.771881
-8.402368
-11.999990
8.028215
-9.635183
-9.375169
6.382368
-10.428911
-8.306823
9.899560
7.481800
8.672628
-0.303855
-10.042089
9.226667
9.914726
-8.649719
7.082469
11.218563
-11.004565
-6.947637
10.457658
-9.611204
-9.414360
7.264693
5.699899
-9.449840
10.044524
-9.586299
9.958272
10.074970
-5.239443
3.413603
-6.613823
4.482938
-10.035311
-6.916833
-9.230459
0.218363
-10.700595
-10.467971
-10.359374
7.968147
11.992159
-10.884764
8.202714
9.040188
10.808505
-2.901188
11.999550
0.764132
-10.998201
7.684158
5.553130
-8.730825
-9.603749
-8.753352
2.156672
-9.366389
5.399625
-8.007429
-6.650158
6.353472
8.444802
9.862549
-6.362263
9.509400
-0.509143
-8.957989
-3.707035
8.700478
8.269415
-9.053979
-10.578663
7.061555
4.831669
-7.451329
9.647739
-10.382455
-8.339994
2.903225
-7.951268
10.535319
-4.816699
2.445778
-4.637980
-0.301663
5.331411
4.293502
-8.999027
9.698215
11.996946
-9.468911
-10.184010
7.459871
-9.115782
9.067376
4.774219
-4.994180
-10.713052
-10.796621
-11.810212
10.173471
8.960133
-8.600112
-5.899582
10.186325
5.819852
-9.472369
5.987106
-9.038005
-7.999387
4.710182
1.308723
8.371392
10.252366
4.857654
-9.161431
-9.618696
-10.699296
-5.153897
-9.383546
9.893387
8.158176
-8.415366
-5.278112
-8.884498
-9.338574
5.733225
10.117647
9.359007
-11.005990
10.632067
10.052580
-10.952595
-8.211434
8.308846
-5.998340
-8.791590
10.083567
-10.373391
-2.189620
9.877774
-7.350693
4.825715
9.244581
-10.510366
7.771380
-9.459826
-7.013440
6.689757
-11.999644
-8.722020
6.876967
-4.083572
9.145397
10.759077
-3.567688
7.313614
10.541772
0.616682
-7.352571
10.405450
-4.138029
-10.065640
4.693619
8.804286
-9.479451
9.986090
6.796872
-8.895468
10.550428
-9.941071
8.228802
-8.598244
-11.060696
10.899320
-8.825950
5.648117
9.895842
3.109046
2.954433
-8.382279
-6.751933
-10.847657
-8.282770
8.572895
6.937036
-1.660846
-11.067953
7.240216
7.285987
4.772677
7.861134
10.142273
-2.985313
9.405220
-3.209482
5.620271
-9.962340
9.534782
-7.306637
9.411596
4.065982
-4.728153
2.678615
9.241212
-8.602404
-9.311439
-10.858111
-0.853910
7.794877
-7.619042
9.644984
-8.764318
-9.239573
-6.593295
2.865273
5.122659
-7.204691
4.416148
-5.465534
9.256380
9.082960
6.205984
-10.228147
5.247933
-9.148794
-9.108257
-8.171778
7.906359
-4.215425
-5.855478
-9.364755
-9.501454
-8.442850
-9.162858
-2.520222
-10.924900
3.003575
8.526775
6.896101
-4.352146
-5.809865
7.732235
-9.953323
-3.922684
10.147761
-8.470596
-10.276209
3.389636
-8.547883
-8.909766
-0.550735
-8.676086
-5.109976
10.281639
5.822154
6.800829
-8.624959
8.255865
-8.871891
-7.192006
-10.905397
8.661067
-10.157002
10.328394
-10.638236
-4.493939
-6.814224
-11.063885
9.751000
-11.992409
-7.005429
3.904401
8.838279
-9.823076
7.340307
9.967113
7.167569
6.408680
-1.392748
7.894414
7.348183
9.448486
-8.557390
4.604827
-7.997885
11.155667
5.639764
-7.817641
-10.355083
7.944357
8.407508
-8.675719
9.471163
8.966571
-5.713446
-8.884347
-7.051036
10.102376
7.462300
10.309494
2.578854
-7.983172
-8.633981
-3.737033
5.587794
0.475251
-2.330331
7.803184
8.245795
5.728919
4.533589
11.992780
4.658910
-8.322423
-3.666918
-10.529345
-9.874797
-9.016052
7.651541
-0.581907
-6.290303
-0.395956
-4.179376
7.628044
7.287535
10.665255
-9.496375
9.961445
-10.039697
2.188380
11.318894
9.824401
8.955733
-10.464827
-7.551803
-10.327976
-5.924043
10.802173
-0.888699
10.873694
9.665303
-9.429968
-7.657998
-7.994148
-9.044157
-10.092744
9.296708
-10.572215
6.692488
7.942876
-1.143794
-5.976920
8.069442
8.271473
5.665718
10.174035
8.333877
7.871310
-9.916274
10.912914
-10.273598
-7.148827
9.510230
-10.696350
11.035484
9.113946
11.609907
9.942118
-9.485086
-9.162431
-10.235838
8.232052
10.100976
11.999999
9.289417
-9.987675
9.761745
4.187860
11.281346
10.105818
-9.559067
-7.736576
7.343670
-7.705659
-8.269824
9.516320
-4.967311
9.726590
-0.633462
10.413161
10.526261
7.829180
-9.472440
2.962668
8.089430
-9.703275
-9.565496
-9.330298
9.295972
8.073610
-9.294572
10.253175
-7.430843
-9.991155
11.059993
-0.128276
-9.924988
-5.773118
9.810660
6.228609
10.507698
-9.100626
-9.230668
-8.742420
-8.609170
4.971434
-7.643243
9.707164
-10.509389
5.878031
-9.830256
-1.053183
-10.518532
-9.760891
6.408275
8.411942
-9.647998
-10.666449
11.170171
11.947924
10.686434
5.960477
10.433152
-5.457543
7.879711
6.667179
-8.004757
0.264036
-9.442574
10.563648
-9.177122
10.082059
9.487917
-9.541799
10.921314
3.854893
8.515735
-9.241745
-7.990233
10.161947
8.910368
-10.187829
-7.387001
-10.793688
5.673213
11.999512
-10.139368
6.880363
-10.818589
9.469742
0.579405
-2.379359
-5.553572
9.296803
6.814466
11.999912
3.916873
-6.236580
-9.785536
10.678573
-11.999926
2.579413
-8.731861
8.825464
-6.514155
9.250553
9.703048
-4.500513
-0.967585
-9.875077
8.642793
7.013981
6.166595
7.067786
-9.573574
-8.902187
6.489499
-9.656564
-9.974779
10.082531
7.092490
-10.001270
5.716652
-7.604531
2.218040
9.613667
9.156033
10.535390
-1.975548
8.167716
10.577005
-4.914746
-7.999437
-10.870884
7.712637
-11.298361
-9.384203
7.167014
7.609280
-6.195794
9.067323
-9.698983
9.640262
-10.189937
6.955108
8.113740
-3.670361
3.869257
9.359937
-4.440824
-0.586392
-9.567430
-1.885028
9.265916
-0.494287
8.788552
9.944456
-4.858124
5.255463
8.735897
9.834394
9.198770
10.234074
-7.611264
9.665114
-7.739515
7.732582
-9.312961
-8.867732
9.701676
-6.457414
2.314029
4.014620
10.631907
7.530134
5.720193
-5.568406
7.309586
10.061542
10.414484
-11.999998
9.868052
0.545903
-1.391393
-10.079166
-6.415010
-7.669653
-11.953035
-9.051109
-9.848377
-9.858141
-4.592796
10.993176
7.387654
-1.740791
11.093361
9.236129
-3.944546
-9.314898
0.681451
-10.848009
-8.893309
-8.885327
10.764581
5.972552
6.916672
-10.876899
2.460606
-7.855516
10.210117
-7.906155
-10.115835
-7.288998
8.836578
10.271505
9.245710
-9.586764
7.614640
-7.188263
11.067393
-6.198712
-9.338709
-5.570757
9.166391
10.953786
-9.126070
9.584576
-6.753289
4.284227
9.016845
-0.371745
10.182793
-1.359005
8.462653
5.834254
-5.643269
-8.608207
10.146353
9.009657
-7.375611
10.050857
-8.564274
0.188022
-6.281083
-10.803013
-5.615464
-10.823946
9.441197
-7.889382
6.665186
4.402526
-8.259910
7.785322
-9.327791
10.618963
10.246493
3.292218
8.328487
-10.930920
0.465353
-10.695285
7.890670
6.091128
6.212667
10.673086
-8.422825
8.535237
0.170072
8.908334
-5.939262
-9.258930
6.474964
8.708707
-10.701736
-4.545761
4.742121
6.530181
0.328058
9.558263
-6.715962
-4.003337
11.722531
8.840614
10.852899
-4.887110
11.204121
-11.113010
-8.951210
-5.823255
9.021983
0.399325
9.152742
8.400467
9.872159
10.640536
10.655686
-4.791586
8.463227
-2.043367
-0.833111
-8.213389
10.215250
10.613997
8.723926
7.585963
-10.898638
10.128332
-6.700517
-9.139261
-9.470689
-9.280464
1.735497
-7.921728
2.898041
-10.794497
-10.053002
-11.999776
-9.405421
6.909141
-6.454228
10.289454
-5.561252
3.308074
-7.693136
-8.906269
-0.431579
-1.554898
10.649440
7.677508
-5.946393
-6.526856
-7.574591
-2.088751
10.757184
10.993547
-8.154908
-10.684625
10.250842
7.518098
-9.349738
0.944588
-7.206598
10.087144
10.237371
6.262667
-9.804403
-10.239390
9.209998
-4.544574
-5.271495
-10.085393
9.718770
-9.890308
9.193900
8.863283
2.850127
-7.134770
-9.655856
-10.844876
8.132614
-10.014563
-10.241996
9.921014
9.527641
-9.981272
10.228867
-7.657411
8.287901
10.143455
-8.756916
9.557847
3.883669
-2.216755
-8.259692
10.232667
10.074378
4.994904
-0.197108
-7.217972
10.557000
-5.729955
-7.850737
-2.143636
-8.148062
-10.525890
-10.805992
8.052527
-0.526229
-6.764954
-7.772062
9.133650
-9.777907
3.030107
10.087860
4.258462
-8.309829
10.424529
7.390342
6.318534
-9.457436
7.372006
7.854950
10.429960
-8.171099
-8.978299
-5.058469
-3.583027
7.556498
1.629391
-6.906056
-9.293660
-10.189351
-9.444766
8.314717
3.982955
8.566415
-10.599731
-10.061470
10.194283
-8.803047
10.162850
9.802494
10.499847
10.125509
-7.776516
-9.044343
2.677690
10.727039
-10.686451
9.979824
10.234268
-5.457491
8.865675
-10.170136
-7.786435
4.865686
-1.814934
10.395575
9.738158
-9.587247
6.993273
11.002145
-10.474446
-9.666551
-8.944643
-8.321338
9.203791
-10.513656
8.295522
-8.462226
3.199071
-5.853382
0.004758
9.862214
-8.059794
-7.334281
-8.436885
10.558199
5.331188
10.090054
-10.771440
-10.243120
8.446611
-9.356571
8.133589
10.238046
9.129034
-10.460038
10.467727
9.756551
-9.477734
10.702674
2.984623
8.965408
8.842848
-8.921197
2.325493
-9.668685
-8.221813
7.656999
-7.500519
-8.231734
0.511286
-9.660889
0.131052
-5.724454
-9.189907
10.515567
-10.003574
9.549475
9.043889
1.506874
6.907782
-10.437416
-11.337859
-10.678299
9.182721
-10.383585
-7.805140
9.444543
-7.648543
-8.779100
5.644502
4.459558
1.311296
-9.575118
-7.309905
-7.732739
0.533268
-9.794029
10.069785
10.783966
-9.997011
-6.921253
-5.674111
6.286636
7.594377
-7.689981
7.703548
6.472833
-7.712847
8.417613
1.392713
10.707245
10.491103
-5.462384
-0.764779
10.836320
1.634363
-8.009204
-6.272849
-9.646452
11.999982
6.623191
0.967494
9.631533
7.167162
-8.268228
-8.066847
-10.878527
11.150227
8.093776
-10.412123
8.412207
-10.786330
-3.327213
-9.226581
9.215248
9.004571
10.150057
-0.640292
-8.251234
-6.914002
-9.064619
-6.441490
9.484946
-8.430815
-11.026516
-9.954239
1.104986
-7.633595
4.477929
7.536597
10.273047
10.221742
9.715376
9.746377
-5.013668
-7.083918
-7.141515
8.078344
-0.312010
-0.682371
-10.295286
8.579793
0.209125
9.499269
-1.846919
8.030919
9.087507
-10.693491
6.040846
9.993881
7.808390
-10.410231
-3.559962
8.515141
8.398528
-7.679737
7.419589
-5.868374
-6.102923
9.291863
9.768421
0.722537
9.133336
9.096686
7.480698
-8.535584
-7.154577
-8.034662
10.289629
-0.835159
-10.479312
0.183755
0.148564
-3.262740
-9.208601
10.271147
9.821024
-2.472781
9.955190
-7.085670
-8.707354
-10.480815
7.478498
4.904728
-3.228007
2.644466
-9.814318
8.146783
6.918552
-9.305045
9.705147
-9.856134
10.367467
-7.593196
-4.486287
-6.931221
8.444774
1.524161
-9.651811
2.066463
10.118375
0.452879
-6.990298
2.314737
11.008993
4.900918
-7.213229
5.944187
9.696513
-9.754254
-8.143614
-10.641969
-4.663136
0.046021
-1.348817
9.903055
-7.715175
-0.215312
-8.802224
-10.892750
8.324210
-7.634940
-10.069479
5.986166
-10.026995
-11.999741
1.311938
8.180949
-7.648980
-7.835615
10.424408
-9.923688
-8.494130
8.006656
-9.102611
8.492410
7.840419
1.694339
9.051345
3.610371
-7.840397
7.950718
9.749204
-1.027760
0.446196
8.774602
-1.963109
7.273816
-9.128650
-6.947998
9.184696
1.437035
-9.880933
-5.322578
-9.541806
0.281329
3.758232
5.621564
1.796300
8.343263
-8.975858
11.103980
10.145310
9.225052
-2.316279
11.789818
-8.501977
-8.523694
-8.234827
10.728871
-1.866188
3.329842
-10.075448
-4.520597
8.400835
-8.899459
9.350723
-6.518849
10.107347
-11.398329
-10.184097
-10.056617
7.162649
-9.251154
-10.870561
-8.723793
-7.496269
-8.363147
9.182410
-8.718083
-9.541266
8.508385
5.886715
8.908219
10.759769
9.931910
-11.669241
9.520960
-10.127378
-5.285009
3.737609
8.495480
3.592638
-10.163817
5.163562
-6.319384
-9.423241
4.365459
-2.668904
-0.229697
-8.868355
8.523984
10.388742
-9.747849
5.604651
4.549734
-3.212740
4.945740
-10.469546
-3.512080
-5.910968
9.217222
-9.184014
9.158952
-8.560274
-2.386605
11.999887
8.006056
-2.080611
-8.254840
-11.999999
-2.297926
10.019553
8.850166
10.693942
-6.884504
-10.605362
-4.120308
-9.373431
7.916021
-8.952360
-10.000445
-4.368967
2.807268
-9.692144
8.191592
6.994096
-9.438338
5.314147
-10.653100
1.928955
8.799094
-10.363445
-5.684412
2.284324
7.924267
-9.905632
-10.906272
-9.519239
8.015848
9.592715
6.264185
-8.311615
11.041720
8.232457
-10.784563
11.998228
-9.384257
9.276848
-7.341641
7.467249
8.663408
8.451503
7.760636
-6.291412
-10.347843
-9.762916
-11.117468
11.999963
10.065079
9.046149
-9.353015
-9.961950
-5.394974
-11.999996
-6.866773
-10.138602
-2.227235
8.017566
-9.533082
-11.210072
-9.102164
-9.826025
-0.262552
-5.658117
4.419314
9.573494
9.906126
-5.604383
3.591705
4.388358
-11.999948
-1.922595
7.612834
7.227329
-6.255252
-9.325096
-8.765548
6.932180
-8.656202
-8.062628
10.512688
-9.414723
11.024519
5.104255
5.981288
-4.114170
-5.299790
-9.022392
8.218640
-9.337213
9.086481
-10.714116
-9.575036
-5.480430
8.018174
8.654220
5.640853
-10.548580
-5.363835
10.304449
9.166676
-9.990084
4.576618
-4.166850
6.428008
0.425049
-10.452277
8.307423
10.350814
-3.656474
-9.519141
-8.605477
8.492907
7.932954
-9.530858
6.314047
-0.819374
-4.395075
3.464545
8.030661
-7.439812
-10.184989
-10.288247
-9.264195
-5.964437
-6.118856
5.224254
-9.914198
9.247661
-6.539645
-9.038703
9.315284
-8.186187
-10.227537
5.314536
-9.607887
10.499698
-8.103399
9.453052
5.103142
-11.020454
-11.999281
-7.762153
10.159039
7.346225
-7.637856
-8.574867
-8.026524
6.975227
-6.117034
-7.979284
7.619420
9.479823
2.263568
-10.500382
-8.960706
1.221670
9.565382
-10.071796
-7.794646
-9.665780
7.517772
6.013149
10.329818
-10.996208
-9.575459
-6.147187
5.114185
4.493663
-9.169558
10.805471
-8.164082
-6.167395
9.186127
10.369203
-8.135249
4.250196
-6.905162
2.128898
-8.622727
-10.260076
5.928092
9.343009
11.999952
8.314567
-9.326356
-0.405322
9.264797
-8.631806
9.201668
10.727540
8.141132
-1.283813
8.950856
-4.797797
-9.682574
10.716796
9.344673
-10.297785
8.508953
3.792739
7.571957
10.628588
4.092807
-9.065759
-10.677918
-7.903102
-4.381768
6.975972
9.044348
9.447628
-0.838080
-4.683907
4.795152
6.558836
-3.922369
10.388337
8.150427
7.941886
-9.787197
6.585129
-6.577120
-5.894786
-9.162591
9.186692
-10.691142
6.325991
-2.480560
-8.614419
10.507954
8.486180
9.649186
-6.203658
9.225056
-10.217610
10.937683
-9.479012
10.130287
-4.268419
-2.110289
-10.857048
-6.418973
-7.983992
-4.671227
0.109714
-9.622437
5.351100
8.752848
8.595494
8.083444
-7.627088
8.980400
-10.397418
6.481113
-8.663358
-5.905172
-10.769959
9.493246
-8.979121
5.248133
-3.244932
-8.052553
-0.069291
-10.079097
-7.799230
-9.827002
8.865298
-10.251421
-11.999990
-10.107465
-9.879567
-6.885532
-0.656094
-2.047731
-10.837627
-3.425904
-8.766981
7.518378
-8.547524
10.296247
1.961269
-4.526281
9.559564
-8.263133
8.737273
3.377066
-9.181466
6.162309
-10.015760
-6.805514
7.629776
8.697353
-9.236266
-8.593443
-0.254540
8.396934
-10.147064
10.082468
10.804806
-5.832586
4.108583
-9.861424
9.291908
10.898318
-9.417935
-8.870499
-10.524958
9.338495
-11.972705
-10.446203
-9.002344
-8.994902
-5.581102
-7.780430
-7.693573
1.696573
-8.132622
-9.478597
8.468862
2.953641
8.568129
9.675197
0.459921
-8.556095
-2.838196
7.199721
10.060557
7.644529
3.866044
7.925806
8.800956
8.630126
-8.541781
9.727958
9.316231
-9.828478
-3.645757
-0.357947
9.919052
4.930729
-0.126815
8.586514
7.155066
-9.598747
10.583902
7.882792
-1.619736
10.660107
6.424112
7.857473
9.121927
-11.960259
2.668523
1.532215
-2.141540
8.025226
6.300418
-5.997124
-9.555892
9.341368
8.143633
4.209704
3.195914
7.555073
10.561406
-10.210523
-9.646837
9.821118
9.730490
-4.956005
5.943702
10.150082
-8.625095
9.773799
11.035290
-8.877896
-10.419779
-6.174436
-9.646893
-8.275595
10.143799
-2.804404
-4.958147
-7.613532
11.045862
6.076637
9.456199
-8.743526
-10.584309
9.644523
-9.812958
-5.939966
-2.858587
-10.369686
9.344278
9.203759
-10.226980
-6.181144
-5.828769
9.451252
10.176965
-10.870042
3.789106
11.989299
4.353474
-5.949324
-3.357422
-5.541430
8.840847
0.527643
1.760077
9.596676
-9.183280
7.959098
-10.745091
10.322477
9.324127
9.451766
-5.300671
3.993870
-2.406816
6.640914
-0.167422
-9.222390
11.162915
-11.956084
-7.104458
-9.203806
8.354699
9.919595
-8.666662
5.389186
-1.880394
-3.876989
8.199129
-9.884629
6.687227
-10.947341
10.458975
10.333053
6.895301
5.150860
3.124942
-5.967712
-10.829319
11.933107
-0.834863
3.592886
-10.673500
7.991727
8.779726
8.796662
6.687001
-10.126293
5.274753
-1.992539
-3.927779
-9.874697
8.291130
-3.935600
8.108520
5.915943
-5.453080
9.063042
-3.238415
-2.535278
7.809175
-1.974942
7.583415
-2.888227
-10.481054
-11.097310
8.820875
8.130407
11.041270
-7.185398
4.466722
-9.981621
9.436036
-0.043182
-9.295653
8.283404
-11.999255
-10.401100
11.060002
-9.547209
10.719844
-9.386338
-4.630216
-9.377072
10.119311
-10.627910
10.790872
-10.444335
9.479170
6.696470
-7.432444
10.035435
0.342161
7.113290
-8.225959
-9.297379
4.135126
-6.555281
-6.570424
9.622072
-9.656686
10.605880
-9.882202
7.242741
4.658055
10.047384
7.499860
-10.161235
8.231582
9.139934
10.027991
-9.102950
-0.437161
-3.510692
-8.918541
-2.981425
-8.636718
5.109421
-8.570066
7.519857
8.054009
9.964783
-9.802970
-2.256370
8.338952
10.463386
10.201052
-9.321001
6.465000
-10.039660
9.399926
-9.275210
-9.235660
10.527858
-8.292138
-9.356671
4.775502
-10.336257
9.295159
8.861554
-9.779213
-9.817158
6.856754
6.303481
-8.290204
-9.195578
-6.174509
-10.870872
-10.667133
10.029445
7.017229
5.287693
-9.962086
5.384985
-6.582821
-9.791989
9.963043
-8.323716
-0.110720
-7.775787
4.237700
7.667053
10.386087
-0.534322
10.762560
10.089598
-9.586214
8.116920
8.370830
7.461997
-2.248498
-0.163770
-5.933868
8.092836
0.473411
-10.595589
0.714990
6.173639
-8.308627
-7.760883
-9.008898
10.215804
-10.428135
-5.636915
0.812316
9.039462
0.885923
-8.786709
-5.032466
-8.641999
-11.999991
-9.731562
11.999947
8.845991
-5.701755
9.290781
-9.310874
10.707829
-12.000000
9.522879
-10.288817
-3.029638
9.263856
-2.087332
-9.552564
9.540424
8.141747
-2.934833
-9.852266
-9.470869
9.156344
-7.206238
4.465816
-8.881848
-10.749456
1.812848
2.070930
10.495098
8.892079
10.367042
-3.975400
7.906604
2.886142
7.819369
7.575767
7.092017
7.951227
8.688220
-6.499205
-1.902373
-6.179376
10.565645
7.537042
-3.011157
-11.970824
-10.668402
9.568338
6.093927
-7.934990
6.695041
-4.193856
-10.516434
-10.265726
-7.694161
-6.772109
9.032650
-9.642270
10.597447
-6.281585
-8.645261
11.171811
8.022888
8.317746
8.601807
10.108494
-9.384440
-8.283702
-10.863137
9.058189
7.490181
11.999938
10.001849
-10.300723
-9.492160
11.998927
8.213899
-6.446112
7.250078
-10.165968
-11.080666
-6.303248
-0.709227
4.994547
8.028780
11.538572
-9.088469
0.526041
4.445148
8.531093
-6.137943
-7.670501
-8.668111
-9.655759
10.193595
10.592762
9.143336
-9.890276
10.691728
9.487199
10.193592
-5.765644
9.439837
-9.852289
6.301360
8.702786
9.439827
6.362144
-10.079367
10.084597
8.220898
9.280829
-10.334272
9.382027
-5.489308
3.254215
-9.147764
-9.684959
9.398887
-10.790297
8.521886
10.000782
10.499432
-8.747634
7.843332
-4.250052
10.431530
-9.663555
-5.469507
9.101553
7.013743
-10.891767
-10.343097
-7.604111
-8.303381
10.851317
8.323670
-10.872322
7.946361
-0.441865
9.696920
8.715407
9.367642
-10.008859
-9.769316
9.297927
6.392507
-6.053019
6.712535
-6.397479
-11.999999
-8.067630
9.844849
-5.230227
1.984263
8.583889
-11.981194
9.917227
10.294243
-9.661411
10.302949
-5.859443
8.271280
9.401570
-10.318440
9.284004
-9.779789
8.879959
7.745891
7.152255
8.995113
-10.163315
-9.199757
9.921727
-10.142770
-6.283756
-0.828019
0.378082
-6.918578
-8.202259
10.112347
-9.092166
-10.283373
-9.877236
-7.624497
9.876511
-11.199523
10.855712
-6.396349
-0.232766
-6.593394
-9.838420
-6.423223
-10.010774
-0.794450
8.088347
-9.968311
9.217135
6.805136
-6.997229
-8.565626
2.038722
-10.781815
-10.289632
8.471444
-0.357502
-0.641118
10.375606
8.051152
-7.791353
10.304622
6.267573
7.587610
-3.456624
9.634251
-7.807575
-3.967638
-9.011211
-8.373516
6.480777
-9.647757
-0.099876
-11.999997
7.846096
6.757693
-9.095273
11.011577
10.652057
10.831161
8.173510
-6.778173
4.614462
5.171352
10.960329
-5.868655
-9.833719
8.319994
-8.475557
-7.048752
10.177796
-8.770703
-9.794490
10.479476
-0.171176
10.488770
-5.473942
6.685183
-4.195431
10.747580
-9.013400
4.192363
11.998440
-9.034526
-5.316261
8.427828
6.812930
-9.614877
-5.092952
-6.554108
7.249026
-7.647726
-8.159089
9.294605
-7.795832
9.059005
10.447444
9.758361
-10.888366
-2.135282
9.117723
1.681795
8.273873
-8.073418
-9.282269
-1.459537
7.973885
-4.442623
-10.186946
-6.645497
4.059621
2.587874
-1.966931
8.407079
8.897256
-9.962220
8.445331
-9.015998
10.123446
-8.023849
-10.380886
-5.731147
10.704677
-3.371842
10.321457
6.644623
8.577814
-6.500609
9.787954
10.963489
8.761998
-9.583433
-11.999955
-9.703493
9.683434
-8.132146
11.989087
-8.162084
-8.393321
-1.398309
-10.077284
10.147817
-8.994736
8.716067
-8.774818
11.213614
5.923998
-4.327120
-0.125285
-9.415852
-10.393071
10.604779
9.027123
9.997783
-8.124778
-6.963807
-10.948985
-6.726217
-6.639503
8.767476
-6.478821
10.729000
1.719667
2.945547
-8.423114
5.752522
10.882867
9.768494
-8.478182
8.143433
-8.763991
-7.770841
9.197121
6.640934
6.190022
4.925111
-9.843042
-7.000356
5.971252
3.483506
10.093008
-0.005379
6.087503
-4.924311
-6.954761
-9.866276
10.506107
-3.052442
-9.781603
3.304163
11.999265
-8.828133
3.736922
10.131364
-9.606502
-9.905981
8.719731
-10.340797
-8.484985
9.953339
5.078148
-4.014882
11.999148
-8.710210
7.574447
-6.340969
-11.999998
-10.427862
-4.459311
-8.306396
-10.280623
-10.472977
9.865211
-6.963371
-9.391103
8.030894
-9.442984
-8.887706
-0.179070
-10.951545
-9.540574
-8.659301
0.362554
7.668982
-9.851071
8.166720
3.815634
6.809698
-9.054948
3.960346
10.248640
-10.724355
9.938256
-9.192609
-9.579736
8.552946
-8.454395
-1.649111
-8.539530
7.425432
6.002859
9.937643
-9.602444
8.048524
6.569498
9.243664
-0.110225
4.141915
7.195863
-0.073904
1.668362
-4.151598
0.432415
-8.206795
-10.006307
-2.507417
9.212071
-7.151024
-0.061248
-10.475729
11.062052
-8.814185
8.430360
-9.547087
7.766096
-8.820799
-3.349169
5.053736
10.496020
-6.554781
8.283964
-6.995934
-10.211955
-9.260037
6.240951
9.287798
-8.228766
-9.882517
-5.637061
7.771168
-0.160329
-9.090651
-8.691334
-10.601035
-7.235888
11.193547
2.352120
-6.150618
-0.282348
-0.722746
8.822234
-8.719712
-4.980273
-10.195218
11.057353
-10.288033
10.531749
7.319390
9.776057
-11.996343
8.969235
6.453770
-9.835195
-10.630107
7.409663
7.739989
10.323345
-10.894587
-8.253918
-9.886221
-10.490431
7.958998
10.661651
6.222612
-0.932420
-10.408039
3.039260
-9.529060
10.860815
-10.296072
8.067408
11.999998
10.462795
-9.150592
-6.673204
10.135978
7.752218
8.089837
6.580213
6.249723
9.581208
-1.764583
-10.009842
-7.599927
0.704034
-8.467923
-7.244980
3.297761
11.156867
-10.148414
8.950824
-11.999909
-10.841264
0.671189
-10.098273
-6.818008
10.468178
-7.610062
-4.546684
-0.273833
8.037722
9.473126
-5.855981
6.941991
8.261507
-10.114036
1.669646
7.296239
-6.872465
10.277419
-9.063329
-10.548969
6.149324
-10.022780
-5.887882
10.741828
-10.313125
6.387226
-3.448386
-6.496976
-10.269171
2.113428
-6.347302
-10.423513
-5.623597
8.950837
-7.889107
-3.965857
-9.580222
9.624838
-6.619948
-10.103499
2.426266
5.168123
-9.776634
6.865183
-8.391758
4.705591
10.138470
-7.120011
5.419231
-10.218691
7.183612
-6.742751
-9.885189
9.987456
-9.844117
-9.806519
-1.357854
-11.953395
0.196873
-5.126991
9.917338
8.006336
-10.235357
-4.349883
-7.415137
7.981600
-9.945816
-8.359574
-6.070925
11.045863
-9.071041
10.270554
8.478120
8.422168
-3.723797
10.285871
-9.464192
-8.595489
6.399075
4.415175
6.774288
-9.589990
7.052665
-8.587765
9.398654
-9.172808
8.405228
-8.084276
-10.846972
9.425509
-8.045755
-10.732037
-3.441668
10.430705
8.069753
-4.396790
9.000189
-11.999991
9.430770
10.279386
8.172364
-8.388402
10.835497
6.575335
-10.163729
7.556369
-9.830986
-9.415896
-6.871068
-7.293968
-8.021190
10.545701
6.918426
0.158473
10.201240
-7.803335
-10.263249
-6.078584
3.292060
2.356824
-10.438234
7.092154
-9.431910
9.933832
7.448755
-6.609157
10.246509
8.135388
0.269677
8.807200
9.950416
8.200726
9.517499
6.364724
11.011433
1.264976
9.661937
-0.230197
-5.290284
-5.570752
4.572850
-9.566547
-7.125365
-8.735772
-8.596845
10.877132
-5.525221
-2.390295
10.096620
-6.776075
4.691755
8.707818
7.180468
2.229650
-7.461276
-6.683239
5.043134
8.277883
4.710402
-3.028526
-8.343565
9.302288
-0.329743
-10.444463
-10.161450
10.944017
9.713893
-6.018579
-10.172432
-9.780272
9.886670
9.169069
3.745613
-1.605255
0.937354
-5.838001
-2.542395
9.824214
3.298059
10.424399
6.556447
-3.374283
11.086819
3.664473
-0.194592
-9.853536
8.370504
10.643266
-7.086480
8.535398
1.259382
6.631874
9.590157
4.247898
-0.473595
8.969719
-10.323045
0.564774
10.494334
-9.016410
9.143287
-6.703000
6.856319
2.500312
9.405337
-7.335773
-8.424029
-9.132392
11.999975
-0.315396
5.861882
6.988427
2.567499
9.099783
-7.833315
9.968677
6.070515
8.411783
-9.680800
-2.165146
7.954524
-3.099854
-10.159357
-7.880001
-0.256123
-9.873846
-7.387811
-9.219981
5.940595
10.966261
10.449721
8.878420
-11.065464
-9.758657
6.951515
10.624806
-10.564871
10.472204
-10.982493
-0.025113
-9.590078
-8.872174
9.591747
-10.448127
9.343628
-0.023210
-7.568512
-9.164656
6.222936
9.262222
-4.451859
-8.096568
7.633934
10.339026
9.664430
-10.428179
-5.980078
-4.635105
-8.216142
3.197595
-8.341591
7.313287
1.247265
9.803627
-8.044270
-3.933227
0.738000
-9.620671
-8.254760
9.299017
9.452641
-10.185314
-8.949189
5.243625
-5.521027
-10.269893
4.793118
5.163036
5.182879
-11.999951
-6.210671
-9.928867
9.252333
8.392603
-0.996487
8.715868
8.912190
7.950649
7.559837
9.492101
-9.834231
8.839573
1.332290
6.020484
10.331469
-8.011965
8.974658
4.771497
8.225724
7.668461
-10.155080
8.558436
8.413640
5.022313
-9.278301
-10.144509
-8.343399
-5.762546
-5.074866
-10.172123
9.543662
-6.518669
-5.111502
-10.866011
7.181758
-10.596501
-9.878715
-10.682761
1.394860
7.546306
9.467023
10.099053
-8.320605
9.776495
-8.044539
-11.998956
-6.231681
9.967315
7.870113
-8.714171
10.290372
-10.432044
8.559443
-4.920487
9.882981
6.049938
9.661407
-8.219395
8.977353
-9.044110
4.492500
9.334461
-10.292777
-9.830615
10.360325
-7.120485
-7.252019
4.563082
-8.273915
-0.690848
-5.833748
6.395138
9.227896
-8.671947
9.629377
9.005340
-10.111268
-4.528333
9.763782
7.003139
10.572969
-7.518794
-8.590249
7.662483
6.145857
-10.185796
-0.124837
-11.998496
7.354465
-7.798700
-5.387222
-7.929698
-6.629695
-6.936359
-7.978178
-9.405114
-8.786944
9.647153
8.008573
-10.787204
-9.011043
5.216131
-5.424048
-5.201345
-10.585606
3.619716
-5.293977
10.046787
11.946231
10.441695
-9.226925
10.011996
4.911624
9.740747
-8.772047
9.447448
-5.659123
-10.671685
-11.046073
10.592233
-9.548531
8.359618
4.225152
-6.949851
0.755735
-2.138818
5.539758
11.999999
-3.238080
-10.962928
-10.723516
7.848402
-4.872738
4.240098
-10.771542
-6.834539
9.253646
-9.180027
-7.990429
-10.238493
-11.999937
10.062447
10.480481
-5.780164
10.417789
-5.384539
-7.599141
-9.180980
5.746463
8.232499
-6.736512
4.210613
8.534380
10.231035
-4.089745
-7.994988
3.937661
2.118760
7.653607
-10.332931
9.652069
8.658067
-8.369965
5.836445
-2.796587
-5.092172
0.297770
-6.340174
9.420798
8.997735
-8.288201
9.355405
-10.595017
-10.066255
10.029034
-1.483007
-10.216222
-8.601973
9.593965
10.003291
3.651495
1.474612
2.768520
8.047596
-6.935637
-2.801908
9.619591
6.338574
6.226518
-8.744152
-10.402747
-5.985084
-7.697250
-8.600456
-10.338176
-7.045121
8.823598
-5.553009
-9.711115
10.067625
8.987408
7.462990
5.018623
-11.243073
6.733313
7.288247
-2.600803
-7.601819
-3.912116
-7.120490
-10.238292
-1.690993
9.499601
-10.175417
-0.453225
3.778531
-9.569816
-11.309184
8.608167
-6.517573
-9.314404
-7.879872
11.208400
-9.039914
-8.198092
10.539965
1.601003
-4.752186
9.393558
10.816490
-5.544059
0.403929
9.791625
7.600851
10.268726
-9.914994
6.917976
-10.679526
9.509150
-4.446091
10.820042
10.625854
10.395043
7.662667
9.274353
-0.725274
6.670546
9.249713
7.545642
9.522229
11.006373
9.461021
-5.012580
-0.127939
-6.191545
8.737696
-9.823707
3.705470
6.650534
-8.418571
-10.767429
-9.332487
10.593312
-10.145990
8.884825
0.863872
9.137905
8.701611
-6.372680
-7.715321
-9.478602
9.568970
-8.397422
-8.170437
-1.620905
9.742937
-9.241854
-10.477656
8.240942
-9.604123
8.768304
-7.912029
11.982081
9.687472
6.916276
-0.497490
3.253860
-10.123201
-8.219324
-10.585934
11.341679
7.924467
-0.628449
7.880671
9.899755
5.798808
1.115941
-9.072742
-7.522313
-3.252301
-8.069107
8.567907
-9.603179
-10.277155
-9.766691
-11.587675
10.768494
10.885655
8.777140
8.166408
-9.604105
10.665114
-9.234663
-9.745346
7.083998
-9.842416
-8.923413
-6.287885
-9.646277
-10.313433
4.722139
-4.236310
-8.591770
10.201568
9.548917
-10.312075
2.314106
10.824401
-9.434285
-5.808469
8.785111
7.200448
-10.211073
-9.926801
-9.861428
-9.863315
-9.903600
10.282431
-8.820058
-9.982351
-8.829415
-9.444913
-9.553856
-9.139286
-9.059415
6.576143
8.227053
-10.329740
5.711961
9.951374
-6.313997
9.823420
9.707365
1.188696
-9.888848
0.361412
9.807380
6.333595
-2.718663
-9.307961
-0.105658
-9.897378
7.807969
10.396777
4.180161
7.805760
-1.216581
10.227961
8.964177
7.298147
8.163969
10.185650
-7.202554
9.195677
1.593935
-8.487166
-0.039420
-7.419931
7.347237
9.528347
-7.888692
9.228140
-10.661769
-9.173769
8.554972
4.784720
-5.218700
8.741712
8.264419
10.832867
-8.419962
9.991464
-8.902673
7.878392
-2.464538
10.230581
9.640478
10.188688
10.358900
-7.901318
8.695610
-10.854204
-8.674419
-5.820355
-9.784070
-10.114642
-10.773637
-10.977617
-10.478602
9.001117
-7.136075
-6.991746
6.604198
-9.640417
7.538344
-8.929640
-9.137920
10.073567
10.696154
-7.066665
5.589025
-7.728419
-5.390606
9.189968
9.420356
-5.657137
-3.820464
7.230691
7.719510
-8.074508
0.326467
7.416874
2.849716
10.012862
7.974163
10.338153
-10.211471
-10.532438
4.087566
8.136502
-9.518237
9.531031
8.749541
-5.025232
-8.822052
-10.328838
-9.610092
-8.781553
-9.179942
0.373842
-9.288008
-7.147768
10.136808
10.431961
8.156533
0.782474
-11.999921
9.473896
5.369656
-9.084557
-8.009946
-7.245432
-7.997492
9.683847
-9.156797
9.824167
-3.608278
9.694006
-9.369383
6.178195
10.223353
-8.354436
-6.809475
-8.763682
-9.213747
4.638932
-0.078928
-11.999385
8.558007
-6.009442
-1.690430
-3.263942
-11.064321
9.707365
-1.190331
8.774672
-8.093572
8.547329
-10.500596
-10.236191
8.903818
-0.271340
-11.990542
-0.368280
5.569260
-4.668824
9.931170
6.556940
-9.251784
5.769242
9.300585
8.996143
9.185362
-9.724201
9.267128
6.832375
8.005197
10.302775
9.421353
9.475419
-10.308924
8.940009
7.248764
10.246628
7.829466
-5.600409
-8.943660
3.571223
-2.013745
-10.577346
-9.578260
-9.620945
-10.103713
10.439198
10.450834
-1.513164
-6.908934
5.999019
-7.140094
-6.397611
9.677170
-8.980119
10.482440
11.206608
-6.948768
8.574513
7.506897
11.992731
6.814873
-9.271489
-9.580022
-8.851027
0.373090
8.972096
-9.022520
8.125538
9.088209
-8.030942
10.201301
10.865494
9.390379
-0.062986
-5.335382
-10.712441
-5.473270
-8.092645
10.942800
9.456574
-10.745977
7.568975
10.766076
-9.185223
-9.949130
10.405966
-9.965398
7.849785
8.339841
10.177847
9.070045
-9.457594
6.302163
-9.229088
6.785106
10.596318
-4.205532
5.380546
-2.446823
8.589431
8.040872
-9.300641
7.567916
7.562106
-9.812037
8.939795
-0.868004
-9.913136
9.950275
9.351231
7.891217
10.589122
3.257867
9.939065
4.686137
-11.943499
0.579003
2.074478
-0.107494
9.136569
8.834663
6.458494
10.322414
-8.340186
9.267652
7.027055
8.564473
-6.151180
-10.756754
-0.953509
8.567817
9.078050
-9.387206
-8.186965
-9.760145
-6.268468
-0.926968
-9.557613
4.790660
-10.370677
-8.479097
-10.650417
11.013521
11.998158
10.593210
-10.596401
-11.996734
0.492299
6.153490
1.772513
-10.296252
-10.301998
6.979641
-10.006563
-4.055779
9.645080
-9.086615
-5.729775
-10.953761
11.226769
-9.491618
-10.243839
11.948670
7.207148
-5.923896
9.601398
8.244247
8.131904
6.125441
-2.445409
-8.930144
-8.621027
8.751135
-3.611256
-11.999994
7.765529
10.044035
7.474852
-10.533295
8.888163
-11.998891
4.285582
9.363131
-10.544306
9.181338
8.426083
-10.090196
5.132404
-8.104937
5.833574
5.173810
-3.197214
-10.220210
-0.395412
-4.094175
-6.850894
-8.432713
-2.450410
-8.769427
-11.003255
9.842481
9.819138
-10.023098
-10.998804
9.503608
11.026280
-7.313095
0.747809
-9.709204
9.589494
6.663749
11.199082
-6.118080
5.118429
9.427088
9.439769
-6.195544
5.835431
-8.780053
2.795643
8.477082
-8.281364
9.281071
-8.689919
7.521367
4.241910
-10.934603
8.911502
6.482367
-0.174301
10.036498
-0.998727
-4.937959
-10.456721
10.203454
10.275153
10.822971
-1.762434
-8.877729
-10.632428
3.388146
9.148644
10.406976
7.491811
9.255912
7.273537
8.052672
11.999999
-7.718547
9.259058
-8.260718
6.795436
8.058757
8.292037
-10.708946
-9.630177
6.755686
2.192671
9.864009
8.068253
-11.047665
-8.422926
10.682035
-6.958763
10.169680
-8.536604
-9.594447
8.575359
-7.612184
1.011650
-10.332484
7.130987
-9.996053
-10.644746
-9.870227
-10.360988
8.098515
-2.363913
6.314903
-9.356133
-10.127350
-5.305022
0.723808
-10.106338
10.534365
-9.968552
-0.204795
-2.912733
10.211732
9.117597
8.173517
4.044354
3.211948
-10.479229
10.709059
6.146942
1.426961
-5.672781
-4.302305
-8.810473
-2.945118
3.580626
1.768876
9.067758
-10.407172
9.513935
-8.352595
-8.162599
10.744806
7.323301
6.833810
-4.535773
-2.393653
10.922830
-1.872211
5.834359
-9.870068
3.084903
-8.598932
8.399810
-8.479335
1.971661
-9.759541
-3.806941
-9.471403
9.940379
-4.967909
9.276524
-8.578077
-9.696166
-10.534415
-7.189718
11.999859
7.094168
-9.845952
3.352186
10.250320
-10.756294
-9.239851
7.648209
7.434508
-5.586930
-5.689914
-8.808116
-4.646327
-9.441790
-9.223932
-8.438251
-4.052204
-9.794561
-0.412491
-10.259708
-10.763124
9.902369
-9.618061
-9.417174
-9.274554
-0.787441
-7.679320
8.940768
-8.101334
-0.134295
10.092818
7.539976
9.327025
-6.862946
-10.955450
6.318225
-7.357955
-11.997880
-11.999905
8.595001
-9.385954
-3.379335
-9.156401
-9.098823
7.372473
7.560163
8.848770
-10.243079
-9.879005
6.756027
-7.174184
8.195791
10.221375
-10.661215
10.233040
11.568472
-10.523377
-8.966991
5.284506
-11.885057
6.880843
-8.035900
-3.947711
-9.059738
8.146718
4.955339
-9.107454
-3.730461
5.966265
8.222248
9.461575
-5.171578
9.244194
8.518256
8.996091
-8.663356
0.343211
-6.151961
-2.129721
-9.329132
-9.368991
9.217360
-10.146042
-10.124241
11.999943
-6.239788
-7.541594
10.158846
1.771933
-9.369049
-7.005454
6.433782
1.603475
-3.825312
-3.441354
-5.783611
-5.709260
-0.631239
9.970693
0.158654
-10.409445
-8.859922
6.868077
10.155379
10.069834
7.571491
8.244486
-4.025248
2.693732
-3.420725
7.730708
9.091977
-8.883458
10.463046
11.999998
-12.000000
10.581660
5.165521
-10.271899
-1.902938
-9.405412
-9.952990
-3.914966
-7.314470
-5.270343
-7.445198
0.404824
5.259564
-6.913929
8.582368
6.002376
8.072842
5.828893
5.873808
10.638448
-9.110350
-10.311381
-5.370391
7.320382
-9.210654
8.367737
10.315432
-6.336451
-9.580632
10.223645
9.920334
9.049008
-3.443220
-10.240176
8.199601
7.687005
10.958235
-7.025320
1.629640
-10.740054
-7.073788
9.524186
-1.297029
8.113692
6.910778
9.022595
9.126472
-0.239500
7.248349
0.483354
10.473817
-5.793998
-10.586545
9.880144
3.750703
8.256323
-7.864176
10.170115
-4.314398
3.161443
-9.891110
-7.959115
5.121994
7.793000
11.039989
-0.199471
8.238892
10.342699
-11.990022
9.999616
7.386901
-8.776180
-10.480081
-10.125168
9.419273
0.722901
9.913578
10.608516
11.996341
6.733250
9.328317
8.933915
8.829787
-9.979055
8.710415
-5.457605
-2.727047
10.280685
-9.672593
-8.424302
-9.374249
-0.430226
-10.051064
7.796477
-4.644027
-6.729706
8.352172
-9.059447
8.443752
8.702811
10.029359
8.287340
8.278306
10.383605
10.608080
-4.544508
9.292241
-7.178876
-0.869482
-10.404125
10.178123
-10.425659
-7.974608
-7.531436
-10.700923
-5.982840
-10.371714
9.492621
7.251178
-5.535381
-10.539190
10.565547
9.147785
-6.196933
-9.236005
10.766102
9.891270
-7.244836
1.292543
-10.209001
-10.383469
-10.962720
-7.875882
9.296399
3.688741
-10.327052
-10.216827
10.454750
6.627538
-6.486771
4.747549
-9.792555
10.251263
-7.934716
9.300524
-8.159517
10.245264
6.601446
-6.474755
-7.723941
8.995607
-4.703794
2.503013
-6.664283
-10.263479
-4.547465
-6.822405
-5.441386
11.708929
3.129146
-5.748375
-3.445949
-8.712009
-10.930837
-11.139527
9.188908
-10.316638
-9.243108
-8.642429
9.247374
-7.305655
-8.687989
-11.293876
11.007164
-1.141822
6.673381
-6.681464
9.748199
-11.136568
9.499963
8.484143
-9.294197
-2.225584
-1.211315
-9.732716
10.168438
8.632688
7.391149
6.494822
10.010191
-8.818184
-9.800586
0.860399
3.217331
-1.386848
-7.224483
6.717170
-9.023717
-9.060029
8.267738
-8.530206
10.235188
-8.257357
6.657007
-8.075869
-9.224858
10.642228
-11.080932
10.359501
-8.256238
5.386909
-10.681855
9.125317
-6.046119
-10.743685
-6.129107
8.488580
9.805828
8.656631
4.417962
-10.413999
10.828837
9.671553
9.731144
10.835054
-7.442766
10.726740
-9.132765
-8.142925
-9.732079
-8.536910
-7.216444
-5.521930
6.687639
-8.797492
10.234851
-7.068463
-8.274474
-9.200381
11.999987
7.859083
8.505842
10.166345
10.817781
10.794360
-8.936919
-10.542749
-9.537789
7.642412
-5.147618
9.403506
10.799795
-8.213622
5.801040
8.216888
-0.296702
11.289434
-9.871809
-6.935888
-11.999795
-11.531278
-0.228176
9.777735
0.175016
10.409537
7.832439
-8.611062
8.011402
10.278165
10.185199
-6.234078
1.500611
-9.453499
11.023576
10.864679
5.763158
-3.442986
-9.860072
11.021958
-5.907196
0.111304
9.844629
8.713192
8.576226
1.559506
9.892495
-11.214143
3.553129
-6.786003
5.609008
6.102040
-10.372298
9.360017
11.036706
10.663769
11.046011
-9.374608
0.050638
5.249405
-6.373876
7.033986
10.041899
6.686128
2.755932
-5.393126
-9.760019
5.459561
10.242952
10.046256
-8.007364
11.999661
-8.841300
-11.369654
-8.125072
-10.914193
-6.276370
-8.923546
-4.355899
-7.682433
5.856564
8.572416
-9.667694
10.654565
9.671724
6.938258
-6.943956
-9.454697
8.231756
9.438615
-11.999999
9.250743
9.352839
9.654448
5.441051
-9.908110
-2.891560
10.162712
9.018399
3.345057
-9.984287
-2.675420
-7.742351
-11.999986
-6.896253
7.429387
-7.371315
-0.349393
-7.624143
-5.528796
0.426262
10.426477
-3.033982
9.177409
0.281559
8.273738
6.584009
7.570147
10.062567
9.120275
-4.904996
5.654236
5.264953
-10.708330
7.638422
4.081061
-9.596128
0.918149
4.352912
10.808243
-7.399812
0.354926
9.835049
6.917443
-10.179761
-9.581721
-9.332676
-10.020091
-10.246096
-4.378133
4.404393
4.167776
-10.856716
-9.197347
7.955912
8.989191
8.821032
-9.499125
9.766836
3.260618
-10.175239
1.666437
9.570992
5.232722
9.823710
8.513884
10.592384
3.918452
5.077720
-8.486682
0.200356
9.522692
-10.715814
-10.479021
9.932337
4.658679
11.020034
-8.635697
-5.366503
-10.495875
7.074124
8.875343
-3.028237
10.614893
-8.952934
-5.693860
-10.664887
-4.906759
2.176419
3.265229
-10.831596
10.932975
-4.945337
1.038570
-10.615503
10.821304
-10.275505
-8.870680
7.821801
8.838319
4.134503
-11.014400
10.639072
9.016519
6.250579
10.405517
8.452072
-8.165922
-2.421001
8.754800
6.878479
-9.813150
10.014119
5.658626
8.346290
-8.720029
-7.489815
-8.489890
7.076214
-10.067239
-3.119003
11.067342
-4.369717
9.338904
-9.803439
11.076833
9.877201
-9.993911
-7.090808
-9.097468
-8.532399
-5.077871
1.878733
8.942560
7.523704
9.744948
-1.675658
-6.711975
0.893986
8.796068
0.768453
-5.396998
-4.829407
8.975557
-2.463996
7.087103
-9.796008
0.294018
-11.997197
10.760771
-4.527933
10.171324
11.080903
10.479608
-6.673392
-8.246361
-9.222269
-4.328747
10.133574
11.988124
-9.270818
10.892115
8.782307
7.103494
6.534107
9.269077
8.853498
9.743905
5.622471
9.360580
6.995553
10.124165
5.340900
8.827553
-9.057515
-6.995883
-5.935106
6.212796
-9.585531
-10.196439
-9.784087
7.762777
7.830957
-6.440877
10.464529
-10.974248
9.328481
10.504120
-10.683510
10.855054
-10.265393
-6.325010
-7.562918
11.098945
-9.375690
-9.461449
-8.938120
6.379522
10.700118
-9.175013
10.258812
-10.456351
8.725935
-5.552815
3.288262
-8.792473
-8.382842
-8.862820
7.353517
4.737445
5.362178
-9.284781
-9.418275
7.435853
-9.605678
9.399526
-5.902975
-8.582158
-9.802894
5.982975
5.534446
9.930055
-9.321491
-8.303545
-7.154310
-9.797722
-8.004337
-7.510803
-4.941403
2.045261
8.374189
-10.420782
8.054346
8.399608
-8.094830
11.075536
-9.934731
6.899617
10.120379
-5.414989
9.224663
8.585812
-4.291125
4.827328
-9.966165
-7.916523
-9.553450
3.978516
-7.911955
-4.893461
7.319468
-10.344177
-2.617250
-8.273395
7.595841
-2.977137
9.929733
7.724007
-2.613479
-7.504851
-6.490608
-7.888618
-9.947381
10.971731
9.750770
-8.338002
-9.861136
-7.964288
-8.409419
9.876813
9.237723
10.129152
11.091891
2.601364
10.711493
4.187003
-10.156198
-7.252714
-7.045390
9.374472
-9.949048
-9.006229
-7.240681
-8.579696
9.459793
-9.228719
9.294120
9.409989
10.643582
8.399559
-6.784352
-2.037384
-10.274748
-7.833365
-10.045229
-10.160131
4.580570
11.965791
8.165521
-10.301359
-9.133398
10.048480
-9.229925
2.639565
-9.614044
8.231350
-5.872346
10.001636
-9.820294
9.734995
-5.710902
-10.277220
1.186656
0.553888
-7.051828
8.571313
-3.402836
-8.241673
-6.783672
1.661813
11.952427
7.503638
-11.989398
-5.378674
-11.965883
-6.778306
11.053625
7.887075
-10.531549
-8.489122
-9.617660
10.118112
9.769397
9.867390
-10.898349
-8.542406
-11.999986
-9.828569
2.795495
-11.051328
6.961622
-9.317412
4.080509
8.032580
-11.994977
9.213832
-9.085535
5.536400
9.431047
9.671209
10.827360
-7.504261
8.187600
-10.978736
-2.346105
-4.511402
10.139324
6.773912
6.575367
-3.588702
-6.964363
9.259130
7.536010
-9.918104
10.491551
5.321950
-6.372452
-8.887062
-11.973969
1.257705
-6.907956
6.606111
-10.853042
11.043721
-2.093936
-10.452570
-9.439797
-6.653840
-8.036956
-9.445984
5.629754
-8.110041
10.959880
3.918640
8.113134
-1.951629
9.745206
-6.713449
-10.259501
-10.657441
-2.369671
8.020226
9.657519
-4.056533
-3.161256
10.160579
-2.318864
-8.702126
-5.612911
6.976776
-10.184460
9.456988
-5.788795
6.397575
-1.014467
-10.166698
9.176153
-4.695781
10.874616
8.564097
-9.867324
7.847734
8.720250
-9.722024
-8.092616
-9.281212
9.605175
9.002419
10.379518
-9.599632
8.889009
10.233621
-7.904035
7.482554
-10.507753
-6.588845
8.729670
9.655578
1.390674
-6.569701
-9.654974
-7.492156
9.951712
7.576885
11.910736
8.399364
-5.981807
3.015205
-6.061789
10.541482
10.470199
-9.250299
-8.028236
-6.057054
9.579575
1.798272
-7.161212
-12.000000
-9.768599
-6.089507
-6.974717
6.663877
-8.804597
9.551392
5.937563
3.638017
-8.587863
-10.818633
9.023362
10.771406
-10.691592
-9.486524
-10.619169
-9.923613
-0.746819
8.091139
-9.894637
-0.653454
11.999968
-10.512730
-9.768641
8.831544
0.008104
-9.486723
9.751375
8.257303
-2.898980
-7.559095
-5.979633
9.912683
-10.333077
9.814912
11.274443
-10.694548
9.585451
10.186121
10.202800
-5.295547
8.518476
-0.230582
-9.725136
-6.575555
-5.369676
10.126029
0.488249
9.988011
10.785448
-9.718464
10.887812
9.998574
-10.449017
-10.816715
8.101122
10.054108
-9.738200
-6.113712
9.761614
-9.159895
9.146171
9.682703
8.535321
5.441907
2.023201
-0.190664
-9.474108
-0.374135
7.256117
10.407937
-11.999638
-2.118526
8.991450
9.648336
-9.550383
-8.317143
11.104903
-3.096776
8.801844
-10.546807
-10.066205
10.437924
5.290460
4.532560
-6.772951
-10.301914
-7.976629
-7.587245
5.926489
4.820199
11.999458
8.364347
-8.990364
3.417220
-9.660694
-1.693446
10.661082
-6.072938
8.398975
-9.772585
1.600741
-10.126085
4.150996
-9.653313
-0.326382
4.736015
-8.248088
-4.612751
10.440691
10.008425
9.559333
10.308869
11.102384
-7.545940
6.509793
10.689443
-10.763339
-9.385243
0.561660
10.375274
-1.833622
-3.215342
8.856737
9.614141
-4.013914
3.954727
2.459582
-4.643129
-10.288215
-5.750443
-6.420373
7.405593
-3.327329
10.025668
-10.771397
10.397232
10.892290
9.529442
10.503788
9.685669
9.681738
5.947849
-9.201299
3.505893
-9.174389
4.733365
10.428841
-10.176710
-10.206339
-10.615444
7.750529
-8.061015
11.014210
8.375792
-9.133212
0.036327
-11.999999
-8.794499
9.461973
-11.999978
-3.440525
-6.794450
-9.900141
-10.401942
-10.216054
-9.671732
-7.209474
-0.708004
7.980091
-3.217288
-4.284092
10.299747
7.087432
11.013066
9.929304
7.149234
7.543608
-8.312592
2.938015
-5.433488
0.897714
-6.228333
-0.469279
5.843257
6.296539
3.976922
5.882372
9.485113
10.017697
-10.217090
9.632639
10.393434
11.999960
-0.087457
-8.389457
9.324748
-3.805589
-4.042962
-1.786935
7.049353
10.651052
5.229727
6.889738
5.888284
-9.462537
8.464405
9.417235
10.278104
-9.948454
2.646411
-9.614904
4.249065
-8.631756
-9.418963
-2.938283
3.541207
-10.715411
-2.429990
-9.278255
-9.330264
-10.337866
-10.481689
9.748531
10.361231
10.633514
-7.522384
-5.992776
8.277664
8.039829
-5.405485
6.451389
8.506640
10.073143
9.954820
-0.556702
-10.000763
3.928413
10.333302
-10.477257
-8.563684
1.737857
4.267569
-3.400858
-10.824909
-1.994083
-6.870074
8.384377
-2.896739
-5.955622
4.457856
5.592694
-5.628928
5.899664
-9.278843
-7.425080
8.933051
10.058472
8.226531
-10.858906
6.403793
6.523027
7.450762
-8.279216
2.520445
10.288857
-4.944317
-10.280217
-4.013209
10.238196
-9.756268
-8.516688
-9.415199
10.173438
11.316449
7.634815
10.427057
10.067021
7.869296
-9.807620
-7.602376
9.617209
-10.077383
5.618581
-9.353183
-6.700452
-1.919380
-9.910467
-8.522994
7.415714
6.042115
-6.899338
10.407085
-5.913421
-9.588897
-8.157318
-3.261226
-8.557931
-8.150045
-9.311402
-1.119180
-0.785631
6.950531
-4.850704
-9.793023
6.735479
5.629831
9.553868
-11.122954
-8.270501
-6.993679
7.791752
-0.002698
-10.598943
-8.974355
-10.037212
9.580135
-10.344158
8.529650
-4.583736
-5.883292
-7.339145
-4.158031
-4.230926
-6.223882
-7.690968
8.245359
-8.116255
-9.616357
-9.900864
-4.417139
-5.863203
-10.655900
-9.705546
9.949104
7.597657
8.130211
7.499905
-9.458303
9.827208
10.531649
9.869558
-6.444979
-10.842118
-3.830230
11.024936
-7.253042
9.389887
-6.204187
-0.317015
1.031002
8.786627
-9.987630
-1.319463
-11.050172
-8.462638
-6.640938
-9.667462
9.109609
10.808793
10.182973
-6.715005
0.188842
7.962380
-8.981576
8.223235
8.090712
-8.730711
2.083149
-10.095858
4.675308
-9.986604
-10.790110
2.408588
-7.741932
4.987873
-0.596850
9.839547
-5.978305
-3.441125
9.647161
8.906741
9.719177
-9.664456
5.277784
7.955443
6.666989
-9.604693
-9.436700
-0.946349
10.820803
10.421494
10.790470
9.539625
-3.457224
8.731523
10.549206
7.828825
9.719923
10.225763
-7.861417
-6.238101
-2.272013
-9.518135
-10.717715
8.636285
-10.372858
-9.508244
-8.766333
10.561317
5.706889
9.719557
8.267317
6.539262
10.699959
-3.049375
-8.584254
-10.049033
8.488950
9.348431
-10.201263
9.051520
-7.006886
4.250847
-6.396053
6.798706
-8.233955
-4.114552
9.305666
-9.179467
-5.111729
-8.886095
-5.245100
8.380402
-7.905286
-9.417221
9.794076
-6.378135
-2.857127
11.950622
-10.404805
9.196012
-1.011530
-11.850050
9.383922
9.654518
7.302883
2.060803
-11.999991
-5.168348
9.789294
-9.762533
-0.977730
8.044146
-11.999968
8.876045
-1.279900
-9.768457
6.967079
1.772043
-10.880115
7.685248
-7.258090
7.337361
-2.704197
11.892120
8.831148
-8.526936
3.881238
9.420471
8.620819
9.976081
-9.802780
10.645102
8.003817
-10.099487
4.862440
10.929381
7.063036
-5.237647
-9.465929
-10.557757
10.320775
-6.938416
6.539242
-10.923434
10.708398
11.020756
8.688438
-8.679160
-0.289755
10.085386
9.294003
-3.747129
8.952501
-8.931095
-8.931283
-6.707258
-8.867907
11.072105
-9.133708
10.147837
-9.024805
9.736658
9.998570
8.967351
9.624496
-8.453626
9.956260
10.513785
10.352451
-6.327987
-8.915680
9.336604
-8.369221
3.104907
-10.565973
11.239130
-9.214353
8.902735
0.629024
9.713662
-7.333654
6.823632
8.929019
7.902397
10.499986
-10.607615
10.838215
3.894650
11.999987
-7.921199
9.602903
-10.845681
10.084377
7.710364
10.090664
-10.457547
10.521686
9.694223
-4.846829
-10.035477
-0.297942
9.563704
-7.938864
-9.308554
-9.617857
3.874647
-0.921130
2.547065
10.268866
9.879773
9.975873
10.098770
10.024808
-10.972136
-8.681904
1.070858
7.288470
-10.203299
-0.227082
-6.693819
-6.614609
0.189828
-6.759201
-9.496737
-10.208235
-9.696579
-9.129769
8.624763
1.452275
-8.827485
10.125451
-1.676788
-9.726223
8.887687
-3.038357
7.840743
10.457236
-8.871691
-10.297203
11.999869
-10.392461
6.033117
10.078369
9.475889
-9.179121
8.798146
8.385219
11.784015
-8.688234
-9.445509
6.393021
-8.858880
-9.378011
9.645259
-8.416652
9.795811
-9.098085
-6.582585
10.882214
1.492512
5.672392
9.360906
-6.013910
-0.625563
0.589590
8.944791
7.837765
-6.547018
-9.069982
9.680598
5.370995
10.786746
1.310762
3.597822
5.460397
-8.946514
6.080291
-9.391003
8.275664
-7.504826
6.347353
11.998971
10.040890
9.972075
9.839812
10.504803
-8.729499
7.335468
-5.439953
4.893898
8.520650
-6.006862
10.760390
3.522837
-9.441818
3.347841
6.835203
9.743968
12.000000
8.249318
3.669382
-10.325481
10.124442
3.625062
5.509312
9.271640
2.854655
-3.147231
-1.959806
-8.455332
-10.245526
8.827109
-9.488893
-5.872422
10.767069
-6.705094
7.855870
10.045721
-4.092993
11.263533
-7.839116
9.967992
4.106687
5.849245
-9.958002
-3.722865
5.722503
-10.558294
7.742108
-9.366911
10.540532
9.572845
10.864302
9.566428
-9.345028
4.035336
-8.651309
-9.201080
-8.508745
5.446370
-6.344489
6.239306
-7.025660
-9.277847
-9.169680
5.409249
9.425981
2.825071
9.945886
8.034929
10.870270
-7.690927
-10.324425
-7.673827
-6.528698
11.097214
-9.186449
10.414945
10.645163
8.861346
9.320132
0.962598
4.096202
-11.134917
-4.200794
8.369801
8.167945
0.883880
-10.147506
-9.417094
2.282176
-9.360558
-3.425989
9.736464
10.014567
8.524189
-0.113246
9.282720
10.456630
-10.451624
-10.430234
8.008930
-9.627668
8.114266
-2.123095
8.718639
8.185431
-7.361197
10.600314
10.783601
9.215889
8.711070
8.306710
-6.625529
-1.787481
11.343967
-8.325772
-3.448290
8.838904
-8.617448
-8.366004
10.833819
-8.532132
-8.780331
1.251138
-7.205552
9.311971
9.924029
-9.430450
-8.629963
9.286254
10.560130
9.237337
-9.744760
7.717128
8.018528
-10.015560
9.295527
-2.688029
-8.228450
-7.222594
7.805653
-9.485448
3.613521
0.716554
8.770977
-8.192327
-9.438888
-5.212560
-7.905556
-6.173106
-6.202136
-2.969875
-10.128600
-6.656326
-4.579292
-7.731802
9.227363
9.883375
8.807414
10.125304
8.752478
-9.266833
10.515783
-10.772941
-7.861550
-4.549780
1.852251
-9.450924
7.656766
9.377841
2.291278
10.097316
-3.019647
-9.042380
-10.298108
-0.929194
-9.950899
-7.553566
-8.840751
-3.016262
-4.880204
9.868295
11.048734
11.117655
10.430270
2.385110
9.592386
3.230286
4.453813
-10.270761
-6.592291
-7.436796
7.463837
10.457320
6.904520
8.396254
-8.260791
-3.893513
-9.271929
8.046642
8.261235
-6.634272
8.185663
7.123635
3.629806
8.485068
-7.911760
10.430975
8.720520
7.408945
6.993507
-0.540180
-6.440305
-4.819584
-8.336903
7.084878
-5.867697
9.247515
-6.906818
-8.108143
8.725198
-9.215855
-4.376769
-6.516853
10.759888
-6.692521
-9.773634
9.793040
11.161069
-9.140075
-9.329996
-10.093138
-10.525739
-8.115318
10.792983
10.712170
10.364735
7.956606
9.705527
-10.289644
10.134247
1.756336
-9.644168
8.937505
8.276780
5.249618
11.984327
-9.186911
10.556796
-8.747093
-7.863810
11.999896
11.052386
-10.838797
-0.242091
6.658679
9.570774
6.392050
-7.615886
-6.219344
-10.035551
-9.543471
5.832046
-9.876407
-4.329387
-9.048264
2.308204
4.967642
9.772251
-7.393443
7.413012
8.966133
-11.237533
-10.875227
3.690522
10.927311
8.438168
-7.500952
-9.781007
0.259902
-10.227638
9.907129
-3.776779
-3.736013
-9.098680
11.640212
6.303413
4.685667
0.593457
8.259971
5.228200
6.853426
-7.889640
-0.751704
-4.304878
9.658115
5.905994
9.449665
9.642279
10.114733
9.254585
-4.337515
2.523882
-9.453173
-9.568499
-8.490665
-8.994209
-10.006728
5.417367
-5.618937
-10.882750
4.842217
8.153469
9.151673
6.263092
-10.210849
-11.977731
4.386495
-6.853689
-0.198568
10.347927
10.601281
-10.232322
9.901902
6.375582
10.076395
9.968673
-2.041176
-3.573761
10.314332
-9.099308
8.584388
10.524868
-0.017801
7.099828
9.542373
0.561542
-5.666554
-9.246460
-10.219368
0.181943
4.422953
-3.191264
-10.160877
5.894476
-6.927436
-9.960492
-9.330809
-11.176381
-7.036158
-7.670413
6.745865
-9.763032
8.679898
10.374233
9.816032
6.328978
-6.094944
-9.294021
5.577926
9.584036
6.704113
10.173087
9.902050
5.072389
10.602088
-8.626106
8.666456
10.169204
-11.985542
9.216074
-8.630301
8.371619
8.681261
-8.971471
-7.042781
-9.490825
-8.403876
10.205227
-8.466416
-10.533971
-9.555097
-9.371156
-8.823612
-8.682678
7.007133
10.699742
-5.397809
8.368214
9.522960
-10.405195
10.635764
-8.442475
8.605772
8.954422
-10.028710
0.054906
5.034936
4.942812
10.431384
10.362063
6.412717
-8.868318
-10.168379
6.900926
-8.959332
1.208743
-9.758362
-10.323292
-8.195290
-10.341993
5.460424
-9.079936
-7.995086
-4.431310
6.994407
-5.216830
9.511645
6.786379
6.606210
7.731095
-5.997508
8.187177
10.030960
8.742838
8.656408
9.506501
8.728404
11.998612
-9.603747
-9.515346
-7.777637
6.126393
0.174778
9.914785
-3.966454
9.045860
10.016062
-9.675592
-7.875036
-9.519964
-9.254559
-6.996849
-10.279399
-7.463817
-9.968433
7.706146
-4.208406
3.400898
9.720490
-3.578585
-5.662547
8.126600
-9.378233
-6.812776
0.340649
5.950587
-7.633606
-6.661767
-8.929534
-9.921490
10.907519
-10.310749
11.867829
8.513050
8.699416
6.566644
9.889476
-9.787207
5.282659
-10.873760
3.309136
-11.327886
-10.114670
9.242918
-9.386350
-10.815535
6.069983
11.990533
-8.383312
-11.368404
-10.062102
9.624174
-8.400340
-10.019662
10.371420
0.208577
-8.560644
-3.546837
-4.512545
9.000662
8.838228
-6.504091
-10.574725
-7.674542
5.651417
10.107246
-9.602517
10.395985
-8.879981
9.058993
-3.037679
-4.918557
10.209414
7.212935
-5.614991
-4.435623
9.360304
-9.041334
7.169189
4.124639
-6.717229
10.540232
10.469751
-0.971993
8.792453
6.354519
-7.462856
9.258805
-4.809368
-9.328941
7.750013
-4.081378
-8.339027
9.429696
8.532647
-5.251540
-9.139657
8.567144
-7.277163
8.907572
-9.878930
-0.626784
-9.118239
7.056636
9.983754
9.389934
10.879830
10.365686
9.387424
-9.587628
-9.547547
-1.660702
-9.589203
4.556262
1.966491
-9.750273
-0.779333
-5.529323
4.780032
-11.985874
2.845226
10.142540
9.932349
9.001030
-9.266965
10.073605
-9.909236
-1.422333
7.733893
-9.403589
1.537838
9.325485
-8.120951
11.999971
6.493953
-10.478059
8.049806
-6.793975
-7.581370
-6.989188
-8.380432
-8.963934
6.841173
9.061382
-8.609698
-4.597569
-11.030879
5.673342
-4.651070
8.844616
-7.643615
7.982815
-9.323888
-9.515230
8.994090
-4.481763
-0.597124
6.114043
9.925009
-9.016556
8.155610
-11.266002
-7.493813
-9.305150
-6.099091
-5.542595
-8.780701
2.724767
-8.845816
-0.610225
-4.584073
8.236680
-8.358217
7.264595
6.947207
-5.670426
5.109119
-7.838616
11.999999
4.491296
6.646075
8.265860
10.598893
10.355841
-8.640917
7.122872
-10.828573
5.364754
6.408726
7.548381
3.031951
-8.310340
8.238141
9.500073
-8.909039
9.730810
-4.969870
-6.936032
10.242644
8.001275
-2.361827
-3.380680
6.766870
-7.853478
9.515461
6.986636
-1.921819
-9.295214
7.936876
-10.103104
-9.833676
10.144917
9.952663
0.378063
10.205636
-10.304664
-10.003856
-10.924521
6.801705
-7.985198
-0.389691
-10.513952
11.159692
-11.530118
8.149453
2.830957
-9.906977
-9.980721
9.810086
9.406864
-9.435583
-8.681905
-8.331154
9.267009
-7.444825
6.800143
-9.002710
-6.940206
5.673209
6.841745
9.987964
3.079521
-4.394654
9.065599
8.464291
-3.408363
6.441862
9.718796
10.777998
10.570015
-10.421794
-9.387222
-8.677613
-9.858016
-9.848730
-1.040411
9.215958
6.794197
5.211340
-6.654799
3.701649
-8.868801
8.006359
9.512397
8.321691
8.427606
11.786855
0.796706
-7.916988
-9.182792
7.290277
-8.648047
-9.987767
10.376527
-8.047443
6.944843
4.058274
-10.406956
-7.964235
-6.205845
-9.042899
-11.072015
-9.658530
9.272204
-5.245388
9.831235
9.679606
-7.727873
4.337070
-4.306782
-2.944986
8.419213
10.464465
-8.862901
5.163204
1.279782
-5.571147
4.564455
9.186348
-6.749328
-2.410487
-8.100280
-9.387084
9.214892
-6.430023
-10.331307
7.119961
1.620675
10.830054
4.707387
-10.306272
-9.995416
10.562966
-0.047533
-8.440479
-8.942311
-7.137786
-9.213489
9.927349
8.153492
2.982564
9.851308
10.805762
11.005025
9.802307
8.432217
-9.754731
-2.796397
-0.575824
-7.836784
8.825175
-0.890764
-3.368814
9.839025
10.524253
2.113398
10.202044
9.640879
-8.039841
-1.701560
-9.860380
9.992909
9.455611
6.214289
-7.605308
-9.363225
-9.498700
-7.675922
10.612498
-8.593630
-8.731877
-5.522219
-0.319420
8.970069
10.882113
10.514588
10.360925
9.029142
6.486698
-10.375163
-9.531292
-8.127849
6.052239
-4.601147
5.980844
2.818764
9.863396
-10.058888
6.608777
9.858579
8.216371
10.261061
8.842014
-11.298786
-1.769401
-9.665679
10.071510
7.246276
2.527077
-10.705290
2.205426
9.382728
9.842548
-5.930143
-4.494238
7.551375
11.077886
7.180759
-4.434508
-11.994908
-8.279126
9.734759
-10.506762
-9.858853
9.971441
9.490778
-8.196887
-6.015198
-10.735702
9.577290
-4.675176
10.620941
-7.480462
8.402998
7.003563
-8.683143
-6.164838
-9.575614
-7.536883
-8.100974
-10.063359
-9.362167
-10.532345
9.767202
6.572361
10.565660
-7.213770
9.379352
6.056371
9.919751
-8.813683
7.561994
-6.619815
8.229193
-9.727379
9.963023
9.013746
6.978869
-9.174855
7.305934
9.284396
10.965203
-9.741143
-8.291800
-10.217382
-5.928556
-0.103160
-9.137322
-6.755057
-9.585415
-5.360200
4.773057
-7.133083
-0.570996
-9.870459
-10.282146
8.971768
2.754006
-10.194212
-5.148714
-10.339305
-7.883082
7.605971
5.114063
-2.139142
10.559157
-9.156744
-8.971037
10.008747
-6.090848
-10.678855
-10.588657
7.319789
-8.469383
-0.846452
-2.524707
-8.704592
9.085557
-8.671931
-5.455914
8.191751
-8.527927
9.531859
9.910087
9.099561
10.679752
-5.746487
-9.700689
1.881613
-9.886561
10.605860
4.762367
11.102632
-9.904253
8.139809
9.463680
-9.972031
-8.500283
9.152124
7.001817
6.102738
7.718520
9.471605
8.794118
5.196763
-10.485060
-7.591714
4.448218
-2.985183
5.277258
-7.080998
-10.058814
-9.530955
8.438084
8.650873
1.328045
-7.702659
9.851736
-8.921590
-7.381204
9.318489
8.638403
7.409920
-10.498438
9.678662
-10.776334
-10.166881
4.553240
0.371263
-6.387902
-10.003057
9.784226
3.498264
5.351048
-5.340246
9.493731
6.488756
-9.481221
1.118107
-9.456673
8.390111
9.828473
-9.579849
-10.528900
-7.635948
9.895943
-9.249686
-7.355834
-2.320443
8.044576
-10.581024
11.923141
-3.800486
-3.787817
-7.523136
-8.452835
10.295196
-7.085598
-2.597394
-6.570690
-9.227032
8.056661
-7.552378
-10.382948
9.324505
6.903014
-10.968876
9.660113
5.838415
-1.336854
10.367851
-9.605926
-8.558780
7.068065
-9.228404
9.163349
8.474443
-7.695863
6.974092
9.522143
8.915950
-7.276547
3.767915
-8.810661
-8.529865
-7.188713
-0.264996
7.724742
9.899470
11.138407
7.975009
0.075902
-1.467000
9.389226
11.150356
3.549736
9.334824
8.926502
8.514992
3.568602
-6.376376
9.620997
10.458955
6.763350
5.703683
7.413557
7.814060
10.538175
7.667602
9.002134
-9.733994
-2.839381
-10.215814
-11.441962
-9.202642
8.757924
-11.030888
10.951303
-11.999598
-7.774656
-0.322142
-7.882756
10.772528
10.451209
6.350526
4.063721
7.691393
-9.238664
-5.992098
-0.616963
-9.688436
10.206205
-0.020478
7.892021
6.788667
4.535576
10.425544
-10.466645
3.307571
-0.604902
-10.786444
-8.377493
6.726655
-9.494606
-10.012134
-0.045677
-9.876403
8.900603
7.863489
9.172790
-6.771923
10.404119
-8.514613
0.689390
10.052037
4.658153
10.067675
10.142362
4.682218
1.540401
-5.962972
-10.249402
-10.076302
-10.689488
0.263723
-0.564231
7.303974
11.266809
-9.086159
4.707199
-10.820202
4.708708
-0.034195
10.605220
11.999519
-10.232892
-4.580843
-9.717394
7.934681
-2.808311
-9.943835
7.905528
9.482231
-10.974712
-10.834884
9.305315
-5.416760
-7.145459
8.922021
-10.817117
-4.397138
6.757164
10.244220
10.901741
-8.575098
11.124296
-10.022186
9.939854
-7.475352
-7.203426
-10.574739
-10.550865
7.804242
7.384750
-7.330016
0.244035
9.335665
5.028560
-7.832660
6.279916
-2.156230
0.501821
-10.987258
-7.552479
-6.627912
7.992069
-11.999742
0.129988
-9.301893
10.470690
7.268650
7.179647
10.306254
-8.409785
5.542943
-2.091877
9.124670
7.195552
10.408674
8.162683
10.379417
6.675935
-11.999833
9.471889
0.393586
8.310446
0.461404
-6.684701
-1.835058
-8.984474
-10.864965
-10.865501
9.620126
8.683795
-0.337873
-5.843576
4.419337
8.690208
-4.041694
-8.015537
-10.271036
-5.645564
7.959310
-6.103689
-9.237656
2.465690
9.860031
-10.443700
9.082155
6.727278
9.823463
-9.513788
10.755438
9.802118
-1.448652
-10.547770
10.284691
-1.975084
-3.428118
7.041955
-7.275580
11.346168
9.360818
-7.386569
3.579108
-10.668141
10.682470
7.990223
-7.121515
-11.999598
10.364212
0.934663
10.429383
-9.618683
-4.063687
-5.300805
10.465263
10.721805
-8.358291
7.035640
-8.054288
-6.574478
11.507873
-9.053892
7.554385
-4.267716
-6.730180
-9.821660
0.479226
-10.041277
10.116711
9.538108
2.121201
10.218000
-9.094126
-7.628081
-9.824244
-10.502587
-8.752728
9.502329
7.478047
10.124221
-9.116986
-6.695169
-8.862057
7.807915
8.044146
9.772792
10.151198
-8.585341
-9.705049
-10.862824
-5.378077
-10.247765
-10.911933
10.839291
8.140920
-8.576778
9.091667
-0.923080
6.434040
-5.280434
10.143712
-4.033900
10.565825
-3.887863
-8.393198
-11.999988
-5.840660
9.364399
-8.512176
7.231441
0.520042
11.423311
5.807162
4.884452
11.004551
-4.786927
-9.747246
9.292358
-8.517669
-8.295939
-9.191433
10.833208
9.078180
-9.123767
6.718991
8.911279
4.055247
9.911000
-8.218392
-10.524269
8.791990
-8.243382
4.403100
0.932727
6.739037
-5.553005
9.130840
10.229447
-3.763227
-9.334405
-7.930170
10.902804
11.999997
-9.151151
8.489291
-9.935323
0.574930
-5.778201
-8.360969
10.176975
10.919265
9.988954
7.173764
7.417650
3.314966
8.757545
-10.209085
1.036185
7.702397
-9.509102
-10.247357
8.795979
10.502305
-4.710710
-8.257056
-5.921018
9.337861
10.424065
-8.384238
-5.546282
-4.771266
-9.299866
9.217610
-11.001592
-8.591090
-11.978023
7.877677
11.998010
10.306807
-6.850815
-7.688240
9.284917
10.257180
10.644202
-7.831441
7.711039
-10.214228
-8.465493
-7.576075
9.035433
8.624556
-6.933937
-8.741609
-0.506411
-4.916183
10.337455
-8.767787
5.942384
11.999461
-9.063747
10.849593
-8.539058
-10.436063
-5.562148
-9.022285
7.772823
-10.193669
-9.535486
-6.400418
8.049817
-7.149018
-8.749232
-10.934290
-9.022009
10.837844
7.956913
5.256208
-6.704721
7.192090
0.160123
-10.254579
-9.300446
10.082316
-9.536213
-11.988946
-8.244001
8.019674
8.864897
8.627871
-10.745092
-8.129070
-0.776119
8.157377
10.762459
-8.334667
-6.577460
9.461710
-2.281104
-6.030958
7.373357
9.964647
-4.190925
-0.115063
6.438645
-8.632998
8.828945
10.046665
-9.697477
-4.822044
-11.159769
-8.262850
-8.884912
0.104663
11.139032
-6.906051
10.073604
-6.916486
9.736637
-8.800930
-10.399545
-3.003273
4.531427
5.176988
-9.237181
9.414552
5.967308
-7.036979
-8.166142
-8.743043
6.631825
-9.883299
10.051100
-10.786877
8.236768
5.087240
7.740714
10.523434
2.313546
-6.875661
-11.277520
-2.044208
9.783597
-6.223695
7.531623
-8.992130
-7.908814
-2.629864
9.985213
-6.055931
10.380160
-10.922490
7.197031
2.732692
-7.771798
9.816062
-7.853751
9.247873
4.393166
-8.262464
-9.899617
-9.872219
-7.076964
-6.433049
11.886908
8.982436
7.509977
-9.206590
-8.723628
-7.453754
7.583625
-9.494154
-11.750419
-10.253086
-11.064503
9.655790
-8.210627
8.590307
-0.129825
5.604832
-11.045814
9.696007
-3.582602
3.462175
-7.575662
9.864596
-3.366851
6.692240
7.354486
10.544125
-9.519284
10.304429
-9.767599
-2.866117
8.220803
-7.409939
-9.232614
9.314249
-9.174024
-9.440404
8.211660
7.581575
-10.254661
7.334410
-7.398494
-6.465093
-8.064917
10.859004
3.883120
9.681012
-10.933853
-9.593386
-9.272031
-10.977580
7.069575
10.467056
-10.547012
8.776415
10.754288
-4.257670
0.591704
7.941837
-5.786708
-10.303982
9.409565
-10.972493
10.832633
-3.590879
-7.618018
-10.307958
-8.243148
9.417695
-7.602153
-9.585033
-7.595352
10.473552
-8.767594
-10.243669
3.979411
-5.162779
10.311016
5.058556
9.998090
7.131739
-10.590865
-10.145833
0.316996
-1.379040
9.687221
-9.454674
7.400696
9.466458
6.875132
2.615142
10.284736
8.387412
5.772967
-8.854522
-10.377880
10.086138
-9.019473
4.351282
5.117419
10.930490
9.555294
-4.753304
-7.587528
-9.125452
-8.802088
9.844577
9.975058
-7.168863
10.880616
10.092628
-3.448446
-11.325161
9.852981
-9.418072
-4.675308
10.689581
-5.688970
0.898912
-9.429708
-8.625066
-10.627514
-8.372923
8.420969
-8.904080
4.324036
9.553194
10.140369
-5.012136
-7.650325
-7.580276
-11.999999
4.757513
11.999994
4.793507
7.674790
-9.972906
-10.170736
-4.640817
5.072711
-10.225690
4.759525
9.396357
6.930179
-5.586507
7.329725
8.955844
11.999991
-9.383006
-4.484685
10.139468
-7.230669
7.600210
9.187415
-8.932060
2.258452
9.653722
4.920611
5.150013
6.901460
0.352139
6.557768
9.324104
-2.522751
8.093063
10.529167
-6.666336
-7.323284
-10.637358
4.252979
9.183616
9.480678
-5.961250
11.999828
10.562678
-9.259621
8.876316
-4.180131
-10.055286
9.284507
-7.236850
-9.983645
-10.883892
-8.402359
10.114207
6.629799
9.779114
8.862398
10.281236
6.262781
-8.706830
-8.194086
7.829687
8.944257
-4.322900
-10.759802
8.446886
-9.530377
7.749811
-3.391778
9.114429
-7.864584
8.154458
9.470368
8.433194
-3.135608
10.229358
-9.031023
-10.484087
8.750508
1.791835
-8.670802
7.784985
8.285639
-7.776407
-1.936312
-10.299890
-5.622488
2.913809
-2.193490
2.052328
8.532688
6.242197
10.827976
10.446176
-9.253344
6.559579
-1.692941
10.382154
-7.815252
-4.231632
6.212709
-8.671945
-8.153257
10.125806
-4.293829
-5.996422
9.896997
11.999010
-4.332174
8.527362
-9.485557
9.278010
-10.722462
3.461731
6.298472
-10.346747
-5.143521
-8.572297
-4.815523
-9.152480
-4.898780
-0.389091
7.718975
-0.738750
9.039810
11.083414
-1.803264
9.053727
-9.424813
8.927081
-10.384229
2.528300
-3.379465
10.249165
8.221971
-7.439275
-10.053574
0.766337
2.691296
-6.729793
10.124928
-6.747369
-3.118943
6.185421
-9.935838
-5.326470
8.574386
10.856348
-8.606649
-1.372044
-9.738367
-7.739424
-9.190164
-10.107350
-10.935927
-11.999846
2.788004
10.437345
-9.639268
6.385828
-1.381297
-0.475249
-9.786446
9.103961
-11.258985
-6.142999
7.677600
-5.691621
-9.398555
6.783175
4.449357
0.413630
-11.264928
-8.789440
1.409898
9.012025
-9.107674
-9.545100
3.716541
-10.785658
-6.991788
9.107026
-6.916794
-2.970295
-5.316653
9.851379
-6.444746
-10.062155
-9.414112
10.068998
8.564923
-8.833609
6.632389
8.727268
-7.524278
7.514929
-10.050737
7.062375
-9.611216
-7.966367
10.081467
-7.466120
-6.651272
7.574905
9.899866
7.983225
-4.595415
-10.529299
7.947219
-6.247940
10.249290
8.564418
10.671373
-10.164490
1.597093
3.193089
-10.079384
8.890982
4.111289
10.021385
5.426890
4.281815
9.260756
-9.629539
-10.172135
11.605410
10.071253
-9.897029
-9.847781
-9.845866
-0.287003
0.739057
-10.086220
11.312623
-8.505969
9.441668
-8.281788
-6.772851
10.393903
-4.132016
-4.108397
-5.609786
9.528994
-9.632722
10.149204
-9.311894
-10.191791
10.751284
-6.767427
-9.995083
-9.283339
10.291552
-7.721526
-10.947055
4.030260
5.464361
0.470297
9.150239
1.014138
-8.419386
9.005959
10.416814
8.925036
7.271853
-0.535594
-9.841494
7.936031
-7.059831
-7.583170
8.584346
0.657664
-6.805365
-9.324502
1.341058
-6.073341
-9.600249
10.632677
7.800325
5.251354
3.446790
-9.563833
-9.009396
-10.098020
9.340477
7.836552
-8.348338
7.510079
-6.767046
10.312905
9.355215
-2.602790
-10.308706
6.891500
-9.206351
-2.296715
-9.011905
9.461631
2.862929
10.938881
9.964602
-8.998454
-10.347795
-5.727078
8.352266
5.809831
9.552783
-9.245884
6.516671
6.189926
-9.203358
-7.513406
-10.076559
7.978335
-8.895025
9.245715
8.443808
9.295132
10.859964
-9.061080
-0.322886
-9.878070
-10.259945
-0.416815
8.441309
-8.746939
-6.502728
-5.507281
-9.900945
7.577406
-7.324577
8.535056
-0.725131
-10.319789
11.999997
3.840283
-2.851206
10.758065
10.123991
9.223851
-10.113982
8.690122
-6.230630
-10.603815
9.408536
-7.988881
1.619704
-2.548206
10.031373
1.233066
8.552030
-8.063890
-11.232545
7.753461
10.218624
-3.993563
-8.383879
10.702692
-10.937895
-7.077447
-6.836276
-2.646033
-10.228031
11.106869
6.140148
9.700750
5.549652
7.560302
-9.980472
1.521835
4.234630
-9.683370
9.967118
9.423119
-9.560578
9.443687
-10.443312
-8.777860
-4.676745
11.308535
1.856105
2.780686
6.320646
10.720591
-11.171049
2.938186
-8.917407
-9.791312
-9.910977
5.659012
-8.354512
9.161333
-0.393680
11.166912
-9.540723
8.251146
-7.250428
-11.176457
11.999999
8.732621
3.766580
8.472079
5.821187
-9.672944
-7.589477
-7.984370
-10.329303
-6.716087
3.699016
-10.794273
-11.999951
11.999956
4.244052
2.924646
-8.522931
10.530154
1.510323
-8.950564
-9.281979
11.997606
2.947773
-8.135608
2.999223
-9.761989
-7.075524
-10.120389
-9.915190
-2.146607
7.451074
9.140826
9.309730
-2.109113
-9.333969
10.055307
-7.439641
-9.891740
10.602389
8.460242
6.486009
-9.215516
9.935306
-9.185931
-2.374971
8.633451
-11.069668
-8.254330
-7.001692
10.203324
0.634750
-4.446417
8.332163
-8.628043
-12.000000
-9.253671
8.242696
7.280480
8.954955
10.305695
8.888934
10.208768
-9.720481
-6.695385
10.228897
8.700086
-9.528115
10.961131
-7.306040
11.306704
-5.197116
-10.038958
8.744322
0.411927
6.390377
-6.816922
10.253800
-7.290741
8.037054
-9.855223
-10.517409
-8.048181
6.526772
2.368741
10.250681
-0.610045
-8.180884
6.830319
10.412168
-3.392464
-2.159996
6.052799
11.999993
9.722102
-9.643581
7.271674
7.222103
-7.549077
11.995537
7.433449
-8.519693
-10.351676
-7.899836
3.750642
-2.970654
-9.311994
-2.124874
-10.572824
-1.701548
9.556083
-10.511683
10.312766
9.841231
4.109836
7.238061
1.089651
-7.877688
7.271952
-9.349966
5.487199
-9.728107
-9.314495
-5.037772
-8.360163
10.390585
-7.611813
10.716593
7.086987
-9.024501
-2.327241
-8.094992
9.488280
7.743250
4.438102
8.552419
4.213110
9.978647
11.995824
-7.724654
-11.998874
-9.493024
-10.205649
-9.549786
-8.122807
6.286564
6.254629
-4.477436
-10.342388
8.268768
-8.565650
3.970454
-9.902070
9.720040
-5.033779
4.153379
-3.125821
9.843792
-3.993890
-8.968548
9.319430
3.308937
2.689303
-8.211848
-7.068940
10.129922
8.069498
-5.685282
-7.997940
-9.485133
10.232755
-7.277994
-10.633225
8.250998
-9.998657
0.320515
-9.060003
7.580713
0.559549
6.464417
-8.993566
10.419248
-1.024479
9.967378
0.087748
9.106895
-9.632843
10.493815
-10.248417
7.663313
-9.253016
-10.155428
3.021758
-9.264812
2.641190
10.534761
10.439438
5.993618
-8.452214
-2.603051
-5.933931
-7.054686
0.447990
10.264689
-7.938518
-4.824250
-5.703440
-9.549197
10.056970
-8.565318
5.079977
0.902426
-9.464407
-8.912161
9.490334
-9.040006
-10.763821
-7.464202
-9.648565
-10.194233
10.203328
7.363864
-8.121852
4.884794
-9.964893
10.031790
3.439585
-9.832754
9.629015
-5.136625
8.276611
4.010613
10.845493
-1.301723
-9.084701
-9.630459
-8.679952
-9.364957
-7.073143
7.483057
9.927001
7.801259
3.286282
4.622592
-7.172215
-5.609797
0.080715
-9.961354
-10.296763
-4.967649
-9.198955
5.589038
-6.337722
-9.865818
9.765543
-9.627831
10.808967
9.205318
10.277790
1.336543
0.526555
-9.661949
8.512677
-8.165628
5.133954
-7.723651
6.819721
9.747528
-6.255068
-5.501713
-5.241442
10.387792
10.224386
-6.495006
5.280281
-8.908445
-1.549169
-10.087968
-9.407677
-7.205008
-2.108291
-4.042423
-10.163508
-9.639978
-9.331783
-0.511927
-8.101888
-10.070006
-10.299945
-8.043035
-9.817700
8.537030
-10.426496
-10.534856
-11.963382
10.220699
3.430810
0.221929
1.975623
-2.992911
10.390960
-10.554328
5.100014
-1.858740
6.041978
9.267140
8.421215
8.239459
-4.777562
-8.561845
8.469067
-8.386099
11.999680
-8.967020
9.366697
9.849999
-7.568770
7.309583
-1.752163
1.987638
-6.449139
4.220275
-8.112162
-9.210298
-5.352259
-9.051427
8.513685
8.681014
-10.301377
9.683614
-8.027874
8.555510
8.738923
4.306991
-10.599590
-7.777862
-3.980808
8.923632
3.851920
-7.787133
-7.837290
-5.150137
7.438624
8.705882
11.132311
4.035836
-9.313931
-9.943921
1.826911
-6.910103
6.151891
5.698431
-9.308524
-8.903381
-3.308104
-7.216625
9.145799
-2.239590
9.073700
9.540216
11.999993
-6.112822
10.034254
7.515394
8.444865
-10.175481
-8.665339
3.293347
0.206395
10.717432
10.822683
-10.312429
-8.041116
8.927800
-3.754156
10.616858
9.606126
2.359330
10.146474
-10.211526
9.748773
-10.536373
-9.794966
8.601749
-10.408003
-10.198081
-8.757876
-9.834859
8.961401
-7.523876
-6.478363
-9.586838
9.853559
0.583291
-7.712735
6.149554
-7.606606
0.160744
9.825680
5.310609
-9.269937
-8.770974
8.812353
9.684398
-6.878558
7.661483
-8.886452
7.049606
-9.195728
-8.965585
-3.118562
-7.580442
-9.644033
10.106340
-8.730664
-9.869681
6.579689
-1.725458
6.116259
-10.834892
10.277311
5.798983
9.377410
-6.973726
-8.940937
-9.298294
-8.604583
10.757367
-6.905747
7.071995
9.202149
10.863896
-10.207214
3.249017
10.112466
-5.261794
-8.573482
7.799386
-3.316255
8.952109
7.611379
5.654315
9.403319
6.927274
8.203091
9.544339
-8.385063
-8.619972
-7.182350
7.798130
-8.594691
-9.212821
-8.525640
5.149691
9.019236
8.466721
-7.248916
9.491311
-6.538651
6.657067
-2.667236
8.930238
4.901269
8.490158
-8.152834
-6.920351
-6.694084
4.817000
10.095992
-9.753488
-7.971739
-4.049686
-6.655241
-8.963204
9.941313
-9.213905
7.595773
9.089151
8.787945
1.125306
10.563196
9.224795
-9.929439
9.030427
7.748478
-11.999855
0.217637
1.541759
10.436889
7.093631
-5.722212
9.591272
10.773822
10.214837
-10.170271
-9.435298
-4.072789
-9.043621
10.566194
0.668705
-9.332138
2.400478
8.742891
-9.518569
8.462114
-7.156844
-9.413260
-6.012581
9.771415
9.531232
-8.584851
9.225255
7.983849
-6.747626
10.575095
-3.249755
-11.134824
8.498911
-9.364365
5.454417
7.521812
6.283874
8.544780
3.960927
1.662041
-2.025965
4.948054
-8.489912
-10.179447
-8.998885
4.285738
-2.893410
10.896261
-3.219873
-6.738543
-7.872618
-8.898700
-10.335301
4.422273
10.059010
-9.547581
-8.780487
9.306041
0.694311
-9.532022
-5.085556
-10.206685
-8.046427
-10.947281
8.542351
-8.721598
-7.984613
-8.810516
6.269030
-9.337436
10.838099
6.902677
-9.630301
8.921269
-9.798023
-9.126802
-7.436811
-6.638724
10.589259
10.138534
-8.584575
7.655365
-2.950161
-10.761270
9.613462
9.094620
11.487914
-3.682552
-5.744989
-7.047436
-4.827042
9.992704
-11.997893
9.961204
6.355661
-9.804672
-11.995043
10.247953
-9.479296
3.813194
11.999969
-10.368606
-4.311245
2.233391
-2.453197
-9.314587
-11.999958
-9.078863
-2.599644
9.625959
4.986182
9.776155
6.969496
-3.854459
5.129553
-7.400569
-9.331753
7.333553
0.249076
9.574938
-4.013623
11.163280
-10.039929
10.099478
3.767202
8.168739
-3.746680
8.716500
6.316651
-10.371302
8.603524
10.493474
-9.964957
-8.773415
6.921192
-7.806064
-9.093429
9.730996
9.737631
-7.995610
6.950718
-10.262659
-8.243704
-8.259322
8.760022
-1.637998
11.999943
10.308040
10.611726
-8.031226
-7.120491
-7.412322
-8.212586
10.505557
10.828634
-9.262614
-9.080779
-7.226104
10.229962
-9.526401
-8.549123
9.859554
-2.695395
5.960508
9.256908
9.244166
8.632879
3.564236
7.132253
10.378679
-3.672427
-9.210253
7.563039
-9.081345
9.677580
0.453577
-11.999991
9.163528
-5.832490
10.936628
-9.406493
-11.069751
-9.512174
-9.915629
10.830503
4.647753
-8.697199
-3.500616
-8.859656
4.197493
-7.423055
-0.917735
9.677743
11.646567
-10.547732
-3.961569
7.494108
0.004531
0.377097
1.638319
-9.001881
7.953494
10.388211
-9.915765
-9.801960
6.446216
-7.848328
7.281872
-6.419374
9.903859
-11.999991
-8.981691
-7.168496
0.375870
8.332667
-8.681427
-8.589613
8.499973
-9.421950
-10.765802
-2.869679
4.134175
-8.000490
-7.321969
1.319006
-3.726521
8.692290
9.630275
-7.146375
-6.733202
8.016481
9.379107
-5.478848
-8.031403
4.170158
8.719823
11.999950
6.227323
11.999912
10.291302
3.289367
9.307085
8.808936
10.829863
3.157337
-4.579655
8.136249
-6.030860
8.412258
9.226785
-10.222066
-7.295115
-9.853688
-4.952233
-5.551303
11.674734
-11.992011
9.929624
-10.388041
7.758241
9.330697
6.731600
-10.890100
-10.163353
-1.642892
-0.023360
-9.103446
8.761960
-5.000261
10.082163
-10.555822
-0.535881
-5.992392
8.943487
9.970205
-9.943165
10.116405
5.208420
-5.883198
10.159893
-3.050287
-9.259008
-10.373568
11.207983
-8.585719
6.985805
-8.727221
-5.357081
3.644457
1.686007
-0.236489
-8.583808
10.510400
-10.002875
10.025980
5.661510
-9.965889
9.934395
-5.550809
-5.773153
-10.666914
6.083329
-9.895209
8.382676
-2.181590
5.360794
9.691737
9.262408
-9.252401
-6.381503
-9.360674
1.128383
10.014074
-8.580202
-8.926248
-8.076223
9.473522
-8.284319
-5.481663
-9.144180
-7.956153
10.336671
10.556914
-7.975151
10.014230
-9.879109
-9.573681
5.932363
-9.724137
-10.638690
8.997356
11.150813
-10.935923
9.276905
-4.117778
10.378767
-5.395965
5.178818
8.471768
-6.790724
-3.024435
2.338854
-8.815284
-10.458592
-9.858643
-11.999952
-10.666101
-9.292763
7.311400
-9.679200
-8.673922
11.999918
-10.010400
-7.410946
9.863025
-5.948072
10.516561
8.056377
9.352882
6.111248
-9.317742
11.936941
-9.653191
5.670021
1.171791
9.966303
9.915259
-9.266692
8.302729
9.771090
-10.298057
-7.617206
9.571929
-7.322078
-7.487874
-1.237114
-11.202269
9.800417
9.953131
-9.585177
0.733605
-9.301974
0.768091
-5.701918
-10.137787
-9.237213
9.830002
-10.448867
-4.104064
10.923859
-6.211962
-9.346210
-8.553594
-9.183818
-8.274879
10.421324
-4.784030
10.603870
6.423175
-4.780051
9.745391
7.951476
7.730151
-0.827493
9.543309
-8.811307
-9.608786
1.342461
5.352588
-9.953273
0.020182
11.617832
-0.305243
10.153780
-10.313478
8.593583
-9.609866
-10.468313
9.770377
10.600986
-0.346032
-9.058409
-7.465019
-4.105553
-11.999881
-3.638366
7.577660
-10.172363
-8.322414
-9.181168
10.231550
-8.783886
-3.221365
9.393332
-8.725347
-8.299900
10.155129
-0.304083
6.976273
4.405388
-10.949994
5.091126
-6.944612
-8.994191
-7.685407
4.245527
-9.617920
-1.569411
10.294830
9.317811
-2.939367
-10.087729
5.838513
-7.716084
-8.034545
-9.876945
10.532582
-10.766255
10.521982
-10.365824
9.326925
-0.334213
-4.954101
3.729825
-1.281728
-10.494186
4.255964
-1.195454
-10.481463
-9.996580
-4.127843
-7.825277
-9.506061
-5.904027
-8.497382
3.598220
10.059668
1.956655
7.744141
10.762758
4.590428
8.405162
-7.865944
-3.953200
3.492730
8.046090
4.004420
4.143237
-11.999728
-9.427562
-9.811290
10.104902
-2.511301
-7.789104
-9.731083
9.923121
8.286936
-3.009342
-9.768058
-10.263673
8.037085
-8.881841
-8.829407
6.084609
6.466240
9.261003
-9.562690
-10.547508
10.053084
8.773494
9.898821
0.006536
-10.448989
11.115122
9.813456
6.720229
-7.053173
3.573135
-8.360638
-8.202817
0.461598
7.079062
-7.187645
10.776002
-10.102024
5.699417
-9.215420
7.421302
6.324428
-8.225564
-7.695255
3.347700
-4.767403
8.535248
9.713900
-0.594938
9.858429
9.828333
-7.928222
-1.977077
-7.694095
8.876685
-4.526744
-9.248251
-2.810076
9.128495
10.772943
9.612114
8.788951
7.926263
9.221188
11.956902
9.436031
-8.966613
-6.477156
-6.357935
-7.787882
-0.416907
3.387654
-6.162234
-10.922882
10.328176
3.789921
8.322871
10.616541
8.494845
8.759602
4.624238
-3.890560
10.139178
2.117684
-8.435545
7.783579
-6.101852
6.068827
10.241612
-10.401721
5.512402
7.785629
0.447582
5.580976
-9.434947
-0.252297
2.953846
-8.048780
-3.699690
8.412077
-9.419233
10.517250
9.425810
6.524209
9.460722
7.054766
-9.759261
-11.078817
-9.608492
-9.986812
-8.776985
10.560270
11.264198
-0.270086
10.920883
9.748758
8.250188
-9.243734
-0.518297
10.653637
-8.105822
7.545207
-10.196105
9.726940
-10.400934
-6.866483
6.450819
-6.236229
-9.733757
-8.381257
-10.500482
5.491489
8.850950
4.167104
8.824798
-10.471957
-9.995820
-9.206622
-10.974562
-5.330186
9.141356
-10.256509
-4.348373
-2.845814
-9.104328
-9.240742
10.007068
7.851961
11.998650
5.880819
-5.209573
-10.247208
-1.950803
11.998174
10.529754
-10.376757
8.268835
9.795555
2.798795
5.105476
10.619001
0.602659
-10.295901
-8.967246
11.235479
7.442288
0.737910
-7.514301
-6.024680
5.082096
11.998552
3.667443
10.336605
-9.565815
-9.413705
10.830953
-8.162111
10.287768
-8.479647
-9.412166
4.851832
-7.555958
8.727902
-5.664599
8.050647
-9.025341
-3.274660
10.918555
-7.130717
1.600250
-10.144746
5.548165
-11.271043
6.440154
-0.338313
5.508114
-8.165858
-8.776482
-10.698663
-0.788589
6.704551
10.333210
-11.999790
5.923016
-8.697938
-9.249084
10.506402
7.067710
10.716822
-10.521120
8.243138
8.715502
9.006428
10.569619
-0.875103
7.076321
10.293485
-3.854865
1.348761
9.113588
-9.501710
-7.163302
6.609147
-2.320785
7.383219
3.907330
6.432518
-9.526053
9.213173
5.395606
-7.461717
9.556118
8.034376
-9.113811
10.405587
-9.926549
8.178299
-4.278304
10.676727
-1.817086
-3.102606
-1.652806
9.509790
0.479428
-9.928908
-6.084560
-10.301820
-10.449048
5.763258
2.545734
7.473783
-2.840616
9.935631
10.126412
-7.814748
-6.540734
-2.121293
10.270015
5.873965
-7.708156
6.269414
11.050131
10.045122
6.046265
-8.502690
-5.377187
-11.999878
2.307322
-10.075311
-0.560217
8.933771
9.935956
-6.655523
-9.467702
-2.382259
-6.977058
-9.360049
-9.751037
10.298400
8.855952
4.493015
-10.853807
9.466774
8.230414
9.656288
-2.335774
-7.706746
4.094456
-10.128609
-9.363451
10.697644
-4.984963
9.391136
-7.113885
-9.304357
-4.761974
-6.363283
9.588343
9.640601
7.977325
-5.138156
3.063228
9.307587
10.460496
10.191288
7.636838
0.034782
2.835300
9.492678
5.671682
4.821387
-11.359961
-10.023311
9.141379
-10.803800
-8.344587
-10.912987
9.701093
-9.739971
-8.049003
-3.357033
-10.131487
-7.760490
10.707380
-7.118279
-7.546563
-10.670060
-9.500947
-6.408417
-3.868475
-9.223640
6.306546
-8.158217
11.999998
3.424807
-10.379148
-7.253642
9.466627
-10.061526
4.501943
6.842868
-6.448995
-10.494704
9.329266
9.830222
-9.265429
-3.830647
6.029437
9.634275
-9.458252
7.697612
-10.570643
0.304590
-7.865185
10.110207
-8.322572
-9.964484
-5.332684
6.473603
-6.488817
8.078321
-8.726603
-8.522253
8.429102
9.463904
10.439783
8.263929
0.704097
10.893077
-5.861748
10.891000
8.384420
-10.685743
-8.449036
-9.915926
4.666008
-6.319461
7.192478
-5.331139
0.206008
3.108301
-0.401078
-1.510650
11.500801
-9.402165
11.189282
-0.345623
2.557865
10.248344
-9.839653
10.481338
-10.274720
-10.452831
9.744741
9.921282
-0.096504
-6.365024
-4.859384
9.495548
-11.993881
-8.613697
-9.208546
-10.591769
-7.555227
-10.629008
10.731759
0.126169
8.982488
10.151324
10.352219
11.193186
-9.954089
-7.324491
9.919372
6.865370
-6.999863
-9.417891
9.948970
9.789403
-10.818615
-10.239476
-7.916298
7.509434
-7.748724
-3.184894
-3.885633
-8.893188
8.547638
-2.915141
9.063515
-1.998747
0.418726
8.159576
9.920388
8.591057
5.841380
-7.560860
-9.933842
6.645686
-10.789439
-4.012675
8.375102
7.975154
-7.820741
-7.740426
8.798051
-9.085169
-8.057219
9.594941
-10.664431
-6.559730
11.059764
11.131349
-4.097386
-5.935131
-9.094887
9.997820
-2.975000
-10.187024
9.929436
5.352374
9.875343
6.686613
-9.518736
-5.161363
11.185061
-8.982949
0.336076
11.987305
-9.246372
3.198808
7.243175
-2.757598
-5.568444
6.444021
-10.072862
-7.715018
-9.273184
-10.155431
7.242970
10.880430
11.067469
6.011726
-8.270562
-10.698776
4.502275
-7.210691
0.606152
9.342578
3.079918
4.155094
-10.708786
-6.734974
-7.509075
8.923516
11.999147
-8.557401
-9.523882
-9.799778
6.347514
8.485912
-10.934129
5.762438
-8.677955
9.837025
8.197849
8.690668
-8.064847
5.679780
7.155503
-10.786904
9.270572
-10.537074
10.213059
-4.928364
10.694969
-8.976002
-6.897723
5.038926
-3.539760
-10.425808
2.171749
-7.397768
-9.524355
0.436828
-1.708042
-9.977181
7.126507
10.547718
11.999889
9.770476
-9.292510
-9.395464
8.053657
-8.500368
2.366279
-8.009889
9.334438
-2.961078
-9.972861
7.875353
8.642962
-4.084734
4.098383
10.099298
-10.378793
-0.437201
-9.910097
-8.458576
11.999990
-8.682204
-8.836679
10.260575
10.933088
7.777223
-10.727220
-4.930994
-9.295147
4.149258
-8.138067
1.984045
10.438717
-8.745436
2.773643
10.493706
6.146600
7.913144
-11.040426
8.375386
-4.223589
2.694036
1.039292
8.297991
7.381478
10.984495
8.260520
10.987070
-7.496211
8.193080
-9.968513
1.978049
9.869390
8.691247
-8.719975
-0.020604
0.879517
9.184457
-10.390025
10.247651
3.846802
-9.368742
-10.128766
7.610629
2.996552
10.186568
7.215130
5.886157
-4.827627
-11.999992
9.009565
-8.370003
10.279910
-5.547789
-7.182888
8.179412
-8.527691
-9.512634
-10.691821
1.047413
-8.064877
-7.797996
-7.862953
9.865195
9.526745
5.202872
10.599350
10.870718
8.536689
10.564776
10.403200
-7.252272
-9.578065
-7.951213
1.265096
-7.608776
-2.818830
-8.828807
10.985387
-1.557285
8.375099
8.323685
-10.306107
-7.758073
8.057149
-6.165935
10.579996
9.050877
7.385898
-9.518848
9.942998
-10.284917
9.549837
3.566870
-7.202055
-10.681922
7.747518
7.174356
-10.869412
-9.565673
-8.911055
10.438232
8.022908
-0.472836
5.243003
-3.711717
-9.084585
-0.537746
10.097523
-10.900701
-0.192314
-7.915060
-6.185158
-9.216932
6.801635
-8.910188
-10.936683
-6.211844
8.953295
9.784886
-10.043806
8.192118
10.840736
-9.294369
5.157330
4.991575
-7.499416
9.544971
-10.291991
7.294881
-8.336752
-8.343994
-4.153049
-11.103423
9.615898
10.948868
-6.990317
9.241628
9.676125
-9.436783
7.347212
7.533650
-4.007989
-8.882473
-3.763145
6.259519
7.789905
8.951637
-8.977057
1.123012
11.985278
1.294319
-7.308973
6.690418
3.739310
10.228431
-9.334833
5.641090
3.526077
-10.249096
-9.590725
-9.533304
-10.341727
-1.811320
-9.997148
11.234819
-6.975794
7.783632
-8.476405
-4.104310
2.491349
9.818219
7.683107
9.210143
7.815290
-11.266484
-9.595733
-10.561668
-9.512482
-6.343471
-2.685352
7.938336
5.099782
-10.676447
-10.948105
5.076854
1.316354
8.081649
2.197394
-9.128395
-8.764152
7.702578
-10.332189
9.766792
-8.763104
-2.185677
2.189184
6.123279
10.254117
10.319967
-4.900022
10.606010
6.167274
-11.753412
11.246335
8.441055
9.950422
9.634988
10.185062
4.103841
-7.236126
10.648933
0.224087
9.058185
9.356616
-4.840895
10.697574
6.068415
7.233976
9.070320
6.229781
-6.839201
5.077915
-8.508683
-9.201422
11.239311
-9.759327
2.862773
-7.887147
-0.980876
10.136127
-10.661535
-11.999921
9.043190
5.724883
-3.976276
1.238246
6.413612
-9.194278
9.221866
7.692394
9.951344
9.656699
8.524946
-9.694663
-8.747413
9.270682
4.839740
-8.205442
-10.432121
-10.450713
-8.098044
7.564021
8.452240
-2.689960
10.165639
-7.592658
-9.990892
9.816933
0.524118
-7.967053
-10.762977
3.370262
-7.906133
-7.295016
-8.030819
11.151305
10.719819
10.227146
-8.201054
-2.929889
10.426347
-10.504063
-9.534803
9.025927
-9.655426
-9.100036
-8.011400
10.941015
9.201159
-6.869526
10.752701
4.549467
-6.897680
9.412143
6.917705
-10.917453
-5.811261
-6.945976
9.334556
10.281549
6.800828
-2.147187
-1.680904
0.687002
-9.363621
10.529293
10.079786
1.430905
9.325431
-9.618694
8.318463
4.743203
-7.730928
9.472501
-7.358571
9.667228
-9.489064
3.381714
-6.183885
8.102837
-4.200694
6.477744
-8.151698
-3.750001
0.346784
9.615675
-8.347764
-8.873961
-10.365988
8.246789
8.233690
-10.227824
-6.931908
-10.564349
9.246741
-7.719332
-7.190250
-8.330306
-10.807064
7.407062
6.741101
-7.805034
9.761658
-8.670440
10.776915
-6.574084
2.260053
8.033239
-10.528163
7.349409
8.935909
3.274646
-6.532299
-7.568533
9.306070
-7.895436
7.317911
-10.725381
9.667479
-3.380338
8.482708
-8.584977
-10.116631
8.123846
5.841713
10.247257
-9.475567
9.278064
-10.254515
-9.798402
-2.360015
7.885244
10.665546
-0.310246
-9.476921
10.141718
-9.381874
-10.470443
10.742454
-0.910571
-7.740059
10.485200
-10.533959
-9.060733
4.622277
5.461738
11.160533
-6.828850
-9.188657
11.949234
5.798178
9.111299
-7.047944
-10.222892
7.443087
9.557462
-11.984064
10.838391
-3.739194
-9.480884
10.478944
5.766988
-9.259354
11.186436
8.116683
7.844266
10.156985
7.627130
-6.986549
-10.434821
-6.389031
8.158484
-1.055255
-9.885861
-9.175824
11.072714
-9.003026
-2.800939
6.048851
-10.427429
7.694509
8.356826
8.460262
3.375514
-5.352252
-7.008229
-7.021818
-5.387961
-3.584044
-8.383793
11.210934
8.754692
-6.444286
7.962562
6.827035
10.502562
7.646007
2.077497
-9.215668
3.897448
-7.505534
9.048351
-7.821265
11.999979
10.011579
-9.207754
8.703454
-9.923380
9.643987
8.365360
7.580342
-10.874211
10.890566
-8.679553
7.114887
-9.387651
-5.895925
-10.266899
-11.999363
-6.942081
-11.999097
10.615423
-10.029833
-7.206328
-5.494523
-8.347249
-10.952996
3.772839
-10.552358
-8.329352
-7.508005
-1.925465
-5.925877
-0.465957
7.261045
-10.756088
8.183390
-6.109671
4.780393
6.072115
-4.433911
-8.770383
-9.095869
8.680315
10.421813
-9.206418
-1.842588
-9.523247
7.543110
9.385976
0.217872
5.492879
10.271191
0.526467
-10.358526
-7.994590
-5.745907
5.355912
9.272053
-0.224592
-11.375197
-9.641378
10.342216
-10.142778
9.792296
1.794364
-3.323960
-8.378899
5.946950
9.118818
-1.548508
9.245426
-3.199396
1.406100
-7.346393
-3.996433
-9.840201
-3.045836
7.397257
-7.778085
-8.515456
3.118135
10.675099
7.521783
8.815654
-10.072455
9.759384
-8.549554
5.561873
8.388425
10.409890
4.548759
4.644963
-9.840083
-5.989328
-2.980127
5.764857
7.564650
-1.690598
10.150577
-7.669946
11.001202
-4.029085
-0.969585
-9.877578
-5.834296
10.059015
-9.922396
8.708926
9.385196
-4.848722
4.430183
9.300728
-3.987698
0.996403
7.309770
10.232582
9.890449
11.052330
9.117011
10.477687
-9.170057
8.232630
-8.767319
-8.133045
-8.171048
11.115156
8.805480
-7.323307
7.405586
11.350191
9.974072
7.558756
8.436328
-8.281250
3.237473
0.246721
9.781949
9.001534
-1.904414
10.294449
-10.411972
-9.913784
8.122631
-10.486220
9.092674
-8.582392
8.286723
-8.967622
-10.503498
3.367756
-5.326697
-10.374775
7.836261
8.490762
6.921021
-8.678001
7.579967
-4.598768
-8.120198
-2.693263
-11.999975
-8.855505
4.242410
-10.911130
-10.628114
-6.619153
-10.747663
10.699320
8.392829
-2.197108
-1.511335
7.265755
-9.521045
-7.539616
-9.564838
10.056834
9.578287
8.040040
-9.470763
-6.743371
7.884317
10.521785
-4.279380
1.818669
-4.072127
-10.138451
-6.178725
6.986877
-8.285885
-8.573744
8.756849
7.123142
-6.677215
9.612150
6.263873
8.658616
6.711295
-9.920274
-9.392958
9.690209
8.590279
-8.695003
10.094057
-5.169880
9.022284
-8.452498
9.263408
7.349037
9.028024
10.108265
8.840376
-5.823882
11.388100
10.467519
11.999108
-10.792588
7.859044
10.478056
-0.409421
9.884877
-7.805444
0.601272
10.755373
-9.661567
-9.229312
7.794684
7.506311
11.993063
1.350923
8.151627
-1.670085
9.828754
8.664144
1.903260
8.728342
10.688980
10.725559
-9.805593
-0.620145
10.293096
6.842740
-6.299031
-6.976863
-5.355132
4.092760
-7.297577
7.128333
-11.999926
6.690239
10.555594
8.247854
0.949919
9.907391
9.766914
-5.477294
-1.148836
8.805169
-10.179163
9.477964
6.432413
9.583237
-7.552949
-9.553325
8.023507
-4.944111
-8.403145
-3.253654
9.293178
6.771790
