12.000000	0.400000	50	0.100000	ARCHIVOS_REDES\ER\ER_671.txt
0.876585	8.235535
-10.489786
9.736610
8.561957
-3.094718
-6.823889
-6.595916
-9.781729
-0.422806
-9.018063
-3.825782
8.228072
-6.728938
7.955318
7.792570
7.210007
4.925578
-9.036700
7.946556
-7.037891
11.999999
10.846035
5.020317
-7.016909
-9.280856
-3.858432
-8.320451
4.319880
8.280802
7.053507
6.603693
-9.053077
0.575229
-11.999807
-4.495823
6.957562
-10.259374
-8.485613
7.052397
-7.988982
3.677938
-9.323554
3.833416
2.460449
8.689164
-6.353135
9.618618
9.115894
-10.568130
10.271140
-8.626672
-10.085662
4.837685
9.987820
3.892751
-7.109849
8.649716
2.798193
-10.239682
-9.187097
1.880794
-9.372754
-9.900117
-6.798391
-4.407670
-4.043968
-10.667893
-8.519692
9.321254
-10.518559
-4.370212
-3.074741
8.325191
-10.021671
-2.419531
10.969190
-3.208073
8.336113
3.064707
-10.535272
-7.739968
3.798904
9.489765
-9.484443
6.807041
10.104877
2.746804
-9.345097
-7.949725
-9.180594
8.668965
-4.621105
-8.950169
9.137860
-3.140555
-9.226180
9.975898
-2.849186
-8.483550
-9.878526
8.793551
7.762618
7.031661
5.962816
-9.595130
10.357047
5.922694
8.454432
10.656218
-11.990118
7.346861
10.427996
-7.008056
10.381800
10.611515
9.349049
-4.050960
8.332094
10.076063
7.222686
4.772791
-8.338377
-9.788669
-6.961415
9.229235
-8.281756
-10.536400
11.202988
5.020098
-10.370918
-7.957481
6.140185
-7.004798
10.154966
10.473462
9.911142
10.545208
0.107002
9.053083
-5.003361
-9.864189
-0.865354
-9.285671
11.040014
-7.222464
3.843779
6.965934
0.181560
9.622066
7.026382
2.781540
9.608392
7.728082
-10.040762
10.491520
-4.008384
10.507461
8.382878
-11.999994
7.382430
10.515816
-5.300253
5.350668
-10.688305
7.345186
10.398697
-8.376054
-10.857966
9.027340
-5.134302
-7.870444
-8.960552
11.025535
-10.061298
5.255714
-3.968467
6.595750
9.224364
8.210919
10.940581
10.828767
-6.709664
-9.486793
7.899416
9.952836
11.996818
-10.735520
8.971179
9.578361
-7.186108
-5.470606
10.256059
10.704366
2.021766
9.952512
8.156092
-7.871561
0.063139
-10.088873
-8.544244
-4.697041
9.708379
-2.366023
-10.468491
5.319323
0.461712
-3.311735
-11.473811
-8.349386
10.756708
-7.989363
-10.641927
-9.148192
8.116084
-8.977256
9.183398
8.504101
10.990644
1.861749
10.300219
8.293639
9.437697
10.807872
8.999729
11.999976
-7.627720
-3.020252
-7.725146
9.808215
7.038009
10.324096
7.111726
8.509031
3.621935
-0.654049
6.192101
9.896272
-9.048818
0.302635
7.061832
3.271641
9.138027
9.198919
-9.740018
3.504257
-9.759997
8.200817
-11.999805
-9.271623
-8.449539
10.420243
-9.016173
-7.813408
-9.542581
-0.849166
10.193544
-11.999995
9.506690
-6.455513
-9.242886
9.443967
-7.367317
9.680425
-0.883623
-2.553716
9.757457
-8.387893
11.528637
-8.237661
-10.560749
-8.449533
4.717403
11.999981
-8.420151
-9.033665
8.824283
8.346078
0.088401
9.096402
-11.999999
-3.197412
-1.479571
-9.785006
7.156698
6.905517
10.026820
9.783686
9.342822
7.720828
7.425193
6.588678
7.671637
-4.374687
-8.164417
-10.438077
4.212071
7.146044
-9.924712
8.673337
-9.461077
1.407243
-4.129454
-8.952137
3.960731
9.564268
9.442355
9.147994
-6.231695
10.255156
10.480602
-7.747371
10.900300
-7.931022
8.141875
6.851287
8.481742
3.596662
8.575704
3.299217
-11.103722
-8.282941
-2.347192
-6.176505
-8.700282
-6.200062
9.235964
8.682978
8.321929
-10.630188
3.065197
-2.760869
8.875521
-9.401989
-0.394779
-7.087254
-9.592998
-6.536298
9.655014
8.180867
9.593118
9.215543
-6.593754
-7.842017
10.371934
6.186964
-9.935321
-8.670703
-9.690906
-5.718306
0.053900
10.208563
1.363342
-3.543254
-7.413095
-8.167481
-2.723556
9.074491
1.256243
8.858414
8.390194
8.879702
9.325897
10.102464
-9.874447
7.201056
11.044155
-4.271731
-8.885611
-10.668330
11.999326
-11.999997
-6.608976
-6.263747
-9.627307
-6.348500
9.613321
-10.141547
-1.957201
4.426297
-8.754403
3.443048
-9.539019
2.099429
8.569889
10.084663
0.909672
-2.428998
8.816735
-8.586495
10.096632
-9.580668
5.123398
10.384704
-2.859292
8.400842
8.043107
-2.987611
-9.437666
10.642032
-5.156095
-9.735512
10.225620
6.754354
4.456868
-10.218999
10.035318
10.335260
5.408589
-7.051358
7.659552
-10.438953
11.997602
-4.795339
-0.635388
0.328081
-8.507207
11.075412
-6.627321
10.456616
-9.353256
-9.334402
8.641651
-2.368769
-5.070111
11.254936
9.857285
9.859085
-10.025294
9.269717
8.026282
4.438459
-10.221217
-7.653600
9.621763
-7.924508
-7.730084
3.389125
-9.208333
-7.049811
-6.657549
9.974928
-0.386951
4.798084
9.447138
10.616922
9.368766
4.368068
-9.950171
-6.657377
-11.973772
9.718447
-8.538342
-2.344589
9.816593
-9.217584
6.776501
10.280241
7.895900
1.052876
-2.613685
-11.101548
8.744071
-7.632488
7.519646
9.991354
10.840008
8.312508
-10.188913
-8.520183
-4.719373
7.378340
7.087815
-8.143722
-1.016605
-8.974699
-7.326663
-4.034108
9.670271
-9.477108
6.736509
10.028169
4.688395
10.365992
8.849230
-9.488602
8.682816
-3.439598
-0.604424
10.990441
0.481955
-9.138499
3.624742
-5.031243
-9.592827
-7.177165
-7.613558
-0.254947
8.914791
-8.831543
8.826040
6.815704
8.489437
-9.337099
8.313791
10.532775
11.265906
4.193910
-4.396783
-9.971416
-10.447569
-7.802489
9.052485
-4.730653
8.571740
3.037735
9.802793
-7.751189
-5.781655
-1.815202
4.378748
8.310157
-0.395822
-10.333932
10.489309
9.763198
-5.944477
-2.206223
2.906964
-5.698569
9.907470
9.572190
-6.404876
4.408319
0.267350
7.332639
-9.655788
8.608485
-0.312980
8.328967
10.385346
8.371499
9.869331
-7.521615
11.075968
7.711782
10.271695
10.870024
-9.055572
5.788903
-9.598360
6.782068
-9.122704
7.644092
5.959883
-2.468934
7.237299
-8.732431
8.421601
-9.949183
-7.461199
10.096941
8.946324
1.549198
-8.179019
10.088048
-9.428238
-6.663563
-10.544106
-11.091643
9.268058
-10.183780
-6.679393
-3.404656
5.368932
10.651648
10.481926
-10.572704
-10.232203
-8.860011
5.819950
9.102795
9.458724
0.694004
10.356315
-8.347133
8.286056
-9.590721
9.368102
10.873709
-9.683667
2.159424
-7.597602
8.609027
9.054075
-4.487899
9.761179
9.391080
4.912518
0.800902
10.224217
-7.345141
-2.639745
10.426566
10.625133
-0.136071
-2.983156
0.323913
10.069571
-10.535762
7.553827
-8.467909
4.780319
-5.476220
-9.835866
-10.140871
3.875939
3.428895
-8.083465
11.999998
10.952166
10.723496
11.999958
9.156098
7.719744
-7.346715
4.131987
10.479825
10.509834
-7.382366
9.054742
-9.101619
-5.195990
-10.712421
6.931565
6.666491
9.971492
9.774079
5.569166
-6.094049
8.469377
-0.405974
10.537799
-10.785595
-9.904583
3.583756
-8.918800
10.050720
9.406765
8.134959
11.140818
8.548740
-3.176047
-8.921001
3.321632
-9.385560
8.188041
-10.603205
9.849928
10.613124
7.984726
-9.663293
3.166075
-9.260305
-1.004095
10.111749
2.415909
-8.606981
10.284456
7.017528
-9.431019
-9.346758
-8.592345
-0.599890
-6.293546
-10.453135
-10.824111
6.971803
-8.792611
10.603471
6.582044
8.928372
-9.797976
10.121514
9.549621
9.264352
8.782026
-6.770488
5.732651
9.633166
8.227858
10.524963
5.166308
7.587618
9.011491
8.409584
0.569364
-9.469511
-5.260633
-9.616634
-10.539885
-7.307499
0.038038
10.706150
-10.809433
-1.315916
10.215643
9.462854
9.064229
-4.694818
10.372488
-10.274012
4.657645
-7.915487
-10.088431
9.821151
10.892376
-8.126359
-3.852895
4.537023
9.235174
8.653772
10.961933
-4.673738
8.807698
8.514050
-0.075918
9.072633
10.294642
10.298221
2.516472
-9.927541
-8.229004
-10.498193
-6.142070
-6.360340
-10.167727
10.681992
-10.188536
10.862181
-10.848802
9.811591
-8.976761
-10.052958
-9.943030
-5.847411
-6.243217
10.157805
-9.666821
-10.428443
10.400367
-7.087216
10.952881
2.458025
-9.022776
10.911690
10.466762
7.987918
-5.630168
-9.845342
-8.026731
6.330025
10.083151
10.283384
10.511296
-6.121751
-7.652087
10.374768
0.778934
11.999702
8.124955
-10.277909
-5.742184
0.671192
10.311887
6.848649
-7.113289
-9.223486
-4.339858
6.854169
1.277420
11.999968
4.384028
-6.851920
-7.633033
7.256800
-9.152933
10.933860
-5.756865
7.266108
-1.918955
-8.291232
10.892550
-7.740491
-10.120489
2.704041
-4.656051
-9.425000
-8.117152
10.556814
6.108600
-8.876063
9.872155
10.718361
-9.113724
6.635080
-0.587276
8.999573
-3.785505
0.351131
-8.786043
6.034130
-9.492353
-3.396783
8.377623
7.897629
-6.062838
-7.235015
-4.068856
-8.223066
-5.764081
-6.497633
6.112306
-0.678288
-7.226339
5.321448
-8.404955
-7.432060
11.019088
6.263297
8.718617
10.694059
-7.804627
-8.923005
1.171175
10.136065
-9.899405
8.041674
-5.638266
8.154173
9.946546
6.837038
9.137313
-9.801446
-9.762642
10.823729
10.764000
6.704027
-0.919834
11.999994
-4.783929
-9.619917
-10.514880
2.889693
-6.806269
-3.329226
8.718508
-9.573305
8.400349
-2.162629
6.308006
-7.859859
-10.809426
-6.537742
10.019805
-9.257762
-5.499608
9.013035
-9.706408
-2.986120
-3.852554
3.723493
-9.086941
10.831574
10.837553
-6.618401
-8.921591
-8.822689
0.408536
9.496372
-8.018679
9.005677
10.993941
-8.461399
7.799537
9.456132
-10.287741
-10.300318
-3.656627
-8.637360
-8.445611
5.646320
10.140992
-9.345819
10.539612
-3.617419
-8.939314
10.443975
9.098811
-8.860715
10.911125
-9.814615
-8.335291
-9.466564
9.985333
9.194241
10.458279
9.109907
10.035158
10.426711
11.995033
-8.774252
6.126551
-10.498395
4.421677
-0.919180
-8.569584
10.164225
7.165162
-3.995730
-9.943279
-4.853199
-10.160502
9.722130
4.475921
5.740233
9.333291
8.511389
11.251568
9.932134
7.425556
-10.046347
0.446893
8.834859
-7.844419
3.366788
-8.927000
-6.772779
-9.480713
-6.666548
-0.437171
10.541758
-9.096266
10.498406
-9.389649
-9.374459
-10.628062
9.538868
8.618337
9.343592
-10.633003
8.617513
10.647101
-0.745513
-10.120635
-5.367259
-8.889576
-10.198432
-10.415658
-6.471137
0.131380
9.415469
-10.405055
-6.898844
-6.797384
9.236836
9.944248
-8.360281
-7.240278
10.098808
4.239777
1.036718
11.999995
5.081559
5.355606
5.794220
-6.624009
9.294751
-7.236756
-8.941474
-10.793123
-8.514417
-9.458304
0.022745
2.571232
-7.759358
-5.246433
1.730065
-2.020468
9.667090
0.623106
2.900419
-0.369153
-6.861138
-5.828279
-9.301558
-9.025980
-10.336659
-8.073928
9.807115
0.037958
7.568803
-7.815456
11.999171
-10.070806
-8.732855
-10.688208
9.935677
9.318388
6.602380
10.105777
10.860112
8.654673
9.556330
-3.039358
10.185469
0.633317
-8.729496
11.141851
-5.751031
3.132735
-7.160048
3.676541
10.054122
-9.096751
6.915467
-10.804540
4.157940
11.263429
5.363209
8.597762
-9.759319
-9.625701
-10.601985
10.792139
-8.992506
6.971668
-6.530568
7.921105
-8.023969
-9.155608
0.938268
-9.371978
10.655983
10.096385
-8.848726
-9.320260
-8.628015
9.475603
-7.928599
7.918969
-11.990254
7.129051
10.644678
-8.332740
4.216242
-9.844496
-9.276356
11.293731
-0.621833
-10.574348
-9.009290
-6.393142
8.991720
-7.444716
-9.911882
6.024776
-10.919014
-6.895111
-7.563775
-9.711010
-9.041697
10.414927
-7.400898
-9.361273
5.800669
-1.026547
-9.385897
7.735038
-6.525299
6.426908
0.671201
11.999796
-8.086000
-8.277347
-8.602772
10.266545
10.164988
10.326249
-9.304298
-10.277411
-10.991103
9.393325
4.683668
9.273091
5.918704
-3.331766
8.739252
1.957187
8.947850
8.543563
10.615963
-7.822881
-9.974416
10.006968
-6.143098
-8.856346
0.747066
-6.278766
-0.545701
9.936326
-10.537794
-10.780424
11.999797
11.330355
-9.103324
-11.999999
-1.444812
9.376552
-10.613805
8.751340
8.928731
-10.076775
-6.309421
-9.259887
-7.551216
3.843715
-8.625080
11.996954
-11.963173
3.050246
-9.777953
9.990549
-9.332243
3.492669
10.589091
5.166117
-8.992486
6.613133
-0.449235
-9.771887
11.952865
10.811860
-5.350025
-1.684312
-9.240562
-9.693048
11.999978
9.409125
-7.151318
-8.494789
10.641350
-0.674283
9.657158
10.954918
-7.717333
-3.351498
-9.436353
-7.140927
8.796156
7.684185
-8.290481
6.289128
4.211799
6.231858
-10.181997
11.147815
-11.989188
-4.164628
0.642607
2.094867
-9.032756
4.635082
-8.091431
-9.117806
10.259543
5.920099
10.768672
-8.195642
-8.293345
7.640056
-9.179732
9.242543
-10.056650
-10.039111
10.454054
9.079840
-5.099265
-7.578024
-8.562324
-10.011756
5.850586
6.707653
10.647177
9.933197
-1.689510
-8.343552
9.036297
10.304976
9.951932
3.349577
-9.653180
0.077175
8.008753
10.462627
8.237180
0.668070
-7.922544
7.824583
-1.836715
9.455467
10.266215
9.534319
-8.163826
-6.821998
-11.998679
8.240922
7.552315
8.050134
1.628005
-11.150024
-10.198429
8.142715
6.241601
11.006565
6.200424
0.398264
-9.132109
11.036928
-10.644989
9.548408
-9.228048
-7.621610
2.805415
-2.867617
-10.287736
-7.422624
6.364560
7.973887
11.999994
10.994747
8.100826
10.045313
-3.861893
10.930989
2.526032
-7.817239
-6.813159
4.266699
6.852064
-8.737752
-8.570036
8.709296
10.950494
4.190666
10.784073
9.822802
-8.811688
-1.992285
9.381959
-10.116700
5.066514
-6.727690
8.527916
10.972971
8.504107
9.307143
8.710777
-7.023804
-0.043512
10.197210
-10.110655
9.958590
-5.679679
8.760521
-9.173926
9.912640
-10.218924
5.844614
10.536031
10.834936
8.962890
-3.665932
6.449679
-9.033893
-9.802312
10.911298
-6.762984
11.198037
9.503973
-8.717292
10.044832
10.609532
2.918034
10.614723
10.648153
2.800283
11.053569
-7.158268
1.074676
7.652418
-6.349578
-9.511329
-3.703972
-0.740368
-10.528449
-9.631436
-0.209379
-8.696810
-5.935815
9.637782
-8.432385
9.650572
-10.397490
1.871132
8.198821
0.361599
-9.171341
8.943502
-4.364224
-9.620058
-7.855959
-3.220605
-9.345885
-5.431419
6.685270
-8.819098
-7.645505
-11.069480
8.100195
8.582665
-0.723476
-10.600486
10.205649
-9.554121
-0.977060
3.647862
8.871460
-6.306121
-2.397203
11.999707
7.814824
10.041946
8.389783
11.049095
-5.272252
9.842405
5.740103
-5.933138
6.483187
1.747535
9.316747
-10.338724
-7.769087
-7.901843
6.111727
10.769661
-0.379570
10.468783
-10.244487
10.140982
-9.409730
-7.538426
10.244006
-4.761483
8.661634
-4.918781
10.387161
-2.547690
-1.977467
9.265557
-9.871849
-9.742140
9.677123
-8.999271
-5.210281
-8.371409
8.961245
8.353479
-7.700441
-7.717116
10.700058
10.076389
-5.225697
9.166250
-1.342172
10.377311
-9.282733
-9.131620
-5.090081
8.101125
-3.131223
-10.006915
7.586983
9.317998
-6.915697
11.079406
8.378043
0.116910
10.049527
-9.550081
10.754027
-8.470701
-8.414443
7.668823
-7.351382
5.952099
5.933395
10.193654
-10.299595
9.699533
10.770407
-10.646175
9.512061
-9.426255
7.659128
-8.465344
5.126508
10.538020
10.054860
-10.778998
-9.851982
4.808560
10.882151
8.925259
-7.497300
10.411291
7.288129
9.748551
8.841784
0.921980
4.810634
10.537365
5.155478
9.454338
-8.712362
8.845245
10.891270
10.476589
-11.995485
-6.172417
-0.772574
9.315371
-4.951792
8.098783
-10.877935
7.516810
9.005126
-9.435838
-6.378679
-5.583766
10.978167
-3.249168
6.434822
11.325184
-8.823462
10.610394
3.321171
10.264171
-9.392522
-7.278970
-4.201868
10.175046
9.000011
-4.966002
10.098447
1.530800
-4.584362
3.475189
10.118738
11.246485
7.308327
9.788596
-7.871516
-3.079098
10.885806
8.907752
11.999985
-9.865707
9.839502
10.931753
-9.000628
-2.409900
6.547357
-10.430799
-10.791196
8.611388
-2.675208
9.057559
5.838598
-1.495561
-8.413695
-5.626827
-7.062940
-3.574588
-10.031196
-9.033902
-9.645683
8.864665
-2.994055
-8.058610
-9.870476
-8.537750
-9.884842
-7.107843
-9.545177
-4.678673
9.284510
-1.624282
4.594058
-10.425257
-3.202423
10.226972
7.085171
-2.480640
9.206223
6.238507
-8.347083
6.254540
9.992978
10.136848
-10.551307
-8.494638
3.355019
8.765182
-0.351215
-3.860376
7.637449
-3.981619
10.285781
-3.722943
4.239929
8.952684
6.898047
10.213146
-2.669242
9.412249
-8.629905
-9.812560
9.896541
4.471165
-8.364650
10.832360
7.517820
0.464310
10.706672
-11.971430
7.832325
-10.334733
-6.319939
1.040789
-10.125678
-9.529865
-5.466410
-4.416475
-9.050127
11.024999
2.614616
5.199528
-7.908611
10.993873
9.041924
10.315003
8.716027
-3.782562
-6.770478
10.111664
-8.966994
0.451078
-0.342383
10.989633
8.826269
-10.280193
-8.663985
-10.844293
-8.471158
-9.479129
10.489915
-5.040711
-3.221948
-6.796967
-8.053654
9.143604
8.627706
-5.980858
8.453300
-9.550170
-1.013143
10.389640
-10.379538
9.493804
-6.930721
-5.234217
10.173281
7.875025
9.876500
11.063195
0.610540
9.858796
0.072155
-6.526984
8.680288
7.588261
-8.884095
10.343256
-7.986423
11.999994
9.321766
-9.909747
-0.754403
6.036994
3.277395
-9.059385
10.921992
-8.611615
-5.120814
9.207311
11.922085
7.262431
-10.098260
-4.920221
4.074869
12.000000
8.892627
-9.992229
2.242074
10.673804
10.447126
10.489509
-11.999951
7.581536
-3.934525
-2.804023
2.979232
-8.755584
7.747816
-7.460348
3.625850
-10.653133
1.990046
-5.199484
9.303552
5.990377
-7.494251
7.086375
-8.470860
9.666439
5.352784
-7.942896
9.241815
-10.058653
-10.464528
-8.752118
7.408160
10.549413
-9.683515
-6.077101
-7.048515
9.252321
-7.787923
10.246526
-5.435407
-2.871610
-7.718022
8.623758
-8.524859
8.765214
10.652625
-6.268642
8.217137
-9.322091
-9.634910
5.463070
7.846577
-8.295825
-0.122580
0.409577
0.761838
9.058433
10.780195
10.357252
-10.236668
10.738641
9.653776
7.363582
-10.629475
4.337729
1.817163
8.136181
8.654944
-6.377727
10.366349
-6.811007
8.097572
-7.494773
2.701194
-10.435158
-9.222105
9.801042
7.641210
-10.501198
11.080723
9.401440
11.515759
-10.758993
10.425693
-10.429885
9.774275
-8.673294
6.314620
7.659487
-9.334476
-10.210356
10.324621
-6.873608
9.692218
9.344554
8.626149
-7.779657
-3.019109
-7.466445
8.986942
-1.612343
-6.512321
-3.611992
11.022119
9.279636
8.267103
8.349242
-1.276200
-2.432925
10.141229
-8.444031
-9.276458
11.000807
8.764815
-6.837461
9.627043
-8.172342
11.999978
-9.773508
-5.162525
-4.050478
-4.991261
-9.499447
9.302457
-9.459126
9.750286
-8.404221
-2.047037
-10.675269
-7.397839
-0.619450
-7.254817
-1.431749
-4.166398
9.461354
9.326964
-9.565243
-7.731704
-9.823665
10.432455
9.494794
-9.679195
8.501014
-11.806248
0.541427
-0.352592
-1.106724
9.468634
-10.731981
-8.998192
-10.488154
-1.834209
2.847172
10.904644
-8.341122
-9.525191
9.250444
-9.165343
10.771914
0.160167
-3.491077
-9.246466
-10.667201
2.723950
-9.884847
-9.650102
-5.707708
9.528860
8.286663
-0.344995
-8.904017
8.399593
3.337287
10.682067
-10.489229
-9.189468
5.032846
-4.798337
-4.992462
-7.781179
-8.772034
-10.166881
9.348523
-8.598386
10.465773
-1.313833
-3.901015
10.041294
11.249363
-4.636040
-10.812786
8.341058
9.035488
-7.531238
-9.844870
-10.652401
-8.390224
10.445699
7.794399
6.620742
-6.885721
-8.589043
3.633432
10.788739
3.767025
-8.813211
12.000000
5.321639
-11.172674
-7.760767
-8.479540
6.928577
10.862031
-9.787813
-11.048725
4.482996
-8.967822
-10.862956
0.947733
-1.587918
7.370769
-9.012948
11.915086
11.182525
10.707598
5.956095
10.323844
8.366431
-9.944889
-0.351716
-8.708993
11.153812
4.664019
-9.792184
5.724058
-9.513284
-10.567490
10.467907
-8.144592
-7.724397
-7.743216
-1.197343
7.860472
8.988918
7.477511
10.167692
8.913348
9.440096
9.149353
-9.974836
-8.378712
10.131611
-0.007344
-4.954610
-7.876257
-1.281048
-1.364835
-8.504880
-8.779326
6.037707
-7.674895
9.785964
10.804073
11.129536
9.486539
-1.411541
-10.155906
-9.528270
-10.137738
-8.769978
9.379807
10.717242
-8.284736
-5.033872
7.922824
11.456105
-9.076758
10.910815
10.102803
10.908990
-3.898617
-6.176047
4.080498
7.072992
-9.134616
9.292593
10.065242
-6.576200
10.647105
7.312852
2.420369
-10.752891
-4.606272
11.430157
10.161845
10.008841
3.677613
10.933857
-2.254620
8.511848
-9.801773
-10.601363
-9.968433
10.786732
8.874980
9.840570
6.445061
9.506241
9.097348
11.242139
8.903722
6.260057
-5.387511
-5.153131
-7.435373
-10.681009
-7.347435
-10.375467
5.840269
10.872539
10.017546
5.783224
11.018726
-8.658394
-7.271772
9.870975
-10.443316
9.617765
-8.152758
7.319029
5.651374
-9.966219
-4.495454
10.900479
9.018880
3.049500
-6.467906
9.148780
-8.992812
6.350702
10.698059
-5.732147
11.999998
3.146979
5.775642
7.203663
8.538403
-10.544276
0.720307
-10.688089
7.947958
-7.248150
-8.846449
-4.979091
8.817499
-9.216722
-8.412389
10.778762
8.848606
4.127910
7.656605
-7.628971
1.425480
-5.488711
9.624664
-7.110495
8.508164
-9.639323
10.092858
9.784086
-4.787170
10.598531
2.263277
8.716215
-9.795969
-10.130992
-9.089400
9.274382
-5.391654
9.924631
-9.272493
-8.606248
10.098148
-10.201602
6.997065
-8.268621
6.761432
11.290603
2.968248
-9.159708
10.299965
7.879975
11.999999
-5.289309
-9.329102
-7.287306
6.093614
7.611494
8.759001
9.854609
-8.770243
12.000000
6.319442
10.970522
9.214157
-3.216518
8.302630
4.204239
8.963795
-8.461313
-10.393685
-4.209157
10.106463
-2.855702
-6.932347
-1.165611
10.837056
9.818810
-0.715688
-8.175341
-10.944902
-8.134213
-8.932914
-7.330525
-8.896890
4.163998
-8.962247
-5.214424
9.406041
8.865623
10.072506
-7.825919
11.999296
-7.300881
-0.122612
3.627212
-7.137263
-10.071603
-6.004668
9.403995
8.654823
2.163374
8.053907
6.664683
-6.507177
-8.888240
11.014998
-9.658926
10.643579
11.165847
7.167626
-7.395891
7.741680
-6.961720
-3.237245
7.229266
5.047280
-7.762940
7.480492
-8.492429
-1.733903
10.811080
-1.615898
11.717126
-8.506992
8.731013
2.735889
10.695594
4.042130
10.333639
-9.960775
10.514823
-9.638568
9.463304
10.225882
7.225597
9.572783
-2.831724
-10.089703
8.107411
8.992274
10.263753
4.197690
-5.264675
4.876184
-7.896888
-0.696549
-10.010947
-2.643712
10.840652
-2.165732
1.252037
6.734345
8.588881
-10.538141
9.626019
5.149616
6.222704
-8.721940
-4.330171
-8.463300
-10.941328
-10.177070
3.419984
9.503525
-0.371252
-9.946472
10.922652
10.416745
9.932245
4.162545
-10.538133
8.151521
-6.701520
-8.899077
-9.787902
-6.607594
10.426388
11.022003
-9.378925
7.446373
-6.110931
9.792203
-9.393229
-10.076599
-3.189330
-9.424001
9.167134
9.475197
10.769242
6.793164
8.886105
-5.612552
9.409227
-7.709114
-10.024783
-8.669915
-5.208373
10.151535
8.902515
-0.122244
-0.190912
9.909639
10.249592
-10.551725
9.661613
-6.021500
8.296623
-10.593130
10.418711
-9.644993
-5.929115
6.656062
-9.991116
7.756290
9.246736
9.358859
11.999999
8.712746
8.602072
10.727546
8.593949
-9.417643
9.195287
-10.111642
-7.236404
8.391997
8.621215
-8.860251
8.594423
2.693248
10.408810
10.420173
10.601849
7.373978
-8.363346
8.958731
7.880142
1.683424
-7.384028
-9.313242
-9.347128
-6.498958
-10.719893
-9.889045
-5.596980
-9.317399
-7.493651
0.513521
-10.667136
9.371282
8.657891
-4.193169
9.303574
7.447199
10.770118
-10.049282
10.501324
10.914724
-0.455062
11.070348
10.112018
10.627914
-0.284922
4.281347
-3.564248
9.663172
7.958833
4.943030
8.808975
10.592814
11.999302
9.446811
-5.940717
-8.264169
2.337163
-5.127349
-3.698218
-7.790404
10.207988
9.567878
-9.331583
10.281733
9.679257
-5.675886
10.484503
11.042111
6.912680
8.633468
6.922265
-2.633192
4.340252
10.500500
8.469901
-7.217983
-8.935409
-10.453594
0.612203
-8.892979
-6.783418
5.771619
-9.404618
7.631441
-10.850540
8.396964
11.999873
5.886577
8.299439
-9.249184
9.770793
-6.060953
10.713730
0.563343
6.909219
-8.627899
8.574910
-4.182544
-7.192819
-3.989364
8.916257
-10.100649
9.545643
-0.346299
8.853945
-2.767073
8.342193
-6.500467
-10.194012
9.992207
-8.882190
-7.615581
10.142563
9.954153
8.675392
7.736664
-6.672666
8.786477
-8.723058
10.899093
-2.679733
10.063094
-5.310531
9.557173
9.406993
8.335502
4.992934
-8.751428
8.983538
-8.062843
-7.153194
10.123890
8.237446
-9.179587
5.904076
-3.248312
3.267983
-5.314396
-10.465333
-5.991489
-11.341787
5.504422
-6.639543
-6.457691
-2.260595
7.873508
-10.665008
-0.655255
-6.530303
8.188909
9.689137
-0.439864
8.477859
-3.681439
-9.014040
9.187655
10.225459
-9.420744
4.393186
-7.342912
-10.420670
-2.814672
10.020929
1.035502
-10.680591
-9.380209
-8.122575
5.235668
-5.581406
8.197665
-8.291896
-9.616804
-10.832173
-9.403143
8.742642
-9.114319
-7.034386
4.838161
-0.992700
10.433394
10.044577
-10.095703
8.932101
-9.624309
-0.436281
2.903346
-7.874084
3.385206
-10.746349
-2.882486
5.714055
-10.160688
-9.300948
9.734392
8.571586
5.099574
-2.473748
-11.357701
-11.079926
-8.245809
10.981700
11.109364
8.509341
-9.950271
-6.233401
8.641979
-8.369038
-8.044929
9.392423
10.056736
4.918020
8.632872
7.250280
11.273528
7.725374
8.733063
-10.100437
8.113840
9.702033
8.542007
-9.640561
-8.882191
7.420480
-6.608928
8.814251
9.776642
-8.863715
-6.018552
-7.033789
10.254816
-0.041314
-12.000000
-0.717330
8.687430
-4.948309
7.168489
-10.601061
11.174510
10.256059
6.680902
-9.888532
8.994909
10.424110
-6.652958
-8.684253
-7.392531
-0.080038
7.593737
-9.135466
-7.242569
0.421621
-6.540813
2.555356
-3.455689
6.665288
8.399900
5.954107
8.386522
-5.578736
9.957025
-10.802694
10.707274
8.871647
-9.696811
9.080866
-7.913589
10.440948
-9.223297
4.783551
-8.327890
-7.871875
8.397921
8.963646
-9.444555
10.133080
-9.147457
8.542998
6.970053
0.698185
-8.974170
-8.062143
10.159095
7.212439
10.225181
-9.940567
-10.522816
10.781725
-7.200189
-9.932725
-5.598568
9.356505
9.803718
10.492496
-5.266913
-5.466636
9.457429
-7.207352
-9.895773
1.273466
7.663238
6.171165
9.643413
11.999998
5.711679
-8.997676
-1.245253
-8.898954
10.325796
11.048199
8.130993
8.693366
-10.654250
8.990736
11.999993
10.491944
-4.523729
11.999995
9.921577
-7.060580
10.480605
7.606329
-0.487564
8.447210
9.684204
9.638904
9.820622
9.190973
8.127587
9.492845
-5.725624
9.223047
7.927950
-5.778698
-10.165579
-10.187793
2.651690
9.796020
-7.594229
-9.742404
4.067830
8.518125
7.191517
-7.852940
-9.385217
-8.511646
7.647870
8.409487
-10.165725
-9.329866
10.601883
9.776545
-8.381495
-0.154759
-7.526096
0.654043
-2.440726
5.801971
-9.565924
-3.266452
9.408719
-6.881975
11.206496
10.416510
-10.480606
10.291676
4.986173
-9.377382
2.619522
10.275119
-8.900288
-3.817102
2.689189
-6.278885
7.787309
6.544341
-4.159332
7.326731
-9.724889
-9.798981
9.106066
1.992856
-10.047403
4.929939
9.117056
-9.258122
-9.960177
9.970002
-8.649033
-7.661641
10.040708
9.025173
7.595055
8.449486
7.668591
-9.882824
-5.903160
0.686372
10.746771
-0.649891
-8.755129
6.113910
-8.878188
-0.339969
10.667193
8.438486
-3.843163
5.080562
-7.900212
9.543151
-8.554978
-10.586606
-6.963607
0.385941
-5.225150
8.683427
-8.251130
5.053110
7.655420
7.997123
11.247504
-9.157539
-7.559618
-5.377220
-3.344653
-2.467871
6.483748
-6.089868
-10.031522
10.100110
8.781981
-5.845613
10.463733
10.866879
-7.699268
-9.613353
-9.695828
12.000000
5.826576
11.080406
7.112184
-9.870422
10.206666
-9.092560
4.513314
-6.013898
10.721193
-10.393654
-7.233341
-2.848612
8.002570
1.321880
-6.647359
-3.258780
-8.797008
5.998349
-9.414138
10.268014
-3.341406
5.797704
10.729360
-9.327723
9.987866
8.291583
9.432465
-3.469426
-7.356735
10.731447
-8.646956
4.917535
1.785574
9.962377
5.348021
9.828457
9.303437
-8.482972
-6.875320
-0.839210
6.787523
-5.873788
8.197188
-6.989282
-7.089936
-8.218390
7.664477
5.274990
8.076718
9.568775
-4.568097
9.107735
-10.003188
-7.900543
3.030459
-4.854933
9.046287
7.077388
-9.517635
-9.617725
-9.363137
-1.943806
-9.111110
-8.039769
7.468106
8.472681
9.530361
2.485750
-9.697720
-3.305635
2.907188
-7.191060
-6.784637
8.188653
9.063703
-7.850908
-5.561868
-8.888869
7.585129
-0.278572
-7.835744
3.133274
-9.568968
10.681568
11.999902
9.816719
-4.765376
4.746463
10.789385
7.539769
4.755438
0.196349
10.374379
-2.833916
-10.645989
-11.999993
-4.627755
10.705094
-7.600625
-8.879241
-6.151585
8.306214
-0.295658
-4.900241
-8.775447
-8.207674
-8.337584
10.188736
-9.537799
-5.335010
-8.385940
-7.851578
-7.337921
10.045292
10.203508
-8.464818
-5.828825
0.275107
7.770637
8.046462
6.455018
1.549027
8.040588
-1.557214
10.185593
1.832477
-10.252297
-9.176218
4.701316
2.844251
0.047174
-6.440275
8.070674
10.117922
10.206474
-1.119157
6.265245
-8.616400
8.467887
8.584175
2.792206
11.999998
6.815976
-2.715823
8.347911
0.192558
-4.691585
6.045112
8.168267
8.674824
-1.966382
-9.948669
-5.516371
10.577970
8.742057
9.551426
8.333021
-8.912076
5.672409
-8.582366
-0.757426
9.243515
-9.878549
8.805926
10.339713
-9.356435
-7.074879
-7.536225
-8.395955
1.545045
9.082934
12.000000
-7.421009
0.152553
-12.000000
-5.170632
2.128415
-10.106399
11.999991
-8.769384
8.262853
9.439085
7.236479
9.811386
-0.165320
-0.248801
-9.907435
-0.435238
-6.792001
4.599054
9.243393
-8.364816
-5.179634
9.675757
-0.437359
5.972987
-8.455178
10.601768
-9.179557
9.260969
10.162211
-4.678954
-5.688653
8.126784
-7.416834
4.812240
6.300379
4.476691
9.020077
-9.494104
6.331934
-9.582612
-9.818110
9.526427
-10.414607
-6.742162
8.964617
9.773364
-10.324541
-0.822177
10.003505
10.300345
-5.526061
-3.326562
4.761254
9.842304
-10.287419
-9.886053
8.126315
4.429749
8.730376
-1.019251
-8.906716
6.138514
10.652963
-8.224413
9.844282
-8.109216
-10.210621
9.234639
7.031046
-9.657394
6.227239
-10.527687
10.423087
-8.107103
-9.162411
3.649078
-10.047154
8.481003
-9.541828
-4.216197
10.614095
11.041831
-10.143900
2.999540
11.227406
9.023673
-9.821028
-6.112607
-4.945424
5.743750
9.544121
9.564958
7.798280
-0.654596
9.464238
-9.252380
-6.314263
10.333957
10.371759
-3.016884
2.740876
10.383005
9.737789
-3.194209
3.458790
8.173008
9.377525
-8.210598
8.771374
9.521738
11.059473
5.665577
-5.947291
-5.838986
-8.972915
-5.053620
11.503265
-8.156874
-7.574870
8.648107
-8.709250
4.447426
9.690079
-0.759871
-10.217207
-8.558359
9.516435
6.604800
6.241326
0.153291
-5.633455
11.003310
-1.724700
8.572782
9.575150
8.288963
10.781107
-9.012515
9.352199
-10.545486
3.353974
10.066037
10.493400
3.552465
4.756819
-9.678871
-6.601260
3.294458
10.936182
-4.275628
-6.893519
-4.711026
-10.634625
-9.940263
8.158687
-0.764392
-8.746347
-7.048336
10.374114
8.560403
2.957935
9.642483
8.257374
-5.467743
3.259613
-9.585659
-5.699763
-7.781386
9.555778
7.586665
-2.411715
9.631082
-9.661684
-7.018570
-9.289061
6.946232
-11.049552
-4.270160
11.999811
-0.283632
8.333503
3.636579
-8.320788
-10.371923
-0.174854
10.139357
6.465748
-9.381579
11.994814
9.761193
9.169115
-9.364672
4.059992
-8.492211
9.207745
6.631660
10.898323
-10.566148
0.181875
-0.387524
9.620925
-7.436567
-0.141477
9.350935
-3.060106
10.307052
-0.619321
10.511887
5.334720
1.764475
-0.325497
-8.764376
-7.622712
9.854600
11.240090
-8.703637
7.974705
11.945104
-8.687509
-4.257744
10.721190
-8.836430
-9.220684
-5.868398
-9.239118
0.134844
-9.505429
-7.624088
-8.139618
7.703492
5.278997
-7.081265
-8.886642
-1.837915
-9.789715
-11.985254
-0.597426
3.477296
9.180242
-0.670389
9.316483
11.100474
8.115230
8.894301
10.005408
6.399399
1.191438
-9.842571
-9.466849
7.734962
-6.135523
0.285508
-6.686206
4.847577
-7.036004
-5.787260
9.744679
-6.994082
-2.728010
10.242687
9.555519
-6.019718
-2.648258
10.289348
1.276692
10.627197
-6.647628
7.741305
-9.654177
7.859656
7.335314
10.586547
-8.943757
11.233580
-10.971298
2.834173
-6.537268
-7.709883
9.621345
6.652026
-9.191374
6.065470
-3.617075
6.739143
7.681736
0.620505
-10.351573
3.829246
8.161966
8.701596
-8.723951
10.101276
12.000000
3.083081
10.072714
-7.345480
6.726509
-4.363407
6.852048
9.438790
-9.887339
11.201889
3.158875
3.890690
-5.287109
8.467076
-9.411553
7.904079
8.041107
9.160418
-10.538072
-9.971361
10.372537
-8.304191
-6.444786
-4.363466
8.541950
-6.601953
9.975524
7.089551
9.276956
0.114519
-11.986709
9.305937
-9.410709
-6.692285
-6.892550
-7.774791
4.340791
11.082787
-9.307547
-9.977136
11.999990
-9.642497
10.638274
9.609585
8.026129
-6.112192
-0.780891
-10.421178
-4.749367
-5.323497
-4.932990
10.900436
9.644375
9.199646
-7.663625
6.932484
-4.000294
-9.754545
8.136654
-9.512862
6.848782
4.928442
10.719001
8.075613
10.259396
-8.540908
10.907799
11.224116
-2.337662
9.895570
10.818423
-6.252004
10.644919
-3.796436
-9.763942
-5.416045
10.259634
-7.799255
-8.049403
10.033943
5.041285
-9.394893
-8.949322
-5.809258
-10.811020
-8.699442
-9.603578
-8.223862
-7.420595
-8.442561
10.583131
-9.416745
-7.278616
6.092448
9.532035
-8.348744
11.101497
9.931118
-4.499891
10.159172
-8.966685
7.291589
9.725761
0.611416
10.312648
-5.203237
-8.420830
10.300727
-9.076775
-10.478703
10.797825
8.251118
-0.377197
7.988107
-8.831800
-5.497614
-10.373968
-9.789230
-7.909951
5.386248
-9.537038
-10.060478
-8.806502
10.337166
11.983586
-4.987351
8.123195
10.142054
-9.033365
9.832987
9.380044
9.999252
10.990251
3.920934
-8.549107
-8.194842
10.487219
-8.458770
-5.676060
8.997411
-7.304219
-7.034302
-8.055338
11.280973
10.389354
3.267474
-9.278934
-10.687299
-10.109869
10.875200
4.776556
-7.602626
-1.200955
-8.886723
-9.261001
-9.597707
-5.423651
-8.332043
10.241090
-7.732088
6.857761
9.561907
-10.689427
-10.360599
-9.942954
-10.457122
10.725372
9.329830
-8.933725
9.896071
7.523299
-10.482547
-6.225646
0.371909
-2.202893
8.070277
5.956872
10.102715
-9.400243
10.840586
9.287590
-8.780876
10.382304
10.207618
8.956907
-8.226790
-8.526132
-5.483172
-9.054613
-8.920206
-5.886701
7.799294
9.922468
10.534199
-10.615932
-5.710280
1.955547
10.962808
-0.022029
0.580725
-4.155704
-0.500048
-6.104803
-9.596968
-4.596821
10.473092
8.824676
-4.337074
12.000000
8.296467
8.119024
2.944044
8.970695
-6.340746
10.828420
7.939941
-10.499438
10.360841
-10.041774
11.316829
-8.267601
-6.459700
-9.131712
8.745709
-8.701850
11.303551
-8.454202
7.545981
9.514147
8.358502
10.664658
-9.705447
-9.385620
4.655254
-8.986237
5.744229
-4.030291
-6.138388
-9.656423
-0.481956
-8.901488
11.974922
7.660642
11.999975
9.254548
-7.579643
-9.896011
-8.440589
7.051928
-8.414636
-6.317334
11.059332
10.004467
7.420176
-8.472910
9.684065
0.107901
-4.276293
9.504838
-10.327345
-5.712844
5.509393
-8.945349
-8.812233
-10.354809
-4.098310
-8.755799
-5.440000
-2.048064
3.770166
9.982717
-8.760112
-0.641957
8.674202
6.226945
9.884967
-4.807776
0.986119
0.129587
1.851978
-7.402575
10.243651
10.660610
8.567115
9.273204
-1.783420
8.490259
-8.251005
-5.174236
9.479855
7.943989
0.446008
9.459088
10.336591
9.949659
10.115156
8.405683
-4.830855
4.410861
-5.268308
8.502021
10.184258
7.964196
8.015352
4.637439
8.930270
-10.321991
10.052256
9.338036
-10.419340
3.803682
9.545124
-9.385336
10.024972
0.135690
6.691418
-10.369280
7.138653
10.124506
9.586584
-9.007185
10.282739
8.006287
10.642151
10.615155
6.648339
-9.515969
8.385052
4.983158
8.399195
10.522011
-8.230249
10.320451
11.046549
-9.478017
10.376973
-7.628694
-9.013794
-8.503145
-6.504148
-0.805062
-10.710093
10.195733
10.623591
-7.081743
-5.899459
5.075892
11.123056
-0.412574
9.152678
8.091425
2.957183
-6.791626
8.644459
6.632719
-3.352329
-10.017624
9.090938
-8.671767
-2.735596
-8.436271
-8.148275
8.044397
5.246074
6.388358
10.251587
10.706001
6.516011
10.659587
-9.624537
4.691168
-9.269716
-7.998230
7.403962
4.682395
-1.507671
10.445364
-9.061536
-6.658399
-6.593491
-9.517074
9.694219
-9.561344
7.604373
-9.163510
-10.271308
8.590827
-1.050920
9.361374
10.586472
6.107522
8.166798
0.624827
10.051507
10.693535
6.530511
2.264223
6.424327
7.899392
10.326941
-0.194534
-6.249680
-9.024861
-4.037085
-3.513622
-0.108668
-9.740705
10.465923
-7.726033
8.061116
9.173409
9.313556
-9.313794
-11.759581
-7.437412
-2.433719
9.840041
-10.686764
10.107151
9.866863
10.200005
-0.793884
-10.180120
-0.859991
-7.553042
-0.131789
8.329710
-9.578864
9.069630
10.902815
9.767314
4.740806
7.838772
9.087546
8.067560
9.032114
10.132387
9.561511
7.813284
8.443798
6.394363
-5.878829
8.273771
-8.977626
10.350518
10.411344
7.991240
9.468188
-10.411481
8.732800
-0.356743
-9.653085
-9.718163
5.924793
9.410872
10.330588
8.148766
0.088302
-9.899960
-9.065842
-9.217888
5.696360
-1.769974
-6.637825
-7.965713
7.189258
-9.360760
4.556853
9.009311
-5.045602
9.230903
-10.283034
10.739909
-7.476624
10.375993
9.029351
9.775516
9.769004
10.868416
-6.792654
-4.186509
9.353760
0.167065
7.071546
-6.537780
9.732249
-9.519067
10.407063
7.336400
3.390905
-10.301392
-0.858487
-10.712621
-7.212488
-9.905726
-6.963312
9.615964
-3.766792
10.368663
11.998695
6.607239
9.268408
7.240307
-9.638991
-9.333244
3.625673
10.910203
1.118364
-8.705546
9.641464
-0.130927
-9.506838
8.861049
-9.071669
-8.354886
9.771357
8.890748
8.006448
9.254861
10.396156
8.456614
-10.038292
8.720232
-2.480609
4.659930
-8.551913
-10.353983
-0.000000
7.955876
2.403050
-7.362643
-9.580628
-9.773378
-9.863673
-7.986423
-8.546786
-6.774325
1.150622
10.037008
8.712280
-6.018030
0.478942
5.735690
9.154152
10.767207
-9.223236
-3.308441
-9.152670
-2.528509
10.361800
10.188430
-9.938672
5.639561
3.849290
11.999997
-7.518913
-3.224716
-7.880294
7.404436
9.869886
9.211249
-7.614382
-9.363448
5.125758
11.040282
6.736763
11.999877
8.842355
9.062290
-9.534052
7.020250
10.755236
10.088092
8.494128
-8.664183
-9.012703
-10.284813
7.444849
10.473299
11.096833
-11.924728
-8.804405
-8.660878
3.570804
-8.157556
-4.353053
9.938886
10.264961
-9.043391
9.292479
-0.838759
8.756436
8.427164
-5.300361
2.069635
10.016259
-9.072210
9.491648
10.258585
-8.845564
-9.191281
5.166051
7.868017
-5.608305
4.573872
10.500727
-9.356651
-9.374513
-8.222312
-1.365971
7.172208
11.983893
8.715590
11.426550
9.265157
0.077323
4.080651
-8.970862
-8.885857
-8.638637
8.805897
-10.191881
-8.779078
0.904665
4.765306
9.412235
-0.392792
8.982588
-2.661693
9.747360
8.625161
10.882665
5.077066
8.192683
10.730486
-4.128220
-6.957531
7.438822
-9.730654
-9.347737
9.648251
10.922706
9.600995
-4.571555
6.744169
-10.223772
-11.999786
-10.823620
9.634571
-10.043814
10.595054
9.662134
-9.181667
-6.945050
-9.328283
5.538567
8.951945
8.479065
8.375251
10.134053
10.628774
8.784654
6.553411
-8.606187
5.351678
-9.199221
10.677287
9.101041
10.478805
-7.895715
10.129016
3.997946
2.489509
0.906972
9.927075
-8.969572
0.059487
5.322849
4.168439
9.329877
-5.837188
9.842430
-9.394436
-10.151062
11.037154
-10.152756
4.644192
-7.784168
10.562348
9.317038
-8.454632
10.950610
7.554281
3.408787
1.832282
4.985437
9.516288
-9.004604
-9.690918
8.616775
3.832410
-7.854375
-6.734202
10.765976
-5.839665
10.193821
9.432632
0.463748
2.076488
6.832343
-9.900731
0.215122
9.907488
-8.861936
-6.002286
-7.335234
-9.618900
8.634430
10.062275
-8.883507
-4.264333
-10.061568
-9.494141
-10.302867
2.680052
-10.177607
8.626348
9.506607
5.820201
1.269464
8.831298
-6.836173
-8.618738
-11.980842
-1.348382
8.473593
-5.406407
10.071003
10.249992
8.930950
7.544493
-5.929599
9.862466
10.509859
-7.749928
11.864801
10.638118
7.376775
-2.049504
8.615801
10.472151
-7.919869
6.805842
7.379529
10.235695
-10.533985
10.963426
-9.176155
-10.048798
7.305204
8.699680
-8.320026
6.958120
-6.167538
10.911473
-9.627016
7.714402
7.873244
0.531298
7.758865
-4.352705
5.936637
4.253050
-7.226209
2.825754
8.909446
-2.476255
6.890850
10.060784
7.978674
-8.531077
11.293427
-8.849446
-10.057139
6.220846
-6.661536
7.618133
2.779665
-7.811453
-8.824732
11.960593
-9.631453
-10.445564
-4.190517
-6.617154
-9.372317
9.877184
-10.571168
-0.120684
11.210586
10.325727
3.727083
-7.655111
-9.256587
4.270124
9.712135
-2.002135
-8.417601
10.885363
9.335051
8.764781
-10.230866
-3.699898
-6.071225
-10.385417
6.052616
9.145080
-2.523900
9.580913
-10.194054
-9.387422
9.881221
5.470529
6.049379
-6.788059
11.238520
10.270315
7.735164
-6.470158
-8.649619
2.217628
10.761388
-7.851208
7.935401
9.046889
-9.726589
-9.751089
10.090158
-6.990051
-8.545464
9.746374
10.474136
-10.574885
6.392673
10.111976
9.523560
-6.877588
3.911314
-10.808675
-8.816039
10.932002
10.123573
4.769301
11.277969
5.290255
-3.107337
9.141521
-7.152230
8.385578
-8.905836
5.771086
6.095121
5.546664
-4.430575
9.215331
8.080878
11.053942
-5.207009
9.524268
-10.764849
-3.337775
11.992465
10.380547
10.616000
-7.132917
9.523161
10.439237
-7.142221
-6.374603
-6.822092
9.052339
-9.884952
-10.378049
9.187493
9.138032
-9.053340
-5.111686
-6.790675
-10.128408
6.302311
9.211824
-7.974012
-8.704653
-8.780866
4.928191
5.049055
11.996168
-7.527849
11.064806
6.393973
8.041959
-7.404248
4.661891
-4.739527
5.181833
9.539631
11.223522
-4.199544
-10.094073
0.435942
7.207297
-0.586889
10.666422
8.506246
10.321241
-10.828939
-10.288490
3.066432
9.410647
-10.324138
-10.330868
-4.124196
9.211909
-7.413419
-9.225052
-5.821061
9.672092
-2.957933
9.630278
10.951272
10.499066
-10.244432
-9.410989
9.815134
-11.999911
4.376641
10.262673
0.538143
6.229392
11.993548
9.570538
8.873485
9.480382
10.682714
-7.986417
9.218696
-4.066772
6.336729
-11.751176
-11.999654
-6.915295
10.185400
-10.066022
7.145550
8.383609
-5.548468
-10.688621
0.083440
-5.014254
-6.113603
10.116357
8.211059
10.151547
-6.744087
-9.955122
-8.907960
-8.183345
-9.026217
8.795172
8.194440
8.963436
-9.414810
10.680509
11.000899
-8.765307
-0.867078
9.006285
-10.352243
-7.199938
10.171705
3.225318
-3.079776
-5.260517
-3.705815
8.669524
-8.857474
10.850893
9.384448
-9.446253
10.142878
-6.230155
9.477677
2.336887
-9.719025
-6.127017
11.999999
7.808019
9.095345
4.629443
8.541574
-3.288431
-6.147295
10.085434
9.031782
-9.791877
6.979895
-8.647823
-4.085992
-8.804631
-9.232034
-5.407930
5.791688
-9.527592
10.426389
3.413851
-10.857047
-3.714120
7.361349
-3.091658
8.229646
-8.470406
9.350679
-9.173843
5.531635
-10.165137
10.859297
9.646691
-10.183158
10.164223
-9.830088
2.044556
-4.677923
-7.284993
-4.168913
-8.075498
8.885795
7.849843
5.317874
-2.696208
8.532084
8.566349
7.044996
-0.302344
8.686054
-5.341824
9.354117
8.483429
-6.053696
10.841340
-10.866468
-8.102198
8.180121
-9.569137
-8.399489
8.781497
7.770509
-10.589553
-0.338512
-8.160887
-4.732031
-8.909758
9.687884
10.865791
9.298451
-4.360168
7.092501
10.710050
-6.811592
-5.387732
-10.972516
-9.300228
9.978703
-9.748535
-8.078602
-8.966193
-10.707465
7.924015
9.038171
-6.276858
-7.720469
-8.115219
10.176647
-9.237039
-10.148418
6.764924
-10.011777
-9.481361
-6.983924
-9.710933
10.771138
-7.270229
10.820343
-9.903337
-4.458996
9.892608
9.890076
-0.116286
7.914157
9.612716
0.650949
-8.732957
9.662164
-9.228797
0.972633
8.246223
8.872211
-3.763848
-8.800282
-7.378629
-2.417554
10.205362
-9.084283
7.752032
-9.357671
8.019172
-5.924663
0.770557
-7.737805
4.170058
8.408818
7.346946
8.154392
7.930668
8.962319
-8.738861
9.699447
-5.415684
5.907892
11.999462
-2.629215
-8.712909
-10.216972
8.314589
9.953365
-9.829020
-4.863330
-8.176782
9.950685
-10.508848
1.496317
-11.999000
8.484791
-6.982657
10.446627
1.877782
0.688151
-8.709078
10.540303
10.172020
11.519595
-6.856056
-4.194057
-9.124281
5.872760
10.366694
-10.674699
-9.014701
-6.617627
9.958067
6.036784
10.807014
-9.999217
6.236103
4.242227
-10.020375
-8.593708
9.947806
-3.851628
9.871643
-8.994403
-8.482937
-6.256343
8.920717
-3.695394
-3.886998
8.671202
-0.577646
9.845446
9.243870
-1.039375
-0.950298
-8.957169
-1.255023
-9.385480
2.384585
2.964029
-9.189949
7.124923
-8.025351
10.799409
3.248246
-8.751127
7.840546
-8.791529
5.632571
8.919846
-10.571440
-6.905171
-9.495250
-8.386515
10.576306
0.310457
-8.259109
-9.039601
-1.599435
-9.372983
10.347950
-2.706488
-4.198364
1.672526
9.112118
-4.915496
10.825688
-10.268278
8.575292
-7.618770
9.915634
-6.362917
-10.639097
9.196476
11.070843
-7.752050
11.403333
-11.980762
8.611278
-3.109389
9.909492
-9.931148
10.677210
-8.644164
-8.826887
10.486641
8.383473
-8.944489
-7.476566
-7.657894
6.133318
10.358969
-10.474030
-6.438951
-3.093087
-6.955223
-9.417210
3.130980
10.594622
-9.863495
9.865099
-6.918274
-7.657456
10.727023
7.656855
-7.146385
10.871517
5.641844
9.602619
-9.916180
-5.051836
6.093638
4.062603
10.477609
8.094148
7.115829
-5.714269
-9.533360
9.562249
-3.938218
-11.997571
10.287845
10.742469
7.064826
10.502851
-4.994193
9.640365
-7.418348
7.560864
10.631192
-4.513791
-9.569046
9.621311
6.160808
-8.185145
11.044374
6.664761
-6.652091
-1.505282
9.735497
-6.702900
8.280472
7.386149
-10.250078
-10.125087
8.670656
10.227103
6.799438
-8.209184
9.358134
-6.013951
9.208283
9.917989
8.570905
-8.670436
-7.088344
9.912099
6.307967
-6.707490
8.448990
-4.488477
-8.012516
9.438175
10.045506
10.586948
-9.594996
0.342758
-4.980593
-5.722437
8.608671
6.676382
9.472530
-3.948851
-10.068465
-6.530288
-0.064891
-9.104125
-7.895689
-8.491479
9.255379
-11.999494
-8.000790
-6.619867
-10.067504
10.168020
11.994035
-7.871566
-4.819527
10.878427
-1.382833
-8.079485
-6.179989
-6.935052
3.957272
-10.129709
10.991765
-9.951896
11.999966
0.039972
-8.837987
10.759539
-9.936965
-10.513750
-6.596511
-0.382275
-1.069157
7.653463
-6.211174
-10.283360
3.228511
-7.794590
-3.672091
-0.350321
-3.125874
10.163597
8.309505
-10.267086
10.592296
-7.276102
-9.187713
2.373689
-8.774152
-9.896736
11.884974
9.899988
-10.230102
7.623614
7.699957
-8.676179
-10.261122
-4.264625
-7.596823
-10.708183
2.179428
4.603055
10.574623
10.393078
9.962815
-6.909019
9.952717
7.290692
0.484660
11.764605
-5.861809
10.596461
-0.017887
9.632648
9.133994
10.128549
-10.819710
2.005252
-10.660583
10.067685
-9.603131
10.372302
-8.466828
-1.671816
-9.602052
10.737974
9.972981
-7.518443
-11.998861
9.016192
-0.343724
-3.298313
-2.717653
-4.595101
-3.040132
12.000000
10.387195
9.615353
-10.614555
-2.006273
-1.994270
-8.754747
-10.342826
-0.273595
-9.110766
-1.176257
-10.352738
3.815232
-6.838939
9.575830
-6.949285
10.232587
11.340888
-9.405292
-10.086890
-9.902486
8.451123
7.443394
-0.874606
-10.440488
-8.865981
-8.126875
-10.902821
-9.450236
3.625115
10.833450
10.209355
9.868258
3.106217
-2.444156
-8.415257
10.330327
-0.267048
10.062763
1.445842
-9.067311
-6.376195
1.588837
4.816754
10.416074
-8.740168
-11.045816
10.352848
9.275582
9.712119
6.255082
-10.381962
9.761152
-10.050339
-8.908678
-2.915842
-3.344149
-9.246509
10.465532
10.579927
-9.532076
2.580444
8.517234
-10.824925
10.103905
-1.718417
-9.084351
-3.506857
11.999964
10.701150
-5.313301
-6.819345
-7.971939
9.425794
6.659633
-9.920781
-9.490142
-5.894156
8.786916
7.290324
-10.068819
-10.125307
-7.891814
9.745026
8.525709
-10.952969
-5.243323
-8.493953
11.207204
2.726165
-11.591362
5.831950
10.639602
8.701612
-9.623447
-10.236411
10.662050
10.884242
8.607073
-9.291672
-8.106177
-10.087040
-2.359646
-10.375920
-5.490233
-6.842043
-10.329581
-11.264520
4.923883
-9.201289
-6.345645
-11.429119
11.962199
-3.676446
3.771475
-10.085240
1.733491
0.271363
5.973407
-5.233239
-8.970018
-8.358261
-0.574409
9.231505
-9.464298
-10.717744
8.782433
-5.821177
5.403842
-10.207398
-1.257333
-3.656007
10.524023
7.533288
7.494557
10.996703
-4.114519
7.594383
-5.301766
11.101932
7.837905
-7.271126
10.191504
0.460653
0.526242
-8.207556
-8.150894
-9.735748
4.413850
-4.633355
10.998841
5.972621
8.724307
-8.672023
-7.428489
-7.591890
-10.253935
7.789659
11.005193
9.789837
0.992228
-8.740229
10.796755
-6.329374
9.379805
-8.907468
-5.168436
-7.909412
4.161678
10.579589
9.889810
7.683035
-10.644293
-10.418339
-6.358469
7.676086
-9.070821
10.306370
-8.540765
9.447851
4.236575
9.225722
1.710503
11.539075
9.895289
-7.980819
10.393039
-5.257143
-9.157615
-9.585943
-6.387647
-10.099412
-10.326500
4.229367
8.491828
4.608333
-9.339144
10.541817
-9.312522
10.397044
-9.302277
10.236230
-1.082105
7.330446
0.823304
-11.552483
11.998385
-10.411010
10.532766
-10.557471
10.590973
8.570161
10.393442
10.900337
-7.139708
-9.204884
-10.144415
8.979629
3.893440
10.312161
-2.906694
3.798751
-9.690049
1.505303
6.512028
8.703996
7.977893
8.760907
10.626922
-8.903052
11.048820
-10.164315
-4.473808
9.760598
10.326759
-5.570533
-9.116677
-8.152743
5.437455
-10.176591
9.897187
9.126499
-10.700917
-7.961118
-10.238106
11.313425
8.843454
-9.162245
-1.450938
9.389107
2.288936
9.329785
-5.826170
10.393704
7.687364
10.901860
-5.832217
9.758849
-7.439901
-6.616330
10.685045
-3.709944
-8.531034
0.372921
10.066035
11.083774
3.381891
10.703672
-5.544294
-5.762233
4.048656
-8.048837
-10.544235
-11.972438
-6.515752
-8.433507
5.989312
3.006723
8.888979
7.908355
10.098756
-0.445216
10.664424
-8.475118
-5.344925
8.816747
-7.787105
-6.624821
3.885715
-9.821762
9.978615
10.646878
-10.509728
10.280685
6.502834
-7.630939
-4.992468
-3.348666
3.326504
10.559282
10.994313
9.356711
8.568400
9.643922
9.614232
11.999481
9.751692
10.868633
9.091778
9.582762
9.105225
11.023571
-10.683063
-4.796346
9.369066
7.797645
-0.103218
2.555757
11.999998
-9.399079
11.150358
-8.836611
5.744787
7.275654
-9.297245
-3.205677
2.858771
-6.409237
-8.785227
6.916969
9.570879
3.454492
9.983097
-2.653930
9.843417
-10.845030
-7.795973
10.355003
9.469062
-8.637038
8.204612
-9.298347
10.002333
-7.579574
-2.751048
9.047895
4.586616
-9.525126
2.937898
9.973237
10.715152
0.780415
6.344348
11.091721
8.772012
10.094874
-7.730887
7.471191
9.875878
11.104681
-6.892199
4.520812
3.397793
9.519818
-6.333703
-6.679925
9.302412
3.568878
5.902991
-9.283397
10.787933
-9.467630
-4.597402
11.002310
5.216096
11.092288
-7.116585
-10.685045
8.240190
-2.249615
8.508157
8.550771
-5.798096
10.525706
-6.317424
9.521646
9.757278
4.464941
-10.368149
-6.733266
5.647529
7.438290
-9.974141
-1.849073
8.016951
5.834774
8.247668
-5.287521
8.711325
-8.453467
-11.126362
10.616697
-11.057333
10.557112
8.447307
9.812225
8.511650
11.037089
-7.403665
-3.014794
3.985103
7.994752
10.478899
-10.081781
0.616203
-5.849403
10.228264
8.764637
0.049035
-8.962502
9.690412
9.359541
10.352806
4.496972
11.984327
6.458548
12.000000
-8.975884
6.057267
-8.378265
-8.408884
0.116287
-2.756524
6.709267
7.647058
8.781257
-5.149780
-11.042707
-9.528512
10.360082
-8.247694
-7.341454
7.211239
7.142985
11.192324
-6.218834
4.896307
-6.980886
10.004273
-7.318233
9.019432
3.418020
-10.106422
7.339978
-5.807181
-9.869924
-9.078583
-0.025367
3.993523
10.176320
7.020879
-7.209443
-9.612581
6.098081
9.865534
-10.110348
-3.514969
3.044956
-7.454440
4.691267
8.794408
-5.263147
-7.539613
-9.178287
2.695446
-8.613990
3.589527
-3.705078
-7.256817
-7.908677
-7.465293
-10.345700
10.054313
-9.441752
-4.313126
8.809825
-6.475316
-9.423304
11.990178
-9.709103
-3.470054
11.035895
-8.541462
-10.700261
11.089897
-2.440680
4.276352
-6.677394
-10.315825
-5.222167
9.186403
3.259589
11.247587
-3.627662
-8.764944
-8.927798
-8.577419
-9.216206
-4.055829
9.642227
-8.696252
9.839445
-2.351546
-9.255821
11.053197
6.881158
9.934031
7.742706
6.999997
4.880928
-8.875079
-12.000000
-9.372070
8.512572
-0.419467
7.152710
-0.710197
-8.173943
7.978339
-6.093499
-4.020588
-9.757512
7.647234
10.796685
9.550527
6.883423
-5.714414
-3.554980
-7.464510
-6.178359
4.966100
6.743873
7.893353
10.676097
-6.880850
-10.555494
8.972604
-10.566148
-8.499853
6.537788
9.370990
9.627332
-6.392272
-10.320203
9.743318
-9.755851
-7.475751
10.296533
8.225770
-9.386030
-7.054923
9.784668
-2.943704
-8.262370
-6.147623
8.407205
9.228020
-8.407680
9.052286
9.216534
10.172889
10.625942
11.081213
9.478672
7.964810
-9.944911
11.999773
10.514949
-1.453082
-4.062218
-8.532295
-9.167744
-8.150383
7.077855
-9.905906
-10.515922
-9.347274
-10.536673
9.258627
-8.189357
9.874457
8.281713
-7.120106
-9.314942
-8.725617
1.309282
-8.742857
5.101417
5.609753
4.998141
-2.936210
-8.552383
4.963419
11.039530
5.959448
9.391808
-6.547233
-8.802983
-10.112430
-6.512929
-2.714253
0.127805
7.426635
7.622103
7.193478
8.692416
2.360798
7.626587
9.689931
10.479576
-8.352142
-9.097664
-11.998765
-5.302566
-8.565604
10.122931
10.828714
5.996045
9.716839
2.131068
-8.478872
9.889028
-2.828658
9.925953
10.801873
9.353836
6.544666
8.618344
10.779530
-6.171472
-6.845681
-10.539347
4.729341
-9.353027
11.056217
9.350652
6.129853
0.472008
4.007425
-6.821993
8.851983
-9.456116
9.994809
-8.019190
-6.900545
6.053404
-10.448452
-5.637186
-5.279269
-8.790733
-8.219888
-5.972624
-5.937041
-9.166547
-7.602788
-9.509061
-8.807137
2.611801
-4.916757
-2.093780
9.392926
1.184281
7.398977
-7.777951
11.328461
0.150680
9.644072
9.511277
8.764160
10.306196
-2.483923
7.528409
10.285746
3.302391
9.184765
6.439710
8.463297
10.209738
7.927844
-10.669038
5.423012
3.473352
-6.051061
5.220602
3.963076
3.393504
0.462982
-7.413294
-8.178104
9.752828
-7.643618
8.417629
-8.205297
10.345198
8.042283
-9.666904
-9.731878
-5.232549
6.811940
-0.669938
-8.980339
-1.618624
-8.994335
7.197132
-9.585088
9.626141
1.095033
9.205280
-6.773177
0.436993
-9.898290
6.427775
-8.872435
10.541878
5.237968
-10.440930
8.593569
11.998656
-1.088981
10.213539
-3.985118
-9.222197
10.184018
10.097614
9.413866
10.264563
10.642759
-4.729134
3.809994
9.600897
5.973305
10.515750
11.968972
10.021296
2.379130
-11.036378
10.758969
-7.251119
2.619443
-7.790075
-7.996401
-4.010349
-6.025187
-9.548851
-9.947960
-5.555744
-7.712773
10.628473
10.385347
10.153861
-6.090177
-1.143953
-10.471597
5.851300
-9.974659
9.253638
3.744290
0.869026
6.714949
-8.083850
10.427328
7.878321
8.349519
10.949116
9.979089
10.119564
9.098960
-0.392834
9.880808
8.436962
-6.081688
8.278035
-3.266786
-10.601643
8.149051
-7.941978
-3.886042
4.667210
-7.466516
10.157523
-0.449057
2.365654
6.088751
-6.923525
-1.608290
-9.652016
10.225726
10.335199
-10.160962
10.146444
-9.288993
-8.709376
10.842621
8.234205
-10.102014
9.228921
-8.586155
-7.332057
-3.774254
10.361262
-5.321260
10.169148
-6.527978
-10.440844
-7.124794
7.914606
-4.384338
-7.339724
-8.736894
-9.202079
3.969065
-3.934602
-9.300279
9.350483
9.780267
4.836891
8.950959
-8.338981
8.520350
10.437223
8.779412
-10.327038
-0.241448
8.027398
-8.672938
0.683107
-0.498478
-4.577803
9.468411
-4.247388
7.472350
-0.610947
8.962279
1.528598
7.770613
-7.289553
10.637973
-8.856171
-2.286232
9.130553
0.715058
9.802632
-7.951337
-9.690488
1.123078
5.409448
-0.012932
-9.500312
10.888387
-9.929315
7.743827
11.082499
6.250740
8.172009
9.712213
9.903497
9.782501
-3.834239
-8.156467
4.161015
6.224323
-7.434577
9.026191
-7.917611
9.959546
0.696200
-9.942995
-7.632350
0.565299
9.573222
-8.187279
-8.584026
9.920584
-0.444681
3.013328
5.646013
-9.025805
-8.349936
-10.228945
-6.670552
0.638235
5.747619
-1.656950
10.261557
10.169136
10.639706
9.832452
0.263813
7.431723
6.549491
-10.887084
-9.700013
-10.009643
-10.742163
-7.749829
-10.310796
10.974818
-10.891718
8.256567
9.035310
10.115211
-7.251468
5.580597
10.137586
1.701580
-7.088577
-8.957822
-9.546759
-6.166653
-3.621278
-8.032342
-10.766816
10.688278
-6.714988
-7.873934
6.794760
8.642136
-7.698720
-8.879803
3.158034
8.911656
-11.999999
4.090532
3.576081
-10.173284
9.512273
9.061906
7.707649
-9.070450
10.858852
-8.364809
6.059833
9.574477
-8.543783
10.048338
10.172697
-10.837008
6.242943
9.135213
10.455689
-8.998160
-9.128017
6.255585
-2.812754
9.598699
-10.429157
10.393061
9.145938
9.597974
-7.062409
-9.815089
-6.693219
11.845729
9.768977
10.216766
7.087255
9.478504
-10.264051
-8.334781
10.337684
-9.352981
11.443622
-4.920251
-5.499356
-9.924614
4.140276
-10.973002
8.899748
-10.067320
-8.085807
10.702221
10.808976
3.645822
-9.281817
8.299511
10.265678
8.710902
-4.228912
5.367566
3.575319
8.471847
-8.846961
7.024231
9.600768
-0.526032
10.288108
9.249257
4.767166
-2.853389
10.959925
-9.400246
3.771416
-5.373560
6.624839
4.976293
-5.947520
-7.260486
7.940209
5.518254
9.374639
-6.874705
-7.690098
-10.195879
-1.690416
10.187149
-8.713824
12.000000
9.471197
-9.040534
-7.051479
-0.121346
-8.560548
10.690109
-4.311289
9.692366
-9.306001
5.331827
7.531297
10.387184
10.519326
8.878851
0.106614
-9.105626
7.832845
10.297766
4.744664
-10.540584
3.241522
-6.569192
-0.981306
3.317628
9.531097
-9.772786
10.030582
-5.987161
11.125551
-4.380686
9.795348
-8.242828
7.646213
9.702284
10.182912
-7.851688
9.865081
-9.516599
9.444847
-4.778745
10.662125
10.483472
-8.720960
-6.756051
9.145498
-7.404737
-5.622578
8.595662
6.548905
-9.602227
-9.230887
10.666865
7.241555
-6.178306
-7.495488
-8.873204
-0.261225
-5.542801
-8.231012
-10.152128
-8.358978
-4.655844
11.949448
-9.737805
11.088168
8.681724
10.538748
10.032711
9.235241
-2.734905
-10.654382
-11.788066
7.006607
-9.391813
-4.041493
-1.402464
-4.816746
-6.123036
7.216719
6.623008
-1.459453
-7.273406
-4.801374
-7.460503
10.323615
-8.742208
11.996538
7.014678
12.000000
7.646908
11.999596
9.694239
-8.329350
6.085166
5.962148
-9.953712
-3.205847
-5.167585
8.413496
11.187589
0.631683
10.162332
7.172122
-8.114515
-7.863253
-9.860611
10.214320
-7.716938
-8.236842
1.973613
10.273574
-2.409804
9.448156
9.025520
11.365063
-9.718633
1.150879
11.097113
6.647829
10.428328
-8.115642
-10.460055
8.791531
7.912233
10.165815
4.734983
10.876211
-4.395072
8.288703
11.197533
-11.220532
5.467215
-10.963506
10.750218
-9.410380
10.676107
-7.967851
4.120319
8.150167
-2.245279
-8.008149
-4.909301
9.538028
5.976229
9.700916
10.933269
10.296479
11.999995
10.302375
3.802802
10.505144
6.664727
0.334924
-7.405949
7.338970
-4.911132
-8.502335
9.683313
-9.247445
-10.180140
-6.865675
9.021097
11.998908
-9.407947
-9.132090
8.842528
11.999923
10.513422
-10.277208
7.526021
2.341262
0.301053
-9.082600
-10.443014
8.423586
-4.141020
10.194996
-8.913354
10.535467
9.553754
7.632947
9.935082
9.443319
6.799719
10.502277
-5.568317
-1.808684
9.291267
4.019980
6.072463
-11.177909
10.494803
-1.071781
-6.222698
9.751699
7.556287
8.481155
-3.329977
-9.545664
10.376033
10.318989
8.916779
-9.272609
7.500261
10.181513
-11.034930
10.800000
10.000609
5.157527
-4.691130
-8.649633
10.202179
-11.065450
6.938343
-10.668374
-6.447406
8.096003
10.407560
-8.551256
-3.895327
-10.487378
-11.998802
-7.598225
8.502284
9.845681
-2.666537
10.911469
-9.859281
6.301664
8.966937
-8.152539
10.639441
-7.767650
-10.282341
-8.280709
-9.123100
6.104321
9.932512
8.683374
8.149893
0.511907
-5.668460
9.183059
9.430138
10.704324
8.810436
4.366926
-2.955886
8.671485
10.054308
-9.613762
-10.331122
-7.127868
1.042176
-8.738425
-8.656578
9.141727
-7.695390
9.937273
9.665482
-1.873406
8.569942
5.467415
7.140780
-9.138929
11.992592
-7.833740
-4.639820
-0.264463
-9.924350
9.781124
-6.426646
10.547764
-5.185986
1.256359
-5.179746
-7.382563
10.751772
11.017170
0.535987
7.288295
-9.267740
9.938351
7.640512
-7.529768
8.087867
-7.361721
-10.986061
9.535417
-3.867299
8.810112
-3.753127
8.333523
8.305690
6.193497
7.340025
-10.432191
11.336720
-9.556481
5.032427
6.790489
5.263415
9.089519
-7.689311
-10.032308
0.086361
9.171864
0.129498
8.303297
-9.113735
10.928769
-4.319372
-6.998654
9.288814
8.122769
9.516049
-2.684763
8.693686
5.054390
10.663700
9.374018
-0.888027
-9.297242
-6.959496
5.678080
11.114047
8.811691
0.909090
11.307404
10.026700
6.458276
-0.877480
10.142889
10.475986
-4.320561
11.999946
-8.339464
6.007730
-7.655440
-9.028553
-5.442703
7.090971
6.434109
-6.112680
0.708769
9.367246
8.816001
-6.742702
9.602147
5.758589
8.247611
-7.122014
10.862202
-8.406934
8.112634
8.627698
-10.121596
8.706335
9.610408
-9.039670
10.238389
-5.317442
-6.399250
5.839244
10.665586
12.000000
10.379877
8.305000
-10.003892
6.649823
8.608611
10.147529
-9.119495
9.347259
-9.857342
6.910929
-6.926571
8.418489
10.729231
9.094002
10.628000
5.124210
-10.006491
-8.892876
-3.827180
8.779785
-9.453523
-9.089801
11.112458
8.993099
-0.729448
-8.381523
6.315245
10.710308
10.049944
-4.389686
-9.945369
-9.003289
10.307690
-6.526480
7.560320
-5.399998
-9.895243
10.961627
-7.223232
2.606609
9.920100
8.842534
10.697348
5.536881
-10.455958
-4.788668
10.043694
-2.606338
-9.154735
-7.640079
1.278657
2.825467
11.995921
-10.866649
10.168725
9.920750
-7.115983
9.536172
-2.145011
4.084507
-5.590192
11.047174
9.086473
1.191470
1.507624
-7.393413
-8.406981
8.850760
-0.456549
-7.644362
10.169600
-9.609946
9.591706
4.759738
10.485078
8.568853
-6.135227
-6.904298
6.498002
9.603944
-8.637019
-7.689140
-0.991336
9.572525
-8.429955
6.000641
10.556783
-6.327249
-9.750747
7.787636
2.945557
10.504355
5.521456
-8.441564
8.290929
-9.642635
10.500817
-1.121931
8.953188
-6.863710
-5.879422
-10.109059
10.167375
-1.792912
-9.514019
8.404620
9.552274
11.999996
8.363665
-2.999076
-2.794876
-7.429809
8.975866
-0.333650
10.699984
9.610647
-3.275925
2.040899
9.212717
-4.469836
-9.670540
-8.314701
7.985385
-10.175195
-6.624055
-9.283318
7.051106
-9.663150
-9.315373
-9.404280
9.435155
-6.893241
-0.126537
-9.707888
-8.686150
9.305054
-7.914884
10.420613
11.157208
5.951507
-11.999975
-9.935911
10.609040
-6.691036
10.611464
-8.924680
9.411947
10.994497
-4.449142
9.457132
-6.253362
5.140741
-11.492940
9.899378
-1.428821
10.737969
6.220997
2.065160
6.510864
-9.893306
-6.931577
9.820459
10.580295
5.259384
10.917070
7.988050
11.999999
-6.670159
-9.784680
-5.484714
11.999998
-9.099733
-8.845440
0.418947
8.304075
-6.488551
-5.117150
-4.116787
8.390227
-4.457967
-7.521133
8.160505
-8.191109
9.657317
-3.018947
9.367046
-8.434868
-6.895128
2.132819
-8.765010
9.293288
-6.009841
-9.525291
-7.872227
-0.733765
-11.316586
9.974811
-6.534862
-5.898652
11.132622
7.229582
10.416219
-3.743983
-9.318729
-11.462219
9.931260
9.619947
-9.934132
-7.750424
-3.773433
8.569602
9.812656
7.500680
10.637762
-1.693941
-9.465162
10.488158
-4.478437
-8.735198
0.767879
1.236946
-11.999900
-5.730423
-4.510033
-10.395442
-10.272516
7.472698
-6.259115
-2.916732
7.189132
0.001710
9.483800
9.662063
-8.481582
10.019425
-7.724373
-5.707548
9.986243
-4.135094
-10.875427
8.750633
10.789363
-0.399101
-6.110921
-9.951409
-8.329707
-9.868891
-8.400328
9.438566
-3.174591
-2.705478
-7.582014
-11.969405
-4.767882
7.043633
-7.428568
-8.777127
-1.755250
9.939715
9.600590
-7.326232
-8.577830
10.278148
9.397378
5.283414
3.855535
9.913769
1.148201
6.784702
8.559352
9.678325
-10.317281
10.516064
-4.773150
9.691282
10.492109
-9.429656
-9.001597
-9.887900
-7.687023
7.399247
6.836421
-10.288307
7.372254
-9.454275
7.480056
-4.358382
-4.222707
10.491637
-5.100596
-11.126164
10.275250
-8.675065
10.257262
-3.031269
-9.159266
9.679645
11.242746
11.638439
-10.279355
-9.713896
-8.794153
-9.967884
-10.207076
3.859673
0.919662
-1.420880
-9.080532
11.087285
10.569471
-6.930689
-5.408202
-10.955350
-5.678058
8.945350
-10.799267
-11.999999
6.073102
7.084179
-2.822231
-7.967505
10.285749
-3.335958
6.002888
10.366502
-6.354286
10.354088
-1.898658
10.746833
-10.014858
11.138744
9.078222
-7.851290
8.685540
2.307217
-3.358350
5.230533
-10.412389
11.215377
8.755845
7.109241
-8.523647
-7.842597
10.450721
12.000000
10.787171
8.102382
1.424229
9.964615
8.160530
9.844271
-7.023941
7.251344
9.700646
10.714749
-7.955591
-10.102895
-8.079636
9.830712
10.117240
8.471231
9.828378
7.548893
7.591826
9.698308
-6.538883
-10.586326
11.092180
10.012873
6.336495
9.438568
9.504139
8.109073
10.122832
-2.133735
11.999960
-4.938476
0.183348
-8.736404
2.758225
9.858118
-5.082906
-6.632557
9.031760
-6.610819
-5.600351
-8.989854
-4.172552
7.127777
-5.430702
-6.613727
10.986149
-10.131589
7.107796
6.412225
10.826568
10.634738
-8.678102
-6.159299
-0.378741
-8.962317
6.451888
-9.500303
9.464442
8.682582
-6.882328
5.732156
-7.162543
-10.833497
-10.635160
-11.999933
-0.325819
-8.355973
-7.714205
-9.572060
-8.464215
-10.829393
9.919882
10.073934
-9.763961
-10.352220
-8.520197
10.806879
8.941512
6.114180
-6.487225
11.999994
11.113259
10.263856
9.587356
-5.065352
-8.379752
-8.817263
-8.507997
9.601297
-5.003529
-9.627838
9.393614
-7.580524
9.548646
-5.918108
-11.994940
3.249924
9.616807
-5.975602
-8.263532
10.592041
-9.438099
11.986947
-2.534728
-9.304202
-8.394529
9.102721
-5.515707
4.156375
9.828543
-3.662792
10.132866
9.549957
8.897254
8.655298
8.498853
-8.202200
8.985347
1.950151
9.964904
-10.850238
-1.170920
-7.617359
8.863266
4.144594
-5.675574
9.313623
9.704738
6.619777
9.394752
-9.748570
9.998816
7.796091
9.202473
-4.929161
-1.329220
-7.447396
-7.312977
-10.399082
1.440085
-9.881365
-5.984629
-10.411572
6.258550
9.772425
0.831828
9.912978
-9.539762
5.964212
10.119534
-4.514995
-8.369152
9.881148
10.202901
10.408701
9.587979
-11.215207
8.632704
8.340799
10.423743
-8.395286
-9.251625
-9.549971
5.481674
10.637579
-6.290491
6.332247
0.502391
-1.422998
-10.250243
-6.737524
6.610772
8.772108
-8.338329
-7.208117
-0.989588
-0.754237
10.025957
4.560438
-2.516281
9.914265
7.702606
3.445835
-0.020269
7.988011
9.036732
8.781720
-9.911027
9.854211
-10.058892
7.912952
4.470485
-9.631219
-6.864516
7.121167
8.468117
9.725446
-8.361215
8.323109
9.538005
7.422777
-7.820489
8.708112
8.542009
8.611012
-7.513481
-11.999208
-10.024653
10.320148
9.438042
-0.425481
10.322078
10.650312
-9.769661
2.271626
-10.690298
1.497396
-9.280466
-8.521064
7.625062
-9.357724
-9.029847
-9.151677
7.191093
-8.738723
10.244478
-8.712679
0.121917
3.706363
10.518883
9.923139
-9.049844
8.744136
-8.404755
-2.642507
-1.725562
0.711098
-9.733740
-7.892695
2.807324
10.228497
-9.734386
10.067854
9.541085
10.330783
9.179780
-7.930049
10.471984
-4.024093
-10.215074
-9.296847
9.467764
3.894622
9.398196
-9.490181
-10.192645
-4.378979
-9.011057
-9.096942
-10.694709
8.927197
3.808063
-6.554669
-0.703683
10.141908
11.943453
8.865729
-0.203760
0.011968
-0.564698
8.195230
10.223834
-9.879030
6.754290
-10.044892
-8.947494
8.343917
-8.675913
-0.131517
-5.850288
10.904356
-10.527782
11.019554
-10.010095
-9.960454
-0.377363
-0.332771
9.629586
8.360163
-0.893364
-6.080476
9.537882
0.638003
-10.236952
8.083500
-8.529577
-7.775843
-7.863028
9.369578
9.452540
-4.669577
6.077268
-9.786965
10.192135
1.546922
-8.662125
10.767985
-7.840019
-8.911478
9.873522
11.178537
-10.283077
10.538038
-3.197634
8.521144
10.980881
1.395910
-9.583317
-3.709462
6.485706
-9.513392
-10.830250
-10.425163
-7.755718
-6.886524
10.524250
-10.252228
7.758978
-9.988960
10.095791
-6.868328
8.951634
8.786242
-8.918650
-0.389746
-8.956472
-7.085545
8.145441
-10.572178
7.745403
4.799472
-4.103232
10.166759
10.948486
-7.945803
-9.983099
-7.714459
8.924172
-6.803625
-7.373694
-6.813773
8.369898
11.226531
-7.793898
-5.422629
-9.999593
-7.512662
-8.288700
11.999322
9.531598
0.493128
-7.943327
-8.948941
-7.658979
9.794955
9.988280
-9.002997
7.207408
-10.172091
9.099439
8.699980
7.629795
7.278952
5.750938
-8.914153
3.165826
-9.950674
-9.688823
-4.813749
-9.385010
-10.086493
9.118129
-8.157651
-0.743027
-8.469709
10.631575
-2.934410
8.820080
9.410748
-10.681632
-8.999889
9.937523
5.848839
6.237953
8.149317
4.313331
-9.042863
0.639631
11.003626
10.253491
-7.290302
-9.792532
-8.486606
-0.656793
7.576595
0.219267
5.625979
8.434051
-7.423841
10.784352
10.624073
-7.346122
-8.467285
-10.268443
0.004732
9.246118
-8.510727
8.574033
10.581927
7.811809
-1.990302
5.606582
11.587812
0.595062
-5.940263
-2.629174
7.065407
-8.970108
-10.238180
-9.135857
-7.837355
-7.001097
5.849853
11.316876
-8.439710
-9.813399
-6.826991
0.667548
-5.525093
3.909050
7.072517
8.232211
-9.167285
10.208168
10.087036
8.926358
-8.438618
-10.364919
-7.883309
10.870236
-0.286453
9.410385
9.378972
8.563962
2.821788
10.817974
-8.218619
8.662856
9.877780
4.984062
-8.604010
10.248258
-7.996322
-5.313975
9.844320
5.770724
2.492574
-2.197960
-0.298359
-9.879454
7.489118
7.827814
-8.025565
7.396019
-9.897317
-3.800367
-10.716043
10.606664
-0.869541
9.387827
-9.365663
-9.751217
-6.595427
10.624486
7.286148
-8.791717
-6.459492
10.076515
-5.237560
-11.412727
-0.359163
9.973608
10.174336
7.840652
-5.864819
0.825306
10.307734
-3.310627
-10.231748
7.927849
-1.158377
6.861890
10.714371
10.245927
-8.091176
-8.336237
10.124249
9.982297
-8.088746
-9.538172
-9.042102
9.848939
3.809014
-6.927500
-10.729286
10.775766
11.245201
-8.660461
8.269570
2.407164
-10.527683
9.994522
-8.732964
-6.980093
-4.951317
8.665580
-9.657294
2.369207
-8.923230
-7.389753
7.312090
-9.834493
-8.356559
-9.556044
9.542627
8.491614
10.837179
9.296916
-5.286542
10.612557
8.734413
-5.379718
7.987868
1.707295
-8.553634
8.694915
-11.985505
11.317931
9.615654
2.328093
2.895530
-4.926411
2.037247
-1.060740
7.947006
4.496229
-9.657607
10.032915
2.923002
10.610020
10.495540
-7.165267
4.599455
9.713657
-11.073183
-2.594190
0.083166
11.997719
-4.047505
2.401781
7.882253
-8.727137
-6.835038
9.872401
9.113787
6.034730
9.274351
8.847121
0.255020
-7.991719
10.034847
-9.522150
-10.091792
11.999872
-10.105357
-9.299695
7.869176
0.883747
-8.517082
-8.530395
9.226005
-6.281456
-9.989140
10.752231
9.647542
4.297758
-5.502292
2.284749
8.985909
2.109071
-8.894539
-8.831721
-10.826203
-11.908398
4.002931
5.384454
7.863782
0.367059
-7.678296
10.320168
9.891590
6.533109
10.013541
-4.679979
-6.348105
-0.553167
9.141326
8.176272
4.239577
-8.291388
-10.855952
-10.524477
-9.066331
10.605297
-7.179097
8.043319
6.896659
-8.731510
9.076275
10.430510
-4.475726
10.197912
-10.083472
10.296512
10.876179
10.140567
10.090024
-9.152147
10.007015
-6.349224
10.947121
10.621084
9.249466
-9.336092
8.322377
-8.415068
10.734145
9.958480
8.505203
7.767186
-4.003285
7.668654
10.036206
-9.379282
7.474277
-2.782498
-7.803373
8.890070
8.136179
8.657205
-11.023056
4.742822
-7.181744
7.940261
3.438075
10.328761
0.056115
4.702779
11.996414
-5.406546
9.369999
-7.745044
-8.662730
7.929590
9.835682
7.982324
9.270637
9.307719
-10.350254
7.405682
-6.219124
10.764987
-8.668675
5.256259
9.101756
9.389091
10.303367
10.239007
-8.477118
-0.587337
10.338321
5.870251
-3.661489
10.683495
7.994490
-10.692315
4.218523
6.564020
-10.468122
-7.099406
9.561093
10.338726
10.979447
2.833814
-9.182353
10.318868
8.270200
9.266921
10.976746
-8.809982
6.022064
9.259459
-11.982626
-9.142401
10.066748
-0.016847
5.535625
7.122800
7.908326
10.713852
0.533480
9.730901
-0.386795
10.409822
-5.752907
3.642354
10.366798
10.243246
-8.176165
-8.905849
-8.866475
8.085283
-8.722021
-10.210786
11.999693
5.917406
-7.322803
3.776846
10.699063
-5.349813
-8.907692
7.849284
-0.308668
-4.609207
8.693679
-9.552182
10.344452
-1.191125
11.999997
-5.337366
2.005128
9.618269
-0.153526
-6.724780
-8.401587
-9.762749
-6.564210
-5.364801
8.693876
5.523826
9.989753
10.589185
-9.169347
11.999995
10.803498
-0.074710
10.660873
10.043503
-10.012000
8.774401
-3.497589
8.909879
11.160003
-10.058929
-7.403875
-9.288739
9.222946
9.591455
-4.258246
9.216675
-7.602594
-9.168467
3.162450
7.629702
10.429560
8.004050
-8.773046
10.494383
-5.145835
-7.010003
-10.397476
-5.828350
-6.084605
9.201328
11.028263
-3.367665
-5.091733
-9.711932
-6.275977
-9.745314
3.264132
8.923345
-8.630091
-5.682379
9.765632
-3.837047
8.014523
-7.423172
-6.634429
-7.009036
-9.601640
-6.170764
0.267089
7.973290
-8.813912
9.784844
-5.449777
5.038672
10.474149
9.383692
-6.776266
-5.368013
5.871326
11.941080
10.236665
7.976109
9.160602
8.607011
7.373406
7.826742
10.363164
9.865406
7.408222
-8.364877
6.234743
6.868941
-10.306558
-0.213108
10.064958
10.099515
-10.009110
-9.497258
7.655524
10.551861
6.601697
9.822707
-8.089135
-9.249319
7.535126
-7.239803
4.793791
-9.830259
5.997684
-11.153031
-7.171975
-7.296763
-4.189622
10.136310
3.601835
8.851958
-10.373295
-9.888258
10.957743
8.630244
-4.610969
-10.274047
-9.304346
9.139796
10.136019
-0.498840
6.899109
9.689247
8.308855
-1.634264
-10.577384
10.597295
8.965217
-7.910272
8.497889
-9.152225
-5.950068
-7.395892
-6.764201
10.442695
-5.513101
10.296074
-7.980855
10.955247
10.704429
-4.285225
6.965790
10.945242
-4.021706
-9.472029
-9.714744
-0.003451
11.999760
10.670077
-10.255325
2.510429
9.373904
-6.806545
10.874577
11.367241
-11.379971
0.433304
10.125607
12.000000
-11.981453
10.017601
11.968612
9.194610
9.411377
-5.562179
1.007312
7.232123
10.907240
-8.535045
9.449561
4.921918
5.641006
9.027871
8.870455
7.611362
10.979113
-7.590531
-9.468767
11.712133
-8.127678
9.478594
7.499186
-10.323426
-5.556516
9.747763
-11.999999
7.991087
10.183046
10.138497
4.388554
10.126865
8.499397
-6.606400
-8.981598
-8.094480
-6.646742
5.782654
-8.858418
-3.664093
-5.414012
2.085987
9.945576
9.058899
9.825100
2.112613
-8.715418
6.057229
9.546210
-9.881763
-1.686527
-9.789460
-9.170897
-9.351387
-11.999980
-8.079323
0.018890
10.767464
-8.533439
6.243402
10.587817
6.126155
8.911650
-10.174818
-6.333997
-10.385549
4.180874
-10.725381
7.631363
10.493064
-5.581665
8.319521
9.045870
11.999561
-9.464158
9.664946
-0.071614
6.458628
-0.709401
7.211025
-8.687364
3.874146
-9.503766
6.919171
-9.967266
-8.872705
-9.024859
-2.200675
-9.326864
-3.425995
-1.582302
8.709302
-8.550658
10.453410
-11.124143
-9.173568
-4.753801
11.999978
-9.751306
-10.039368
6.936830
8.815241
-0.733618
10.316234
10.611602
11.999920
-10.103279
-5.809262
-8.345650
-9.722745
-8.848975
5.308025
8.635865
-9.378662
-6.190344
-2.442012
9.099064
-9.422073
-0.926007
9.735739
9.660974
-1.042133
9.769738
9.199050
7.730076
-7.191453
-4.927628
-0.044583
-3.466215
-5.296894
-7.259796
-2.153260
-8.987809
-3.140089
-8.896163
7.719340
-10.491967
-6.598857
7.952685
-11.999994
8.340621
-7.068756
-10.298861
-8.771607
5.093007
-8.286080
8.875313
-6.744084
-9.501833
-7.837417
-9.748639
7.420346
7.987182
-6.790085
-6.678415
7.837581
10.343686
0.310117
10.246006
-8.537592
-10.783032
-8.994379
5.882734
7.380528
5.602849
10.222703
-9.879676
10.216239
1.305575
-10.187449
10.349000
9.722543
-8.301335
-8.140240
-8.367777
-6.937146
3.275215
11.989778
-10.083633
8.614589
-4.368854
9.268926
-0.244215
-10.203117
7.709498
-3.663847
10.343643
-7.475544
-7.079539
-10.696049
-3.095884
-5.658734
-9.448387
11.042829
9.251263
-10.264886
-9.922893
-6.805829
-7.237415
-9.790917
8.258626
-8.004879
-9.786834
-6.437497
8.413062
0.066394
6.099005
-11.999929
-6.788978
10.246755
2.578122
7.504234
4.622504
-9.262898
-2.121432
3.954166
-9.743794
-7.740654
8.259830
-7.981159
-6.768194
9.936542
3.616893
-8.928677
8.159573
-10.324170
-1.036981
9.055065
10.326477
-11.999853
4.183620
-1.509726
-3.047266
5.686733
8.558278
-9.582797
0.029090
-11.976686
0.138383
-9.573992
-8.814398
-7.607892
9.696464
-4.209408
0.672759
-8.838820
10.993066
9.746461
9.539281
-9.165993
9.945697
-9.261203
-9.002137
5.977960
10.608206
-8.776619
3.959225
10.181753
8.404560
-10.004331
5.696725
-8.549699
-10.119565
8.047458
-7.509013
10.074427
-8.353444
-5.412298
9.776778
-7.689151
-3.962094
-9.047124
-10.157524
-5.439702
10.115818
-4.006168
-9.094712
10.404882
5.383366
9.166998
-10.116926
-7.685911
9.022523
-8.440619
-9.533578
-8.903071
11.634155
2.234911
-8.669860
5.258539
-8.574256
-8.312428
-9.078889
-6.319336
3.599129
10.385533
-0.342434
-0.001276
4.936160
-6.294087
9.446880
11.483126
5.701893
-9.457477
-9.909233
3.878028
8.558659
3.090766
7.993209
-8.849645
-7.815687
10.934359
10.390451
-9.855472
-5.958704
3.964041
-9.369840
10.043113
-7.653665
-9.673546
9.296952
-8.559377
7.958420
-5.653861
9.112710
-8.909200
-7.883441
-9.792291
0.834273
7.624509
-3.961913
-9.304216
10.274183
9.020156
-9.143740
4.684249
-9.919214
-6.073732
7.019653
9.180385
-1.884511
-8.764342
10.368167
-8.280991
-8.949765
10.683578
-9.996422
9.312738
-10.407955
9.445600
-8.185533
11.999261
-8.811611
-4.285768
-9.351120
7.502959
9.665315
-5.512874
10.847279
6.039732
-8.108417
9.996598
-7.244174
6.592732
10.017004
-8.132301
-9.371572
-8.444827
8.998627
-7.311463
9.031116
-7.811350
-3.621395
-10.179699
9.387154
5.582844
10.544177
5.968344
9.132604
8.106779
10.811471
-9.821164
8.987230
-7.317311
-7.882131
-10.092627
-0.857803
-4.487844
-8.619994
10.331435
10.505216
7.744184
-8.427725
1.055120
10.023698
-5.757904
-2.602763
0.494170
8.458333
9.981933
0.290986
-0.408131
10.241153
-10.352233
-4.918953
3.885722
-9.576023
7.707212
-7.584065
8.997892
5.116477
11.237219
8.749425
8.073138
10.102329
8.685764
0.045187
10.659609
9.851070
9.284327
9.231905
2.351459
5.614112
-6.534656
7.427760
7.597254
-9.092210
9.773129
-10.400688
10.347950
-8.237428
-4.859242
-9.013393
6.246478
-8.919269
7.014419
-10.404892
-10.685739
7.499539
-7.542254
0.223380
8.722272
10.434451
10.180099
-5.307044
2.250978
-10.493703
-5.102204
-8.738590
9.911100
9.996357
-8.645875
-8.890964
9.874109
-9.784126
-10.497403
0.591150
-10.397496
-3.752461
8.193265
7.098771
10.526279
10.115885
5.473103
-7.647449
-10.209759
6.782510
8.970572
-9.971602
9.716547
-8.832403
-6.489313
2.778694
-5.867840
7.723515
11.132041
-8.569626
9.586586
6.650055
-10.524566
-7.175075
10.181467
7.295037
-9.864013
-1.319374
9.503203
-10.690000
9.215389
9.833612
10.498846
-7.715006
-8.970642
-9.909164
-7.502606
-4.479674
9.991922
8.062925
-11.999995
9.642359
8.164903
-9.212861
-7.902628
10.502464
-8.610375
-10.079152
-7.275238
8.316323
-8.486484
10.616862
-9.315411
10.174394
10.505479
-7.181789
-9.385388
-8.167584
9.326488
-9.093194
-10.386177
-7.732138
-5.437389
10.059963
9.546577
-8.549208
-5.890010
-9.984835
10.172216
10.750480
10.698711
5.597593
-2.716170
6.308524
10.254452
7.942392
7.082815
-9.490140
-7.997775
-3.433850
-4.464354
10.414178
-9.646692
7.572647
-9.104597
-4.684873
7.253283
-10.488696
6.342185
7.857170
-4.834238
-9.308305
9.638330
0.050462
10.423649
0.469550
9.837497
6.674785
-4.604070
-9.733919
10.392641
9.814174
9.999474
9.264940
3.992444
-0.028088
-7.571476
10.557931
5.023771
-7.275127
-9.757903
7.298534
0.176441
-1.461867
10.103368
10.974172
-9.955601
10.825432
11.188785
-10.158568
10.948677
-9.916696
-10.838012
10.219967
-0.136878
10.494821
9.287832
-9.505243
-6.889838
10.413428
4.500982
-4.205396
-7.640377
9.843620
10.325560
9.335852
10.172329
-5.108127
10.179413
-8.368748
-4.259192
10.666882
10.001126
-9.199152
-8.728656
-10.198124
10.520244
5.818922
-8.838611
-7.711133
9.501762
3.824850
-8.388272
-8.257979
7.100770
4.272480
10.234237
11.999999
5.425012
2.860230
-8.111544
5.218763
10.665769
6.071513
10.641064
10.740299
10.857114
-0.236763
-4.336855
8.765912
6.101396
3.647327
10.785970
-6.967259
8.526762
-10.908594
0.676373
-7.801152
9.775394
-6.969274
9.881320
9.767395
-5.190938
0.611666
5.787935
-10.825886
-1.673725
4.644302
-4.992552
-7.937832
9.757743
-11.997336
11.999998
-2.494221
9.765214
-4.035254
6.991754
7.743160
-8.949232
3.727934
-5.906049
-8.835469
-8.249871
10.752840
-4.912204
5.221731
4.967512
-4.860648
-6.770378
6.711710
11.256985
9.167025
-9.326870
10.166682
10.387082
9.215474
6.284834
-3.683811
6.581157
-9.763505
8.109890
8.369594
9.209005
-10.225464
-2.199721
7.297011
9.889655
-10.902532
-6.577997
2.834278
-7.289335
-3.104219
-7.670417
7.632414
-9.396027
10.487521
8.669443
1.361666
-7.965328
9.896636
7.419821
10.115710
7.323083
9.201359
9.950375
-2.763949
-9.882602
-10.044253
-8.758741
-0.081764
5.184178
-5.743167
6.737411
-9.572260
-7.537990
7.049854
5.652300
-9.292312
-7.110490
9.348192
-2.401493
-7.237830
9.022917
-3.987716
10.016650
-10.358415
-10.565970
8.963482
-8.928390
5.671143
9.881489
-4.157087
8.141829
-6.994041
3.645843
10.497633
-10.520789
10.860712
-4.032131
11.350282
-6.240497
-5.038967
-9.344460
-9.763209
-7.233589
10.865742
-2.707339
-8.698792
-8.296029
7.818835
10.038416
9.753318
-9.301087
9.885575
11.035625
-9.083600
-4.545883
9.679239
-0.506598
11.999969
-6.573505
7.575629
9.059912
10.449400
-9.760673
10.120638
7.336756
-8.998391
9.699460
-4.743440
4.843572
7.390889
-1.672482
10.963374
0.218981
-9.651620
4.652073
-0.803893
-10.096960
-8.199595
5.629356
8.201728
10.425265
9.303549
-0.282601
-9.273199
-10.091429
-7.805404
6.161547
8.820751
-8.192979
5.367787
-9.420443
8.943943
6.265841
9.787785
-1.543148
-7.807284
10.081064
-9.565810
-11.999829
9.631161
-6.008438
8.404805
8.089373
-9.552486
-1.208100
2.358189
-7.178753
9.034161
-4.129225
8.188359
-9.554431
9.560876
9.001183
-8.385037
6.436185
10.924919
9.534130
7.351922
-8.695969
10.617679
0.580161
-7.808173
5.311428
2.549673
9.482774
2.504871
2.273634
10.853229
9.548001
-8.130321
-10.008897
5.780530
-9.136342
-7.940255
8.749518
12.000000
-9.778222
-10.333722
-10.281854
6.498400
10.425492
-3.956517
-9.845441
10.668201
8.960846
7.957845
9.060299
9.810842
-10.569422
-10.314472
9.757280
-9.267254
5.725886
9.953286
10.809059
-10.701704
-11.085969
11.650826
6.546256
9.962067
-9.018307
-6.667501
-6.207023
-10.931708
-6.075386
-1.485320
-3.657552
0.336209
8.811406
3.559677
-8.603917
10.325309
9.582432
-10.469435
9.096259
9.722706
-11.209524
9.284289
-11.999992
6.480506
-8.423117
-10.501760
-0.274839
10.793301
11.932688
10.143693
-6.779317
8.914686
9.160836
9.591579
8.706873
-10.036693
-10.192539
0.412215
-10.192433
3.983299
-10.106465
-7.871410
10.060083
8.663265
-7.464404
0.015332
0.745064
8.437630
10.291051
8.867581
8.085647
8.079951
11.970585
10.040545
10.634284
-8.882158
-8.314412
9.499626
-8.638231
0.081946
-10.097126
-9.129928
9.723868
-10.713757
7.364267
10.374129
0.008060
-11.099703
-7.454745
-3.064953
10.970324
-10.270611
-10.656272
-8.448513
-9.217271
6.928660
-8.696673
-9.624027
6.522326
7.223542
-0.040206
9.118562
-10.074435
9.517748
-6.550261
8.669158
-11.999999
-4.459834
-0.156616
9.498747
8.889538
0.098314
1.227770
-9.297390
-7.579610
-10.590249
-8.885991
11.187401
-4.580084
-2.480957
-10.194028
5.607169
-5.641572
-9.848983
11.019668
-8.915167
9.852349
-8.369131
-0.220646
-6.935246
10.497078
8.041937
-6.539947
6.800129
10.059009
-8.997614
9.160598
9.688454
9.987311
7.918272
-10.167750
-7.332075
10.811572
-7.540062
10.682824
11.997840
8.209417
9.768537
-5.409654
11.999998
-9.796523
-0.693393
10.741552
0.291451
-8.805230
4.613089
-5.271883
10.684500
6.337943
10.674272
-7.909084
3.656380
10.674504
-9.496358
-7.582114
-8.495432
9.721953
9.949422
-10.587815
5.091421
-9.776219
10.633928
10.329050
-8.392953
11.248252
8.617897
-5.454322
9.523915
-9.950002
-5.636699
9.410263
10.523123
9.022694
2.900799
7.996598
10.531552
8.545913
-8.395640
-6.915439
10.299233
-9.229910
-0.166204
6.640877
-11.125273
8.189831
-0.321447
11.352459
5.708288
3.364829
-9.208792
9.776914
-1.405220
9.283645
-8.164070
-5.547892
-9.897289
8.099869
-6.896933
11.999999
-4.378933
8.809600
10.322608
9.270429
11.853305
-7.752949
-4.832458
10.628732
-6.442357
9.284285
8.863305
6.630521
10.682073
10.766473
6.609592
-6.777464
5.581000
-9.858467
10.709351
9.921391
-8.696094
1.610385
10.877941
-5.268106
8.441597
11.509898
6.425915
8.958378
6.975305
11.739476
9.210688
-3.569075
8.593629
10.295743
6.466860
-2.399136
3.347128
-3.990859
-9.938852
-8.677164
-9.526369
5.148039
-8.114351
5.901975
9.930626
5.318315
10.463203
-6.151552
8.740880
10.973306
8.946444
10.393860
7.286154
4.219574
-8.012872
10.091827
9.303094
-10.235070
8.092382
-6.836283
6.467570
-9.009650
9.801305
-2.361407
8.322946
-7.981119
10.753312
9.693116
-6.997319
-9.489010
5.824179
4.343432
7.883187
8.349252
-9.259370
7.770394
-10.590415
7.788154
7.340203
-9.511096
9.988091
-9.683719
-0.476850
8.147771
-9.674744
-8.209147
-1.862037
10.029196
5.995750
10.029416
9.436105
8.423534
-8.305639
-3.090396
2.873406
-0.316864
-7.049078
-10.219511
10.475301
8.537383
0.001214
-6.749858
-8.501632
8.945820
10.333449
4.205370
-2.495941
9.426251
7.521449
-9.964485
-9.834238
-10.222091
2.989348
10.000982
-9.307067
10.115477
4.701349
10.172105
12.000000
7.661908
4.787444
-9.115502
8.411169
10.527975
-9.238960
-0.469792
9.367016
0.451253
-4.101304
7.071296
8.452226
-10.432458
4.663109
-6.114761
-9.920833
-9.873526
8.193295
9.821257
-5.739989
8.070927
0.728256
6.428655
-9.376344
10.205789
9.573391
-8.994876
9.094963
-7.406924
-9.780914
7.371882
10.242769
2.742257
11.320348
-7.439017
-3.845486
-9.550306
10.067363
4.022054
10.252968
0.410336
-10.036436
9.950242
-8.562155
9.023583
8.174473
8.020556
11.123339
8.185206
-10.168460
8.796602
-0.386559
-10.171301
7.010786
-10.159086
-1.291456
10.960231
8.035639
9.549711
9.256556
8.880074
-8.139773
9.816060
8.750380
4.679027
8.328303
-9.573524
0.583845
-7.313084
5.112713
10.369636
3.912721
5.731301
-5.464842
10.360884
8.477230
10.466364
9.401293
7.291958
-7.173848
10.263243
10.401384
4.440086
-2.765126
-4.149666
-6.453250
-3.882345
11.994602
8.973088
9.783692
7.763343
9.420117
6.953838
11.995148
11.999196
6.538991
11.113254
8.742258
-8.863954
-8.383551
-9.616765
5.788224
9.177178
-5.421432
5.987315
11.999985
-9.944861
10.590467
-7.354572
-1.823767
-9.132413
11.026809
11.221063
10.880482
-0.447458
8.873432
11.999856
-9.434529
-2.820394
-4.338798
0.291908
10.157159
9.397330
11.999979
9.802877
1.281667
10.856544
-9.658275
11.468456
-9.828001
-9.503440
-9.833022
4.037143
-1.212030
8.909866
8.518067
3.157260
8.412353
-9.501807
-11.130608
-8.722563
-9.092263
-7.420462
7.405243
-0.334336
-0.657410
-10.491583
-8.480383
8.039352
5.651386
-7.092992
4.751558
3.072242
10.511500
-7.214661
-10.187064
-7.418507
7.582352
-8.609015
6.161125
10.906132
-7.052228
-10.156960
-6.428129
7.556230
10.423261
-7.214663
-5.590189
9.146260
9.534675
-6.787782
9.238291
-7.108435
6.750773
9.948762
10.098376
-8.211075
8.310878
10.061483
7.569297
-11.999579
10.503761
10.477894
-1.959195
-9.810419
-3.815819
12.000000
7.041467
-6.285021
7.701600
-9.803018
11.989676
8.944112
-9.871818
-9.225051
7.943063
5.830889
-9.683879
9.606930
3.866160
-8.698001
9.037521
5.956616
-6.961521
-7.552255
-9.246334
9.175781
6.853019
2.762356
10.995879
5.346323
-8.164651
-9.917312
10.622621
6.948737
7.910921
-8.523494
7.107660
1.094436
-8.828077
9.555212
10.923158
4.952286
-9.777203
-9.303934
10.756464
8.578495
10.795557
9.449876
10.906619
1.441909
10.581506
-9.300074
-0.638412
5.844302
-8.409642
-7.296694
-5.645956
-11.999233
9.582479
11.433685
8.154933
9.944423
-10.928905
-6.894819
-5.599603
-9.681730
6.122968
9.336301
9.458516
10.997636
-5.404989
-5.784075
-9.938311
-9.069235
5.995578
-10.708653
9.032219
-9.638692
7.560250
5.231538
-10.437678
9.445833
-10.495062
5.421139
10.142328
-6.203080
-9.048699
10.339807
8.788504
11.999493
-7.451666
-8.075746
-9.749149
5.249612
-10.135059
-9.568884
-9.990396
8.582990
-8.157224
5.637815
7.896950
-8.249577
6.563166
-9.548714
-7.852225
-0.051801
10.730417
-6.885953
-10.834592
-11.991103
-9.091781
-9.087034
-10.775962
-7.506460
-6.027085
-6.271854
-4.926044
-0.098374
1.724522
-1.751215
-9.542293
-10.232684
-1.798999
9.610247
-9.027348
-10.906690
-2.394221
7.902466
-10.143097
8.313838
-9.604231
-8.658196
-7.862731
7.463519
-6.455351
-0.254609
-8.302657
10.404314
-9.626926
10.958525
-4.880007
-9.025297
-9.939740
0.179144
-8.671630
10.963463
-6.313254
10.267171
-9.601476
-7.759054
8.559202
11.999999
-7.670850
-6.922206
-6.182805
-8.547942
-9.394133
-9.387270
11.999890
10.279424
11.247060
-7.459921
-3.466917
-10.113085
11.999999
-9.320148
-10.090098
6.478493
-10.469013
-9.387801
9.898743
4.196174
-9.295770
8.082874
10.420619
7.017473
-7.172437
9.672996
6.825591
-9.398581
-6.976516
10.134793
10.731445
-9.656856
-7.617928
-10.282066
9.211196
-9.683109
-7.995157
8.173921
5.231860
-0.894012
9.069462
10.018172
2.975024
-9.750480
3.832787
9.771784
-5.791303
-9.563596
-11.687783
5.988191
-10.253276
10.132112
-10.324144
-10.491514
10.577462
-10.355585
-7.645486
-0.787511
-5.342006
11.999786
8.954587
2.978818
-9.991015
-4.695365
3.741942
-9.599328
-9.524515
11.027748
11.009604
10.462577
-9.160365
4.056592
1.651170
-0.458763
8.286688
10.482891
7.959209
-10.293056
-10.323660
-11.138068
-7.776054
9.991670
9.407102
8.702429
-10.551368
9.783745
6.251028
-7.677289
8.311240
-9.250902
9.550134
-10.216577
-7.564190
-7.629668
4.197152
9.123076
10.206540
11.173546
-8.683422
5.375639
9.261548
9.288204
11.998686
10.831233
9.547352
-10.253259
5.932646
5.305174
5.901963
7.406527
-4.707163
7.695298
5.181766
-7.731750
-10.171764
-8.664498
-8.448072
-9.971372
7.639943
-9.608480
-10.708735
8.864459
-4.112456
10.746856
8.747471
7.283179
-9.881045
3.740656
10.674771
-8.829329
-8.825905
0.203588
10.615312
-10.320699
0.989741
-2.638987
3.449451
-0.202908
-9.745628
4.318126
11.308512
-10.091535
9.700347
9.714911
-6.788548
9.737092
8.076468
-7.783908
9.328226
2.688530
10.844765
11.906402
10.317835
7.740191
-0.514619
10.586834
1.977245
-3.834275
-10.330087
10.801670
4.965908
-10.072210
10.133519
-7.855611
10.155924
-5.550611
8.789550
6.531676
0.910702
10.197049
9.687035
4.107577
-10.174235
-1.593519
0.166153
5.918989
-10.245767
-0.067824
2.921359
9.040446
-9.561566
9.175837
11.240527
-7.286162
5.327518
-10.205342
9.729560
10.600971
-7.189534
4.414716
5.256321
-7.047231
-2.785580
6.173836
-7.737430
-11.999985
5.739760
8.723120
-5.804970
-8.792055
8.068231
9.193781
7.888907
8.023003
10.925406
10.746423
-9.111140
5.103564
-8.967321
7.263079
-8.181726
-7.345087
10.839019
-4.729787
10.991688
-7.567326
12.000000
-9.753188
8.867185
10.210271
11.334748
-8.477604
8.493656
-2.748821
-8.776219
-7.486543
-11.999721
-1.417542
-9.112971
-7.763490
-11.999970
9.396516
0.520375
9.713276
-1.126330
-0.186738
-7.831921
7.384472
10.843503
7.451434
8.979144
10.687413
6.466639
8.933272
6.119734
9.262475
10.143740
-0.210008
11.184019
-9.073965
7.371541
5.891685
8.277665
-10.107232
8.895506
4.716901
10.423590
-5.496892
9.799399
-7.691699
10.036882
11.009510
-7.408841
1.518111
-9.752587
-9.545573
-8.162894
9.698930
-0.176142
-3.081017
-8.064918
-9.931221
-10.062427
0.310317
9.215462
-11.070689
-9.596243
5.258104
10.827848
9.248749
9.744528
-3.465104
-10.418157
8.754919
10.420260
6.259354
11.311387
-7.827069
-2.632065
-3.015347
4.423005
-5.111213
9.274158
-5.143401
5.975137
-10.357762
9.528597
6.555155
6.561063
-10.349624
-9.873976
4.569153
2.245572
-8.780009
10.993878
-8.722021
-6.921350
10.608411
9.492192
-9.034506
-8.786278
-0.758948
-5.778924
9.781276
10.865458
7.348755
11.023337
-6.775334
10.039852
-3.370766
10.300181
4.830461
-10.955390
6.176049
-9.734592
-9.785072
10.480880
4.869319
-9.695765
-10.033186
-10.778095
-8.768076
10.743220
8.196021
10.698446
-10.201124
-6.630721
10.131928
5.920581
0.089892
-10.570957
11.999997
-7.674279
-6.337879
10.503537
5.479443
-8.971527
1.890648
-7.576720
9.428359
-7.623036
10.380841
11.283902
6.876846
10.723016
-2.124301
10.211891
5.406032
-8.945144
7.821003
4.094558
-9.635052
-7.114949
7.326815
9.191705
0.139178
6.728169
-9.895386
-0.262040
8.029224
10.109346
9.874553
9.304766
-9.416145
8.864803
8.501655
-10.648884
7.075568
-7.715300
-10.788479
-9.419643
10.487514
-9.457135
9.742992
4.405054
-6.323688
-9.874985
-8.037352
-8.518059
9.876441
9.053439
-3.847147
-10.452537
9.631387
-10.158669
4.481952
-9.784002
11.179533
4.059059
-5.313190
-9.286608
-10.779909
-10.296741
-10.862830
6.473841
-9.548527
3.978272
9.987821
-1.284052
-9.266853
9.437303
-9.235636
-10.072238
9.364185
7.908948
-10.265759
9.047243
9.344263
3.086789
10.741019
-8.698310
7.691695
11.450752
-8.038309
0.383571
9.060929
8.492918
-6.914212
10.244043
-8.705759
9.232462
-6.539664
10.802035
-6.557680
-9.821477
11.999961
-4.977157
10.716582
-8.885599
1.661402
-10.905939
12.000000
10.977050
8.798095
-0.154263
6.830974
3.340559
7.263953
2.944227
-9.361449
12.000000
10.662997
10.055264
9.552571
-10.538536
-5.237093
-8.570520
-0.282258
-8.170074
3.708303
5.976288
-4.081724
9.760893
-8.794100
7.948800
-9.383477
-3.526163
9.451556
-8.827897
9.244598
-9.407579
10.948450
8.271897
10.678248
-6.801238
-6.535662
2.100891
-8.679014
8.679146
-10.392476
4.790119
10.005802
7.074561
-10.752959
-6.916379
10.509820
10.286234
-10.077663
0.138676
9.671179
6.344412
5.022547
-7.123462
7.414009
-9.505100
11.999996
-6.461802
-10.101863
10.074315
-5.423234
-8.160048
-8.215739
9.694348
-1.851334
9.272806
9.225924
3.312916
-4.130341
-1.472581
9.625461
10.539515
-10.543730
5.748062
0.212281
7.282322
6.575078
9.951659
-8.448756
6.498444
-8.037338
-8.875962
8.766564
10.698061
-9.914816
8.386271
11.045185
5.361546
10.046276
8.798484
-1.402794
9.160572
9.531502
-11.144120
-5.696199
-5.336559
4.783994
-6.610160
9.834653
-4.514253
-10.037195
8.366097
-9.318085
-9.287964
-9.846232
10.570897
10.706128
-9.397682
7.945414
9.972195
-6.709088
-8.864709
10.744233
-8.005737
-6.490942
8.477066
-0.040179
10.024754
3.842086
8.788676
-6.803331
8.329078
8.891130
-9.382420
-11.451424
10.100011
2.635460
-6.840400
8.460416
-8.006654
10.100577
-4.992076
-3.206802
10.608389
9.615797
9.825059
9.096250
-9.043450
-10.282279
8.287142
-6.980058
10.816871
-8.492981
9.185219
-10.682790
10.359005
10.405152
10.292594
9.947073
11.045872
-3.594519
8.691829
2.293962
9.137996
7.812250
11.345364
-10.367555
7.463012
-8.770059
-9.137091
-3.528411
8.921599
4.508706
4.486377
7.267922
-8.329254
8.914248
9.966077
11.134191
10.696524
-6.095414
4.656130
9.418551
10.503319
-9.325993
-7.104121
10.085235
-9.866304
-8.836193
11.997047
-10.152580
-5.848137
-7.301049
-8.715891
9.532694
7.870505
9.736047
-10.469932
4.445947
6.825402
8.423988
10.340360
-7.351074
10.084702
8.394789
-0.647403
-0.599146
7.313983
-9.454672
-8.012924
0.076548
-8.837331
-7.214723
11.070686
-7.128627
5.776559
-8.359437
9.930679
-5.931316
-5.816751
-6.391246
-9.334174
-8.148450
10.063173
10.715995
6.990959
-3.957605
10.688846
-5.488288
7.570518
-8.698500
-3.457480
0.633061
10.006798
10.741249
9.663184
-6.147631
10.140131
-11.066023
-9.068482
-6.101839
-9.946478
6.896306
-8.994197
5.428332
10.069032
-9.185851
9.425772
7.770275
-7.745115
-5.326464
-7.781111
5.051188
10.218663
9.005052
-5.333447
-10.393500
-6.147951
-6.398262
-10.474519
5.742103
9.206538
-5.356413
7.235051
9.995354
9.366781
9.963532
-6.732046
4.116035
7.918220
0.028011
-2.766894
-10.435277
-0.118764
-8.072322
-10.491218
-10.474674
-6.583659
7.508599
-2.158378
10.655882
8.708692
-9.323198
11.889879
4.520001
9.646979
-2.193010
-9.563257
6.077125
-2.725018
5.417833
10.485520
-7.121527
-10.728837
10.854072
10.333596
3.689202
2.602806
10.382620
-10.491821
-0.112054
9.821501
6.340368
5.676863
-6.890772
5.678925
8.279216
11.246772
7.937658
-11.990520
-5.553981
-5.684831
-0.775765
-5.827852
10.303742
6.051680
8.772887
-9.644339
9.341877
7.731251
9.741636
0.761176
4.525681
8.482751
-3.067600
1.048042
-10.420066
0.250908
7.473300
-9.567096
6.009037
7.748806
-7.352225
5.408264
-7.502985
7.859978
-5.552503
10.554590
-6.187499
9.678658
10.550114
-0.616783
-11.172902
4.103679
10.871619
-9.560138
-8.393047
10.044523
-8.920997
-3.835533
8.060397
10.247547
-3.991789
-8.646368
10.633803
-10.341853
8.578212
7.823425
11.018964
1.943183
10.324068
10.070618
9.027106
8.995803
9.404531
9.465054
-0.125567
-8.949800
8.402356
-7.866704
10.566064
8.040744
3.829698
-8.383722
6.436509
11.213593
-3.465753
10.616868
7.640457
9.739964
9.542046
10.380312
5.198200
6.437522
6.807225
-7.629686
-11.997023
-8.252352
6.188801
0.129662
-5.882680
-5.196704
-5.993245
-8.621510
8.633404
-11.995825
-8.458714
4.384089
5.140656
12.000000
11.996496
-7.735276
8.985547
-10.801544
-9.900961
8.636796
10.886137
10.618933
8.646125
4.792877
7.398874
-3.639818
-3.797451
-6.295393
0.590477
-11.067775
0.010684
2.740339
8.275478
8.426372
7.597739
-9.599795
10.653946
5.923102
4.247289
-10.806008
-7.191823
-9.314353
5.653870
-9.364080
-2.293830
10.171973
-10.941710
7.733639
9.932969
-2.660474
-1.196466
11.999823
-10.622430
9.466920
-9.673388
7.280780
-8.867081
0.935824
0.140328
-7.623949
3.614874
-8.658724
0.382556
-5.003004
4.270278
9.145655
-7.334928
-9.571141
-9.627386
10.253315
-6.965830
-10.303372
7.002478
-7.989721
6.552117
-4.137906
10.078430
-8.114249
9.945035
-10.521396
-8.435265
11.919455
-9.031358
-4.660564
9.671853
-8.772081
9.370207
-4.291844
-9.919081
-9.743608
-7.295675
9.816548
-4.145495
8.066781
-9.317450
-8.052093
8.840192
-10.470953
3.694574
-10.324408
10.872104
-2.698762
8.084039
-5.576319
8.004177
10.913207
10.929506
10.412441
6.681551
10.949825
9.322555
-0.774725
8.100395
10.761739
10.438588
8.902859
-2.214657
8.865669
-2.726616
-1.815518
-7.536363
-10.634852
10.013634
-6.445660
-7.868149
-6.486620
8.816585
7.212098
10.288750
5.171674
-9.336429
9.125231
8.527930
-10.447236
9.198748
8.252295
10.124707
6.859637
-9.412398
10.937032
6.870967
8.197423
2.567060
10.175671
11.999938
10.504632
7.385770
-0.077739
10.509219
9.811040
3.623966
-10.183149
-8.344083
7.280140
9.916375
3.632138
-8.019890
10.119444
-6.330106
8.378191
8.375255
-11.112258
-8.683440
-1.112613
10.071233
-9.783469
-9.923934
-7.093331
10.605838
7.815700
-5.790596
-5.870029
8.984848
3.664967
5.854000
10.112898
-9.298165
6.821342
8.222772
6.887063
-8.191720
4.340153
6.665872
-9.735982
8.507404
-9.490482
11.996540
-7.415929
9.859488
7.377487
10.740439
-7.679026
-6.964942
-7.035831
-5.894817
11.491808
3.136805
-5.085831
9.664270
6.601316
10.537238
-9.875639
-3.278040
2.111419
-8.754513
10.812748
8.197044
2.506327
-2.340728
8.725353
6.609519
7.842289
-1.092787
10.421409
-7.512494
9.677096
-10.310339
7.933918
-10.797545
7.268507
9.939174
-9.553513
-0.941722
-0.325250
-5.894806
-7.588114
8.976925
4.927450
8.314465
-8.467748
-7.717815
10.662551
-0.433337
6.867052
9.561620
9.474134
7.420783
-9.636689
-10.304595
-10.838392
-7.001040
8.997400
11.998393
7.638819
7.781033
-7.794064
-7.799732
-7.216417
-4.850866
-7.649821
8.271721
10.039620
-10.189840
9.939579
-6.772412
-11.354021
7.038672
-3.198342
-0.572134
6.146985
11.193696
6.112073
-3.774636
-2.007655
-10.549334
10.460747
9.430879
4.290269
2.209091
4.980089
6.456571
-9.912002
1.101406
11.048952
1.663876
-10.919689
-11.999998
10.336329
-7.080165
-6.236194
2.388978
9.733015
3.465518
6.253500
-0.173656
8.908965
10.272545
9.795312
4.365466
1.492766
-5.954957
1.202206
11.999931
10.014482
10.308544
10.331827
-8.566724
-8.156205
5.487771
-9.893374
10.924588
9.343476
9.502234
-4.777209
-7.707120
6.584804
-3.674236
-1.981218
10.788089
11.992230
-8.668664
6.451485
-5.622733
-3.497081
-9.296980
-6.819003
0.095459
9.636711
-8.667606
-9.766463
10.589874
8.684733
9.584982
10.481524
9.793559
1.193814
-11.982552
10.486361
-7.465905
-8.451417
-10.138594
11.987396
-8.945333
9.884442
-4.642434
-8.951580
4.925891
-0.327068
-6.542468
-1.579857
9.325356
5.847175
10.553988
-8.642579
5.525852
6.471421
-11.044681
5.658237
5.890370
7.951817
-9.277770
0.704946
7.622538
9.136097
-5.378219
-5.091177
1.133127
8.614434
-2.830821
-4.441151
-4.694404
-9.816286
9.763091
7.407296
-6.157088
-10.158713
6.108826
9.030578
-7.163354
3.996447
10.506410
3.453814
10.091210
9.627330
6.962374
8.237482
9.651721
-7.411781
-2.974405
-7.798021
-7.247521
-10.852933
-10.790261
-0.618749
11.142605
9.800416
10.491406
-1.836151
11.073351
5.759540
10.729565
8.541450
0.563476
-12.000000
9.160786
8.279740
9.247339
-3.549184
4.915417
6.323534
-7.958338
9.954288
10.313620
9.884759
10.322809
10.678161
10.911934
10.278828
10.062126
-8.627949
3.758947
9.985291
8.760783
5.693083
10.472380
-8.895952
-6.128878
-0.007925
0.465937
-8.563421
-9.228036
-6.439778
2.079628
10.716949
0.548814
9.441048
11.019140
-11.881373
6.949226
9.105679
-4.466614
-5.990160
-7.581888
-11.999974
-10.649116
9.454484
8.088760
-9.969200
10.884069
11.019477
10.338243
9.094423
6.643166
9.442364
-4.747569
7.794595
7.894224
-7.962084
-6.583425
-8.453269
8.721525
-5.227261
10.622256
-0.575325
-8.852949
-7.074299
-3.676207
-11.033695
-10.349540
-1.243511
12.000000
-1.845782
-10.167000
0.239182
9.961810
-8.852445
-11.997393
-7.107823
-3.555528
6.333908
9.059307
10.226512
-9.337756
0.254937
10.425225
9.577858
-9.257464
4.328945
5.008125
10.959213
-7.107224
-4.102166
-8.467869
7.553004
7.932135
10.744322
7.749319
-8.720407
-8.391955
-3.881448
10.832959
-4.103313
-9.782641
6.672703
6.109602
-9.554421
-3.805535
-8.282262
3.791577
2.924874
-10.412772
-6.477558
11.159489
-6.717330
-5.737245
10.734179
7.021726
-10.223182
8.908175
-10.698158
-2.617933
-6.785980
-10.242102
7.174619
8.874838
7.392758
7.557337
-8.812551
8.958138
9.798484
-7.599924
-8.935734
-11.096757
11.049848
-10.750944
-9.025353
0.754811
7.644618
1.157343
-10.845186
9.665858
11.995117
4.249054
10.155326
9.047285
9.841828
-10.338130
11.148141
-9.063217
11.424292
9.329034
9.975927
-9.273996
10.663014
10.425947
1.689122
8.983077
9.457516
-10.008244
9.520954
-0.325850
-2.078058
9.459081
-8.063382
8.639500
10.063974
-10.429388
7.406261
