6.000000	1.600000	50	0.100000	ARCHIVOS_REDES\ER\ER_701.txt
-0.005156	5.953939
5.993461
-5.943857
5.943569
5.968686
-5.992251
-5.987916
-5.976744
-5.960157
4.819116
-5.970513
-5.966291
-5.966764
5.984755
-5.985673
-5.970798
-5.990718
5.965339
5.964690
-5.985962
-5.977569
5.982777
-5.979951
5.982821
-5.993214
-5.962900
5.974863
5.961350
5.976469
-5.966427
5.979225
5.972799
-5.966320
5.991426
-5.964001
-5.970119
-5.905035
-5.996261
5.965563
-5.973485
-5.978610
5.982827
-5.947822
5.983034
-5.971677
-5.976848
-5.965402
5.986223
-5.980574
-5.955226
5.972297
-5.983228
5.985040
-5.977982
5.971093
-5.970074
-5.971291
5.976823
-5.952787
-5.968085
-5.979826
-5.991377
-5.897125
5.974488
5.981861
5.963546
5.992324
5.952594
-5.996491
5.896867
-5.958047
5.973992
-5.950274
-5.966536
-5.988912
-5.984850
-5.967059
5.960815
5.972668
5.968870
-5.955020
5.952370
-5.996196
5.992696
5.982096
-5.987878
5.956578
5.972638
5.962041
-5.996836
-5.993875
-5.991341
5.980964
-5.948173
-5.992049
5.959663
-5.987549
-5.925543
5.998483
-5.985592
-5.964798
5.964253
-5.980116
-5.965935
5.988405
5.961668
5.965962
-5.996800
-5.989236
-5.989854
5.945961
5.991825
-5.962247
5.958291
-5.972237
5.980030
-5.945932
-5.991106
-5.949182
-5.964686
-5.977785
5.976202
5.985211
5.990311
5.966329
-5.978596
5.923597
5.985557
-5.989162
5.969169
5.988329
5.956604
-5.985835
5.944207
-5.957361
5.940110
-5.978944
-5.955953
-5.931567
-5.995888
5.946627
-5.971793
-5.960944
-5.893305
-5.993210
5.957538
-5.951489
5.986097
5.972143
-5.993899
5.970597
-5.978443
5.957595
-5.978538
-5.962068
-5.991097
5.948820
-5.796289
5.979033
-5.973720
-5.953433
5.965504
-5.971192
-5.962564
-5.985083
5.961216
-5.941949
5.977466
-5.983310
5.975763
-5.961232
-5.985228
-5.980603
5.985595
5.984404
5.987063
5.942258
5.988840
5.976980
-5.995129
-5.958470
-5.852394
-5.987597
-5.980264
5.977620
5.977451
5.978249
-5.984293
5.977936
-5.949744
5.983937
-5.982475
5.933772
-5.973918
-5.995688
5.994385
5.967139
-5.977312
-5.976839
-5.964983
5.955263
5.964597
5.964331
-5.956582
-5.905768
-4.327884
-5.985034
5.951836
-5.988795
-5.966529
5.969274
5.969124
-5.935620
-5.947301
-5.998342
5.988344
-5.947496
5.929206
-5.996247
5.966181
-5.954060
5.962023
-5.990031
5.983811
-5.904486
5.984876
-5.953367
-5.976795
5.983619
5.955229
-5.973274
-5.987019
5.962783
5.961230
5.945539
-5.990984
5.963519
5.966077
5.981539
5.975837
-5.990552
-5.964716
-5.979412
-5.991809
5.993128
5.984208
5.987658
-5.951946
5.939701
5.941605
5.975468
-5.967476
5.974133
5.971653
5.970032
-5.981239
-5.992566
-5.989576
-5.962937
-5.974756
5.982996
5.947700
-5.819188
5.988577
5.979592
-5.939292
-5.980467
-5.961288
-5.971932
-5.986548
-5.997029
-5.972700
5.946273
-5.957706
5.980979
5.960476
5.961007
5.956685
-5.989199
-5.982869
-5.973658
5.982055
5.978520
-5.975130
5.985689
5.953598
5.992759
-5.916472
5.987316
-5.995200
-5.957122
5.977564
5.978779
-5.951473
-5.971494
5.983039
-5.985033
-5.986603
-5.976028
5.980534
5.961906
5.979582
5.978932
-5.949542
-5.967256
-5.917168
5.958786
-5.978925
-5.966011
5.967430
5.946517
-5.995321
-5.975492
5.966969
5.991851
5.836400
5.987660
-5.948442
-5.945610
5.988897
5.976567
-5.967562
5.971380
-5.972706
-5.993933
-5.977108
-5.962286
-5.998450
5.970914
-5.959697
-5.921698
-5.976784
-5.967918
-5.984729
5.973839
5.987426
-5.979023
-5.962654
5.981580
5.973569
-5.967424
5.958566
-5.977592
5.971070
-5.958788
-5.993006
5.985594
-5.980216
-5.951144
-5.983005
-5.956728
-5.968947
5.977132
-5.954969
-5.991787
-5.979473
5.976458
5.993299
5.971585
5.953135
5.953903
-5.933237
5.949694
-5.976778
-5.990995
-5.976885
5.969007
5.961787
5.974574
-5.960763
-5.961590
5.974867
5.930922
-5.979958
5.968638
5.951954
-5.995991
-5.943781
5.992914
5.973934
-5.947679
5.978817
-5.931907
-5.973891
5.958539
-5.976756
5.986374
-5.987652
5.839830
5.957513
5.960766
5.942224
5.947656
5.916776
-5.993307
5.995387
-5.982059
-5.984580
5.952269
5.962646
5.962250
-5.983126
5.965766
5.985074
-5.985169
5.967929
-5.978554
-5.964488
5.995084
5.996243
-5.981951
5.979925
5.961298
5.982972
5.960783
3.922173
-5.978578
-5.983413
-5.977752
5.958752
-5.990836
5.991962
-5.966941
5.979327
5.980486
-5.955370
-5.983660
-5.955357
-5.949909
5.984325
5.992164
-5.970745
5.981599
-5.969865
-5.979569
5.988814
-5.986091
5.992298
-5.984114
-5.977172
-5.970489
5.965292
5.967261
5.992823
5.973508
-5.986171
-5.985566
5.962260
5.970078
-5.905910
5.984345
5.966733
-5.959017
5.919508
-5.980154
-5.979308
5.963830
-5.935638
-5.977941
-5.913333
-5.968729
-5.950871
-5.967763
5.975416
-5.983977
5.984885
-5.973837
5.990541
5.964987
5.984131
-5.961196
-5.959301
-5.976609
-5.956716
5.994328
-5.977227
5.993102
-5.992832
-5.944372
-5.971121
5.989026
-5.963613
-5.952320
5.866825
5.971815
-5.998456
5.972376
-5.950774
5.964402
-5.972584
5.945388
-5.977290
5.971945
-5.989158
5.951831
-5.939569
5.994674
-5.950253
-5.940912
5.996930
5.980101
-5.982797
5.972507
5.975174
5.992414
5.959083
5.964644
5.959767
-5.992093
-5.958479
5.946133
-5.939411
5.987103
-5.982364
-5.958519
5.984509
-5.969868
5.967110
5.950526
5.965780
5.951928
5.963159
-5.951065
-5.952658
5.937727
-5.984199
-5.987032
-5.988377
5.986204
5.974192
5.987106
-5.959598
5.990775
5.971084
5.936949
-5.947190
-5.958754
5.992155
-5.992347
-5.979579
5.981797
-5.978850
-5.921783
-5.945301
5.973297
5.987417
-5.995420
0.338685
5.979947
-5.981837
5.969235
5.947958
-5.977012
-5.955943
5.982212
5.967617
-5.985251
5.964755
5.997565
-5.922147
-5.962802
-5.973950
-5.981023
-5.972461
-5.983442
5.911647
-5.980876
-5.969914
5.996469
-5.969323
-5.979374
-5.963712
5.963160
-5.989104
-5.910427
-5.967121
5.893391
5.969887
-5.966318
5.930282
5.966753
-5.944746
-5.889113
5.983969
5.993250
5.997786
-5.990583
5.963736
-5.945006
5.985722
5.947363
5.969821
-5.981656
-5.930228
-5.979427
5.969607
5.986985
5.982937
5.983790
5.962787
5.973498
5.951957
5.984420
5.963085
-5.995871
5.973879
-5.977602
-5.978992
-5.967718
5.535844
-5.996098
5.982717
-5.982320
-5.995802
5.958985
5.990978
5.990911
-5.989484
-5.991010
5.961315
-5.964348
-5.968831
-5.973214
5.981793
5.974421
5.980582
-5.990154
5.979390
-5.965451
-5.968717
-5.973755
5.982825
-5.978235
-5.991411
5.957481
5.966096
-5.945669
-5.971437
5.986931
5.967352
-5.957165
5.982646
5.973430
-5.975705
-5.964868
-5.926258
-5.951836
5.975955
5.945119
-5.963530
5.977821
5.963317
-5.963478
5.992470
5.966130
-5.991971
5.995423
-5.964865
-5.962958
-5.979469
5.973437
5.978287
-5.981719
5.963551
5.949750
-5.973094
5.994274
-5.932358
5.972409
5.953756
-5.977271
-5.971988
5.976829
-5.910463
5.979040
5.982642
-5.967990
5.940641
-5.969766
5.991946
-5.996061
-5.983656
-5.950497
-5.987981
-5.978794
5.938388
5.622242
5.987675
-5.970678
-5.959180
5.965744
5.940793
-5.958802
5.993516
5.986984
5.945441
5.976715
-5.968393
-5.987460
-5.972111
-5.961747
-5.985480
-5.978064
5.983120
5.960659
-5.950209
5.874008
-5.922936
-5.991326
-5.966243
5.994902
5.984832
5.955277
5.970304
5.979316
5.970465
5.978832
-5.951490
5.984630
5.957689
5.953763
-5.993602
-5.968593
5.986251
5.994028
-5.958791
5.970592
5.953343
5.986276
5.958999
5.985355
5.998389
5.975284
5.961526
-5.946232
-5.976695
5.920100
5.965335
-5.988440
5.954476
5.993407
-5.975718
-5.967393
-5.968998
-5.997914
5.977626
-5.944733
5.983518
-5.965395
5.972134
-5.967826
5.980253
5.969965
-5.972234
-5.969669
5.985695
5.949854
5.976096
5.962668
5.971275
5.985003
5.992522
-5.983961
-5.927115
5.985499
5.991534
5.982207
5.968686
-5.957985
-5.974743
-5.990314
5.968668
5.989357
5.962473
-5.968093
-5.984098
-5.973651
-5.962783
5.963135
5.991661
-5.960981
-5.974298
5.972201
5.970578
-5.987944
5.984139
-5.973161
5.983212
5.990933
-5.981736
-5.972150
-5.982609
-5.977223
5.952328
-5.962693
5.945773
-5.968550
5.938848
5.957688
-5.990075
5.971579
5.996882
-5.964838
-5.974699
-5.967862
-5.972874
5.949272
5.958216
-5.992867
5.960208
5.977866
-5.937213
-5.977918
5.967755
5.952850
-5.959228
5.992448
5.980262
-5.990574
5.962471
-5.974602
-5.973069
-5.970496
5.926533
-5.986150
-5.969765
5.986405
-5.967751
5.985024
-5.992956
-5.991472
-5.981923
-5.725146
-5.966290
5.956250
-5.993675
-5.964664
5.945315
5.950558
-5.969305
5.967679
-5.988231
5.962363
5.970615
5.958374
-5.983412
-5.965873
-5.982194
5.979105
5.962570
5.972236
5.987911
-5.947043
-5.977494
-5.987306
5.952164
5.923075
5.958536
5.966275
5.987423
5.853447
5.982345
-5.963220
-5.975969
5.974493
-5.534961
5.945404
-5.993382
5.894171
5.990580
-5.962209
-5.978128
5.971148
5.975024
-5.997552
-5.980718
5.969042
5.979005
5.967381
-5.953390
5.972157
5.996307
-5.995756
5.969049
-5.974530
5.979864
5.980886
5.984892
-5.942101
5.985982
5.970344
5.994263
-5.981263
-5.927517
-5.978592
-5.973789
-5.977713
5.947748
-5.979221
-5.979858
5.966370
5.983393
-5.981656
-5.959535
5.931777
-5.974945
-5.963686
-5.991184
-5.952710
5.937703
5.952237
5.979474
5.977971
-5.962679
-5.967839
-5.954742
-5.982072
-5.970770
-5.980236
5.971438
5.991056
-5.979178
-5.938444
5.966719
5.975899
5.985545
5.932514
5.975133
5.976236
-5.987056
5.978384
5.968771
-5.946710
-5.941251
5.942302
5.980691
-5.985457
-5.994745
-5.993190
-5.976107
-5.989681
5.991770
-5.931232
5.968995
-5.828641
-5.951296
5.979408
5.975165
-5.939783
5.984065
5.986525
-5.952971
-5.978851
5.254485
5.972735
-5.983863
-5.943658
5.955776
5.972877
-5.983531
5.954866
5.959023
-5.983194
-5.973302
-5.985231
5.983075
-5.922781
5.984811
5.971474
5.964758
-5.994547
-5.956676
5.968008
-5.978020
-5.965737
-5.969383
-5.978665
-5.979472
5.954940
5.974463
-5.965238
5.981961
-5.952064
-5.969904
-5.984093
5.946070
5.710384
5.989826
0.070733
-5.962418
-5.975342
-5.982414
-5.973687
-5.965499
-5.984387
-5.986954
-5.976946
5.905680
5.989238
5.989072
5.971022
5.962006
-5.970117
5.956568
-5.966516
5.853310
5.982309
-5.950159
5.974425
5.992500
-5.981908
5.963918
5.979980
5.969943
-5.989177
5.969853
-5.994597
-5.975193
5.974675
5.946256
5.973412
-5.956981
5.977871
5.951307
-5.977258
-5.946031
5.980397
5.993064
-5.992548
5.971007
-5.997222
5.967001
-5.944477
5.992242
-5.967838
5.980264
-5.966677
-5.971162
5.970130
-5.948868
-5.979641
5.991577
5.962996
5.955510
-5.993068
-4.532805
5.987235
-4.333870
5.986211
5.977947
-5.989161
-5.971522
-5.985712
-5.951434
-5.940249
-5.961911
-5.978859
-5.990735
5.996595
5.972089
-5.983381
5.976219
5.979236
-5.995871
-5.976733
-5.990154
5.980085
-5.977841
5.992600
-5.975872
-5.963226
5.987924
5.945999
-5.976987
5.985674
-5.985070
-5.955924
5.978750
5.956198
-5.965149
-5.981944
-5.982694
-5.956802
-5.938309
-5.973927
-5.942103
5.984657
5.956450
5.948439
-5.990546
-5.979887
-5.975087
5.993224
-5.976708
5.994881
-5.785381
5.944722
5.988986
-5.947731
-5.935683
-5.986514
5.987921
5.988129
-5.968259
5.986080
5.966894
-5.890229
5.940632
5.990084
-5.955430
5.973499
-5.996246
5.965059
5.925121
5.986387
5.974911
5.975431
5.996393
5.912886
5.986372
-5.964456
5.970198
-5.989926
5.992713
-5.993706
5.991782
5.993187
5.981839
-5.956896
-5.587076
5.984834
-5.980747
5.960834
5.951307
5.956384
5.971169
5.967594
-5.957615
5.983884
5.991391
-5.976491
5.959076
5.977311
5.960774
-5.969238
5.982818
5.964500
5.969038
-5.969698
5.973092
-5.958812
-5.948962
5.980633
-5.983238
5.938730
-5.997949
5.986129
-5.961721
5.990380
5.974173
-5.914049
-5.981311
-5.983907
5.955488
-5.980379
5.965855
5.940202
5.983110
5.969385
-5.962380
-5.992202
5.990622
-5.986580
5.950401
5.979428
5.984627
5.978706
5.987905
5.930939
-5.985871
-5.978570
-5.986085
-5.972569
-5.310453
5.965989
5.989795
5.977862
5.974073
-5.986231
-5.993400
-5.981083
5.968792
5.948316
-5.983239
-5.962984
-5.991056
5.972199
-5.958878
5.915209
-5.998706
-5.975854
-5.972666
-5.958183
5.981006
-5.986782
5.955878
5.913520
-5.969050
5.982331
-5.944783
-4.524705
5.980417
-5.974401
5.964168
-5.980476
5.948331
5.956391
5.981090
-5.994992
-5.971125
-5.971777
-5.970816
-5.981694
-5.973284
-5.993405
-5.957112
-5.937943
-5.947207
-5.984142
5.968505
-5.955670
-5.995613
5.747245
-5.989162
-5.932224
-5.949397
-5.958691
5.965778
-5.974402
-5.988898
-5.954154
-5.970563
-5.975941
-5.976466
5.997741
-5.915576
5.974743
-5.988125
5.949810
-5.982291
-5.983329
5.964882
-5.972515
5.958849
5.984220
-5.977760
-5.990346
5.970164
5.992435
-5.992265
5.896959
5.985401
5.942786
-5.984563
5.989057
5.960856
5.976652
5.970222
5.948050
5.998959
5.982586
5.984192
-5.981936
5.986956
5.995886
-5.949905
-5.977408
-5.996213
-5.972707
5.828018
-5.991460
5.975745
5.979302
5.959858
-5.922083
-5.990591
-5.973804
5.943959
5.956183
-5.963494
-5.970173
-5.983044
-5.982189
5.957410
-5.990385
5.979009
5.903108
5.967174
5.965566
-5.949781
5.986589
-5.976442
5.988437
-5.976554
5.889530
5.990488
-5.984279
5.975279
-5.962926
-5.973321
5.929370
-5.959056
-5.987580
5.948414
-5.961548
5.971481
5.984438
5.980216
5.988558
-5.994430
-5.984368
5.980748
-5.965764
-5.968180
5.962091
5.985209
5.992000
5.970640
5.984717
5.963174
-5.972763
-5.993684
-5.982562
-5.950580
5.928466
-5.974094
5.985912
5.961307
5.974873
5.982127
5.964220
5.958833
-5.953033
5.976614
-5.949958
-5.988119
-5.978420
-5.977948
5.990755
5.964344
-5.964695
-5.983317
-5.985601
5.971206
5.958945
-5.992171
5.983142
-5.965257
5.991771
-5.962394
-5.988470
5.950766
5.946186
5.973175
5.933622
-5.996633
-5.973980
5.978651
5.958654
-5.964441
-5.984141
5.975358
-5.978033
5.947358
-5.990976
5.993696
5.996936
-5.971646
-5.861757
5.976732
5.961357
5.995573
5.974760
5.972232
5.974423
5.994316
-5.969619
-5.948687
5.958059
5.993203
-5.924935
5.971336
5.979246
-5.968806
-5.985697
5.995501
5.954175
5.998295
5.982549
-5.994080
5.944408
-5.975329
-5.986395
5.974905
-5.958176
-5.969361
-5.970227
5.961641
-5.924497
-5.962685
5.965955
5.985096
5.969162
-5.982822
-5.873456
5.979510
5.984028
5.972285
-5.990365
5.893710
-5.972278
5.983441
-5.976284
5.985401
-5.982771
5.944489
-5.980406
-5.953128
-5.974292
5.960780
5.895289
-5.960020
5.971977
5.945463
-5.957098
5.972969
5.977977
-5.973828
5.992316
-5.918928
-5.988567
5.995378
-5.948178
-5.986288
5.958669
-5.954882
-5.971112
-5.829096
5.982244
5.808880
-5.974542
5.965640
5.973022
5.947614
-5.988368
5.977932
5.984111
-5.971247
-5.933668
5.991626
5.972929
-5.951384
-5.993432
5.983972
-5.958381
-5.994774
-5.983224
-5.974187
-5.975344
-5.980663
-5.972293
-5.982805
5.968122
5.907718
-5.939407
-5.937317
-5.978645
5.961733
5.980540
-5.973111
-5.920680
-5.980161
5.998394
5.989261
-5.983114
5.987629
5.981553
-5.982649
-5.982237
-5.973128
5.966927
-5.964345
5.972389
5.972738
5.981931
5.961215
-5.972831
5.996170
-5.998796
5.997776
5.966312
5.971898
5.978365
-5.970084
-5.989723
-5.955121
5.977380
-5.996742
5.964402
-5.983946
5.980406
-5.936320
-5.985808
-5.985175
5.995920
5.949260
5.971582
5.974061
-5.967959
-5.969873
5.971335
-5.972896
5.958307
5.990338
-5.988317
5.989448
5.969134
-5.962213
5.958848
-5.994934
5.953871
-5.981563
-5.993799
5.975138
5.947935
-5.994324
-5.922237
5.954372
-5.979606
5.980843
5.985010
5.975778
5.978510
5.966150
5.940365
5.948895
-5.997553
-5.977635
5.962704
-5.978610
5.983720
5.978303
5.969419
-5.991260
5.987092
5.958581
-5.963762
5.990704
-5.981750
5.986387
-5.932720
5.994470
5.983972
5.987905
-5.981002
-5.984109
-5.974484
-5.966298
5.992555
-5.958803
-5.972170
-5.948904
-5.997912
5.959042
-5.949775
5.976020
5.974539
-5.983201
-5.972131
5.964853
-5.991385
5.967791
5.976838
-5.871982
-5.905956
-5.988867
5.992248
5.953158
-5.961087
-5.981597
5.974982
-5.961407
5.971698
-5.962347
-5.979855
-4.790379
-5.958284
-5.969070
5.948447
-5.811290
-5.962187
-5.958982
5.985920
-5.991148
5.981284
-5.976223
5.951461
5.929858
-5.988816
-5.936493
-5.954855
5.967474
-5.960269
5.976345
5.993330
-5.911863
5.992926
5.984368
5.976701
5.966829
5.967606
5.986450
-5.980165
-5.990719
-5.967404
5.993766
-5.975866
5.966203
-5.977731
-5.940809
5.982218
5.979401
-5.983806
-5.998666
-5.982253
-5.935983
5.989464
-5.974083
-5.925206
-5.992918
-5.978053
5.469002
5.948248
-5.958650
5.943742
5.986632
-5.968029
-5.876597
5.985384
5.969316
-5.964128
5.980155
-5.965059
5.994725
5.945842
-5.953929
-5.956367
-5.989687
5.972404
5.979354
-5.976699
5.966563
-5.965261
5.957397
-5.973450
5.974093
-5.996025
5.970635
5.951120
5.955056
5.943032
5.968286
-5.972199
5.970180
5.952377
-5.994561
-5.974492
-5.967816
5.946486
5.771008
-5.989839
5.978453
-5.960239
5.991411
-5.996172
-5.951564
5.966419
5.976811
-5.973043
5.993152
5.988313
5.978113
5.996442
-5.985747
-5.993777
-5.965410
5.986602
-5.949211
5.964532
5.956428
5.953281
-5.982710
5.951846
5.985537
5.966740
5.974963
-5.977125
-5.987581
5.968665
-5.974628
5.971971
-5.964536
-5.982622
-5.968492
5.961905
-5.981424
5.968782
-5.963293
5.957890
-5.976590
-5.978282
-5.983429
-5.983932
5.934622
5.984740
5.969732
5.971297
-5.993507
-5.982808
5.972793
-5.980735
-5.983744
5.957053
5.982151
5.986054
5.988929
5.965984
5.966548
5.990654
5.986976
-5.962581
5.994853
-5.988628
5.985318
5.980742
5.954623
5.979301
5.952094
5.990157
5.486068
5.971529
-5.972162
5.959029
5.943328
-5.979750
-5.970656
-5.980154
5.990667
5.977494
5.942169
-5.911036
-5.996937
5.942436
5.976656
5.993328
5.979685
5.952224
5.940346
5.972413
-5.980574
5.994863
-5.970485
-5.970971
-5.977289
-5.930071
5.971699
5.981114
-5.971239
-5.963933
5.956011
-5.989791
5.946840
5.954712
-5.966933
5.977261
5.834808
-5.988301
-5.922606
5.985913
5.986202
5.944590
5.979803
-5.989078
5.987508
5.927135
5.984562
5.958811
-5.973074
-5.970927
-5.983626
-5.967445
5.976414
-5.983207
-5.987292
-5.970204
-5.979279
5.987105
5.988935
5.978907
5.927607
5.990289
5.970860
5.978496
-5.928636
-5.982600
-5.963904
-5.970773
-5.990073
-5.994785
5.971528
-5.980669
5.979258
-5.974847
-5.967025
-5.978543
-3.890295
-5.970534
5.991338
-5.974627
-5.977853
-5.993202
-5.970973
5.880167
5.987528
-5.985568
-5.948256
5.974428
5.958270
5.928346
-5.915453
-5.993219
5.994728
-5.969847
5.930253
-5.983376
5.963489
5.990257
5.979882
5.954726
5.984062
-5.921531
5.974500
-5.981028
5.997400
5.965966
-5.963816
-5.978782
-5.961123
5.953824
5.990332
5.956982
5.988187
-5.995862
-5.992472
-5.992363
-5.990969
-5.960454
-5.974963
-5.985746
-5.978731
5.977262
-5.565796
-5.992196
-5.969166
5.977342
-5.973701
-5.987280
-5.957930
-5.941156
5.993758
5.985510
5.952246
-5.862878
5.967163
-5.948886
-5.986547
-5.949896
-5.713597
5.922293
5.756598
5.988937
5.961468
-5.969197
5.991801
5.948240
-5.993984
5.953928
-5.983256
-5.984646
-5.990470
5.976148
5.960163
5.957466
-5.958346
5.967796
-5.971806
5.771926
-5.835859
5.986997
5.975231
5.987107
5.982169
5.983473
-5.886792
-5.988433
5.895457
-5.986216
5.987109
5.962331
-5.983827
-5.962114
5.973966
-5.953728
-5.987793
-5.945467
5.954812
5.952092
5.959242
-5.974630
5.974594
-5.931753
-5.978945
5.972387
-5.903159
5.974288
5.989952
5.988444
5.946045
-5.964320
-5.954900
-5.980293
-5.969547
-5.966295
5.987420
-5.975119
5.972528
5.960891
-5.969306
5.951769
-5.954743
-5.961088
-5.952434
-5.952898
5.893936
-5.939941
5.942109
5.960466
-5.994116
5.990874
-5.946691
5.989271
5.189624
5.977135
-5.959711
-5.973382
-5.987688
-5.993378
5.957519
-5.886846
5.987363
-5.964736
5.939693
-5.937528
5.968361
5.987112
-5.961603
-5.963033
5.989066
5.981248
-5.998317
-5.986780
-5.995016
5.993390
5.938321
5.989783
5.843106
5.979206
-5.944841
5.980602
5.937566
-5.976816
-5.971834
-5.985601
5.970250
-5.988318
5.931659
-5.990883
-5.985644
5.979290
-5.981242
5.997485
-5.960503
5.928538
-5.992037
5.967296
-5.980917
5.948935
-5.978601
5.983026
5.957294
5.947852
-5.967512
-5.988703
5.960298
-5.970814
-5.972578
-5.950483
-5.951598
-5.982580
-5.970516
5.980426
-5.997091
5.958949
-5.976270
-5.954416
5.994811
5.960613
-5.976341
5.956855
5.966044
-5.990306
5.949711
5.982331
-5.904523
5.968703
5.963040
-5.982632
5.981338
-5.954063
5.996945
5.683491
5.991606
-5.977845
4.957030
-5.963426
5.953166
5.963549
-5.984476
4.800891
5.974297
5.964382
5.964630
5.970186
5.917160
-5.971018
-5.974199
5.943447
-5.951866
-5.949623
5.982655
5.978371
5.988913
5.987485
5.962825
5.753459
-5.974393
5.959791
-5.975718
5.990189
-5.979525
5.955868
5.978836
5.988870
-5.946859
-5.964881
5.992934
-5.932782
-5.988738
-5.975039
5.954924
5.974947
-5.915400
-5.994087
5.896009
-5.970994
5.988496
5.916313
5.957862
-5.994931
5.945548
-5.959334
5.962058
-5.967941
5.984588
5.993148
5.973416
-5.977393
-5.955168
-5.980323
5.961670
-5.958315
-5.988026
5.972125
-5.953198
5.975774
5.993911
-5.964820
5.973268
5.981952
5.964095
-5.964456
-5.977785
5.961469
5.989306
5.983179
5.985081
5.967597
5.980518
5.927267
5.989726
5.974001
-5.989584
-5.926465
-5.990551
5.998339
5.966679
5.982363
5.985385
5.997553
-5.975580
-5.986907
5.989684
-5.903038
5.956567
-5.968927
5.969200
5.969480
5.964133
5.983042
-5.992655
-5.931780
-5.938031
-5.975096
5.987421
5.974791
5.934913
-5.970041
5.974865
5.940689
-5.981466
5.981399
5.976479
-5.969911
-5.980690
5.980866
5.964613
-5.963846
-5.976882
5.975217
-5.953348
5.948895
-5.966226
5.986400
-5.965070
5.959252
-5.972674
-5.988044
-5.687616
5.945647
5.970519
5.989386
-5.995255
-5.996581
-5.955076
5.758718
5.968555
5.981823
5.919250
-5.968385
5.971889
5.978585
-5.969857
5.984830
5.959223
5.968919
5.987960
5.996638
5.993333
-5.929629
-5.980484
5.980581
5.956789
-5.964506
-5.968507
5.953031
-5.951592
-5.965812
-5.955842
5.979161
-5.929646
-5.981190
5.966017
-5.968303
-5.979473
-5.993466
5.984304
5.949138
-5.966502
-5.951256
-5.964864
5.993518
5.996307
5.966452
5.980950
5.975320
5.954107
-5.960326
5.984880
5.945728
5.998988
-5.994134
-5.951454
5.986773
5.970239
-5.989802
5.984344
-5.972696
-5.946067
5.994551
-5.972402
5.704153
5.903971
-5.956089
-5.960129
5.970491
5.963958
-5.973997
-5.963939
5.963973
-4.940801
-5.945044
5.977967
5.981342
-5.975175
5.973612
-5.969372
-5.977166
5.953094
-5.575482
5.984859
5.922565
5.978752
-5.990420
5.952657
5.612146
-5.946249
-5.960915
5.893994
-5.665738
-5.994989
-5.599141
5.980111
-5.992872
5.891273
5.992123
5.968952
5.952202
-5.976736
-5.981645
-5.987205
5.997021
-5.965523
5.949732
-5.978469
-5.986053
-5.959332
5.981609
5.976722
5.957176
5.988769
5.980302
-5.954900
-5.965475
5.966889
-5.938260
5.989232
-5.968228
5.946910
-5.967702
-5.721445
-5.985735
-5.954642
5.985391
-5.979901
5.897170
-5.948146
5.981750
-5.992942
5.941297
5.909187
5.972627
5.957966
-5.978404
5.967536
-5.931871
-5.960499
-5.877793
-5.965630
-5.948578
-5.966280
5.924700
5.979965
-5.936555
-5.966488
-5.960805
5.982263
5.988796
-5.974410
-5.972943
5.977880
-5.971442
-5.949403
-5.971678
5.962267
-5.974294
-5.979205
5.991437
-5.963194
5.986177
-5.995001
-5.982772
-5.982094
-5.971435
-5.930851
5.993196
5.985242
-5.983649
-5.984827
-5.975188
-5.986363
5.941945
5.952511
-5.990626
-5.962982
-5.996113
5.984107
5.990801
5.982414
5.947960
5.960416
5.952499
-5.944169
5.964175
5.989669
-5.981498
5.954679
-5.978097
5.973322
5.965760
5.978225
-5.989761
5.991456
-5.947283
-5.966427
5.976641
-5.973659
-5.850527
-5.957692
-5.995485
-5.973841
-5.924967
5.979846
-5.955001
-5.994541
-5.968783
5.796601
5.962653
-5.964493
-5.980773
-5.976273
-5.956622
5.952678
5.978993
5.828903
-5.929127
5.970788
5.963736
5.963297
-5.991496
-5.960344
5.975208
-5.970800
-5.901058
-5.990189
5.972648
5.980805
5.977810
-5.919693
-5.983458
5.590236
-5.955712
-5.963664
-5.933958
-5.970699
5.962807
5.996412
5.988976
-5.976326
-5.981291
-5.972872
5.971607
-5.990265
5.950927
5.973272
-5.950865
5.980218
-5.956441
-5.997501
-5.970472
-5.971135
5.913570
5.991129
5.981692
-5.967253
5.997466
5.973542
5.974881
5.973598
-5.970127
5.964166
5.982891
-5.991569
5.992434
-5.984507
5.954593
5.983981
-5.983086
5.985073
-5.976184
5.971487
5.981988
-5.934179
-5.989557
5.920995
-5.998496
5.964965
-5.949159
-5.976880
5.983302
5.992905
5.971807
-5.960945
-5.982054
5.980071
-5.970091
5.979786
5.975797
5.997410
-5.973126
5.974140
-5.981839
5.973923
-5.990147
-5.964900
5.966018
5.994417
5.937506
-5.994794
5.918777
5.994402
5.977179
-5.963487
5.811077
-5.985843
5.960014
5.981916
5.972143
-5.985957
-5.934885
5.973223
-5.990590
-5.968970
-5.986393
5.946673
5.967540
5.953397
-5.978523
5.970547
5.977093
5.986797
5.963557
5.955527
-5.989621
5.997658
-5.837476
-5.972224
5.933611
-5.987041
5.991939
5.998721
5.982134
-5.954492
-5.958043
5.983886
5.961430
-5.936040
-5.965442
-5.990936
-5.986903
-5.968635
-5.990806
5.926455
5.944973
-5.988368
-5.972786
5.970994
-5.917437
-5.965424
5.973347
-5.980852
-5.989255
-5.974753
-5.971696
-5.986862
-5.989812
5.965143
5.926959
-5.968281
-5.960539
-5.992616
-5.982586
5.954761
5.960414
-5.985228
-5.976967
-5.991925
5.988001
5.991530
-5.987942
-5.947432
-5.991900
-5.976001
-5.997703
-5.984771
-5.988880
5.989775
-5.955873
-5.995232
-5.973435
5.951004
5.945495
-5.928818
-5.989190
-5.987503
5.972175
-5.963633
-5.945364
-5.969690
5.997035
5.965202
5.854417
5.987506
5.985136
-5.984305
5.099235
-5.971764
-5.965441
-5.935143
5.969154
5.967150
5.969152
5.980259
5.986063
-5.942661
5.981773
5.880967
5.971873
-5.948309
5.976600
5.979766
5.966058
-5.950439
5.990109
-5.907917
-5.939023
-5.989513
-5.969593
5.945625
5.983744
-5.966840
5.978183
5.971225
5.969570
5.971337
-5.971546
5.987442
5.952583
-5.936437
5.983543
5.995529
-5.991361
-5.984864
-5.977088
5.965394
5.986349
5.991035
5.995104
5.991172
5.979125
-5.974126
5.977586
5.931054
5.969039
5.986436
-5.945068
5.967925
-5.989324
5.983421
-5.981489
5.970094
5.965477
-5.943051
-5.818767
5.934701
-5.981757
-5.721829
-5.991291
-5.956571
-5.979517
5.977719
-5.959316
-5.968054
-5.966296
-5.981844
-5.965933
5.984325
-5.983471
5.943672
-5.976756
5.975382
-5.980054
5.976486
5.969080
-5.955831
5.988790
-5.996228
-5.987557
5.987537
5.974880
5.988257
5.742526
-5.996547
-5.984358
5.974245
5.962312
-5.971051
-5.994770
-5.980962
-5.976708
-5.963490
5.960607
-5.915773
-5.960709
5.977496
5.973743
-5.985991
-5.981901
5.975662
-5.992115
-5.967009
5.958563
-5.934733
5.979053
-5.970731
-5.970132
5.970388
-5.970060
5.972829
5.982800
-5.937444
5.978654
5.979660
-5.983116
5.946035
5.981317
5.951922
-5.950766
5.923565
5.929687
5.970377
-5.952356
5.962960
-5.978778
5.969435
-5.984510
-5.966382
5.971525
5.912200
-5.946158
-5.852003
5.988115
-5.976309
-5.966220
-5.979657
-5.985152
-5.979482
-5.965165
5.994573
-5.980501
-5.950321
-5.985105
5.991734
-5.933001
5.985030
5.951816
-5.983461
-5.965179
-5.982414
5.966436
5.981724
5.944263
5.955977
5.986773
5.969005
-5.964699
-5.973552
-5.945487
5.981012
-5.983171
5.939483
-5.993790
5.997473
5.951544
5.963953
-5.978674
-5.975110
-5.987756
5.954615
-5.956693
-5.967829
-5.992859
-5.967367
5.959571
-5.990237
-5.976238
-5.972858
-5.989621
-5.991796
-5.978581
5.977176
-5.978567
5.995921
5.933962
-5.879985
5.986526
5.966242
5.973236
-5.951323
5.971349
-5.976253
5.982322
-5.961134
5.970178
5.743234
5.974928
-5.963011
5.992331
5.966839
-5.962958
5.797079
5.962077
-5.995811
-5.955855
5.959474
-5.979668
-5.947369
-5.985935
-5.962509
5.979614
-5.991304
-5.980500
-5.983031
5.958309
5.975420
5.967532
5.982489
5.992381
5.988708
5.991076
-5.911501
5.978951
5.972958
5.982362
-5.965259
-5.968310
-5.985960
-5.959129
5.983611
5.981983
5.968015
5.970447
-5.985473
-5.970005
-5.936266
-5.973649
-5.973648
-5.982564
5.970304
5.993974
-5.980634
-5.960979
5.970599
5.977359
5.997819
5.990893
-5.943080
-5.986031
-5.964807
-5.979443
-5.982595
5.975679
-5.977813
5.973358
5.993427
5.962608
-5.948010
5.981929
-5.985027
5.983611
5.378056
-5.967794
-5.911559
-5.891677
-5.984092
5.956125
5.981413
5.954305
-5.985382
-5.984197
-5.948318
5.991183
5.971278
-5.952529
-5.972181
5.990409
5.988132
5.959838
-5.988700
-5.954447
-5.974531
5.974839
-5.987153
5.969393
5.972713
-5.989566
-5.996235
5.984936
5.961613
5.982598
-5.950878
-5.998069
5.995055
5.975277
-5.964721
-5.938060
-5.962871
5.925249
-5.959440
-5.962412
5.995671
5.975903
-5.974361
5.942783
5.981050
-5.977054
-5.952585
-5.993636
5.950314
-5.979364
-5.964259
5.976406
5.982616
-5.975645
-5.914697
5.971709
-5.991443
5.863309
5.990173
5.970626
5.954815
5.985035
-5.988305
5.979491
-5.991995
5.986594
5.962481
5.967484
5.961382
-5.991642
5.954345
-5.912973
5.973842
-5.973716
-5.949754
-5.981332
-5.969881
5.966654
5.978993
-5.960306
-5.983884
5.953417
-5.965851
-5.959902
-5.970049
-5.978378
-5.986060
-5.959598
5.992883
5.972344
-5.965819
5.955139
-5.981922
5.979462
5.950386
5.884205
-5.967900
5.913118
5.950489
-5.978684
-5.963483
5.955441
-5.955322
-5.990528
5.955536
5.972908
-5.571994
5.942561
5.987774
5.995131
5.967863
-5.990604
5.931642
-5.973377
-5.967625
5.994422
-5.953946
5.985265
-5.988436
5.966865
-5.960277
-5.952779
-5.957651
5.920526
-5.984537
-5.942978
-5.984716
5.963719
5.943814
5.914696
5.940105
5.987194
-5.969712
-5.978114
-5.991854
-5.988297
5.965507
-5.987966
5.991872
5.996012
-5.974693
-5.964580
5.960117
-5.903711
-5.964498
-5.997494
5.964535
5.978609
-5.989278
5.969515
5.975336
-5.975915
-5.994160
5.977410
-5.988589
5.978823
5.954874
5.965348
5.968985
-5.981610
5.981662
5.990264
5.994391
5.998189
5.971526
5.984370
5.989138
5.997156
-5.981657
-5.986327
5.974382
-5.981652
5.984086
5.979322
5.998289
-5.981497
-5.986143
-5.930829
5.944816
-5.980196
5.977062
-5.988455
-5.972107
-5.971796
5.966421
5.969884
5.989012
5.985358
-5.987213
5.982106
5.976055
5.945963
5.969715
5.986195
5.992593
-5.973809
5.986961
5.990987
-5.962883
-5.953004
-5.983992
-5.972961
5.958711
5.966831
-5.983598
5.954285
-5.974759
-5.966308
5.980349
5.961857
-5.985343
5.986798
5.974815
-5.991109
-5.974829
-5.977247
5.955779
5.931062
-5.989699
-5.952928
-5.993150
5.963699
5.932840
-5.988529
5.954091
-5.965952
-5.979496
5.964066
-5.977548
5.976096
5.981658
-5.991774
-5.978871
5.963276
5.992447
-5.975246
5.941192
-5.983177
5.982865
5.866884
5.960092
5.975254
5.991425
-5.981627
-5.991443
5.976481
5.937660
-5.946967
-5.959547
-5.989862
-5.961287
-5.981978
-5.993306
5.966507
5.993487
5.998139
5.977884
-5.990075
-5.980334
-5.976896
5.971589
-5.954895
-5.967562
5.952234
5.809346
-5.975997
-5.989428
-5.934041
-5.962401
-5.993517
-5.936851
-5.983298
-5.982710
5.981282
-5.985800
5.980178
-5.986653
5.967856
5.979381
5.975886
-5.954522
5.964288
5.950107
5.987842
-5.980079
-5.950611
-5.934596
5.961347
5.985710
5.990827
5.995985
-5.986610
-5.937879
-5.851789
5.976058
5.971206
5.983338
-5.993672
5.973286
5.978196
-5.991359
-5.975608
-5.984277
5.975515
-5.975606
5.922812
5.962649
-5.976064
5.812776
-5.824240
-5.989103
-5.989820
-5.988588
5.976996
-5.955672
-5.989882
5.969581
-5.981634
-5.992034
5.987912
-5.974413
-5.949755
-5.975252
-5.953659
-5.953601
-5.977251
-5.968937
-5.980514
-5.945856
5.923032
5.960535
-5.926511
-4.838599
-5.997275
5.945660
5.953391
5.976245
-5.960099
5.985318
-5.979446
-5.961903
-5.967709
5.955086
-5.964212
-5.966689
5.987738
-5.981786
5.972266
-5.944285
5.973796
5.970008
5.943540
5.960696
5.985925
-5.965506
-5.967764
-5.960068
5.970893
5.979886
5.977408
-5.994327
-5.987541
5.982931
5.989765
-5.938480
5.963456
-5.969586
5.967860
-5.979903
1.545045
-5.972960
-5.982839
5.993178
-5.945157
5.960087
5.971644
5.948889
-5.956913
-5.985218
-5.964513
5.961507
5.980832
-5.992152
5.822903
-5.991392
-5.887268
-5.954434
5.985895
-5.970384
5.988829
5.992940
5.929642
5.957363
5.981022
-5.995185
5.994556
-5.438641
-5.636159
-5.998090
-5.992242
-5.993764
5.965284
-5.926961
5.995266
5.987385
5.797352
5.914597
5.971892
-5.970558
5.997040
-5.922335
5.994140
5.964190
-5.969033
5.996620
-5.979558
5.978321
5.950325
-5.982480
-5.976937
5.971278
-5.982799
5.760303
5.995340
5.963530
5.970883
5.983805
-5.941292
5.976388
-5.982993
5.969225
5.979127
5.990042
-5.970942
-5.974831
-5.981999
-5.973392
-5.959484
-5.989230
5.971303
5.985574
5.982996
-5.998435
-5.973345
5.967627
-5.990358
5.936547
-5.989422
-5.988180
-5.969598
5.955080
5.976184
-5.983841
5.997233
-5.941881
-5.981715
5.983238
-5.969728
-5.921312
-5.969795
5.977080
-5.954038
5.978441
-5.986338
5.972946
-5.957739
5.951817
5.973917
5.993427
-5.992072
-5.984388
-5.959847
5.976182
-5.963976
-5.983133
-5.972606
-5.998709
5.957107
5.983121
5.962040
5.991468
-5.993748
-5.992105
5.966910
-5.978887
5.931044
3.954005
5.996270
5.941252
-5.966787
-5.964871
-5.953624
-5.992357
5.948568
-5.993179
-5.985066
-5.981418
5.988273
-5.969590
-5.982525
5.989302
-5.970142
-5.953558
-5.939000
5.992189
-5.992486
-5.991393
5.983721
-5.946035
5.955819
-5.977393
-5.942559
-5.975967
5.981028
-5.991663
-5.986578
-5.977687
5.952653
-5.981783
-5.931161
-5.941665
5.971513
-5.946838
5.947515
-5.979034
5.980524
-5.916051
-5.983658
-5.993870
-5.983133
5.987969
5.951061
5.995795
-5.964710
-5.995975
-5.916085
5.971197
-5.991756
5.955388
5.975426
-5.991629
5.978270
-5.967286
-5.980358
5.954892
5.968472
5.993848
5.953272
-5.940051
-5.977466
5.954355
-5.963666
5.913437
-5.989503
-5.972000
-5.473970
5.929887
5.998151
-5.989312
-5.948664
5.966304
5.974302
5.960132
-5.943190
5.992159
5.958211
-5.962877
5.988563
-5.961919
-5.987986
5.991871
-5.971943
5.966184
-5.963667
5.982710
-5.984065
5.916028
-5.959773
5.975597
-5.968993
-5.978051
-5.991689
-5.953234
-5.987472
-5.946619
5.975735
-5.963583
-5.974860
-5.952029
-5.958820
-5.975938
5.994102
5.972271
5.962345
-5.997070
5.984198
-5.965942
-5.985933
5.990210
5.948667
5.990222
-5.977010
-5.968257
-5.981659
-5.986380
5.986706
5.925313
5.969551
-5.952593
-5.961601
5.993616
5.983051
5.939048
-5.975624
5.984733
-5.983555
5.994007
5.952542
-5.969716
5.956028
-5.977160
5.971702
-5.955434
-5.977088
-5.977801
5.986276
5.962710
5.964971
5.985390
5.973181
-5.995324
5.976070
5.997030
5.971578
-5.888228
5.942351
5.975313
-5.970642
-5.989853
5.847221
5.983175
-5.983143
5.989929
-5.898855
-5.953214
5.994103
5.969088
-5.994454
-5.970444
5.980997
-5.928630
-5.991971
5.967380
5.986960
5.968435
5.973752
5.973859
-5.978321
5.994101
5.974364
-5.982338
5.985094
-5.941722
-5.977464
-5.979530
5.979203
5.996717
-5.967894
5.978227
-5.976271
5.821489
5.961453
-5.994497
5.976724
5.967803
5.683831
5.981922
5.979164
5.973446
5.968351
-5.955411
5.955991
5.963901
5.973924
-5.997014
-5.992426
-5.936557
-5.949175
-5.967798
5.986568
-5.975714
-5.986603
-5.974320
-5.977398
-5.977250
-5.984217
5.961805
5.986490
5.966242
5.985232
-5.964524
5.700783
5.961848
-5.987090
-5.976192
-5.993112
5.957001
5.946565
-5.935041
-5.959298
5.985608
-5.973910
5.970500
-5.986362
-5.979120
-5.917640
-5.981310
5.973016
5.972672
-5.987871
-5.983626
5.960759
-5.986913
5.968398
-5.904095
5.965728
-5.969354
5.971064
-5.986516
5.938896
-5.981498
-5.989489
-5.916101
-5.993553
-5.986975
5.969141
5.988082
5.972483
-5.988612
-5.947881
-5.956888
5.983706
-5.983570
5.977780
-5.952997
5.996835
-5.973789
-5.978483
-5.993783
-5.953311
-5.973034
5.986898
-5.989287
-5.984896
5.966750
5.972054
-5.985256
-5.993104
5.976167
-5.923961
5.987940
-5.954380
-5.992965
-5.981944
5.968101
-5.964825
-5.980234
5.986625
-5.926629
-5.975681
-5.994662
5.995445
5.981558
5.930947
-5.988807
5.983019
-5.959434
-5.945555
-5.964867
-5.983615
-5.970863
-5.961268
-5.982521
5.964419
-5.995172
-5.972956
-5.901974
-5.991620
-5.964969
-5.946803
-5.992604
-5.993612
5.950622
5.961520
5.936575
-4.858719
-5.944105
-5.974605
5.976382
-5.934435
5.960024
5.971916
5.994669
-5.954481
5.973506
5.985319
5.984350
-5.975100
5.953930
-5.935887
-5.982358
-5.979316
5.962760
5.993053
-5.949534
-5.976393
5.978515
5.978074
-5.967432
5.966569
-5.994789
-5.983372
5.944583
5.986504
5.989625
-5.969524
5.922574
5.980954
-5.937570
-5.961029
-5.765392
-5.983707
5.996951
-5.957010
-5.981692
5.984340
-5.982605
5.978831
-5.983843
-5.955947
5.988175
5.955777
-5.992595
5.990183
-5.952772
5.938747
5.987791
5.983453
-5.987675
-5.995986
5.984147
-5.994721
-5.989969
-5.967397
-5.976819
-5.976097
5.972993
5.887912
-5.989510
5.987977
5.922757
-5.964540
5.967485
5.981617
5.985696
5.920593
5.944048
-5.968213
5.977520
5.989622
5.890607
5.961499
-5.952765
5.978657
-5.975578
-5.993155
-5.966293
-5.987864
5.955950
-5.955741
-5.950633
-5.980457
5.985494
5.983390
-5.956854
-5.979721
5.962855
-5.991519
-5.923484
-5.976792
5.987302
5.976004
-5.986681
-5.975422
-5.966466
-5.991899
-5.955017
5.951728
-5.979333
-5.976285
5.973249
-5.984393
5.921613
-4.838458
5.984439
5.974883
5.990858
5.975644
5.965297
5.979761
5.945649
-5.996829
-5.857495
-5.981542
5.978684
5.982614
5.969126
5.978105
5.931661
5.968060
5.987230
-5.990899
5.974385
5.919797
-5.943520
-5.972750
-5.994853
-5.998805
-5.931030
-5.988305
5.987725
-5.963492
-5.986597
-5.963153
-5.978901
5.965215
5.990386
5.984973
5.995469
5.930223
5.970659
-5.983487
5.959566
5.991402
5.950445
5.985123
5.960649
5.967681
5.944950
-5.978478
5.980048
-4.711154
-5.980588
-5.960869
5.988260
-5.988364
5.946428
-5.990289
-5.981504
-5.918216
-5.980710
5.967418
-5.982763
-5.944590
-5.955534
5.975631
-5.940830
-5.981290
-5.990198
-5.967389
-5.990864
-5.939744
5.975819
-5.923839
-5.974085
5.995119
-5.969626
5.966951
5.952599
5.985073
-5.957890
5.934733
5.995301
5.994116
5.985815
-5.950744
-5.964190
-5.957931
-5.960867
-5.954862
-5.924848
5.981946
-5.942476
5.990723
5.961739
-5.956071
5.974581
-5.965722
-5.905839
-5.978755
-5.990065
-5.969771
5.954951
-5.992014
5.961887
-5.979122
5.983758
5.973804
-5.981630
5.993278
5.314129
5.964181
5.985252
-5.978442
5.967386
-5.992666
-5.962769
5.954783
-5.951029
5.987088
5.992865
5.958384
-5.992593
5.986661
-5.985756
5.987764
-5.960872
5.946569
5.985703
5.995773
-5.655848
-5.973411
-5.990469
-5.980956
-5.974333
5.951908
-5.953135
-5.953079
5.968167
-5.990513
-5.988046
5.976592
-5.968611
-5.977831
-5.974422
5.976488
5.980094
-5.934969
5.972244
5.982592
5.979548
-5.989859
-5.958865
5.980651
5.950303
-5.985109
5.976798
5.977581
-5.976286
-5.996824
-5.986743
5.765763
5.979683
5.880373
5.971291
5.985306
5.992054
-5.993478
-5.960334
5.979921
-5.958182
-5.966341
5.972643
5.991467
5.991276
-5.984545
5.966216
5.960192
5.970163
-5.958981
5.994131
5.969495
-5.983212
-5.951923
-5.939449
5.983942
-5.973261
5.945275
5.977277
5.986325
5.930332
5.976321
-5.947165
5.956156
5.975062
-5.982182
5.977047
-5.795952
5.974173
-5.948313
5.957912
5.987043
5.965264
5.978118
-5.987576
-5.975953
-5.962579
5.953157
-5.962582
5.958988
5.952816
-5.973995
5.984200
-5.981884
-5.969568
-5.940742
-5.996892
5.946780
5.964962
-5.968345
-5.990044
-5.968433
5.966694
-5.960193
-5.972209
-5.970986
-5.952144
5.989884
5.973487
-5.966015
5.723696
-5.990870
-5.977086
-5.977514
-5.949859
5.986263
-5.993686
5.986797
5.959475
5.984692
-5.957211
5.975231
-5.959193
-5.983686
5.958617
5.925680
-5.985832
5.952963
-5.899563
5.962749
5.994505
-5.966499
5.887148
5.989397
5.866086
-5.992234
-5.966808
5.993821
-5.982757
5.981043
-5.963677
-5.975536
5.992132
5.990268
5.998675
5.989987
5.991580
5.966691
-5.953521
-5.951982
-5.980673
5.970088
5.981250
-5.962216
-5.956269
3.498750
5.937552
-5.977316
5.987721
-5.927785
5.977036
-5.991196
5.983757
-5.979247
5.996326
-5.969846
5.981830
5.959133
5.964288
5.966387
5.983786
5.947700
5.981115
5.965525
-5.969906
-5.950681
-5.979716
5.969525
-5.974571
5.980478
5.980989
-5.878397
-5.968754
-5.955015
-5.823631
-5.984237
5.985233
-5.961861
-5.942374
-5.989080
5.987427
5.973756
-5.987809
-5.995261
-5.954242
-5.989089
5.556515
5.952788
5.915261
5.993430
-5.990695
5.971777
-5.968566
5.964480
-5.986985
5.788633
-5.981345
-5.972416
-5.964351
5.944606
5.961849
-5.953694
5.977162
-5.969899
-5.973951
-5.965800
-5.998537
5.989562
-5.957067
5.983258
5.992316
-5.957352
-5.954547
5.985200
5.989903
-5.939233
-5.971252
5.995059
5.977397
-5.963410
5.978320
-5.986655
5.954217
-5.946187
-5.990806
5.947182
5.960609
5.954288
-5.949879
5.983087
5.984899
-5.943356
5.965633
-5.977276
5.983662
-5.991884
5.983702
-5.978076
-5.976078
5.998610
5.974518
-5.868047
5.967455
-5.975070
-5.965291
5.957392
-5.950519
5.980284
5.976899
5.969935
5.986007
-5.961597
-5.968018
-5.973550
-5.986487
-5.990068
5.974146
-5.972814
5.992507
-5.995966
-5.979349
-5.993575
5.979880
5.953667
-5.988921
-5.966492
-5.964916
-5.983122
-5.983825
-5.937615
5.973221
5.973124
-5.935797
5.979546
5.922365
5.946888
-5.975683
5.963121
-5.994821
5.968689
5.981585
5.973582
-5.942977
-5.962610
5.986406
-5.959226
-5.998057
-5.973355
5.957342
-5.980886
-5.969158
5.482520
-5.976634
-5.937760
5.938666
-5.990628
5.983430
-5.982573
5.961282
5.982062
5.971522
5.983274
5.992759
5.986336
-5.990441
-5.965996
-5.984346
5.982797
-5.976725
5.972230
5.977060
-5.980579
5.790368
5.983873
5.937050
5.980274
5.919204
-5.959735
-5.978894
5.976671
-5.971475
-5.840212
-5.980311
-5.975642
-5.977437
-5.993770
5.984833
-5.936993
5.961098
-2.652193
5.960352
5.974266
5.993076
5.969603
-5.971810
-5.929388
-5.013405
-5.983070
5.461378
-5.989111
-5.974548
-5.959108
-5.956792
-5.970114
5.920512
5.992716
-5.984534
5.995476
-5.960462
5.979604
-5.966247
-5.995321
-5.970225
5.952338
5.988976
5.992175
5.991563
-5.970903
5.985645
5.976216
5.994454
-5.973285
-5.974918
5.990372
-5.980516
5.991959
-5.984401
5.984211
5.966448
5.953596
5.992284
-5.990396
5.958218
5.979373
-5.980051
5.979004
-5.993448
5.979493
-5.987667
-5.992579
5.970518
-5.963980
-5.959539
-5.991074
-5.993523
-5.775566
-5.988696
5.987635
5.951121
-5.994786
-5.952225
5.981413
5.985983
5.935614
5.957949
5.950093
-5.958557
-5.995475
5.942356
5.959766
5.952964
-5.981251
-5.993626
5.990221
-5.835675
-5.966429
5.982849
-5.983851
-5.995758
-5.918038
5.995353
5.981126
5.990266
5.963379
5.988429
-5.973145
5.988515
-5.993167
-5.943293
-5.994274
-5.960336
-5.984535
-5.956563
5.912566
5.989432
5.971670
5.992402
5.992044
5.979998
5.981126
-5.991410
5.963340
5.968304
5.968052
-5.985906
-5.926975
5.975436
-5.981813
5.979334
5.974307
-5.957356
-5.984376
5.953749
-5.649900
-5.852090
5.955745
-5.947884
5.982988
5.971774
-5.982835
5.955098
-5.981917
5.969962
5.958396
-5.950268
-5.980555
5.964430
5.980905
-5.970520
-5.979627
5.970632
5.991922
-5.955644
5.995780
5.959882
5.982459
5.962304
5.934458
5.989796
-5.993907
5.920593
5.948537
5.937733
-5.967685
-5.985480
5.964892
5.951000
5.953506
5.975958
5.952043
-5.962314
-5.901331
5.989182
5.973968
-5.987514
-5.991685
5.986192
-5.981817
5.996919
5.749445
5.992600
-5.980806
-5.987480
-5.965300
-5.968142
-5.981156
5.957485
-5.983859
5.971749
-5.993730
-5.996145
5.988961
-5.973510
5.980512
-5.934462
5.994289
-5.940318
4.533401
-5.933207
5.989019
5.989854
-5.986123
5.985319
5.955513
-5.992724
5.991985
-5.975557
5.963507
5.940536
-5.978923
5.977478
-5.964763
-5.997863
-5.958512
-5.969789
5.963847
5.991219
-5.996787
-5.921026
-5.972716
-5.952973
5.951060
5.983514
5.965068
5.948634
5.982038
5.996803
5.980104
5.923302
-5.976715
5.995279
5.981322
-5.961545
-5.973659
-5.974954
5.976328
-5.987343
5.988672
-5.986423
-5.987160
5.957212
5.946800
-5.987202
-5.970589
5.969148
5.990514
5.953739
5.964135
5.995605
5.821830
5.916704
-5.985952
5.977980
5.988065
5.977541
-5.987874
-5.975139
-5.984150
5.964307
5.974462
5.973000
5.933412
5.969075
5.967565
-5.945738
5.987841
5.985244
-5.967797
4.247245
-5.961650
-5.967051
5.969185
-5.913849
-5.971326
-5.984521
5.982472
5.946678
-5.965451
-5.818957
-5.960871
-5.986802
5.912141
-5.962298
-5.944281
5.977689
5.975348
5.986419
-5.925513
5.952320
-5.993240
-5.981561
-5.973653
-5.977901
-5.976370
-5.969437
5.993388
5.985907
5.975103
-5.937258
-5.952335
-5.996974
-5.989186
5.945597
-5.986386
-5.965732
-5.973398
-5.960663
-5.995823
5.971418
5.933567
5.973221
5.944104
5.972568
-5.989289
-5.960583
5.997920
-5.983706
5.954060
-5.985170
5.984345
-5.976938
-5.958910
5.969843
-5.983741
-5.972454
-5.933859
-5.990588
5.994726
5.982664
-5.934996
-5.967943
5.974098
-5.988264
-5.967738
5.976657
5.959621
-5.963869
5.939140
-5.958028
-5.956555
-5.967388
-5.995384
-5.977337
-5.790377
-5.927570
5.983363
-5.956717
5.971345
5.986095
5.977634
5.973014
-5.986004
5.977624
-5.978879
-5.964306
-5.971401
-5.937758
-5.960901
5.993067
-5.972801
-5.946089
5.960918
5.949823
5.979223
-5.945015
-5.958344
-5.894824
-5.975420
-5.952590
5.943910
5.991412
-5.978175
-5.966942
5.810731
5.983457
5.973878
5.954300
-5.988392
-5.983168
-5.980467
-5.979806
-5.972788
5.973480
-5.974113
-5.978379
5.985522
-5.947038
-5.978904
-5.992568
5.978292
5.961237
-5.991448
5.957409
5.983487
5.987518
5.928641
-5.997108
-5.990018
5.964084
-5.988336
5.976725
-5.974378
5.959371
5.991623
5.966573
5.989851
-5.984605
-5.963237
5.948915
-5.991933
5.980304
5.973306
-5.992818
-5.989718
5.982895
5.974295
-5.922481
5.980600
-5.982268
5.981080
-5.961501
-5.965524
-5.970340
-5.960310
-5.933431
5.987809
-5.932110
-5.982990
-5.963183
-5.975226
5.965568
-5.969455
5.988309
5.948078
5.991051
5.985421
5.987190
5.975012
5.984100
-5.946931
-5.973691
-5.950575
5.946343
5.974904
5.970981
5.958944
-5.943095
-5.960112
5.965223
-5.988871
5.923957
-5.964674
5.965576
5.964892
5.974149
-5.998217
-5.930501
-5.993685
5.976169
5.981317
5.936421
-5.947417
5.952449
-5.996700
-5.867780
-5.976287
5.960063
5.961240
-5.989142
5.953303
5.982499
-5.974042
-5.984276
-5.974740
5.959567
5.975293
-5.224720
5.959252
5.862791
5.854604
5.992350
5.979605
5.986689
-5.996816
5.990960
5.986796
5.972226
-5.986981
5.919367
-5.997473
5.993397
5.974870
5.967947
5.951822
5.953774
-5.956642
5.949045
-5.899500
-5.983929
-5.604926
5.988377
-5.971217
5.974042
-5.967987
5.992714
5.982784
-5.941770
-5.931304
5.983532
5.980036
5.980124
-5.933764
-5.968742
-5.971324
-5.954793
-5.975946
-5.978129
5.989574
-5.975466
-5.980553
-5.983560
5.968783
5.975246
-5.968455
5.957274
5.957494
5.975401
5.980930
5.968481
5.919598
-5.988967
-5.986703
-5.979387
5.969325
-5.976164
-5.983344
5.972759
-4.399535
5.996499
5.985972
5.979973
5.976132
5.976110
-5.968562
-5.990104
-5.949405
-5.990746
5.989591
-5.949870
5.979944
-5.963326
5.946227
-5.987008
-5.978943
5.969816
5.972176
5.922907
-5.934820
5.969945
-5.959518
5.986260
-5.940776
-5.992890
5.991480
-5.957831
-5.952518
-5.965902
5.987038
-5.975196
-5.952067
5.978309
-5.983036
5.919442
5.972865
-5.985963
-5.957440
5.983143
-5.978801
-5.976357
5.985482
-5.948024
5.986449
5.956771
-5.971505
-5.970142
5.980441
-5.987319
-5.973949
5.864132
-5.975222
5.978936
5.925295
5.981917
5.980985
5.988573
5.981625
-5.965132
5.960732
-5.984436
5.969400
-5.987758
-5.994437
-5.996887
-5.959329
5.986655
-5.970284
5.965208
-5.991030
5.970605
5.987228
-5.992367
5.987326
5.969551
5.958875
-5.991941
5.990134
5.966980
5.945378
5.488032
-5.971228
-5.952879
-5.967435
-5.989341
-5.956780
5.970626
5.987417
-5.944535
-5.977527
-5.996191
5.956080
5.990454
5.972319
-5.988864
-5.967720
5.971634
5.945945
5.984474
-5.993368
-5.681374
5.947267
-5.996011
-5.996543
-5.963310
5.988181
5.992035
-5.993633
5.967654
-5.993964
-5.976780
-5.971452
5.970299
-5.946006
-5.957421
5.992214
-5.982034
5.962778
5.967335
-5.949632
5.988259
5.952468
-5.990115
-5.986880
-5.990631
-5.986128
5.953340
5.984012
-5.981214
5.997432
5.715319
5.989099
-5.970809
-5.965182
5.993209
5.858748
5.954533
5.986605
-5.994328
-5.982047
5.977183
5.965123
-5.982249
-5.969139
-5.935990
-5.952994
-5.994239
5.992900
-5.985997
-5.974388
5.988926
5.954806
-5.936452
5.964005
5.932608
-5.928648
-5.985496
-5.965512
-5.972864
-5.970268
5.876332
5.897886
5.970602
5.974812
5.977313
5.982000
5.918631
-4.957829
5.945436
5.951187
5.991188
5.958168
5.959538
-5.972928
-3.797075
-5.973880
-5.866737
5.953143
-5.965720
-5.978011
-5.983844
5.979885
-5.953257
-5.959813
5.987129
-5.972630
5.966004
5.975987
5.996479
5.954381
-5.962390
-5.984666
5.996324
5.990972
-5.995069
-5.975647
5.738816
-5.967946
-5.950275
-5.992578
5.951494
5.927016
-5.969032
-5.993127
-5.990899
5.988674
-5.983028
-5.994390
5.959008
5.989725
5.992493
-5.978798
5.975998
-5.988725
5.988748
-5.975213
-5.971975
-5.980639
5.953672
5.955708
-5.974390
-5.978708
5.991445
5.982532
5.988923
-5.995626
-5.949592
5.983712
5.974139
-5.953295
5.992694
-5.952053
5.978429
-5.970360
-5.986037
5.951380
5.957391
-5.974011
5.984095
5.943489
5.982937
-5.990196
5.966222
-5.965632
-5.985508
-5.983575
-5.961058
5.305378
5.975440
-5.988112
-5.993022
-5.973294
-5.968869
5.968319
-5.969308
5.995118
-5.983020
-5.978552
5.969854
5.975532
5.968148
5.945059
-5.922401
-5.983339
-5.983984
5.955483
5.988711
-5.983856
-5.985034
-5.945540
-5.988772
5.966484
5.964758
-5.956734
5.978842
5.977488
-5.963932
5.973904
5.908353
5.993780
-5.986672
-5.922358
5.989056
5.935175
-5.980207
-5.986317
5.967530
5.981707
-5.997774
5.974129
5.982948
-5.996288
5.965224
-5.974646
5.990750
5.982147
5.938553
5.959827
-5.971856
5.980473
5.960693
-5.989101
-5.967016
5.961834
-5.958969
5.950092
-5.962629
-5.974121
5.981775
-5.967302
5.970303
-5.991487
-5.963662
-5.994925
-5.989862
5.981195
-5.980260
-5.973691
5.977180
5.694308
5.949416
-5.931947
-5.972114
-5.963420
5.949513
-5.990068
5.979584
5.973254
-5.949694
5.963034
5.967882
-5.994286
-0.358343
-5.961267
-5.975821
-3.330593
5.951137
-5.975508
5.934283
5.965748
5.982878
-5.976188
5.985328
-5.952826
-5.906461
5.971501
-5.980531
-5.983661
5.986479
-5.971208
-5.934109
5.999098
-5.980695
-5.965749
-5.988812
5.945496
-5.990490
5.974057
5.946117
5.984296
-5.966484
5.954696
5.934259
-5.979247
5.982241
-5.975282
5.987313
5.959686
-5.970047
-5.988197
5.969757
-5.984100
-5.972063
5.950724
-5.969407
-5.984600
-5.968397
5.989473
5.974233
5.917032
5.968958
5.989834
5.987667
5.981865
5.929790
-5.966284
-5.940302
5.944903
-5.968351
5.933762
-5.954694
-5.976595
5.969873
-5.984839
5.988142
5.964730
-5.948311
-5.960095
5.961511
5.976237
-5.954860
5.937271
-5.994497
-5.976960
5.975618
5.950860
-5.987854
-5.956201
-5.982335
-5.955022
-5.980813
-5.995887
-5.982303
5.962606
-5.966230
5.957016
-5.979542
-5.992021
-5.999029
-5.812583
-5.985398
5.959791
5.995252
-5.983314
-5.972094
5.985111
-5.978553
-5.997319
5.954451
-5.975793
5.959303
5.960557
5.972164
5.975218
5.985012
5.982396
-5.970608
-5.989472
5.944088
5.975256
5.944109
-5.980450
-5.988101
-5.963982
5.966657
5.979035
5.960887
5.889528
5.987608
-5.972827
5.996007
-5.971312
-5.988355
-5.969480
-5.983354
-5.967963
5.960226
5.965259
-5.956602
-5.976085
-5.970530
5.967482
5.985720
-5.987429
5.968635
5.988208
-5.983439
5.967132
5.974477
5.980455
-5.976802
5.956474
5.964956
-5.983723
5.948526
5.965959
-5.955026
-5.981209
-5.995413
5.994414
5.985993
-5.972125
5.988989
-5.980050
-5.971194
-5.921366
-5.973759
5.988630
5.984711
-5.977176
5.976678
5.985888
5.954419
5.983038
-5.767074
5.965946
-5.969808
-5.988703
5.983593
5.947607
5.982740
-5.953969
5.982289
5.989241
-5.983462
-5.967071
-5.997009
5.961786
5.988351
-5.960755
-5.976447
5.958947
-5.988424
5.988497
5.948698
-5.954258
5.957092
5.969393
-5.979719
5.982275
5.957378
5.977419
-4.947887
-5.991906
-5.951249
5.989524
5.994794
-5.997651
-5.995418
5.975908
5.588205
5.956017
5.971100
-5.676759
-5.929079
-5.973208
-5.940153
5.977953
-5.976511
5.998554
-5.975794
-5.994722
-5.934038
-5.952192
-5.994264
-5.979350
-5.942910
-5.979222
5.972782
5.980832
5.989109
5.975721
5.982878
5.992887
-5.935771
5.991895
-5.977674
5.982300
-5.950036
-5.981344
5.941512
5.801366
5.995955
5.979037
5.980191
-5.969535
5.942839
5.970435
5.963514
5.973088
5.968874
-5.971479
-5.954144
5.976076
5.965038
-5.969694
-5.990094
-5.963642
-5.973185
-5.845682
-5.951611
5.938118
-5.982441
-5.950187
-5.975711
-5.992605
3.799982
-5.955738
-5.951668
-5.973302
-5.968552
-5.967037
-5.978483
-5.944788
5.984638
5.943746
-5.909336
-5.964547
5.928563
5.989161
-5.974887
-5.988435
5.975473
5.976808
5.992573
-5.978043
-5.954521
5.954761
5.990479
-5.970098
-5.978684
-5.992091
5.983526
-5.973067
5.973567
5.987513
5.977041
-5.965433
5.967287
-5.988390
-5.924181
5.992750
-5.957756
-5.994735
5.994612
5.937302
-5.980304
5.956867
-5.966876
5.922576
5.966424
-5.983664
-5.985890
-5.981934
5.970918
-5.959708
5.984763
-5.968965
-5.945941
5.992917
-5.974138
-5.958487
5.956364
5.964696
-5.981071
5.938049
-5.973950
5.967490
5.973717
-5.965977
-5.982758
5.941517
-5.796238
-5.950830
-5.988925
-5.984183
5.961495
5.989590
-5.964064
5.979022
5.956698
5.975780
5.957244
-5.988441
5.964238
5.985559
5.980323
5.997696
-5.985116
5.979581
5.969861
5.949777
-5.987504
5.981984
5.964997
-5.944482
5.964650
5.965514
-5.977031
-5.989877
-5.915104
-5.960616
5.983094
-5.966649
-3.682881
5.965183
5.967742
-5.957244
-5.994995
5.961055
-5.991530
5.996142
-5.965888
5.985628
5.987460
-5.968528
5.993623
5.980304
-5.968679
-5.983228
-5.978697
5.932214
-5.988743
-5.977829
-5.964803
5.921168
5.956623
5.981537
-5.981631
-5.977134
-5.979899
-5.972298
5.968363
-5.986180
5.948286
-5.976936
-5.939184
-5.977853
5.960947
5.961589
5.953929
-5.972335
-5.988156
5.987582
5.994735
5.998636
-5.995786
-5.998280
-5.977124
5.980966
-5.961766
-5.925715
-5.959719
5.977236
-5.957897
5.991931
5.957945
-5.985646
-5.986228
-5.946710
5.987304
-5.985438
-5.953112
-5.954736
5.975883
5.979987
-5.993819
5.961580
-5.950228
-5.938010
5.983667
-5.992681
-5.965352
-5.987431
-5.978879
5.942729
-5.993183
5.995305
-5.980199
-5.960601
5.953015
5.951864
5.938711
5.931514
5.993979
-5.990259
-5.968556
5.983172
5.988212
-5.955247
-5.937479
-5.951503
-5.988500
-2.915311
-5.982482
-5.973882
5.951492
-5.985045
-5.993089
-5.991086
5.944593
5.982295
5.993283
5.991527
-5.987188
-5.980048
-5.981352
-5.962884
5.973200
5.981880
-5.922058
-5.973452
5.943611
5.969578
5.983983
5.975657
5.981837
-5.983664
-5.968915
5.981537
-5.987885
-5.969376
5.960597
5.982235
5.937748
5.983534
5.959515
5.971668
-5.981511
5.963844
5.982847
5.985099
-5.943097
5.954700
-5.945477
-5.980888
-5.961616
5.933446
-5.973129
5.997364
-5.989221
5.964471
-5.975870
-5.962842
-5.980483
5.918849
-5.987818
5.962947
-5.987562
5.985338
5.975741
-5.965518
5.983536
5.962641
5.993861
-5.981574
5.919614
-5.508512
5.985932
5.955469
5.974578
5.976218
-5.962319
5.931477
5.983280
-5.978206
5.964575
5.952216
5.993080
-5.988296
-5.981115
-5.949310
5.988041
-5.965248
-5.946254
5.971784
5.989244
-5.960066
-5.995981
5.996911
-5.976453
-5.980764
-5.947753
5.982503
5.981927
-5.988211
-5.985188
5.963868
-5.986138
5.983453
5.970007
5.993514
-5.908214
-5.955657
5.949272
-5.981010
4.269716
-5.989977
-5.991822
5.955988
5.972446
-5.973865
-5.991046
5.966319
-5.962582
-5.922349
5.988509
-5.983733
-5.983257
-5.944781
-5.986300
5.974039
5.990214
-5.997551
-5.984780
5.931440
-5.945323
5.975189
5.992663
5.981343
5.989947
5.962831
-5.880972
-5.956562
5.982573
-5.986502
-5.990210
-5.996249
-5.965486
5.984920
5.965568
5.955420
5.988954
-5.993084
-5.965527
-5.962689
5.974594
-5.938265
5.932963
-5.988971
-5.971893
5.945307
5.982035
5.994994
-5.966952
-5.941329
-5.966239
-5.981574
5.953737
-5.966439
5.962276
-5.949208
5.956842
-5.967496
5.958991
5.974537
-3.635062
-5.857618
5.947862
-5.947559
5.975989
-5.987426
5.978648
-5.907786
5.972487
5.978770
-5.997194
-5.978638
5.954077
-5.982804
-5.989673
5.978590
-5.995187
5.961761
5.950773
5.971630
5.971126
5.967801
-5.991888
5.968004
5.953484
-5.985512
5.944925
5.994298
5.988257
5.967050
5.969516
5.938705
-5.990145
-5.967133
5.978772
5.933101
5.993899
-5.981450
-5.949309
-5.968916
-5.918545
5.955643
-5.970616
-5.955031
-5.978008
-5.959681
-5.984614
-5.934999
-5.991945
-5.994964
5.971300
-5.958525
5.970170
5.967060
-5.977505
5.915687
-5.989276
5.988854
-5.941593
5.958704
5.963670
-5.973070
5.951190
5.982842
5.942712
-5.970585
-5.976846
-5.960617
-5.966859
5.983274
5.971791
5.970010
-5.985748
5.975605
-5.989638
-5.985288
5.952384
-5.584349
-5.958066
5.966494
5.979918
-5.982604
-5.968548
5.859599
5.956939
-5.939365
5.961311
5.968144
5.956523
5.972196
5.987829
-5.984850
-5.992905
-5.975641
5.943434
-5.821126
-5.984867
-5.965148
5.991732
5.987720
5.934707
5.972231
-5.987744
5.989710
-5.990802
-5.962301
-5.979500
-5.970818
5.977426
5.985555
-5.983993
-5.976308
5.987617
5.956621
5.793174
-5.965532
-5.994993
-5.982915
5.980172
-5.953467
-5.970221
5.956440
-5.984825
5.956044
-5.981425
5.967192
-5.956128
-5.964668
5.983837
-5.982225
5.980666
-5.955013
-5.966400
-5.963741
5.978126
5.909192
-5.970693
-5.984682
5.913797
5.993106
5.971487
5.953678
5.990911
-5.959536
-5.982560
5.990110
5.954078
5.979444
-5.984773
-5.985131
5.960746
5.990006
5.976854
5.977423
-5.700679
-5.976103
5.976322
-5.963557
-5.984905
5.978606
-5.981294
5.955308
-5.919096
-5.958290
5.980694
-5.945595
-5.991320
5.971972
5.970545
-5.980042
5.976621
-5.983382
-5.969185
5.987597
5.979919
5.965659
-5.938165
-5.888410
-5.990053
5.888454
5.982452
-5.935490
5.985444
-5.975773
-5.971081
-5.983098
-5.985664
5.955251
5.991799
-5.978353
-5.988079
-5.947104
5.970353
5.935645
5.932336
-5.989445
5.991279
-5.987792
5.992383
-5.977482
5.976029
5.989805
-5.970199
-5.993348
-5.947120
5.932993
-5.980109
5.952123
5.996775
5.964871
-5.924071
5.994608
-5.979348
5.957741
-5.955203
-5.976658
-5.980377
-5.993811
5.965758
5.966901
5.978801
5.979829
-5.976558
-5.977258
-5.993168
-5.995405
5.968450
-5.967795
5.997222
5.971434
-5.966706
5.980152
5.972406
5.973712
-5.987685
-5.953702
-5.958777
5.942152
-5.992797
-5.984155
-5.997092
-5.839194
-5.994389
-5.917116
-5.976389
-5.956233
-5.916223
5.980454
5.977899
-5.916974
-5.964762
-5.951845
5.984323
-5.971655
5.986811
-5.976507
-5.989374
5.976909
-5.979259
5.969935
-5.980221
-5.992569
-5.970819
5.942112
-5.996666
-5.983140
5.990721
-3.245871
5.989474
-5.953259
5.629825
5.969504
-5.987534
5.982940
5.981145
5.960368
-5.984957
5.968343
-5.932887
-5.987296
5.346487
5.991847
5.983835
-5.969776
-5.962752
-5.960490
5.980006
5.972457
5.986202
5.982366
-5.971627
5.981780
-5.942980
5.986424
5.937352
5.982957
-5.961467
-5.940587
5.979323
5.985656
5.971994
5.973916
5.989885
5.978055
5.934872
-5.965869
5.994523
5.968036
-5.959661
-5.972633
5.957904
5.974620
5.965504
-5.964467
5.971722
5.992132
-5.957870
-5.949738
5.985153
5.941298
5.957678
-5.977420
-5.960829
5.989031
-5.979568
-5.958764
5.976463
-5.978734
5.975822
-5.856480
-5.973989
5.974120
-5.980965
5.982215
5.966570
-5.982660
-5.945509
-5.995555
5.972372
-5.924099
-5.970680
5.989584
5.996724
-5.928070
5.975028
-5.962402
5.951444
5.256686
5.953901
-5.994203
5.973746
5.521832
-5.969531
-5.987337
5.955969
5.992329
5.945955
-5.986844
5.941861
5.938964
5.992214
-5.894808
-5.993354
5.988126
5.968236
5.656034
5.904240
-5.988960
-5.975888
-5.953373
5.977210
-5.389027
5.988135
5.945924
5.910676
-5.991477
-5.933422
5.973955
-5.972582
5.990458
5.974794
5.955539
-5.970305
-5.990903
5.981451
-5.977537
-5.989708
5.994136
-5.979985
-5.983123
-5.963360
-5.991482
-5.971481
-5.970188
5.977119
-4.215221
5.951516
5.971997
5.975409
-5.927825
-5.950513
5.966573
-5.984079
5.983328
-5.790710
-5.968331
5.969402
5.921966
-5.980386
-5.974852
5.962069
-5.917396
-5.969757
5.967860
-5.993114
5.975280
5.971602
-5.989798
5.943298
-5.972975
5.956744
3.038255
5.987865
5.964808
5.971100
-5.982959
5.963902
5.975891
5.971630
5.962262
5.991900
-5.974258
-5.995182
-5.979887
-5.990437
5.976796
-5.994485
-5.970690
-5.988500
5.902556
-5.967017
-5.986775
-5.969890
5.974075
5.963453
5.983570
-5.960054
-5.974620
5.959135
-5.957808
5.919735
-5.939511
-5.990652
5.985194
-5.972722
-5.964236
-5.965931
-5.994035
-5.982272
-5.933148
5.980558
5.965299
5.964618
-5.993375
-5.914668
-5.960329
-5.888992
5.983339
5.982104
-5.937018
-5.957317
5.984464
5.964280
5.989079
5.977132
5.984400
5.976041
5.992432
5.977381
5.968671
5.955643
5.957923
5.992799
5.973362
-5.982567
-5.963018
-5.953339
5.984198
5.994320
-5.964901
5.919384
5.976966
5.965412
-5.973087
-5.985323
5.972668
-5.980173
5.918905
-5.836344
5.966566
5.946840
-5.972767
-5.966182
-5.973087
5.979470
5.979004
5.932010
5.972462
5.969718
-5.951711
-5.951753
5.924574
5.972150
5.987265
5.979108
5.984814
-5.981608
-5.973855
-5.987691
5.993019
5.958475
-5.983169
-5.986075
5.958437
-5.971499
-5.966947
5.952034
4.390874
5.995152
-5.951492
-5.968030
-5.795729
5.977182
5.975453
5.963026
5.446154
5.973542
-5.963107
5.993318
-5.974878
5.991944
5.991709
5.926445
-5.960874
-5.947943
-5.971444
-5.992137
5.971684
-5.964193
-5.970441
-5.994703
5.985556
5.992656
5.975573
5.946870
5.996166
5.965565
5.949429
-5.962712
-5.848706
5.964392
-5.964199
-5.983208
5.314823
5.992882
-5.950378
5.950463
5.982655
5.666003
-5.990659
-5.974534
-5.983214
5.932481
-5.972117
-5.970482
-5.981519
5.957667
-5.983828
5.948388
5.961682
-5.959690
5.984433
-5.984439
5.984120
-5.982008
-5.984952
-5.982879
-5.966357
-5.981524
-5.937966
-5.966947
5.970759
-5.988642
5.946494
-5.982617
5.972391
5.977587
-5.984079
5.969691
5.972867
5.987895
-5.919791
5.961136
5.992617
5.974835
-5.979109
5.966598
-5.990414
-5.951708
5.989478
-5.973817
5.911018
5.963950
5.986526
-5.964494
5.969307
5.974800
-5.984630
5.958029
5.994290
-5.990428
-5.993785
5.940929
-5.967334
5.859094
-5.974063
-5.903777
5.971153
-5.916739
-5.954981
-5.963142
-5.974211
5.971468
-5.978930
-5.965919
5.977286
5.967877
5.955308
5.937783
5.978042
-5.969137
5.957443
-5.973280
-5.984491
-5.990301
5.954532
-5.923659
-5.984072
-5.755481
-5.970905
5.927953
-5.987461
-5.986289
-5.985713
5.981143
-5.984448
-5.973162
-5.937634
5.996601
5.992233
-5.987737
-5.996331
5.982077
-5.966076
-5.984478
5.981932
5.938319
5.972867
5.938994
-5.994955
5.972024
5.978868
-5.969647
5.977860
5.941751
5.951392
-5.923769
-5.986306
-5.984519
5.968102
-5.987852
5.977564
5.984075
5.976162
5.992050
-5.982864
5.977152
-5.990060
5.988213
5.978597
-5.991055
5.968242
5.979715
5.949969
5.997098
-5.964244
5.991060
5.975561
5.974561
5.959510
-5.988404
5.937960
-5.986365
5.972684
-5.964168
5.961050
5.961101
-5.994219
-5.986588
5.866631
5.984486
5.970950
5.920905
-5.968887
5.941530
-5.957018
-5.947543
-5.969662
5.776109
-5.943374
5.973502
-5.984631
5.991121
5.987938
-5.998677
5.961166
-5.995416
5.985795
5.984919
5.994358
5.907400
5.994778
5.994097
5.986127
5.992624
-5.973368
5.876000
5.968503
-5.974225
5.984748
5.993584
5.964886
-5.986450
5.993280
5.985134
5.977777
5.993914
5.983059
5.963789
5.955061
-5.982486
-5.954025
5.989655
-5.985225
5.992826
-5.957395
-5.949377
5.946314
5.991326
-5.982547
5.977171
5.976023
5.975016
-5.970521
-5.973367
5.985366
-5.977134
-5.946275
-5.964719
-5.955119
5.944746
5.820027
5.978811
-5.968745
-5.944894
-5.921923
5.886564
5.941193
-5.958466
-5.994543
5.968682
5.946834
-5.951441
-5.984798
-5.992529
-5.961968
-5.990141
5.995420
5.958833
-5.700092
-5.957302
5.992169
5.963940
-5.978446
-5.982896
5.804897
-5.951291
5.984769
-5.986862
-5.990898
-5.967217
-5.960492
-5.942170
5.977248
5.983438
5.989628
-5.991001
5.991611
-5.959070
5.981650
5.979137
-5.980918
5.993115
-5.951177
5.965142
-5.958320
-5.890771
5.976443
5.956827
5.978695
5.967722
5.970299
-5.966519
-5.980625
-5.967357
5.981763
-5.966304
-5.985527
-5.970102
-5.939065
-5.990099
-5.969040
-5.985953
5.976734
-5.984413
-5.958151
-5.991021
5.985740
-5.988075
5.968898
5.977743
-5.977580
5.984637
-5.985339
-5.988023
-5.993728
-5.969774
5.974601
-5.977891
5.977526
-5.989228
5.980555
-5.958824
5.993040
-5.974027
-5.974561
5.946476
-5.955887
5.252150
-5.986938
5.976041
-4.813775
-5.952579
5.973677
5.952613
-5.966104
5.951884
5.987090
-5.993154
-5.963409
5.978969
5.957295
5.997071
5.959221
-5.963492
5.938561
5.959706
-5.946362
4.785334
-5.928505
5.971345
-5.908425
5.976655
5.966999
-5.983335
5.993889
5.989413
5.973490
-5.994134
5.988909
-5.978728
-5.946326
5.964360
-5.948819
-5.994196
-5.993735
-5.948936
5.951471
5.971382
5.949964
-5.984508
-5.982200
-5.985664
-5.975342
5.970608
-5.998106
5.980296
5.965873
-5.967503
5.982276
-5.981729
5.994605
5.986538
5.967349
-5.968742
-5.973278
-5.978003
5.983162
-5.495807
-5.961278
5.971771
-5.987675
-5.953030
-5.958638
-5.959586
-5.986117
-5.762959
-5.969501
-5.983075
-5.976156
5.986540
5.983950
-5.968449
-5.965992
5.994219
5.968018
5.981147
5.946589
5.961575
5.968380
-5.977054
-5.993386
5.958375
5.992397
-5.998373
-5.989099
-5.974135
5.953201
-5.971254
-5.937144
5.971405
-5.975437
-5.965994
5.964035
5.973868
5.980071
5.972410
5.967062
-5.993192
5.964434
5.987884
5.969145
5.996433
-5.972291
-5.997039
-5.948415
-5.986968
5.978726
5.929648
-5.960250
5.984011
5.972022
5.938118
-5.970411
5.949513
-5.991024
-5.989621
5.970702
-5.959668
5.977936
5.973857
5.980370
5.949627
5.981077
5.988525
5.981854
5.979982
5.967237
5.960754
-5.983032
-5.980977
5.985577
-5.996293
5.981250
5.958718
5.963811
5.968102
-5.981354
-5.965396
5.981294
-5.951251
5.967455
-5.954961
-5.975495
-5.964475
5.980670
-5.986505
-5.990811
-5.986682
5.890425
-5.926450
5.974968
5.970852
5.984014
-5.968759
-5.998492
5.975546
-5.982602
5.984986
5.932013
5.937932
5.987551
-5.945218
5.982857
-5.978727
-5.987062
5.990722
-5.963968
-5.994346
5.961634
-5.963837
5.947969
-5.985376
5.868883
5.987143
-5.992057
-5.950799
5.963367
5.968000
-5.995154
-5.955010
-5.981359
-5.972169
5.971160
5.991380
5.992634
-5.967398
5.948834
-5.987033
-5.998431
-5.945358
-5.993202
-5.979097
5.982716
5.967205
5.968727
-5.970511
5.934362
-5.988369
5.971625
5.962106
-5.958878
5.975825
5.975585
5.987543
-5.963577
5.946600
-5.966281
-5.997134
5.990575
-5.996941
-5.978713
-5.985735
-5.984003
-5.955693
5.968104
5.972633
5.981071
-5.996312
5.899577
-5.933597
-5.976711
5.970574
-5.994032
5.954111
-5.970208
-5.962540
5.985290
-5.992238
5.955248
5.989117
5.964307
-5.986351
5.994044
5.968877
-5.985150
-5.939230
5.939450
-5.967316
-5.989935
-5.985814
-5.988399
5.979698
5.995953
5.992481
5.990962
-5.982957
5.992648
-5.989721
5.974317
5.978246
5.975388
5.955129
5.948601
5.987291
5.978008
5.985629
-5.782912
5.998623
-5.981666
5.970298
-5.980808
5.959327
5.991081
5.980981
-5.955452
5.992804
-5.972393
-5.956311
5.980018
-5.965822
-5.965523
-5.938399
-5.972449
-5.965325
-5.941810
-5.968061
5.997896
5.992761
5.989951
5.984265
5.985997
-5.945439
5.964427
-5.990738
-5.975355
-5.997960
5.980798
-5.989766
5.993595
5.923515
-5.948854
-5.970956
-5.991742
5.947938
-5.980619
-5.963254
5.936568
-5.945226
5.968870
5.973419
5.991224
5.981891
5.946529
-5.968064
5.966903
-5.958292
5.955890
-5.971947
-5.988219
-5.994043
5.979940
-5.962316
-5.972764
-5.974868
-5.979522
-5.984102
5.942281
-5.974944
5.980523
5.979174
5.970605
5.981247
5.996012
-5.953483
-5.976416
5.983498
5.983436
-5.979419
5.904619
-5.946247
-5.989051
-5.660066
-5.987534
-5.994036
-5.974307
5.967564
-5.993975
-5.963229
-5.969215
5.964840
5.973113
5.965654
-5.954080
5.966455
-5.901028
-5.955957
5.992134
5.961195
-5.579373
-5.982194
-5.987627
-5.967017
-5.991583
5.933754
5.954570
-5.959664
-5.956342
5.974057
5.983305
-5.996381
5.960695
-5.982618
-5.933526
5.975239
5.990670
-5.980726
5.977077
-5.976234
-5.975577
5.716028
5.983842
-5.955520
5.954526
5.964565
-5.989058
-5.969353
-5.984027
-5.981032
5.973452
-5.978482
-5.987688
5.988901
5.961988
5.983671
5.947235
-5.947073
5.986765
-5.986212
5.958825
-5.978708
-5.953036
-5.976290
-5.948425
-5.965044
-5.980913
-5.998112
-5.922307
-5.975076
5.980964
-5.976769
5.982591
5.997885
-5.978675
-5.986079
-5.982988
5.971831
-5.963634
5.962694
5.998101
5.979325
5.898217
-5.994088
5.966383
5.994608
-5.947208
5.973893
5.961648
-5.971183
-5.989119
5.808419
5.950112
5.910437
5.954719
-5.971298
5.969264
-5.977892
5.965832
5.974498
-5.951114
5.988436
-5.970105
5.957427
-5.980932
-5.964487
5.982993
-5.987308
-5.954401
-5.979939
-5.974053
5.974771
-5.975936
5.988013
5.698914
5.983001
-5.964797
-5.913750
5.996205
-5.970096
-5.939341
-5.968360
-5.941550
-5.986445
5.950544
5.974487
-5.994525
-5.945948
-5.972057
-5.985989
5.981310
5.968059
-5.972038
-5.987049
5.984782
5.983770
5.992108
5.898307
-5.920947
5.992127
-5.995862
-5.993388
5.967624
-5.988614
-5.980465
5.968642
-5.966494
-5.975820
-5.947093
5.969764
5.982169
5.940678
5.980792
-5.975933
-5.983582
5.936663
-5.975224
-5.962728
5.994273
5.977251
5.993188
-5.978223
5.985454
-5.947381
-5.948333
5.984015
5.969982
-5.972589
-5.953526
5.983663
5.923945
-5.970633
5.975503
-5.920632
-5.989830
-5.985082
5.796388
-5.974953
5.951404
-5.978254
-5.977726
-5.967014
-5.964085
5.991141
5.990097
5.981706
5.968648
-5.992089
5.995425
5.946686
5.979557
-5.986094
5.967112
5.972338
-5.985100
-5.971768
-5.975025
-5.970225
5.989632
5.993887
-5.989429
-5.966733
5.970297
-5.984859
-5.984889
5.986786
-5.981918
5.982043
5.965325
5.979923
5.970548
5.988414
5.992261
-5.988261
-5.961956
5.989094
5.939406
5.973798
-2.845392
-5.981613
5.938622
-5.981555
-5.971581
-5.978186
-5.982023
5.958327
-5.803577
-5.973864
5.934713
-5.967690
-5.902148
-5.972740
5.939353
5.976402
-5.919327
5.962578
5.856280
5.952551
5.992590
5.938851
-5.940865
-5.993945
-5.930132
-5.965918
-5.988086
-5.939109
5.967861
-5.986503
-5.971473
5.935194
5.991811
-5.946011
-5.949356
-5.938779
-5.983115
5.899824
5.973930
5.960626
5.971205
5.947851
-5.984544
-5.973801
-5.976252
5.966686
5.966663
-5.966053
5.977675
5.976781
-5.987464
-5.779476
-5.929692
5.991341
5.981738
-5.988228
5.977672
-5.970489
3.954866
-5.956549
5.984911
-5.967777
5.788754
5.979154
-5.988534
-5.984487
-5.980496
-5.984388
-5.942956
-5.984847
-5.993376
5.997169
-5.980769
5.985852
5.949588
-5.937253
-5.970787
5.970563
5.956472
5.976294
-5.985142
-5.987158
-5.962710
-5.971265
5.961339
5.972630
-5.954553
5.952776
5.980840
5.962016
-5.924946
-5.986107
-5.966355
5.965906
5.962466
5.973341
5.997009
-5.991691
5.951893
-5.990175
5.974082
5.991835
-5.982642
-5.978709
5.932336
5.947461
5.984485
-5.986433
-5.996848
-5.988106
-5.989841
-5.990318
-5.961400
-5.993591
5.990888
-5.966162
5.972917
-5.968718
-5.963024
-5.972660
-5.973176
5.940813
5.973417
-5.969732
-5.992201
5.993066
5.972991
5.981555
5.988623
5.994883
-5.970885
5.978369
5.991938
-5.973540
-5.549524
5.965544
-5.975202
-5.943005
-5.963630
5.940567
-5.832242
-5.989814
5.996068
5.976689
-5.988209
-5.973281
5.988649
5.980266
5.906729
-5.983185
-5.979021
5.981307
5.992053
5.989923
5.992023
-5.961306
-5.985468
5.980739
-5.957624
-5.990429
5.936829
-5.994143
5.990975
-5.989110
5.946722
-5.991145
-5.979016
5.944894
5.979024
5.965341
5.964641
5.957759
-5.934558
5.938218
5.985855
5.985209
-5.979951
5.981171
-5.984711
-5.959155
-5.937575
-5.990088
5.958115
5.948291
-5.962626
5.926617
5.967566
-5.904701
-5.980576
-5.963366
5.864986
5.979730
5.988367
5.985381
5.491050
-5.974117
-5.968703
-5.983874
-5.970693
-5.951636
5.953393
5.992476
5.808681
-5.962542
5.963965
5.976863
-5.953310
5.950794
-5.874099
-5.955455
5.977698
5.986646
-5.981958
5.971363
-5.990922
5.993194
5.974010
5.964859
-5.954893
5.959049
5.966834
-5.956389
-5.972288
5.979853
-5.976227
5.977403
-5.968499
5.984457
-5.983173
5.982761
5.953717
5.960203
5.989688
5.981213
5.972717
5.974351
-5.982889
-5.990689
5.954944
5.961555
5.980317
-5.952866
5.935646
5.987676
5.952817
-5.988998
-5.968873
-5.963293
-5.961825
5.940844
-5.930729
-5.973928
5.977851
-5.970566
5.997776
-5.987217
5.986441
5.975639
5.977128
5.993259
5.952573
-5.961560
-5.992655
5.951114
-5.997195
5.951281
-5.994666
5.961407
-5.967747
-5.967926
5.970882
-5.992290
-5.951811
5.994697
-5.975297
5.973504
-5.959228
-5.987604
5.991831
-5.993620
5.969384
5.973858
5.987933
-5.989321
-5.918030
5.959868
-5.977680
5.934191
5.982132
5.953734
-5.977587
-5.985269
-5.984369
-5.988017
-5.983641
-5.983813
-5.987348
5.944967
-5.973605
-5.966664
5.994151
5.990250
-5.951378
-5.926612
-5.973960
5.947144
-5.976679
-5.987842
5.951132
-5.963936
5.976492
-5.991571
5.987723
5.962084
5.992481
-5.976639
5.995107
5.975867
5.988565
5.954140
-5.997557
-5.984882
5.983600
-5.978082
5.972587
5.954312
-5.991351
5.982242
5.967933
5.975902
5.950795
5.993044
5.989445
5.988657
5.992276
5.986490
5.980021
5.993067
5.990438
-5.982325
5.876206
-5.994352
-5.948586
-5.962829
5.978060
-5.965171
5.957142
-5.980418
-5.946449
-5.975441
5.985695
-5.959831
5.978424
5.976612
-5.941811
-5.955554
5.953793
5.984276
5.990141
-5.993556
-5.951303
-5.979641
-5.679057
5.953865
5.947093
-5.975566
-5.957643
5.945600
-5.975278
5.984558
-5.939667
-5.982795
5.941329
5.990177
5.979011
-5.989961
0.037506
-5.914637
-5.986952
-5.981420
5.940764
-5.938373
5.904319
-5.985895
5.987646
-5.990511
-5.991550
-5.951484
5.980010
5.434028
-5.965102
-5.973228
5.959755
5.935051
-5.983290
5.979859
-5.986663
-5.972835
-5.929458
-5.993994
-5.887097
-5.966253
-5.981211
-5.984915
5.953899
-5.960443
5.958593
5.985313
-5.982376
5.955655
-5.945517
-5.994137
-5.982527
5.986254
5.815885
-5.977810
-5.978542
-5.983929
-5.967838
-5.950827
5.972389
5.962143
5.989544
5.984814
-5.960264
5.995962
5.955992
5.988552
5.981804
-5.982260
-5.968914
5.975593
5.981986
5.981050
-5.987679
-5.959854
-5.973332
5.973117
-5.913438
5.956737
-5.966667
5.968678
-5.976589
-5.995248
5.868592
-5.993002
5.965565
-5.974512
5.983936
5.985294
5.974067
5.981532
5.974563
-5.957815
5.966239
5.984994
5.965324
5.990950
5.975767
-5.977701
-5.957123
5.920621
5.992503
-5.982367
-5.980235
-5.962337
5.980102
5.973687
5.977061
5.959445
5.985644
5.989937
5.969847
5.996294
5.947889
-5.988736
-5.989622
-5.999507
-5.979708
-5.978561
-5.971071
-5.996614
5.992805
5.970510
5.969725
5.954891
5.970697
5.949484
-5.973458
5.985479
5.957946
5.968120
-5.955767
-5.977637
-5.976917
-5.975245
-5.963388
-5.989750
-5.979306
5.997878
-5.992932
5.949262
-5.986692
-5.969396
5.988455
-5.978699
5.978669
5.993744
5.951639
5.945468
5.982833
-5.954723
-5.947670
5.960094
-5.981442
-5.991036
5.970213
-5.982355
5.958538
5.975172
5.988771
5.959257
-5.940161
5.658493
-5.971034
5.942175
-5.970114
-5.965968
-5.972854
-5.950304
-5.993968
5.985262
5.977781
5.994592
-5.964239
-5.965689
5.981765
-5.986176
-5.994881
-5.952029
-5.978519
-5.991247
5.723278
5.986983
-5.985963
5.955598
-5.959446
5.984892
5.987157
-5.955094
5.956707
5.960061
5.985621
5.926467
-5.976024
5.954962
-5.977572
5.973598
-5.976633
-5.982425
-5.985869
-5.969923
-5.976706
-5.981303
-5.965204
-5.989054
5.955982
5.874584
5.944863
5.963090
-5.979671
-5.989759
5.990479
-5.912672
5.963215
5.951786
5.977249
5.942707
-5.990676
-5.988136
-5.985775
5.870660
-5.965110
5.972613
-5.961469
-5.986518
5.987721
5.963573
-5.979070
-5.986480
-5.982486
-5.917054
-5.975144
-5.892083
5.963757
-5.966280
-5.974021
5.947490
5.970025
5.957746
5.949138
5.934176
5.991085
5.925258
5.976681
5.981861
-5.984551
5.950327
-5.989420
5.980321
5.977383
-5.957049
-5.980041
-5.998158
-5.969410
5.998529
5.976561
-5.982063
5.980567
5.952182
5.995258
5.979328
-5.962419
-5.963657
5.959533
5.978279
-5.982350
-5.989618
-5.971259
5.941318
5.966980
-5.975645
-5.985393
-5.945235
-5.977384
-5.976851
-5.981238
-5.986215
-5.978492
-5.966646
5.975528
5.984832
-5.970471
-5.948940
5.944606
5.972674
5.995486
-5.997942
-5.986227
5.989619
-5.964418
-5.997660
5.988468
-5.972956
-5.946189
-5.969033
5.988782
5.975016
5.980014
5.956250
-0.840652
5.961841
5.967967
-5.961291
5.980195
-5.985640
-5.969248
5.958453
5.973899
5.965463
5.982795
5.887865
-5.992635
5.965032
-5.954684
5.987647
-5.976254
-5.981207
5.966505
-5.973685
-5.979059
5.987518
5.953884
-5.950289
-5.885270
-5.994827
-5.992117
-5.983322
5.970965
-5.957272
5.942915
-5.967032
-4.673543
-5.980401
5.942233
-5.984274
5.894514
5.966056
5.983528
5.960498
5.851244
5.979564
5.927264
5.916893
-5.954797
5.986370
5.947249
-5.953157
-5.957512
5.976128
5.972025
-5.959838
5.992507
5.963997
5.947813
-5.952131
5.957414
5.996604
-5.947382
5.979473
5.938327
5.930632
-5.957038
5.992347
5.958217
-5.724847
-5.984032
-5.966795
5.985284
-5.969228
-5.974085
5.987539
5.924289
-5.978479
-5.958407
-5.996034
5.954936
5.984110
-5.973399
-5.989378
5.990406
-5.991145
5.996165
5.957156
-5.962913
5.992620
5.962352
-5.931017
5.757228
5.987514
5.985612
-5.963747
-5.984522
5.950727
-5.960737
-5.970284
5.996809
-5.996240
5.986193
5.979026
5.973978
-5.991793
-5.985360
-5.986621
5.941830
5.965927
5.971895
5.957388
5.737652
5.962966
5.962050
-5.942464
-5.965989
5.964496
-5.954670
-5.992184
-5.989615
5.966996
5.864119
-5.958010
-5.959271
5.993760
5.809980
5.907502
5.984809
-5.968527
5.959985
5.993774
5.950549
-5.904888
-5.997578
5.766329
-5.995348
5.986390
5.993461
5.963056
-5.983970
5.985447
5.981099
5.972704
-5.934612
5.970774
5.971232
5.969976
5.940317
-5.984533
5.976930
-5.983852
5.961371
5.980828
-5.972747
5.987957
5.969387
-5.973566
5.937175
-5.961144
-5.990365
5.991183
-5.967844
-5.980127
-5.966502
-5.989100
5.991928
-5.989869
-5.974641
5.982989
5.940154
5.990543
-5.966729
-5.982038
-5.994196
5.954846
-5.976742
5.947645
-5.979196
5.985886
5.932414
5.994645
5.977870
5.987199
-5.984252
5.964593
-5.964420
5.985518
5.982937
-5.950079
5.966803
-5.992190
-5.972770
-5.960236
-5.982522
-5.978791
5.964370
-5.969365
5.948641
-5.977897
-5.986579
-5.972264
-5.975655
-5.979850
5.967593
-5.963204
5.984560
-5.982647
-5.968831
5.976883
-5.965101
5.985798
-5.939538
5.969241
-5.992939
-5.984934
5.994052
-5.957771
5.985716
-5.971316
5.991123
5.977627
-5.988387
5.975044
5.978710
5.994465
5.990722
-5.963594
5.977845
-5.971747
5.986388
5.990956
-5.928366
5.970315
-5.982758
5.986161
5.979501
-5.972877
-5.952363
5.973229
-5.993946
-5.954058
5.975015
5.994101
-5.963817
-5.958103
-5.910338
5.994934
5.961555
5.987367
5.971637
-5.984247
-5.936286
-5.990343
-5.972439
-4.735315
5.966404
-5.986324
-5.962486
5.995268
5.986254
5.978987
-5.903895
-5.912123
-5.881707
-5.945483
-5.964426
-5.915536
-5.970263
-5.982009
-5.959146
-5.995555
5.985890
-5.958213
5.990113
5.970235
5.967152
-5.992609
5.984572
-5.992437
5.980125
5.915170
5.995306
-5.976008
-5.989972
-5.992014
5.970730
-5.983296
-5.942490
5.932475
-5.957817
5.974855
5.977844
5.964033
5.990732
-5.807429
5.983602
5.933241
-5.976020
-5.969349
5.982260
5.984359
-5.976416
-5.994619
-5.962268
5.981260
-5.976167
5.997908
5.981441
-5.990312
5.982106
-5.976717
-5.990073
-5.977984
5.955335
-5.985987
-5.983957
-5.995699
5.970884
-5.955178
-5.981869
5.973531
-5.992060
5.993234
-5.990911
-5.986894
5.977135
-5.953154
-5.990410
5.976346
-5.976885
5.983839
-5.952115
5.993165
-5.953515
-5.824240
5.934327
-5.966571
-5.843340
3.955642
5.932817
5.963730
5.969404
5.990089
-5.967114
5.987588
5.971760
5.967665
5.976163
5.980047
5.984101
-5.986206
5.973079
5.979078
5.978916
-5.973486
-5.967800
5.984324
-5.990172
5.973414
-5.912615
-5.982866
-5.965740
5.982670
-5.987177
5.970155
-5.929882
-5.995400
5.987120
-5.986355
5.939870
5.940677
5.969080
-5.966960
-5.978134
5.976209
5.972113
5.975199
-5.985004
-5.968808
5.967643
5.987528
5.983537
5.988042
5.969427
5.955983
-1.821707
-5.952244
5.979410
-5.985945
5.914571
-5.941234
-5.982619
-5.996240
-5.979865
5.967352
5.983434
5.995318
5.935447
-5.959987
5.924211
5.971317
-4.515258
5.976957
-5.976458
5.977639
-5.980522
-5.991009
5.998212
-5.989665
-5.962599
-5.943872
5.970567
5.965850
-5.979465
-5.987885
-5.845723
5.965311
-5.925924
5.991366
-5.976351
5.742287
-5.960363
-5.956293
5.985947
5.975775
5.985461
5.998824
5.976203
-5.779846
5.977945
5.949151
5.962309
-5.995937
-5.983209
5.967693
-5.979527
-5.988432
5.947026
-5.953690
-5.952818
-5.963387
-5.991990
5.959376
5.921007
5.995990
-5.973230
-5.958883
-5.958377
-5.914299
-5.877347
5.979669
5.945715
-5.141120
-5.963619
5.945843
5.944814
-5.922006
-5.993319
-5.972200
5.993892
-5.984057
5.962251
5.931564
-5.982465
-5.989758
5.977522
-5.979449
5.989695
5.969860
5.968832
5.973241
5.971652
-5.975819
5.987554
5.978512
-5.991819
-5.968934
5.991317
5.986102
5.948797
5.951130
-5.976842
-5.981828
5.933702
-5.981033
5.987056
-5.973825
-5.950329
5.981204
5.987414
-5.969577
5.986066
-5.991402
5.984656
-5.945996
-5.957297
5.995267
-5.973397
5.979662
5.931434
5.947444
-5.983939
-5.972171
-5.954681
-5.961225
5.960345
-5.967043
-5.965689
5.985034
5.988646
5.984286
-5.965805
5.948530
5.972435
5.970986
-5.986819
-5.964866
-5.964391
-5.987601
-5.995588
5.978080
-5.988908
-5.980740
5.970686
5.958089
5.990490
5.986859
-5.985917
5.985872
-5.971141
5.974368
5.979395
-5.968291
-5.964291
-5.978158
5.990650
5.986154
5.981841
-5.912931
-5.971634
5.940833
5.966003
5.982457
5.962811
-5.986763
-5.966649
-5.969585
5.971806
-5.997052
5.963400
5.979297
5.978146
-5.647945
5.992358
-5.950422
-5.995184
-5.985638
5.946286
5.976719
-5.960499
-5.970784
5.750021
5.967434
5.943701
5.976438
-5.970948
-5.955083
5.897107
5.961301
-5.964121
5.935411
5.937211
5.980061
-5.975871
5.909831
5.966691
-5.983562
5.965306
5.965779
-5.980348
-5.932945
-5.984798
5.964020
5.993874
5.925744
-5.985304
5.941691
5.934816
-5.961093
5.974388
5.967763
-5.982120
5.973614
-5.988694
-5.964038
-5.985603
-5.963008
5.988692
5.962612
5.977099
5.918206
-5.993859
5.988190
-5.990179
5.983989
-5.987589
5.967172
5.971434
-5.928637
-5.990143
5.899606
5.987927
5.980742
-5.947781
-5.970412
5.981215
5.965894
-5.988036
-5.950180
-5.987319
5.976813
-5.992685
5.972574
-5.985817
5.992181
5.954980
-5.987534
-5.986512
5.992510
5.963194
5.980606
5.969323
-5.993161
5.909219
5.935306
-5.949122
-5.961211
-5.976648
-5.947248
-5.976304
-5.951808
-5.973718
5.986857
5.940676
5.965099
5.926091
-5.933525
5.990317
5.975318
5.939687
5.964525
-5.986566
5.964820
-5.967665
5.953649
5.991449
5.982021
5.934354
-5.968936
-5.972034
-5.960987
-5.944284
-1.097737
5.970442
5.982643
5.982775
-5.944538
5.915382
-5.983908
-5.963211
5.969412
-5.962426
5.936130
5.983685
5.973552
5.971953
5.972872
5.978008
5.933171
-5.984037
-5.980968
5.993800
-5.973162
-5.966904
5.962665
5.918626
5.996131
5.991280
-5.968333
-5.946973
5.969173
-5.987985
5.999023
5.935547
-5.962911
5.991213
5.961315
-5.972627
-5.997127
5.987137
5.981700
-5.948054
5.986997
-5.967263
5.969150
-5.969292
-5.987807
5.991406
-5.985790
-5.985524
-5.958676
5.972209
5.993412
-5.986913
5.993358
-5.987957
-5.982607
-5.956160
5.956864
-5.961083
5.984565
5.940495
5.894911
-5.988851
5.976417
5.984629
5.976939
5.963472
5.976608
5.968351
-5.981273
-5.993498
-4.024404
-5.982474
5.973883
5.954762
-5.725981
5.961560
2.785673
-5.985832
5.955395
-5.974892
-5.979880
-5.995148
5.991628
5.951908
2.464522
5.929196
5.899878
5.977481
-5.998055
-5.952187
-5.907509
-5.981472
-5.917491
-5.949015
-5.973366
5.980738
-5.964052
5.931400
5.978685
5.983942
5.979895
-5.972325
5.977158
5.974542
5.981503
5.982432
-5.986764
-5.978584
5.968541
-5.987054
5.974657
-5.984879
5.958169
5.978783
-5.976330
-5.984717
5.913145
-5.968034
-5.976976
5.982159
5.961787
-5.909599
-5.993917
-5.976440
-5.970894
-5.982911
5.982263
-5.992060
5.971988
-5.987037
-5.973374
5.920581
5.973693
5.973403
5.948452
5.984784
-5.976124
-5.930134
5.958713
5.994940
5.995798
5.992758
5.967727
-5.970719
-5.968348
-5.993879
5.985966
5.943623
5.953765
5.954725
5.993953
-5.975809
5.980772
5.965910
5.990120
5.985657
5.917438
5.985997
5.977046
5.966815
-5.968276
5.991641
-5.984778
5.970687
5.945900
-5.971437
-5.951583
5.969277
5.966564
5.984354
-5.985170
5.955349
-5.986124
5.992019
-5.993274
5.952892
-5.979616
-5.990580
-5.954934
-5.858529
5.968555
-5.977416
5.976288
-5.963890
5.978785
5.968761
-5.988683
5.981101
5.942658
-5.933804
-5.985007
5.975046
5.963269
-5.982132
-5.975447
-5.967804
-5.986328
-5.973441
-5.978560
-5.983889
5.994736
5.967450
-5.987313
5.990332
-5.977628
-5.984076
5.870136
5.964311
-5.900150
5.941632
5.964096
5.981923
5.993085
-5.990714
-5.973510
5.983732
5.969817
5.984529
-5.958239
-5.965167
5.954156
5.981825
5.965829
-5.988222
-5.959518
5.960404
5.970046
5.981104
5.975991
-5.994997
5.960356
-5.984625
-5.957254
-5.967293
-5.995420
5.964750
5.978659
-5.997442
-5.987434
5.943337
-5.941105
5.972611
-5.992844
-2.762723
5.986886
5.879089
5.983647
5.982172
5.967736
-5.970145
-5.982918
-5.948664
-5.969725
-5.974072
5.997167
-5.973547
-5.957284
-5.979284
5.993572
5.979818
-5.994225
-5.986538
-5.954694
-5.994825
-5.982864
-5.929902
5.982888
5.986618
5.979979
-5.982596
5.947112
5.940297
-5.935180
-5.925537
5.956242
-5.976276
-5.985668
5.987327
5.971694
5.978287
-5.905941
5.963249
5.963922
-5.954878
5.988844
5.976835
5.986081
5.980686
5.986310
-5.965431
5.969827
5.984935
-5.967427
-5.969853
-5.986585
5.980361
5.983260
5.969783
-5.983640
-5.974419
5.888030
5.986282
-5.971495
5.947971
-5.976293
5.983344
-5.984543
-5.998555
-5.968125
5.992462
5.959815
-5.958293
-5.593969
-5.991997
-5.992735
-5.982670
5.992456
5.980571
-5.954729
-5.979280
-5.941905
-5.974433
5.992155
5.975139
5.976702
-5.963704
5.980462
5.953661
5.954761
-5.965174
-5.989289
5.987904
-5.943447
-5.967906
-5.955367
5.968302
-5.992732
5.958798
-5.970668
5.966572
5.974695
-5.984338
5.965734
5.997595
-5.968410
5.977829
-5.956511
-5.977202
-5.974929
5.985548
5.977199
5.988618
3.157102
-5.976985
-5.991211
-5.994903
5.937010
5.983525
5.998538
-5.950868
-5.997884
5.936947
5.993390
5.961066
-5.988481
-5.981901
5.960268
-5.980272
5.983359
5.955653
5.972866
-5.977338
-5.991875
-5.994364
5.992415
5.975479
-5.976096
5.968539
5.977125
-5.952044
-5.907190
-5.972211
-5.968469
5.956783
-5.980363
5.988947
-5.955953
5.970086
5.985911
5.984859
-5.987089
5.968057
5.972268
-5.975583
5.971361
5.960056
5.988181
-5.984986
5.950463
5.980530
5.975352
-5.973721
5.917228
5.968286
-5.976036
5.981201
-5.938501
5.967056
-5.976313
5.961398
-5.990925
-5.978751
5.975451
-5.994357
-5.978969
5.972162
5.874659
-5.982514
5.957189
-5.991128
-5.955547
5.982550
-5.974605
-5.701940
-5.970884
-5.981316
-5.945904
1.545279
5.963256
5.952140
-5.934743
5.940751
5.957993
-5.998512
-5.990386
-5.993562
5.980441
-5.964040
-5.997507
-5.848666
5.980101
5.985081
5.935274
5.980944
5.968309
5.991659
5.941913
-5.978501
5.995675
-5.991489
-5.825728
-5.954747
-5.951318
-5.977773
5.984806
-5.936261
-5.972713
-5.973542
-5.953261
5.982475
5.985197
5.969502
-5.967681
-5.982855
-5.980702
5.967478
-5.965723
-5.940380
-5.965627
5.963588
5.998675
-5.962084
-5.976343
5.973744
5.970023
5.942241
5.981754
-5.962927
5.958575
-5.950065
5.979611
-5.980521
5.983033
-5.980970
-5.962708
5.984654
5.948154
-5.961702
5.983755
5.965308
-5.964211
-5.974482
-5.971111
-5.963854
5.947210
-5.942345
-5.986325
-5.963359
-5.983988
5.982594
-5.966914
5.986841
5.992787
5.991553
5.985575
-5.971114
5.991531
5.990564
5.979330
5.922291
5.976907
-5.947700
-5.986932
-5.952004
5.974597
-4.902099
5.941345
-5.958129
-5.975101
5.978098
5.941901
5.961265
-5.955642
-5.987577
-5.993565
-5.945323
-5.973888
-5.968460
-5.950330
-5.949403
5.980318
-5.971920
-5.957753
5.945591
-5.984528
-5.977647
-5.986330
-5.971180
5.967006
-5.987103
5.966445
5.972069
5.958422
-5.969321
-5.977019
-5.983659
-5.966082
-5.985092
-5.964753
5.931925
-5.992449
-5.996859
-5.948632
5.996914
5.974355
-5.943979
5.393259
-5.954369
-5.971911
5.955595
-5.992261
5.963103
-5.966693
-5.969527
-5.959028
5.984525
5.938532
-5.947727
5.972980
5.943699
5.998407
5.950377
5.931183
5.954240
-5.987821
-5.971129
5.974017
-5.955028
-5.989735
5.988755
-5.954252
5.969123
5.989895
-5.922297
-5.947181
5.970940
-5.954748
5.966752
-5.972953
5.973081
-5.994594
-5.985065
5.993675
5.972770
-5.945812
5.970632
-5.962004
5.922653
5.977724
-5.995631
-5.990219
-5.994576
-5.972800
5.975686
5.978725
-5.991404
-5.995480
-5.983552
5.988099
-5.966409
-5.959611
5.979845
5.944578
5.926105
5.950317
5.968913
5.982781
-5.982714
-5.990760
5.947333
-5.982335
-5.979309
-5.974859
-5.965791
-5.982013
5.997024
5.962065
5.984258
-5.994558
-5.971033
-5.994366
-5.968868
-5.996222
-5.964793
5.975946
5.868203
-5.974771
5.988650
-5.978009
5.964926
-5.975569
-5.993070
5.991633
5.963709
5.967919
5.961500
5.946649
5.981028
-5.977748
5.977860
-5.982076
5.975663
-5.986337
5.991307
5.980323
5.952002
-5.980827
5.996523
5.962350
5.978184
5.915013
5.959150
-5.959327
5.987707
5.653612
-5.984834
5.972376
-5.960540
-5.951339
-5.970908
-5.972627
-5.942710
5.972338
5.949392
5.970080
-5.928300
-5.946976
-5.973250
-5.988903
5.981255
5.971484
-5.950947
5.953134
-5.985943
-5.971504
-5.955262
5.985909
-5.968692
5.991113
-5.948032
-5.978309
-5.971854
-4.841513
5.967127
-5.929630
-5.979039
5.995076
-5.964412
-5.980588
5.966081
-5.986929
-5.975728
-5.971796
5.969256
5.978978
-5.979484
-5.944814
5.973170
-5.993572
-5.973163
-5.980135
5.977216
5.968528
-5.969406
-5.997665
-5.947995
-5.787878
-5.982213
-5.967765
5.976648
5.939903
5.913515
5.975765
-5.986121
5.998343
-5.969906
-5.980355
5.962094
5.809312
-5.972033
5.984652
5.992029
-5.982392
5.952373
5.992834
-5.977943
5.993062
5.982940
5.963842
-5.959264
5.965059
-5.998448
-5.963949
-5.974089
-5.990595
5.942175
5.952481
5.967269
-5.951616
-5.957870
5.995620
-5.950573
-5.983431
-5.931830
-5.978675
5.998339
-5.964552
5.966313
5.984929
5.979630
-5.978144
-5.955269
-5.981032
-5.962819
-5.924267
5.993886
5.932387
5.995255
5.964280
-5.955293
-5.981923
5.951131
-5.975334
5.969792
5.978924
-5.987788
-5.981367
-5.984005
5.961666
-5.967961
5.981301
-5.975857
5.995143
5.987092
-5.952406
5.969986
-5.996201
5.994251
-5.970389
5.990747
5.969066
5.920036
5.992192
5.970284
-5.978448
-5.990409
5.990186
5.971327
5.983485
5.984873
-5.973446
-5.970273
5.985481
-5.981441
5.961104
-5.953445
5.971979
5.975324
5.957635
5.992853
5.960272
5.973129
-5.978851
-5.977471
-5.982759
-5.939899
-5.990262
5.958263
5.980571
5.961820
5.951787
-5.870634
-5.979559
-5.981856
5.997373
-5.996228
-5.901843
-5.978999
-5.959750
5.983791
5.985328
5.983605
5.970233
5.956755
-5.989665
5.961212
-5.932864
5.977848
-5.983813
5.984665
5.956919
-5.987702
5.972788
-5.962617
-5.992227
5.987523
-5.973630
5.967863
5.985423
-5.988848
-5.981744
-5.959207
5.950891
-5.990678
5.988827
5.955009
5.948322
5.990652
5.983057
5.983872
5.918032
5.953986
-5.975412
-5.988764
5.978022
5.937537
5.973289
5.972433
5.916300
-5.974329
5.957866
-5.984608
-5.904020
-5.966530
5.978324
5.960072
5.992291
-5.052330
-5.931401
-5.979718
5.972443
-5.913412
-5.980105
5.977850
-5.951603
5.978821
5.962583
-5.975237
5.992806
-5.998193
5.980991
5.949409
5.979360
-5.791627
-5.990213
5.971377
-5.973901
5.804343
5.972606
-5.996079
-5.965048
-5.962440
5.977505
-5.986082
-5.996487
-5.975306
5.972376
-5.981665
5.984207
5.976605
5.968871
-5.868668
5.965801
5.988482
-5.972495
-5.996909
5.977198
5.985399
-5.967323
-5.985688
-5.947965
-5.978939
-5.993035
-5.985524
5.979944
-5.959590
-5.985137
5.927841
5.982497
5.987475
-5.978204
5.958481
-5.970959
5.981581
-5.980184
5.974063
5.977672
-5.994243
-5.959370
-5.989343
-5.979679
-5.978062
-5.960459
-5.980739
-5.964284
-5.992626
-5.983512
5.994252
-5.957311
-5.960556
-5.988690
5.968774
-5.972499
5.986753
-5.983781
-5.973969
5.982338
-5.988452
5.975056
-5.990399
5.938748
-5.972682
-5.982753
5.994182
-5.993857
5.963727
-5.987044
5.974647
-5.962448
-5.988861
-5.992819
-5.842620
5.997593
-5.942452
5.953507
-5.994918
-5.981826
-5.934494
-5.992239
-5.922241
5.987455
5.990660
-5.987525
5.985888
-5.963043
-5.972199
5.992152
5.988241
5.952556
5.998641
5.985645
-5.990173
-5.977026
-5.969886
-5.991003
-5.986036
5.956922
5.976095
-5.963528
5.979205
5.992286
5.981234
-5.997323
-5.888863
-5.967196
5.978710
5.955213
5.962004
-5.988677
-5.952874
-5.978982
5.970713
5.974054
-5.970767
5.974061
-5.961954
5.981162
5.952991
-5.986699
5.973764
5.986120
5.965289
-5.980670
-5.992284
-5.989314
-5.971224
5.853127
5.981486
-5.979376
-5.970193
-5.963294
5.980301
-5.986075
-5.950213
5.967306
-5.995691
-5.993316
5.981312
5.978728
5.966963
-5.937276
-5.948667
-5.949027
5.972188
-5.988961
5.939476
5.971158
-5.975790
5.969738
-5.968864
5.986075
5.981261
5.980879
-5.980516
-5.957207
-5.987685
-5.968941
5.972234
-5.911595
-5.973315
5.988627
5.325388
-5.987502
5.950594
5.959385
-5.988608
5.969806
5.951758
-5.987958
-5.963677
-5.991068
5.992445
-5.979677
5.965665
5.954730
5.976283
5.969075
5.996407
-5.643025
-5.978566
4.151173
-5.953488
-5.974626
5.981807
5.975682
5.959582
5.961334
-5.934923
-5.971385
-5.970142
-5.916164
5.942580
5.997143
-5.972213
5.967483
-5.989524
5.985294
-5.977860
5.985336
5.984688
5.983650
-5.959530
-5.815012
-5.981403
-5.229733
-5.957686
-5.957205
-5.968695
-5.954687
-5.977913
-5.979760
-5.979855
5.972605
5.987169
5.979449
5.994712
-5.980479
-5.974966
-5.940687
5.904446
-5.992406
-5.965249
-5.952846
-5.962004
5.984471
-5.943163
-5.980852
-5.980094
5.954659
5.970133
-5.994019
-5.951919
5.950939
-5.965400
-5.952300
-5.972253
-5.962033
-5.988759
-5.993346
5.811514
-5.959489
-5.976313
5.967026
-5.979911
-5.981292
-5.968546
5.991726
5.994061
-5.935745
-5.987169
5.990872
5.948585
-5.969493
5.985839
5.991075
5.948101
-5.996138
5.981786
-5.984766
5.990916
-5.981270
-5.964294
-5.964518
-5.964900
5.931192
5.960760
-5.984153
5.988396
5.948943
5.946785
5.964579
5.945668
5.975847
-5.989437
-5.973790
-5.992715
5.982682
-5.947225
-5.978288
-5.998216
5.981245
5.986872
5.983621
5.961863
5.981109
5.974671
5.992566
-5.977557
5.965449
-5.644582
5.976034
-5.988328
5.969860
5.971280
-5.987015
5.995723
5.940396
-5.938711
-5.957029
-5.981518
-5.979888
-5.956676
-5.997798
5.964756
-5.964486
-5.954112
5.993779
5.975105
-5.993346
5.975298
5.965044
5.988160
-5.959303
-5.982786
5.988776
5.962063
-5.959861
5.956604
-5.980598
-5.814339
5.951026
-5.950199
5.991867
5.985476
-5.938939
-5.909517
5.970762
-5.947668
5.953924
5.972885
5.912090
5.586416
-5.966188
5.997520
-4.724382
-5.953795
-5.990314
5.917905
-2.554882
5.952735
-5.997629
-5.968650
-5.975338
-5.987329
-5.978184
-5.981546
-5.966527
5.969428
-5.980150
-5.959364
-5.971552
-5.997592
-5.949369
-5.604331
5.948983
-5.974434
5.974798
-5.980137
-5.898753
-5.962065
5.835352
-5.990233
5.977318
-5.971260
5.927099
-5.970132
5.848168
5.960224
5.981195
5.956761
5.979284
-5.953402
5.978909
5.981965
5.975817
-5.966978
-5.964654
-5.960906
-5.977975
-5.983656
5.765662
5.967536
5.983623
5.971887
-5.987075
-5.974345
-5.978354
-5.970967
5.817912
-5.974039
-5.931181
5.899859
5.990283
-5.982453
5.980487
-5.925908
5.994072
-5.983452
-5.972986
-5.988066
5.976338
5.987615
-5.977026
-5.978106
-5.975400
5.993376
5.989575
5.983995
5.956789
-5.997688
5.988445
5.975273
5.945668
5.972533
-5.994746
-5.988224
5.966083
5.992596
5.958669
-5.962131
-5.958030
-5.976344
-5.972855
5.959239
-5.960874
-5.991294
-5.987403
5.977088
5.969412
-5.978843
5.973774
-5.989905
5.996258
-5.969655
5.978366
-5.987828
-5.937405
5.994209
5.989595
5.987808
5.963875
-5.973108
5.997029
5.976404
5.958796
-2.929378
5.963623
-5.974288
-5.988901
5.952013
-5.961477
5.991111
5.969869
5.971255
-5.985306
5.955996
5.997556
-5.989572
5.956682
-5.972150
5.935618
-5.982931
-5.990295
-5.981408
5.955601
5.956488
5.987730
5.959063
-5.982986
5.986303
-5.935051
5.962372
5.631842
-5.765068
-5.987144
5.987305
5.909970
-5.974151
5.961422
5.667080
-5.969265
5.976523
5.964455
5.978317
5.984663
5.968259
-5.980177
5.968685
-5.966258
5.978054
-5.969976
-5.975584
5.950718
5.988498
5.972600
5.958678
-5.980124
-5.982034
5.899874
5.950051
5.989557
5.984727
-5.951404
5.997779
-5.972244
5.986332
5.984395
5.819627
-5.964706
5.974989
5.958957
5.990990
5.983304
5.955201
-5.962354
5.991683
5.966309
5.977267
5.952952
5.981576
-5.979905
5.991515
5.951400
5.960045
5.957710
5.906927
-5.976339
-5.991892
5.968658
-5.988859
-5.985739
-5.968345
-5.945472
-5.974534
-5.962780
5.953221
5.972642
-5.961417
5.952205
-5.953746
-5.970395
5.973776
5.968298
5.993153
-5.981745
-5.949792
5.980577
5.961682
5.950269
-5.988488
5.986764
-5.961806
-5.977437
5.981194
-5.991925
-5.963165
-5.956368
-5.988158
5.984573
5.986807
5.953366
-5.941501
-5.965864
-5.981959
-5.939490
-5.991798
5.932812
5.959311
-5.974095
5.975009
5.993004
-5.980304
-5.978607
-5.967960
-5.966806
5.972803
5.971765
5.990948
5.954173
-5.955172
-5.994334
5.985335
5.989228
-5.985843
5.964530
5.993281
5.989426
5.992512
-5.965386
5.983881
5.925937
5.974054
5.986736
-5.989805
-5.986440
-5.980988
5.979608
5.990474
-5.914565
-5.963174
-5.967396
5.988870
5.969491
-5.952639
-5.946690
-5.981110
-5.944248
5.961361
5.973219
5.972590
5.976211
5.951080
-5.946807
-5.993446
-5.969496
-5.993656
-5.990012
5.993352
-5.978616
-5.975448
5.620179
-5.982236
5.987929
-5.982276
5.966006
-5.960245
-5.995808
5.991895
-5.979120
-5.948633
-5.972898
5.995973
5.985196
5.975901
5.986869
5.993384
-5.956551
5.995595
-5.971922
5.969138
-5.955154
-5.970136
5.982342
5.624702
-5.916651
-5.985872
-5.984110
5.957175
5.972098
-5.919032
-5.984727
4.667808
5.990330
-5.967639
-5.962364
5.989296
5.949626
5.980673
-5.962684
5.750835
5.978381
-5.989707
-5.910866
-5.984872
-5.983024
5.968362
-5.957468
-5.967114
5.987126
5.967639
5.989399
-5.987442
5.970394
5.991713
-5.981939
-5.987698
-5.963305
5.984373
-5.946932
-5.942320
-5.969890
-5.777866
-5.972426
-5.964907
5.953788
-5.983054
-5.944127
-5.927373
5.967238
-5.973484
-5.987886
5.926149
5.987650
5.926105
5.972061
-5.980816
-5.986728
5.949423
5.970243
-5.969002
-5.988154
5.936626
5.969734
5.957807
5.974766
5.925746
5.971550
5.994939
-5.980921
-5.985036
5.967458
-5.976591
-5.970512
-5.970650
-5.998187
5.965087
5.990907
-5.987023
5.957508
5.961184
-5.969031
5.982410
5.990719
-5.970463
5.942476
-5.976112
-5.972935
-5.953317
5.982455
-5.996567
-5.921316
5.986219
