4.000000	1.600000	50	0.100000	ARCHIVOS_REDES\ER\ER_670.txt
0.000808	3.964542
-3.993324
3.975310
3.944609
-3.978657
3.963743
3.992920
-3.854677
3.974173
-3.985968
-3.961831
-3.990041
3.982533
-3.985369
3.970482
-3.985514
-3.983569
3.983832
3.991628
3.964015
3.937944
3.986703
-3.993127
-3.992640
-3.989901
-3.971954
3.978026
3.984509
3.972654
3.986485
3.989212
3.946621
-3.978264
3.982295
3.969466
-3.986771
3.961318
-3.980782
-3.960047
3.964652
-3.986583
-3.981160
-3.980620
3.976597
-3.926208
-3.958394
3.963449
3.942061
-3.992323
-3.990375
-3.966598
3.988033
3.980024
-3.979088
3.977076
-3.993838
3.368307
-3.975079
3.980557
3.986521
3.963701
3.986176
-3.983337
3.985481
3.982473
3.980406
-3.966000
-3.961616
3.983797
-3.993169
3.981814
3.990006
3.994427
-3.979869
-3.995246
-3.984201
-3.983142
-3.982744
3.974442
-3.992194
3.995803
-3.964295
-3.961762
3.949409
3.979509
3.993389
-3.970936
-3.960285
3.987397
-3.980479
3.989014
3.975856
3.995125
3.991550
-3.993460
-3.979470
-3.991106
-3.980472
3.991793
3.985368
-3.996059
-3.949564
3.921558
-3.991303
-3.980942
3.992293
3.971008
3.958841
3.973602
-3.965828
-3.960360
3.137818
3.982511
-3.973057
3.981277
3.963467
-3.992544
-3.922696
-3.976538
3.993565
-3.981281
3.981348
-3.965429
-3.986066
3.971183
-3.977417
-3.969502
3.978380
-3.980477
-3.822769
-3.965573
-3.975351
-3.961946
3.946575
3.934343
-3.972086
3.978165
3.965424
-3.946118
3.958940
3.943972
-3.982867
-3.986959
-3.987198
3.990574
3.981090
-3.981542
-3.972072
-3.978740
3.994172
-3.977416
-3.992781
-3.994634
-3.972421
3.995763
3.993850
3.977821
-3.990186
-3.985507
-3.990788
3.972251
3.976358
-3.987656
-3.986296
-3.971579
3.971947
3.977557
3.979003
3.992871
3.991646
-3.964013
-3.895427
-3.982287
-3.969148
3.887239
-3.990162
-3.968483
-3.989292
-3.969031
-3.990425
3.980510
3.971406
-3.960990
-3.976514
3.991556
3.939393
3.972990
3.969222
-3.102000
3.849483
-3.988847
-3.980586
3.964697
-3.902346
3.967524
-3.967536
3.940994
3.987559
-3.988658
3.965416
3.987238
-3.974633
-3.933642
-3.993203
3.983070
-3.979683
-3.847984
3.982846
3.986691
3.945552
-3.968172
3.981435
-3.994269
-3.994225
-3.969064
-3.983449
3.988730
-3.967064
3.990855
-3.978641
3.969791
3.974586
3.990005
-3.839009
3.966260
3.987223
3.986065
-3.991770
3.974385
3.987779
-3.798936
-3.990197
3.995217
3.973518
-3.976604
3.992042
3.975637
-3.962439
-3.586685
-3.977366
3.986737
-3.953931
3.988754
3.972061
3.966999
-3.972823
-3.989866
-3.987801
3.986588
-3.993095
3.960943
3.964764
-3.976865
3.959976
-3.990650
-3.975069
-3.969436
-3.927439
-3.977603
3.980363
3.966398
3.970527
-3.984526
3.970806
-3.987401
-3.935261
3.983154
-3.987627
3.973326
3.983748
3.961960
3.982190
-3.986515
-3.992835
-3.972792
3.984952
-3.994941
3.979427
3.993449
-3.983466
-3.993989
3.995381
3.988406
3.986140
3.974100
-3.976097
-3.982995
3.963950
3.991723
-2.915094
3.966100
-3.976125
-3.982714
-3.992790
-3.974439
-3.983085
3.976986
3.666666
3.911288
-3.987314
3.983030
3.995210
3.994069
3.976283
3.980856
3.951329
3.973832
-3.984879
3.840113
-3.993405
3.972263
-3.982399
3.989007
-3.937680
3.975796
3.995796
-3.984175
-3.990595
3.953075
-3.983480
-3.992517
3.958452
3.975086
3.874930
3.992975
3.990760
3.973800
3.993963
3.988562
3.996509
3.984289
3.994221
3.959577
3.986963
3.985128
3.971153
3.980942
3.988008
-3.980553
-3.973637
-3.952640
-3.981560
3.958644
3.991463
3.957321
-3.985530
3.990263
3.994592
-3.962555
3.989895
-3.948754
3.971673
-3.990218
-3.992297
-3.954053
-3.966822
3.991549
-3.978990
3.964104
-3.982756
3.991947
-3.973050
-3.933129
3.977430
-3.978065
-3.977918
3.989503
3.977472
-3.960527
3.972427
3.984512
3.941208
3.907840
-3.987258
-3.986680
3.980755
3.955448
-3.970260
-3.986627
3.962490
-3.985514
3.981381
3.808495
-3.650017
-3.974675
-3.958500
3.976259
-3.977211
3.991665
-3.989885
-3.834516
3.931285
3.983567
3.975996
3.917587
3.974471
-3.983135
-3.986746
3.984256
-3.977345
3.995167
3.984014
3.962267
-3.982742
-3.977556
3.991346
-3.950153
3.995449
3.972911
3.990145
-3.983485
-3.932632
-3.986655
-3.968045
3.988393
3.969391
-3.983008
-3.951761
-3.970889
-3.939617
-3.974158
-3.976485
3.932004
3.984838
3.993276
3.972462
-3.987630
3.972878
-3.976090
-3.970329
-3.982007
-3.966591
-3.957875
3.991524
-3.993425
-3.974220
3.981526
3.971769
3.985093
-3.970625
3.981312
-3.994275
-3.960877
-3.962932
-3.961324
3.992609
-3.961822
3.971511
-2.235451
3.963989
3.969071
3.850754
-3.985011
-3.987034
3.963821
3.972160
-3.987099
-3.984919
3.989638
3.873577
-3.971180
3.947663
-3.958098
-3.907554
3.985401
-3.990011
-3.976204
3.973307
3.970980
-3.964161
-3.976399
-3.992590
-3.970750
3.969890
3.974784
-3.964505
-3.982396
3.994009
3.988716
3.960151
3.981606
-3.985116
3.989017
-3.979331
-3.972893
-3.951193
3.971317
3.992253
3.974768
3.981221
3.982766
3.973564
-3.811178
-3.990304
3.984022
3.947232
3.953622
0.025124
3.979345
3.991407
3.990181
3.984251
3.974902
-3.974960
3.993338
3.995743
3.983724
-3.961826
3.994537
-3.923143
3.986156
-3.981898
-3.976826
-3.978721
-3.988423
3.986659
3.988874
-3.865878
-3.975703
-3.983889
3.986781
3.988021
3.954474
-3.975345
3.976675
3.501133
3.983703
3.990782
3.888516
3.960230
-3.992200
3.944692
-3.974778
-3.954091
-3.971060
3.982769
-3.993870
-3.990410
-3.823292
3.985405
3.995249
-3.988873
-3.970769
3.983799
3.983550
-3.969308
-3.991357
-3.988264
-3.973809
-3.968423
-3.899223
-3.974904
-3.969257
3.981366
-3.983064
3.970534
-3.942556
-3.970023
3.955748
-3.974898
-3.989680
3.981205
3.960729
3.981904
-3.978958
3.955865
3.932191
-3.980589
-3.986532
-3.974108
3.994075
3.977902
-3.989508
-3.950206
3.990151
3.970556
3.986256
-3.859753
3.974648
-3.831339
3.972690
-3.980966
3.981603
3.990457
3.978446
-3.984280
3.981529
-2.576917
-3.991848
-3.961788
-3.982909
3.971410
-3.985154
3.974507
3.984867
-3.619437
3.983782
3.996197
-3.985362
3.992118
-3.975250
3.983775
-3.993773
3.963466
3.991929
-3.984017
-3.994076
-3.985445
3.980887
3.989326
-3.980662
-3.962836
3.995773
-3.975875
-3.978994
3.968198
3.991645
-3.985699
-3.995610
3.927324
-3.981760
3.983175
3.973543
-3.989470
3.967383
-3.987020
3.971628
-3.985022
-3.945562
-3.988138
3.984847
-3.947243
3.982157
3.980044
3.977564
-3.988435
3.963626
-3.977751
-3.981887
3.936318
-3.991237
-3.994013
3.965294
3.979339
3.988663
3.983054
3.975614
3.991388
3.980970
3.970126
-3.989502
3.974051
3.991381
3.966161
3.981356
-3.970254
3.945182
-3.976264
-3.991097
-3.988266
3.965481
-3.978794
-3.996713
-3.992391
-3.982886
3.955659
-3.988797
-3.977791
-3.982855
3.978477
3.980779
3.972254
3.975166
-3.979082
3.977190
-3.949934
-3.986385
3.992742
-3.979142
3.977599
-3.824661
3.990903
-3.990318
3.986421
3.988621
3.976775
3.936737
-3.985129
-3.984132
3.992239
-3.967672
3.975185
3.851260
-3.950672
-3.984395
-3.984345
3.983019
-3.950931
3.982484
3.952383
-3.990990
3.977224
3.992267
-3.986506
-3.979037
-3.988403
-3.984616
-3.983662
-3.988407
3.947412
-3.989787
-3.968926
3.916633
3.983293
-3.993327
3.951362
-3.967422
-3.993381
-3.931309
3.971886
-3.990449
3.898443
-3.994517
3.985484
-3.969144
-3.979588
3.961725
-3.994332
3.979057
3.980877
3.976273
3.968615
3.863643
3.990945
-3.965602
-3.942577
-3.985227
3.976870
3.995750
-3.965135
3.932469
3.967522
-3.963486
3.952415
-3.968994
3.958167
3.989660
3.974655
3.958629
-3.988433
-3.972651
-3.986575
3.980398
3.959273
-3.919694
-3.095676
3.985708
3.993939
-3.803576
-3.990035
3.969768
3.996640
-3.982277
-3.987735
-3.986082
3.987887
-3.995246
-3.989803
-3.977939
3.982475
-3.964643
-3.986673
-3.919697
3.979162
3.938518
-3.991952
-3.984554
-3.979004
3.949092
3.970104
3.988072
-3.838352
3.974369
-3.972064
3.967083
-3.985998
-3.996062
-3.990498
3.975116
3.986383
-3.987675
-3.980581
-3.988203
-3.973203
-3.986662
-3.952429
3.982208
-3.961105
3.991346
-3.988521
-3.987051
-3.973046
-3.979080
3.967575
3.977123
3.983029
-3.979911
-3.988812
-3.973245
-3.984886
3.969288
3.988569
3.917418
-3.992373
3.984327
-3.991244
3.987367
3.970290
3.989687
-3.970173
3.975762
-3.974262
-3.970129
3.978219
-3.973054
-3.961921
3.971616
3.985606
-3.971508
-3.969624
3.962587
3.991141
-3.992116
-3.989775
3.958761
-3.960467
-3.962531
3.939279
3.985077
-3.973751
-3.979175
-3.964805
3.975115
-3.961333
-3.968549
3.968691
-3.989081
3.973547
3.910619
3.965292
-3.982217
3.989626
3.985267
3.993213
-3.974761
3.976486
3.985872
-3.916590
-3.973462
-3.990910
3.960130
-3.968096
3.988698
3.956113
-3.995805
-3.949284
-3.981920
-3.983415
-3.963554
-3.988173
-3.982807
3.986962
3.964838
-3.991610
-3.964485
-3.990241
-3.986851
-3.982106
3.992903
3.973497
3.986974
-3.973359
3.983110
-3.983465
-3.968284
-3.990707
3.965359
-3.987204
-3.986825
3.970113
-3.968566
-3.973457
-3.969547
3.961800
3.624992
-3.985235
3.974766
3.987588
3.991434
-3.965845
3.930427
-3.984102
3.994049
3.994757
3.989173
3.974431
-3.986832
3.934375
-3.964904
-3.981729
-3.972957
3.975615
-3.981884
-3.995866
-3.995016
-3.895557
3.981599
-3.979834
-3.985311
3.980370
-3.969461
3.966199
3.976921
3.979334
-3.938811
3.958677
3.987902
-3.980920
-3.987618
3.986261
-3.989905
3.978032
-3.994840
-3.985992
3.993425
3.969534
-3.965628
-3.914422
-3.957974
-3.955171
-3.984304
-3.983715
3.910625
3.991779
-3.963857
3.983177
-3.970111
3.987085
-3.985425
3.995484
3.903566
-3.981362
-3.981148
-3.961714
-3.753653
3.991981
3.976260
-3.958818
3.983368
-3.987583
-3.979141
-3.932624
-3.965001
3.887067
-3.973731
-3.959706
3.975432
-3.986884
-3.928623
3.972910
-3.973074
3.978359
3.993436
-3.970533
-3.985258
3.975550
3.975097
-3.964877
3.957326
3.990471
-3.951901
3.986040
3.959950
3.968960
-3.980460
3.955253
3.993083
-3.953846
3.960623
-3.985821
3.965020
-3.979693
3.972297
-3.947414
-3.976713
-3.977394
3.975520
3.984257
3.988712
-3.946841
-3.990276
3.978677
-3.983744
3.922016
-3.986173
-3.954795
-3.769028
3.962351
-3.960350
3.964865
3.924136
-3.875334
3.966536
-3.970260
-3.933370
3.996049
3.987876
3.967367
3.966680
-3.975429
-3.992234
3.923958
-3.963949
3.970371
3.969384
3.983213
-3.979686
-3.969177
3.992351
3.989428
3.962510
-3.984531
-3.977051
-3.992495
3.974318
-3.932997
-3.965916
3.969875
3.929051
-3.891860
-3.979234
-3.975909
-3.970161
-3.962444
-3.981768
-3.977285
3.972102
3.957095
-3.916572
-3.968654
-3.966243
-3.993986
-3.989707
3.180046
-3.953983
3.964232
3.979291
-3.947223
-3.979055
-3.981787
3.976159
-3.980278
3.984012
3.975420
3.978096
-3.994297
-3.952549
-3.972153
-3.920531
3.965919
3.964658
3.962345
3.981343
3.979535
-3.994244
-3.958540
3.962445
-3.985103
-3.343035
-3.983596
-3.985343
-3.961835
-3.993645
3.982660
3.993610
-3.914251
3.974052
3.972002
3.991931
-3.992652
3.978394
3.978725
-3.987735
3.960435
-3.985103
3.960545
3.986539
-3.996344
3.984147
-3.979449
3.983677
3.988977
3.975062
3.858918
3.913474
-3.956851
3.853968
-3.993678
3.982992
3.974161
-3.988881
-3.986354
-3.985939
-3.958463
-3.983385
-3.983336
3.985418
-3.957486
-3.991650
-3.964574
-3.991513
-3.989204
3.961235
3.977911
-3.989156
3.915121
-3.992327
3.961192
3.976035
3.958344
3.987594
3.966721
-3.985825
-3.993920
3.992365
3.967618
3.361581
3.987885
-3.976688
-3.988525
3.977483
3.977967
3.977328
-3.990924
3.971936
-3.972016
3.988221
3.990269
-3.979293
3.993676
-3.988923
-3.979168
-3.987578
-3.957770
3.978254
3.958973
3.966740
3.981546
-3.967345
3.991172
-3.977278
-3.967964
-3.992441
3.992798
3.990676
3.974312
3.928602
3.688077
3.973976
3.973596
-3.964142
-3.989343
3.961552
3.984630
-3.988776
-3.985374
-3.975448
3.980397
-3.986967
-3.987984
3.977715
3.978645
3.963440
-3.994914
-3.904444
3.977779
-3.976091
-3.986060
-3.992382
3.818681
-3.971583
3.965438
3.961110
3.973959
-3.955573
-3.980987
-3.978079
3.961710
-3.961800
-3.985831
-3.991010
-3.979048
-3.986392
-3.980511
-3.994293
3.968296
-3.968576
-3.989825
-3.988763
3.970285
3.985286
3.992296
-3.982390
3.981158
-3.991832
3.967938
-3.971453
-3.980812
3.988171
-3.978251
-3.984863
3.977540
3.974053
3.989810
-3.991633
3.414936
3.983730
3.960980
-3.980538
-3.982593
3.974881
-3.984415
3.988513
-3.992831
-3.983760
3.964004
-3.973769
3.924205
-3.973115
3.956288
3.870481
-3.852409
-3.941520
-3.981466
-3.942201
-3.977043
3.949051
-3.980987
3.959707
-3.974824
-3.987086
3.883906
3.981138
3.989739
-3.986140
-3.983463
-3.993229
-3.982024
-3.967469
3.989574
-3.972142
3.925878
-3.976918
-3.954266
3.988846
3.992250
3.983820
3.987922
-3.983304
3.986134
3.972291
3.972671
3.982049
3.978802
-3.989781
3.975085
-3.936163
-3.922197
-3.971059
-3.960656
-3.960710
-3.977199
3.986669
-3.957851
3.992274
3.978157
-3.967458
3.983429
-3.971925
3.991816
3.985797
3.971226
3.965012
3.993610
-3.987294
-3.971385
3.977945
3.953916
-3.969376
3.980477
-3.993232
3.951565
-3.993076
3.981734
-3.968973
3.981346
-3.898878
3.775031
-3.988434
-3.976729
-3.989210
3.981484
-3.986245
-3.966180
-3.979784
3.968783
3.892719
3.994880
-3.986911
-3.969336
3.772699
-3.973825
3.987786
3.975307
3.988577
3.931114
-3.989719
3.966734
3.939727
-3.952457
3.995167
3.968831
-3.990469
3.972132
3.991403
-3.969007
-3.981430
3.992131
-3.994215
-3.979678
-3.981772
3.961611
-3.983084
3.969467
3.971762
-3.965741
-3.991670
-3.988112
3.989510
3.982010
3.972786
3.958940
3.962622
-3.966140
-3.980232
3.980751
3.976070
3.992550
-3.991949
3.968676
-3.985170
3.964654
3.990160
-3.920822
-3.988960
3.989163
3.986203
3.948347
-3.988123
3.986991
3.790280
3.955964
-3.969512
-3.974710
3.983381
-3.974516
-3.994598
3.975911
-3.978782
-3.975235
-3.982194
3.984558
3.976046
3.929337
3.980587
3.978285
-3.974550
-3.979137
-3.969943
-3.996018
3.976055
-3.973988
-3.991866
-3.979443
-3.991459
3.973566
3.957514
3.961142
-3.987014
-3.960734
-3.957639
3.971770
3.986905
3.346456
3.879457
3.985997
-3.976934
-3.897909
3.973260
3.956323
-3.958121
3.892877
-3.979426
-3.971035
-3.982259
-3.950175
-3.991273
3.971226
3.987128
-3.984239
-3.963354
3.975361
3.974424
3.982719
3.936928
3.979768
-3.965389
-3.960154
-3.979393
-3.965355
3.990068
3.960064
-3.978811
-3.844009
3.972950
-3.986665
-3.979385
3.975460
3.974419
3.991447
-3.989778
3.990331
-3.900530
-3.982713
-3.972363
-3.982634
3.968223
3.994077
-3.971077
3.984738
3.981382
3.972787
-3.968960
3.981631
3.935556
3.898542
-3.986761
-3.958273
3.984461
3.958493
-3.984761
3.948832
3.965144
3.961649
-3.866670
3.681597
-3.986266
-3.980278
3.985493
-3.983289
3.991150
3.990143
3.988026
3.993640
3.942877
3.965722
3.971554
3.954531
3.984684
-3.983768
-3.982074
3.988952
3.984192
-3.984505
-3.961403
-3.985944
3.989090
3.981426
3.976742
3.715211
3.993904
-3.975924
3.973025
3.992403
-3.992611
3.931358
-3.952772
-3.968641
3.981228
3.985236
-3.962075
3.986513
-3.990513
3.971241
3.977425
3.934023
-3.968920
-3.994110
3.990263
-3.976686
-3.529933
3.995451
-3.971166
3.990637
3.954709
-3.962108
-3.910023
3.992521
3.994568
-3.962236
-3.983570
3.944134
-3.941822
3.978074
3.964134
3.981515
-3.974730
3.985809
3.982012
3.978626
3.988682
3.968155
-3.971171
3.987178
3.956939
3.967550
3.994167
-3.984469
-3.982453
-3.963406
-3.975057
3.978115
-3.962067
-3.986273
-3.983151
3.966056
3.987428
3.953171
3.872684
-3.982992
-3.987872
3.980494
-3.973262
3.969011
-3.995177
3.959381
-3.979593
-3.985208
-3.978374
3.993744
-3.661860
-3.982833
3.989471
3.945918
-3.992528
-3.981968
-3.983652
-3.949612
-3.976464
3.967349
-3.981564
3.966575
-3.965188
3.973605
-3.960496
3.985842
3.982614
-3.974951
3.993278
3.974058
3.965166
3.965148
-3.944713
-3.929188
-3.980028
3.972162
3.975176
3.964769
-3.954348
-3.978031
3.984744
3.993149
-3.850671
-3.950630
3.989419
3.983471
-3.982379
-3.990344
-3.972563
-3.970502
-3.981078
3.969822
3.974273
3.993361
3.991394
3.988747
3.979376
3.991184
3.962748
3.994620
-3.986120
3.930511
-3.992349
-3.967636
-3.982790
3.982484
3.982696
3.965075
3.969808
-3.992252
-3.954078
-3.979259
-3.954555
3.983866
3.985696
-3.971883
3.991846
3.980747
3.967873
-3.988640
-3.984169
3.990886
-3.991552
3.979482
3.978526
3.985528
-3.990943
-3.994299
-3.978548
-3.984350
3.906808
3.974674
-3.990901
3.993351
3.985668
3.980317
-3.978669
3.977466
-3.992654
-3.981252
3.843964
-3.979622
3.973761
-3.505482
3.971767
-3.974240
3.983056
3.919578
-3.982748
-3.976107
-3.979818
3.990299
-3.986121
-3.978121
-3.968083
3.981241
-3.993775
-3.971320
2.070868
-3.968550
3.937612
-3.985423
-3.960714
3.965254
3.965124
-3.986024
-3.776513
3.974986
3.965708
3.965257
3.985986
3.995409
-3.972265
-3.983913
3.984305
3.979131
3.979737
3.959496
-3.951958
3.983440
-3.979061
-3.969063
3.930487
-3.985785
-3.953233
-3.974322
-3.993267
3.968649
3.983665
-3.955905
-3.988321
3.972405
3.989453
3.985883
3.977620
3.985075
-3.993166
-3.968181
3.951171
-3.974852
3.993194
-3.994515
3.994650
3.956672
-3.867531
3.884142
3.964044
3.983563
-3.985707
-3.972425
3.979562
3.985196
-3.983749
-3.949845
3.986819
-3.917103
-3.950799
3.981789
3.985528
3.989430
3.972917
-3.950149
-3.987273
3.963520
3.979732
-3.962557
-3.976183
-3.969276
-3.982418
3.952214
3.807281
3.980231
-3.987413
-3.979004
-3.962860
-3.977011
-3.994531
3.988853
3.978571
3.981538
3.976707
-3.994138
-3.967341
3.977527
3.964908
-3.972887
3.939857
3.959689
-3.974966
-3.972973
3.982062
3.974092
-3.965006
-3.992416
-3.968792
3.980975
-3.960313
-3.950118
-3.992682
-3.990712
-3.976695
3.972886
-3.990089
3.963017
3.970494
-3.985552
-3.985597
-3.993836
3.977213
3.966906
3.957702
3.995503
-3.963753
3.994165
3.987330
-3.984145
-3.977557
-3.993714
-3.990256
-3.962364
-3.990592
3.982972
-3.985743
3.977985
-3.970870
-3.965034
-3.970196
3.968926
3.991762
-3.985210
-3.980355
3.964971
3.988475
3.989780
3.969304
3.972224
-3.986911
-3.989065
3.971816
-3.980831
-3.941440
3.971520
-3.990407
3.975044
3.970936
3.976545
3.976818
-3.960462
3.957264
3.942227
3.986410
3.988004
3.986077
3.969449
-3.974343
-3.993945
-3.954523
3.958079
3.978669
-3.974000
3.976000
-3.993540
-3.983902
-3.964974
3.987639
3.979397
3.995989
-3.973834
3.986025
-3.990242
-3.979261
3.976939
3.985257
3.983333
3.977866
3.984593
-3.983268
-3.967874
3.988659
3.981595
3.976741
-3.989235
-3.995250
3.982317
-3.980087
-3.976655
3.977985
-3.955552
3.981528
-3.989387
-3.975909
3.962201
-3.964530
-3.987088
3.988100
-3.970288
3.980112
-3.986121
3.982903
3.991015
-3.933199
-3.960268
3.975133
-3.984535
3.972290
-3.987543
-3.989583
-3.984113
-3.984623
3.960721
3.960839
3.980113
-3.962410
-3.967856
-3.955947
-3.962165
-3.972039
3.988072
-3.979420
3.991608
3.973888
3.979806
3.973435
3.934424
-3.996577
-3.988860
-3.963063
-3.983346
-3.987033
-3.972882
3.977569
3.984020
3.982339
3.968331
3.956342
-3.964667
-3.989858
3.981066
3.976621
-3.947162
-3.971194
3.974037
3.977961
-3.991486
3.986683
3.887525
3.971106
3.986760
3.982631
-3.980031
-3.959689
3.974113
3.965849
3.984729
-3.992007
3.987227
-3.857916
3.975226
-3.969955
3.982426
3.954797
-3.973174
-3.991201
-3.977226
3.962297
3.910617
3.984273
3.991753
3.990833
3.989234
-3.957515
-3.967695
-3.871631
3.985918
-3.905427
3.990121
-3.988441
3.957992
-3.936410
3.983759
-3.979102
-3.977947
3.929443
3.967588
-3.957584
-3.969673
-3.778594
3.973810
-3.980242
-3.996178
3.895182
3.944919
-3.974569
-3.983289
3.990035
3.982519
-3.965801
3.984589
-3.948815
3.993534
-3.982259
3.969714
-3.945816
-3.983626
3.965355
-3.971151
3.987455
-3.984567
-3.983754
-3.975056
-3.973077
-3.983561
3.987526
3.975047
-3.975079
3.972346
-3.982015
-3.976965
-3.976861
3.919967
-3.979254
3.953443
-3.986307
3.986605
-3.975247
3.981523
3.968369
3.987729
-3.975151
-3.984626
3.989514
3.991898
-3.917793
3.993632
3.977623
3.959759
3.910933
3.976819
-3.995184
-3.981545
-3.979237
3.874545
-3.989681
-3.992125
-3.968722
3.977402
3.909467
-3.984362
-3.988918
-3.973338
3.990145
3.993788
3.976549
3.985284
-3.969719
-3.984641
-3.967239
-3.980237
3.984528
3.985704
-3.977051
-3.977489
-3.966953
3.995247
3.972291
-3.992664
3.971138
3.986052
-3.982048
3.982618
3.992773
3.983977
3.990855
-3.955475
3.991258
-3.975052
-3.985811
3.986092
-3.978734
-3.981592
3.980914
3.984718
-3.979730
3.996376
-3.977162
-3.996038
-3.959554
3.958185
-3.988927
-3.975541
-3.993178
-3.990076
-3.977700
3.970950
-3.975950
3.984274
3.988795
-3.932100
-3.946863
-3.986284
-3.974059
-3.945297
3.965314
3.967242
-3.970845
-3.984218
3.978218
-3.994296
-3.966616
3.978627
-3.970154
3.985980
-3.996154
-3.990282
-3.941833
-3.984112
-3.989100
-3.982909
-3.993715
3.982069
3.979735
3.966501
-3.988117
-3.973463
-3.951786
3.994239
3.975926
3.886492
3.993112
-3.972633
-3.990146
3.983036
-3.969246
-3.963851
3.989853
-3.968228
3.955069
3.989792
3.983830
-3.986262
-3.989875
-3.968260
3.965297
-3.968770
-3.971531
-3.988233
-3.982577
-3.971757
3.975018
3.958088
3.976746
3.986514
3.991917
-3.978533
-3.982628
-3.989835
3.979585
-3.958712
-3.991937
-3.993929
-3.989166
3.964718
-3.990957
-3.928187
-3.990012
-3.985004
-3.960811
-3.888756
3.985546
-3.988118
-3.982509
3.986578
-3.953712
3.977215
3.979470
3.994538
3.968519
3.984682
-3.985428
3.984363
3.992027
-3.991413
-3.951473
3.992967
3.976445
3.726103
-3.986959
3.989723
3.982629
3.981551
3.975112
-3.963359
3.970983
3.975687
3.931740
3.996150
3.118875
3.976961
3.749647
-3.992109
-3.980240
-3.958057
3.976002
-3.984561
-3.966156
-3.959525
3.992051
3.985869
-3.973936
3.968749
3.985348
3.992046
3.995410
3.976408
-3.989605
3.990746
3.967554
3.878036
3.896811
-3.974632
3.981225
-3.990325
3.951078
-3.933417
3.960352
-3.969993
-3.885894
-3.987737
3.975602
-3.990178
-3.977894
3.965045
-3.973649
-3.982659
3.972912
-3.991077
3.974854
3.964452
-3.969387
-3.957728
3.923681
3.991613
-3.972915
3.992657
3.980820
-3.985067
3.992534
3.984933
-3.971080
3.954817
3.966114
-3.975531
3.996409
3.974797
3.990485
-3.943381
-3.978863
3.979424
-3.991352
-3.954292
-3.939295
-3.993253
3.991037
-3.982823
-3.967587
-3.968390
-3.982298
3.993945
-3.987872
3.982733
3.957563
3.978081
3.937283
3.987894
3.968196
3.988032
-3.969822
3.977711
-3.970902
3.981857
-3.980454
-3.979358
-3.990073
3.981509
3.956731
-3.991715
-3.952948
-3.990670
-3.962813
-3.974983
3.966231
3.992364
-3.886946
-3.979469
-3.979977
3.938316
3.973567
3.990666
3.988968
3.991155
-3.962354
3.987674
-3.989382
3.983577
3.985082
3.950408
3.977114
-3.970191
-3.982689
-3.985559
-3.976491
3.981328
3.987306
3.991247
3.917587
-3.858960
-3.974352
-3.976544
3.908976
-3.987281
-3.970027
3.985745
-3.994686
-3.960140
3.987172
3.987468
-3.976313
-3.925690
-3.972159
-3.963702
-3.992291
-3.966325
-3.982037
3.968108
-3.953731
-3.980236
-3.983042
-3.961493
3.976348
3.921199
-3.974740
-3.992699
-3.993130
-3.990384
3.974768
-3.940530
-3.970461
-3.970386
-3.970941
-3.975878
-3.976078
-3.986643
-3.978444
3.973262
3.975866
3.984943
3.989763
-3.990955
-3.975402
3.960630
-3.966962
-3.977691
3.982120
-3.966641
3.991493
3.914806
3.969180
3.989426
3.991028
-3.994981
-3.923733
-3.994228
3.991742
-3.992092
3.994241
3.983345
3.969209
3.987021
-3.982752
-3.930787
-3.987414
3.980836
-3.958337
3.973769
-3.968990
-3.970474
3.973548
3.988599
-3.962291
3.941712
3.951837
3.989558
3.967520
3.959586
-3.938398
3.984178
3.990408
3.992282
3.925148
-3.986312
3.983323
3.979851
3.978826
3.988352
3.979408
3.985820
-3.984720
-3.967304
-3.987890
3.947835
-3.971065
3.963433
-3.968616
-3.982812
-3.992273
3.979352
-3.991683
3.964043
3.917747
3.975761
-3.972352
3.815173
-3.910594
-3.976643
-3.983196
3.965277
3.993611
3.987896
-3.955623
-3.985881
3.970342
-3.969283
3.974817
3.939198
3.975125
-3.993429
-3.987515
3.978329
3.976034
3.960341
3.989465
3.986889
-3.978520
3.965908
3.987616
3.971859
-3.891649
3.978764
3.996336
3.975786
-3.963851
-3.986273
3.965956
3.981340
3.020587
-3.979446
-3.951139
3.988820
3.980805
3.935717
3.991319
3.981683
3.992279
-3.992348
-3.991770
-3.967488
-3.996768
-3.950546
-3.957726
3.973639
3.977063
-3.972891
-3.991959
-3.987769
3.945645
-3.975993
-3.983576
-3.858856
-3.981362
3.978056
-3.976761
-3.988820
3.972917
-3.981292
-3.986902
3.992276
-3.968175
3.966031
-3.989726
3.995729
3.965676
3.977569
-3.981536
3.974511
-3.990400
3.988975
3.993193
3.968355
-3.990044
-3.985186
3.972831
-3.923355
3.986061
3.990648
3.970031
-3.988685
3.976028
3.954845
3.990154
-3.982302
3.957177
-3.981664
3.979975
-3.973927
-3.965319
-3.988664
-3.957290
3.981808
-3.977897
3.964534
3.989147
-3.977620
3.982320
-3.961145
-3.949821
-3.945243
3.960927
-3.953590
-3.716281
3.985106
-3.976154
-3.980258
-3.922458
-3.975687
-3.959366
3.975195
-3.978625
3.751060
3.989069
3.922228
3.969906
3.873424
-3.987725
-3.960360
-3.990260
3.980578
3.978632
3.962452
-3.988082
-3.980289
-3.979273
-3.988734
-3.971826
3.988248
-3.958548
3.991573
3.938245
-3.958382
3.929136
-3.987017
-3.932123
-3.986823
3.977342
3.978962
-3.960557
3.995507
-3.988125
-3.952508
-3.980383
-3.983562
3.978807
3.986638
3.959208
3.988726
-3.980260
3.987956
3.987456
-3.951818
3.990862
3.991096
-3.974676
3.988381
-3.992219
-3.802767
3.975045
3.966658
3.965251
3.970210
-3.961747
3.977530
3.968119
3.965722
-3.994329
-3.941139
-3.984962
3.966936
-3.987865
-3.993571
-3.988679
3.993035
3.970996
-3.988033
3.986591
3.972078
-3.994295
-3.940953
3.983686
3.980321
3.993432
-3.984357
3.982632
-3.977695
-3.990553
-3.993154
3.991860
3.978708
-3.889633
-3.963381
-3.989228
-3.994540
3.968870
3.978590
-3.989404
3.985324
3.937168
3.985730
3.982654
-3.967630
-3.979010
-3.980196
-3.993684
3.930965
3.985729
-3.932745
-3.982040
-3.994823
-3.954138
3.993065
3.985881
3.972777
-3.971697
3.978056
-3.967350
3.980736
-3.990686
3.975197
3.971586
-3.988081
-3.994016
-3.994588
3.975771
-3.891377
3.983546
3.988470
-3.994073
-3.980321
3.995393
-3.971589
-3.995120
3.984926
3.986044
-3.869900
-3.968702
-3.994284
-3.981672
-3.963778
-3.961186
3.991028
-3.962452
-3.970154
3.978920
3.988541
3.988363
-3.976263
-3.990751
-3.966596
-3.993900
-3.991191
3.975838
3.986668
-3.940500
-3.947775
3.976553
3.403570
3.978817
3.981975
-3.995449
3.975842
3.967816
3.966746
-3.977507
-3.967365
3.983177
-3.923196
-3.959842
3.971086
3.982304
3.968609
-3.985749
-3.950822
-3.972850
-3.992718
-3.986668
-3.989770
-3.956602
-3.978594
-3.980237
3.965314
3.967635
3.953490
-3.985596
-3.985106
-3.983828
-3.969045
3.978683
3.924351
3.972575
-3.931251
3.964833
3.983298
-3.979004
-3.834598
3.977414
-3.989963
3.989765
-3.716597
-3.934346
3.977534
-3.989859
3.988503
-3.979290
3.983597
-3.991969
-3.978580
3.971211
3.980140
-3.953089
-3.796258
-3.973825
3.972101
-3.989680
3.989600
3.990461
-3.971511
3.930633
3.958645
-3.971559
-3.970838
3.993493
3.981403
3.966347
-3.805728
-3.994170
3.992735
3.981215
-3.975356
-3.951553
-3.973505
-3.972330
3.975298
3.946025
3.957488
-3.968245
3.986546
-3.979818
-3.990370
3.994567
-3.970480
3.977636
3.985651
-3.967239
3.980345
-3.983309
-3.992329
-3.852203
3.982285
3.984045
-3.826594
-3.987787
-3.982205
-3.994258
-3.764661
3.978962
3.924012
-3.953223
3.975834
3.987186
-3.931583
-3.957270
-3.976658
3.989265
-3.971457
3.984425
3.969979
-3.992301
-3.969413
3.979304
-3.957353
-3.986799
3.966871
3.307791
3.970336
-3.992738
-3.982436
3.995280
3.583845
-3.982706
-3.813665
-3.990308
3.989011
-3.978247
-3.942972
3.991989
-3.990839
-3.986828
-3.899477
3.895106
3.990280
-3.991645
3.915903
3.977706
3.980892
3.989643
-3.995415
-3.970434
3.947077
-3.977637
3.989088
-3.981069
3.981710
-3.971387
-3.993702
3.931185
3.952854
3.941519
-3.986182
3.984368
-3.971320
-3.973581
-3.959284
3.980389
3.923274
3.983818
3.988707
3.972179
3.974177
-3.980702
3.989057
-3.980486
-3.985568
3.980480
-3.976343
-3.988955
3.945789
-3.908352
3.966637
-3.989909
-3.950181
3.957830
3.988969
-3.986702
3.987664
3.976815
-3.976663
3.989472
-3.980662
3.988278
-3.977169
3.983411
3.992786
3.991371
3.972619
3.976005
3.977459
3.963952
-3.986013
-3.956693
3.981723
3.984285
-3.972223
3.977872
-3.974737
3.955461
3.990017
3.979391
-3.966868
-3.969601
3.962120
-3.976848
-3.988156
-3.977133
3.988793
3.982314
-3.971745
3.990803
-3.985647
-3.155394
3.993247
3.977185
3.990297
-3.995082
-3.979685
3.958274
3.960586
3.990699
3.978604
-3.990847
-3.981469
-3.977314
3.973462
3.983598
-3.955936
-3.986771
3.986345
-3.987890
3.984911
3.988928
3.986656
-3.962172
3.983211
-3.988895
3.975484
3.969347
3.988327
3.987165
3.975830
-3.975947
-3.989570
-3.938782
-3.990388
-3.978004
-3.970152
-3.973029
3.968760
3.945646
3.973442
-3.988266
-3.979720
3.985984
3.976032
-3.981764
-3.980166
-3.987146
3.973163
3.987535
3.953022
-3.982529
-3.960635
-3.986109
-3.953267
-3.932914
3.983854
3.899420
-3.970621
3.994465
-3.975186
-3.969065
-3.967103
3.988659
-3.980901
3.983379
-3.978624
-3.975152
-3.982277
3.973482
3.978310
3.955559
3.305526
-3.985115
-3.971338
3.980289
3.967409
3.969537
3.983692
-3.988897
3.984231
-3.994828
3.975922
-3.988135
-3.977369
-3.962727
3.965415
-3.979607
3.965910
3.973604
-3.958178
-3.918558
-3.921894
-3.960624
-3.984104
-3.974993
3.994758
3.975505
3.970893
3.977229
3.995432
3.968449
3.977203
-3.964300
3.966078
3.970777
-3.970323
-3.994315
3.879573
-3.987022
3.968616
3.995650
3.991482
-3.909209
-3.937920
-3.952054
3.987380
-3.974119
3.989303
3.976645
3.982278
-3.987556
3.849384
3.986401
3.992249
-3.977648
3.979524
3.986082
-3.970864
-3.979831
-3.988932
3.948680
-3.984271
-3.971883
3.962635
-3.974582
3.965848
-3.984416
3.992770
-3.977346
3.994010
3.987783
-3.868702
3.984102
3.993073
-3.971939
-3.992100
-3.984415
3.983090
3.974944
3.962167
3.983489
-3.971306
3.980483
3.976431
3.989072
3.993814
3.974083
-3.980711
3.962494
-3.975222
3.974239
3.975317
3.979290
-3.984547
3.970187
-3.979961
-3.987958
3.971605
-3.980354
3.986182
-3.976325
-3.962478
3.964274
-3.979284
3.995754
-3.973462
-3.911177
-3.653473
-3.978014
3.974954
3.986297
-3.977011
3.981470
3.994245
-3.981424
-3.985554
-3.986657
-3.988757
3.963226
3.815433
3.992220
-3.983418
-3.970146
3.977968
3.984677
3.964604
-3.946828
-3.989228
-3.977937
-3.979058
-3.993129
-3.980338
3.173858
3.981574
-3.941198
-3.970656
3.990368
3.985965
3.996047
3.969113
-3.427906
3.990958
-3.980275
-3.972628
3.979971
3.983134
-3.978443
-3.892134
3.971715
3.979485
3.977952
3.986247
-3.965918
-3.969522
-3.982287
3.974007
-3.984001
3.819539
-3.981327
-3.943185
-3.988561
-3.978732
3.976585
-3.961347
-3.975224
-3.983401
3.980849
-3.965708
-3.988472
3.989104
3.982223
3.974527
3.993367
-3.973462
-3.978322
-3.983891
-3.990380
-3.969430
-3.987334
3.376539
3.982507
3.914639
-3.986829
3.964494
3.979832
3.983254
-3.991300
3.976149
-3.964596
-3.986898
-3.978262
3.972131
-3.959761
3.987897
-3.971995
-3.980653
3.990381
3.986199
3.970274
3.969779
3.955906
-3.964406
-3.972008
3.969353
-3.960997
-3.932962
-3.983294
-3.987879
-3.941025
-3.988082
-3.953163
-3.988712
3.988240
3.992237
-3.989680
3.986038
3.987665
-3.991336
-3.995072
3.968570
-3.978672
-3.988321
-3.979005
-3.941872
3.977835
-3.975617
-3.982933
3.917013
-3.984106
3.965038
-3.993115
-3.974131
3.978190
-3.994691
3.957535
-3.985077
-3.870534
-3.993097
-3.971391
-3.936265
-3.965278
3.975705
-3.982393
3.977843
3.985989
0.135455
-3.987317
-3.965755
3.923378
3.969889
3.950856
-3.987275
3.972531
-3.964296
3.987499
3.989718
-3.980673
3.989149
-3.980209
3.983142
-3.989054
3.976520
-3.991434
3.969118
3.965268
3.968551
-3.972798
-3.986079
-3.988125
3.987531
-3.987129
3.972284
-3.942830
-3.984582
3.987374
-3.971514
-3.987369
-3.993271
-3.899015
3.936920
-3.970677
-3.991782
3.967613
3.983741
3.981596
3.978983
3.987370
3.977952
3.975721
3.989570
3.970640
-3.978163
3.979645
-3.969658
3.964241
3.986492
-3.954115
3.982150
3.974851
-3.963929
-3.975760
3.979557
-3.983719
3.983536
3.993017
-3.253612
-3.939413
3.578490
-3.993365
3.989885
3.985149
-3.977413
-3.992031
3.986970
3.957345
3.982991
3.982314
3.975097
-3.964459
-3.991674
3.969772
-3.889137
-3.981428
-3.991604
3.967864
-3.976528
-3.982261
3.985757
-3.985393
-3.849256
-3.967129
3.975780
3.993689
-3.980578
-3.989841
3.972908
-3.980191
-3.981755
-3.996307
3.975493
-3.950250
-3.991514
-3.989360
-3.958290
-3.954618
3.975371
-3.985246
-3.988899
3.991568
-3.976557
3.992954
-3.964083
-3.990538
-3.979705
3.966088
-3.985438
3.990243
-3.988305
3.977745
3.984425
-3.986620
-3.960158
-3.990899
3.964391
-3.969111
-3.949659
3.962917
-3.987418
3.971096
3.991967
-3.980146
-3.991964
3.981379
-3.983436
3.962774
3.988202
-3.985121
3.987652
-3.957350
3.964444
-3.984647
-3.980969
-3.964415
3.966259
-3.995353
-3.971106
-2.349293
3.985814
-3.980449
3.981896
3.961234
-3.950598
-3.985116
3.978912
-3.856975
3.989510
3.985774
-3.991197
3.975737
-3.943345
-3.984834
-3.990898
-3.978255
3.970046
-3.986019
3.976619
-3.957908
3.961782
3.992645
3.962089
-3.973864
-3.993666
3.982851
-3.962184
3.899164
-3.973901
3.970940
-3.968217
-3.983707
3.988649
-3.965320
3.987291
-3.948300
-3.992717
-3.989208
-3.987729
3.982919
-3.976559
-3.991844
-3.992140
3.966396
-3.987272
-3.986085
-3.943263
3.975606
3.959562
3.968960
3.974390
-3.988712
-3.986661
3.977741
-3.988190
-3.990549
3.697031
3.991326
3.987012
3.953467
-3.986681
-0.805544
3.889722
3.935205
-3.978992
-3.977479
-3.968907
3.974714
-3.984118
3.981736
3.978870
3.986576
-3.966686
-3.937936
-3.977684
3.987542
3.991897
3.974032
3.979596
-3.988182
-3.992966
-3.843019
3.985802
3.991135
-3.984813
3.957286
-3.962949
3.976368
-3.963744
-3.973634
-3.977168
-3.989855
3.981118
3.980119
3.974668
-3.954596
-3.990021
-3.991560
3.977412
-3.966421
-3.989655
3.981396
-3.985881
-3.916860
3.989058
-3.979133
3.981609
-3.989928
3.986122
3.988028
3.983170
-3.990873
3.935360
3.987363
3.993366
3.920544
3.983004
3.976907
3.990735
3.971509
3.969522
3.966470
3.991133
3.964951
3.969929
-3.980797
3.985868
-3.906232
-3.986152
3.984590
-3.973383
-3.978518
3.789256
-3.995327
3.985300
-3.961003
-3.938580
-3.988282
-3.972814
-3.980329
-3.983558
3.982707
-3.975325
-3.987498
-3.972133
3.971029
-3.995012
-3.974240
-3.986317
3.963479
3.979386
-3.974917
3.980024
3.974280
-3.935257
-3.981065
-3.983351
3.978067
3.972563
3.962429
3.984412
3.993996
3.966376
3.964904
3.996705
-3.980318
3.969579
-3.844038
3.978364
-3.849311
-3.984885
3.985289
3.978592
-3.981680
-3.994028
-3.957390
-3.981423
-3.979625
3.982914
-3.985170
3.991572
3.985542
-3.977106
3.988660
-3.974132
-3.972223
-3.963078
-3.980646
-3.991874
3.956788
-3.986107
-3.996434
3.957911
3.994172
3.975024
-3.985736
-3.983048
3.986196
3.973890
-3.954417
-3.981270
-3.940178
-3.979925
3.993550
-3.980666
-3.962721
3.983233
3.962241
-3.996133
3.984286
-3.973825
-3.956704
3.984245
-3.989505
3.989486
3.978122
3.975962
-3.927970
-3.988130
-3.977246
-3.974807
-3.969108
3.966673
-3.962894
-3.970896
3.975353
-3.979472
-3.965662
-3.984703
3.981339
3.982183
-3.986981
-3.945584
3.971190
3.979304
3.962494
3.992243
-3.987117
3.909605
-3.921177
-3.989810
-3.994829
3.962236
-3.953178
-3.979983
-3.978700
3.994246
-3.983436
-3.969275
-3.971134
-3.979468
3.982696
-3.962146
3.969257
-3.975135
-3.986973
-3.979947
3.981181
3.977260
-3.963319
3.994822
-3.989408
3.953791
3.976422
-3.975188
-3.823239
-3.900676
-3.928313
-3.982851
-3.979155
-3.991550
3.787827
3.986789
-3.972338
-3.974568
3.971990
-3.981571
-3.973859
3.983844
3.985387
3.988473
3.977710
3.970161
3.966604
3.975234
3.984087
-3.932297
-3.934005
3.983696
-3.969357
3.969636
3.987944
3.968338
3.978005
3.982682
3.989183
3.988836
-3.993790
3.992308
3.980701
3.990208
3.990686
-3.974448
3.985628
-3.523133
3.989385
3.985229
-3.993028
3.979942
-3.844235
3.993581
-3.991484
-3.979418
-3.988036
3.980480
-3.969045
3.942920
3.957581
-1.332902
3.869077
3.955890
-3.948959
-3.852857
-3.967146
-3.974414
-3.988120
3.988818
3.933589
3.986327
-3.990152
-3.991236
3.992585
-3.991178
-3.981831
-3.977904
-3.979782
-3.978845
3.945636
-3.992196
3.979876
3.962656
-3.957456
3.978536
3.961591
-3.974472
3.979421
3.963038
3.989386
3.960684
3.691004
-3.986568
-3.955963
-3.909353
3.965457
3.982889
-3.886150
3.984486
-3.940879
3.985712
-3.984397
3.973260
3.978980
-3.978109
3.985558
3.990955
-3.978557
-3.994977
-3.990350
-3.972444
-3.986731
-3.990323
3.979796
-3.992313
-3.987259
3.983775
-3.987644
-3.982069
-3.995259
-3.981960
3.958620
3.957278
3.977532
-3.984515
-3.987952
3.995591
3.985748
-3.984440
3.978046
3.986430
3.973933
-3.979885
-3.970484
-3.983472
-3.982318
-3.966185
3.981186
-3.995143
3.991686
-3.974692
-3.975579
3.995687
-3.978244
-3.993852
-3.981934
3.981273
3.908910
-3.955153
-3.958892
-3.992319
-3.948148
-3.991180
-3.979584
-3.985720
-3.976475
-3.981697
3.975542
3.861676
-3.964898
-3.972401
-3.974652
3.976983
-3.980476
-3.955634
-3.974956
-3.972404
-3.992592
-3.991684
-3.903913
-3.977117
3.965322
3.906877
-3.976232
-3.972897
-2.552755
-3.990985
3.959993
-3.965137
-3.985414
3.859461
-3.985027
3.956343
-3.992835
-3.975149
-3.988230
-3.990994
-3.986615
-3.975192
3.979023
3.991762
-3.808782
3.975864
3.971806
3.990660
3.975867
3.995209
3.968203
3.976941
3.977007
-3.929061
-3.919005
3.987354
3.807219
-3.963262
3.982309
-3.965094
-3.980044
-3.970660
3.973974
-3.985770
-3.957447
-3.971189
-3.958602
-3.984392
-3.970467
-3.871731
-3.910854
-3.992671
3.994008
-3.973308
-3.991732
-3.959977
3.970203
3.966877
3.971558
-3.994933
-3.988553
3.992803
3.986470
-3.978621
-3.974688
3.994663
-3.975458
-3.982084
3.982818
-3.965977
3.990138
3.991240
-3.983010
-3.988532
-3.975922
-3.973293
-3.983887
3.983710
-3.987753
3.947815
3.986454
-3.941183
3.961490
-3.970724
-3.981658
3.987468
-3.977845
3.995132
-3.973829
-3.991013
3.991693
-3.987787
3.985144
3.958686
-3.819531
-3.914952
3.970021
3.981578
3.984795
-3.995930
3.956386
-3.975208
-3.983485
-3.970337
-3.976359
-3.953397
3.989337
3.968881
3.988421
-3.964671
-3.981083
-3.983241
-3.975770
-3.917493
3.981107
-3.993242
3.970689
-3.954073
3.990315
3.980501
-3.985637
-3.987586
3.992893
3.961388
-3.955250
-3.925612
-3.989595
3.976486
3.995096
-3.908888
3.990693
-3.938967
-3.968937
3.975196
3.984597
-3.974188
3.989127
3.982179
3.954187
3.992178
3.961030
3.982014
-3.985581
3.919528
-3.976964
3.975271
3.983531
-3.976087
3.991410
3.992685
-3.967093
-3.962740
-3.933400
-3.947681
3.985741
3.984961
-3.966278
-3.957818
3.987151
3.897896
3.988353
-3.963594
3.964237
-3.976610
3.984518
-3.967567
3.987863
-3.981150
3.987829
-3.963282
3.952100
3.955648
3.945147
3.961753
3.982025
3.978031
-3.974937
-3.942285
3.978099
3.993996
-3.973852
-3.968155
-3.968918
-3.947942
3.982370
-3.986070
-3.979870
3.983785
3.967992
3.930622
3.966592
3.977832
3.989811
3.991499
3.973882
-3.950558
3.979615
3.970490
-3.944973
3.971833
3.991755
3.968987
3.478650
3.968559
3.982056
3.983277
-3.974562
3.941759
-3.975178
-3.991922
-3.973975
-3.946305
3.983667
-3.962370
-3.978597
-3.995746
3.980150
3.981164
-3.990217
3.974838
3.976136
-3.974970
-3.969048
-3.967423
-3.967089
3.967534
-3.993093
3.971202
-3.712673
-3.990590
3.963622
3.987458
-3.980233
3.983240
3.988391
3.985495
3.987035
3.994007
3.957432
-3.973610
-3.913763
3.994328
-3.966899
-3.970771
3.979482
3.935577
-3.966995
-3.982854
-3.889274
-3.958533
3.984235
3.980231
3.973019
3.993544
-3.888431
3.987200
-3.985667
3.991596
-3.967699
-3.973098
-3.953923
3.985914
-3.983878
-3.961884
3.994893
-3.968107
3.989616
-3.978367
-3.969360
-3.985650
3.950717
3.989699
-3.966104
3.967370
3.988727
3.988129
3.971184
-3.950660
-3.970833
3.984586
3.977885
3.973280
3.993722
3.992013
3.978393
-3.982191
3.980635
3.988660
3.967578
-3.958302
-3.980225
-3.971790
-3.977392
3.989445
3.960853
-3.871169
3.959586
3.975291
-3.989313
3.972249
3.974070
3.982975
3.971428
-3.993984
3.980074
3.976307
3.987882
3.981229
-3.985239
-3.981264
-3.936424
3.962966
3.988015
3.970467
-3.992009
-3.992345
-3.977254
3.962063
-3.956369
-3.986184
3.977940
3.988625
-3.960022
3.981861
-3.969539
-3.970981
3.979958
-3.989635
-3.978045
-3.981863
-3.980904
3.983117
-3.524288
-3.985031
3.988580
-3.977788
-3.834102
3.973512
-3.982461
3.990516
-3.993866
3.972822
3.987040
3.973733
-3.992034
3.886685
-3.981733
-3.956280
-3.969339
3.982234
-3.986808
-3.985892
3.947430
3.919508
3.977875
3.957596
3.995411
3.967381
-3.969252
-3.992397
-3.978690
-3.945409
-3.976723
-3.981538
3.950689
3.993017
3.949176
-3.991868
3.602852
-3.984448
-3.988714
-3.980820
-3.986174
-3.980423
3.970583
3.952083
-3.987759
-3.986504
3.988463
3.930196
-3.993146
-3.873838
3.976828
-3.984892
-3.994773
-3.963081
-3.975019
-3.948836
3.956059
-3.994265
3.980903
3.983265
3.877290
-3.994510
3.982944
-3.850335
-3.982514
-3.985909
-3.946169
-3.958847
3.966192
-3.991235
3.982631
-3.988819
3.984000
3.990010
-3.966771
3.984224
-3.972786
-3.906276
-3.987521
-3.978928
3.987388
-3.933911
3.976162
-3.990012
-3.969249
3.986309
3.992256
3.982172
-3.981341
-3.834739
-3.968024
3.981618
-3.984395
-3.971677
3.260750
3.977109
-3.986517
3.962857
-3.962964
-3.974298
-3.750479
3.974634
3.972766
-3.979136
-3.989892
-3.994091
3.978881
3.931276
3.985373
3.969707
3.996149
3.980211
3.975809
-3.978808
3.985200
3.979976
3.992772
3.971043
3.982977
3.985702
-3.969101
3.969889
-3.971294
3.934684
-3.982856
-3.990259
3.979006
3.984521
-3.964985
3.973194
-3.984158
3.916936
-3.987952
-3.983964
3.976759
3.972086
-3.933587
3.980888
-3.988015
3.983162
-3.971363
3.980033
-3.969909
-3.974926
-3.990583
3.960485
-3.972232
3.988213
3.983301
3.970081
3.989865
3.982146
-3.989220
-3.986554
-3.983857
3.974271
3.979472
3.988569
3.987165
3.993354
-3.994856
3.984502
3.976481
-3.971952
3.970647
3.968786
-3.994328
-3.955882
3.893008
-3.818803
3.984851
-3.975098
-3.990037
-3.994620
-3.979342
3.972425
3.975803
3.977318
-3.996360
3.985453
3.994531
3.958838
-3.967103
3.983096
3.976541
-3.963717
3.979988
-3.991392
3.983377
-3.983572
3.951286
-3.971653
-2.800919
3.970565
-3.981820
-3.988508
-3.934075
3.978597
-3.973337
-3.986560
-3.984461
-3.978177
-3.980810
-3.996084
-3.981290
-3.965893
-3.979166
3.980689
-3.989894
3.985356
3.973482
-3.931663
-3.985572
-3.994659
-3.993085
-3.992997
-3.980902
3.993538
-3.987197
3.980713
-3.977401
3.993264
3.966994
-3.969932
-3.994729
3.981440
-3.962971
3.990219
-3.970886
3.958079
3.958697
3.969557
3.992266
3.985789
3.983829
3.978133
3.969672
-3.974475
-3.984357
3.984524
3.993535
-3.977490
3.978052
3.993654
3.993351
-3.991667
3.963504
-3.993197
-1.387845
3.965031
-3.977704
-3.967272
3.937253
3.935465
3.723061
-3.982467
-3.960850
3.972149
-3.947585
-3.949772
3.966095
-3.983332
3.965644
3.984073
-3.994793
-3.981149
-3.979583
-3.985245
-3.984144
3.983612
-3.918862
-3.972834
3.988402
3.976639
-3.871273
3.995170
-3.969145
3.955080
3.978607
-3.990454
3.981029
3.969333
3.990166
3.917481
3.993216
-3.985763
3.988993
3.970389
3.953236
-3.982999
-3.986638
-3.958035
-3.965067
3.769435
3.980005
-3.981924
3.976939
-3.986378
3.988485
-3.962990
-3.979130
-3.985289
3.986265
-3.984658
3.977799
3.991087
3.978535
3.994730
-3.976300
-3.986593
-3.992288
3.974435
-3.989240
-3.989957
3.981591
3.986516
-3.980143
-3.975210
-3.993696
3.976380
-3.986556
3.983377
3.995425
-3.985446
3.984701
-3.859106
3.981463
-3.970629
-3.984448
3.981806
3.949680
-3.985112
-3.971668
3.983654
-3.787848
-3.976628
3.969584
-3.983870
-3.985472
-3.983930
-3.942957
-3.994902
-3.991315
3.959667
-3.987373
-3.963886
3.843948
-3.921846
3.991375
3.948974
3.967845
3.975723
-3.971274
3.973873
3.924299
3.990247
-3.993386
3.989502
-3.988594
-3.980432
-3.988362
3.984248
-3.978923
-3.989046
3.985613
3.984279
3.975781
-3.977307
3.945317
2.175071
-3.994733
3.963608
-3.994161
3.995004
-3.966073
3.987803
-3.983970
3.967974
3.990154
-3.929805
-3.965261
-3.982467
-3.963515
3.977773
3.971220
3.987433
3.987472
-3.968657
-3.989947
3.961998
-3.990963
-3.967105
-3.987324
3.929555
3.940984
-3.988596
3.886937
3.986817
3.978935
-3.919479
3.989196
-3.983787
3.973852
-3.971172
3.979014
-3.991028
3.976938
3.991087
3.772374
-3.978843
-3.984719
3.990487
3.974296
3.976918
-3.984412
3.987006
-3.987340
3.971363
3.979185
3.967308
-3.988657
-3.982906
3.988037
-3.989677
3.996277
3.958252
-3.993817
3.968927
-3.958285
-3.989038
3.982101
3.995849
-3.960539
3.990947
-3.985887
3.987345
3.962122
-3.970692
3.884326
-3.983375
-3.964877
-3.985568
3.968197
3.994759
3.995217
3.862588
-3.966466
3.988053
-3.882181
3.977640
-3.984831
3.985182
3.992983
-3.985330
3.978140
-3.930956
3.978888
-3.962079
-3.970059
3.990789
3.918359
3.990736
3.977718
3.990865
-3.973542
3.985802
-3.969917
-3.969110
3.972098
3.973597
3.929950
3.985262
-3.958736
-3.994590
3.974033
-3.975676
-3.970979
3.983501
-3.890229
3.979764
-3.922842
3.988855
3.971145
3.910747
3.985022
3.975669
-3.916266
3.982996
-3.959993
3.988436
-3.991013
3.720394
3.965427
3.986070
3.955392
3.991159
3.981260
3.974017
-3.970588
-3.976733
3.978220
-3.975529
-3.985712
3.985231
-3.971132
-3.993741
-3.981278
-3.987965
3.984067
-3.988897
3.990705
-3.964415
3.994066
3.978766
3.993085
3.964916
-3.985812
3.985699
3.962546
3.964527
3.912331
-3.979023
-3.969548
-3.929112
3.973285
-3.970746
3.994697
3.959555
3.962442
3.984485
-3.985392
-3.938653
-3.986099
-3.986249
-3.948376
3.975413
-3.995131
3.984777
3.980117
-3.987433
3.982070
2.067992
3.989685
-3.995623
3.992299
3.983311
3.971229
3.987924
-3.979641
3.980952
3.986070
-3.943400
-3.975183
3.969637
3.984035
-1.691198
3.892787
3.988439
3.989582
-3.991735
3.946887
-3.978011
-3.980196
3.977894
3.990918
3.842405
-3.986149
-3.991100
3.948157
-3.958699
3.992230
-3.979537
3.988493
-3.993256
3.954146
3.960207
3.974376
3.927912
-3.989764
-3.974556
3.974247
-3.697664
3.973857
-3.952548
-3.980297
-3.978336
-3.982303
-3.980422
3.946829
-3.989077
3.989203
3.965583
3.977813
-3.976811
-3.788477
-3.972933
3.990503
3.973415
-3.986965
-3.985440
3.985118
3.981588
3.978956
3.963827
3.982180
3.986657
-3.980763
-3.979856
-3.974171
-3.985091
3.973097
3.980926
-3.971741
3.970196
3.979799
3.942085
-3.924532
-3.984312
3.988821
-3.987999
3.983222
-3.969082
3.965405
3.989546
3.980335
-3.988194
-3.974871
3.992120
3.362371
3.965138
-3.985284
-3.976569
-3.962136
3.953633
-3.991488
-3.987225
3.991088
3.965082
3.978463
3.989387
3.976396
-3.980617
3.976375
-3.994501
-3.991085
3.994211
-3.976044
-3.990552
3.977231
3.992436
3.983488
-3.974254
-3.993432
-3.919638
-3.931943
3.977637
3.963943
-3.985637
-3.977266
-3.971721
-3.988423
3.965610
-3.945682
3.974988
3.991217
3.969033
3.969247
-3.967934
-3.970363
-3.967999
3.984827
-3.985580
-3.987022
-3.955130
-3.970596
3.955884
-3.989563
3.988947
-3.943810
-3.995388
3.990748
-3.374401
-3.942737
3.966166
3.821542
-3.987297
-3.944542
-3.955766
3.992237
-3.962139
3.969281
3.970620
-3.995845
3.988137
3.979515
3.977806
3.982588
-3.971247
3.966471
3.979929
3.985628
-3.939636
3.972386
3.994347
3.975089
3.988499
3.975557
3.961587
3.913749
3.967020
-3.992623
-3.963334
-3.817291
-3.966325
3.978380
-3.964000
3.875483
3.975972
-3.970771
-3.970912
3.942408
-3.970477
3.994199
-3.972407
-3.969434
3.990715
-3.973064
-3.985348
3.990777
3.983219
-3.987506
-3.990083
3.973824
3.992218
3.987077
-3.976228
-3.982566
3.981669
3.988309
-3.965699
3.983250
3.974857
-3.980798
3.994540
3.988121
3.987871
3.969796
-3.980418
-3.919788
-3.993793
3.993452
-3.991079
3.977243
-3.977206
-3.994479
3.985191
-3.989086
3.987610
-3.975531
3.970123
-3.981826
-3.979869
-3.986685
-3.984251
3.986103
-3.982997
3.984828
3.960702
3.989079
-3.964394
-3.966862
-3.980861
-3.971897
-3.988373
-3.974878
3.983148
-3.955803
-3.970834
-3.964282
-3.991658
3.893431
3.986019
3.969335
3.989585
-3.970393
3.983924
-3.977270
-3.976457
3.980300
-3.980861
-3.982975
3.978760
3.986695
3.986408
-3.980735
3.976466
-3.992533
-3.996600
-3.976203
-3.968806
3.987906
-3.971337
3.962797
-3.991635
-3.971785
-3.852503
-3.967765
3.977941
3.988896
-3.982860
3.872804
3.986202
3.937180
3.990427
-3.982687
3.991822
-3.988894
3.991443
3.962747
3.992926
-3.991990
-3.988217
3.974110
-3.955570
-3.992096
3.977667
-3.954504
3.979431
3.976856
-3.991862
3.975938
3.980638
3.982537
3.973520
3.972087
-3.971342
3.984622
-3.978680
-3.949267
3.987736
-3.986313
3.995576
-3.985929
-3.961785
-3.982361
3.986471
3.971877
3.984670
-3.966385
1.738586
3.985488
-3.976585
-3.959503
-3.970375
-3.928833
-3.983862
-3.977027
-3.988855
-3.987087
3.969074
3.972924
3.967933
-3.976307
3.986811
-3.986635
3.962299
3.922625
3.994602
3.959118
-3.868090
-3.951308
3.970188
-3.980825
3.992410
3.985987
-3.987458
-3.979799
3.990116
3.949343
-3.952670
3.969726
3.981484
3.987270
-3.991437
3.972805
3.993545
3.958814
-3.965110
-3.984890
-3.978123
-3.966734
3.995719
3.965134
3.985717
-3.947717
-3.987476
3.978763
-3.986247
3.896219
3.989867
-3.961633
-3.991263
3.964695
3.966046
-3.978266
3.980253
-3.990004
-3.968588
3.966692
3.962412
-3.989900
3.989375
-3.992238
-3.963119
-3.963263
3.861057
-3.984234
-3.928408
-3.981182
3.993138
-3.961584
-3.965496
3.971024
3.973844
3.984718
-3.977811
-3.988165
-3.948464
-3.970181
3.994167
-3.980871
-3.978543
3.979579
-3.968064
-3.988290
-3.931793
3.972004
3.986024
3.964968
3.995999
3.991916
3.977604
3.806773
3.968262
-3.956670
3.963171
-3.990606
3.969209
-3.278072
-3.991642
-3.985178
3.988811
3.981885
3.982966
-3.985020
3.987306
-3.974749
-3.986955
3.969897
3.993030
-3.987050
-3.992638
3.977452
-3.991752
3.995753
3.985363
3.959985
-3.979132
3.982174
3.989863
3.988768
3.984688
-3.975283
-3.974846
-3.990139
-3.979081
3.990398
-3.973196
3.961906
3.978748
3.956928
3.941876
3.994699
3.980379
3.973110
3.988019
3.983281
-3.988588
3.976235
3.993035
3.974966
3.981219
3.901054
-3.977195
3.990187
-3.986361
-3.993991
-3.990133
3.950116
3.991849
-3.980231
-3.913294
-3.970747
3.985039
-3.988532
-3.960033
3.976959
3.990024
3.987703
3.994437
3.993086
-3.976187
-3.968346
3.976199
-3.987535
-3.992400
-3.985195
3.935046
3.990885
-3.918473
-3.989989
-3.985567
-3.969701
3.978442
-3.965932
3.992301
-3.988315
3.983538
-3.975197
3.981841
-3.965702
-3.963546
3.995850
-3.970331
3.968519
3.990849
-3.961494
3.993017
3.969490
3.977316
3.973848
-3.978483
-3.989380
-3.985031
3.995571
-3.986538
-3.987473
3.990386
-3.971699
-3.976543
-3.968028
3.987577
3.971719
-3.975334
-3.970127
-3.939893
3.971529
3.937088
3.989276
3.940271
-3.985058
-3.964847
3.978690
3.987491
3.988219
3.969434
3.963036
3.959307
3.993984
3.964050
3.982405
-3.976598
3.990260
3.986110
3.974653
-3.936466
3.985152
3.899570
-3.983102
-3.958667
-3.988653
3.974722
-3.964344
3.986701
3.974510
3.991402
-3.967871
3.956977
3.988066
3.990376
3.991048
3.964418
-3.962444
-3.909257
3.830902
3.967239
3.993803
3.954264
3.981049
3.970628
-3.990155
-3.986530
3.968074
3.924289
3.964891
-3.970172
-3.980532
3.976088
-3.993856
3.948405
3.975211
-3.983057
3.987620
-3.989417
3.975056
-3.976839
3.967053
-3.962720
-3.962483
-3.984310
3.989644
3.979650
-3.976611
3.984291
3.972607
-3.982780
-3.970381
-3.978517
3.959491
3.855936
-3.975981
3.980399
3.993656
3.990410
-3.985815
-3.968710
-3.973428
3.963302
3.967292
3.981583
3.967622
3.985081
3.981101
-3.991574
3.968245
-3.971329
-3.985815
3.917165
-3.979300
-3.907385
3.977300
-3.985276
3.988912
-3.969034
3.968649
3.981788
3.988118
3.985592
-3.988957
3.993013
-3.989836
3.925235
-3.858866
3.946686
-3.979321
-3.935599
-3.979847
-3.972243
-3.961847
-3.974935
-3.984007
-3.960305
3.990980
-3.984931
-3.952308
-3.991536
-3.980720
3.979276
-3.965680
-3.977607
-3.961744
3.982160
-3.992607
3.870253
3.984335
3.972324
3.970509
3.919390
-3.993345
-3.978184
3.983235
3.982361
-3.985920
-3.970077
-3.993858
-3.968570
-3.973657
3.965849
3.961127
-3.986645
3.995063
-3.983165
3.636661
3.992000
-3.982139
3.942907
-3.962021
3.964446
-3.993196
-3.984530
-3.989806
-3.981169
3.976748
3.985312
-3.987823
-3.963221
-3.994387
3.973208
3.984599
3.987888
3.969684
-3.972278
-3.980596
-3.978062
-3.964802
3.975561
3.956433
-3.978885
-3.976816
3.972388
3.948640
3.953739
-3.968211
-3.975594
-3.973708
-3.976552
-3.979202
-3.992101
-3.989271
-3.982820
-3.984222
3.989295
3.978799
3.982903
-3.965143
-3.969596
-3.978322
3.983897
-3.991207
-3.975349
3.989439
-3.970932
3.968729
3.970614
-3.959477
-3.984555
3.984524
-3.971275
3.914607
3.985800
3.973070
3.984460
-3.989955
3.971967
-3.976333
-3.985666
-3.974333
3.974684
3.973158
-3.982004
3.978566
3.990060
-3.981720
3.973371
3.975343
3.971598
-3.995039
-3.988422
3.949811
-3.978048
-3.958102
-3.990285
-3.989857
-3.980774
-3.979800
-3.712802
-3.987824
3.977865
-3.975698
-3.979727
3.987781
3.993754
3.994447
-3.982060
-3.989518
-3.782335
-3.962940
3.978449
-3.970718
3.929001
3.873040
3.976276
-3.968750
3.988774
3.942756
3.980656
-3.976458
-3.942776
-3.632049
3.985898
-3.980216
-3.988352
-3.991750
3.986951
3.982365
-3.996387
3.928094
-3.992962
3.979669
-3.994420
-3.983640
-3.977006
3.981925
-3.993502
-3.987813
-3.980314
-3.993629
3.989347
-3.927553
-3.971947
3.973654
3.955296
-3.983560
-3.952957
-3.969200
-3.262068
-3.948300
3.978206
3.991178
3.975257
-3.989352
-3.984333
3.988384
3.974859
3.988099
3.991775
-3.992326
-3.978650
3.977826
3.976214
-3.993734
3.988090
3.976966
3.965142
-3.994625
-3.972475
3.976150
-3.986406
-3.971642
-3.969441
3.947282
3.963185
3.989455
3.994522
3.981391
-3.994213
-3.958480
3.987710
3.955473
-3.968902
3.949235
3.978895
3.992720
-3.989783
3.950077
3.959055
3.943500
3.871036
-3.984422
3.993404
3.983683
-3.972037
-3.979136
-3.990148
3.962962
3.980506
3.975192
3.895733
-3.980270
-3.982106
-3.978405
-3.965604
3.992026
-3.976197
-3.992946
3.982452
3.985661
3.983366
3.972310
3.980656
3.976683
3.987118
-3.977530
-3.976315
-3.974476
-3.974085
3.920616
-3.974347
-3.980870
3.970564
3.991259
-3.975906
3.981075
3.991005
3.995412
3.990300
-3.972003
-3.988239
-3.984649
3.984101
-3.966526
3.979204
3.990406
3.986614
3.986459
3.986022
3.980287
3.983883
3.975054
-3.834121
3.977330
3.984259
3.960854
3.979820
-3.995033
3.986864
3.971341
3.984367
3.977289
3.876809
3.927645
3.966471
3.972339
3.971189
-3.979305
-3.975485
-3.978771
3.994128
3.955255
3.946855
3.956207
-3.972896
-3.990353
-3.980464
3.972076
3.959450
3.981143
3.990168
3.977236
3.976538
-3.982510
-3.972898
3.968013
-3.975569
-3.986091
-3.988310
3.981772
-3.980286
3.994655
-3.972516
-3.844668
-3.983827
-3.946091
-3.947296
3.979562
3.980268
-3.887053
3.980919
-3.970257
3.970368
3.980892
-3.982813
3.995040
3.976929
-3.973778
-3.991852
-3.972540
3.982320
-3.980349
3.989596
-3.976579
3.984217
3.980436
-3.978181
3.857325
3.943260
-3.975743
-3.940775
-3.996379
-3.979410
-3.979577
3.993350
3.970657
3.992105
-3.964758
-3.977127
-3.985732
3.978905
-3.977728
-3.991802
-3.973572
-3.963796
3.971992
-3.990829
-3.981910
3.985012
-3.959568
3.971625
3.981897
3.985266
-3.975147
3.943278
-3.982475
-3.933081
3.991922
-3.980767
-3.984087
3.970649
3.977557
3.990467
3.980518
-3.982522
3.976949
3.949508
3.979225
-3.969194
-3.952383
3.889618
3.952649
3.995061
-3.986898
-3.948171
-3.983614
-3.972139
3.966681
-3.869620
-3.960627
3.979120
-3.713806
-3.970204
-3.991434
3.975125
3.976961
-3.964331
3.939945
-3.983574
-3.985972
3.895672
3.993632
-3.983906
-3.986539
-3.963608
-3.983565
3.950204
-3.954099
-3.988080
3.979521
-3.789278
-3.960738
3.985046
-3.970775
-3.995255
-3.893173
-3.989553
3.979807
-3.989955
-3.988557
-3.991972
-3.974489
3.977903
-3.994054
3.992375
3.983670
-3.984974
3.982678
-3.972483
3.982001
-3.977263
3.957320
-3.981654
3.957128
3.977607
3.963250
3.939187
-3.984599
3.868469
-3.991705
3.962961
-3.983687
3.992675
3.963902
-3.977004
-3.989918
3.966366
3.992439
-3.992386
3.989491
-3.962046
3.988126
3.973551
-3.988959
-3.987738
-3.995604
3.979319
-3.940054
3.987306
3.963573
3.977503
3.984255
3.993296
3.977866
-3.932389
-3.935557
3.993798
3.669825
-3.962886
3.983358
-3.976769
3.969834
-3.983902
3.989538
-3.963348
3.990563
3.986608
-3.969747
-3.984896
-3.990033
3.969220
-3.982559
3.977966
-3.957831
-3.989123
3.983375
-3.982333
3.990719
-3.971212
3.991634
-3.981871
3.967557
-3.920033
-3.991477
3.963869
3.992723
-3.964571
3.959334
-3.765679
3.983184
-3.982401
3.976292
-3.983774
-3.970184
3.986442
3.994720
-3.958143
-3.990585
-3.975899
3.979486
3.983038
-3.961916
3.987508
-3.978492
-3.983426
3.985951
3.991137
-3.983053
-3.953482
3.936991
-3.970950
-3.969518
-3.994149
-3.968955
-3.971468
-3.990336
-3.988720
-3.973991
-3.940618
3.973630
3.976483
-3.966574
3.972541
3.976252
-3.987350
-3.965436
3.981634
-3.972238
3.966819
3.990036
3.996748
-3.573463
-3.943572
-3.977260
-3.990213
3.975718
3.982935
-3.981030
-3.993673
-3.981862
3.972889
-3.992386
3.941787
-3.978928
3.973363
3.982155
-3.980169
-3.990480
3.794007
3.972176
3.983902
3.978444
-3.931667
3.947297
-3.991700
-3.986399
3.972452
-3.958452
-3.979044
3.984032
3.981787
-3.962933
3.971026
3.955549
-3.986914
3.974565
3.973731
3.993920
-3.974111
3.948766
-3.990194
-3.978948
-3.982480
3.971585
-3.971936
3.990189
3.954339
3.936307
3.977243
3.971770
3.976109
3.990833
3.971401
-3.978286
-3.990590
-3.978985
-3.980536
3.986768
3.966219
3.936118
-3.983291
-3.985046
3.992409
-3.879979
3.966809
3.977587
-3.988892
-3.986125
3.978876
-3.973444
-3.981009
3.979077
-3.975766
-3.924819
3.934235
-3.992757
3.965071
-3.920123
3.752052
3.991067
3.957291
3.981056
3.973053
-3.795910
-3.975686
3.975319
3.977751
3.971133
3.969731
-3.995014
3.969715
-3.980011
3.993671
3.982553
3.955399
-3.978074
3.971948
-3.970300
3.972540
-3.987221
3.987773
3.986617
-3.990500
3.989625
3.984498
-3.970722
3.985691
3.990335
-3.993719
3.987015
-3.986818
3.990274
-3.977669
3.969256
3.980653
3.972621
-3.981917
-3.987095
-3.796662
3.967330
3.986668
-3.988529
-3.977146
3.977147
3.958003
-3.957958
-3.986082
-3.986359
-3.935485
3.980094
-3.979002
3.966080
-3.985179
3.949509
3.970411
3.975721
-3.968915
3.966845
3.991175
3.991177
-3.972111
-3.975332
3.993937
3.991488
-3.973382
-3.980689
3.995556
3.984470
3.984867
3.975766
-3.986109
-3.077039
3.986938
-3.981567
-3.991787
3.970888
3.979226
-3.892425
3.983249
-3.987180
3.981388
-3.977463
-3.939860
-3.994235
-3.981486
-3.981722
3.993096
-3.986600
3.938539
-3.980897
3.975876
-3.984397
-3.975333
3.815317
3.982542
3.957706
-3.973006
-3.984294
-3.952135
3.983759
-3.966954
-3.984065
3.987294
3.977429
-3.992397
3.980095
3.900675
3.987752
-3.976542
-3.980660
3.930352
-3.977080
-3.994650
3.978059
3.984231
3.980295
-3.964840
-3.988080
3.977204
-3.982578
-3.924582
3.989136
-3.973464
3.953926
3.988048
-3.974863
-3.984640
-3.970946
3.991520
3.977518
3.939671
3.976520
3.951729
3.977607
-3.972317
3.987452
-3.979874
-3.526472
-3.966828
3.989807
3.987485
-3.991407
-3.987191
-3.959884
-3.968407
-3.971860
-3.967646
3.981035
-3.980063
-3.982395
-3.977279
-3.978661
3.954412
3.977332
-3.967532
3.947813
3.977731
3.848077
3.946926
-3.950286
3.977229
3.940556
-3.986854
-3.920469
3.970632
-3.990850
-3.489262
3.848711
-3.978696
-3.966651
3.978547
-3.972878
3.978268
-3.993891
-3.983498
3.987588
-3.994667
3.993926
-3.966959
3.962453
-3.982559
-3.972906
3.992430
-3.985925
-3.943964
-3.993752
3.980609
3.968358
3.986474
3.977725
-3.985209
-3.958960
3.989695
3.980630
-3.937102
3.962821
-3.986200
3.988259
-3.991360
-3.990018
3.972943
-3.955152
-3.992449
3.990399
-3.984014
-3.987363
3.985744
-3.979771
-3.974591
3.956905
3.978165
-3.972283
3.983010
-3.984589
3.981294
3.967304
-3.981216
3.973588
-3.981374
-3.973611
-3.994332
-3.978232
-3.949326
3.956758
-3.965219
3.973451
3.966750
-3.986086
3.982434
3.986794
3.973735
-3.980103
3.991943
-3.969206
3.966807
-3.981448
3.985396
-3.951342
-3.976528
1.504950
3.982834
3.957485
3.982043
-3.987377
3.948119
-3.976530
-3.975729
3.955240
3.950414
3.980759
-3.937609
-3.987622
-3.973930
3.982556
3.987598
-3.984769
-3.951459
-3.988742
-3.987191
3.873618
3.995127
-3.972614
-3.969168
-3.989538
-3.986435
3.978093
-3.976379
3.969109
-3.993263
3.959746
-3.954524
-3.987378
-3.921805
-3.993101
-3.981985
-3.948849
-3.993750
-3.983227
-3.964225
-3.973195
3.982309
3.994911
3.984442
3.967964
3.980754
-3.948572
3.938282
3.986089
-3.987834
3.972638
3.962005
3.979621
3.906545
3.992968
-3.962782
-3.982881
-3.951813
-3.975330
-3.988031
-3.990964
-3.976637
-3.988258
3.983612
3.977421
-3.935531
-3.988375
-3.981774
-3.902469
3.993292
-3.990762
-3.981318
-3.993142
-3.980921
-3.975441
3.974094
3.990475
-3.985152
3.971133
3.944938
-3.991162
3.973168
3.956441
-3.772207
-3.981700
3.979605
3.993542
3.979008
-3.989404
-3.982035
-3.980060
3.958232
3.996190
-3.978357
3.983780
3.990379
3.981995
3.982212
3.972353
-3.979561
-3.985951
3.982639
-3.975958
-3.991932
3.991490
3.982477
-3.973857
3.965337
-3.978048
3.978625
-3.976029
3.937006
3.968848
-3.978671
-3.985783
-3.983216
3.982497
3.960025
3.955177
-3.972101
3.887237
3.980850
-3.964591
-3.858027
3.975233
-3.983364
3.982558
-3.992933
-3.981809
-3.972860
3.972343
3.984049
3.981561
3.975551
-3.948926
3.975489
-3.987353
3.989194
3.979320
3.958337
3.981623
-3.939764
3.975510
-3.985007
-3.960029
-3.973601
-3.981616
-3.984581
-3.974425
3.936659
-3.988311
-3.971947
-3.996092
-3.965236
-3.763652
3.984897
-3.983295
3.986734
-3.979716
-3.994337
-3.987907
3.992286
3.972430
3.990617
3.979595
3.978934
3.990189
3.988704
-3.994888
3.978141
3.988741
-3.987271
-3.988475
-3.943460
3.968354
3.963665
3.971970
-3.971643
3.987694
-3.952128
-3.967501
-3.892048
-3.979504
3.952678
3.988168
-3.981341
-3.925272
-3.980860
3.980916
3.984840
3.986621
3.987007
3.961068
-3.971815
-3.959619
3.994459
3.989966
-3.981430
-3.976626
3.990945
-3.981519
3.934759
-3.972863
-3.975447
3.977255
3.988662
-3.993259
-3.983691
-3.968309
-3.963222
3.988308
3.982344
-3.978062
-3.980770
-3.973592
3.887030
-3.987013
3.993353
3.971845
3.996329
-3.929467
3.986286
3.978464
3.992495
3.987107
3.986532
3.982453
-3.990516
-3.934456
3.972884
-3.985480
-3.959384
3.959733
3.976415
-3.985194
3.956653
3.971223
3.986458
3.974378
-3.983851
-3.988861
3.959293
-3.982881
-3.983357
-3.976405
-3.961702
-3.990253
3.992246
-3.977260
3.988280
3.955303
3.989946
-3.988620
-3.969425
-3.988946
3.980599
3.961600
-3.958115
-3.980529
-3.962623
-3.987220
3.981063
3.970842
-3.985484
3.981833
3.964767
3.983873
-3.971171
3.915073
3.947128
-3.988834
-3.967938
-0.543697
-3.975198
-3.978742
3.967336
-3.952323
3.992658
3.957747
3.972202
-3.980556
-3.979906
3.992044
-3.992166
-3.973411
-3.938114
-3.981205
-3.980335
-3.983745
-3.977568
3.916235
3.966870
-3.985689
3.973609
-3.980217
-3.989373
3.987765
-3.964878
-3.982687
3.968425
3.969604
-3.985362
-3.986806
3.970748
3.980037
3.965914
-3.991730
3.982494
3.979332
3.980612
3.969052
3.988695
-3.853915
3.991016
3.970353
3.972452
-3.970256
3.958742
-3.985230
-3.970701
3.976675
-3.918034
-3.946083
3.979353
-3.983375
3.994896
3.954626
3.973736
-3.974303
3.983796
3.962409
-3.929937
-3.981182
-3.987568
3.983435
-3.984010
-3.973460
3.956492
3.966816
-3.987727
3.970913
3.875209
3.970621
-3.989944
3.980308
-3.981685
-3.975668
-3.963903
-3.985032
3.963975
3.962103
3.987383
3.984405
-3.979253
-3.965544
3.976100
-3.971242
3.979148
-3.978938
-3.973663
-3.982878
3.991906
3.971340
3.970725
-3.969112
3.929683
-3.985507
-3.988017
-3.994427
3.981810
3.983310
3.984971
-3.985242
-3.971828
3.953025
-3.994152
3.986511
-3.962521
3.986610
3.983295
-3.974350
-3.985111
3.952712
-3.969801
3.805456
3.937610
-3.991479
3.966720
3.939528
3.984183
3.982738
-3.980198
-3.982874
3.950270
3.962536
3.921900
-3.990310
3.980738
-3.993481
3.971161
3.995278
3.971220
3.978118
-3.991613
-3.970131
-3.986567
3.962374
3.983331
-3.963424
-3.949499
-3.968173
-3.974082
3.992340
-3.974553
3.975832
3.979296
3.976511
-3.985887
3.978770
3.984335
3.990134
-3.985658
-3.971000
3.953653
3.983719
3.991570
3.976709
-3.984839
3.978967
-3.975977
3.982685
3.973124
3.954582
3.987565
3.950335
3.976928
3.995924
3.988358
-3.972668
3.985289
3.985795
-3.988658
3.984119
-3.958841
3.979410
3.990151
3.991916
-3.977860
-3.975042
3.971938
-3.981085
3.981925
3.981625
3.990388
-3.966588
3.967625
3.989447
3.899484
-3.993339
-3.986334
3.974925
-3.980709
-3.955160
3.973120
-3.985991
3.952032
-3.969009
-3.978924
-3.823679
3.964802
-3.982212
3.970311
3.977634
-3.980101
-3.993059
-3.986208
-3.989018
3.969888
-3.941990
3.980444
3.963336
-3.980143
-3.900384
-3.996422
3.980841
3.992661
-3.995075
-3.983994
3.966372
3.965360
3.987083
-3.945198
-3.763765
-3.977742
-3.993947
3.832748
3.961781
3.973375
-3.810985
-3.985969
-3.893512
-3.988024
-3.981124
-3.990765
-3.983791
-3.988216
3.976059
-3.989620
-3.972431
3.977713
-3.981292
3.983990
3.981060
-3.964752
-3.986043
3.982483
-3.978638
-3.966011
-3.979820
-3.939851
3.984024
3.984904
3.989158
3.980183
3.940610
3.919861
3.964304
3.988088
-3.952378
3.973826
3.969558
3.954457
-3.973357
3.988807
3.708446
-3.972370
-3.975769
-3.966681
3.982060
-3.958304
-3.990257
3.976374
3.901987
3.969124
3.806742
3.986825
3.980929
-3.979204
-3.968860
-3.976602
-3.988369
3.965441
-3.993456
3.952474
-3.984422
3.851138
-3.995092
3.994729
3.964876
-3.992007
3.991554
-3.948882
3.974054
3.954125
3.962765
3.982767
-3.989856
3.996745
3.970544
-3.889959
-3.953032
3.928104
3.974097
-3.989649
-3.972297
3.967583
-3.991785
-3.991924
-3.991547
-3.981047
3.983419
3.989997
-3.960895
-3.962145
3.968870
3.988279
-3.971334
3.954568
3.739805
3.977232
-3.964812
3.994229
3.987389
-3.992293
-3.977191
3.975724
3.981453
3.993051
3.974182
3.979005
-3.944848
3.959947
3.966853
-3.974338
-3.962056
3.951364
3.972955
-3.966013
-3.926720
-3.967356
-3.960555
-3.972030
-3.994950
-3.981956
-3.980731
-3.950418
-3.983365
3.977444
-3.975035
-3.982720
3.978645
-3.964766
-3.966400
3.992180
3.986760
3.995180
-3.970982
3.924602
-3.974006
3.973880
3.990172
3.927750
3.990110
3.894088
-3.976039
3.969150
3.990097
-3.976162
-3.838362
-3.987428
3.970443
-3.976236
-3.978519
-3.993652
3.983909
-3.962927
3.975468
-3.980230
-3.910613
3.988454
-3.960430
3.985941
3.885219
-3.862532
3.927619
3.959207
-3.995533
-3.986281
-3.954598
-3.953119
3.985205
3.983015
3.977417
3.974476
-3.979797
-3.995475
3.986869
-3.986583
3.959476
-3.975074
3.974188
3.976000
-3.985185
-3.969881
3.977669
-3.969748
-3.989291
3.989607
3.988675
3.991915
-3.951677
3.979872
-3.964418
-3.972606
3.979373
3.978611
-3.983364
3.956298
-3.991367
-3.993975
3.974315
-3.959252
-3.986434
-3.983178
-3.971544
3.981287
-3.991439
-3.970938
3.975124
-3.978354
-3.975881
3.957562
-3.952177
-3.990401
3.946385
3.982947
-3.982975
-3.956576
3.993644
3.978579
-3.990087
-3.970853
-3.986150
3.992264
-3.967085
3.969660
-3.957734
3.970494
3.987271
3.969546
-3.874322
3.982335
3.910698
-3.966191
3.987071
3.974725
3.955340
3.982285
3.991142
3.984782
3.977933
-3.979812
-3.984661
-3.963546
3.985238
3.979296
-3.955110
3.959204
3.966162
3.995346
3.972678
-3.961564
3.990160
3.972185
3.983899
-3.968709
3.996074
-3.988919
-3.979895
-3.987219
3.966196
3.969347
3.991672
3.989957
3.979268
-3.992483
-3.957752
-3.946620
-3.959540
3.966193
3.969649
-3.994354
3.994700
3.979743
-3.987184
-3.989276
-3.948626
-3.989390
-3.974198
3.991088
3.989117
-3.936677
3.961967
3.986119
-3.960166
3.980651
3.974748
-3.969211
-3.991148
-3.977323
-3.993020
-3.910881
-3.987624
3.972543
3.979042
-3.957206
-3.992424
-3.896571
3.987389
-3.979499
3.961068
-3.986814
-3.984339
3.863428
3.936271
-3.992080
-3.977986
3.980121
-3.985121
-3.975524
-3.967689
3.987912
-3.989840
-3.975718
-3.981520
3.980251
-3.989920
3.982837
3.974076
3.963136
-3.983345
-3.978094
3.991281
3.980757
3.965724
3.949388
-3.982794
-3.979998
3.977053
3.974084
3.880790
-3.986069
3.971865
3.958229
3.973799
3.988265
3.991817
-3.976151
-3.951500
-3.946163
-3.987398
3.991753
-3.984708
3.965968
3.995677
-3.952043
-3.949898
-3.973445
3.992286
-3.985506
-3.991268
-3.986863
3.986768
3.995966
-3.939306
-3.236498
-3.990430
3.970515
3.988017
-3.986257
3.945351
3.977349
-3.985012
3.952783
-3.980382
-3.979195
-3.909127
3.987890
-3.983927
3.986469
3.986653
3.979843
-3.986620
-3.993081
3.981421
-3.986451
-3.985078
-3.995200
-3.994108
-3.992102
3.994078
-3.994787
3.995319
3.979614
-3.949716
-3.989402
3.947230
3.976934
-3.971014
3.932601
-3.988890
-3.990225
3.969121
3.995995
-3.501675
3.989785
-3.980280
-3.976796
3.986284
-3.970912
3.964375
3.982532
-3.920319
3.978132
3.898581
3.987220
3.989842
-3.993979
-3.969865
-3.948776
3.992699
-3.974919
-3.985265
3.991926
-3.977570
3.956426
-3.953236
-3.960578
-3.988478
-3.990417
-3.975463
-3.990334
3.973154
-3.974572
-3.984769
3.978172
3.987945
3.973949
-3.962101
-3.974024
3.943899
3.974123
-3.978552
-3.996622
-3.992612
3.982937
-3.989548
3.986195
3.966505
-3.988428
3.985913
-3.977890
-3.957839
3.972536
-3.968992
3.975337
-3.978877
-3.974241
-3.990031
-3.980685
3.973803
3.219865
3.970446
-3.955305
-3.920345
-3.968652
-3.986504
-3.976879
3.982313
-3.974796
3.935734
-3.992705
-3.947809
3.990782
-3.984699
-3.982509
3.986459
-3.975425
-3.954974
3.992670
3.790342
-3.992767
3.965316
3.969690
3.988018
-3.966122
-3.970395
3.991337
-3.974698
-3.955781
3.963360
-3.964790
-3.979302
3.975922
3.986201
-3.987178
-3.966697
3.984089
3.964307
3.995212
-3.959388
-3.970109
-3.960374
3.979976
3.990999
3.974265
3.984543
3.981150
3.873306
3.978172
3.969761
3.989957
3.901057
3.985331
-3.972690
3.977640
3.955212
-3.977900
3.988885
-3.983669
-3.961735
3.979238
3.972227
3.982294
3.976038
3.977936
-3.958526
3.962431
3.896518
-3.969804
-3.995763
3.931076
3.970399
-3.967130
3.981905
3.977638
-3.931497
-3.985075
-3.964372
3.988233
-3.979956
-3.963751
-3.913485
-3.964122
-3.981124
-3.991639
3.980456
-3.990878
-3.893210
3.983714
-3.970624
3.993802
3.978745
-3.970531
3.969218
3.976610
3.944022
3.962071
-3.990716
3.994104
-3.983543
-3.973404
3.972246
3.970649
-3.982502
3.987528
3.990477
3.967701
-3.979109
3.978765
-3.987236
3.962347
3.991746
3.973951
3.986465
3.969201
3.974980
3.983774
3.972533
-3.961169
3.959765
-3.948115
-3.981183
-3.995195
3.989677
-3.969708
-3.980830
3.929231
3.973116
-3.991109
3.991465
3.961839
3.984305
-3.970892
-3.963799
3.977894
3.991043
-3.895904
-3.958327
-3.952862
3.917123
3.981047
-3.991914
3.969862
-3.963891
-3.949401
3.962582
-3.985759
3.975932
3.959668
-3.977955
3.942669
-3.968777
3.980353
-3.992801
-3.963943
3.987946
-3.987328
-3.987005
3.973310
3.984495
-3.956997
-3.983575
3.986933
-3.977951
-3.976988
3.963968
-3.985965
-3.978249
3.993694
-3.954623
-3.817400
3.983441
3.969717
-3.981286
3.977680
-3.948822
3.982440
-3.971317
-3.954793
3.988670
-3.987034
3.961068
-3.981040
3.966009
3.989582
-3.993405
3.976570
3.976145
3.962614
-3.985615
3.983611
3.978688
-3.967220
-3.996026
3.973363
-3.980491
3.992921
-3.960146
3.986911
-3.964831
3.983757
3.971436
-3.969892
3.978188
3.986136
-3.944582
3.992810
-3.971700
-3.969746
3.978889
3.861097
3.996495
3.955745
3.944971
3.966851
-3.991386
-3.991204
-3.971177
-3.975385
3.976719
-3.983762
-3.994698
3.986980
-3.985144
-3.981500
-3.942992
-3.988451
-3.971695
3.971171
-3.983091
3.970016
-3.980844
3.983340
-3.952746
3.941404
3.965789
3.974178
3.976958
3.965197
3.974651
3.993056
-3.984098
3.976989
-3.987801
-3.978833
-3.975420
-3.974241
-3.991667
-3.993829
-3.983365
-3.976285
-3.984255
3.978635
3.983790
-3.973588
3.983479
-3.994262
3.965045
3.975658
3.982945
3.974657
-3.972884
-3.992886
-3.977738
3.976311
3.989949
-3.969802
3.988859
-3.980480
-3.964164
-3.954210
-3.984319
3.995429
-3.948317
-3.975256
-3.975613
-3.984558
-3.791741
-3.989934
-3.964982
3.949820
3.879344
3.990914
3.990617
-3.964272
3.958006
-3.970330
-3.983828
3.989326
-3.990548
3.984833
3.969961
-3.981229
-3.971145
-3.959313
3.978827
-3.982332
-3.988315
-3.986901
3.989393
3.971574
-3.976778
-3.975821
-3.989254
-3.983277
-3.986390
-3.940659
3.971690
3.787291
3.990300
3.954518
3.887972
-3.922264
-3.992787
3.981440
-3.959339
-3.982688
3.985089
-3.992199
3.849225
3.996399
3.988621
3.982265
-3.984680
3.973594
-3.967905
-3.987883
-3.980268
-3.992527
-3.979201
-3.964536
3.991278
-3.978724
3.982430
3.957362
-3.979910
-3.988765
-3.989672
-3.982184
3.970543
-3.987642
3.956339
-3.984351
3.968500
3.988184
3.991737
-3.969654
3.983960
3.971857
3.957930
-3.970518
3.983567
-3.943725
3.949460
-3.943416
3.987290
-3.960950
3.989079
3.990203
-3.946038
-3.976253
-3.986302
-3.954338
-3.963455
-3.978067
3.981952
3.967100
-3.987732
3.970550
-3.973502
3.983448
3.982275
-3.973833
-3.967275
-3.977876
-3.959523
-3.988874
3.977644
-3.990960
3.989876
3.916681
-3.980619
3.987437
-3.991438
3.973592
3.974369
3.970808
-3.989335
3.983089
3.966786
-3.960179
-3.958927
3.958694
-3.966013
-3.993037
-3.991378
3.972700
3.987530
-3.971068
3.993918
-3.886010
3.977937
3.977353
-3.982549
-3.991747
-3.986492
3.969429
-3.963474
-3.973768
-3.996147
-3.994589
3.995867
-3.786445
-3.960499
-3.989699
-3.991827
3.971216
3.963709
-3.985542
-3.968140
-3.980995
3.985505
-3.977146
-3.994230
3.977211
3.973262
3.989355
3.961756
-3.663808
3.981849
-3.964695
-3.765059
-3.982786
-3.984600
-3.963298
3.988710
3.977646
3.981142
3.957604
3.968654
-3.975732
-3.955659
3.995109
-3.966017
3.989053
-3.938522
-3.984312
-3.962484
3.989948
-3.987902
3.990075
3.975322
-3.989089
-3.983022
3.972499
3.953274
3.995440
-3.970521
3.981578
-3.993457
3.973920
3.942680
3.980021
-3.981410
3.977628
3.979940
-3.974109
-3.988286
-3.950841
3.939601
-3.991022
-3.982101
-3.990204
3.908059
3.983756
3.980235
-3.985149
3.990021
3.992529
-3.614838
3.972242
-3.982142
-3.982763
3.971934
-3.995125
3.969925
3.976189
-3.978006
-3.984093
3.980090
3.982335
-3.971187
3.972563
-3.989522
-3.932973
-3.972343
-3.983842
-3.986265
3.987493
3.988170
-3.970200
-3.985526
-3.967019
-3.966799
3.974614
-3.979514
3.952759
3.962664
3.975734
3.993006
-3.978280
-3.971925
-3.974130
-3.991792
3.988616
-3.985089
-3.976809
-3.982174
-3.988030
3.978862
3.991494
3.970624
-3.980191
3.981855
-3.986178
-3.954524
3.940510
3.974814
-3.992685
3.983490
-3.991380
3.970326
3.988179
3.981326
-3.990615
3.981230
3.989807
-3.978226
-3.993654
3.923060
3.955656
-3.907381
3.956926
-3.971540
3.992683
3.990731
3.970740
3.979952
3.979644
-3.977332
3.971147
3.787460
-3.951050
3.974926
3.931035
3.985347
3.994816
3.967044
-3.960352
3.952074
-3.958041
-3.933521
3.940288
3.993041
-3.975025
-3.975911
3.979025
3.982306
3.988954
3.977299
3.980296
-3.975438
3.960698
3.995870
3.975664
-3.994005
-3.949382
3.983488
3.992466
-3.984040
3.978156
-3.989756
3.971405
3.975837
-3.973525
-3.973435
3.978793
-3.987059
-3.983904
3.992677
3.963770
-3.988116
-3.992551
3.972050
-3.992944
3.973738
3.987598
-3.957644
3.900854
3.930354
3.976925
-3.970049
3.975856
-3.989792
3.974510
-3.991334
-3.986786
-3.984127
3.975883
-3.888937
-3.992658
-3.980286
3.993851
3.957317
-3.985702
3.980684
-3.995266
-3.977156
-3.991591
3.995716
-3.977479
3.965354
3.972503
-3.986701
3.992148
3.956399
3.989901
3.939116
-3.991525
3.974590
3.967264
3.992915
-3.973793
3.917318
3.942786
3.981270
3.974857
3.976496
-3.992646
-3.960113
-3.994512
3.993630
3.982310
3.990626
3.987901
3.968574
-3.972347
-3.956902
3.976736
3.989348
3.992135
3.976352
-3.971220
3.980480
3.788400
-3.989255
-3.984167
3.974495
-3.975995
3.959318
-3.986899
3.982622
3.975095
3.994390
-3.990692
3.987318
3.915540
3.975249
3.994609
3.977730
-3.994529
-3.991244
-3.980364
3.987823
-3.973864
-3.971364
-3.958449
3.991537
3.986666
3.971011
3.977059
3.978256
-3.988545
-3.992242
-3.936101
-3.984804
3.981526
-3.992868
3.974110
3.992651
-3.986707
-3.987876
3.982696
3.989847
-0.192036
3.984536
-3.983459
-3.970058
3.952610
-3.958146
-3.977834
3.977140
3.958287
3.991964
3.986254
3.983986
3.989449
-3.066216
-3.964429
-3.944667
-3.988833
3.989419
-3.989886
3.958225
3.967549
-3.970159
-3.966525
-3.995132
3.978767
3.970847
3.984919
3.957205
-3.983405
-3.967410
-3.986083
3.975131
3.969392
3.949072
-3.959342
-3.966792
-3.984658
3.970906
3.944484
3.874030
3.959672
3.973997
3.986898
3.950439
-3.989654
-3.984943
3.984025
-3.990333
3.959492
3.984854
-3.996005
-3.994417
3.982302
3.983814
-3.982149
3.984939
-3.980316
-3.904249
-3.983988
3.979050
3.984054
3.988671
-3.971982
-3.974916
3.992349
3.986207
-3.987540
3.988802
-3.986622
-3.977693
-3.989802
-3.971862
3.976488
-3.976064
3.895538
-3.983205
3.980191
3.964346
-3.969430
-3.993771
-3.981869
-3.986479
3.984698
3.980539
-3.985457
-3.976494
3.982786
-3.953833
3.982476
-3.979820
-3.981293
-3.983155
3.965616
-3.964841
3.967647
-3.980116
3.970238
-3.979316
3.985452
-3.985904
3.973578
3.963063
-3.987757
3.973872
3.943228
3.994570
3.967187
-3.964583
-3.988919
3.984145
3.986578
-3.981712
-3.996293
3.958431
3.972223
-3.978742
-3.957241
-3.995623
-3.964546
-3.900943
-3.972756
-3.993951
3.993828
3.981304
-3.980954
3.974398
3.982643
3.966274
-3.978220
-3.967741
3.974425
3.981088
3.989909
3.970487
-3.981124
3.990783
-3.954619
-3.993126
3.977804
-2.658392
3.975063
3.980159
3.992980
-3.987195
-3.935222
3.987246
3.989592
3.977147
-3.992012
3.991803
3.992524
3.927340
-3.991280
3.992010
3.964295
-3.990620
-3.219424
3.925878
3.979930
3.978568
3.969722
-3.986279
3.987392
3.990403
3.982842
3.981244
-3.970804
-3.990200
3.946025
3.981219
3.967135
-3.979189
-3.977471
-3.983254
-3.981155
3.984451
-3.987951
-3.968201
3.935903
3.941996
-3.636292
3.983921
3.967816
3.975727
3.974680
-3.981448
-3.977916
3.985855
3.981204
-3.973732
3.978454
-3.906650
3.982065
-3.947051
3.985715
3.989838
-3.996069
3.977320
-3.979871
3.973523
3.915496
3.990533
3.989803
3.995701
-3.963213
-3.954027
-3.964501
3.975256
-3.990626
-3.989203
3.987891
3.986867
3.985960
-3.967088
-3.967631
3.910547
3.969327
-3.994206
-3.970463
3.970217
3.974953
-3.987932
3.981804
-3.988132
3.995606
3.988076
3.991537
3.983072
-3.968443
-3.994651
-3.984373
-3.973734
-3.991405
-3.990558
-3.598822
3.970113
3.992010
3.986099
3.978149
-3.967676
-3.968816
-3.981525
-3.973824
3.974399
3.987909
-3.968047
3.978258
-3.978421
-3.974009
-3.962735
-3.990545
3.980982
3.972238
-3.953988
3.987149
-3.986588
-3.977119
3.973648
-3.815262
3.920416
-3.988379
-3.916630
-3.957962
-3.993902
3.980810
-3.981963
-3.984848
-3.975619
-3.983858
-3.990431
3.982454
3.986802
3.979358
3.973262
3.975950
-3.981401
3.956763
3.886868
3.964159
-3.990635
3.966190
3.972671
3.968842
3.973958
-3.920744
-3.989538
3.924109
-3.945724
3.973324
-3.978402
-3.988783
-3.962052
3.964103
-3.968899
-3.944782
3.970850
-3.983402
-3.964163
3.935525
3.970447
-3.978924
3.973455
3.978062
-3.992828
3.993191
-3.988747
-3.977828
-3.981615
-3.987712
3.968020
-3.963430
3.988078
3.976169
3.989002
3.963747
3.970901
-3.966466
3.969932
3.984135
-3.984857
-3.977415
-3.863718
-3.985742
3.940527
3.954172
3.979082
-3.971777
-3.981841
3.975152
3.995270
3.945820
-3.980149
3.977147
-3.957518
3.964999
3.983646
-3.993709
3.978486
3.970635
3.966115
3.991573
-3.965234
-3.979107
3.975203
3.995448
-3.978163
-3.991423
3.978191
3.974741
3.988740
-3.989303
-3.987815
-3.992234
3.978546
-3.985933
-3.985226
3.963325
3.972847
3.983995
-3.994033
-3.956730
-3.988331
-3.980855
3.983009
3.971506
-3.923145
-3.964914
-3.861796
-3.965578
3.929043
3.969443
3.981646
3.983831
3.929882
3.976196
-3.972512
-3.986296
3.852493
3.964136
-3.973742
-3.969563
-3.982348
3.972269
-3.952824
-3.992172
-3.960656
-3.872157
-3.919306
3.982578
3.992863
3.990743
3.987045
3.925200
-3.962530
-3.972075
3.979975
3.952843
3.984213
-3.946033
3.982221
-3.965081
3.989127
-3.984031
3.979847
-3.986708
3.982072
3.965494
3.976190
-3.995989
3.981334
3.955698
3.953756
3.990870
3.897931
3.977534
-3.978364
-3.991827
3.966273
-3.994687
3.942901
3.994959
-3.983089
-3.986254
-3.987882
-3.979137
3.963100
3.993076
3.971067
-3.983452
3.984024
3.996540
3.991591
3.775090
-3.976977
-3.949076
3.984264
3.983577
3.961784
3.989538
-3.986476
3.992459
3.986873
-3.970118
-3.986431
3.993154
-3.993973
3.955727
3.980239
3.974799
3.405665
-3.992461
3.986364
-3.977701
3.985773
3.948381
-3.994578
3.988170
3.956623
3.989981
3.980141
-3.990547
3.982470
-3.996362
3.956403
-3.978472
-3.962655
-3.966367
3.882612
3.940771
-3.983596
-3.962020
3.967849
3.969689
3.849432
3.959066
3.973338
-3.974299
3.982123
-3.954064
-3.953106
-3.990756
3.978428
-3.974781
3.986929
3.933843
-3.872300
-3.968152
3.996425
3.976068
-3.982653
-3.984185
-3.953615
3.914446
3.966479
3.965546
3.990079
3.977114
3.993027
-3.981990
-3.994401
3.965489
-3.981508
-3.989876
-3.866724
-3.949879
-3.985530
3.980816
3.975394
-3.971777
-3.977618
-3.913816
3.971156
3.967279
3.984863
3.967711
3.980348
-3.979927
-3.981751
3.985317
-3.954010
-3.976272
3.910928
3.994961
3.977369
3.963049
3.990814
3.963804
-3.993062
-3.962080
3.991212
-3.948809
3.975650
3.982403
-3.971731
-3.984704
3.986439
3.988956
-3.983414
-3.976062
3.982245
-3.972463
-3.979594
-3.986559
3.966960
3.993591
-3.973547
-3.978967
3.979409
-3.979692
-3.978703
-3.990269
3.985613
3.961422
-3.984629
-3.978684
3.966943
-3.981561
3.970153
3.959772
3.987183
-3.971603
-3.972927
3.970010
3.977889
3.964694
-3.951138
3.987455
-3.973232
-3.976794
3.990063
3.991048
3.962741
-3.983806
3.974541
-3.971666
3.980985
-3.994116
3.966903
-3.976877
-3.945228
-3.970399
3.972558
3.993040
3.981270
-3.975748
-3.960070
-3.988913
-3.987490
3.989422
3.980980
-3.973666
3.966600
-3.988382
3.973033
3.970845
-3.988129
-3.985790
-3.961432
-3.985258
-3.988302
-3.984626
3.961989
-3.978369
-3.972051
3.986870
-3.993444
-3.992788
-3.975151
-3.984536
-3.972702
3.943600
-3.969785
3.984212
-3.986822
-3.994656
3.972028
-3.980521
3.982472
3.977460
3.993212
-3.976598
3.965267
3.955950
-3.992941
3.983618
3.991380
-3.987589
3.965603
3.978694
-3.977663
-3.979153
-3.985864
-3.978668
3.975249
3.980491
3.965006
3.968413
-3.970782
-3.971932
-3.984751
3.960842
-3.985772
-3.975690
3.993441
-3.973632
-3.984912
3.906587
-3.996029
3.981163
-3.970227
-3.986582
-3.986083
-3.979491
-3.958878
3.961125
3.994235
-3.992021
-3.988008
-3.978233
3.971847
-3.869415
3.975424
3.987191
3.969849
-3.968609
3.980092
-2.934645
-3.979330
-3.993500
-3.988069
-3.980555
-3.960705
3.973518
-3.991722
3.984640
-3.920588
3.995652
3.986718
3.959405
3.982923
3.992115
3.852812
3.979983
-3.985903
-3.991253
-3.982255
3.985212
3.996474
-3.965906
3.973351
-3.990958
-3.965736
-3.996318
3.978586
3.976718
-3.985353
-3.981324
3.984038
3.979236
3.978786
-3.988484
3.994653
-3.992765
-3.982173
3.972699
3.986955
3.957684
3.971032
3.963268
-3.986910
3.985831
-3.988522
-3.988557
3.946378
3.966471
3.979085
-3.975853
-3.976532
-3.975172
3.991055
3.975185
3.973542
-3.983969
3.985249
-3.971868
-3.655827
-3.989903
-3.992395
-3.980331
-3.948707
-3.958181
3.983251
3.993044
3.984984
3.978800
3.984963
3.975494
-3.986784
-3.988126
-3.965592
-3.979799
-3.979539
3.977493
-3.975225
-3.893466
-3.983560
3.995808
-3.964922
3.985066
-3.962198
3.972227
3.994834
-3.980006
3.989250
-3.990118
3.968495
-3.980868
-3.979339
-3.987080
-3.865957
-3.981690
-3.994655
-3.977981
3.983752
3.995243
-3.966052
-3.944838
-3.955131
3.951665
3.986554
3.975782
3.971835
3.967668
3.952483
-3.971858
3.978926
3.986872
3.981127
-3.982332
-3.991705
3.936670
3.995453
-3.966588
3.989935
3.946689
3.986372
3.983035
3.994806
-3.981644
-3.946359
-3.986715
-3.952189
3.886949
3.974758
-3.983184
-3.988007
3.984102
3.997066
3.973467
-3.973840
-3.987638
-3.994226
-3.971250
-3.974163
3.965487
-3.973618
-3.782531
3.987916
3.986671
3.875484
3.974442
3.953619
3.987440
3.982166
3.966972
3.971084
3.962366
-3.574620
-3.958456
-3.323548
3.968712
-3.968315
-3.986053
-3.960009
3.972808
3.952959
3.991532
3.983643
3.974539
3.974542
-3.969620
-3.982462
3.990175
3.984588
-3.973439
3.976341
-3.966021
3.972746
3.979104
3.990676
-3.982439
-3.900323
3.972699
3.993322
-3.964374
3.901762
-3.984534
3.982412
-3.987764
3.988558
3.981838
-3.967467
3.932978
-3.986490
3.982236
3.993565
3.983186
3.967100
-3.967654
-3.974684
3.977474
-3.989196
3.992331
3.812653
3.959964
-3.965854
-3.977919
3.993191
-3.974494
-3.989195
-3.962604
-3.992030
-3.962578
-3.981688
-3.960555
-3.982296
-3.983360
-3.929819
3.972404
-3.988585
3.977745
-3.986783
3.994722
-3.995778
3.978894
3.978801
3.987785
-3.986851
3.982989
-3.988270
-3.971586
-3.968220
3.963031
3.968848
3.958704
-3.963931
3.986449
3.968953
-3.953239
-3.981101
-3.974659
3.969974
-3.992325
-3.973680
-3.991124
3.991489
3.937414
3.967546
-3.914481
3.917689
-3.943594
3.994894
-3.991860
-3.960260
3.977336
-3.959583
-3.986296
3.979480
-3.991027
-3.963515
-3.969675
-3.973754
3.992346
-3.962688
3.989249
-3.987454
3.990372
-3.975099
3.987107
3.976721
3.987922
3.981854
-3.967701
3.954666
-3.969560
3.974287
-3.993602
3.928782
-3.952161
3.981188
-3.972905
3.977952
-3.975473
-3.992239
-3.992676
3.957283
3.978596
3.954362
3.975997
3.990886
3.971289
3.989532
-3.986764
3.975222
3.994465
3.973950
3.991946
-3.958002
-3.994656
-3.978946
3.974891
3.980440
3.941686
-3.969995
3.988791
3.988499
3.985226
-3.991999
-3.977218
3.981340
3.958679
3.973598
-3.988153
3.979150
3.976274
-3.969341
3.976678
-3.790927
3.964792
-3.984542
-3.987715
-3.990092
3.995947
3.983560
-3.974290
-3.951823
-3.957574
3.956336
-3.978705
-3.972934
-3.976779
-3.970593
-3.968746
3.967254
3.979937
-3.995413
-3.962847
-3.978498
3.959927
-3.991529
3.954660
3.953327
-3.969589
-3.991243
-3.972549
3.971305
3.941438
3.970537
3.974122
-3.988067
-3.939989
3.949940
-3.991590
-3.977198
3.945227
3.987275
3.980444
3.988143
-3.963319
-3.981050
-3.985856
-3.985688
-3.907363
3.973373
-3.980587
-3.950518
3.924658
-3.957208
3.983202
-3.976871
3.888755
3.966927
-3.990259
-3.951368
-3.951613
3.967273
3.978794
-3.605539
-3.986804
3.953728
3.983269
3.945798
3.965731
-3.983645
-3.955428
3.986559
3.979263
-3.981787
3.980764
3.992518
3.992945
3.989755
3.990270
-3.897395
3.967758
3.979808
3.983841
-3.967555
-3.993249
-3.974293
-3.989145
3.979416
3.990431
-3.977349
-3.977077
-3.973810
-3.959220
3.980037
3.962204
3.978958
3.974727
3.941894
-3.988812
3.993006
3.970940
3.971374
3.987788
3.981040
3.992097
-3.964541
3.860888
-3.994168
3.784308
-3.972996
3.979404
3.956421
3.951394
3.975113
-3.972890
-3.983563
3.966605
-3.972628
3.963816
-3.945775
-3.975761
-3.992577
-3.977023
3.978608
3.985390
3.994622
-3.989700
-3.988550
3.954535
-3.983485
3.972929
3.964290
-3.989438
3.979524
3.962425
3.975883
3.994504
-3.977265
-3.921252
3.952551
-3.994212
-3.936891
-3.993484
-3.986084
-3.964374
3.986680
3.989068
3.989856
-3.971848
3.995959
-3.989690
3.965613
3.976078
3.992438
-3.962766
-3.848599
-3.952730
3.979341
-3.960079
-3.989543
3.978668
3.985208
-3.964154
-3.979901
3.973209
3.981800
3.972672
3.983560
-3.990927
-3.974838
-3.990149
-3.987025
3.987127
3.968355
3.399124
-3.988927
-3.973540
-3.970928
-3.991912
3.990529
3.974223
3.970916
-3.980653
-3.976733
3.974605
-3.979812
3.976318
-3.983377
-3.976248
-3.982457
-3.561302
3.986700
3.988826
3.983031
3.988698
-3.990090
3.924103
-3.992480
-3.979961
-3.989802
-3.985869
-3.972760
-3.987209
-3.980297
3.965073
3.986095
3.989483
-3.975830
-3.979972
3.986893
-3.975637
3.954625
3.983380
3.895837
-3.992346
3.984030
-3.980914
3.948492
-3.971767
3.995177
3.977392
-3.955872
3.974498
-3.984682
-3.985103
-3.980972
3.981812
-3.986479
3.989453
3.989792
3.770856
3.992384
-3.978871
-3.965204
-3.972497
3.956470
3.984355
-3.995304
3.987493
3.990041
-3.966918
3.910405
-3.979153
-3.975230
-3.993052
-3.990198
3.986578
-3.989651
-3.991006
3.987510
3.903093
3.971001
3.962672
3.973884
3.975527
-3.956591
-3.989504
-3.944197
-3.991434
3.993693
-3.974976
3.969882
-3.972350
-3.975385
3.980297
-3.989155
-3.968043
3.968363
-3.962683
3.974643
-3.955708
-3.985014
3.981895
-3.983548
3.969257
3.980928
3.991210
-3.972253
3.958257
3.888133
-3.969138
3.952508
3.991515
3.974701
-3.966176
-3.986300
3.986060
-3.991777
3.980657
3.992862
3.986058
3.989612
-3.987452
-3.989086
3.976876
3.914417
3.977897
-3.955802
-3.983306
3.987529
3.987560
-3.969991
3.944371
3.967482
-0.272901
-3.969691
3.953951
-3.977028
3.978604
-3.977154
-3.971836
-3.989341
3.977223
3.987219
-3.897977
-3.979901
-3.661139
-3.916759
3.983331
-3.963460
-3.981668
-3.907080
3.981337
3.990155
3.979818
3.956621
-3.984720
-3.981303
-3.981174
3.963932
-3.975454
-3.981069
-3.976069
-3.988503
3.989999
3.981653
3.969720
3.990200
3.966243
3.965553
-3.843793
3.993367
3.967493
3.970302
-3.924148
-3.973643
3.968436
-3.980257
-3.984633
-3.987471
-3.977733
-3.980130
-3.970571
3.969753
-3.955076
3.964907
3.957417
3.957669
3.994833
3.984712
-3.882026
-3.995448
-3.971576
-3.970480
-3.982532
3.949393
3.979922
3.936718
-3.982088
-3.982832
-3.981905
3.972405
3.988366
-3.984845
3.988035
-3.909119
-3.980891
-3.987556
3.979647
-3.987632
-3.976608
-3.977470
3.970897
-3.968969
-3.986409
-3.978769
-3.979828
-3.973938
-3.991861
-3.985034
3.990697
3.992943
-3.853498
-3.986645
-3.990398
3.974579
3.991408
3.950569
-3.973843
-3.974225
-3.970257
3.977829
3.976124
-3.990179
-3.983018
-3.596238
3.941139
3.980701
-3.966476
3.963920
3.984818
3.992436
3.968866
3.886361
-3.991593
3.975559
3.972394
-3.977834
-3.977841
3.962563
3.970982
-3.989947
-3.980503
3.968921
-3.963762
3.992601
3.989351
3.990003
3.985740
-3.972852
3.996151
3.986582
3.946323
3.964637
3.989470
-3.984408
3.943032
-3.992487
-3.967617
-3.978894
3.984327
-3.964266
-3.941347
3.954340
-3.993240
-3.989976
-3.963686
-3.925759
3.984072
3.984861
-3.960919
-3.984905
-3.962811
3.991261
-3.935467
3.989366
-3.969740
-3.969944
-3.993031
3.982459
-3.981466
3.989299
3.993756
3.989279
-3.991589
-3.975979
3.976779
3.985403
-3.987809
-3.993803
-3.981104
-3.969122
3.978000
3.988650
3.935609
-3.980147
3.969463
3.965138
3.962599
3.993573
3.988077
3.982811
-3.978267
3.848765
-3.969861
-3.985302
3.988850
-3.967113
-3.961072
3.967961
-3.971979
3.961915
3.975192
3.986380
3.984644
-3.984824
3.976509
3.990833
3.975690
3.951356
-2.009880
-3.996092
3.989782
-3.993707
3.991960
3.981428
3.947685
-3.986140
-3.985234
-3.970216
3.988622
3.954514
-3.990012
3.988253
-3.938209
-3.963381
-3.987917
-3.987144
3.982904
-3.971555
3.981722
-3.987748
3.985005
-3.989396
3.989739
-3.946616
3.971468
3.989473
-3.983025
3.959764
-3.971018
3.958658
-3.945890
-3.974412
-3.978181
-3.993739
-3.983977
3.986386
3.971617
-3.985684
-3.896772
3.972875
3.988449
-3.991633
-3.970586
-3.976154
-3.986719
-3.979431
-0.303522
-3.977022
-3.979289
-3.976638
3.958503
3.969072
3.989400
-3.989680
-3.992997
3.987030
-3.941478
3.977603
-3.974713
3.992107
-3.974237
3.983993
3.980847
-3.965623
3.995178
3.970903
3.988467
3.975948
3.995234
3.974467
3.966555
-3.959266
-3.968874
-3.991650
-3.994719
3.988261
-3.990394
-3.965841
-3.973604
3.979390
3.993922
3.966034
-3.967391
3.981878
3.984662
3.978703
3.986757
-3.990174
3.979064
-3.994607
-3.976463
-3.984562
-3.984731
3.974447
3.933130
-3.969708
3.961128
3.995412
3.990691
-3.991685
3.975875
3.965697
-3.953497
3.992654
-3.969843
3.945453
-3.967604
-3.987052
3.926284
-3.937679
3.981994
-3.987171
3.962797
-3.963064
-3.955986
3.965844
-3.985817
3.951243
3.985333
-3.974119
-3.972973
-3.157982
-3.981447
3.992874
3.988049
3.926179
3.983051
-3.987295
3.991784
3.956952
-3.972724
-3.970980
3.988115
3.936946
3.965766
-3.988504
-3.940096
3.927877
3.898345
3.983750
3.981877
-3.978425
-3.976214
3.986826
-3.964989
-3.985312
3.948869
3.987623
-3.990399
-3.994960
3.974081
-3.970055
-3.977282
3.974855
3.989164
3.990669
3.967918
3.991142
3.971284
-3.992177
-3.951632
3.983151
-3.959166
-3.979949
-3.988128
-3.945946
-3.986528
3.975151
-3.985807
-3.972680
3.988960
3.977431
-3.984444
3.981512
-3.984095
-3.983085
-3.976369
-3.964127
3.986877
-3.987775
3.987470
3.936245
3.991129
3.987566
3.973251
3.988294
-3.959661
3.976125
-3.981412
3.967845
3.973064
3.981640
-3.903299
3.982554
-3.990541
-3.974111
3.989506
3.980159
-3.976905
3.845521
3.953535
-3.972725
3.974403
3.987380
-3.993031
3.987270
-3.981482
-3.989748
-3.945296
-3.976967
3.956195
3.970853
3.979187
3.996134
-3.977110
3.973487
-3.957865
-3.990354
3.988517
3.986507
3.978060
-3.953219
3.977289
-3.968034
3.989680
-3.996488
-3.975983
3.963162
3.990915
-3.971213
-3.985704
-3.946799
3.977164
-3.991030
-3.977360
3.978501
-3.976061
3.984275
-3.965786
-3.992318
3.964122
-3.972667
3.921529
-3.978381
3.992732
-3.987276
3.972135
3.967841
-3.965152
3.996594
3.969730
3.960406
-3.988296
3.973238
3.740352
-3.987162
3.975701
3.976878
-3.987367
3.982436
3.984473
3.962892
3.994179
-3.954559
-3.978268
-3.980184
-3.991528
-3.992573
-3.971816
-3.985851
-3.930405
3.993263
3.991433
-3.986838
-3.950716
3.995801
3.970263
-3.986653
-3.950806
3.981380
-3.979720
-3.957693
-3.965984
-3.953344
3.977410
-3.967560
3.932144
-3.987885
-3.976305
3.995526
-3.988644
3.935263
-3.991857
-3.966231
-3.989666
3.898709
-3.993768
3.979154
3.973294
-3.978339
-3.991884
-3.959840
-3.958951
-3.951871
3.991599
-3.941496
-3.868873
-3.982284
-3.960074
3.982419
3.978996
-3.973644
3.991505
-3.991076
3.975460
-3.969817
-3.971112
3.977056
3.975158
3.983807
-3.974402
-3.980348
3.807738
-3.985272
3.986817
3.911712
3.967198
-3.990963
3.991625
3.956946
-3.988892
3.966190
-3.963322
3.975128
-3.977677
3.979929
3.744386
-3.978154
3.984296
3.995395
-3.990579
-3.954821
-3.988787
3.974012
3.993254
-3.964664
-3.966353
3.953096
3.977355
3.983642
-3.897591
3.914211
3.946236
-3.991786
3.994751
-3.980518
-3.974787
-3.968047
3.994667
-3.956770
3.966092
3.983982
-3.980621
3.995291
3.980671
-3.974656
-3.849409
-3.917088
-3.975693
3.978731
-3.980801
-3.929229
3.992882
-3.960227
3.858349
3.989950
-3.972939
-3.949615
-3.983351
-3.977107
-3.971763
3.978095
-3.992429
-3.948739
-3.939921
-3.979958
3.985461
3.983284
3.980434
3.969487
3.957310
-3.976056
-3.975092
3.986415
-3.903729
-3.992172
3.970487
-3.929422
-3.962552
3.989612
-3.982909
3.973359
-3.988460
-3.960328
-3.987921
-3.961612
3.981735
3.958424
-3.961574
3.964479
-3.991410
3.992160
3.948579
-3.859834
-3.991056
-3.974777
-3.962242
3.994549
3.982796
3.967889
-3.989385
-3.988729
3.972645
-3.974748
-3.976970
-3.980540
-3.985311
-3.993632
3.981413
3.861637
-3.982286
-3.985446
-3.957320
-3.983370
3.977414
3.979367
-3.964314
3.989314
3.951790
-3.987856
3.980859
3.945969
-3.950176
3.983182
-3.975869
-3.985326
3.973291
3.988611
-3.987100
3.987538
-3.985534
-3.995673
3.976350
-3.989253
3.971652
-3.970889
3.974442
3.970038
-3.976736
-3.956592
3.962055
-3.986617
3.979771
3.941205
-3.992117
-3.963832
-3.972886
-3.969914
3.979485
-3.993943
3.941461
-3.985468
-3.968769
3.992407
-3.965841
3.958770
3.985708
3.988442
3.986820
-3.973052
-3.952699
3.988432
3.989487
3.985004
-3.967863
-3.948454
-3.978110
-3.976140
3.979990
3.979743
3.988054
-3.987163
-3.982868
-3.951135
3.996268
3.983731
-3.978128
3.992906
-3.973843
3.992623
3.973703
3.957760
3.988158
-3.989067
3.978855
3.977496
3.981984
3.914554
3.982426
3.989767
3.990894
3.979975
3.993132
-3.970288
-3.980009
-3.991008
-3.980117
3.988578
3.969018
3.986016
3.967751
3.934664
3.989590
-3.993058
3.923696
-3.970052
-3.986564
-3.979721
-3.965196
3.992687
-3.979322
3.982056
-3.981225
3.971979
3.982879
-3.988060
3.979114
3.980896
-3.943721
3.988896
-3.996407
3.974711
3.985107
3.990810
-3.987481
-3.873648
-3.982560
-3.974391
3.989910
-3.951017
3.877683
-3.989368
3.994039
-3.990426
-3.985429
-3.970671
-3.898484
-3.972171
-3.970860
-3.980123
-3.971946
-3.981702
-3.972891
3.973379
3.910533
3.980364
-3.805159
-3.958299
-3.974808
-3.966128
-3.970015
3.941524
-3.869602
3.964912
3.971708
3.964333
3.988211
-3.986014
-3.984656
3.965393
3.985184
-3.979232
-3.988895
-3.965040
-3.956444
3.985577
-3.990030
-3.989863
3.952923
3.986062
3.989293
3.986443
-3.991402
-3.982040
-3.975817
3.972859
3.960871
3.973749
3.984853
-3.983088
-3.988413
3.994617
3.898984
-3.983354
3.978426
-3.956307
3.978502
3.962538
3.927003
3.982822
-3.986837
-3.993463
-3.973088
3.345124
-3.970129
-3.981630
-3.970064
-3.992670
3.975506
3.957936
3.982938
-3.976550
3.981251
3.977359
3.987537
3.991613
-3.989625
-3.961907
3.983898
-3.977382
3.990717
-3.973712
-3.979345
3.990810
3.973851
3.975882
3.981116
3.934150
-3.988422
-3.973655
-3.976707
3.993281
3.973925
3.962839
-3.985270
-3.985223
3.937219
-3.979467
3.990249
-3.976247
-3.976240
-3.981464
3.834643
3.924650
-3.980418
-3.972324
-3.980905
-3.989114
3.977609
3.984670
3.978691
-3.990519
3.994177
3.982694
3.951343
3.991766
-3.979438
-3.859104
-3.978190
-3.974226
-3.979516
3.942441
-3.991831
-3.984851
3.970814
-3.964327
-3.975376
-3.982215
3.958701
3.982227
-3.988598
-3.972527
-3.985380
3.945471
3.956287
-3.953602
3.977685
-3.981023
-3.984699
3.443094
3.972164
-3.876686
3.951593
3.955307
-3.981076
-3.974582
3.967475
3.985912
-3.992209
3.981557
-3.989583
-3.986488
-3.967251
-3.963910
3.970479
3.974131
3.972759
3.972351
-3.963837
3.976200
3.984862
3.988846
-3.977437
-3.975239
3.958639
3.982470
-3.948250
-3.978400
-3.940107
3.955593
3.944488
-3.965565
-3.959466
3.972470
3.994442
-3.991111
-3.944760
3.981571
3.958967
3.965380
-3.976921
-3.942889
3.912057
-3.985729
-3.887714
-3.952293
-3.888935
-3.991225
3.988223
3.975764
-3.792290
3.960828
-3.962006
-3.988225
-3.973645
3.988086
-3.983296
-3.973915
3.982251
-3.994677
3.965304
3.976647
3.910640
-3.991183
-3.952418
-3.950913
-3.990403
3.981840
3.935996
3.908077
3.986619
-3.979676
3.982570
-3.979727
-3.963880
-3.957154
-3.946224
3.985040
-3.980985
3.985769
3.993929
3.989124
-3.990343
-3.972465
3.981269
-3.977416
3.940277
-3.960487
-3.986139
3.977473
3.956318
-3.982761
3.976209
3.979400
-3.996047
3.982725
3.960485
3.967694
-3.959502
-3.987409
3.959235
-3.967669
-3.969692
-3.974641
