4.662000	50	0.100000	ARCHIVOS_REDES\ER\ER_772.txt
-0.429870	6.619009
9.897566
-0.003113
-2.771467
3.655632
4.384878
9.882029
9.338821
2.089446
4.966135
2.013187
5.995682
5.016421
2.022798
9.994083
9.975468
-3.335221
0.006887
-5.889663
-2.002516
1.593312
3.968434
-9.998854
9.990279
7.502512
-2.022359
9.998702
9.973570
-3.319814
-4.970617
7.526111
-5.448024
9.997883
-0.000397
9.991662
-9.951780
-0.003957
-6.667158
4.526476
8.428761
0.019156
9.939201
-9.984860
-9.999381
9.877023
-4.194246
6.137014
4.425207
-3.073837
-4.944600
9.280608
-0.053582
-5.735857
9.999347
1.453009
0.244655
-0.233146
0.000239
-9.427405
-9.999708
3.039581
3.123798
4.451266
6.715969
9.998529
9.994747
7.287139
-9.988664
-4.879314
5.731751
-1.504326
4.904033
9.461305
0.425423
7.496725
-0.211708
-4.360568
-4.189564
-9.956175
-9.227259
4.753373
-7.286961
0.000419
-3.651456
-9.998655
4.990622
9.844757
-2.623085
-2.385303
2.382653
1.462165
-3.304291
-9.999113
-6.676254
2.242524
-9.949129
4.989188
1.202066
5.089707
2.004574
-4.004460
-4.263248
-9.988278
6.674582
2.842739
-6.586279
5.558481
3.334813
-5.530811
7.134432
-9.999036
-8.373886
-2.816644
9.994653
-0.000489
-0.000383
-1.997953
6.949742
-2.060203
-6.762965
9.852193
6.071276
-0.000371
-7.999951
5.701284
9.893512
-1.434862
-5.526342
9.817997
-5.004967
-9.999562
-9.994211
-9.999020
6.655658
6.001210
5.998061
-3.309864
9.987660
4.517639
-9.187701
3.338565
1.095694
0.023303
2.463236
7.400854
0.003311
6.901529
-9.924669
4.998628
9.863437
-5.946004
0.476844
5.555079
4.999920
1.467677
4.978323
8.312761
-4.361848
3.935255
5.990457
5.571032
1.992860
-4.991472
4.662273
9.998804
-3.340794
4.986570
-6.638992
3.309003
-4.373129
9.895039
5.995538
5.985141
-4.996135
-5.964586
-0.001794
5.003924
6.688993
9.997959
-9.358831
-6.507441
6.604468
5.627244
-9.985653
-9.894296
4.699625
-4.751195
0.000035
-4.283549
-9.999545
-3.337332
6.496356
7.068160
-2.331729
-5.000876
4.421311
4.997661
-9.095041
0.000257
-5.002623
9.993786
-9.999533
-7.495421
0.000968
-3.912476
-0.001154
3.332940
-9.999409
6.666707
2.046330
-7.495703
-0.003472
6.666728
5.672776
7.506328
7.448208
9.998888
4.999238
-9.848276
-7.720359
5.001025
-4.038292
-6.067480
-9.916945
9.960276
-6.930606
-7.469998
3.835299
7.215845
-4.036867
-9.999106
-8.404307
3.933780
9.990113
-7.194220
7.717092
-9.959110
9.996960
-5.159068
-5.986211
-1.981547
2.126598
2.850541
7.752385
0.024887
7.378617
5.984141
-4.988597
-9.994693
-9.998523
2.303316
8.644720
-0.000210
-5.745559
9.997419
-0.155826
5.026796
-7.068705
-7.679477
0.084086
5.212948
1.463647
-6.341583
-4.999860
-6.483538
-0.001547
4.999374
4.993263
-9.000896
9.994746
5.728093
-7.441680
-0.003123
-2.245694
1.303169
-9.989978
7.502359
3.299240
-9.859712
4.427304
3.976698
-3.801578
0.434198
9.887345
-3.453276
-3.022165
-3.330174
-9.999370
-0.027945
9.996828
-5.006915
9.999150
5.008128
0.000152
3.332849
0.024481
-9.998824
1.993457
8.656562
5.237521
-2.022755
-7.867767
7.145360
-2.473993
-5.956986
9.999687
-2.515668
-9.998956
-2.364371
3.489983
-8.494841
-3.329636
-4.547862
-9.859055
-3.165229
9.869714
9.895288
-9.831299
-5.011326
-4.734480
9.860402
-5.997727
-9.027137
9.999822
-3.169042
-5.932852
-5.994451
-9.995325
6.482754
-9.859546
-7.919099
-9.999435
-5.915335
4.168886
-6.001339
-1.110542
5.872278
-5.566027
-4.763374
-9.999101
9.940885
9.328255
-9.793493
-9.999408
-3.909735
9.835499
8.050977
5.061974
-0.371703
9.835687
-9.982476
9.994374
-4.590534
-7.295711
-9.999235
4.915376
-4.959356
-7.908879
9.996882
4.266017
-9.998799
-9.976386
1.931634
-9.999020
0.011708
-9.998975
2.006014
5.416434
9.999668
-9.999744
-9.980540
1.982871
7.973756
-1.975758
5.087835
-5.921500
-6.672635
-4.472152
-5.245188
9.998551
5.926080
0.000119
-9.997837
6.189036
-3.341647
0.018630
-0.008483
-0.348995
-4.969819
-3.427181
7.995487
2.947793
-2.014228
2.501981
2.536448
3.351325
8.586796
9.999585
3.334060
-4.258056
-9.988420
-7.142559
-4.781893
-9.963923
-6.725837
-9.788705
9.976835
-3.348219
3.589109
-9.975260
-5.066555
9.925713
3.285534
-6.662374
5.986783
-0.006684
-4.975815
3.339219
5.875224
9.993566
-9.546557
3.431426
9.830208
6.651250
5.018693
-2.008818
3.249953
3.468572
-6.662868
5.703846
0.311133
9.998639
-6.650548
-9.989998
-9.999495
-2.897760
-5.985342
3.219282
-1.436221
2.015870
-4.309119
-1.988240
9.996073
3.934683
-4.997282
5.110295
0.014694
-9.990870
5.011806
-3.923045
9.983310
7.042608
-9.988920
9.998216
-5.832326
-3.453339
-4.896987
-5.481488
-3.787941
-4.773677
-6.644856
-5.853295
9.795312
4.929051
-4.363373
-4.931983
4.976276
-2.052412
5.064963
9.989438
-4.835711
-9.985784
2.076368
3.335976
6.078016
-0.000213
-9.998288
-7.191904
9.985261
-6.583866
-5.526764
3.332487
4.839196
9.992324
-6.042953
-3.351297
9.916680
-9.839470
4.927089
-9.999878
5.332922
3.347570
4.749627
-1.669137
2.006447
-0.000232
9.997789
3.176244
9.972905
7.500144
-9.985037
-4.266139
-3.341647
4.213673
5.080194
9.993950
9.777295
-9.998800
4.879599
9.999747
-6.005069
-2.497286
4.991730
1.376761
9.996720
4.987247
9.776786
9.989543
-9.963965
-2.006120
-5.625217
7.837596
4.962444
-1.679637
-6.838461
9.989243
-9.858292
5.569574
6.005220
9.998704
-6.665338
-3.820655
3.961123
-2.625929
-0.001854
-6.665241
-7.490228
-4.997493
-1.961251
-0.321187
-8.317207
0.045367
-3.362975
-3.510993
-9.989026
-5.947330
-5.022922
-2.000269
1.998094
1.956711
-9.937234
2.084024
-7.963639
9.628173
3.882250
-7.519438
0.004149
0.001412
-2.260129
5.554528
9.999824
4.010165
-7.141842
3.325039
2.023101
-9.999928
3.339236
-3.342694
-9.974830
-7.145959
-4.024740
-9.924465
9.998604
2.941599
5.063977
-2.201967
-4.957690
-7.138215
7.137972
-2.839253
-4.734348
-8.089974
3.334366
3.987613
-7.274960
7.772881
5.001061
6.724654
-9.993880
1.092972
-9.978059
3.332611
-9.781424
-9.997642
-4.278541
-9.767371
9.996123
4.800706
-5.999116
-2.034722
-4.886638
7.495268
9.999497
-7.098224
4.916824
-3.747468
-7.119893
-1.975296
4.988180
0.000881
5.070329
-2.033332
-0.000872
-9.999534
0.986500
-9.999073
-9.995271
-6.675845
-9.998042
2.562607
3.882580
4.999867
-6.490088
-0.330100
9.996888
-4.292922
4.567888
-5.830826
6.247129
-9.999855
-3.333486
-2.428978
2.060444
-5.965999
-9.242847
-9.997410
-4.979178
-9.644662
-4.973792
-7.093558
9.813062
-7.499101
-2.187231
-5.001436
4.612821
9.767368
-6.831132
-4.985964
-6.255314
3.279248
-3.333144
4.980103
6.201255
3.340981
-0.063187
1.621910
-9.970800
-0.444094
5.002126
-0.000056
-3.332805
-3.338796
-6.070331
-7.131795
0.000213
-4.304782
4.994849
-6.604398
-9.983078
-3.331574
3.197885
-0.005960
-8.581266
7.951941
-2.511078
-9.983255
9.991483
9.807458
6.074735
9.998227
9.997170
5.087665
-9.999578
-9.531594
3.881524
4.667326
3.317565
9.997696
-5.576975
-6.742654
4.021779
-2.206407
3.245995
6.769020
3.879970
3.352317
4.155107
3.309527
-8.515726
5.004063
-5.384199
4.333805
-9.999269
-8.015961
-8.258090
2.419932
2.688885
-1.471885
-9.216099
-9.971195
9.999402
-3.333323
-4.871411
9.983563
6.593368
-3.256664
0.198116
-5.033460
-3.314859
-9.008471
-2.295147
6.783795
9.093192
-9.955872
3.335613
6.874894
-9.999534
9.998622
2.927130
9.997002
-9.673960
-9.981140
-1.403025
3.939921
-9.637302
4.005425
4.850338
0.000626
-1.953409
-5.433250
-4.994304
-4.367544
4.425646
-9.949741
2.074628
6.037094
-5.940983
6.004807
4.993600
-6.568362
2.472649
4.995788
-3.365903
-9.951235
9.999748
-9.935033
-9.939574
-9.661932
6.427075
3.826709
1.119747
-0.015240
-5.854157
5.001524
-2.977270
-6.364551
4.996877
3.336937
3.366915
9.990801
2.433352
-5.948998
0.446786
-9.999661
-2.902577
-2.329364
2.000300
3.064054
-3.952556
-9.999217
-9.961049
4.956869
6.004905
-6.650801
-9.877101
7.195917
-4.972118
-9.988005
3.398272
-0.032023
3.341014
4.992895
-7.520636
-7.444960
-7.025173
6.569625
-5.679504
4.015853
-9.985211
6.468865
5.995568
9.994597
-3.378762
-3.389441
3.418654
2.069141
-2.228358
-9.950501
2.989283
-9.982819
9.991493
-9.999985
-3.994315
-9.999087
-8.079772
9.963979
6.082145
-6.598274
6.875598
-9.946070
-5.009256
3.977625
9.954483
9.999320
2.672863
5.060409
6.666110
7.289995
3.317311
3.336829
-5.092831
-5.822132
-5.999307
-9.909838
-9.982714
-3.332579
6.595444
-0.066237
8.058433
-9.229813
1.403724
5.375506
1.927666
2.202525
-5.001877
-8.161426
-9.939942
-2.049327
0.012302
-9.999434
-5.000093
3.333434
2.709237
-3.686143
4.999382
-1.995144
-9.997064
9.997746
8.651369
-5.084939
-9.999890
-2.119759
9.757820
-5.927296
-1.466098
9.999000
-4.999899
-1.926253
6.618372
-9.998468
4.917246
-5.912894
9.947150
-4.234011
3.704623
-9.999403
9.998479
-7.701081
4.909277
-3.332569
0.023986
9.999618
-8.039631
6.000183
-7.823302
-2.031748
-2.003190
-9.926695
6.726528
-5.999431
-9.995728
-5.999129
-6.586463
0.002941
-3.338560
-4.999871
-5.638394
7.112305
-6.069933
7.720334
-5.680808
-4.332265
-7.497261
-9.778082
-2.432283
3.839757
5.843203
-5.004230
-6.682160
-4.994088
-6.853813
-7.658201
-0.023701
-2.124305
-5.999201
-8.010773
-9.799771
8.498506
-2.025800
-3.967718
-9.787752
-3.552295
7.621323
9.831845
9.994825
9.999552
-2.878405
4.761853
-0.002084
9.996648
-3.210250
-9.984849
9.973342
7.228139
6.874894
-9.973137
-8.732732
-9.998423
3.332853
-2.045427
2.733963
-9.999256
-9.998124
-6.366781
6.000471
0.013709
-9.780758
9.996640
-9.977819
9.652679
-0.026938
7.754528
7.824870
-4.937822
-3.335332
-9.668453
-9.999612
3.287666
-9.999813
-4.565637
9.659560
-9.929514
-6.232886
9.957289
-9.989972
9.986933
-1.860315
9.964243
0.137845
-2.837460
7.742320
-9.556790
-9.875889
-6.659335
-2.913319
-0.013668
9.893665
-9.994810
9.987139
-4.532856
-9.998001
3.269740
-3.709656
-5.125874
-6.605329
3.334170
-5.146206
-6.769223
-5.004194
-3.333029
9.808206
9.999578
-9.931840
-0.001688
4.285882
-9.926714
-2.147446
-9.979898
0.014236
9.989673
1.994987
