2.000000	1.700000	50	0.100000	ARCHIVOS_REDES\ER\ER_650.txt
0.046518	1.904164
-1.913968
1.912187
-1.913842
-1.910850
1.913280
-1.906292
1.910389
-1.912083
-1.898614
-1.912599
-1.912626
1.912835
1.913644
1.914045
-1.910010
-1.913593
1.897930
-1.913649
1.913042
-1.904892
1.913531
-1.912242
1.913188
-1.905510
-1.914086
-1.898264
1.911337
-1.914284
1.914195
1.913302
1.913074
-1.913989
-1.910759
-1.914063
1.904571
1.908045
-1.871769
-1.913394
1.909587
-1.912980
-1.911456
-1.908877
-1.912907
1.902192
-1.912077
1.856399
1.909626
1.912861
1.913645
-1.903817
-1.912476
-1.910555
-1.906555
-1.908237
-1.911429
-1.907295
1.908707
1.908490
1.912937
1.912860
-1.913508
-1.909569
-1.911893
1.897045
-1.913405
-1.913818
-1.913303
1.911256
-1.913831
-1.913703
-1.910447
-1.908170
1.905476
1.914614
-1.898780
-1.895202
1.871413
1.911752
1.912338
1.911710
-1.908723
-1.910278
1.913789
-1.914147
-1.908816
-1.913189
1.911708
-1.911314
-1.913134
-1.912249
1.912431
-1.749868
-1.911914
-1.914262
-1.912513
1.913389
1.911710
-1.912783
1.907960
-1.913673
-1.912206
1.914569
1.913704
-1.911372
1.899978
1.902716
-1.908328
1.905716
-1.913351
-1.904537
1.910022
1.914559
1.910997
1.914343
1.896272
-1.913850
-1.901828
1.856383
1.914110
1.909321
-1.909546
1.913283
-1.913504
-1.910664
1.906997
1.908666
-1.913370
-1.910971
1.912915
1.913020
-1.870439
1.912172
1.913685
-1.902010
1.910103
1.914366
-1.906185
1.913440
-1.907923
1.910525
1.914189
-1.911850
1.908744
1.910790
1.910356
-1.912806
1.904031
1.907532
1.912010
1.910674
-1.911919
1.913762
1.913145
1.913889
1.912338
1.912275
1.912576
1.876181
1.912416
1.890760
-1.913041
1.907514
1.913774
1.899725
-1.911767
-1.910953
-1.911268
-1.913956
1.898142
1.909662
-1.905540
-1.909133
-1.881207
1.907337
1.911336
1.910803
1.914374
1.897990
-1.906425
-1.913527
1.906441
-1.912324
1.914096
1.911980
-1.913932
-1.907742
1.903459
1.913655
-1.914192
1.907225
1.908994
1.909156
1.909650
1.883268
1.914543
1.912203
-1.911599
-1.912829
-1.906049
-1.913836
1.553057
1.907620
1.908843
1.913372
1.912464
1.910198
1.912420
-1.913820
-1.912042
-1.907903
1.908659
-1.909130
-1.907327
-1.910918
1.909879
-1.913542
-1.910571
1.914367
1.913816
-1.911155
-1.910378
-1.908977
1.876132
1.904211
-1.914326
-1.911224
-1.913977
1.912910
1.911236
1.911459
1.912951
-1.907379
-1.913421
-1.912126
1.907987
-1.901828
1.910752
-1.908063
-1.913218
-1.912112
-1.890689
-1.905327
1.903262
1.912800
1.910235
-1.912273
1.910945
-1.913874
-1.912703
1.869130
1.912752
-1.911514
1.907854
1.895063
-1.912677
1.897947
-1.907530
-1.913882
-1.905959
1.913927
-1.910015
1.909032
1.908299
1.885149
1.913754
1.913633
-1.912033
1.911765
1.903767
-1.908239
1.912946
-1.913429
-1.911885
-1.913849
1.912561
1.913755
1.912884
-1.913049
1.909975
1.910312
-1.912595
-1.697618
1.911143
-1.911570
-1.911685
-1.914014
-1.913294
1.899991
-1.814814
-1.914343
1.914039
-1.910361
1.913682
1.895915
1.911949
1.914015
1.908856
-1.905430
1.906098
-1.912817
-1.902129
-1.911178
1.641999
1.907343
1.913044
-1.909010
1.911145
1.910113
1.912445
1.911249
1.911359
1.912288
-1.912778
-1.913800
1.903180
-1.812568
1.910597
-1.908027
-1.910492
-1.912656
-1.913445
-1.912581
-1.912324
1.910193
1.844035
-1.905791
1.912430
-1.912818
1.886097
-1.913448
-1.912685
1.913746
1.893682
-1.904745
1.903759
-1.636058
-1.893213
1.913426
-1.906407
-1.913024
-1.913916
1.906269
1.888934
1.910864
1.911390
-1.909860
1.894333
-1.912887
1.914306
1.886610
-1.900619
-1.913394
1.909957
1.914586
-1.913276
-1.911790
-1.912336
-1.908762
1.910867
-1.914559
1.910685
-1.912731
1.911922
-1.912397
1.914476
1.912778
1.913495
1.904725
-1.914559
1.910377
1.911502
-1.909947
1.912721
-1.910822
1.914014
-1.911107
1.913116
1.914368
1.911375
-1.914264
1.902777
1.903570
1.913154
-1.914507
-1.913061
-1.913258
1.906582
1.887146
1.912643
-1.905826
-1.913943
-1.913825
1.913008
1.908249
-1.912810
-1.911973
-1.912791
-1.909774
-1.907076
-1.912509
1.911808
1.896460
-1.914229
1.882889
1.914485
1.913876
1.912890
1.914475
-1.912729
1.907395
-1.912838
-1.913327
-1.910756
-1.913014
1.894999
-1.914305
1.912803
1.911480
-1.907137
-1.914264
-1.913051
1.908588
1.911370
1.912461
-1.902021
1.913177
-1.913897
1.909945
1.913152
1.908488
1.907134
1.913223
1.914114
1.872809
-1.909027
-1.913077
1.911203
-1.905664
-1.841014
1.911562
1.913100
-1.910582
1.910256
1.901777
-1.911922
1.913904
1.913573
-1.896275
-1.913632
-1.911209
1.908558
-1.913393
1.908835
1.912560
-1.913946
-1.913958
1.912626
1.911648
1.904712
-1.909588
1.914268
-1.913963
-1.909217
1.904183
-1.913956
1.913258
1.908665
-1.913328
1.914288
1.909793
1.914331
1.908981
-1.913818
1.905350
-1.900841
1.911094
-1.906052
-1.913045
1.881275
1.851583
-1.912441
1.912600
1.907838
-1.902351
1.911746
1.911782
1.914442
1.846584
1.913572
-1.909566
1.912717
-1.914145
1.911370
-1.914321
-1.890984
1.913334
-1.912724
-1.914606
1.910570
-1.914497
-1.908598
1.914470
1.913711
1.901780
1.911780
-1.913421
1.912273
-1.874115
1.904889
1.913642
-1.912077
1.907267
1.890474
-1.863527
-1.913550
1.912060
-1.912927
1.910962
1.914208
1.913386
1.910129
-1.907617
-1.912981
-1.913102
1.913549
-1.908882
1.912745
-1.914001
1.890947
1.913399
-1.913938
-1.909223
-1.914417
1.912443
1.908603
-1.913434
1.912090
1.913202
-1.899495
1.912910
-1.912284
1.907535
1.912017
1.906249
-1.901037
-1.904265
-1.913655
-1.914127
1.909851
-1.913665
-1.912542
-1.912690
-1.914161
-1.912836
-1.911847
1.913294
1.913606
1.913541
-1.911494
1.912046
1.913895
1.910167
-1.913016
1.913316
-1.913707
-1.913045
-1.913550
1.913137
-1.912479
1.912061
-1.909654
1.907603
-1.913651
1.895884
-1.901228
-1.911874
1.895975
-1.914058
1.911670
1.876473
-1.913443
1.910155
-1.911309
1.913500
1.914648
-1.912474
1.912217
1.913149
-1.914508
-1.913923
1.910469
-1.913188
-1.912076
-1.913009
1.907924
-1.907841
1.905051
-1.910019
-1.914420
-1.912270
1.912854
1.909738
1.912937
-1.891960
1.912131
-1.910020
1.913958
1.766868
-1.907762
-1.911365
1.913162
1.914345
-1.913039
1.900586
-1.914306
-1.913190
1.914155
1.911452
-1.911380
-1.904601
-1.911786
-1.910971
1.913956
1.913561
-1.883215
-1.913607
-1.913251
1.913061
1.899869
-1.914400
1.910157
-1.913231
1.911658
-1.913393
1.405831
1.914612
1.906542
1.911482
-1.912513
1.908551
1.913184
-1.909029
1.914626
1.906979
-1.909015
1.907798
-1.898795
1.912529
1.911463
-1.914191
-1.912770
1.909646
-1.912584
1.911550
-1.911171
-1.803945
-1.912765
1.903042
1.896088
1.900749
1.911670
1.904915
1.913860
1.887068
-1.912209
-1.912934
1.897486
-1.911588
-1.910594
-1.910623
1.912101
-1.913427
-1.897980
-1.911446
-1.900124
-1.910727
-1.902495
1.914565
1.913393
-1.878948
-1.899343
1.913936
-1.913842
1.903515
-1.903984
-1.913779
-1.913445
-1.912018
-1.913952
-1.913805
-1.890633
1.912880
1.913474
1.912608
1.909628
-1.893804
-1.912638
-1.909488
-1.913687
1.904412
1.863569
-1.912771
-1.879309
1.911640
1.914096
-1.892444
-1.909782
-1.912952
1.913844
-1.907516
-1.906597
-1.882538
-1.911446
1.734539
1.912180
1.913627
-1.332376
-1.911463
1.912211
-1.913389
1.910194
-1.911674
-1.910444
-1.899922
1.910182
1.912376
1.908960
1.908250
1.899858
-1.912910
1.908466
-1.913887
1.908273
-1.912383
-1.912394
1.913353
1.908813
-1.911269
1.910702
-1.906717
-1.914083
-1.911502
1.912356
-1.911500
1.912057
1.913168
-1.906171
-1.909631
1.896005
1.911850
1.913899
-1.899425
-1.911484
1.904885
-1.897719
1.912677
1.913787
-1.911864
-1.911405
1.895641
1.914295
1.910600
1.911532
-1.911419
1.912865
1.912816
1.906621
-1.910707
1.913919
-1.905960
-1.914317
-1.912605
-1.914283
1.913597
1.913233
1.894852
1.912442
1.905034
1.913418
1.905652
-1.913681
1.896692
-1.909858
1.913617
-1.908968
-1.907191
1.911306
-1.912963
-1.887558
1.913280
1.912821
-1.899127
-1.912719
1.910086
1.913664
1.911475
1.911925
1.912300
-1.914549
1.818548
-1.911383
1.914239
-1.911509
1.910462
-1.912372
1.909911
-1.914595
1.912860
1.914025
-1.908099
1.912117
-1.911400
1.908947
1.912486
-1.913797
-1.906313
1.893296
-1.913234
1.910763
1.913907
1.908842
1.913054
1.903922
-1.914008
1.913404
-1.913033
-1.914106
-1.911827
-1.904266
-1.910334
-1.898822
-1.910263
1.910587
-1.878132
1.911987
-1.909724
1.900364
1.902827
-1.910456
-1.907284
1.908374
1.910056
1.913905
-1.913151
1.910110
-1.913113
-1.913942
-1.861086
1.899554
-1.912196
-1.906090
-1.908532
-1.914371
-1.911683
1.911845
-1.914420
1.875093
-1.891920
-1.905211
-1.913711
1.913149
-1.913903
1.913064
-1.905841
-1.908534
-1.913870
1.912483
1.908634
-1.912506
1.913823
-1.908212
-1.912447
1.910397
1.911792
1.873502
1.914313
-1.911441
1.905292
1.912541
-1.904058
-1.912936
1.907372
1.905900
1.914192
-1.913338
-1.912663
-1.910595
1.912109
-1.909455
1.912941
1.902654
1.908817
1.902563
-1.906573
1.914260
1.908048
-1.911404
-1.914276
1.904010
1.905606
1.913290
-1.913350
1.911185
1.909099
1.913212
1.913221
1.912750
-1.906913
-1.914174
-1.914342
-1.911786
1.910476
1.893952
-1.910841
1.910574
1.874053
1.912795
-1.911183
1.913720
-1.896519
1.913756
1.903692
-1.908821
1.914249
1.914328
1.912861
1.903926
1.903876
-1.907102
1.908171
-1.910761
-1.901513
1.910374
-1.912546
-1.912082
1.905872
-1.911787
-1.910068
-1.911824
1.906181
-1.913591
1.913848
1.908706
1.911854
-1.226036
-1.911065
1.911759
-1.910955
1.891858
1.914060
-1.910337
1.913016
-1.911656
1.914537
-1.913099
-1.913143
1.909516
-1.913546
1.908156
-1.913352
-1.901984
1.913926
1.914229
1.868224
1.913187
1.912817
-1.877853
-1.908911
-1.913628
1.899119
-1.911827
-1.914095
1.913900
1.911557
-1.910356
-1.904749
-1.914525
1.910729
-1.910031
-1.911631
-1.906677
-1.911023
1.914489
-1.909719
1.909934
-1.911664
1.902446
-1.913283
-1.914232
-1.914321
1.914029
-1.913277
-1.912920
1.911791
1.909442
1.912721
-1.226638
1.914444
-1.898117
-1.912572
-1.900778
1.910702
1.896352
1.912502
-1.911935
1.892610
1.907199
1.911233
1.910863
-1.908930
-1.913570
1.906071
-1.913548
1.912427
-1.913957
1.906480
1.914254
-1.899580
-1.911367
-1.912327
1.902598
-1.900780
1.914474
-1.898445
-1.907607
1.898287
-1.906933
-1.913044
1.912329
1.910090
-1.902298
-1.902034
-1.909572
1.911992
-1.911984
1.912970
-1.912166
-1.900476
1.909186
-1.903815
-1.913272
1.913641
1.912926
-1.893122
1.914008
1.899939
-1.907487
-1.913006
-1.911412
-1.911831
-1.910858
-1.910095
-1.912689
1.906232
1.913120
-1.912107
-1.910058
-1.913858
-1.900822
1.910268
-1.907228
1.909054
-1.887267
-1.913204
-1.910363
1.911571
1.914027
1.912244
1.913277
1.910818
-1.914589
-1.912444
1.911337
-1.913115
-1.906829
-1.913824
1.901017
1.914116
-1.884223
-1.913969
-1.909522
1.913480
1.912213
-1.912123
-1.913368
1.904382
-1.904830
1.913013
1.906444
-1.913792
-1.883077
-1.910450
1.406021
1.909499
1.910095
1.913487
1.913185
-1.913851
-1.914526
-1.912372
1.913172
1.909837
-1.913124
-1.694016
-1.912882
-1.913668
1.912268
1.902104
1.910335
1.912989
1.878253
-1.914468
-1.911947
1.910690
1.913388
1.898864
-1.911884
-1.906916
-1.910868
1.908543
1.912718
1.908142
1.913706
1.913515
1.904918
-1.907352
-1.914310
1.913040
1.913477
-1.820513
1.913185
1.911166
-1.912201
-1.912644
-1.906140
1.914431
-1.912685
-1.913440
1.909894
1.908569
1.907713
1.793146
-1.913580
1.914706
1.912097
1.910867
1.913690
-1.912481
1.914093
1.906702
1.913027
1.907562
1.910272
1.911420
1.912159
1.905371
-1.907982
-1.914462
-1.904411
-1.911101
-1.905526
1.899275
1.895247
-1.910726
1.914653
1.914272
1.910573
1.899648
1.909331
1.912914
1.913523
-1.911816
1.910244
1.912874
1.911518
1.904945
-1.905720
1.913584
1.910652
1.910924
-1.904705
-1.912339
-1.905289
1.913369
1.911663
1.907835
-1.913618
1.849093
-1.908886
-1.892090
1.588961
1.913896
-1.906287
1.911800
1.913083
-1.909419
-1.913440
-1.909095
1.910912
1.910544
-1.911918
-1.914195
-1.906614
-1.908965
-1.912428
1.903249
-1.913536
-1.911815
-1.908329
1.912003
1.913059
-1.913524
-1.914038
-1.913093
-1.911070
-1.910931
1.913711
-1.907191
1.914215
1.902558
-1.910012
1.906879
-1.914369
-1.914471
1.906073
-1.900033
-1.909160
-1.910492
-1.914126
1.899784
-1.907118
-1.912671
-1.911508
-1.914448
1.910912
1.913783
-1.907610
-1.908095
-1.913511
-1.904228
-1.895780
-1.904026
-1.912835
-1.912835
1.912969
-1.910229
1.908314
1.914095
-1.911901
1.888328
-1.899944
-1.913361
-1.913208
-1.911464
-1.910937
-1.914239
-1.696199
1.887134
-1.906802
-1.914431
-1.913959
-1.901958
-1.913523
-1.913677
-1.906311
-1.912498
1.912140
-1.913043
-1.912167
-1.914209
1.901807
-1.903166
1.913874
-1.871910
1.910441
-1.914189
-1.913498
1.912406
1.911111
-1.913842
1.911260
1.911007
-1.912047
-1.912280
1.907405
-1.911756
1.914277
1.908540
1.887740
1.912899
-1.911431
-1.910184
-1.891702
1.913561
1.912547
1.903455
1.909879
-1.375310
1.904252
-1.910960
1.911840
-1.913345
1.901738
-1.914094
-1.912936
1.893964
1.913531
-1.910117
-1.894719
-1.913887
1.904217
1.913477
1.913596
1.908376
1.913129
1.910028
-1.890699
1.913787
1.910971
-1.910469
-1.909148
1.914354
-1.914532
1.899441
1.889913
-1.913186
-1.913612
-1.913946
1.912452
1.883558
-1.911779
-1.912114
-1.913450
-1.906758
1.912662
1.896029
1.900281
-1.878647
1.909282
-1.911531
1.913348
1.912768
1.911324
-1.911061
1.910528
-1.863479
-1.375294
1.886393
-1.912490
1.898488
1.910802
-1.913110
1.911031
-1.910047
-1.913025
1.913585
1.911860
1.913926
-1.896871
-1.901253
-1.912723
1.911574
-1.909092
1.913928
-1.906644
-1.911920
1.908296
1.912295
-1.906179
1.903484
1.912754
1.909579
-1.911697
1.913863
1.914005
1.912963
-1.877564
1.909447
1.911257
-1.895377
-1.912197
-1.914054
-1.911171
1.891968
1.913652
1.914178
1.838220
-1.886197
1.896584
1.913406
-1.913812
-1.914394
1.910817
-1.912077
-1.913585
-1.912063
-1.913956
-1.911803
-1.912122
-1.817414
-1.912879
-1.896974
1.913608
1.906883
-1.911392
-1.891804
1.908401
-1.888242
1.912517
-1.914432
1.912955
1.912750
-1.913720
-1.911677
-1.910852
1.908572
-1.911112
1.913844
1.839521
1.912182
1.912949
-1.910836
-1.909784
-1.913703
1.547621
-1.913576
-1.910571
1.909912
-1.913032
1.909836
-1.914006
1.902603
1.913134
-1.912202
1.911831
-1.912174
-1.913386
-1.911623
1.911618
1.912301
1.898100
1.904605
-1.912930
1.913936
-1.913942
1.910766
-1.910563
-1.913164
-1.911105
1.908925
1.911440
1.913530
-1.901307
-1.907618
1.910877
1.911173
1.909439
1.914189
1.912325
1.908555
1.908362
-1.909498
1.910013
-1.912337
-1.913569
-1.888020
-1.911237
-1.910251
1.911583
1.912582
1.913413
1.913031
-1.909389
-1.904160
-1.912037
-1.913673
-1.901751
-1.913946
-1.907710
1.913002
1.914285
1.913248
1.914045
-1.885989
1.913568
1.913418
1.914419
1.913809
1.862179
-1.913314
-1.885384
-1.910861
1.900941
1.912622
1.913688
1.904777
1.900847
-1.910999
1.911609
-1.912235
1.908076
-1.861557
-1.907081
1.914268
1.911568
-1.898366
-1.911173
-1.913418
-1.912239
-1.914329
-1.862886
1.807083
-1.912488
1.911854
1.913653
1.911136
1.908949
1.911163
1.913431
1.898932
1.912248
-1.913093
1.898985
-1.914139
1.903696
1.913226
1.910365
1.901580
1.910477
-1.912685
-1.909409
-1.910749
-1.905727
-1.877062
-1.911475
1.907092
-1.913862
-1.911674
1.912022
1.910521
1.897810
1.912371
-1.903604
1.906928
-1.907598
-1.908129
-1.912338
1.913363
1.911895
-1.911947
1.912852
1.912629
-1.909553
-1.909474
-1.913795
1.912817
1.903889
1.913277
-1.911442
1.908233
-1.913590
1.903696
-1.883737
-1.909265
1.913280
-1.913640
-1.913145
-1.905367
-1.914289
1.913554
-1.905800
1.913155
-1.911359
1.913539
1.907823
-1.912430
-1.913625
1.790221
-1.913257
1.912979
-1.911399
-1.913865
1.911619
1.874828
-1.911422
1.910928
1.906905
1.913456
1.913251
1.912018
1.891676
1.914563
-1.912667
1.912595
1.914384
1.913267
1.913149
1.905920
-1.912659
1.904258
1.910971
-1.913793
1.901676
1.908184
-1.912634
1.910803
-1.909564
-1.913515
-1.911310
1.913788
1.903075
1.908793
-1.912524
1.902242
1.914604
1.910862
1.896984
-1.914060
1.912572
1.910981
1.906496
1.786552
-1.913600
-1.914382
1.912259
-1.894473
-1.912666
1.913831
1.912970
-1.912871
-1.904499
-1.908905
1.911325
-1.909145
1.913792
1.914016
-1.908813
-1.914042
-1.913934
1.912807
-1.693604
1.910579
-1.913157
-1.914306
-1.913851
-1.907031
1.914014
-1.912445
1.911814
1.914355
-1.910883
1.911687
1.894044
-1.905828
-1.907773
-1.913648
1.907821
1.914048
-1.908055
1.913210
-1.913279
-1.908322
-1.905335
1.908543
-1.908243
1.912168
-1.909761
1.913539
1.913682
-1.906526
1.912871
1.864490
1.910258
-1.903968
-1.913952
-1.896730
-1.912250
-1.912655
1.912563
1.902150
1.913836
1.905300
-1.913542
1.914453
1.909276
-1.907350
-1.911864
-1.907962
-1.912075
1.908908
-1.880309
1.913505
1.913765
1.907605
-1.909827
1.912652
1.913427
-1.911925
1.908602
-1.905579
1.912351
1.912952
-1.900066
1.911531
1.914249
1.911019
-1.910330
1.910504
1.903338
1.907251
-1.891351
-1.914478
1.897164
1.889722
-1.912867
1.911296
1.911588
-1.884500
-1.910853
1.913146
1.912911
-1.913596
1.911669
-1.910897
1.913299
-1.910718
-1.912224
-1.909751
1.913084
1.913500
-1.913540
1.913809
-1.912088
1.913081
-1.905233
-1.911245
1.914257
-1.902035
-1.910289
1.914453
1.910968
-1.910280
1.901608
1.911767
1.914334
-1.912678
1.913579
1.912593
-1.911893
1.909297
1.914156
1.902225
-1.906710
1.908271
-1.906709
1.913928
1.908770
-1.911995
-1.882944
1.911560
-1.913824
1.913117
-1.910976
-1.912149
1.914149
1.912910
-1.878866
1.910763
1.914092
-1.914413
-1.911268
-1.912296
1.911240
1.909373
1.907326
-1.912384
1.910722
1.913251
-1.909111
-1.914072
1.914055
1.912165
1.913659
1.913257
1.909559
-1.913992
-1.913542
1.910305
1.906774
-1.866187
-1.908340
-1.913472
1.904425
1.913085
-1.914193
1.907935
1.912973
1.914421
1.913132
1.914194
-1.912235
1.913526
-1.911573
-1.914013
1.905175
-1.905844
-1.913393
-1.911914
-1.913127
-1.896833
-1.911483
-1.911739
-1.910709
-1.913291
1.913338
1.903836
-1.913369
1.904800
1.910426
-1.910278
-1.890605
-1.913759
1.911657
1.897768
1.913061
1.914535
1.873115
-1.914492
-1.911234
-1.910241
1.909085
1.914372
1.913570
-1.913543
-1.906378
-1.913392
1.904023
1.911899
1.911262
1.913184
1.908569
1.908296
-1.911310
1.906910
1.910160
1.901067
1.914361
-1.913641
1.907391
-1.912778
1.911857
1.911361
1.900782
1.908870
-1.911952
-1.913623
1.910121
1.914153
-1.913248
-1.913777
1.905217
-1.909419
1.913946
1.914200
1.913501
-1.908297
-1.913631
-1.912665
1.908344
-1.910410
-1.913476
1.913679
-1.912944
-1.913234
-1.906096
1.912888
1.866795
1.902363
-1.817640
-1.913350
-1.908043
-1.913857
-1.911168
1.913815
-1.914283
1.909692
1.912428
-1.898874
1.914368
1.906671
1.913822
1.913118
-1.911610
1.913849
1.911229
1.911877
-1.911509
-1.889017
-1.899761
1.913064
1.913504
1.914155
-1.913020
-1.912044
1.912667
-1.913165
-1.912815
-1.909611
1.907043
1.886885
-1.914102
-1.912260
-1.913686
-1.897576
1.911629
1.822064
-1.913414
1.856230
1.896385
1.912141
-1.913986
-1.912104
1.913582
1.909480
-1.913619
-1.913293
-1.914183
1.909794
1.912956
1.913164
-1.860820
-1.913101
1.914057
1.912489
1.907508
1.793812
1.879180
-1.914019
-1.912032
1.911306
-1.913001
1.913479
1.912667
-1.909717
1.914030
1.909544
-1.912544
-1.886242
1.914212
1.908958
1.906686
1.907953
-1.913992
1.885889
-1.891505
1.897774
1.907171
1.914173
-1.914406
-1.910149
1.908374
1.876109
1.908176
1.913582
1.908823
-1.914102
-1.910337
1.905475
-1.913510
-1.900292
1.865808
-1.910761
1.902060
-1.913709
-1.910537
-1.911265
-1.913979
-1.913280
-1.913809
-1.913731
-1.909077
-1.909805
1.908851
-1.911233
1.909715
1.911413
1.910975
-1.899136
-1.914119
-1.910088
-1.900010
-1.912746
1.914464
1.911258
-1.903289
1.909893
-1.911103
1.911896
-1.912757
-1.913434
1.909840
-1.910800
1.910321
-1.913405
-1.908154
1.909384
1.913875
1.901178
1.911524
1.911821
-1.909187
1.875439
1.903454
-1.899441
1.913588
-1.913401
1.877022
1.912375
1.902181
-1.914240
-1.911898
-1.909940
1.906536
1.912577
1.900087
-1.913677
1.911857
1.904534
1.911645
-1.910430
1.914175
-1.912848
-1.889026
1.910845
1.908743
1.909734
1.912269
-1.910986
1.913963
1.911216
1.913522
1.913009
-1.912566
1.911766
1.913514
-1.905857
-1.908552
1.911221
-1.881914
-1.895680
-1.911889
-1.912560
1.903802
-1.904227
-1.905904
-1.910162
1.914006
-1.911718
-1.910797
-1.906329
1.910426
1.912897
1.899121
-1.858162
-1.909606
-1.913822
-1.901577
-1.910878
-1.912082
-1.913956
-1.909960
-1.907865
-1.902677
-1.914136
-1.913152
1.914137
-1.860053
1.910231
1.908015
1.905051
-1.909600
-1.913241
1.746743
-1.911528
-1.882080
1.908953
1.910725
-1.913460
-1.900450
-1.913271
1.908817
-1.911440
1.911244
1.913624
-1.911569
-1.913946
1.910896
1.888498
1.912413
-1.913627
-1.913642
-1.911076
-1.911197
-1.841135
-1.899007
1.895917
-1.914141
-1.909661
1.911465
1.907421
1.911643
-1.891842
-1.904179
-1.909679
1.912292
1.887054
-1.910564
1.907105
1.875360
1.879930
-1.910252
-1.904856
-1.911087
-1.913314
1.913645
1.913085
-1.906155
1.913391
1.914208
1.914045
-1.913265
1.910517
-1.904879
1.874136
1.913939
1.913947
-1.911545
1.911537
-1.907446
-1.911106
-1.913081
1.910982
-1.912638
1.910928
1.913277
1.913842
1.912041
1.912645
-1.892534
-1.913195
-1.905183
1.912741
1.914127
1.911452
-1.912496
1.912431
1.912255
-1.902958
1.909022
1.912390
-1.901864
1.890495
-1.911842
1.913789
1.907682
1.914038
-1.910233
-1.905765
1.914389
1.910893
1.913084
1.911088
-1.912544
-1.913273
1.914306
-0.077431
-1.913852
-1.904644
1.913800
1.909958
1.913841
1.911696
1.910767
-1.907257
-1.912582
1.911438
1.893576
-1.903896
-1.914081
-1.654114
-1.896538
1.913363
-1.911564
-1.913526
1.914091
-1.909109
1.911226
-1.910545
1.911707
1.913739
1.913750
-1.913887
1.913567
1.913493
-1.909310
-1.911999
1.913086
1.913055
-1.913818
1.908827
-1.912424
-1.914237
1.912605
1.913669
-1.911741
1.911624
-1.912306
1.913434
1.895840
-1.912696
-1.910701
-0.120248
1.909966
-1.900263
1.911769
-1.906457
-1.911772
1.913229
-1.912601
1.910840
1.812835
-1.911779
1.790203
1.911911
1.908276
1.913488
-1.910146
-1.909323
-1.912697
1.912924
-1.911948
1.857214
1.898472
-1.913650
1.914141
1.907092
-1.913471
-1.912042
-1.914317
1.885645
1.909140
1.914146
1.913654
1.909002
-1.913699
1.902217
1.911606
-1.896715
1.912701
1.911784
-1.912385
-1.913241
-1.913077
1.909874
-1.912149
1.912190
-1.911412
1.913908
-1.909890
1.901238
-1.906169
-1.885865
-1.914545
-1.863400
-1.907824
-1.907530
-1.743896
1.910594
-1.913595
-1.912723
-1.911706
-1.910377
-1.913301
-1.913116
-1.913864
-1.912995
-1.909336
1.912934
-1.913596
-1.907616
-1.911344
-1.911899
1.913796
-1.912793
-1.911595
1.913116
-1.895846
1.547967
1.910493
1.911380
-1.909233
-1.912976
-1.914410
-1.913646
-1.647162
-1.914107
1.769419
1.895035
1.912897
1.913597
-1.909007
-1.905735
1.912602
1.906348
1.896248
1.909935
-1.909101
-1.909275
-1.911679
-1.908498
1.912295
-1.909198
1.913569
1.911203
1.914248
1.912620
1.909389
1.913731
-1.913196
1.911466
-1.912819
1.912643
1.914184
1.889076
1.911435
1.910845
1.912891
-1.913026
-1.897394
-1.914121
-1.913928
1.904289
1.914027
-1.910649
-1.912257
1.872497
1.914046
1.912847
1.907368
-1.913126
1.912142
1.912634
1.912441
-1.909924
1.913703
-1.914457
1.908630
1.914354
-1.912119
1.913386
-1.571871
-1.910364
-1.913452
-1.899959
1.899041
1.913436
-1.911541
-1.903445
-1.904048
1.914414
1.912471
1.913709
1.905775
-1.913675
-1.913345
1.888627
-1.913740
1.911861
1.913088
1.914109
-1.911362
1.910461
1.912863
1.914005
-1.911647
1.914001
-1.908575
-1.913699
-1.906932
-1.910830
-1.866513
-1.869108
1.904925
1.911292
1.912934
1.913852
1.896600
-1.913340
1.907951
1.912075
1.913189
1.909853
1.875156
1.911861
1.913497
-1.906809
1.895187
-1.889201
1.911867
-1.912603
1.910846
-1.912178
-1.914142
1.903933
1.911013
-1.911442
-1.913884
1.910515
1.912890
1.913083
-1.912498
1.910311
-1.903759
-1.912626
-1.913341
-1.911843
-1.914502
-1.913156
1.908932
1.902525
1.912628
-1.910836
1.909993
1.910633
1.910671
-1.911270
-1.912417
-1.911785
1.906124
1.913033
1.912327
1.912246
1.892665
1.912908
1.913101
1.913286
1.912927
1.913979
1.905582
-1.913240
-1.911802
1.909789
1.902717
1.913684
-1.902277
1.910556
-1.911970
1.913581
1.899940
-1.901677
-1.911455
1.913193
1.912031
-1.913281
-1.913366
-1.912467
-1.909358
-1.908052
-1.911142
-1.911474
-1.893289
1.899139
-1.912637
-1.913291
1.910488
-1.912926
-1.907879
-1.913206
1.914452
-1.891116
-1.910590
1.910640
-1.913151
-1.911620
-1.912594
1.912959
-1.910053
-1.852404
-1.908785
1.895509
-1.881941
1.887792
1.908727
-1.908402
1.913469
-1.914329
1.912924
-1.911514
-1.898460
-1.914669
1.913730
1.913194
1.903840
1.912464
-1.907776
-1.906910
1.913671
1.908862
1.905967
1.913276
1.911935
1.914087
-1.911754
-1.913091
1.908915
-1.913870
1.913258
-1.914416
1.911834
-1.911395
-1.908481
1.901375
1.912802
1.907593
-1.911584
1.911261
1.904998
1.909217
1.913637
1.909952
-1.910685
1.912716
-1.901684
-1.912964
-1.912768
1.910922
-1.912592
1.881069
1.913859
1.907553
1.913354
-1.913801
1.913098
1.913178
1.912799
1.909757
1.910074
1.911481
1.909294
-1.914190
1.900263
1.913324
-1.908497
-1.913868
1.912854
-1.911299
-1.912282
-1.375501
1.912619
-1.913364
1.843813
1.912164
1.913806
1.911818
1.911693
1.913482
1.913288
1.913570
1.913284
-1.911014
-1.911914
-1.907450
1.912983
1.913969
1.867488
-1.891427
-1.914276
-1.911381
1.908180
-1.912940
-1.912064
-1.909715
-1.912894
1.888425
-1.912584
-1.911383
-1.913239
-1.913933
1.913748
-1.910971
-1.910442
1.913704
1.838225
1.907987
1.902025
-1.913633
-1.912230
1.913689
-1.891074
-1.907116
-1.912718
1.911965
-1.909769
1.908667
1.908962
-1.912242
1.914136
-1.909643
1.913688
1.879013
1.911224
1.913570
-1.913049
1.913058
1.899847
1.910155
-1.911910
-1.912710
-1.913676
1.910274
-1.910562
-1.910516
-1.911540
1.910152
-1.914416
1.559793
-1.911696
1.883430
1.913891
-1.907122
-1.914250
-1.911389
1.913497
1.910558
-1.913187
-1.868754
1.913913
1.904363
-1.907567
1.913167
-1.912946
1.912296
-1.913916
1.899127
-1.912449
1.837875
1.914283
1.912848
-1.902007
1.913123
1.853821
-1.914017
1.875443
1.914484
-1.912865
-1.728770
1.913320
-1.911820
1.911088
1.912600
-1.913217
-1.910592
-1.913196
-1.909628
1.910316
-1.912378
1.914307
1.913223
1.911972
1.913508
-1.910530
-1.907293
1.913612
1.913942
1.914000
-1.912831
1.907226
-1.913706
-1.913984
-1.914727
-1.914546
1.913750
-1.909811
1.911257
1.901999
1.903806
-1.907352
-1.913453
1.911432
-1.909428
1.907941
-1.885916
-1.910721
-1.913575
1.884797
1.911943
-1.902441
-1.906593
-1.912045
1.914336
-1.911900
1.864092
1.909451
1.910734
1.908578
-1.913891
-1.908609
-1.911549
1.913034
1.913253
1.911758
1.912780
-1.912910
1.910287
1.911581
1.910926
1.913546
-1.912282
1.910122
-1.910038
-1.910057
-1.910215
1.909384
-1.912429
-1.911629
1.912312
-1.912232
1.912172
-1.904138
-1.913025
1.914219
1.907415
1.909017
1.911674
1.910930
-1.903090
1.914308
1.883586
-1.902568
1.913544
1.914029
-1.914258
1.907941
1.912609
1.909809
-1.910340
1.912445
1.903461
1.906629
1.902683
1.913637
1.913804
-1.910894
-1.865932
-1.911831
-1.902214
-1.912883
1.914541
1.911553
1.901344
1.914572
-1.839342
-1.910510
-1.912505
1.909712
1.910296
-1.912020
-1.911722
1.899579
-1.912133
1.904465
1.913607
-1.908329
1.911250
1.913858
1.913252
1.913826
1.909437
1.913967
-1.905753
-1.910472
-1.911973
1.914593
-1.914184
-1.914377
-1.913136
-1.913437
1.914076
1.909630
1.914317
1.913201
1.910114
1.894886
1.904001
-1.914047
1.899467
-1.913705
-1.912608
1.903177
1.912572
1.911995
1.913793
1.911164
1.910960
1.912108
1.882992
-1.850753
-1.912330
-1.913003
1.908335
1.909976
-1.914239
-1.910395
1.897492
1.912401
-1.897423
1.913532
-1.911556
-1.878448
-1.912993
1.908156
1.910468
1.910539
-1.910881
-1.907484
1.913143
1.902608
-1.910853
-1.913890
-1.913796
-1.897428
-1.902384
1.913889
1.914377
1.904895
-1.913434
1.913027
-1.911520
-1.913919
1.914726
-1.914705
-1.913272
1.910384
1.887094
1.906514
1.911730
-1.905425
-1.909308
-1.911711
-1.913439
1.903272
1.913438
1.911238
1.914002
-1.907421
-1.913202
1.907370
-1.623370
1.908341
1.913969
1.910959
1.911823
-1.913150
1.908705
-1.895088
1.912288
1.913535
1.882327
1.913081
1.914235
1.912087
1.913200
-1.906291
1.913939
1.913866
-1.902112
1.913964
-1.892402
-1.912280
1.908079
-1.911963
1.908743
-1.909534
1.914482
1.905370
1.911777
-1.911534
1.913252
-1.911933
-1.912449
-1.913037
-1.911320
1.914444
1.911396
-1.907553
-1.913164
1.913356
-1.913223
-1.905126
1.908554
-1.913375
1.913464
-1.866151
-1.913597
1.912770
1.786431
-1.909596
1.897985
1.913513
1.911037
-1.904094
-1.914236
-1.914301
1.910265
-1.908493
-1.912976
1.905238
1.909638
1.911493
-1.911045
-1.908967
1.911079
-1.912036
-1.911609
-1.913714
1.913265
1.912045
1.914020
1.913575
-1.912602
-1.911874
-1.910105
1.901295
-1.912386
1.909064
1.905523
-1.899787
-1.912575
1.914247
-1.912450
1.908513
1.909533
1.904408
-1.909774
1.908134
-1.907560
-1.912739
1.913143
-1.908973
-1.913823
1.888031
-1.913302
1.911012
-1.891199
-1.913193
1.901885
1.913688
-1.906497
-1.898118
1.882392
-1.911949
-1.908749
1.848995
1.910506
1.900567
1.913609
1.913868
-1.911891
1.913204
1.914643
-1.907391
-1.909321
-1.912829
1.913590
1.911010
-1.908289
1.908925
-1.911902
1.909721
-1.910089
1.913324
-1.914258
1.907197
-1.912816
-1.914476
1.869375
-1.907658
-1.910532
-1.914775
1.900244
-1.912335
1.903446
1.914168
-1.912021
1.617610
1.801720
-1.913631
-1.911976
1.909315
-1.912051
1.912253
1.903691
-1.906977
1.903288
1.887734
-1.912826
1.910412
1.912433
-1.728364
-1.912283
-1.898499
-1.913309
1.910957
-1.906852
1.912869
-1.911411
-1.913986
-1.913800
-1.912158
-1.907243
-1.913591
1.914521
1.905307
-1.907769
1.899986
1.913027
1.909076
1.906166
1.914233
1.912739
1.908162
1.907878
-1.912729
-1.913317
1.909620
1.913401
-1.908714
1.895054
-1.906505
-1.908564
-1.907709
-1.911007
1.912191
-1.909524
1.913611
1.913432
1.892282
1.913541
-1.911338
1.910899
1.909839
1.911206
-1.913626
1.907408
1.906519
-1.903759
1.912516
-1.913265
1.883004
-1.913278
-1.912567
-1.911860
1.913296
1.913829
-1.909089
-1.891401
-1.912696
-1.914212
-1.912203
-1.907877
-1.914561
-1.912976
-1.912895
1.913098
1.911283
1.911994
-1.907258
1.913796
-1.906187
-1.912053
-1.910877
-1.914144
-1.910312
1.911360
-1.913435
1.913924
-1.912702
1.912493
-1.909664
1.908749
-1.914354
-1.912641
-1.911824
1.913367
-1.912753
1.913207
1.899765
-1.911442
-1.912120
1.912965
-1.913911
-1.913915
-1.913928
-1.914030
-1.861263
-1.910428
1.895395
-1.910896
1.913180
1.910128
-1.913600
-1.913019
1.869872
-1.911366
-1.908383
1.889451
1.914167
-1.913609
1.888543
-1.910034
1.912968
1.909204
-1.914378
-1.911573
-1.913720
-1.626544
-1.912043
1.908454
1.906211
1.913085
1.912542
1.913906
1.911301
1.914046
-1.913725
-1.914026
-1.901654
1.911867
-1.913680
1.914000
1.912598
1.914484
-1.913116
-1.852252
-1.906879
1.913512
-1.913837
1.914498
-1.894630
-1.910287
1.913861
1.911529
-1.910552
1.853268
1.907652
-1.911532
1.913302
-1.892983
-1.912129
1.909781
-1.913904
1.904904
1.905981
1.912965
1.911202
1.911226
1.908566
1.913271
1.909998
-1.909416
1.908728
1.914035
-1.911801
1.911689
1.912985
-1.896305
-1.907374
-1.911792
-1.899181
-1.910928
-1.911954
-1.910263
-1.912771
-1.909352
-1.913090
-1.912905
1.913996
1.911344
1.909589
1.913826
1.871035
1.914436
1.909972
1.902707
1.911912
1.913696
-1.901932
-1.841649
1.910335
1.911914
-1.911873
1.913932
-1.883392
1.913234
-1.895506
1.888175
-1.832467
-1.912570
-1.906185
1.899339
-1.911265
-1.913204
1.908633
1.912694
1.910662
-1.913243
1.913669
1.912164
1.910626
1.909626
1.914039
1.912005
1.912763
-1.900581
-1.912406
1.903955
-1.913148
-1.912580
-1.904664
1.878122
1.913400
-1.902577
-1.896391
1.911789
-1.913617
-1.905836
-1.899390
1.903754
-1.910281
-1.862814
-1.911758
1.913258
-1.914257
-1.913010
1.900721
1.914194
-1.910840
1.913654
-1.912327
-1.908907
-1.913863
1.912420
1.911305
1.910707
1.877022
1.914350
1.914527
-1.913445
1.914218
-1.912641
1.881248
-1.913031
1.913901
1.893501
1.904538
1.914185
1.912659
1.909123
-1.913628
1.913872
1.913473
1.911687
-1.880651
1.905270
1.905255
1.911777
-1.898665
-1.913278
-1.914096
1.910701
1.900789
-1.912686
-1.914105
-1.914150
1.910240
-1.912331
1.914520
1.909476
-1.911299
1.910660
-1.913941
-1.908375
-1.905559
-1.913965
1.908351
1.790405
-1.913067
1.913703
-1.912911
1.911514
1.901150
1.910040
-1.914238
1.914249
1.911552
1.908851
1.913691
1.911697
1.914198
-1.910950
-1.913958
-1.911934
-1.904517
1.907003
-1.911217
-1.914123
-1.910780
1.913970
1.912558
-1.912470
1.907161
-1.902179
1.912879
1.913404
1.910964
1.912314
1.911870
1.909472
-1.906882
1.886464
-1.909788
-1.908327
-1.909359
-1.903865
1.911629
-1.914196
1.908621
1.914272
1.913896
1.907175
-1.910851
-1.913265
1.906710
-1.913654
1.913476
1.906578
-1.914234
-1.912789
-1.912562
-1.913445
1.912049
1.914449
1.913848
-1.913548
1.914113
-1.897167
1.897899
-1.910460
1.873601
-1.912799
1.913929
1.913559
1.913951
1.912929
-1.913997
-1.899165
-1.700444
1.903694
-1.914088
1.910909
-1.911414
-1.912826
-1.844985
-1.912972
-1.913491
-1.908641
1.913222
1.911831
-1.908701
-1.914162
1.908235
-1.909874
-1.906310
1.913378
-1.904145
1.912478
-1.914645
-1.913438
1.909838
-1.891274
-1.906127
-1.907224
-1.903609
1.902884
1.911670
-1.910907
1.887400
-1.913421
-1.910267
1.914368
1.909026
-1.913467
-1.914097
-1.912722
1.904076
1.912099
-1.913414
1.913747
1.911334
1.913093
-1.901410
1.912809
-1.907710
1.914127
-1.913033
1.913367
-1.913551
-1.888282
1.905421
1.912914
-1.912920
-1.910543
1.908365
1.803368
1.909955
1.912298
1.906231
1.912103
-1.909678
-1.895553
1.907723
1.913414
-1.913436
-1.878924
1.912801
-1.905859
-1.907340
1.913109
-1.902217
-1.912354
-1.914164
-1.910801
-1.913077
-1.911503
-1.909208
-1.899454
-1.898880
-1.912072
1.914077
1.914046
-1.913388
1.911985
-1.911703
1.913634
1.909442
1.911450
-1.913877
-1.913279
1.912795
-1.910407
1.901812
-1.912486
-1.913228
1.913092
1.912444
-1.913421
1.900388
-1.888275
1.912472
-1.911197
-1.912540
1.914404
1.908151
1.911948
1.910853
1.910764
-1.912638
1.913531
-1.914046
1.914185
1.908777
1.914117
1.912755
1.913285
1.893772
1.912067
1.902935
-1.911754
1.913631
-1.912740
-1.904614
-1.907375
1.912224
-1.914304
1.910985
1.910445
-1.914021
1.908615
-1.913534
-1.910669
1.911172
1.913894
-1.912841
-1.910546
-1.913421
1.899541
-1.888051
-1.913537
1.912353
-1.912259
-1.909710
1.907797
1.913716
-1.885222
-1.913572
-1.911230
1.913972
1.910379
1.914174
-1.903991
1.910884
-1.913396
1.913448
1.911838
1.909967
-1.913183
-1.912472
1.914189
-1.914153
1.902397
1.876015
1.913441
1.912794
-1.914199
1.910690
-1.893082
-1.905575
-1.913079
1.912849
1.912167
1.911870
-1.911401
1.896341
1.907106
-1.879280
1.914060
1.908577
1.913887
1.907453
1.907329
-1.914625
-1.894921
-1.889537
1.885050
1.876592
1.912325
-1.904039
1.911440
1.904489
-1.911112
1.912110
1.914240
1.913171
1.913952
1.909912
1.914204
-1.913160
-1.913704
-1.908202
-1.913091
-1.912030
-1.908940
-1.892222
1.910983
-1.862492
-1.914243
1.912878
-1.914225
-1.911427
-1.913023
1.913652
-1.760717
1.913602
1.914037
1.910090
-1.912634
1.910278
1.908278
-1.913022
1.913021
-1.911372
1.912714
-1.910662
-1.912418
-1.904434
-1.905375
1.912816
1.876807
1.910106
-1.912439
1.903896
1.911894
1.911542
1.904032
-1.914083
1.856053
-1.911503
1.912231
-1.910948
1.912781
1.911518
-1.913495
-1.913795
-1.914045
-1.911251
-1.912162
-1.912967
-1.912152
-1.909288
1.913722
-1.913542
-1.914205
1.909107
-1.913757
-1.910481
1.913699
-1.912270
-1.911353
1.883873
1.884243
-1.913062
1.907007
-1.905421
1.907127
-1.913494
-1.907898
1.911766
-1.913651
1.912270
-1.913530
-1.908999
-1.897258
1.895917
1.914626
1.913870
1.910794
1.913017
1.909912
1.909468
-1.911844
-1.913348
-1.913019
-1.909464
1.912732
-1.904869
1.913045
1.913301
1.911234
-1.913452
1.895470
-1.910912
1.906468
-1.914299
1.780497
-1.912762
-1.905729
1.909449
1.913380
1.903833
-1.913806
-1.895421
-1.903911
-1.912145
1.914116
-1.889251
1.914303
1.913042
1.909768
-1.912049
1.911758
-1.911749
1.912704
-1.913962
1.913007
1.911104
-1.910518
1.913536
-1.911967
1.909445
-1.914154
1.910019
-1.913821
-1.911601
1.914117
-1.913467
-1.907516
-1.888437
-1.913881
-1.913693
-1.890697
-1.899652
-1.912984
1.912378
-1.913355
-1.913704
1.911450
-1.912793
1.895686
-1.906645
-1.913595
1.910341
-1.912395
1.905559
1.912881
-1.910439
-1.897224
1.913961
1.913478
-1.909995
1.907380
-1.913072
-1.910498
1.897752
-1.914157
1.908317
1.904020
-1.911195
1.913547
-1.914188
1.914348
-1.901763
1.909069
-1.909554
1.912936
-1.899423
1.902428
-1.913703
1.912032
-1.912248
1.911595
-1.914364
-1.912852
-1.897934
-1.913092
1.913111
1.897546
1.899255
1.911435
-1.913184
-1.913907
-1.906362
-1.909221
1.911371
1.908986
1.913039
-1.899383
-1.911374
-1.905138
-1.913988
1.899229
1.907337
-1.891987
1.907110
-1.909790
1.888774
-1.902307
-1.910350
-1.912486
1.913681
-1.913623
-1.911628
-1.913605
1.913082
1.891731
1.913198
-1.912110
1.913931
1.908855
-1.899892
1.913229
1.905859
-1.905869
1.911793
-1.913224
-1.912410
1.911282
-1.913505
1.905426
-1.911687
-1.912089
1.885569
1.911766
1.840981
-1.910429
-1.910523
-1.910767
-1.913423
1.912589
1.900818
-1.898871
1.911039
1.905475
-1.912334
1.909863
1.911464
-1.914025
1.912533
-1.904826
1.894200
1.912869
-1.911032
1.913520
-1.913834
1.913391
-1.912038
-1.914217
1.912149
-1.859632
1.909301
-1.912779
-1.907459
-1.908278
1.913474
-1.913081
-1.911258
-1.909972
1.906846
1.908773
1.911370
1.912344
-1.914296
1.913196
-1.913859
-1.913686
-1.912279
-1.857976
-1.910686
1.910349
1.911843
-1.910983
-1.914073
-1.911188
1.910304
-1.913812
1.802171
1.911233
1.912875
-1.913677
-1.907726
1.909589
1.914341
1.914076
-1.870674
-1.897411
1.906736
-1.878389
-1.910523
1.914414
1.898589
-1.911750
1.913428
1.911282
-1.901042
1.913141
1.912118
1.911975
1.913889
-1.911006
1.912407
1.911407
-1.893575
1.907735
1.907123
-1.908100
-1.907834
1.898969
-1.912038
1.913777
1.912606
-1.907411
1.902067
1.912661
1.914115
-1.907102
-1.913484
1.908837
1.889824
1.904521
1.913311
-1.884302
-1.908271
-1.809539
1.908652
-1.913162
1.914000
-1.912093
-1.816916
1.914487
1.898585
-1.912373
1.911727
1.912990
1.914121
-1.913770
1.914273
1.907004
1.910678
1.907677
-1.911254
-1.898287
-1.913169
1.913429
-1.911983
-1.911937
1.908686
1.909411
1.914097
1.909475
1.911390
1.913819
1.913813
-1.914284
1.912781
-1.913237
1.904065
-1.879431
-1.908573
-1.912813
1.906017
1.910639
1.912694
1.913897
1.872798
-1.912177
1.913028
-1.913828
1.909441
-1.912816
-1.909983
-1.907678
1.914291
-1.914445
1.912393
1.911910
-1.913655
-1.909377
1.913468
-1.912975
-1.901817
-1.896400
1.914464
-1.911853
1.905360
-1.902882
1.912454
1.914476
1.909909
1.913411
-1.905070
-1.909537
1.886908
1.910896
-1.913910
1.904890
-1.912999
-1.913384
-1.913378
-1.908972
1.912439
-1.912736
-1.910822
-1.887932
1.909781
1.913642
1.914431
1.913122
-1.913083
1.912784
1.911577
-1.889808
1.913347
1.912523
-1.913368
-1.887233
1.912306
-1.913342
1.887828
1.912998
-1.914002
1.909851
-1.909613
1.913512
1.909285
1.909042
1.910654
1.905325
1.910921
1.907045
-1.909549
1.911827
-1.883178
-1.913086
1.910581
1.891983
1.894627
-1.911206
1.903011
1.914178
-1.897943
-1.906551
-1.909939
-1.914501
-1.332114
1.909675
1.913265
-1.913572
1.912313
1.912635
-1.908276
-1.913890
-1.914309
-1.914364
-1.892519
1.914119
-1.912911
1.913316
-1.903605
-1.893635
-1.913973
1.912564
1.911802
1.913137
-1.903536
1.913123
-1.911554
1.911822
-1.912754
1.914193
1.911781
-1.896776
-1.888071
1.905782
1.910310
-1.907458
1.909991
-1.906988
-1.912446
-1.913287
1.910743
-1.912370
1.905719
-1.900413
-1.910832
-1.910079
1.914353
-1.888885
-1.913853
-1.912829
1.912027
1.913225
1.908108
1.904634
1.913540
1.912664
-1.911798
-1.908734
-1.912392
1.897402
-1.911054
1.905415
-1.911495
1.902492
1.909523
1.911554
-1.902564
-1.912606
-1.910992
-1.912244
1.906458
1.896206
1.913003
1.912339
1.911785
-1.797839
1.889861
1.884090
1.909347
-1.907933
1.895678
1.914083
-1.912922
-1.906444
-1.905729
-1.845211
-1.910608
-1.911786
1.911788
-1.914191
1.911293
1.880549
-1.913115
-1.874846
1.898178
-1.905291
1.907138
1.909560
1.909520
1.910191
1.911669
1.912647
-1.894659
-1.914689
-1.906445
1.913520
-1.911526
-1.914115
1.893458
-1.910461
-1.900187
1.913238
1.894004
-1.898177
1.908634
1.912948
1.912612
1.914525
-1.909489
-1.911936
-1.910387
1.908117
1.912871
-1.914412
1.911559
1.913003
-1.909454
-1.913669
1.911366
-1.909095
-1.908518
1.910076
-1.840985
-1.907488
1.909295
1.863173
1.914383
-1.907055
-1.912961
1.911258
-1.866075
1.901640
1.913548
-1.912346
1.908760
1.904378
-1.913619
1.913413
-1.913835
-1.913232
-1.896950
1.898122
1.904339
1.912281
-1.898946
-1.913778
1.911309
1.912602
-1.914133
1.910204
-1.912939
-1.901882
-1.906687
-1.914001
1.909255
-1.913834
1.910835
-1.913835
1.913440
-1.911909
-1.913536
-1.911621
-1.914461
-1.907754
-1.913464
-1.913089
-1.911869
-1.913286
1.910512
-1.911428
1.914074
-1.914434
-1.911314
-1.912768
1.912391
1.913257
-1.912575
-1.913953
1.912606
-1.910016
1.910355
-1.909087
-1.899870
-1.911824
-1.844400
-1.913629
1.911323
1.908266
-1.912454
1.912088
1.909417
1.913635
-1.910071
1.871632
-1.902400
-1.912012
1.907352
1.907657
-1.913140
1.818556
1.910158
1.911733
-1.910503
-1.913028
1.908884
-1.907199
-1.913033
-1.909653
1.905325
-1.863163
1.913347
-1.912581
-1.906058
1.908906
-1.905377
1.910066
-1.911685
1.894807
-1.881333
1.912508
1.909211
-1.912707
-1.912765
1.913482
-1.913761
-1.914348
-1.910241
1.907269
1.886742
-1.911340
1.908854
-1.912081
1.911070
1.914664
1.911260
-1.884655
1.913472
1.910959
-1.913632
1.912590
1.913813
1.913672
-1.911869
-1.908180
1.908860
-1.911171
-1.912808
1.910789
1.911306
1.913149
-1.908126
1.913267
1.914054
1.913558
1.912023
-1.914746
1.913614
1.903538
1.883751
1.802393
1.914127
-1.911936
1.903610
-1.913160
1.912089
-1.913449
-1.913847
-1.903801
1.911437
1.910846
-1.912611
1.906417
-1.913974
1.914087
1.911693
1.913766
-1.912421
-1.913567
1.891045
1.913196
-1.913845
1.911497
-1.914230
1.913703
-1.914175
1.906451
1.902290
1.908090
-1.902215
1.912487
1.913250
-1.909387
1.903562
-1.904209
1.913180
-1.911586
1.912334
-1.908856
-1.911025
1.914274
-1.889544
-1.912514
1.913161
1.913836
1.894413
-1.912867
-1.911695
1.812831
1.912708
-1.914349
1.907908
-1.912850
-1.906126
-1.906021
1.909445
-1.914035
-1.912879
1.906041
1.818594
-1.913039
1.913198
1.910037
-1.906124
1.905307
1.867823
1.913571
-1.882662
-1.907199
1.911980
1.911259
1.913791
1.902505
1.914106
-1.907478
1.913597
-1.905814
1.910736
-1.906197
-1.885103
1.913095
1.908766
-1.906519
1.913595
1.913033
-1.904514
-1.913262
-1.909202
-1.912872
-1.910709
1.913743
1.914340
-1.911431
1.912816
1.908438
1.910635
-1.913004
-1.894661
-1.869206
1.910779
1.911737
1.912846
-1.908855
-1.911486
-1.894940
-1.910193
-1.907083
1.903635
1.909548
-1.902089
-1.913414
-1.909623
1.884443
-1.904624
1.911469
1.914473
-1.912722
1.913304
-1.912422
1.900707
-1.912575
1.884882
1.913543
-1.911706
-1.914278
1.913363
-1.912066
-1.913954
1.908890
1.888609
-1.907241
-1.332408
-1.909000
-1.900328
-1.910466
-1.913184
1.913110
1.910367
-1.907479
1.906612
-1.914306
-1.572049
-1.909182
-1.913647
1.909517
-1.913250
1.910520
1.906757
1.907797
1.907980
1.907349
-1.911492
-1.914398
1.904432
-1.905412
-1.894130
1.912401
1.914446
1.914381
-1.910780
1.914472
1.900661
1.910163
-1.912851
-1.914330
-1.914367
1.909862
-1.906795
-1.902461
1.894755
1.905079
1.913897
-1.913003
-1.913965
-1.910203
-1.757418
-1.912418
-1.839444
1.912025
-1.912932
-1.908130
1.914414
1.912816
-1.909676
1.904827
1.914175
-1.914241
1.902572
-1.914202
1.914080
-1.910884
-1.910462
1.907459
1.907836
-1.907190
-1.911949
1.903864
-1.910642
-1.904781
-1.911137
-1.911198
1.914246
-1.907121
-1.913877
-1.892153
-1.906289
1.904616
1.912323
-1.913242
1.898762
1.906339
1.913244
-1.912278
-1.914123
1.913086
1.913631
1.908239
-1.913163
1.914050
1.914266
1.910636
-1.912857
1.912375
1.910913
-1.908834
1.909597
1.912384
1.913608
-1.913362
-1.913588
1.906353
-1.912626
-1.912732
-1.913015
1.914054
1.909474
-1.912812
-1.910870
1.914270
1.877912
1.914112
-1.911089
1.914186
-1.913944
1.912987
1.914353
-1.909617
-1.889224
-1.836692
-1.910660
-1.911573
-1.914280
1.913596
1.912347
-1.910921
1.913964
1.900100
1.913230
1.911905
1.891119
1.913477
-1.911015
-1.903482
1.912220
1.887606
1.914043
-1.902803
1.889421
-1.845608
1.911627
-1.911907
-1.904583
1.914013
-1.910817
-1.910214
-1.914371
-1.913244
1.910673
-1.907994
1.910407
1.910788
1.911623
-1.907383
1.913475
-1.913889
-1.909566
1.913269
-1.912537
1.912746
-1.907497
-1.914052
-1.914101
1.914029
-1.913979
1.913380
1.911754
1.913036
1.877406
-1.908023
1.908625
1.913719
-1.910771
1.910059
-1.908597
-1.912827
1.912708
-1.862919
1.913263
1.911381
-1.866065
1.908358
-1.912247
-1.906788
1.911586
-1.913576
1.913709
1.914609
-1.911297
1.908237
-1.911539
1.903984
-1.912048
-1.908059
1.912144
-1.914510
-1.865291
-1.911875
1.910436
-1.914135
1.856502
-1.913255
-1.880339
-1.906263
1.914048
1.891737
-1.865874
1.913017
1.913908
1.911886
-1.910778
-1.913290
1.913461
-1.913110
1.913557
1.913135
-1.914367
-1.914474
1.914319
1.899201
1.912398
1.914315
-1.911269
-1.909919
1.909703
-1.911632
-1.911969
-1.910934
1.910321
-1.911647
-1.909891
-1.913374
1.909789
-1.914070
-0.120283
-1.913460
-1.913609
-1.894913
-1.906619
1.879576
-1.911041
-1.914088
1.893660
1.913547
-1.908420
1.913447
1.906141
1.909133
-1.913938
-1.904303
-1.911096
-1.914384
-1.906993
1.911971
1.911659
-1.914018
1.903317
-1.913763
1.912851
1.911405
1.907320
1.913485
-1.912799
1.910930
1.911834
1.907829
-1.905775
-1.910945
-1.913511
1.912558
-1.909835
-1.910011
-1.913360
1.908126
-1.905901
1.912357
1.913369
1.911257
-1.911976
1.914446
1.913486
1.911098
1.890687
-1.914266
-1.902228
-1.845151
-1.907150
1.904281
1.912054
1.914386
1.909752
1.914551
-1.912801
1.910337
1.914593
-1.913031
1.887657
-1.912844
-1.912732
1.912872
-1.913577
-1.913789
-1.912905
-1.889991
-1.906516
-1.907829
1.914121
-1.913207
-1.913267
1.909481
1.902899
1.906531
-1.901923
-1.913620
1.911082
-1.896953
1.910576
-1.900477
-1.913848
1.908431
-1.910009
1.910665
1.914193
1.912088
-1.913925
-1.883361
-1.817275
1.912670
1.911690
-1.908274
-1.911095
-1.902854
-1.911994
1.913300
-1.908157
1.878846
-1.911652
1.914549
1.851610
-1.911734
1.913577
1.912771
1.912835
1.909645
1.910194
-1.912128
-1.910046
-1.908561
-1.912828
1.914164
-1.899079
1.905035
-1.906913
1.910574
1.912721
-1.914299
1.912330
-1.907778
-1.911605
1.904744
1.905951
1.910657
-1.912357
1.912324
-1.913594
1.911138
-1.913433
1.904239
1.914245
1.867455
-1.911511
1.914085
-1.912052
-1.913243
-1.913706
-1.910232
-1.913681
-1.913824
-1.909548
1.914487
-1.913427
1.912991
-1.881141
1.912666
1.905361
-1.912032
-1.914034
-1.910087
-1.911271
-1.654664
1.908983
1.908622
1.906359
1.911650
1.911666
1.913921
-1.906544
-1.912586
-1.898245
1.912195
-1.911036
1.913148
1.913379
1.914214
1.857215
-1.913452
-1.868926
-1.913818
-1.909130
1.910715
1.913562
-1.913074
-1.906838
-1.911675
1.908271
-1.914126
1.913736
1.901089
1.911897
-1.911934
-1.914012
1.913787
1.913000
1.913105
1.912576
1.907644
-1.901614
-1.914034
1.912180
1.913391
-1.898592
1.879358
-1.896774
1.914184
-1.906875
1.912936
-1.914045
-1.912099
-1.899301
1.908308
1.912617
-1.901167
1.902398
1.913864
1.905323
-1.914362
1.910398
-1.911978
1.895007
-1.904899
1.912077
1.894420
1.902777
1.913610
1.912252
1.913937
-1.909851
-1.914485
1.912413
-1.913206
-1.910014
-1.909693
-1.911582
1.910701
1.913681
1.913257
-1.912694
1.913399
1.902401
-1.911186
-1.913919
1.911601
-1.912120
1.914560
1.910578
-1.904857
-1.914122
1.913087
1.913150
1.913977
-1.914092
1.913757
-1.898759
1.859797
-1.886632
-1.912096
-1.912071
-1.913833
1.904378
1.909659
1.906732
1.910497
-1.913416
1.910803
-1.913797
-1.913300
-1.909521
1.905216
-1.896653
-1.914179
1.913396
-1.914247
1.913794
1.907579
1.912794
-1.914320
1.906175
-1.913616
1.910979
1.914187
1.912392
-1.907900
1.909631
1.913643
1.909405
1.897687
1.912260
-1.912743
-1.914135
-1.911811
1.913195
1.548593
1.912927
-1.913715
-1.912332
-1.912594
1.909960
1.911950
1.912103
-1.912831
-1.913994
-1.905527
1.912223
-1.913929
-1.863774
-1.903553
-1.909067
-1.903166
-1.906751
1.913813
-1.912470
-1.914491
-1.817581
1.913436
-1.914076
1.908502
1.911124
1.904090
-1.913058
-1.911246
1.911509
1.911028
1.911479
-1.911028
1.910663
-1.891958
-1.912081
1.913329
-1.913038
-1.912598
-1.896221
1.913465
-1.912285
-1.905675
-1.909804
-1.912069
-1.911616
-1.907106
-1.895621
1.904229
1.914530
1.911272
1.911765
-1.905028
1.908117
-1.913911
-1.914549
-1.913807
-1.912875
-1.899304
-1.913824
-1.912224
-1.908611
1.902084
-1.912337
1.913362
1.910459
1.913807
1.912111
-1.912152
1.913351
1.912113
1.903508
1.907377
1.896277
1.911719
1.913505
-1.912452
1.913683
1.913939
-1.896217
-1.901714
1.904144
-1.908487
-1.913744
1.913453
1.911812
1.914302
1.907859
1.911914
-1.910557
1.906740
1.914087
1.912819
-1.911652
1.909462
1.913138
1.911821
-1.909888
-1.910802
-1.882257
1.908093
-1.845507
1.913845
1.895456
1.909848
1.914350
-1.913556
1.913719
-1.914156
-1.913315
-1.913750
1.873046
1.913312
1.912316
1.914279
1.913338
1.910128
-1.911902
1.912776
1.912736
-1.913050
-1.907744
-1.906175
1.913653
1.914022
-1.910634
1.914243
1.912643
1.914608
-1.905366
1.912621
-1.912850
-1.913797
1.914063
1.914447
-1.912948
-1.913144
-1.914175
-1.913355
1.910547
-1.911750
1.912127
-1.913021
1.911126
1.902056
1.862621
1.895958
1.902186
1.912908
1.914354
1.912459
1.914420
-1.912022
-1.910043
-1.914119
1.911542
1.888144
-1.914351
1.901120
1.912376
-1.910027
1.899272
-1.909623
-1.913187
-1.911259
-1.910945
1.907377
1.913479
-1.909110
-1.896578
-1.913657
-1.914155
-1.913652
1.900918
-1.911541
1.913785
-1.906447
1.818776
1.910935
1.910507
-1.899545
1.910411
-1.914366
-1.909409
1.908653
-1.906002
-1.887526
-1.912751
1.914259
1.907363
1.913556
-1.912235
1.909752
1.914577
-1.913230
-1.912780
1.909339
-1.914608
1.914189
1.912029
1.907359
1.897222
1.910529
-1.913340
-1.913006
-1.908961
-1.904555
-1.913633
-1.909518
-1.911758
1.877090
1.910388
1.914280
-1.913478
-1.907476
1.913465
-1.913623
-1.909351
-1.911581
-1.912860
-1.911238
1.911833
-1.911934
-1.911327
1.913909
-1.907868
1.912611
-1.913835
-1.911381
1.904310
-1.899898
-1.913287
-1.914498
1.911864
-1.911681
1.889591
1.912045
-1.912347
1.426754
1.911504
-1.912746
-1.912282
1.913656
-1.911200
-1.911343
-1.913682
1.911828
1.914169
1.885998
-1.895391
1.913010
1.911518
-1.891950
1.913736
-1.913763
1.912864
1.914248
-1.913139
1.913246
-1.914486
-1.913996
-1.914287
-1.904039
1.912032
-1.909446
1.907186
-1.914084
1.863254
-1.911071
-1.911680
-1.912173
1.841018
-1.911270
1.914139
1.908304
1.913704
1.911746
1.911957
-1.906296
1.908493
1.904112
1.911590
-1.901969
-1.838810
-1.908443
1.912755
-1.912509
-1.912650
1.908877
-1.626422
-1.885320
1.912767
-1.912984
-1.913858
-1.913082
-1.913490
1.913822
-1.911248
1.911900
1.895836
-1.907030
1.907796
1.906899
1.906610
1.912085
1.909603
1.913050
-1.894049
1.912688
1.907111
-1.871221
1.912817
-1.910794
-1.911604
-1.909323
1.903147
1.908944
1.911728
-1.913921
1.906986
-1.908922
1.914073
-1.902098
-1.910995
-1.908583
-1.905535
1.912991
-1.911755
-1.914025
-1.912752
-1.914297
-1.913121
1.911540
1.913584
1.910523
-1.912258
-1.910492
1.869582
-1.908435
-1.913276
-1.912345
1.911842
-1.914109
1.912781
1.897368
1.910912
-1.913079
1.890202
1.914007
-1.913511
-1.901786
1.860235
1.911421
-1.908196
-1.911814
-1.908551
-1.913105
-1.906721
-1.894650
-1.898758
1.914701
-1.911869
-1.906492
1.912311
1.899028
1.904027
1.911633
1.900241
-1.912876
1.907415
-1.904501
-1.904802
1.914170
1.910361
-1.908746
1.913919
-1.913440
-1.898808
1.910886
-1.914464
-1.909871
1.914098
1.909581
1.899212
-1.912450
-1.913228
1.911063
-1.912345
-1.914255
1.913619
-1.910403
-1.911243
-1.913941
1.912888
-1.913612
-1.908299
1.912508
1.876654
1.913449
-1.912021
1.902362
-1.911490
-1.914093
-1.913403
1.914329
-1.892815
1.911011
1.912869
-1.913579
1.911359
1.912864
-1.913859
1.910548
1.907918
1.909909
1.911816
-1.907121
-1.902886
-1.743830
-1.913367
1.912090
1.913833
1.913044
-1.894595
1.911608
-1.912951
-1.912408
1.912687
1.911411
-1.914194
-1.905181
1.909385
1.905722
1.913932
1.913215
1.911525
1.912748
1.913259
1.912083
1.913481
1.908355
1.913451
-1.899580
1.910795
1.913146
-1.913774
-1.899899
1.910467
1.912078
-1.913609
-1.913895
1.911851
1.913826
1.913199
-1.910865
-1.911800
-1.900472
1.903193
-1.816879
-1.911170
-1.906826
1.904029
-1.223468
1.914329
1.912899
1.910680
-1.903412
-1.911400
1.913594
-1.913116
-1.898975
-1.912919
-1.910909
-1.911862
1.912501
1.913409
1.893135
-1.908117
1.877770
1.908224
1.895049
1.913097
-1.895230
-1.913210
-1.911733
1.913319
1.912129
1.911910
1.912672
1.913980
-1.910370
1.913254
-1.913194
-1.914444
-1.911619
1.910931
-1.907162
-1.909299
1.913851
-1.911444
1.910341
1.911983
1.911834
1.896948
-1.763337
1.912975
1.914611
-1.905223
-1.912131
-1.913352
1.913197
-1.910540
-1.910653
-1.913489
1.907796
1.907990
-1.910578
-1.913930
1.910289
1.880135
1.908972
1.911869
-1.903143
-1.911122
-1.913954
1.911437
1.910946
-1.912720
1.906897
1.899130
1.906334
1.772167
-1.901827
-1.910441
-1.912976
1.901941
-1.910706
-1.896936
-1.909000
-1.908976
-1.913633
1.902793
-1.743052
-1.909061
-1.914554
1.912649
-1.914277
1.911752
1.913438
-1.903218
1.913162
-1.911256
-1.906107
1.909840
1.902821
1.911914
1.910001
-1.912414
1.913166
1.911788
1.909586
1.912519
-1.914505
-1.913531
-1.912808
-1.912476
1.913609
1.910908
1.903829
-1.911455
-1.912587
1.589243
-1.913317
1.908595
1.913743
1.913325
-1.890554
1.914240
1.909858
1.913716
1.914623
-1.912190
-1.913314
-1.909376
-1.909749
1.902746
-1.913684
1.898779
1.911002
1.913532
-1.864633
-1.863922
1.914417
-1.904443
-1.914116
-1.913216
1.913212
-1.907725
-1.886290
-1.913104
1.912886
-1.914394
1.911966
1.912322
1.908042
1.913663
1.913812
1.892928
-1.910676
-1.912719
-1.909357
-1.913546
-1.912120
-1.909557
-1.914088
-1.911341
-1.912502
-1.914041
-1.913298
-1.912224
-1.909651
-1.913663
1.911843
-1.909470
1.909887
-1.914513
1.913727
1.913146
-1.909240
-1.904817
-1.902010
1.913272
1.913868
-1.897480
1.911257
1.913831
-1.913781
-1.914621
-1.914245
-1.911774
-1.654214
1.913698
-1.913560
1.907873
1.900228
-1.897101
-1.912957
-1.912578
-1.914536
-1.908170
1.912049
-1.896360
-1.914275
1.914449
-1.571820
1.913556
-1.912800
1.910098
1.913133
-1.913735
-1.909241
-1.908357
-1.908710
-1.901691
-1.912934
-1.914410
1.908596
-1.909948
-1.896743
1.913191
1.911558
1.911971
-1.870432
-1.913785
1.914046
-1.908518
1.912126
1.911922
-1.907720
1.910808
-1.897462
-1.906958
1.913309
-1.913494
1.912451
1.909357
-1.912414
1.913342
1.912112
1.905378
1.913934
1.912875
-1.887082
1.913907
1.913682
-1.913813
1.913896
-1.906376
-1.914241
-1.912439
-1.914165
-1.891224
1.914138
1.908545
1.912985
-1.913923
-1.891339
1.910329
1.911695
1.912637
1.912981
1.898805
-1.913026
-1.911941
1.910016
-1.905739
1.907229
-1.913962
1.913561
1.911788
1.914017
-1.912432
1.913337
-1.893355
-1.913054
-1.913794
1.912015
-1.912721
-1.911633
-1.913073
-1.913055
1.914134
1.913156
-1.914411
1.910643
-1.913545
1.908621
1.914394
1.910921
1.909646
1.903431
1.913614
1.914598
-1.913152
1.914353
1.911626
1.911855
-1.908450
-1.911802
-1.912733
-1.912005
-1.913957
1.913995
-1.914402
1.913251
-1.910920
-1.904751
-1.911303
1.911897
1.913918
1.905949
-1.910830
1.907588
-1.913385
-1.913629
1.908941
-1.905647
1.911983
-1.906380
-1.885956
-1.870419
-1.913691
-1.913471
1.913402
1.897976
1.909773
1.911167
1.909344
-1.914131
-1.913134
-1.914627
1.912533
1.905641
1.912023
1.881671
-1.911615
-1.884826
-1.888070
1.912893
1.914465
-1.912889
1.910047
-1.911774
-1.910772
1.911346
1.860347
-1.910870
1.912724
1.910267
-1.911741
1.911765
1.909452
-1.909501
-1.908291
-1.909481
-1.911017
1.909724
1.914106
-1.912739
1.912910
-1.902316
1.904672
1.907843
1.910420
1.906787
1.914147
1.912321
-1.902358
-1.914424
1.909512
-1.911754
1.912085
-1.909388
1.913983
1.910339
-1.909851
1.910847
-1.912157
-1.911934
1.912982
1.909420
-1.912241
-1.913722
-1.913279
-1.913028
1.911598
-1.906357
1.913701
-1.912757
-1.914499
-1.913424
1.910182
-1.913574
1.891111
-1.910854
-1.912740
1.867944
0.483872
-1.906231
1.906631
-1.909917
1.901531
-1.914118
-1.914670
1.913702
1.898950
-1.913213
1.899867
1.909090
1.912675
1.911072
1.909921
-1.898759
-1.914089
-1.913122
1.908772
-1.913372
1.907121
-1.912722
-1.910638
-1.912081
1.912462
1.912358
1.913271
-1.912427
1.913240
1.913146
-1.907430
1.912999
-1.913360
1.903038
-1.913951
-1.913199
-1.913172
1.912233
1.913768
1.912367
-1.913324
1.914481
1.903359
-1.913994
1.912787
1.912423
-1.895996
1.914194
-1.890586
1.914516
1.911520
1.911366
1.909593
-1.909941
1.913948
-1.909315
1.893683
1.913074
1.911801
-1.908860
-1.771558
1.911254
-1.913004
-1.911613
1.914433
-1.913093
1.902466
-1.913060
1.892374
1.911395
1.910493
-1.911574
-1.913347
1.913768
-1.897325
1.906326
1.912534
1.901769
1.910528
-1.907126
-1.913250
1.907463
-1.881070
1.914337
1.909842
1.913314
-1.913407
1.912202
-1.906769
-1.911641
-1.886698
-1.906903
-1.909022
1.911344
-1.909270
1.903722
1.914256
-1.872003
-1.911044
1.911906
-1.912007
-1.913871
-1.908113
-1.914047
-1.913552
-1.912838
-1.911275
-1.914040
-1.914520
-1.904236
1.888833
-1.909614
-1.912308
-1.894568
-1.903152
1.913701
1.905100
1.913913
-1.913154
1.912661
-1.912589
-1.902849
1.913082
1.912642
-1.910309
-1.904005
1.913234
1.912236
-1.905204
-1.908002
1.910586
-1.912302
-1.907518
1.909780
1.913946
1.908479
1.910059
1.904052
-1.914138
1.904859
1.908769
1.912113
1.252279
1.913753
1.909606
-1.909487
1.910594
1.913951
1.903438
1.907261
-1.911577
1.905187
-1.910740
1.911388
-1.907686
-1.913298
-1.914191
1.895904
1.914333
1.911884
1.913912
1.868823
-1.904139
-1.910598
-1.913774
-1.904466
-1.912871
-1.906306
1.913030
-1.909013
1.914182
1.912496
-1.697542
1.898073
-1.906998
-1.912925
1.912017
1.913330
1.912156
1.911453
1.898138
-1.830300
-1.902776
-1.904924
1.912873
1.913407
1.907414
1.902298
-1.902919
1.911747
1.910627
1.908891
-1.913073
-1.912612
-1.913491
1.910029
1.913730
-1.911270
-1.913116
-1.905266
1.872595
-1.911464
-1.910162
-1.912612
-1.911179
1.912198
1.912181
-1.909500
1.913806
1.912368
-1.912495
-1.913460
1.911925
-1.908962
1.913578
-1.913665
-1.902285
-1.888368
1.913235
1.913230
1.911453
1.913737
-1.913845
1.913957
1.892103
1.895969
1.911866
1.898183
-1.913556
1.889992
-1.908305
1.912163
1.908799
1.914128
1.907500
-1.912562
-1.911137
1.913908
1.911021
-1.912805
1.913203
1.911560
1.889818
-1.749825
1.914057
1.900127
-1.913436
1.912299
-1.912131
1.913882
1.909273
-1.912819
1.910639
1.904129
1.913114
1.912852
-1.913674
1.773483
1.913259
1.913824
-1.907366
1.913294
1.908350
1.907581
-1.912736
1.914055
1.912959
1.912400
-1.910539
1.909722
-1.914035
-1.912806
-1.913438
1.879007
1.910094
-1.911798
-1.913503
1.914199
-1.898617
1.907940
1.911886
-1.890826
1.903184
1.913471
1.910660
1.914218
-1.910989
1.898272
1.913223
1.912620
1.911073
1.913093
1.904040
1.902740
-1.914167
-1.911652
1.879218
-1.914647
1.909168
1.904257
1.912608
1.912772
-1.888834
1.910232
1.913120
-1.913931
1.911166
-1.913572
-1.913458
-1.908997
-1.913068
-1.904143
-1.912460
1.913732
-1.914089
1.913353
-1.910927
-1.866123
-1.909329
-1.911570
-1.891301
1.898234
1.897647
-1.914103
1.913515
1.904033
-1.904011
1.772238
1.912699
1.913110
-1.914127
1.906402
-1.910226
-1.912615
-1.912387
-1.903799
1.913683
-1.913477
-1.901787
-1.908734
-1.911563
1.913511
-1.911603
1.913734
-1.909278
1.912690
1.911795
1.913498
1.910945
-1.905399
-1.912397
1.913895
1.912596
-1.913754
1.912017
1.912057
1.913126
-1.906131
1.913937
-1.914474
-1.913457
-1.910096
-1.893522
1.913643
-1.914282
-1.909877
1.910681
-1.911603
1.903719
-1.892686
1.914578
-1.913584
-1.911171
-1.913707
1.911453
-1.910617
1.912645
-1.888737
-1.907935
1.891305
-1.860798
-1.909063
-1.913886
1.912716
1.909004
1.910320
1.913910
-1.891295
-1.841070
1.909888
1.913372
-1.913511
1.903398
1.911833
-1.907191
1.913086
-1.913917
1.914175
1.914037
1.914364
-1.908523
-1.912601
-1.911293
-1.911141
1.913691
-1.913376
1.912103
-1.912455
1.910735
1.914297
-1.914102
-1.913755
1.914339
1.887015
-1.902618
-1.914293
1.859867
-1.912184
1.911179
-1.913494
-1.650633
-1.900203
-1.912643
-1.913578
-1.905847
-1.908405
1.913296
1.909739
-1.913139
1.886104
-1.911331
1.904005
-1.910342
-1.909368
1.912072
-1.911196
1.904535
1.912010
1.913073
-1.912149
1.913058
1.906687
-1.911182
1.908593
-1.913945
1.912365
1.905212
1.886371
1.877464
1.908847
-1.911657
-1.907233
1.910962
1.909756
-1.913955
1.910198
1.913749
1.913197
1.909244
1.908579
1.911361
-1.913296
1.911791
1.914311
1.864063
-1.901909
1.910208
-1.914325
1.913198
1.875762
-1.913934
-1.910574
1.857193
1.913797
-1.913429
1.904279
-1.909273
-1.913007
1.913365
-1.914107
1.873476
1.913254
1.903440
1.914153
-1.911754
1.905318
-1.760937
1.908949
1.912375
-1.911417
-1.914028
1.879730
-1.865761
-1.895257
1.912894
1.914235
1.913249
1.912432
-1.912429
-1.907830
1.896117
1.913116
1.914243
1.908423
-1.912596
-1.913731
1.913207
1.912272
-1.913212
1.885482
-1.912559
-1.912403
1.864289
1.913823
1.902195
-1.910634
1.912775
-1.898746
-1.905687
-1.914046
1.904011
-1.913169
1.913682
-1.908371
1.909845
-1.899120
1.911671
1.914146
1.914570
-1.906726
1.910816
-1.908196
1.909892
1.911993
1.911020
1.908791
-1.911710
1.911783
-1.912023
-1.913137
-1.913751
-1.913914
1.913677
1.896760
1.914439
1.911852
-1.887352
-1.902225
-1.913372
-1.910580
-1.913412
1.911619
-1.911624
1.911912
1.890535
1.911006
1.913226
-1.912339
-1.912412
-1.910023
1.836986
-1.910426
-1.912242
-1.913212
-1.860541
-1.913914
1.900640
-1.912773
1.870278
-1.912439
-1.909682
1.899778
-1.910791
1.913883
1.905998
-1.912497
1.910067
1.908687
1.913430
-1.903611
1.912965
1.905964
1.913663
-1.914369
1.912362
1.913228
-1.913982
-1.913615
-1.908476
-1.907841
1.913175
-1.911701
-1.913561
-1.902465
1.906644
1.908982
-1.913728
-1.907221
-1.913039
-1.913333
1.911076
1.913319
-1.908499
-1.897296
-1.913696
1.903698
-1.909512
-1.913844
1.906769
1.889610
1.912917
1.910983
1.914444
1.912914
1.913316
-1.911559
-1.910477
-1.906879
-1.913507
-1.910739
1.910122
1.912925
-1.912769
-1.910617
1.914083
-1.884273
1.913776
1.912100
-1.911342
1.911629
-1.913433
1.911579
-1.914100
-1.911673
-1.913483
1.910888
1.914474
-1.911533
1.912435
-1.913299
-1.914347
1.911439
-1.911652
-1.914328
1.856385
-1.913940
1.913792
1.895475
-1.913099
1.906792
1.912727
1.913938
-1.910614
1.914545
1.907750
-1.912177
-1.914205
1.913759
1.913035
-1.910704
-1.914057
-1.886215
1.902551
-1.911489
-1.911508
-1.912976
1.914228
-1.909068
-1.911795
-1.913922
1.912591
-1.903629
1.912800
-1.913198
1.913188
-1.900687
1.864395
-1.912758
1.911743
1.897657
-1.913526
-1.910929
-1.912926
1.913190
1.911766
-1.911937
1.903583
1.909138
1.909746
-1.908140
1.909631
1.897256
-1.822217
1.912004
1.910556
-1.914226
-1.913430
1.913062
-1.909439
-1.912492
-1.912203
1.911021
1.911597
1.907648
-1.911373
-1.911751
-1.913077
-1.910855
-1.910136
-1.906616
1.895923
-1.913139
-1.912348
1.912635
-1.910740
-1.907260
-1.911726
-1.878272
-1.910956
-1.910272
-1.913174
-1.898471
-1.909955
1.903551
1.913419
-1.909971
-1.913182
-1.914645
1.913163
1.914420
1.875933
-1.913391
1.911268
1.914002
1.914368
1.909630
1.912963
-1.912486
1.873199
-1.913065
1.907723
1.904946
-1.912762
1.794400
1.911428
-1.914490
-1.914476
1.914705
1.908421
1.912173
-1.913784
1.908962
-1.912785
-1.913772
1.896571
1.893705
1.912121
1.911981
-1.911220
1.914035
-1.911612
-1.907676
-1.914076
-1.910257
-1.913387
-1.900629
-1.911874
-1.905794
1.912298
-1.914055
1.912737
1.913678
1.912980
1.911008
-1.910360
-1.913285
-1.911317
-1.911358
-1.890196
-1.896657
1.909184
1.912423
1.913535
-1.910672
1.912285
-1.909852
1.912582
-1.911898
1.906005
1.914226
1.909697
-1.910754
1.897965
-1.885968
-1.913441
-1.911981
1.904877
-1.913094
-1.897060
1.909876
-1.911744
-1.895159
-1.913644
1.905670
1.910421
1.913468
-1.911354
1.901753
-1.890431
1.904255
-1.910763
-1.914314
-1.911661
-1.908916
1.912006
-1.904047
-1.912416
1.252122
-1.911898
-1.913716
1.911264
1.909672
-1.909814
1.913057
1.906163
1.913985
1.914365
1.908305
1.913328
1.913141
1.913958
-1.892080
-1.904152
-1.911673
1.913469
1.912981
1.913758
-1.891423
-1.910932
1.914226
-1.914377
-1.889342
-1.886016
-1.914674
-1.906969
1.913945
-1.909121
1.895295
-1.913413
1.913230
-1.913896
-1.907984
1.900044
1.912947
1.914292
-1.910410
1.910926
1.911555
-1.800821
1.871944
1.909702
-1.912423
1.913472
1.907249
-1.891502
-1.908619
-1.911360
-1.914386
1.912122
-1.913461
1.898517
-1.895877
1.913019
-1.879031
1.913374
-1.913232
1.911965
-1.910993
1.914264
1.914381
-1.909435
1.913423
-1.907617
-1.910916
-1.913861
-1.908867
-1.896074
1.911977
1.899693
-1.905292
1.913574
1.912606
1.912816
1.903222
-1.910049
1.909357
-1.906794
1.912968
-1.894071
-1.870569
1.911002
-1.907770
-1.911258
1.911312
1.914507
1.906697
1.913685
-1.914248
-1.911320
1.903115
1.912686
-1.884635
-1.910246
1.912177
-1.879827
1.912999
1.910660
-1.912497
1.913012
1.912712
-1.912274
1.913812
1.914434
1.902562
-1.914039
1.909101
-1.913809
-1.883557
1.913241
-1.913912
-1.914458
-1.911458
-1.908766
-1.909780
1.913331
1.908356
1.909348
1.913237
-1.913545
-1.912352
-1.912920
-1.914232
1.912330
1.901138
-1.903327
-1.912325
1.912783
-1.911958
-1.912584
-1.911286
1.894910
-1.914430
1.910230
1.911676
1.868265
-1.907413
-1.913069
1.803154
1.898961
1.910255
1.913081
1.911054
-1.912087
-1.912821
-1.912889
-1.906809
-1.913559
1.913877
-1.911663
1.906378
1.900485
-1.913673
1.911749
-1.905785
-1.912578
-1.913902
-1.914079
1.905583
-1.903503
1.835802
-1.914595
1.911366
-1.911746
1.911642
-1.913231
-1.910716
-1.913359
1.911387
1.913634
1.914421
1.886244
-1.908535
1.914007
-1.913959
1.913790
1.912697
-1.914394
-1.646933
-1.913192
-1.907982
-1.900387
-1.914172
1.893609
1.904251
1.913836
-1.912841
1.912919
1.912014
-1.910135
-1.906939
-1.910568
1.887551
1.912307
-1.909279
1.902988
1.911937
-1.908730
-1.913911
1.910327
1.912219
-1.912836
-1.911935
1.912375
1.914363
-1.913330
1.905984
1.906256
-1.912165
1.911739
-1.911930
1.911041
1.910921
1.913973
1.913606
-1.914277
-1.905826
1.913408
1.894249
1.910421
1.910427
-1.909423
-1.914735
1.913973
-1.910575
1.912097
-1.909086
1.913649
-1.913992
1.914368
1.914469
-1.910904
-1.912285
-1.912621
-1.910333
1.913423
1.905077
-1.913823
-1.911336
1.912088
-1.910220
-1.911836
1.912457
-1.907051
1.912303
-1.911467
-1.911085
-1.913229
1.898360
1.913442
1.913775
-1.914300
-1.914247
-1.910043
-1.913192
1.914257
1.911910
1.914121
1.914528
1.912543
-1.906194
-1.911554
-1.914383
1.910947
1.914021
-1.913761
1.885894
1.903806
1.912860
1.913674
-1.912706
1.896025
1.913869
1.914433
1.898988
-1.909320
1.912178
1.913223
1.909731
-1.899005
1.911659
-1.912577
1.902216
-1.913259
1.913260
1.909764
-1.910546
1.912120
1.895004
1.912342
-1.913962
1.912957
1.913725
-1.911796
-1.913093
-1.907281
1.906061
1.907972
1.905141
-1.913983
-1.912976
1.899350
-1.913532
1.912926
1.911005
-1.912782
1.913941
1.912745
-1.910400
1.908528
-1.913939
-1.912996
1.888815
-1.906781
1.913725
-1.913626
-1.914242
1.912577
-1.905213
1.911210
-1.906914
-1.911559
1.914155
1.914237
1.913698
1.909061
-1.887658
-1.902022
-1.911091
-1.913250
-1.913999
1.906190
1.867524
1.780184
1.912741
1.912604
1.908745
-1.906334
-1.911039
-1.913226
-1.911910
-1.914422
-1.906359
1.909158
1.899335
-1.912768
-1.911302
1.911811
-1.907260
-1.913330
1.911350
-1.913809
-1.911059
1.911364
1.910798
1.910770
-1.913385
1.910371
1.913122
-1.899027
-1.913998
1.909263
1.913685
-1.901868
1.913915
-1.914340
1.911938
-1.905894
-1.912659
-1.911444
-1.913385
-1.913828
-1.909781
-1.910283
0.483969
-1.743864
-1.887761
-1.906528
-1.869326
1.914043
-1.897863
1.911440
-1.913016
-1.912089
1.911823
-1.911238
1.912067
1.906773
1.908817
-1.905439
1.909422
-1.913639
-1.913491
1.912575
-1.906007
-1.907769
-1.905551
1.914405
1.910717
-1.911709
-1.887034
-1.908250
-1.914382
1.910113
-1.912534
-1.907488
1.911393
-1.908372
1.901268
-1.913589
1.911042
-1.864270
1.908469
-1.911297
-1.909527
-1.912723
-1.906403
-1.905756
1.913729
-1.904797
1.884517
1.913128
1.910656
-1.912340
1.910736
1.914219
1.913205
1.912703
1.914249
1.911516
-1.910005
-1.885688
-1.912308
1.908846
-1.911376
-1.913930
1.911237
-1.914004
1.913658
1.910292
1.913073
-1.907899
1.907331
-1.914013
-1.913767
-1.914354
1.913387
1.914067
1.912879
-1.910076
-1.913878
-1.905628
1.909317
-1.913547
-1.914182
1.909330
-1.907975
-1.913988
1.895139
-1.912003
1.900346
1.907607
1.889222
-1.914117
1.914068
-1.902183
1.912376
1.904353
-1.910482
-1.896489
1.909585
1.910101
-1.912261
1.911140
1.895452
-1.913666
1.914216
-1.907723
1.914297
1.892622
-1.906969
1.875088
-1.912789
1.913656
1.909045
-1.910902
-1.913018
-1.913953
-1.910531
1.911476
1.910772
1.910280
1.914238
-1.908090
-1.913182
1.913629
-1.902328
-1.910787
1.903432
-1.912814
1.912405
1.912356
1.899516
-1.909537
-1.912721
-1.913406
-1.906017
-1.891366
-1.903974
-1.914342
1.914044
-1.910564
1.910875
-1.912870
-1.874213
-1.913985
-1.910840
1.914093
1.914327
-1.912853
1.894392
1.903405
1.913039
1.908971
-1.912002
-1.906077
1.913909
1.911069
-1.883422
-1.912468
1.913509
1.904357
-1.914266
-1.913000
-1.911637
-1.912851
1.913006
1.911351
1.910431
-1.912699
-1.913377
-1.912051
1.913957
1.902859
-1.911985
1.886640
-1.888583
1.913207
1.908274
1.903621
1.913267
1.899763
-1.912582
-1.914022
-1.914043
1.911178
-1.913285
1.914303
-1.890675
1.897349
1.913035
-1.887591
1.912432
1.914326
-1.911794
1.914106
1.913313
-1.912513
-1.910915
-1.914199
1.912654
1.913617
1.913947
1.896950
1.913036
1.911051
1.914010
1.914115
1.913291
1.911786
1.912731
-1.911329
-1.914100
1.914439
-1.911458
-1.913691
-1.912594
1.913033
-1.913709
1.911837
-1.913501
-1.894525
1.910805
1.902362
-1.906843
1.908374
-1.911390
-1.902570
1.912641
1.910506
-1.914080
-1.913750
1.913184
-1.910707
-1.913571
1.907058
-1.911600
-1.913423
-1.832173
1.909861
1.908086
-1.913430
-1.914254
1.909492
1.913280
-1.906140
1.913250
1.910196
-1.912156
1.913614
-1.906481
-1.912392
1.907994
-1.913632
1.913331
-1.906877
-1.913388
1.905503
1.911828
-1.908267
1.911086
1.910645
1.912447
1.914471
-1.910398
-1.913732
1.912110
1.912762
1.902168
1.905616
-1.912713
-1.913383
-1.868798
-1.907990
-1.907789
1.912198
-1.876332
-1.912445
1.912763
-1.910968
-1.912533
-1.899798
-1.911928
1.910501
1.911829
-1.906978
1.913764
-1.914012
-1.914388
-1.913436
-1.904910
1.911521
-1.912949
-1.914589
1.906681
1.913984
1.913170
1.913481
1.913218
-1.912609
-1.912145
-1.911627
1.910567
-1.913997
1.913363
1.913944
1.903870
1.912970
-1.909627
1.911454
1.907491
-1.913440
-1.913642
1.911878
1.914303
1.900295
1.909070
-1.905481
-1.909108
1.910490
-1.883770
1.910022
1.913715
1.904471
-1.912186
1.905048
-1.909052
-1.910823
-1.905217
1.913399
-1.913931
1.900279
1.912286
-1.883847
-1.911836
-1.911230
-1.888848
-1.899254
-1.914279
-1.911422
1.914169
-1.912818
-1.913855
-1.910263
1.913495
1.909824
1.910510
1.910999
-1.912577
1.895848
1.912707
-1.912227
1.908808
-1.914093
1.912646
1.903609
-1.913821
1.913695
1.912402
1.913214
1.911340
1.904198
1.913240
-1.911656
1.912146
-1.913763
1.911477
1.913761
-1.906307
1.900567
-1.911172
1.899993
-1.837740
-1.907002
1.873748
1.914107
1.907266
0.483763
1.909686
-1.911481
1.889814
-1.898701
-1.912648
1.911222
1.914277
-1.913689
-1.914065
-1.913894
1.913290
1.892229
-1.911063
-1.914248
1.909607
-1.913444
1.911934
-1.911618
-1.884270
1.907169
1.911775
1.912964
1.912585
1.910646
-1.907253
1.910670
-1.877084
-1.912499
-1.911131
1.818194
-1.910583
-1.911546
1.913505
-1.913523
1.913919
-1.912879
1.910433
1.913277
1.906090
1.914387
-1.900512
-1.910908
-1.910516
1.912790
-1.911773
1.914534
1.912228
1.908699
1.907871
1.910133
-1.914470
1.913479
-1.911324
-1.906306
1.912762
-1.910882
-1.913372
-1.913693
1.900264
1.904066
-1.911467
-1.913748
-1.898973
-1.900293
-1.863581
1.913546
-1.912260
1.911489
1.913171
1.912079
-1.905217
1.913879
-1.911084
1.908661
-1.911767
1.913186
-1.910075
1.880324
1.911283
-1.912589
-1.887173
1.911690
1.903960
-1.897684
-1.913272
-1.912692
1.912826
1.905166
-1.911374
1.913519
1.913469
-1.911501
1.897152
1.913839
1.912703
-1.911251
-1.912644
1.913631
1.907467
1.913234
-1.911335
-1.911755
-1.911167
1.911941
-1.912630
-1.909538
-1.912232
-1.906064
-1.909388
1.914427
1.884186
-1.913884
1.906145
-1.912995
-1.914257
1.912053
0.484114
1.911165
1.910903
1.905099
1.909533
-1.912402
-1.912121
1.914267
-1.911422
-1.914726
1.913272
1.913672
1.888111
1.913233
-1.911108
-1.911457
1.911871
1.910674
-1.906470
1.897717
-1.905225
1.911688
1.912405
1.912597
-1.912963
1.909841
-1.913541
1.894502
1.911836
-1.911977
1.913935
1.914172
-1.861462
1.911393
1.589390
1.910878
-1.914514
1.907954
-1.913065
-1.914023
-1.912918
-1.913964
1.904495
-1.913701
1.911836
1.913540
-1.898079
1.912004
-1.914401
-1.912520
1.912414
1.913898
-1.883722
1.909740
-1.910419
1.903634
-1.913774
-1.910419
1.904460
1.913151
-1.913610
-1.908074
-1.907597
1.912843
1.803849
1.856545
-1.914446
1.909666
1.914587
-1.912568
-1.911005
-1.910904
-1.913330
-1.907575
1.904704
1.863916
1.913419
-1.911236
-1.911119
1.913559
1.906523
1.426597
1.912430
1.912060
1.911741
1.911973
1.905537
-1.909839
1.910003
1.912564
-1.878385
-1.909682
-1.888199
-1.912952
-1.913424
1.913087
-1.911650
-1.912414
-1.913216
1.910872
1.913402
1.914191
-1.912323
1.910751
-1.910433
1.913757
1.913069
-1.911253
-1.912156
1.909732
-1.912314
1.913916
-1.912911
-1.910519
1.911280
-1.909669
1.903587
1.913429
-1.914378
-1.913066
1.908474
1.910276
1.897293
1.913395
1.902575
1.908065
-1.913466
-1.908087
-1.910477
1.910538
-1.912206
-1.913799
-1.911229
-1.909801
1.909610
-1.912731
-1.913463
-1.906665
1.912330
1.914121
-1.901883
-1.910314
-1.910759
-1.907798
-1.912279
-1.913538
1.907068
1.908546
-1.883246
-1.902974
1.913008
1.908321
1.914269
1.912572
-1.910054
1.911775
-1.837597
-1.910183
-1.771604
1.913829
-1.910698
1.912522
1.912098
-1.913034
-1.913259
1.875566
-1.913682
1.912946
-1.906117
-1.914570
1.910905
-1.905084
-1.913650
1.913565
-1.914020
1.904623
1.904154
1.913377
1.913706
1.908063
-1.907598
-1.909094
-1.913649
-1.911300
-1.912786
-1.911582
-1.913481
1.910685
-1.912192
1.908604
-1.910126
1.909788
1.896750
-1.912455
-1.910550
1.914530
1.914257
-1.900238
-1.906893
1.895961
-1.913977
1.914184
-1.913518
-1.914390
1.909523
-1.901959
1.910518
-1.757303
-1.908445
-1.913913
-1.906507
1.913997
-1.907080
-1.904197
-1.913041
1.912737
-1.914299
-1.914102
-1.914248
-1.903726
-1.913073
-1.906611
-1.910107
-1.743320
1.912701
-1.913593
-1.910284
-1.883596
1.902429
-1.905604
-1.907596
-1.888851
-1.893516
1.773471
-1.911886
1.905278
-1.911194
1.913927
1.912446
-1.912212
1.910382
1.910932
1.911904
1.908669
-1.913371
1.914190
-1.912204
1.907640
-1.912159
-1.914009
1.909461
1.912383
1.912939
-1.912179
1.912315
1.912982
1.911823
-1.913977
-1.907260
1.913639
1.913743
1.910996
1.890142
-1.909390
-1.871287
-1.912566
1.912640
-1.913162
1.912507
1.910812
-1.894847
-1.912982
1.909068
1.876268
1.887794
-1.913618
1.914264
1.913392
1.904333
1.912547
-1.913082
1.911150
-1.907599
-1.911630
1.911857
1.910234
1.913239
-1.912173
-1.912383
1.907449
-1.910250
1.911358
-1.913485
-1.906577
-1.910828
1.908457
1.913679
1.911715
-1.914268
-1.900737
1.912798
-1.913309
1.908869
1.910845
1.895681
1.774281
1.880142
1.914192
1.909762
1.911740
1.905092
-1.914119
-1.910271
1.907343
-1.905562
-1.894604
-1.890462
1.898688
1.897838
1.913985
-1.911555
1.914216
-1.914505
1.914073
1.684964
-1.911443
-1.914241
-1.913249
-1.914201
1.912695
1.911385
-1.910584
1.909782
-1.911508
-1.907303
1.913844
1.910866
1.913967
1.907889
1.903711
1.913877
1.913649
1.909618
-1.912062
-1.897422
1.911380
-1.913620
1.912978
1.913059
1.913152
1.913240
-1.910341
1.902495
-1.911458
1.911215
1.913773
-1.911200
-1.912291
1.912033
-1.907841
1.913573
1.913604
1.913214
-1.911956
-1.910221
-1.910333
-1.912118
-1.885586
1.913852
-1.888016
-1.907716
1.907032
-1.913209
-1.900791
-1.913770
1.897700
1.910494
-1.910989
1.911220
1.894563
-1.899661
-1.909419
1.911819
-1.908672
1.911889
-1.866803
-1.909554
1.911840
-1.902919
1.893740
-1.912681
-1.914272
-1.913822
-1.696390
1.912931
1.913086
1.910920
1.913485
1.913400
1.914455
1.911082
-1.910852
1.914374
1.912466
1.900177
1.911097
-1.912352
1.910549
-1.912553
-1.902331
1.881861
-1.912771
1.912553
-1.912529
-1.911906
-1.905819
-1.914262
-1.912160
1.911107
-1.910154
1.914333
1.907315
-1.891339
-1.910350
1.911779
-1.909874
-1.902836
-1.901846
1.648775
1.913015
1.912798
1.913840
1.910495
-1.902061
1.914153
1.906566
-1.913150
-1.909489
1.912163
1.912621
1.908486
-1.907327
1.912527
-1.906134
-1.646902
1.774076
-1.873879
-1.911214
-1.908480
-1.913512
-1.912728
-1.912006
1.911819
1.913068
1.903589
1.911803
1.914023
1.910124
1.911705
1.910029
-1.912761
1.904665
1.912362
1.912826
1.912105
1.910241
1.905649
-1.912723
1.912504
-1.913723
-1.914141
1.907466
1.914500
1.913704
-1.910731
1.910940
1.911943
1.912938
1.911651
1.897385
1.913605
1.908869
-1.911830
1.912235
1.912047
-1.913120
-1.908999
-1.908864
-1.897268
-1.913992
-1.908452
-1.904424
-1.913842
-1.913567
-1.912414
1.914297
1.889756
-1.913560
-1.914435
1.906874
1.914572
-1.910255
1.911785
1.914111
1.899687
1.876764
-1.913206
1.898722
1.911857
1.892219
1.912576
1.898398
1.909536
1.913514
1.902571
-1.912802
-1.913091
-1.912613
-1.912840
1.684996
1.913650
-1.906331
-1.914328
-1.912300
-1.913983
-1.914185
1.914241
-1.903880
1.913099
-1.771579
-1.911068
-1.902347
1.886167
-1.841073
-1.913674
-1.913532
-1.906569
-1.912880
-1.914415
-1.899794
1.911665
1.908997
-1.910467
1.913436
1.914406
1.914280
1.905862
1.896935
-1.898603
1.908599
1.904654
-1.913963
-1.908106
1.913527
-1.912986
1.911387
-1.912386
1.914052
1.877599
1.910310
-1.913805
1.913152
-1.911225
-1.836846
-1.911945
-1.910137
-1.912759
1.913175
1.912064
1.912685
-1.913319
1.898405
1.913712
-1.913950
-1.914274
1.910835
-1.911406
-1.901861
1.900676
1.913241
1.913470
-1.911969
-1.911371
-1.913851
1.913190
-1.913718
-1.910607
-1.912970
1.910574
-1.863610
-1.913985
1.910358
-1.912409
1.912731
1.913378
1.911972
1.912776
1.907036
1.914413
-1.909266
1.886189
1.905166
-1.911998
-1.910822
1.911179
1.911456
1.912760
-1.912946
1.913725
1.913088
1.909277
1.911245
-1.901993
1.914138
1.911572
-1.909178
-1.912519
-1.907761
-1.913021
1.897641
1.913853
1.910163
1.912551
-1.913297
-1.830438
-1.906277
1.906475
1.910423
-1.905199
-1.910870
1.910379
-1.914446
1.912660
1.907743
1.912899
-1.908425
-1.913446
-1.914613
-1.913807
1.913690
-1.899928
1.910421
1.908658
-1.887960
1.912859
-1.914102
1.913109
1.911939
1.912644
-1.909809
-1.909917
-1.910309
-1.907366
1.910612
1.910562
-1.912537
-1.907597
1.908798
1.913865
1.910133
1.911819
-1.899173
1.908104
-1.913935
-1.911208
-1.912145
-1.896747
1.909797
1.900011
-1.913258
1.913792
-1.913935
1.909605
-1.912189
-1.903785
-1.909095
1.911940
-1.912567
-1.912739
1.911902
1.909170
-1.832155
-1.911669
-1.909116
1.911961
1.869993
1.913805
1.909480
1.898243
1.913752
1.912170
-1.911305
1.912723
-1.899363
-1.905597
1.912631
1.914479
1.913419
1.912100
1.912489
1.913077
1.912899
-1.913998
-1.912064
1.869097
-1.909982
-1.909889
-1.912145
-1.912746
1.913306
-1.910374
-1.913519
-1.887480
-1.911551
-1.913044
1.888804
1.914176
1.819123
1.912480
1.913432
-1.904026
1.899436
1.914716
1.912796
1.913806
-1.891198
1.908549
1.912217
1.913514
1.913661
-1.905031
1.913556
1.912466
1.912724
1.876697
-1.914198
-1.904860
-1.912427
1.914241
1.910853
-1.912855
1.912874
-1.899758
-1.911222
-1.913823
1.913911
1.911502
1.911211
-1.912084
1.908590
1.910749
1.912769
1.912321
-1.910950
-1.913996
1.895918
-1.911934
1.898369
-1.914089
1.903853
1.252222
-1.905400
-1.914431
1.912864
1.909859
-1.913999
-1.913235
-1.910361
-1.913534
-1.913462
1.908849
1.913983
-1.909307
1.911778
1.911921
1.907292
-1.903750
-1.913701
-1.914216
1.912445
1.913388
-1.914174
-1.913347
1.912501
-1.910574
1.903073
-1.907475
-1.870564
-1.913685
1.911269
1.913008
1.910219
1.875293
-1.912710
-1.906737
-1.911313
1.906108
-1.911590
1.910118
1.911857
-1.910516
1.912465
1.913191
-1.911652
-1.911269
-1.913426
1.908085
1.897172
1.912751
-1.908848
1.913905
1.913022
1.914478
1.913612
-1.912118
-1.909712
-1.911775
1.889478
1.913466
1.911753
-1.912343
1.908247
-1.914031
1.912435
-1.914732
1.910121
-1.911940
1.913887
1.909210
1.913172
-1.907363
-1.909796
-1.909571
1.911445
-1.912256
-1.907404
1.912733
1.913638
-1.906324
-1.914314
-1.913833
1.908661
1.907421
-1.911363
1.870674
-1.913688
-1.907630
-1.911526
1.913479
1.914546
1.913960
-1.913182
1.894856
1.911157
-1.910576
-1.879761
-1.911571
-1.910602
-1.908771
1.910985
-1.909213
1.913039
-1.913497
-1.911731
1.912246
1.907288
-1.911094
-1.914417
1.911012
-1.904213
-1.910862
-1.909915
-1.914350
1.911617
1.912761
-1.913030
1.913297
1.913076
1.909274
-1.912148
1.910035
-1.908373
1.911302
1.913762
1.914186
1.911159
1.908607
1.912051
1.909206
-1.910260
1.881463
1.906601
-1.904160
-1.913085
1.913170
-1.906420
-1.912828
1.913323
-1.876107
-1.904635
-1.912869
-1.911408
-1.913329
-1.902054
1.913093
-1.912207
1.914479
1.910498
1.884166
1.907809
1.914013
-1.886948
1.908567
-1.912865
1.912645
-1.894767
-1.912310
-1.906901
1.906957
1.913186
-1.913322
1.913403
1.903016
-1.911481
1.914074
-1.912876
1.910649
-1.913119
1.911386
-1.912940
-1.908160
-1.906701
-1.913906
-1.910969
-1.914398
-1.911991
-1.914047
-1.897058
1.913127
-1.889232
1.912436
1.911092
1.913403
1.912259
1.913794
-1.914633
-1.912237
1.906824
1.913873
1.912621
1.903251
1.914140
1.913476
1.900741
-1.912325
-1.912381
-1.913079
1.913172
1.911989
-1.906565
1.897164
1.913557
1.912766
-1.912730
1.912631
-1.912330
1.906620
1.911080
-1.907456
-1.912253
1.912944
-1.899652
-1.910296
-1.907977
1.909624
-1.913901
1.913400
1.913230
1.911835
1.912536
-1.910989
-1.911835
-1.908865
1.893238
-1.883025
1.897058
1.912223
-1.912685
1.913750
1.913999
-1.912693
1.913473
-1.895696
1.912994
-1.913127
1.913786
1.903969
1.912854
-1.913652
-1.909004
-1.914430
1.912478
1.914174
-1.893151
-1.912329
-1.909577
1.910209
-1.913369
1.880755
1.912950
-1.863552
1.909375
1.892256
1.912541
-1.911614
1.911780
-1.913397
1.911078
1.912212
1.904036
1.902902
1.913062
-1.914274
1.908818
-1.912261
-1.913282
-1.911768
1.913718
-1.914423
-1.911097
-1.896590
-1.913275
-1.914273
-1.897575
-1.906405
-1.907455
1.911416
0.000532
1.912224
1.913527
1.911036
1.913442
1.844642
1.794385
-1.914211
-1.913538
1.910650
1.905739
-1.914162
-1.914108
-1.910800
1.913825
1.911300
1.886791
-1.858207
-1.910693
-1.914555
1.914115
1.913249
-1.912167
-1.907597
1.911214
1.912643
-1.913519
-1.911862
-1.910226
1.899219
-1.913500
-1.912698
-1.912280
-1.913252
1.912726
1.905181
-1.905654
1.913721
1.910466
1.913293
1.912249
-1.909136
-1.912852
1.911230
-1.898630
-1.909187
-1.912651
1.913412
1.910601
-1.913795
1.914263
-1.909703
1.913026
1.912044
1.913604
1.910877
1.900869
-1.913295
-1.913012
1.896324
1.914031
1.843714
1.912934
1.903144
-1.911529
-1.910359
1.913506
-1.913624
1.913466
1.903818
-1.893573
-1.912855
1.911806
-1.912509
-1.888035
-1.911912
1.913772
-1.913900
1.903423
1.903748
1.906390
1.908969
1.911261
1.913386
-1.908244
1.893920
1.912954
1.907177
1.913932
1.914111
-1.904942
1.912196
1.912097
1.910135
1.905303
-1.907898
-1.913982
1.852530
1.914131
1.914057
-1.909682
-1.744154
1.903208
-1.911339
1.908529
-1.912838
-1.913867
1.911804
-1.909344
-1.910001
-1.911055
1.905547
-1.910713
1.908469
1.914418
1.884089
-1.913579
-1.913342
1.912260
1.913463
-1.910672
1.912110
-1.890356
-1.914164
1.902990
-0.000370
1.913596
1.905489
1.901405
1.909000
1.910586
-1.913291
1.913946
1.872762
-1.908125
-1.911487
1.913800
1.912828
1.912653
-1.910096
1.913122
1.898014
-1.899551
1.908649
1.909025
-1.912172
1.913075
1.913200
1.913444
1.884808
1.910906
-1.653947
-1.913914
-1.894720
-1.913232
-1.884906
1.912811
1.897137
1.891642
1.906737
-1.893409
-1.909041
1.870758
-1.904605
-1.913046
1.911741
1.911184
-1.901774
-1.888918
1.914139
1.900287
-1.911447
1.911265
-1.913355
1.910551
1.913844
-1.895803
-1.913101
1.906478
-1.913631
-1.913399
-1.912137
1.912182
-1.912445
1.911858
1.911134
1.910011
-1.911346
-1.912331
-1.908809
1.914538
-1.912532
1.905305
1.913373
-1.912531
1.914370
1.913713
-1.894141
-1.910771
1.912369
-1.913558
-1.914304
1.905560
1.914363
1.905009
-1.912710
1.913697
1.908864
-1.913826
-1.911850
-1.910566
-1.908836
1.908970
-1.891474
1.912128
1.847469
-1.909326
-1.913339
1.910245
1.912141
-1.907958
-1.868605
1.913901
1.911778
1.899244
1.912637
-1.914056
-1.912420
-1.906289
1.913140
-1.913663
-1.911590
-1.911566
-1.910573
-1.912317
1.912961
-1.913684
1.914022
1.912079
1.903548
-1.913493
-1.911892
-1.913387
1.912654
-1.912842
-1.913213
-1.909556
-1.907442
1.909898
1.911635
1.909503
1.910369
-1.893404
-1.914014
1.909929
-1.911994
-1.911038
-1.911337
-1.909973
-1.909852
-1.912946
1.912916
1.907787
-1.911937
-1.905266
-1.914605
1.913466
1.903743
1.911232
1.871976
-1.912621
-1.910312
1.909248
1.907917
-1.914607
1.906119
-1.902921
-1.912437
-1.909319
1.908271
-1.904296
-1.912850
-1.913891
1.856432
1.914492
1.912897
1.910978
-1.907179
1.903199
1.912405
-1.910426
1.914234
1.914068
-1.911922
-1.896520
1.904146
1.913146
1.904154
-1.912078
-1.910476
-1.902384
-1.912713
-1.911906
1.902301
1.911716
1.910048
1.911291
1.907041
-1.911824
1.899913
-1.910376
-1.909366
-1.911605
-1.912447
1.906382
1.912490
1.914705
1.913295
1.914051
-1.909166
-1.913853
-1.912607
1.891336
1.912346
-1.912938
-1.868707
1.910767
1.910344
-1.906672
-1.912274
1.910912
-1.909043
1.897475
-1.911230
1.912118
-1.910752
1.913857
1.914489
-1.914324
1.911492
-1.900489
-1.910629
1.902975
1.913755
-1.907892
-1.913605
1.914202
1.908438
1.911035
-1.911699
1.911985
-1.911053
-1.912779
1.906747
-1.913038
1.913751
1.913055
1.890538
-1.906211
-1.912326
-1.912361
-1.910010
1.913913
1.913756
1.912054
-1.913412
1.908843
1.905416
-1.908384
-1.914504
1.909599
-1.912976
1.911988
-1.905142
1.909552
1.903242
-1.910536
-1.895500
-1.894517
1.912666
-1.905299
-1.913234
-1.913987
-1.908564
1.896893
1.909287
-1.914367
1.913949
-1.912767
-1.907596
-1.912835
-1.913016
1.911261
1.913258
1.911071
-1.911056
-1.906339
1.910293
1.880220
-1.912784
-1.913079
-1.894555
-1.913764
1.911061
1.903148
-1.908619
-1.910998
1.911862
1.909710
-1.913086
-1.913591
-1.700499
-1.913206
1.879268
-1.891315
1.766990
-1.913136
1.914548
1.910832
-1.911167
-1.908271
1.912110
1.910138
1.912996
-1.867420
1.899579
1.912468
-1.896147
-1.910249
-1.913987
-1.913059
1.912277
1.912692
1.912255
1.913443
1.914099
1.913363
1.906705
-1.863398
-1.912420
-1.911395
-1.909678
1.906334
1.912405
-1.888435
-1.895847
1.911384
1.911886
1.914029
-1.913168
-1.907315
-1.913831
-1.874410
1.906329
1.879112
1.908865
-1.817880
-1.911659
-1.913784
-1.902257
-1.911089
1.914003
-1.913760
1.911326
-1.910572
1.907199
-1.908388
-1.914384
1.911956
1.913040
1.897874
1.903263
1.902660
-1.914482
-1.909927
-1.912538
-1.913047
-1.909808
-1.910108
-1.894617
-1.900530
1.911797
1.910292
1.896267
-1.907853
1.911736
-1.913624
-1.860792
1.911677
-1.886248
-1.910676
-1.912567
-1.914544
-1.911356
1.913347
1.914551
1.912349
1.908706
1.914247
-1.911116
1.900696
1.913920
-1.913338
-1.913762
-1.912167
-1.913022
1.910577
1.907508
1.913622
-1.913385
-1.913271
-1.910256
1.912452
1.899493
1.911471
-1.913117
1.909595
-1.910843
1.913356
1.886626
1.913661
-1.865665
-1.913289
-1.913952
-1.911514
-1.914183
1.906719
1.907397
1.906536
-1.907557
1.910708
1.909403
1.903662
1.909969
1.913740
-1.909600
1.900975
1.913817
-1.912447
-1.912535
-1.906704
-1.910494
1.892631
-1.913020
-1.912872
-1.913137
1.909285
1.908184
-1.914423
1.914023
-1.913205
1.914216
1.913076
-1.910731
1.907552
1.910579
-1.913117
-1.910381
1.913419
-1.914102
-1.906191
1.914001
1.911176
1.907806
1.912457
-1.906367
1.914112
-1.912816
-1.910888
-1.909102
-1.899893
-1.910417
-1.914162
1.912165
1.899358
1.909900
1.896708
1.851828
-1.896360
-1.901719
-1.828176
-1.911417
-1.911159
1.907376
-1.912185
-1.912583
1.911437
-1.912019
1.911220
1.914210
-1.907535
-1.913127
1.913216
1.913192
1.914462
1.913875
-1.882874
-1.913756
-1.914064
-1.908654
1.912938
-1.899442
1.913364
1.906347
1.912616
-1.909804
1.913050
-1.911352
1.908990
1.913567
-1.913671
-1.905512
-1.623370
-1.909194
1.914019
-1.911406
1.908146
1.914242
-1.907164
1.903599
-1.911653
-1.910884
1.912226
1.912291
1.862965
1.910252
-1.882762
1.910996
1.912216
1.913737
-1.911608
-1.913745
-1.897034
-1.850661
-1.909848
-1.914654
-1.910642
1.912457
-1.908724
1.913709
1.913449
1.901642
1.910795
1.908327
-1.913960
-1.910378
-1.907696
-1.913277
1.909665
-1.910885
-1.913163
1.914209
-1.903654
1.914838
1.910710
1.426663
-1.910168
1.910945
-1.913555
1.911039
-1.743519
-1.908259
-1.912534
1.911880
-1.913541
1.910842
-1.804410
1.911708
1.913977
1.912793
1.911793
-1.866749
1.912811
-1.905478
1.875481
1.912228
-1.909569
1.911414
1.906279
1.878839
-1.906617
1.914159
1.912746
1.912788
1.908463
1.908189
-1.911042
-1.902271
1.913759
-1.910860
-1.824760
1.903680
-1.899028
-1.912352
-1.902298
-1.911777
1.912791
-1.912118
-1.913149
-1.905493
-1.901977
1.909048
1.909602
-1.912996
1.907468
1.913684
1.913497
-1.914277
-1.913868
1.913802
1.904221
1.913669
-1.912979
1.864368
-1.880254
-1.899074
1.912994
1.914304
1.913040
1.911213
1.911294
1.897800
-1.912533
1.912313
-1.912525
-1.909884
-1.908985
1.907721
-1.911424
1.892036
1.885047
1.912975
1.912751
1.913802
1.886411
1.914047
-1.913683
-1.913431
-1.914356
-1.913730
1.913050
1.912424
-1.896522
1.909644
1.912461
1.912960
-1.908869
-1.913564
1.914139
-1.886356
1.908262
1.897643
-1.912930
-1.894833
1.914377
1.910229
1.906278
-1.913478
1.913327
1.907366
-1.883391
1.896985
-1.914365
1.913679
1.908244
1.910523
1.913578
-1.911158
1.911344
-1.913171
-1.899749
1.899241
-1.913824
1.913191
1.909446
-1.906948
1.912343
1.896666
1.913066
1.912810
1.914191
-1.912737
-1.914420
-1.913750
1.912125
1.912730
-1.913823
1.913253
-1.832153
-1.908446
1.912969
-1.908041
-1.913771
1.913933
-1.914174
-1.914386
1.913242
1.912001
1.913808
-1.913325
-1.908100
1.903804
-1.654831
-1.901600
1.910734
-1.912752
-1.914419
1.910584
-1.914010
1.914133
-1.914428
-1.910374
-1.911716
-1.909043
1.907723
-1.913029
1.913447
1.905826
1.914310
-1.894325
1.908731
1.912978
1.912332
1.912838
1.912061
1.913127
1.913225
1.913771
-1.914449
-1.906150
1.913707
-1.888120
-1.913085
1.898054
1.903785
1.896209
-1.897481
-1.914262
-1.908167
-1.894469
1.911008
1.908547
-1.906393
-1.913796
-1.913863
-1.910022
1.911419
1.910373
1.910567
1.912939
1.913111
-1.912202
1.908581
1.910492
-1.884923
-1.912668
1.911485
1.905034
-1.910205
-1.897101
-1.913819
-1.897896
1.913376
1.912998
-1.912517
-1.913335
1.869604
1.913779
-1.913629
1.910247
1.914338
1.912933
-1.913891
-1.911274
1.912048
-1.861552
-1.913694
1.802384
1.913078
-1.913411
-1.914138
-1.896379
1.911843
1.911420
1.899205
-1.914370
1.908853
-1.914142
-1.909928
1.912935
1.909691
-1.913444
-1.888504
1.840699
-1.913393
1.903493
1.911697
-1.911407
1.909902
1.911045
1.903800
1.912978
-1.912522
-1.905300
-1.912346
1.913972
-1.911836
1.910695
-1.913118
1.914137
1.913972
1.911591
-1.912774
1.911208
-1.914348
1.913373
1.904490
1.912738
1.907183
-1.225960
-1.909882
1.913542
1.911280
1.914123
-1.912923
-1.870331
-1.913855
1.913554
-1.908691
-1.908406
1.910477
-1.914491
-1.906331
-1.911075
1.913771
1.910112
1.913827
1.910354
1.906137
-1.905797
1.912727
-1.911674
-1.879009
-1.894417
-1.912828
1.874053
-1.897424
-1.909148
1.913406
1.907962
1.910386
-1.911704
-1.913528
-1.913862
-1.906355
1.911632
1.913089
1.911339
-1.911429
1.911105
1.899399
1.913905
1.914355
-1.884391
1.859703
1.913470
1.905768
1.913463
1.903914
1.899390
1.910457
-1.911155
-1.907241
1.912427
-1.913040
1.908413
1.913630
-1.913724
-1.913005
1.886584
1.914680
1.912095
1.617782
1.913913
1.913770
-1.913119
-1.912670
-1.913437
-1.912234
1.912332
1.913740
1.914253
-1.907942
1.911484
-1.911973
-1.903815
1.914309
1.910080
1.912276
-1.912291
-1.897925
-1.903304
1.912709
-1.913021
1.914259
1.914636
-1.908310
1.913996
-1.904007
1.905420
1.891988
-1.912174
-1.905085
1.780655
-1.911370
-1.912964
-1.913088
-1.862713
-1.913125
1.909566
1.908781
-1.913657
1.914465
1.911035
1.908197
1.906659
1.900766
-1.910445
1.913484
-1.910066
1.912921
1.794418
1.913551
-1.895129
1.856493
-1.882943
1.912618
-1.912139
1.910668
1.902864
-1.914223
-1.913456
-1.797714
1.912628
-1.913227
-1.912858
-1.899578
-1.911335
-1.911231
1.912781
1.886695
1.901551
-1.912391
1.909580
1.913090
1.914422
-1.908053
1.906585
-1.902401
-1.910755
1.911350
-1.910785
-1.912904
-1.912154
1.910809
-1.885288
-1.912533
1.913878
1.910635
1.912696
1.911791
-1.908464
-1.911636
-1.913613
1.911143
1.896175
1.912432
1.873143
1.914055
-1.914202
1.908339
1.906923
1.913082
-1.912488
-1.911330
-1.914022
-1.911956
-1.910026
1.909650
-1.913481
-1.909338
1.912550
1.913357
-1.912929
1.910051
-1.914045
1.906848
1.914083
-1.912488
1.914193
1.913614
1.913097
1.912092
1.911134
1.903824
-1.905760
1.893735
-1.907819
1.905583
-1.885920
-1.910219
-1.844562
1.896177
-1.909203
-1.797750
-1.913651
1.911504
-1.911309
1.912929
1.907012
-1.912522
1.911502
1.913426
-1.913555
1.914258
-1.911621
1.912319
1.909782
-1.909023
1.911126
1.913509
-1.910358
1.910342
1.847359
1.912863
1.914668
1.913089
1.910127
1.905714
1.913321
-1.913606
1.911565
1.913206
1.912009
1.909701
1.914536
1.907714
1.911279
-1.911710
1.911399
-1.910894
1.906992
-1.896657
-1.913165
1.802291
1.913982
1.913820
-1.874250
-1.910684
1.911643
1.910039
-1.910377
-1.902113
-1.913182
1.904619
-1.913035
1.891412
1.912919
1.912269
-1.914413
1.912247
1.910449
-1.913359
-1.912973
1.912289
1.912669
-1.912567
-1.913878
-1.878550
1.908921
-1.914446
1.908921
-1.912809
1.911105
-1.911445
-1.913946
1.909869
1.913515
-1.883792
-1.913527
-1.910346
1.905859
-1.911514
1.910365
-1.912652
1.913158
1.913870
1.914176
-1.909995
-1.881242
1.893736
1.914214
-1.913767
-1.910056
-1.911462
1.911275
-1.911447
-1.911754
-1.910904
-1.892154
-1.912670
1.913973
-1.912536
-1.913833
1.911473
-1.913428
-1.909719
1.913557
-1.881325
1.907148
-1.912488
-1.911210
1.874078
-1.906662
1.910717
1.914119
1.913453
1.914341
1.914283
-1.914216
-1.898369
-1.913335
-1.911239
1.908888
1.913307
1.911657
1.903661
-1.912867
-1.912678
-1.910309
1.907161
1.906750
1.911585
1.913629
-1.908345
1.905117
-1.906346
1.914059
1.913453
1.913175
-1.894862
-1.911970
1.912084
1.914258
1.912596
-1.914151
-1.816618
1.910846
1.912459
1.902597
-1.904159
1.894856
-1.912819
1.907683
1.909649
1.895915
1.897832
-1.911525
1.912419
1.908248
1.913636
1.910530
1.912650
1.905932
1.913717
-1.913159
1.886876
-1.912457
-1.867153
1.910397
1.914070
-1.910307
1.551148
1.914037
-1.912751
-1.908874
1.873651
-1.889472
1.902705
-1.913770
-1.908729
1.912233
-1.913284
1.912021
1.910535
1.910773
1.909364
-1.912126
1.913812
-1.913461
1.854949
1.913771
1.907749
1.910335
-1.912863
-1.913969
1.910904
-1.910364
1.913081
1.912020
-1.907600
-1.912501
1.913951
1.913271
1.908745
-1.910384
1.895264
-1.913506
1.904896
1.863611
1.908571
1.907414
-1.900624
-1.912477
1.910513
1.912066
1.913816
1.910064
-1.909102
1.913354
-1.914382
-1.909783
1.912516
-1.913854
1.903219
1.866573
-1.913879
1.914194
1.908177
1.913422
1.913229
1.862737
-1.911890
1.911332
-1.911595
-1.914024
1.912489
-1.913884
1.913732
1.913741
1.914220
1.913442
1.912284
-1.914666
1.913283
-1.911680
1.899806
-1.913999
1.910995
1.911594
1.867777
-1.905669
-1.908879
1.904575
-1.912872
-1.912026
-1.912990
-1.901473
1.897187
-1.913046
-1.909488
-1.913684
1.912147
-1.911963
-1.908010
-1.911873
1.912848
-1.913683
1.910506
1.786498
-1.914268
1.904187
1.879139
1.913009
-1.912980
-1.904282
-1.912291
1.908338
1.905557
1.912482
1.914570
-1.913302
-1.913998
-1.914453
1.914110
1.911998
-1.910660
-1.911323
-1.914073
-1.913027
-1.860710
1.898321
-1.908359
1.904068
-1.868727
-1.911638
1.903447
1.911148
-1.913061
1.912843
-1.912767
1.912256
-1.912163
-1.913934
-1.912646
1.911038
-1.910129
1.914197
1.910793
-1.913152
1.912857
-1.909766
-1.908667
-1.908635
-1.913228
-1.908211
-1.914431
1.908734
1.911552
1.908631
1.910324
-1.906590
-1.911132
-1.913821
-1.903147
1.879756
1.911437
1.910115
1.913956
1.911964
1.867623
1.911262
1.908879
1.914351
-1.912150
1.914506
-1.912816
-1.910826
1.910290
-1.901710
-1.913987
1.904211
-1.913988
-1.913921
1.913551
-1.910643
-1.912791
-1.913618
-1.911976
-1.912997
1.914044
1.914037
1.903910
-1.903499
1.913007
1.903745
1.913777
1.914441
-1.905399
-1.867038
-1.910584
-1.914252
1.912438
-1.911594
1.910248
1.910234
1.913596
-1.896872
1.911776
1.914110
1.912879
-1.908478
-1.913625
1.914256
1.912620
-1.902301
1.904935
-1.871265
-1.902732
1.912478
1.913194
1.914048
-1.913095
1.911072
1.902388
-1.904400
-1.912439
-1.900380
-1.913240
1.910238
-1.908814
1.913146
-1.912687
1.893316
-1.912502
-1.911204
