10.000000	0.800000	50	0.100000	ARCHIVOS_REDES\ER\ER_702.txt
-1.108909	9.186921
9.828344
-9.618877
8.911018
9.718497
-9.795713
8.785293
-9.921820
9.676417
9.776636
-9.792100
-9.814450
9.399387
-9.083875
-0.912379
-9.954383
-9.880535
-9.919911
7.953054
9.910860
-9.469763
9.823460
-9.969040
9.837977
-9.469046
-9.712101
9.842474
-9.972638
-9.962637
9.702436
9.705907
-8.595922
-9.937910
-9.952179
-9.871532
-8.732026
-6.636291
9.519664
9.260173
9.903151
-9.674143
-0.404383
-9.926172
-9.916783
-8.930251
-9.735449
-9.868937
-9.955999
-9.965332
-9.926875
9.738346
9.474718
9.631640
-9.859926
9.482736
-9.997313
-4.906426
-9.947769
-9.669455
-9.820562
9.710425
9.750897
-9.963599
-9.392633
-1.904987
-9.930160
-9.883516
-9.910470
9.911872
-9.973263
9.731292
-9.120154
9.911930
-9.977937
-9.957358
6.810597
-9.886150
9.887797
9.617552
-9.831472
7.862082
-9.885893
9.999798
8.432992
9.019386
9.609830
-9.706192
9.531261
-9.531464
-0.883216
-8.807715
9.870279
9.606926
-9.923218
9.065258
-9.974884
9.682282
-9.956282
-9.817495
8.735664
9.632276
9.517269
7.953937
-9.908374
-9.938667
-9.667974
-9.938165
9.188736
-9.659886
-9.776098
-9.865672
-9.868448
6.219078
8.229673
-3.431414
9.525764
-9.953774
-9.507694
-9.918849
-9.933204
9.661510
-3.609028
-9.958856
9.915230
9.354277
9.933156
-9.912186
9.915640
-10.000000
5.603087
-9.961309
-10.000000
9.545168
-9.957773
9.901733
-9.955043
-9.387350
9.883533
-9.956114
9.154391
-9.942804
-4.200042
-9.960407
-10.000000
-9.815755
-9.964654
-9.015394
-7.596941
-9.499835
9.935106
9.645941
5.694695
-9.869249
9.928500
-0.049422
9.946538
-9.953328
-9.858722
-9.948363
-9.971524
9.774988
-9.859402
9.828595
9.875409
-9.923452
9.695360
-9.929486
9.924903
-9.809330
-9.858893
9.890310
9.510332
9.183368
-9.804464
9.904845
9.925501
-9.659697
-8.218588
9.854259
9.342958
-9.815657
9.679301
-9.859321
9.905427
-9.948340
9.812947
-9.955588
-9.403607
-8.312397
8.320649
-9.862038
9.579170
-9.917908
-8.290570
-9.811916
-9.477070
0.639815
-9.945946
4.129133
9.342793
-8.897550
9.857743
9.915206
9.943259
-9.622941
9.870395
-9.947519
9.928477
-8.321662
-9.350181
-9.891006
9.407477
-9.925915
-8.770970
-9.891442
-9.313118
-9.971549
-6.726659
-3.321752
8.815507
0.903538
-9.866002
9.252545
9.945989
-8.189471
9.916670
9.902014
9.888942
-8.222884
-9.929532
-10.000000
-9.913288
8.782670
9.819470
-9.858753
9.920310
-9.980580
9.480626
-9.871616
-9.949779
8.852959
9.870441
-9.917595
-9.729850
-9.843385
9.838616
9.866894
-9.930814
-9.970361
-9.678012
-9.959539
-6.496575
-1.342893
9.518123
9.840001
-9.894946
7.930764
-5.550304
2.767573
-9.693273
9.797281
-9.863700
-9.849306
-9.521634
-9.951843
9.876895
9.939823
-9.891607
-9.936931
-9.947747
-9.944369
-9.828506
9.913470
-9.802073
-9.867210
-9.850096
9.858015
9.889399
-9.801751
-10.000000
-8.430805
-6.944210
-9.862944
9.582940
9.900704
9.886676
9.819641
9.888443
9.886546
-9.929213
9.813085
9.117492
6.361625
9.919808
9.850559
-9.795738
-10.000000
-9.300782
0.088975
-9.960152
9.391173
-9.942720
-9.673867
9.430949
-9.955551
-9.965951
-9.935709
-9.900711
9.497801
-6.898854
9.889664
9.951731
-0.433968
9.609353
-9.939712
-8.263500
-9.817868
9.944152
-9.968951
-9.539982
8.288463
9.939239
-9.763788
9.754763
9.837749
2.585439
-9.943975
9.860830
9.937698
9.897207
-9.941364
-9.959522
-9.943772
-9.959025
-9.965437
-9.748168
-9.899893
-8.681032
0.769305
-9.750060
9.647449
-9.926324
-9.964129
9.381544
-9.841007
7.592333
9.611178
9.468572
9.666956
9.918187
-9.508316
9.195385
-9.980627
8.329304
-9.892482
-10.000000
-10.000000
9.765562
-9.775602
-9.461923
-10.000000
-9.971787
9.818715
5.782247
-9.134013
9.514492
-9.581726
0.707837
-9.918931
9.643800
-9.960363
9.776940
9.515300
-9.824783
-9.858378
9.276764
-9.710824
-9.830188
-9.104534
-9.768949
-9.952021
-9.943463
9.721559
9.679059
-4.770122
8.176579
-9.911510
-9.919877
-9.844763
2.921571
9.950690
-9.969592
-0.112064
9.913676
9.943040
-0.580200
9.915272
9.902885
7.078671
-9.918439
8.140142
-9.940217
9.892000
9.082515
2.939192
0.017614
9.777537
-9.473050
9.930107
9.880211
-9.872259
9.931726
-9.960289
9.835821
9.941418
9.874101
-9.895151
-8.578316
9.885696
-9.951903
7.664427
8.529539
-9.957276
9.926845
-9.891466
-9.857028
-9.773255
5.476589
-8.333531
-8.542434
-9.732357
6.442727
-9.254948
-9.933481
-9.559741
9.913924
9.881411
9.807373
6.594472
-0.245625
-9.896291
9.704537
-9.720986
-9.948933
9.935843
-3.235837
-9.016064
-9.915098
9.544200
-9.814048
8.886784
-9.939513
7.102131
9.931577
-9.896529
-9.942707
9.604638
-8.323253
-9.753419
-9.882446
9.844403
-8.816422
9.943044
6.070924
-9.925569
-9.921901
9.142497
6.946178
9.940609
-6.657042
-9.840558
9.839297
9.274135
-8.292670
9.925721
9.417700
9.828859
-9.936507
-9.429625
9.254827
9.902733
-9.919687
8.961140
-7.954160
-7.102703
-1.591061
-9.956110
-9.876770
-9.648104
-9.891045
-9.943338
6.802496
9.742056
-9.940511
-9.913800
1.995104
-9.923326
9.891019
9.886525
9.875485
9.318878
-4.937435
-2.708059
-9.803399
-9.924557
-9.921404
-9.709782
-9.954621
-9.912085
-9.928535
-9.803155
9.701064
8.718950
9.895576
-9.918285
9.485679
-9.950743
-9.941202
9.916636
-9.996262
5.152326
-9.944645
-9.508760
8.870836
-9.962411
-9.207739
9.896482
-9.935637
-9.920249
-0.050698
9.916632
-9.950468
-9.942012
9.851735
-9.964664
-9.930089
-7.941205
9.839869
9.396926
9.667089
-9.870473
-9.864763
9.914898
9.886806
9.650274
8.296412
9.817882
-9.861940
-9.960227
9.902053
9.436765
-9.362753
9.568821
-9.914276
9.905463
-9.903149
7.728075
-9.885837
-9.630630
-8.038229
9.821979
-9.557242
-9.856007
-9.714541
-5.387775
9.953071
-9.260337
-0.663582
9.893874
8.636222
8.421637
9.890490
9.953040
-9.959262
9.827661
-9.877063
-9.962557
-9.871695
-9.934725
-9.953041
9.670290
9.859152
8.621753
6.518556
7.401592
-9.947019
0.249368
9.868839
-9.962910
-9.831812
6.391725
3.996280
-9.960575
-9.964011
-9.959263
9.293675
-9.969872
9.889921
-9.945892
-9.891044
-9.403640
9.900422
-9.944433
-9.429111
9.919041
-9.942832
-9.868526
-9.932767
-9.933529
9.900072
9.841162
9.751685
-9.852978
-9.958747
-7.916659
9.905621
-9.841567
-9.692107
-9.856661
-9.908260
-9.748894
9.778380
-9.942378
-10.000000
9.601074
9.892453
8.049993
-8.854953
9.208022
-9.957215
9.871890
-8.294985
-9.967457
9.474472
-9.952668
9.345140
-8.744090
-9.439936
-9.955473
-9.950888
8.532848
-9.958390
-9.968410
-9.717962
-9.877455
-9.860085
-9.372358
-6.488227
-9.040016
-10.000000
9.897705
-9.920353
-9.912660
9.895233
-9.151793
9.339372
-10.000000
7.105750
8.414789
-9.971449
-9.887176
9.774520
-9.972701
9.867650
-9.938923
-9.932623
-9.906451
-7.375399
9.902057
-9.987244
-9.952278
-9.970740
-9.481466
-9.939648
9.634974
-8.548316
-9.789229
9.874554
-9.993018
10.000000
-9.914306
9.571391
-9.974607
-9.736803
9.818503
-9.966967
-9.659722
9.898944
9.793695
-9.967158
-9.913253
-7.729523
-9.629322
-9.912855
9.835698
-9.744287
-10.000000
-9.964617
9.869801
-9.931741
-7.039920
9.924935
-9.397066
-9.937163
-9.676855
-9.918367
-9.684013
-9.194812
-9.903567
-9.854903
9.687628
-9.899211
9.869558
-9.909512
-9.926438
9.901939
-9.187718
-9.968901
-9.905492
-9.973724
9.895494
9.805941
2.231943
9.236160
7.662741
9.124103
-9.929570
9.893967
9.844028
-9.841368
-4.774005
-9.953778
3.377640
9.702635
-9.795524
9.905305
9.895007
-9.928926
-9.718768
9.127634
-9.825958
-8.765725
-9.904591
7.415905
9.801542
-9.979700
-9.761486
9.541292
-9.955488
9.735246
0.091003
-9.864493
9.895917
9.844244
-3.521228
8.496722
9.902144
-10.000000
9.848176
-9.278006
-5.069901
9.898576
-9.595652
-4.905397
-9.577481
6.543690
0.004885
-9.828074
-9.891872
4.393217
-9.883298
-9.814859
9.807315
-9.817717
9.333847
9.857062
-9.976148
9.570265
-9.385730
8.303013
9.894412
-9.972690
6.112633
-6.237607
-9.850653
9.825635
-9.897098
-9.730924
-9.967392
9.904559
9.955000
9.703964
-9.280725
-9.963396
-9.521353
9.750840
-9.596675
-9.818035
9.875513
9.463976
9.763864
-9.968558
9.885296
-9.476297
-9.720552
-9.715358
-9.886118
9.773274
-9.885635
9.799695
3.219467
-9.746468
-9.911813
9.332406
-8.703392
9.268230
-9.877333
-9.252297
9.711209
-9.772152
9.881087
1.100798
-9.379995
9.650829
9.785516
-9.861695
9.606870
9.932832
-9.943731
6.594385
-9.898855
-9.905626
-9.977597
-9.934192
-9.773873
-9.844180
9.906437
-9.806552
-9.942932
-9.959781
9.885806
-9.915179
-9.798445
9.681649
-9.793820
-9.723208
-9.888623
1.856142
9.913929
-9.822362
9.831575
9.712007
-9.856892
9.857838
-9.337094
-9.954696
-9.678709
-9.738164
-7.332278
-9.914301
-9.953345
-9.744542
9.938880
-6.299145
-9.270056
9.448864
-9.859601
9.756507
-9.999829
9.918065
-9.642471
-9.948357
9.336037
-6.267029
-9.963308
-9.836321
-10.000000
-7.389750
-8.184945
5.400151
5.464480
8.365000
9.688867
-9.978574
9.586313
6.062896
-9.400570
-9.383405
-9.884776
-9.665138
9.631216
9.916853
-6.918182
-9.907228
-9.906919
-9.840500
-9.860298
8.702231
-9.821990
-9.657550
9.741655
8.067536
9.652519
-9.914904
9.806366
9.950453
8.678132
-9.852946
9.879800
9.953600
9.952826
9.740631
-9.951579
-9.782890
-0.713749
9.361565
-7.362823
9.838381
9.848022
9.764335
9.909446
-9.967500
9.281042
-8.502113
-9.857005
-9.950801
-10.000000
9.860513
9.877557
9.267841
9.744411
-9.881834
8.156688
-9.966135
-9.917203
9.367540
9.923790
7.367329
9.915977
-7.801358
9.931953
-9.416914
-9.725753
9.879517
9.805551
-3.373207
-9.927504
-8.882407
9.907383
-9.728660
-9.943357
9.558707
-9.928856
9.908420
-5.115637
9.822923
9.813596
9.629865
4.884160
9.843621
-9.564729
-9.900873
9.808953
-9.955864
-9.753624
-8.999460
9.834693
9.740851
9.816785
-9.954537
5.665435
9.925157
-9.962966
-9.920815
-8.292373
-9.936078
9.140104
-9.971994
9.917674
-9.977193
9.932099
9.872810
-9.969656
-9.754247
9.465353
-9.938302
9.706659
-9.889415
9.837789
6.343220
-9.951435
-9.870171
-9.962363
9.465874
-9.857285
8.884639
5.526479
-9.959308
0.072908
-9.926485
-9.805357
0.038826
-8.437181
-9.939875
-9.983232
-4.787516
-9.932630
9.082927
-9.949580
-7.290463
9.908094
-9.932160
-9.941947
9.953182
-9.921118
-9.920752
-4.757412
-9.330106
-9.964655
-9.730893
9.932066
-0.483368
9.705602
0.880423
-9.806443
-9.920155
-9.948668
8.510561
9.861415
1.677161
-9.960570
-8.009126
9.666476
-7.506015
-9.788065
-9.616772
-9.924169
9.745487
9.771283
9.921250
9.787298
-0.462401
7.045637
-9.874810
8.331712
-9.933825
8.943712
9.737192
-9.897025
9.233439
-5.562012
-9.923400
-9.710124
9.810911
-9.938455
9.214713
-9.942206
-9.961464
-9.606463
9.109716
3.113580
8.918648
-9.794155
-9.932946
8.439737
-9.953026
9.922372
-9.888181
9.816885
-9.774091
9.918507
1.576985
9.862055
-9.999999
9.761629
-9.627494
-10.000000
-9.628935
-9.728165
9.901468
0.057059
9.426979
7.540193
9.611076
-9.971907
-10.000000
9.328512
-9.886229
9.936228
0.145244
-9.897093
9.821245
-8.308662
9.829442
-9.087072
-10.000000
9.297815
9.749771
-9.908643
-9.949371
9.881678
5.638546
9.954401
-9.975128
9.157887
9.263466
9.941209
0.075972
9.755451
-9.965135
-9.937901
9.897658
-2.544476
5.152995
-9.923510
-4.137038
-9.895930
-9.206068
9.851612
-9.286259
-9.970892
-9.882640
7.930224
-9.970818
-9.972353
-9.847840
-9.958671
9.845489
-9.835930
-1.914384
-9.810874
-9.875945
-9.892175
9.854292
9.768022
9.428132
-9.929960
9.851231
-9.976317
-9.632217
7.703363
-9.896596
9.754470
-9.964613
9.903908
9.603165
-9.932680
-9.967929
-9.881922
-9.905385
9.767657
9.930410
-9.527358
-9.936642
-9.949883
-9.900019
-9.840758
-9.872468
-9.878775
-7.997048
7.865001
-9.681810
8.529464
7.328126
-9.947335
-7.020742
-9.892520
-9.837265
-9.960550
-9.957999
-8.828580
9.945219
0.265194
-7.494753
-9.936935
-9.882167
9.889832
9.785943
-9.943378
-5.635157
-9.721388
-8.220478
9.808236
-9.972288
5.242273
-9.680156
-9.681360
-9.734269
-8.256312
-9.871535
9.976760
-9.893442
9.541801
-9.221510
-10.000000
8.726031
-9.794438
-9.873863
-9.931095
9.932319
9.929965
-9.715496
-9.844922
-9.042410
9.518217
9.582874
7.139447
-9.849028
-7.746162
-0.314095
-7.300120
9.927373
8.132323
9.520074
9.781523
-9.853774
9.897202
9.601839
9.697038
9.750261
9.999995
-9.924165
9.966884
-9.967328
-9.838196
9.693839
9.927586
-9.947427
-9.349942
-9.918061
-9.853875
9.867975
-9.932588
9.829678
-7.991441
-9.449973
-9.964839
-4.805561
9.907238
9.260379
9.918922
8.747711
10.000000
9.433242
-9.948427
-9.525704
-8.611311
9.934817
9.507424
-9.961535
-9.879965
-9.945923
-0.060028
8.018278
9.860699
-6.718229
-9.901639
-9.893092
-9.934150
9.898626
9.890269
-9.520739
-9.824432
-9.823061
-9.670143
-9.943870
6.570240
9.537854
6.554978
6.479217
9.930894
9.955161
9.826784
8.841262
-9.925320
-9.951492
-9.835110
9.155822
-9.803257
9.859568
9.954355
-9.903361
9.412571
-9.055560
-9.874417
-9.937179
-8.431348
7.837508
4.372853
8.701579
9.890775
-9.969691
1.364513
-9.903838
9.746871
9.790279
5.610089
-9.949264
-9.964993
-2.716127
6.173244
-9.771147
-9.918257
9.240536
-9.928655
-9.918813
-9.966547
9.484271
-9.769907
9.920729
-9.858650
9.874245
-9.673556
9.543330
-9.923332
-9.542409
8.226633
9.142495
-9.891100
-9.956384
-7.971526
9.893047
9.652446
-9.791702
9.733283
9.887811
9.929708
-5.960565
-9.807072
9.622872
9.679904
9.923230
-8.346110
9.913740
-9.555412
-9.919465
-8.943530
-9.938238
9.919684
-7.150455
8.213207
9.072897
-1.201277
-9.845451
-9.100502
-9.083835
-7.567129
-9.921088
9.572651
9.935300
-9.940596
-9.911071
-6.958262
9.885620
-3.457682
0.956892
4.578545
9.850687
-9.884954
-9.979647
-9.837006
9.901728
9.750910
9.918028
0.713914
-9.932958
9.845349
-9.415874
-9.759519
9.882488
-9.822623
-9.947363
-9.530200
9.875446
-9.937968
9.532472
-8.973210
9.935291
9.947254
9.802456
9.894216
9.925899
-9.860232
-9.629328
-3.998083
-9.966003
-1.967888
0.659967
9.778414
-9.970314
5.299817
-9.783031
-9.883498
-7.459031
-6.453403
-9.815963
7.064477
-8.339212
-9.965228
-9.750709
-9.946238
9.857273
9.907822
9.715784
9.870774
9.883260
9.666980
-9.956611
-9.932209
-9.966231
-8.527771
9.743587
-9.939195
9.909575
9.851934
9.875870
9.579626
9.864076
9.877913
9.885490
-9.912364
9.838316
9.580704
6.528438
-9.948899
9.795231
-9.999984
8.705670
9.904651
-6.937952
9.870075
-4.490639
9.929319
9.791748
-9.745592
-9.886641
9.633660
9.569076
-9.647519
-0.067937
9.954402
9.818689
-9.848438
-9.890087
9.951517
9.836946
9.813357
-9.934835
9.801350
-8.371949
6.419530
-9.958804
-9.968787
-7.276106
-9.847392
9.913554
9.711889
-6.468794
5.966389
-9.673952
-9.962216
9.729240
-9.903696
9.895007
9.999955
9.944509
-9.923615
7.227232
-9.446768
-9.956685
2.300232
-9.441344
8.727799
-9.919848
-9.582455
-9.962470
-9.361394
-9.868298
9.927102
-10.000000
-9.938630
-9.924255
-9.849989
-9.954535
9.804655
-9.937865
8.062000
4.417007
-9.035106
9.330042
-9.930833
-9.777036
-6.194011
-9.914164
9.516820
0.588393
-7.107557
-9.967446
9.875689
9.889782
5.932456
9.799862
-10.000000
9.892043
9.932034
-9.746930
9.926563
-9.029559
-3.926431
-9.943712
9.855807
6.819135
-9.937171
-9.902206
-9.999702
9.673919
-9.782486
-9.827902
9.682616
-5.991402
9.722211
-9.954169
9.901328
9.662017
-9.926384
9.154082
9.926000
-9.949131
-9.319153
-9.974499
5.901248
9.668551
6.411364
9.505297
7.518159
-9.453604
-9.651371
9.916375
-10.000000
-9.355335
-8.884364
-9.952240
-9.877159
-8.479599
8.600291
-9.953314
9.881686
-9.910438
-9.944433
9.918250
-9.963259
9.922159
9.895700
9.911271
5.873108
9.623937
9.549924
-9.972773
-7.894501
-9.904422
5.197917
-8.234458
1.354595
9.716599
-9.965974
6.730702
-9.863892
0.076520
9.946743
-6.917876
-9.414109
-9.970713
-9.871114
-8.012465
9.952782
9.658575
-8.773894
8.123717
-9.953984
8.548118
9.652595
-9.974275
-9.826457
9.838391
6.413783
9.776841
-9.894409
9.863520
9.661670
-9.915938
9.999999
-6.337311
-9.679609
-9.943252
9.298564
1.116643
-9.895504
9.948502
7.403966
9.902697
9.917243
-9.918027
-4.881228
2.236450
2.150873
9.915678
-9.821459
9.139376
9.999996
9.855571
-9.593984
-9.958997
9.919872
0.692755
-9.960025
9.821071
9.830620
9.876549
-7.365108
-9.902049
-9.974038
-9.835636
-9.894684
-10.000000
-9.939950
9.841646
9.795514
9.874535
9.897822
-9.939534
9.783898
-9.932093
9.787483
5.228335
-9.409345
-9.845022
9.484433
9.918658
-3.049556
-7.915248
-9.729878
9.919843
-9.947198
9.800579
9.247748
-9.934947
0.575586
9.907241
-2.327780
9.890300
9.869960
7.184173
9.685567
6.682404
-9.901845
9.763616
-9.889759
9.441065
-9.544210
9.788985
-9.917165
-9.923708
5.994500
-9.829157
9.088303
9.280519
8.025164
9.937612
9.498776
-10.000000
9.822057
6.987510
-4.188203
-9.882380
-9.892879
9.796831
9.533831
-9.974350
9.793582
-9.947457
-9.908227
-9.831412
6.089232
8.706528
-9.783156
9.909782
-9.613211
-8.338058
9.366844
9.909598
-9.923575
8.322150
-9.997730
-9.903088
9.488740
-8.321840
-9.799247
9.921117
8.028471
8.307340
9.563365
9.849679
9.907339
8.305655
-9.858654
-8.030288
9.705200
9.958626
-9.542163
-9.672363
8.773341
-9.974828
-9.080930
-9.953817
-9.698014
9.634695
8.696354
-9.939434
-0.313323
9.786517
3.165690
8.872750
-9.933665
-7.907889
-9.550294
9.921166
9.021968
9.866065
9.833230
9.803025
9.781794
-9.887915
9.838959
9.230423
-9.901679
-9.947186
4.889657
-9.953646
9.893369
-9.895468
9.902323
-0.152978
-9.909405
-9.979176
6.050225
-4.176314
9.655203
9.495017
-9.942748
9.348460
1.907883
9.611135
-2.275399
-9.708357
9.572640
-9.720747
9.470994
-9.349867
-9.771863
8.639153
9.910217
-9.935956
-9.817456
-9.939818
-9.901861
-9.156057
-0.174877
-9.948309
-9.916438
9.811056
9.903889
9.901457
9.844515
-9.967444
-2.227566
9.711235
-9.702976
-9.970855
-9.920782
9.348447
-9.940808
8.367530
-9.459323
-9.946043
-9.774608
-0.329545
-10.000000
9.861750
-9.965914
-9.825310
6.755643
-9.859418
-9.906914
-9.784234
-9.894258
-9.831688
4.050971
9.885310
-9.963904
-9.946438
9.790972
-4.696047
9.138410
-9.907420
9.549236
9.871766
-9.997993
9.923659
-9.955278
-9.953524
9.859873
-9.889925
-9.924324
9.136133
-9.792286
-8.216792
-9.866231
9.853774
-9.915112
9.958137
-7.506426
-9.926737
-9.278125
-9.815159
9.879876
-9.300536
9.897435
9.592951
-9.934365
9.941911
9.788273
-9.937524
-9.894747
-1.681140
6.781342
9.764616
-9.904842
-9.836203
9.782760
10.000000
-7.309004
-9.928563
-9.538659
-9.927373
9.061182
9.911022
9.502946
7.765366
-9.962823
-9.999925
-9.935289
-9.890865
7.230260
9.944960
-9.877251
9.900090
-8.616458
9.903458
-9.919404
-6.811537
-9.863628
-8.585829
9.899325
9.923684
-9.462643
-9.924817
-9.344045
-9.975858
-9.970210
9.907255
-9.945294
9.886141
-6.434207
-9.974286
-8.238102
-8.048022
-9.928182
-9.957501
9.349456
-8.771504
-9.926060
-9.887404
-9.435964
-7.600862
-9.909151
-9.650503
-9.918055
-9.849346
-9.893722
-9.853786
9.910288
-9.838849
9.250042
9.875314
4.304492
9.929660
-10.000000
-9.812117
9.812628
-9.662597
9.874596
-9.928632
-9.859123
9.881295
-9.999781
-9.932216
-9.941704
-9.875389
9.887504
-9.875765
-9.961136
2.969147
9.861494
6.347821
9.876470
-9.970911
-9.852137
-9.961019
-9.563499
3.050440
-9.601468
-9.412190
3.371644
-7.498146
10.000000
-9.957541
9.896812
9.395766
9.924978
8.747768
-9.476967
1.824465
-9.787411
-9.478173
9.661753
-9.276833
-9.597126
9.509687
9.886796
-9.896199
9.680758
-9.897486
-9.954897
0.950196
-9.947367
9.064844
-9.925988
9.101250
4.311353
-9.603073
-10.000000
-9.957811
9.882457
-9.809021
-9.342054
-9.946845
9.411331
-6.203094
-9.951320
9.849289
-6.055082
-9.798501
9.881931
-9.909885
-9.494095
-7.938754
-9.955028
9.514986
-9.530961
9.930952
-9.946445
9.817551
9.948721
-9.874725
9.852639
9.697966
-9.946229
9.752106
9.850850
8.501765
-9.908388
-9.916863
5.528342
-9.980713
6.179213
9.580973
-9.999762
9.931003
-7.336327
9.861281
-9.969504
-9.951945
7.443600
9.832009
9.879306
9.877815
-9.922536
9.733124
9.849581
-9.886337
-7.717402
9.812402
-9.207897
-8.173630
9.677266
9.833634
-9.963109
9.904256
-9.957284
9.888808
9.590467
9.505537
-9.944975
-9.922385
9.165841
-9.958513
-9.970372
9.878049
-9.957482
-9.948794
-9.979180
-9.945337
-9.926480
-9.957790
-9.896330
-9.944893
-9.793244
9.945959
-9.228106
-9.933905
9.383032
9.999999
-9.999999
9.813003
9.623323
-8.797573
-9.403594
9.871957
-9.913530
-9.947522
-9.719599
8.276591
-9.830251
-9.953931
-9.856873
5.965673
-9.945035
-9.940266
-10.000000
9.596005
9.548435
5.809220
-9.911351
-9.946952
-9.940954
0.716707
-9.933008
-9.453836
-9.927839
3.935097
-9.691806
-7.583963
-2.965019
-9.844080
-4.278175
5.879003
-9.813235
-9.846094
9.834437
-9.970886
-6.882148
9.454073
9.919687
-9.933106
-9.967298
-9.910097
-9.643645
10.000000
9.842507
-9.944813
-9.811404
-9.973565
-8.661845
6.882995
7.460105
-9.522925
-9.892296
3.565126
-9.901141
-9.957149
8.892344
-9.898754
9.818837
-9.759367
-9.903029
-8.907895
-9.210010
9.999440
-0.015365
9.879918
9.802350
9.812157
-9.941208
-9.754571
-9.954707
-9.729516
0.490557
-7.836533
9.810844
9.920727
-9.867073
8.341786
9.825085
10.000000
10.000000
-9.975966
4.354181
-9.920658
-9.958274
9.420531
9.655632
8.842524
-9.696243
-9.691813
-8.133159
7.278834
9.368333
0.791814
-9.921243
9.922246
-9.751644
9.926031
-9.448339
-9.918550
-9.764341
-6.833031
-9.837723
9.560190
5.542889
0.537066
-9.908647
8.595847
6.108513
-9.791955
-9.954257
9.939787
9.882320
9.840794
9.487131
9.877967
-9.137116
9.194861
9.798353
-9.937191
-9.952599
9.212639
8.515485
-9.903769
9.852744
9.503659
9.738155
-8.535700
-6.305907
9.093529
-9.505431
-9.967573
9.948045
9.866319
-9.953866
-9.938668
-9.412631
9.346542
-9.877421
-7.585916
-9.651466
-9.942692
-9.969236
9.971628
-8.264577
8.911845
-9.942216
9.801417
-9.811358
-9.967616
9.869444
-9.915585
-9.668682
9.837691
-9.856945
-9.924445
-9.975945
-9.934134
8.514836
9.539656
-9.938931
8.954756
9.563576
7.609946
-9.887685
-8.356208
-9.936205
9.511757
9.681416
-9.742436
5.647028
-9.805322
-9.860763
9.924017
9.945135
-9.945786
9.913028
9.909081
-9.894585
-9.466417
2.328712
9.886908
9.313016
9.795757
-9.291889
9.914179
-9.961539
9.866324
-9.999778
-9.905369
9.853520
-7.279020
-9.966573
-9.913237
-5.359203
7.798178
-9.968575
-9.830575
9.502383
-9.937671
8.493214
-9.927830
-9.992897
-9.926242
7.514647
-5.716119
9.846142
-9.919212
8.841056
-9.850376
-9.901460
-3.634763
9.938983
-9.078354
9.825276
-9.885946
-9.966935
6.951165
9.926771
-7.479344
-9.884874
-9.937991
-9.833662
-1.978414
9.549419
9.937553
9.884247
9.864695
-9.818894
-1.777331
-9.942496
9.393191
-9.968495
-9.976181
9.997305
9.782386
9.714641
5.755557
-9.491450
-9.949567
-9.721707
-9.930895
8.054693
-8.554983
9.842687
7.000099
6.664414
9.781251
9.900693
9.810713
8.733359
8.408266
-9.901331
-9.822113
9.857838
9.737574
9.933393
9.834545
9.959365
-7.828463
3.225414
-9.960566
9.931270
9.857543
-9.972130
9.898906
7.600113
-9.921331
9.824741
9.832743
-9.939841
-9.927518
-9.889226
-9.887350
-9.823953
-6.146807
-9.928933
8.175600
9.704106
9.748487
-9.918525
-9.434528
-9.320223
-9.659072
9.720870
-10.000000
-8.944887
-9.767641
9.910905
9.084371
-9.930106
9.570345
-9.909949
9.743548
-9.909764
-9.957609
-6.260072
-9.729759
9.958219
-8.096955
9.598155
9.850137
9.300368
9.856639
-9.999997
9.854458
-9.962797
9.825332
-9.992949
-5.910904
9.332049
-9.919680
-9.939909
9.899867
9.851676
9.619017
-9.936652
-9.245954
9.922222
-9.883616
8.370983
8.198705
9.952995
9.945421
9.633744
-9.968281
9.324826
9.850567
-9.815601
9.262524
-9.944550
-9.973708
-9.821401
-10.000000
-9.933494
9.953151
9.900170
9.903165
-9.831920
-9.965532
8.268388
9.846747
0.418297
9.569538
-9.940848
8.005152
-9.974794
-9.999998
-9.954325
-8.065026
9.475861
9.616164
9.858723
9.877134
-9.933103
6.412807
-9.937851
-9.945766
-9.585236
-9.742829
9.185065
-9.803200
9.942633
-9.710703
-9.674042
-9.630195
-9.933302
-9.941797
-9.659114
-9.910911
9.808360
-9.940475
-9.944375
9.864954
9.897967
-8.725748
9.796615
-9.978122
9.761135
-9.895362
9.899989
9.895780
-10.000000
9.784962
9.918694
6.222735
9.939984
-9.718795
9.941558
9.930191
-9.874238
-9.756981
-8.002957
6.031277
-9.897409
1.839753
9.699607
-9.357671
-9.604017
-9.999917
9.699419
-9.063823
-9.972195
9.890530
-9.919448
9.760314
9.783351
-3.015413
-9.856490
-9.659338
9.946279
-9.219819
-9.901094
-9.918031
9.811708
-5.614984
-7.332196
7.970289
-9.848234
9.746671
9.906390
9.945215
-9.842298
7.497101
-9.925825
7.388921
-9.844076
7.784387
-8.355287
-7.697023
-9.794171
7.473123
-9.946126
9.958094
-9.999999
-9.862195
-9.956782
-10.000000
9.805647
3.666329
8.458632
9.753305
-9.857944
-9.966975
-9.940835
-9.861068
9.610970
-9.952260
9.473392
9.536531
-6.368420
-9.934837
9.736567
-1.361504
-9.666644
-6.120071
9.904880
-9.295315
9.535670
9.792726
8.435430
-9.808738
-9.885185
-9.587177
-9.999969
-9.880790
-8.649243
9.113877
-9.437425
-9.866661
-9.966916
-9.927715
5.609780
4.975197
-9.862533
-9.622779
-9.877794
9.924502
9.687915
9.657817
-9.961360
7.340640
4.269202
6.873279
8.220732
9.856146
-9.798460
-9.967525
9.836673
-9.052428
9.165987
9.936585
9.628902
9.878184
-9.935501
9.817154
9.052226
-9.933969
-9.865659
-9.946456
4.159617
9.661546
-9.963767
9.920058
9.177489
9.009918
-5.811643
9.232558
9.085768
9.415261
9.884976
-9.681840
-9.947603
-9.913943
-8.924805
-9.959652
9.681565
9.182891
5.782404
-9.921246
9.915772
9.451883
-9.919204
-7.678789
-9.873827
-9.100481
9.776337
9.924226
-9.969090
-9.960771
8.388044
9.865184
9.950014
-9.951919
9.882932
8.787391
-9.704204
-9.939020
-8.559639
9.854386
-9.806401
-9.937891
9.743282
-9.695256
-9.960567
-9.823101
9.916617
-9.969086
-9.769164
8.947121
9.814101
-9.963083
9.887574
9.903942
-9.188189
9.728661
7.029978
7.241666
-9.974053
-9.499900
-9.938166
-9.937801
-7.773454
9.806681
-9.929843
9.888445
-9.945328
9.886110
-9.947084
9.956208
-9.854086
-4.833163
9.925615
-9.936236
9.829982
-9.271661
9.497654
-9.904092
9.760061
-8.732405
9.838339
-9.952337
-9.977038
-9.181546
9.826857
-8.668777
9.855382
9.937896
6.150877
-9.861184
9.203125
-9.935615
-7.408217
3.584661
-9.960421
6.308584
-6.412042
-9.952847
-9.950262
9.833174
-9.809931
-9.758707
-9.788352
-9.965914
-9.926078
9.830544
-9.191320
-9.849299
9.848930
-0.166773
9.885082
-9.968706
9.673992
-9.902316
-9.650256
9.937296
-8.584128
-9.938024
9.863195
9.895776
-9.957065
9.872331
-4.351764
9.916965
-9.890560
3.781623
9.906231
9.947949
-9.919204
9.739581
9.906928
8.955797
9.867039
-9.652301
9.737214
8.670434
-9.699118
9.183520
9.923672
-9.922127
-9.909518
-10.000000
-9.935605
-9.739107
-9.807225
-9.923804
-9.906154
-8.360302
4.353388
-5.584588
9.929248
9.832535
9.354595
-9.934855
6.565075
9.365767
-9.897436
-9.950812
-6.466236
9.239866
9.504779
-9.968582
-9.910974
-9.896547
-9.977150
-9.840538
-9.754130
9.805195
-9.966144
-9.633062
-9.934485
-8.162558
9.907169
-9.654074
-9.176674
-4.124593
9.368764
-9.798677
9.528832
9.689813
-9.850716
-9.999893
9.848796
-10.000000
9.500908
3.419854
0.330398
-9.273482
9.721964
-8.775440
-9.918737
1.269539
1.507495
0.970428
-9.484970
9.887644
9.932121
9.451928
9.922032
9.299577
9.721774
7.826716
-9.317606
9.908492
-9.760027
-9.934402
-9.918979
2.956102
9.926944
9.869219
-9.557828
9.908654
7.638345
-9.963247
-3.052029
-9.890041
-9.900632
9.904885
8.701816
-8.736263
-9.807967
9.835842
-9.963043
1.023696
-9.940598
9.507647
-9.944236
9.884495
10.000000
9.927022
9.518006
9.835404
0.015846
-9.926106
8.789574
0.613077
-9.687066
3.426933
-9.820566
-9.052267
7.195237
9.964477
8.358112
-5.595196
-9.971146
9.830388
-10.000000
-9.903285
9.890174
9.060272
9.855179
9.782348
-4.245067
-9.937874
9.588559
9.913208
9.944256
9.885855
8.133647
-7.736308
-3.037273
9.811925
-9.954535
-4.353208
9.848486
-9.852036
-9.946735
9.908654
-8.064464
-9.909121
-1.301438
-7.875459
-7.342815
9.925591
9.469612
9.756321
-9.968615
9.859480
9.947362
-9.735828
9.939555
-9.896207
-5.638023
-9.722416
-9.711689
-9.886026
-9.882371
-9.952416
-6.888093
-9.914442
-9.939101
-9.523181
9.888541
-9.343695
10.000000
-7.141805
9.961722
9.960382
-9.907274
9.650232
-9.967447
9.814749
-9.892188
-9.259047
9.911185
7.539495
8.936352
-9.892465
9.758184
9.759418
-9.953206
10.000000
-8.549476
-9.449834
-9.866762
9.911517
5.576744
-9.962683
-9.916004
-9.960603
-9.897903
8.549637
-9.953741
9.543188
-9.863669
9.854901
9.920802
1.562459
-9.315017
8.110232
9.897445
-9.745929
9.898498
8.036501
-9.931862
-9.965499
0.229622
-7.320422
9.482250
-9.964185
-9.909605
9.396756
-9.929945
-9.961210
9.911759
4.286239
9.911695
-9.873137
9.925516
-9.869555
-9.935466
-9.963565
7.215592
-9.380674
-9.787372
-9.841788
9.706064
-9.943741
9.919679
9.766939
9.694085
9.647005
9.386953
-9.595093
9.866705
-9.294030
-9.970492
8.144653
-9.976023
9.852492
9.936362
-9.970905
-9.938391
-9.943837
-9.918402
-9.946712
9.929532
5.501953
9.931977
-8.723544
9.244459
-9.956697
-7.993795
-9.852921
9.934954
9.828957
-9.750734
1.757897
-9.785001
-5.867516
-9.923910
9.929998
9.939606
-9.838380
9.587556
9.578508
6.227070
-9.908245
9.871176
6.209005
9.652843
-9.952947
-9.834092
-5.919348
-9.926831
-9.873060
-9.952388
-9.576297
-9.963019
-7.489424
-9.672591
9.876353
9.458470
-9.767266
9.924846
-9.922685
9.951289
3.405022
-9.859314
-9.841490
9.877651
8.765691
9.843094
9.786090
-9.936441
-9.972154
-9.938846
9.939213
-6.432844
-9.856664
-9.931008
-9.948531
-9.525998
-9.899758
-9.920518
-9.905015
-9.677047
9.804724
-9.724986
9.852191
9.674709
0.986518
9.919877
9.199381
9.718992
5.584736
-9.599494
8.554940
9.836992
-0.706801
9.899944
-9.973001
9.637822
-4.261905
-6.284143
-9.938784
9.827861
-9.951253
-9.793467
-6.041843
-5.853387
9.909411
-10.000000
-9.940651
-9.944764
-9.904154
9.937211
-9.946954
-9.951919
9.481613
9.846800
-9.722836
-9.582801
-9.815569
-9.900845
-9.922942
9.878874
-9.748785
9.904263
-9.947777
-9.879836
-8.016138
9.776454
-9.878552
-9.912730
-9.931021
-9.910902
-9.769827
9.840684
9.773183
-9.209462
5.268984
9.883092
-9.902973
-9.845360
-9.943334
9.965975
9.616908
3.341067
8.932042
9.956603
-9.969607
9.213921
9.014651
9.919591
9.208411
-5.122685
-5.678511
9.859866
-9.152373
-9.933606
6.624445
-9.882364
9.858553
-9.866131
9.873052
-9.906950
5.113628
-9.975697
-9.848353
-9.955340
-7.474900
-9.875125
-2.246278
-9.929082
9.009469
-9.982612
-9.944532
0.362820
-9.958275
9.933937
9.703350
-9.855020
-9.945032
9.706528
-9.959110
-9.864151
-10.000000
-9.863804
-7.015946
-8.265315
9.948107
9.919095
-9.973858
9.855620
9.927889
9.970410
9.501267
-9.706135
7.534065
8.988118
9.731610
5.121690
-9.346142
-9.954449
9.937729
-9.962350
-9.952507
9.870259
-4.306992
9.019449
9.939092
9.405105
-9.976526
-1.443181
-9.953993
9.546991
-9.772793
-9.668131
0.848443
9.844481
-6.364386
-9.927455
7.131963
-9.889928
-9.806023
-9.856273
-9.950014
-9.883325
9.628005
9.124147
-9.946594
-9.812805
7.460363
-9.871510
-9.935978
-9.556357
-9.902143
-9.909243
-8.329558
-9.961638
9.824087
9.893222
-9.521433
-9.152485
9.923820
9.711434
9.941406
9.172316
-9.964425
9.547148
-5.466336
2.718803
-9.474046
-9.453519
-9.929429
-9.910293
9.809510
-9.920887
3.183502
-8.343563
8.337639
-9.953269
-9.024811
9.767294
-9.931418
-9.942896
-9.877936
-9.936777
9.221185
9.789418
-9.829428
9.717709
-9.950316
9.885101
8.837431
-7.570003
9.923544
5.786657
-9.933508
-9.800020
-3.088091
-9.970163
9.801972
-9.737498
-9.793842
9.890744
-9.967841
-9.787762
9.673390
-8.882946
-9.364121
9.909039
-6.698570
-5.341055
9.667894
-9.983736
-9.654505
-2.889916
-9.941261
1.659058
-9.570919
9.929150
9.855374
9.653584
-9.968682
3.147125
0.428625
-9.937489
9.876609
-10.000000
9.858458
-9.826031
9.327313
9.557231
9.919452
-6.773546
9.919615
8.420675
-4.327176
-9.948561
9.898659
-9.770960
7.860074
0.124999
-9.895095
9.742761
-4.539786
-9.907106
9.920041
9.184634
5.596047
9.602665
9.844958
-9.933111
-9.708514
9.854840
-10.000000
9.834676
-9.901244
-9.956798
-9.950411
-5.700247
-0.014577
9.657289
-9.927307
-9.944522
9.761871
9.874751
9.893485
9.950358
9.999965
-9.670718
-9.739927
9.744772
-3.731247
-9.774020
-9.949873
0.965122
8.745488
-9.950199
0.912841
-9.459049
-9.843933
3.616355
-9.973043
9.403418
-9.913514
9.392139
-9.779377
9.843135
9.686915
7.966769
9.024417
9.833090
-9.221616
9.886750
9.888869
8.836989
-9.242741
-9.928415
-9.638895
-9.883975
6.172209
-9.098957
-9.505536
9.243171
-9.105120
-9.872146
9.488414
-9.915756
-4.465136
-9.684164
9.911613
9.518468
-9.865426
8.007568
-9.488938
0.630866
-9.450056
9.058254
-6.261762
9.734192
-9.961672
-9.958232
9.871365
9.898511
-7.592564
-9.900721
-9.339399
6.925398
4.808246
-9.882072
9.768993
1.990506
9.706256
-9.946093
-9.939719
9.823570
-9.978030
9.777883
9.926460
-8.671486
9.738969
-9.956399
9.910676
-9.925220
6.671784
-3.558986
-9.915598
-9.927799
-9.660399
-9.961833
-9.941818
9.772016
9.660754
-9.971024
9.890030
-9.938721
9.770431
-9.938153
9.893657
9.794976
-7.920155
8.867149
-9.661947
-9.913109
9.923327
-9.885079
-6.902739
-9.973353
9.430456
9.872046
-9.947633
9.834475
-9.056608
9.740379
-9.969493
9.863605
-9.783748
9.060853
9.893792
-9.970725
-9.937958
-9.607866
9.920182
-9.998926
-4.608016
9.893698
-6.446472
9.932857
9.703509
-6.382686
-9.923427
9.920867
9.809231
-9.639541
-9.867029
-9.837026
-9.925646
9.897296
-9.958175
9.944150
8.556250
9.952927
-10.000000
9.889896
-9.927310
9.735677
-9.905016
-6.578530
-9.949571
-9.896809
-9.936527
9.848965
-9.957602
9.120515
9.454786
9.938150
9.904395
-5.787801
9.649845
-9.971746
-9.967759
8.034935
-9.874537
9.748672
-9.881212
9.892229
-9.560225
3.937395
-9.798027
9.365356
9.845204
-9.936080
-9.896239
-9.999998
-9.847733
6.257826
-9.829229
-9.857681
9.907292
9.868007
-9.918405
4.959816
5.066454
9.971850
9.962779
9.887414
-9.647315
9.901287
-9.962003
9.811401
-10.000000
-10.000000
-9.955708
-9.947378
9.918274
-9.895846
-9.851421
-9.832566
9.874213
-9.924894
9.915781
-9.966948
9.797562
-9.842251
8.564570
8.846381
9.896234
9.952577
-9.563417
0.778942
9.648818
9.863806
9.196389
9.940208
-9.925185
9.797271
-8.275017
-9.629816
9.865577
-9.784857
-4.046712
-9.909110
9.701507
-9.936977
9.571603
9.881167
8.544399
-9.499199
-9.956309
-9.936516
-9.032735
-9.870854
7.509891
8.925490
-9.868362
9.894647
9.042511
9.880416
-9.712087
9.934007
-5.085388
9.944070
0.067043
-9.252241
9.818753
-9.910207
9.936403
-9.913870
9.774182
-9.691385
-9.901308
-10.000000
3.572347
-9.533222
9.915721
-9.784999
-9.672865
9.896775
9.652097
9.927440
8.816634
9.889277
-9.764229
9.827751
-9.025171
-9.751919
-9.944763
-9.953579
-9.968232
9.555413
-9.970455
1.451722
9.472538
0.285198
9.697720
-9.949310
-9.463783
-9.851103
9.922324
9.933308
9.698387
-10.000000
7.308008
-9.909534
9.762595
-9.939028
7.208483
-8.696377
-9.550537
-0.107382
9.647180
1.775285
-9.148168
9.181994
-9.914229
9.706833
-9.937636
9.588405
9.824605
-9.909914
9.746113
-9.923355
-9.820901
-9.955835
9.817786
-9.999984
-9.746542
1.173791
-6.201931
9.533651
-9.916352
9.506829
-9.778719
9.844132
9.699402
-9.943969
-6.891250
-9.933714
9.858116
-9.864099
-9.763807
9.712822
-9.909337
9.179865
9.999831
9.639621
9.813790
9.298835
-9.941508
-9.999286
-9.823572
8.818703
9.827668
-9.765333
8.512212
-10.000000
-9.950278
-8.863913
9.789092
9.839157
-5.060716
-3.100794
-4.401647
-6.682637
-9.673737
8.931985
-9.781598
9.822879
7.790164
9.842576
-7.785741
9.716973
9.786224
9.999944
9.885665
-9.655531
9.891351
-9.814101
-8.009163
8.234299
-9.971031
-9.803833
9.869348
9.833175
-9.924504
-9.963917
9.945255
9.737202
9.920314
9.759689
-9.942076
-9.326014
7.989959
-9.943863
-9.978505
9.935034
9.901540
9.914571
0.305635
9.879679
7.989139
-9.799735
-9.361212
-9.928919
-9.907910
9.505814
-9.930346
9.804125
-0.553446
-9.844265
7.889823
-9.483177
9.182024
-9.957413
9.930480
-9.912365
-9.928182
0.280295
7.860165
9.957713
9.937043
-9.972595
9.927947
-9.935428
-7.042802
-9.967116
-9.931678
-9.740444
-9.879478
10.000000
-9.811052
-9.718597
0.377932
-9.955910
-9.999999
-9.965718
9.605385
-9.969665
9.841260
9.812992
-9.952903
-9.922249
6.113588
9.899277
-0.614535
9.468222
-9.968351
-9.969309
-9.902152
-9.972417
-9.841808
9.676303
-9.641178
9.963220
7.090072
-9.029975
-9.961018
-9.971148
1.400802
9.190513
-9.928521
-8.800581
-9.984891
-9.965995
-2.811727
9.851263
-8.703824
9.310543
9.944414
-9.721823
9.899286
-9.954808
-9.334323
-9.877233
-8.500955
-9.938831
-7.697959
-9.952155
9.721369
-9.955018
7.895114
-9.343538
8.534396
-9.901666
-9.892679
9.714343
4.940634
-9.909734
-9.878375
-9.821830
9.572085
9.862450
-9.956444
9.961110
-9.037363
9.708956
-9.843433
-9.923267
9.817421
-9.946835
-9.650903
-9.899284
9.440313
2.521500
9.947984
-9.980257
-9.952983
8.282906
-9.690849
9.778479
-2.500041
9.899025
-9.910846
-1.954429
-4.362562
-8.145291
-9.772943
-9.921527
-9.964350
-9.920637
-9.954185
-9.978241
9.650183
-9.970552
9.901365
-9.054603
9.653457
9.908720
-9.791103
-9.869411
9.924605
9.874615
-9.654018
7.378401
9.758142
9.841706
-9.898626
8.881761
-9.944928
9.714941
-9.815268
-9.895028
9.806715
-0.962761
-9.938907
-9.908977
9.931824
-9.934846
9.940098
8.553208
-9.926707
9.915763
-9.964284
-9.944696
-9.976446
7.256649
9.734323
9.850152
-9.877685
-9.955643
-9.976376
9.957059
2.254726
-9.322341
-9.633111
9.777729
4.845155
8.578675
-9.931948
9.924351
9.868906
9.918208
-9.936926
9.246285
9.856540
9.758428
-9.056001
9.237294
-9.937488
-9.431406
-9.956295
-9.502384
9.880306
-9.855361
-9.976085
-9.958507
-8.873789
9.931957
-7.907088
7.996656
9.950433
-9.953928
9.645331
9.836503
-9.832899
9.858976
5.230091
-9.819935
6.037062
9.798759
-9.900811
-0.864446
-9.950062
9.440778
9.526986
-9.921032
9.894845
9.779225
-9.932858
9.748770
-9.773198
-9.931286
-9.911956
6.952252
9.776624
-9.970125
9.804484
7.038624
9.895859
9.824536
-9.923105
9.903626
9.888777
9.733349
8.921033
8.986191
-9.951131
9.536086
-9.876085
9.867272
-9.943576
-9.743430
-9.967598
9.826091
9.875446
9.411515
-9.892335
9.841994
9.886824
7.692929
9.917440
-5.763830
9.962654
9.950147
-7.142906
9.812413
-9.771769
9.999993
-9.965744
9.743883
9.845691
9.700693
9.646583
-9.945853
6.925922
-9.914142
9.769403
-4.670404
-9.902277
-9.999999
-3.567723
9.553058
9.297600
-9.940133
-7.784105
9.510937
9.920758
9.863174
-9.382205
-9.919797
-9.933680
-9.965496
-9.794929
-9.880590
-9.959158
-9.724910
-8.324110
-9.822620
9.597231
-9.973809
9.956730
-7.544861
-9.955756
-9.495632
8.667089
9.929330
9.925360
9.478096
-6.484112
9.255083
9.686368
8.910572
-9.906258
9.927322
9.790996
9.720569
9.893589
9.915033
-9.964559
3.956668
-9.969100
-9.949826
-9.933616
9.770047
-9.697822
-9.786506
-9.890638
-9.525155
9.474565
-10.000000
9.781373
4.857316
9.297903
9.922455
-9.937409
9.894480
-9.894523
-9.925068
-7.700580
-9.778331
9.929345
9.876860
-9.888627
9.961786
9.773482
-9.947595
9.905205
7.610839
8.680220
-9.919017
0.139592
6.180105
9.934351
9.746076
9.822993
-9.952949
-9.961455
9.830460
9.069470
-6.712820
-9.966854
-8.567809
9.672788
9.764505
9.311417
9.956035
-8.810250
9.970884
-8.812691
-5.494859
9.887580
-9.982432
-9.934398
9.765551
9.776000
9.468883
9.970244
9.035201
9.857407
-9.952832
9.509700
-9.976218
-9.505949
9.867572
9.864553
-9.857533
-9.776164
-9.998319
-3.830733
-9.953629
9.767505
-9.960311
-9.820987
9.574709
9.608589
-8.059145
-9.950120
9.897637
-9.978596
9.837841
-7.792859
9.892444
-9.785306
-9.728531
9.075773
9.523694
-8.270352
-6.538427
-9.807454
-9.957458
8.192250
9.916529
9.913983
9.886031
-7.445952
-9.865691
9.770160
9.943387
9.615428
6.595410
9.931144
9.930042
-9.572308
-6.693974
9.920522
8.820732
9.856993
-6.728946
-9.810348
9.748732
8.134196
-9.918039
-9.963205
7.629118
9.861199
-9.680381
-9.956129
-9.907081
8.557774
9.703075
-9.660302
-10.000000
9.940073
9.760792
-7.988479
-9.585333
9.826222
-9.113743
-7.831069
-8.635431
9.766928
-9.696207
-9.920655
-9.956799
-9.975465
-9.950368
-5.802247
9.798764
-9.932231
-7.458180
7.813223
2.446686
9.645300
-5.841398
9.759479
-9.932688
-3.216780
-9.875337
9.933852
9.947365
8.787841
9.967438
-9.946180
9.918320
9.919872
8.936475
7.200038
7.371629
-9.894407
-2.154514
9.439950
-5.325712
1.016609
9.897320
9.799661
9.393740
1.438592
-9.922016
-9.650712
9.488111
9.708633
9.843139
-3.779456
-9.957278
9.790859
-9.341015
-9.409060
-9.930385
9.902188
-9.922160
2.264320
-9.820514
9.845816
8.377680
8.108396
-9.291128
-9.789790
-9.274765
-9.951262
-9.904844
-9.824731
-9.954403
9.786935
-9.776312
-9.942283
-9.846396
-9.982528
9.833974
-9.999966
9.890591
8.292435
-9.944629
-9.924579
9.388349
-9.620773
9.895104
-9.954459
-9.271284
-9.940376
9.922072
9.803538
-9.919141
-9.955472
9.872411
-9.901246
-9.926024
-9.817804
-9.912070
-9.959120
-4.784457
9.935749
9.924874
9.723252
-9.934349
9.936028
-9.928976
9.872009
9.869496
9.612495
-9.976020
9.249075
-9.899049
9.852604
-9.821421
0.036588
6.590126
-9.942132
9.546968
9.102899
9.878901
-0.528131
-9.933536
-0.466971
-9.612442
-9.932212
-9.681104
9.922012
9.934828
-9.761445
2.447188
-2.242826
9.866052
-9.908934
-9.961110
9.849309
-9.889548
-9.788650
-9.947984
9.581847
-9.834967
6.665941
9.891196
8.954494
-9.769128
8.926327
9.893091
-9.512770
-8.212366
-9.493007
7.142633
-9.765352
-9.324090
5.895874
7.080168
-8.711075
9.785740
-9.915636
-9.076030
9.206674
9.833695
9.641309
-9.939156
-9.945927
9.918127
-9.638025
-9.825326
9.840124
9.706251
9.538902
9.536900
9.343486
-8.830628
-3.412049
-9.607846
7.542949
-9.965971
-9.787683
-9.849485
-9.952009
-9.809202
-9.941813
-9.968632
9.581540
9.657157
8.912905
-9.930665
-9.834355
-9.450063
9.838847
9.658070
-9.953294
-9.885716
-9.931402
9.310984
-8.864041
4.763871
9.941652
8.395271
9.738950
-8.753338
9.212422
-9.932058
-9.953575
-9.896205
-9.459541
-9.954929
-4.570136
-9.439631
9.951665
-9.969944
-9.834160
-9.597252
-9.884620
-9.835606
2.316016
-9.951286
9.633493
-9.936293
6.473072
9.955384
8.629108
-9.774056
9.935269
9.930937
5.647304
9.946521
9.891150
-9.788490
9.764954
-0.555263
9.953000
-9.923713
-9.968746
9.938663
-9.956069
-3.325866
9.763566
9.902696
9.890595
-6.857337
-9.948664
9.813799
-3.481480
-9.801262
9.943148
-9.813105
-9.891652
-9.049362
-9.872909
10.000000
-9.389724
8.625849
9.952548
9.125846
-9.865968
9.733602
9.916312
-9.914960
-9.935856
9.767975
9.888280
9.857789
-9.941783
9.753029
-9.876358
-7.677627
0.257035
9.770265
9.074904
-9.860278
0.270459
-9.683126
-9.765984
-7.415740
-9.824890
-9.764447
9.735271
-9.890578
9.894574
-9.102928
9.786910
-9.951827
-9.999997
-9.975409
-9.942893
-7.677031
9.655669
-9.978583
9.903259
-0.969388
-9.934303
-9.892182
-9.941015
-9.940482
-9.950567
-9.721325
9.460358
-9.829107
9.527207
9.740842
-9.939139
-0.460356
9.934239
8.948052
9.834932
9.431188
9.721793
-9.901145
-0.091799
-9.946281
9.837077
9.724869
-10.000000
8.717577
8.934553
-9.644815
-2.684895
9.860496
-9.970375
-10.000000
-9.960129
-9.680134
4.409180
-9.816378
0.351924
-9.836401
-10.000000
-9.341468
0.968730
9.569081
-8.651210
-9.953990
-9.489639
-9.814192
9.866229
-9.355844
-3.878996
-9.884878
-9.999755
-9.944169
9.931137
-9.015705
-9.956151
7.449095
-9.852040
-9.718043
9.829453
9.929562
-9.944859
9.999998
-9.906268
-9.805642
5.659727
-9.893594
9.799225
-10.000000
9.899270
9.895242
9.957855
0.186855
-9.627643
7.760354
9.419810
9.874208
-9.826825
-9.953821
-9.075237
-9.671269
-9.834369
9.928686
9.829669
-9.855063
9.941378
9.947418
-9.963329
-9.873977
6.737218
9.951647
9.845068
9.619603
-9.814747
-9.928101
-9.897555
-9.863144
-9.926218
-9.869478
-9.932475
9.855920
-9.953770
-9.672388
10.000000
-9.942855
6.066860
-5.959200
9.914808
3.262214
9.861032
-9.900067
9.264573
-8.257785
9.806747
-10.000000
9.881453
9.882741
-4.952895
9.836085
-9.877694
-9.968372
9.844848
7.162861
9.899322
9.936071
9.779894
-9.723575
-9.612978
-9.965502
7.768422
-9.933199
9.883122
-8.826257
8.781690
-8.710185
9.642788
-9.959085
-9.919818
9.827442
-9.928667
9.788430
0.547540
-9.953534
10.000000
-9.734932
9.959520
-4.065887
5.297243
-9.867727
-0.176333
-9.867814
-9.961673
-9.818837
9.944700
-9.918180
-9.877961
9.320747
-8.863997
8.809313
-9.443142
-9.866597
-9.633394
3.230925
-7.793321
9.857190
-9.888139
-9.242549
6.086394
9.567902
-9.911910
-9.521353
9.744428
-5.198250
9.819371
-9.847389
-9.956705
8.998438
6.986546
-9.820199
-9.923565
9.829246
9.680370
9.858421
-9.530427
9.893079
-9.727938
-9.776362
9.684023
-9.885467
7.082975
9.930297
-9.828709
-9.939989
-9.645328
-9.975567
8.717206
-9.913322
9.910178
8.001021
-9.976907
9.909112
9.830439
-9.404192
9.999997
-9.018362
9.872823
-9.938719
-9.610813
-9.044191
9.193961
-9.225601
-9.880504
9.909745
9.999993
-4.783214
10.000000
9.862878
-6.230007
-9.878816
9.874546
-9.400190
-9.866461
-9.979457
8.583774
-7.624148
-9.929866
9.959473
-9.915107
9.921525
9.833460
-9.619220
-9.932087
3.716411
-9.963562
-9.972871
9.838028
2.922735
-9.821784
-9.930441
-9.882620
8.868559
9.659801
-10.000000
9.863849
-9.803648
9.926747
0.116216
9.867293
9.967246
-9.849976
9.897791
9.770616
-9.909790
-9.959290
-9.883647
9.922334
9.893837
9.892509
-9.523123
9.473326
-9.943715
-9.905470
8.400088
-9.923546
-9.857538
4.368786
-9.944968
-9.700281
6.716124
-9.271415
9.955367
-9.999981
-9.201222
9.865140
9.146022
9.832037
-9.815390
9.931454
-9.386034
-9.868319
9.814826
-9.661142
-5.048896
-9.882055
-9.877686
-9.843276
-9.918077
-9.921976
-9.907966
-9.843873
-9.929493
-9.999985
-9.938054
-5.547783
-10.000000
9.449560
-9.580424
5.442968
7.637018
9.812598
-9.917323
-9.551610
-9.935984
0.347665
-9.943848
-9.886738
-9.795495
9.526610
-9.866605
-9.671236
9.834278
-9.941143
-9.642921
9.935518
-9.999996
-9.976354
-9.896440
-9.946536
-9.825187
-9.947645
-9.950272
-9.951315
9.904020
-9.137394
-9.932438
9.835770
-10.000000
-9.932014
-9.951424
-8.564830
9.024846
9.848514
-9.937787
-9.956374
9.684579
9.098147
-9.940328
1.069963
9.911844
9.641988
-9.934359
-5.185531
-9.829945
-9.894626
-9.899389
-8.990005
-2.403478
-6.671300
-9.828019
9.617499
-9.839867
9.868222
9.897203
9.901956
7.322296
-9.941074
-9.765696
-9.960538
0.208262
9.917961
-9.931417
-9.926348
-9.053201
-9.536057
-9.894076
-7.609174
-9.937311
9.726950
-9.506558
-9.926061
-9.970805
9.859192
10.000000
9.529515
-9.958948
9.863638
-9.926731
-8.615137
-3.299621
-5.992098
-8.772812
-9.947296
-9.112770
-9.838652
9.908112
-9.614725
9.756668
9.696873
-9.969781
-9.873362
-9.813756
9.927313
-9.683267
-9.547032
9.110731
-9.974308
-4.221452
9.733918
-9.999861
9.219414
9.664394
-9.965354
-9.942562
0.556077
5.254289
-9.946052
8.982871
-9.578361
-9.859533
-9.885019
9.031509
-9.924859
-9.946440
9.891700
-9.925495
-9.930609
9.869451
-9.750685
-9.969912
-9.916040
9.869499
9.866323
-10.000000
9.960787
-9.911921
-9.395703
-4.149794
-9.968943
-9.236534
-9.040834
9.947832
-4.505135
9.916750
-9.960424
-8.875690
-9.916216
-2.202660
9.808193
-9.727536
-9.907143
9.938070
9.748301
-9.863556
-9.921199
-7.592025
9.795419
-9.902429
-9.892813
10.000000
9.452261
-9.884000
-8.696458
-9.717590
-9.859838
-9.843337
-9.917784
9.830089
-8.334755
9.917845
-9.871258
9.794688
-9.945984
9.784724
7.562888
9.950953
-9.906817
-7.412123
9.921867
-9.962338
-9.999617
-9.895916
-9.914645
8.979301
-9.855247
-8.252475
-9.830480
9.898408
-5.199157
0.130071
9.921059
9.894074
-9.368279
-5.949826
-9.843043
-10.000000
9.918300
-6.014222
-9.740614
9.701860
-9.914254
9.972301
-9.898920
9.401597
-9.908057
-9.473382
-9.958814
-9.907262
9.901965
-0.482117
9.905925
9.868302
9.921359
9.950035
-9.333097
-7.460702
8.325589
9.911034
-9.919742
9.961197
-8.822501
-9.959721
9.644115
7.459379
9.416276
-9.934393
-9.927309
10.000000
-8.896330
-9.939750
9.472751
-9.957821
7.101585
9.768048
0.012111
-9.960830
-9.936348
8.690166
-9.938675
-9.874945
9.937154
-9.714370
-9.468649
3.796563
9.548843
8.673839
-9.950081
-3.657157
-9.535672
9.937826
-9.944723
-7.239493
9.921695
9.905241
9.955522
-9.938006
-9.812583
-9.893325
9.684819
-9.951152
-9.945558
-3.424294
-10.000000
9.900638
-9.906068
9.928489
-9.950987
-9.934572
-9.270635
-9.898273
-9.963108
9.787609
-9.949002
-9.934656
9.805065
-9.968997
-9.973674
-7.429383
-9.586422
0.304061
-9.954147
8.794937
-9.929853
7.535382
9.055705
9.505050
-9.810261
9.836374
9.562752
-9.943045
9.133363
-9.790114
-8.654116
9.772151
-9.888380
-9.900940
-9.513534
-9.944352
0.907434
-10.000000
-9.819677
9.776224
9.943104
-10.000000
-9.970055
-9.544900
9.672444
7.575557
9.591592
9.376917
-9.891269
9.877095
-9.954930
-9.527188
-9.930449
-9.942473
-9.869124
-9.960743
-9.982433
-9.928314
9.466741
-9.949210
-9.588231
9.295915
9.541779
-9.665412
9.700001
1.540136
-9.793963
-9.945620
-9.950855
9.927511
9.999998
-9.258999
9.555770
-9.948454
10.000000
-9.938617
-9.980836
-9.956274
9.872812
9.767512
-8.867677
-8.930200
9.135992
-4.623286
9.872511
-9.972488
9.885200
0.419010
9.922259
9.287593
9.703306
9.808772
-9.892935
9.770186
9.964349
-9.946215
-9.612361
-9.992074
-9.783592
-8.350558
-9.965291
9.882377
-10.000000
-9.899135
-9.977387
-6.547111
9.513048
-9.995631
-9.866831
9.891808
-9.377633
9.933907
7.495308
-9.849256
-9.935908
4.221067
-9.877511
8.119108
-9.855853
-9.564373
9.929276
9.939453
-9.593855
9.919911
4.355539
-9.904074
9.910980
-0.033348
9.790377
9.875252
9.532390
-9.922954
-9.963999
9.879347
-4.276202
9.958931
-9.703921
-9.903377
9.373141
-9.918940
9.939212
9.762136
-9.694788
9.850627
9.939053
3.202576
9.907012
-10.000000
-9.366411
9.848272
8.538445
-9.999985
-9.912125
-9.965290
-9.855775
9.791540
-8.704264
9.831030
9.858725
4.225463
8.811439
-7.625660
-9.969365
6.630426
-9.811029
-9.808024
-9.904198
-7.248741
-9.964205
9.928638
-9.957605
-9.713601
9.842471
9.930949
9.999994
-9.917840
8.317226
-9.910767
-9.927847
-9.487828
-9.912578
-9.976771
9.886418
1.613082
7.881740
-8.705524
9.800315
-9.770377
-9.647335
6.324507
-9.959785
-9.960018
9.934917
-9.669354
-9.931080
9.853783
-9.417192
-9.905507
8.073725
-0.162422
-1.919130
-9.929545
9.640559
9.736816
9.899843
-9.933677
-8.335194
-9.955978
-9.940304
-9.623178
8.271554
-3.525049
9.675540
-6.572569
-9.710064
8.774121
-9.797503
-9.690557
4.492379
-9.978106
-8.171959
9.889793
6.127647
9.907213
9.290179
9.947164
6.943819
-10.000000
8.986532
-9.939731
-9.859867
-9.771155
-9.975692
-9.962849
-9.710459
9.922286
9.903874
-9.974396
9.886677
-9.936594
-8.867578
-9.930094
9.859496
-9.938129
9.390254
9.201510
9.938116
8.355714
-9.925822
-9.400208
-9.854352
-9.924693
9.728580
9.731471
9.908383
-9.884683
9.192918
9.713442
-9.940523
9.492982
-9.924600
-0.183986
9.959316
-9.993646
9.734702
9.952439
-9.928027
9.940961
9.609755
-9.928326
-9.677799
9.913997
9.870719
9.877260
9.921633
-9.973817
-8.944525
-9.917995
-9.813536
-9.962467
-9.978167
-9.891818
9.824243
0.247630
-9.790291
9.037256
5.173751
-9.483756
-9.766439
-9.905797
9.677306
9.886280
-9.922972
-9.894686
-4.890001
2.967512
0.505937
-9.717925
9.418153
-9.232951
-9.666325
-9.717049
-9.937252
9.936784
9.919334
-9.653673
-9.913295
0.103359
9.847951
4.189790
-9.965208
9.965436
-9.680914
-9.960909
9.294368
-9.191700
4.130113
9.700668
-9.665318
-6.256020
9.866811
9.895251
-9.944695
9.668069
-9.917873
-9.932052
-9.951375
-9.720942
9.424811
-7.060574
9.860326
-9.958154
-2.197533
-9.806910
-9.951884
9.753343
9.705540
9.865807
9.735722
9.669441
-9.880044
9.451723
-9.892053
-9.945108
1.459171
-9.808760
-9.925373
7.861370
-9.866698
-9.946229
9.930004
-9.963275
-9.946400
9.673596
9.853994
-9.919184
-6.942283
-9.965892
-9.802757
9.636811
7.239842
9.851238
-9.821317
6.618260
-8.967541
-6.684586
9.842368
9.125383
-9.908121
-9.942330
-9.859499
6.351248
-9.051210
-9.973044
9.952541
9.576165
-9.883029
-9.977558
-7.894876
9.883101
-9.872292
-9.943476
-9.875842
-6.114897
-9.950947
-9.931495
9.879873
-9.655385
0.219446
-8.105420
-9.949046
9.899217
10.000000
-9.798065
9.914830
9.891734
5.849527
-9.023194
9.933992
-9.826197
-9.896138
-9.936501
-6.349780
9.841990
-9.862352
-9.964958
9.511027
9.899487
-9.503903
-9.933087
8.830862
9.824163
-6.768283
8.812501
-9.738339
1.877696
8.987123
9.973511
-9.944868
8.064370
-9.977491
9.642377
8.251740
7.419944
-9.871810
9.002634
7.162177
9.520592
-4.480585
-9.964606
9.122905
7.518042
-9.943162
-10.000000
-9.966278
-9.956173
-9.708074
-9.806987
9.946800
-6.015913
9.890902
-0.181188
-8.769508
-9.936405
9.865126
9.795751
-5.240206
8.429776
9.283840
9.892729
-9.166291
-5.234145
9.773169
-9.956747
-9.887506
-9.999992
9.887651
9.817789
9.942626
-9.086358
-9.955414
9.901438
9.904802
-9.958043
-7.362216
9.639465
9.859640
8.232949
9.961577
9.778400
9.939264
-9.966944
10.000000
1.967754
6.459056
-9.911345
-9.896040
9.464162
6.774971
-9.936920
-9.956624
-9.869345
5.797212
-9.919606
-9.870845
9.838485
9.962904
-9.926619
9.841241
-9.816823
-10.000000
-9.847507
9.931408
9.813882
9.289557
7.883474
-8.738673
-9.860531
-9.189112
-9.955360
-9.561494
1.031352
9.934177
-1.525032
-9.883704
-9.982926
9.842840
-9.915854
4.940742
-9.917946
9.510433
-9.796196
-9.724259
-9.500746
-9.951671
-8.523960
9.797927
-9.932894
2.075030
6.754035
-9.912733
-9.966542
-9.846989
9.548182
1.372407
-9.932335
-9.958630
9.866727
9.564451
-9.489341
9.814016
-9.800993
-9.940288
-9.823756
-9.176389
-9.905701
-7.117883
4.427298
9.811126
-9.881735
-10.000000
8.694972
9.853703
-9.455226
9.457051
9.648021
-9.943210
-9.939112
8.670939
-0.014126
-9.676107
-9.936285
8.982803
9.897260
-9.879973
-5.568102
-9.927407
-9.886082
9.381795
-9.961141
-1.629696
-9.953393
10.000000
7.685485
9.895611
9.337113
-9.922745
-9.897450
-9.832379
-9.927689
-9.622582
-9.959146
-9.883748
9.556904
-10.000000
9.898464
-6.783201
9.644935
-9.958275
9.245581
0.672802
-9.383864
-7.453508
-9.952231
-9.828250
-9.999290
9.878585
-9.914986
8.744137
9.730586
-9.095712
9.559138
9.938569
10.000000
-9.284186
8.828338
9.871090
-9.942492
9.786416
-2.058580
-9.444803
7.795030
5.891294
-9.762198
-9.888842
9.817161
9.857577
-9.969896
-9.918904
-9.757812
-9.949615
9.841785
9.897247
9.471150
9.867164
-10.000000
-9.837077
-9.702783
9.796631
-7.230052
9.674597
9.586327
9.927680
-9.931924
-9.852274
-9.948104
9.891750
9.393124
-6.304703
9.355398
9.446800
-9.844505
9.902957
6.077104
9.887442
8.548196
9.608201
-9.879734
-9.936369
-8.755216
8.251903
-9.891779
-9.308071
-9.679736
-9.956241
-8.251764
-9.913199
-9.732311
6.565805
-9.978162
-9.897169
-9.666374
-9.914387
-9.906485
-9.972930
-9.892568
-9.346249
9.873882
-9.907258
1.797162
9.942050
-9.971218
-9.954605
-9.903272
-9.960871
9.852822
-9.811921
-9.929450
7.206216
9.024875
-9.925334
-9.939072
-9.705232
-5.258804
7.372602
-9.758286
-9.939374
-5.268267
-9.928565
-9.625704
-1.935969
-9.651077
9.098101
9.859437
8.248224
-9.952102
-9.921148
-9.823066
9.268683
-9.791493
-9.930889
9.791912
9.553585
8.299811
-9.050442
9.926184
-9.963979
-9.892352
-9.978902
9.799695
8.612714
-9.797013
9.883419
-9.960836
-9.958126
-9.911235
8.729515
-9.935091
7.951466
-9.933472
9.933086
-9.668075
9.862321
-9.638404
8.095961
-9.872626
-9.917286
-7.129450
-9.670857
9.887362
-9.964463
-8.820725
-9.764618
9.851116
-9.944516
9.895032
9.815693
5.728721
9.599781
-9.972555
-9.701524
9.884432
-9.677689
-7.124322
-9.638446
-9.920791
9.930144
9.853292
-9.830964
9.412034
9.948187
-10.000000
6.135741
-9.860005
1.427157
-9.952872
-9.899729
-9.971207
-9.915957
-9.960760
-9.646852
-9.687897
-8.919925
-9.949683
9.783110
9.938488
-9.978540
-9.692469
3.837741
9.921352
-0.533511
-9.805003
8.484768
-9.926552
-9.571426
0.374294
-9.908243
-9.926370
9.891623
9.832540
-9.665212
-7.625630
-0.934590
-9.954288
-9.302648
-9.944414
-9.887454
-3.781976
7.244077
-9.849875
10.000000
9.921710
-9.891780
-9.653941
-9.940906
9.926987
-9.937712
4.639354
9.635621
-9.964400
9.477811
6.548661
9.918397
-9.839366
2.609723
-9.903032
5.796675
-8.783140
6.153077
-9.959521
9.928607
9.689870
9.932892
-8.900658
9.633842
9.934077
-3.640918
9.778854
-9.949374
9.841214
9.886472
-9.889746
8.812580
9.859911
-9.830452
8.381371
9.232088
9.929382
-8.820777
-9.605242
-9.957017
3.985806
-2.434604
-9.941134
9.357162
9.764372
6.500947
9.729132
9.922785
9.959272
9.999998
-9.946672
-9.680772
8.945237
9.938604
9.681267
9.752446
-9.926844
9.905243
-8.987620
-8.005807
9.788283
9.220228
-9.931709
9.859492
9.874566
-9.972345
-9.877875
9.729685
-10.000000
9.946437
-9.807260
9.800693
9.915067
-9.931821
9.934440
-5.023701
-9.878447
9.913230
-4.225946
-9.971587
-9.933752
9.913609
-9.975597
-9.838584
9.580348
5.441925
-8.631290
-9.945946
-9.586941
9.488302
-9.937958
9.388532
-9.842083
-9.901434
9.945669
8.423861
-9.408443
9.820604
-9.962211
9.875615
9.782541
9.774815
-9.861028
-9.951051
-9.700657
9.623024
9.835805
9.686487
9.707922
9.939619
9.946470
-9.950817
9.876696
7.054458
-7.471661
-8.567326
-4.834917
-9.852909
2.531866
2.503304
-9.815345
-9.503982
-9.945201
-9.892732
-9.731046
-9.999996
-9.910118
-9.877397
9.791643
0.192520
9.867813
-9.973362
-9.923743
-9.932947
-9.717488
-9.672667
9.967162
9.286862
7.990263
-9.726330
9.649040
-9.246883
9.839380
9.780929
-9.919314
-9.874783
9.699325
-9.938170
-9.946267
9.892785
4.717972
-9.956374
-9.246947
9.530266
-6.527890
-9.729734
9.783927
-9.976219
9.922398
-9.858567
6.177672
9.767249
2.281523
-9.922114
-9.900165
9.801495
-9.965345
-9.846472
-7.903806
-9.606052
8.944578
-4.963721
-2.438830
9.749892
9.675870
9.904256
6.746948
-9.496640
-9.931334
9.881911
-6.507556
-9.967363
-9.241157
-9.845540
-9.921977
-9.771632
9.833772
9.838794
9.909854
-9.925122
9.880157
9.574633
-9.999960
-9.969002
-9.173459
6.134039
-9.961968
-9.837023
-9.944006
9.862225
-9.929437
-9.432222
-9.800831
-9.941192
9.887912
-9.966383
9.794189
-9.905614
-9.869703
9.843992
-8.567273
-10.000000
-9.830888
-9.931578
-9.355523
9.668172
9.904227
-9.821289
5.811296
-9.944292
-9.963142
-9.880753
-9.815282
-8.491517
9.765765
-9.970033
-9.949275
9.840122
-9.622823
-4.337356
-9.978938
-9.768539
9.713700
-7.338051
-9.965828
-9.709518
-8.467500
-9.746513
8.744783
-9.938873
9.632594
0.849543
9.873164
9.650235
9.919495
8.653934
9.737198
-9.756178
9.916659
-9.864066
-9.946752
9.793611
-9.765402
-9.928383
-9.999991
9.867405
9.938853
-9.929813
-9.959768
0.584133
9.728834
3.012448
-9.941488
9.929278
-9.756050
-9.869720
9.708105
9.597296
-5.779520
9.337328
8.353726
-9.925654
-7.354942
-9.812361
-9.634791
9.934271
9.778836
9.775652
-9.877331
-9.949143
9.275020
-9.847525
9.827231
-9.913815
-9.169288
-3.157883
9.288209
9.536625
9.850857
9.904282
-9.870716
-9.550119
3.843725
3.654420
9.534410
-9.845382
9.708234
-9.861457
9.961228
9.226261
9.866813
9.959851
-9.940475
-9.970352
0.409591
-9.425173
-0.409846
-9.660053
9.861663
7.821692
-9.937934
8.839638
-9.951633
-9.854846
9.273374
-9.963621
9.510645
-9.925982
-9.900576
-9.934744
-9.785947
1.037076
-9.365446
9.661807
9.889774
-7.285877
9.905207
8.957293
9.703998
-9.133421
9.904927
-9.932410
-9.828680
-9.876501
-9.607125
-9.969236
-9.825245
-4.502652
9.779955
5.731016
9.926222
-9.255674
-9.895374
9.876097
9.999989
9.043026
-9.959004
0.065048
-9.890777
-9.854524
9.497066
8.398529
-9.890412
-9.194460
6.620207
9.864940
9.701498
9.943432
-9.726105
-7.584399
9.919385
9.667009
5.464374
9.851315
9.865377
-9.962779
-9.947494
-9.688863
-9.827722
9.004965
-9.707954
9.580106
9.786403
8.530245
-9.932077
9.825331
-8.824972
-9.943128
9.821558
9.870480
-9.941402
-9.943195
-8.552517
0.686110
-9.943855
-9.865562
-9.944527
-9.939142
-8.008282
-9.972799
-9.972426
-9.791413
9.882623
-8.730160
-8.929609
-9.830557
-9.961262
-9.909274
-3.625831
-9.654665
-9.923130
5.774217
-9.850263
-9.959278
-9.820404
-9.949353
-9.943468
-9.709494
-9.814712
9.918807
-10.000000
-9.919430
-9.544282
9.926798
-6.201202
9.853343
9.202801
9.938797
8.959085
9.877236
-4.269998
9.849784
9.373169
-9.674023
-9.892596
-9.871469
-0.562090
9.865052
9.919557
-9.941652
4.774896
-5.749991
9.923174
9.925683
-9.970430
9.218500
9.262541
-9.430363
-9.882803
-7.779863
5.928149
0.900368
-6.827146
-9.956254
4.266200
3.658804
6.623966
-9.950054
-9.756400
-9.364101
-9.084644
9.871903
-9.977375
1.342657
9.724250
-8.409279
9.467182
9.931855
9.785631
-9.872465
9.898699
-9.952903
9.861855
-9.961456
9.816902
-9.056618
-9.881699
9.792917
-9.714219
9.174958
-9.937275
9.935705
9.919049
9.658206
-9.634296
-8.084645
-8.899853
-9.914566
-9.938558
-9.958123
9.239321
7.870638
9.665941
9.508487
-9.875747
9.706585
-9.827166
1.179784
9.824616
9.863071
-9.962928
9.732246
7.466152
-9.931204
-9.921470
-9.827968
9.821434
-9.772971
-10.000000
9.627451
-9.891063
9.953342
9.868990
-9.976049
0.834478
9.900793
-9.905034
9.860721
0.152034
9.913410
9.801162
-9.483654
-9.429496
-9.967964
-9.754511
7.771136
9.886594
9.738260
-9.956939
9.911796
-9.954402
-9.942990
-3.434303
-3.530515
9.468808
9.706665
-9.999997
9.670565
9.718517
-9.974664
-9.886118
9.872772
-8.832209
-9.879170
-9.853411
9.831794
-9.956238
-9.281241
9.394678
-9.960663
-9.967100
-9.860211
8.275455
-9.109804
-9.891113
-9.839898
9.933831
3.590035
-9.952088
9.705929
-9.237588
-9.945279
-9.223587
9.900714
-9.959571
-9.999414
9.934237
9.758436
-9.951047
-9.908320
-9.918640
-9.673164
-9.436175
-8.275184
9.869186
9.756156
9.942327
9.475108
8.563643
-9.934272
6.990795
9.902202
9.915254
9.938794
8.693124
9.750141
-9.792840
9.932128
9.768044
9.895486
9.130254
5.961615
6.811696
-9.268171
7.123034
-9.744174
9.765834
4.542287
-6.806814
9.566306
-9.822693
9.852709
9.899973
-9.926552
-9.944979
-7.085373
9.937995
9.923252
-7.124621
9.803587
-9.924155
9.401629
-10.000000
-9.947684
-9.980637
4.947928
9.862048
-9.945719
9.240999
-1.805177
-9.412914
9.894529
-9.682910
-9.944599
0.292329
9.534200
-8.438662
-9.827961
-8.943084
9.641512
-8.798473
9.699639
-6.050326
9.964198
9.933316
9.881710
9.931992
-7.546901
-7.654223
-9.895382
9.884925
-9.844155
9.310116
-9.909932
-9.790391
-9.931171
-9.914776
-0.187022
-5.835888
-9.867933
-9.927086
-9.704261
-0.796530
-9.849523
9.912124
9.942698
4.246827
-9.835544
-9.855583
-9.942743
-9.791979
9.401117
-9.840215
-9.880898
9.879091
9.909453
9.305683
9.886962
8.880408
10.000000
9.955555
-9.840611
9.897626
9.837826
-4.448374
-9.921893
-4.696116
-9.935566
9.244372
9.947807
-9.950424
9.840661
-9.800713
9.653317
9.814469
-9.849908
-9.964242
-9.767976
-9.289055
6.446142
-9.668432
6.070989
5.143771
9.913222
-9.529522
9.370595
-9.822258
9.763726
-9.944956
-9.771530
9.283345
8.140178
-8.978455
-9.893822
-9.848012
9.946634
9.586922
-9.574264
-9.954134
-9.895245
7.231393
-9.797608
9.880668
8.055282
-9.816141
-9.543540
-7.398576
-9.821312
9.628583
-9.999998
-9.927770
8.626241
3.184090
-9.966261
9.747377
-9.609157
7.184762
9.905008
9.901304
9.916930
9.861350
6.881574
9.824970
9.944805
9.907688
-5.896046
9.898273
-9.918894
9.909665
-9.976540
4.434680
9.839390
-6.776625
-9.818905
7.457875
-9.961299
9.950663
-9.702653
-9.952318
-9.919413
-9.979347
-9.712368
-8.309174
-9.796118
-9.961241
4.649189
-9.967446
-9.969040
-9.591775
-9.775073
-9.975745
-9.994308
9.864422
-9.949910
4.939627
9.484653
9.960932
-9.933234
-6.372317
9.779654
-9.791814
9.859516
7.948440
-9.907059
9.373383
-8.735893
9.674891
6.107225
1.064336
9.929724
-9.914907
-9.913188
-9.842705
0.695631
9.936721
-8.063043
-9.559306
9.892451
3.044667
9.807380
9.868841
-9.982479
-9.688932
-8.024019
-9.941408
9.982033
-8.852953
-9.934716
9.481024
-9.287868
9.623803
-9.857136
-10.000000
-9.844168
9.898176
9.763640
9.889109
-9.902492
-9.881651
-9.959763
9.856745
-9.955681
-9.943223
-3.505033
9.911266
9.904066
0.836104
-8.906202
-9.947107
6.987764
-9.949837
8.777849
-9.972822
-9.960864
9.868948
-9.904270
-9.952519
-9.910875
7.663508
-9.945441
-9.933211
8.818522
9.819589
-9.084412
-9.950382
-9.961340
7.109977
-9.958717
-9.891085
-9.910304
-10.000000
-9.735379
-0.089663
9.395781
9.922377
10.000000
9.881693
10.000000
-9.953335
0.571411
9.087097
-7.635600
-9.780281
9.878907
-9.946681
-9.487308
9.303145
9.705608
-9.878628
9.947081
9.707699
-0.133746
-5.279276
9.958990
8.019548
9.402441
-9.886750
9.860798
9.870163
9.739368
9.932962
-9.507539
-9.714860
-9.920355
-8.487223
-9.930924
9.867884
9.911503
-10.000000
-9.999999
-9.812587
-9.961006
-9.875333
-9.550553
-9.876791
-9.775472
-9.970956
-9.881905
-9.804630
8.899910
-9.951314
9.881874
9.297064
-9.759894
-9.937681
4.234759
9.662099
-9.766726
-9.555100
-9.881452
9.684801
9.945322
8.178867
9.808582
-0.836718
5.769805
9.925407
9.211186
-9.123734
-6.073565
9.227938
9.908290
3.505525
9.223760
9.414293
9.869069
9.877069
-10.000000
-9.823699
-9.741527
9.885142
-9.971380
-9.940138
-9.976776
-9.934306
-9.929249
-9.781224
9.860129
4.676610
9.920806
8.850333
1.150234
-9.887314
9.945979
-5.803910
-9.949086
-9.911190
9.943218
9.918968
-9.920171
-10.000000
9.921732
-7.178885
6.077062
-9.907463
0.856126
9.905014
8.642733
-9.955254
-9.645004
-9.872127
9.220486
9.876520
9.947521
-9.813973
9.939487
-9.802954
-9.969956
9.848379
-8.117241
-9.955740
-9.912472
9.878537
-9.948590
-9.979061
9.475658
-9.948606
9.873584
-9.866399
-9.910721
8.795921
9.864103
-8.727874
9.530229
-9.935611
-9.859709
9.895036
6.294643
10.000000
-7.377933
9.857192
9.932319
-9.042670
-9.854156
9.868085
-5.966216
9.921134
9.840673
8.433012
6.761811
9.670425
9.861703
-9.932258
9.843150
-9.890355
-9.750677
9.836189
9.497160
9.569706
-9.930196
9.938236
8.970559
9.928434
-9.694835
-9.945652
-9.866253
9.872167
-9.960931
-2.110636
0.188729
-9.939644
9.872422
-9.921310
9.588084
-9.169617
-9.928952
-9.526450
-9.958867
9.758539
9.866795
5.860152
-9.913639
9.926031
-9.955334
-10.000000
9.801608
9.680893
-9.897917
8.965502
9.743984
8.865012
-9.894169
-1.807999
-9.677858
6.125279
-10.000000
-4.933053
-6.500461
-9.966508
0.707941
-4.308172
-9.908876
8.936247
9.903202
9.402581
-9.371340
5.641170
1.449297
-9.951678
9.701772
9.939606
9.922005
-9.917631
-9.937925
-9.946607
5.849962
-10.000000
9.377441
-9.864016
-9.905052
-9.792563
8.502449
9.957229
9.874628
9.802203
-9.289914
9.919130
9.414199
-9.842496
-9.974970
6.755323
9.897429
-9.974512
5.876300
9.807302
9.889465
-9.974471
9.289562
-9.851443
-10.000000
9.843251
-10.000000
9.753920
1.151277
9.889223
-9.964580
5.321338
-9.855662
-9.950144
9.821169
0.528646
-9.703526
-9.954906
-9.910282
9.865958
-9.834314
9.831609
-9.986973
-9.884878
9.644150
9.901393
9.915642
-9.897785
-9.950297
-9.942856
9.789887
-9.309006
-9.968066
-9.977942
9.920847
-9.882205
9.947510
9.911389
9.765988
-9.833159
-9.970161
-9.739846
9.824453
-9.923682
-9.999997
9.919557
-8.838699
9.943666
9.964164
-9.226354
-9.917127
9.622345
9.893246
-9.829217
-9.868509
-9.173349
8.344673
9.026935
-9.643137
-9.940331
9.926999
-9.965156
9.863924
-7.037929
9.903822
9.890557
7.076973
6.324000
-9.870925
9.734406
9.758569
-7.804908
-9.897259
-4.482562
9.905466
-2.330563
9.883677
-9.860645
-5.357144
-9.905658
-9.862047
9.928295
-9.760582
-9.965318
8.958755
-9.407507
9.785028
9.901166
-9.915573
-9.966449
8.655884
9.678096
-8.190989
-8.195245
8.531364
9.913309
-7.834405
9.923913
-9.835112
-9.560771
9.922631
-9.823360
-9.919791
9.843602
9.894334
-7.482757
-0.994535
0.230433
-9.971058
8.508842
-9.935905
9.868562
-9.882759
-8.629116
6.894821
-9.848639
-9.811690
-9.701045
9.911370
-9.945664
-9.728987
-9.942543
9.937412
-9.965140
9.856761
9.766831
-9.565741
-9.922621
9.874226
-9.968720
-9.750132
-2.010700
-9.895022
-9.894408
9.851204
-9.883047
-9.744317
9.724538
-9.875871
-9.970552
9.678824
-9.898827
-9.953206
9.822392
-9.877641
-9.919655
9.876596
-5.821947
-6.252683
9.132307
-7.223424
-9.978596
9.588840
9.894450
-3.262036
-9.975881
-9.929924
9.823395
4.543272
9.841048
3.968579
-9.934550
1.466737
9.898260
5.546054
9.859516
9.826211
-9.920120
8.045149
-9.850174
-9.966127
-9.913059
-9.886509
-9.941308
-8.858285
9.906436
8.754895
-9.949798
-9.067405
9.818504
-9.916328
-9.945296
7.284377
-9.972628
9.927330
-9.370085
-9.890614
9.505526
-9.811825
9.812227
-9.856411
-9.961309
-9.947806
-9.912912
9.946754
9.665724
7.243000
9.938089
7.192763
9.390741
8.743451
9.914282
9.893240
9.863483
8.948780
-9.958590
6.207672
-9.931023
-9.676146
9.217342
-9.977335
-9.948649
7.556263
-9.914262
-9.546124
-8.734036
-1.165085
-9.956701
5.792234
9.920560
-8.489383
-9.931230
-9.917606
9.924641
-0.081386
-9.999994
-9.999991
9.883124
-9.943833
-9.833038
9.869741
9.928334
-6.818891
9.826388
9.928207
9.809587
9.924270
-9.771011
-9.924323
-9.939663
-9.735648
-9.766827
9.217302
0.867405
-6.113915
-9.880528
-9.941063
-9.543649
-9.888790
-9.599603
-9.473147
-9.944063
9.835122
9.939857
-9.949149
-9.941086
-9.871425
-9.856829
0.148030
-9.817653
-9.932513
-1.686898
9.851655
9.748640
-9.927806
-9.915412
9.918519
0.268844
9.900718
-9.941205
-9.767172
-9.584754
8.064993
-10.000000
8.893454
8.511810
7.643761
9.844797
-8.002664
-9.911205
-9.926182
9.928973
4.221796
9.797586
-9.943214
-9.936894
-9.999981
-9.854509
-9.925492
-9.666153
-9.973224
9.873351
-9.032008
2.162668
-9.082079
-8.776775
-9.483793
-5.111872
-9.955348
9.692179
9.766966
-9.181372
9.899172
9.370865
-3.154281
-9.832598
-4.371846
9.887403
9.851611
9.020009
9.833835
-9.903628
-9.975507
-9.942656
9.515665
-9.937589
-9.903263
9.919596
9.551378
8.051067
-9.939499
-5.651668
9.014791
9.930202
-8.706369
-9.870744
9.899893
-9.780078
9.826442
-9.665778
-9.774725
9.829701
9.859550
-9.946616
8.500924
-9.822910
-9.731881
8.863499
9.783566
9.764054
-8.224097
9.933716
-9.041343
5.265438
8.928755
-9.900550
9.993816
-9.441669
-9.839689
-9.929427
9.838198
-9.902500
-9.935834
9.455110
8.400187
-9.945790
-9.857870
9.961730
9.891423
9.440517
-9.999998
9.762713
9.930550
9.872729
-9.731703
9.754125
7.281399
-9.408384
9.959090
-10.000000
9.863049
-9.938372
-9.851252
-9.962662
9.944203
9.941915
5.192762
-10.000000
-9.916608
9.904995
9.853316
9.853184
9.632567
9.755582
9.922787
9.497841
9.840727
-9.715979
9.881781
-9.999999
9.942839
-9.915497
-9.961728
-9.864121
-9.356599
-9.973437
-7.118854
-9.963297
-7.989070
6.616890
-9.819188
9.891667
-9.771288
-9.766048
9.875803
9.381741
9.459375
9.696154
-10.000000
-9.844626
7.169204
9.798090
9.531493
-9.652252
-9.437314
-9.948977
-10.000000
9.840731
-9.964110
6.897215
-9.952351
9.719198
-8.665611
-9.963679
-9.909136
-8.508671
-9.957085
9.846011
-5.064525
9.883134
9.861470
8.967345
-9.804801
9.948465
-9.906194
-9.917053
9.909440
-9.907404
-9.835576
-9.999999
-9.899393
-7.079986
-4.970959
-9.941248
9.833382
-6.627078
9.948009
-8.726295
-9.971975
-9.286937
-3.660950
-9.933208
-0.985656
9.286623
8.459282
-9.973674
-9.873546
9.926558
-9.528717
-9.969332
-9.958773
9.327939
-9.919769
-9.999921
9.836723
-9.944436
-9.999891
-9.932926
-9.941185
-8.649326
9.829201
-9.897567
4.742688
-9.948719
-9.885900
7.218166
-9.892736
-9.921482
7.600110
-9.960652
-6.850630
-5.276033
-9.931793
9.812330
-9.938726
-9.939846
9.857278
-9.800799
-8.972933
-9.737882
-5.775645
-9.960497
-9.967608
9.072171
-4.727297
9.934031
-9.946926
9.411281
-9.921532
9.527774
-9.930928
9.102699
9.935729
-9.943643
-4.696860
-9.651271
-9.781424
-9.908449
9.108172
-9.848361
-9.945160
6.875131
-9.844801
7.710197
9.655903
-9.552126
9.647196
9.343818
7.283572
-9.787528
-9.929814
-9.571469
-9.914048
-0.480170
9.821265
-9.943832
9.898064
-9.965231
-5.700162
-9.950997
-9.925395
-9.795794
0.660988
9.897308
9.673517
9.309034
9.752092
8.694418
9.581935
-9.938574
-9.955955
-9.957091
-9.225488
-9.955870
0.392207
-9.807380
-8.947496
-9.893084
9.819898
-9.925085
9.907685
-9.980983
9.618681
8.002387
-9.701632
9.761530
2.304327
-9.251837
9.092436
3.812078
-9.712229
9.208636
-9.957337
-5.763839
9.911982
-9.691770
9.830717
8.974062
-9.735983
9.694796
-9.852985
9.961857
-9.934864
-9.870591
9.821765
-9.724291
9.865190
9.685795
9.836837
8.313860
-9.928671
9.744688
-9.387820
4.823626
9.332402
-9.406831
-9.974144
-9.076411
-9.909939
2.056522
-9.702012
9.823247
-9.717893
0.201731
9.926378
9.840153
9.914914
-9.927637
-9.828609
-9.948927
-9.922042
-9.831551
-9.968770
8.723013
-9.963084
-9.958053
9.963270
8.996175
-9.518084
-9.902603
9.834857
-9.562604
0.183766
-9.936928
-6.037316
-9.999998
-9.976393
0.035631
-9.478441
9.879904
9.719237
8.912620
8.869997
-9.892753
9.854636
9.707541
8.611508
-9.788642
-9.473331
-10.000000
8.495673
-9.934624
9.371020
-8.455256
9.847560
-9.827985
9.846846
-8.583749
-8.180699
4.639245
9.931579
-7.743638
-9.976557
-9.921551
-9.965445
9.908602
-9.808913
-9.933981
9.248955
-9.818439
9.972022
-9.944486
9.688301
-9.792968
9.890836
9.902778
9.545076
-9.964280
-9.935347
9.668780
9.866208
-9.914928
2.989061
7.017457
-9.846163
9.885606
9.944299
-9.950792
-7.776022
-9.889550
8.010304
-9.947681
-9.915915
7.772396
9.351136
-9.895318
-9.407897
-9.406758
-9.999998
-9.924003
9.916293
7.888929
-9.929872
9.886072
1.865559
9.910154
-9.858116
9.942606
9.836640
9.884957
-9.500871
-9.932588
8.635150
9.804961
-9.998399
-9.943177
9.918371
9.173651
9.832547
-9.896756
7.047762
9.719941
-9.775856
9.899179
-9.932128
9.864984
7.503488
-9.797719
7.183762
9.810613
9.774986
-9.893259
-9.506472
-9.917947
9.817919
-9.959976
9.904557
-6.124095
0.073601
-8.649669
-9.980702
-9.885002
-9.966885
10.000000
-8.813629
-9.282473
9.896755
-9.828695
-9.787174
-9.940035
-9.841864
-9.886613
9.883356
9.942879
7.980237
-9.107430
9.817155
9.888109
9.950676
-9.577998
-9.836461
-9.916596
9.899020
-7.874996
9.872353
-9.955966
-9.941995
-10.000000
8.614939
9.879169
-6.581155
9.855217
9.421978
9.875376
9.948927
-9.915490
6.582316
7.321123
-9.910234
9.882797
9.679388
-9.551641
9.773659
10.000000
-9.956752
9.902752
-9.317451
-9.999970
-9.944353
9.812883
-5.102645
-8.549447
-8.851750
9.618799
9.520318
9.418553
-1.042603
-9.963721
4.567584
-10.000000
9.862658
6.252089
7.045562
9.129729
-9.907357
9.909675
-9.900946
9.359023
9.853570
9.756030
-7.882450
-9.877918
9.848567
9.854024
-9.798850
-9.877000
7.661225
8.725868
-9.855549
9.431365
-9.897793
9.110050
9.870504
-3.597376
-9.622455
9.925256
-9.909902
-9.873721
9.209939
9.109921
6.910508
-9.683957
9.779869
-9.943903
9.910288
-9.865886
-9.941453
9.899931
-9.904102
-1.442011
-9.949921
9.174920
9.693819
9.941689
-9.971788
9.942520
-9.628138
7.509377
9.861171
-7.462445
9.878428
-9.954777
-8.500904
5.125872
9.867571
9.918110
-9.110829
-9.690138
9.951645
9.800058
-9.911893
-7.589942
9.255708
9.834809
-9.929961
9.933358
-9.806745
9.699376
-9.922470
9.867588
-8.569339
-9.876373
8.985733
-9.862302
6.053137
-9.918023
-9.395456
9.924789
9.927504
9.958418
-9.924256
-9.904813
-9.876464
-9.886813
-9.958674
9.828962
7.386528
-9.938894
9.935244
9.472576
9.742868
2.805096
9.889356
-9.902139
-9.477417
-9.996644
-9.908444
-9.903312
-9.890166
-9.848595
9.404281
9.893171
9.763446
5.000134
-7.405236
-9.924269
9.730306
-10.000000
-9.519802
-9.936501
-9.922126
-9.898427
-9.880731
-9.947087
9.082107
-9.819783
-9.951577
-9.929223
9.569573
9.555412
9.810822
-9.900274
-9.883841
-9.936937
-9.759176
9.785399
9.778188
-8.148309
9.932340
9.963924
0.532627
9.943074
9.772248
5.665995
-9.909208
-9.900409
9.821723
-9.896109
9.836226
-9.907669
-9.166152
6.838766
0.099761
-9.941706
-9.961780
9.692345
9.220050
9.487246
-9.674506
-9.831700
8.670487
6.992895
-9.939787
9.925188
-9.761112
-9.957521
-9.932002
-9.960568
9.474919
9.799549
9.933239
9.868484
-4.288898
9.756191
9.716715
9.590778
-9.951804
-10.000000
9.583265
9.851601
-9.967194
9.153794
-9.937568
6.370132
-9.935944
9.909488
-9.921698
-9.925555
-9.935332
9.853923
9.674536
9.800080
-0.281759
9.801827
6.626829
9.860538
-9.755799
-9.314775
8.966824
-9.955297
-9.708497
9.925137
9.893996
-7.270768
8.792439
8.340018
9.954218
8.352731
7.684422
-9.514611
9.874171
9.971508
8.546406
-9.942133
9.084907
-9.718157
10.000000
9.959057
9.703339
9.583591
-7.771942
-9.911382
-9.909836
-9.858204
-9.960619
9.886559
9.886789
-9.886203
-9.855737
8.409177
1.140724
-8.982265
-9.831980
9.782517
-9.733058
9.873998
-9.783573
-9.958744
-9.966527
9.249481
-9.958406
-9.838367
-0.052635
9.156700
-9.956904
-9.528057
-6.225814
-9.796145
-9.917726
9.795132
-9.574986
9.968902
-0.226529
9.685866
9.173814
9.899557
-9.767292
-9.978326
-9.952429
-9.942056
9.692236
-9.914719
-1.864936
9.727433
-9.889640
-9.921275
6.468697
-9.677947
-9.941508
7.461758
-9.949912
-9.879126
8.670612
-9.914964
9.815388
-9.419678
9.773945
-9.942118
8.868815
9.678683
-9.698820
-9.886012
-9.793579
9.854545
9.815277
-9.964441
-9.960299
-9.845021
9.518219
-9.757576
-9.187706
9.883662
-9.951625
9.611710
-9.835633
-2.729068
-9.947591
-9.902630
8.448153
2.511792
-6.301081
-9.902553
-9.823459
-8.810585
9.753334
7.188028
9.662847
-9.801839
9.869858
-9.459470
9.961366
-7.453926
-9.894554
-9.938141
8.543168
6.013787
-9.930296
9.889467
9.953352
9.882292
-9.955216
-9.964412
9.961032
-10.000000
9.881420
9.876250
-9.911022
-9.971857
3.673248
-9.899778
9.289123
9.906776
1.384271
9.777111
-9.895675
-9.948986
0.987992
9.731538
9.326830
-9.215729
9.756588
-9.946262
-9.927209
9.811656
-3.953441
9.638131
-9.899182
-9.499654
5.977805
9.820786
7.790932
-7.981003
3.555143
9.951701
-8.014835
-9.951792
3.444857
9.742316
9.826145
5.472034
9.876932
-9.784423
9.880466
0.731958
-9.934011
9.794203
9.708440
-9.926230
-9.952828
-9.801565
-9.931021
-7.402277
2.194245
-9.817978
9.903350
-9.935980
-9.689282
5.974427
9.832334
-9.994947
-9.918945
0.138419
-9.965524
9.832166
9.076972
-9.961884
-9.932953
9.447049
-2.558313
9.766664
-7.309377
9.738427
-9.690823
-8.515291
6.289036
9.839596
-9.920135
-9.679299
9.852612
-9.767386
-9.954462
-8.344636
9.952823
-9.855618
-9.870813
-9.701196
-9.801221
9.943980
-9.964282
9.660346
-9.720230
-9.853803
9.905021
-9.939979
9.853411
-8.508010
9.998263
-9.957135
9.921130
-9.858743
9.842293
-8.914680
-7.309889
9.915932
-9.680960
-9.623183
-9.881686
-9.999999
-1.622734
-9.890456
-9.946783
9.798682
9.878570
-9.592207
-9.878582
9.877796
9.798381
-9.886213
-9.967552
9.904060
-9.451791
-9.837969
9.372622
-8.996741
-10.000000
9.662002
8.671418
6.331867
9.692167
6.804262
-9.971148
-9.911162
-9.916171
9.875058
-9.862958
-9.979631
9.887336
-9.966340
9.916187
-8.814838
-9.878732
9.796371
9.908417
9.840293
-9.925151
-9.636318
-9.795211
-0.069156
9.930554
-9.968720
-10.000000
-8.975281
-9.743424
-8.112655
-9.965112
-6.704606
-9.973762
-9.684372
7.411757
-9.966327
8.439495
9.870411
8.246228
-9.943387
-9.389295
9.777760
-3.242833
9.680873
9.928647
9.882805
8.702284
10.000000
9.928036
8.584547
9.854046
-9.798352
-9.854100
9.845042
9.303842
9.954045
7.297689
-9.915391
9.847414
-9.964237
9.696528
-9.398269
9.882649
0.812635
9.728444
-9.927806
9.549559
-9.895851
-9.833964
-9.899017
-9.871706
9.696825
-9.947381
9.894530
9.955480
7.238909
9.905859
9.705883
8.655392
-9.977859
-9.905492
-9.902806
-9.778670
-9.977149
-8.090113
-9.670573
9.556596
9.880902
-9.935180
-8.724390
-9.122984
-9.950019
8.448185
-9.866638
-9.825908
9.677434
5.428492
7.153523
9.567199
-0.303897
7.513754
-9.967449
-9.910385
-9.906840
-9.406481
9.921566
-9.795753
9.636411
-4.124601
8.747974
-9.958195
-9.759366
9.554796
0.502938
-9.772146
9.183434
10.000000
-7.444691
-6.987250
-9.860901
-9.963190
-9.972770
-9.878312
-9.891066
-9.940903
9.817105
5.008305
-9.690009
-9.861121
-9.958802
9.854512
-8.773860
-9.830806
-9.925121
-9.932409
-9.915874
9.265568
9.906821
-9.963316
9.951963
9.616772
-9.939153
-9.841887
-9.879188
9.353777
-9.675195
9.529027
-9.870896
-9.945181
-9.956031
-9.965785
9.938025
9.796380
0.419880
-9.496665
-9.943132
2.404581
7.980954
9.921182
-9.914382
9.934351
9.820513
-9.921010
9.893736
9.905427
8.553346
9.768559
9.885490
-9.956781
-9.945437
9.801436
9.817445
-9.365429
9.939279
9.484450
-9.925432
-9.792607
-9.922686
-9.807238
-9.847889
-9.864149
-9.533826
-9.951664
9.867021
9.999951
9.912083
-9.306226
-9.925434
9.365781
-9.752325
9.184842
-9.958928
8.619096
9.282940
-9.948815
9.882005
-9.974067
9.148294
9.758413
8.932161
9.609636
-9.826286
-9.840729
-6.243518
9.884734
2.374641
-9.952321
9.506470
-10.000000
-2.554404
-9.711186
-9.899039
6.068843
-1.787741
-9.377644
0.432783
9.416284
-9.972558
9.901087
-9.889878
-8.388769
-9.953519
-9.952705
-9.935321
9.731662
-9.949272
9.941191
9.926792
6.803754
-9.929424
2.386313
-6.914864
-9.538422
5.026949
-9.972354
8.670688
-6.608766
-9.230483
-9.829334
5.412780
-9.815669
9.713549
-9.912489
-9.900770
-9.847565
9.403495
-9.963782
-9.851611
-9.953962
9.924681
-9.863961
1.559897
-9.845927
-9.889332
-9.964666
6.027320
9.893409
-9.958054
9.505988
-0.216129
9.592922
-9.896628
9.197196
9.829727
9.896294
-9.912926
-0.041747
-9.927185
-9.853864
9.919330
-9.923981
-10.000000
5.770171
-9.940339
-9.640074
-9.700423
-9.448606
-9.886111
-9.950592
9.981388
-10.000000
-0.433330
9.925976
9.893987
9.851737
-9.795523
9.783519
8.783829
-9.527116
-4.874980
-9.701633
9.927496
2.719892
9.183690
-9.947363
-9.711623
-9.962054
9.784464
9.912725
-9.899216
-9.900030
-9.933960
3.374427
-9.962069
-9.901099
-9.851511
9.941642
9.582110
-9.915514
-9.173863
9.914425
10.000000
9.334067
-9.876296
9.617759
-9.885882
-9.934963
7.880861
7.727617
-9.406757
1.851073
-9.882071
-5.333535
-9.277420
-9.874176
-9.919768
-9.961517
9.945265
-9.687981
-9.798794
2.905832
-9.868005
-9.647835
3.841688
-9.913892
-9.912790
5.918911
-8.964873
6.799622
-9.039059
-9.952605
-9.923287
7.806539
9.056823
-8.963797
-9.929371
-9.999971
9.590105
9.773577
9.916597
-9.896916
-9.924140
9.868266
-9.719143
-5.113082
9.663348
-4.999256
-9.899102
-10.000000
-9.008100
7.165668
5.413795
-9.922015
9.326533
-9.974307
9.773995
-9.936629
9.660225
-9.218733
9.832426
-7.820103
-9.888520
9.905432
-9.871970
8.400486
9.582799
9.848501
-9.783958
-9.889953
9.495917
-9.866134
-9.871138
-9.974814
-9.926603
-9.774057
9.837394
9.658260
9.918765
7.833494
-9.789885
-9.999999
9.910800
7.567746
9.912201
9.689554
-9.953946
-9.753634
9.915407
9.861141
9.999997
8.026090
-9.541234
-9.801627
9.790485
-9.557183
9.907288
-9.599867
9.946045
-9.926746
-9.895381
5.640804
-6.004627
-9.953660
-9.908259
9.946259
9.656181
-8.448897
-9.914287
-9.671721
9.516644
9.906419
-9.862971
9.940018
-9.438356
9.768272
9.776866
-9.881491
9.851574
-9.999927
-9.480796
9.997561
-9.887420
9.890374
-9.963137
-9.916375
-9.860592
9.906260
-9.757197
9.930225
-9.809350
-9.906295
-6.146692
-9.792484
-9.964463
9.931217
9.700452
-8.832926
-9.681264
-9.939366
-9.259060
9.939085
-9.941369
-9.798594
-9.573980
9.715355
8.609431
9.301501
-9.970050
10.000000
-9.896766
8.490814
9.893849
-9.948447
9.870235
-9.959683
9.254142
-9.597119
9.874698
-8.896334
-9.138539
8.953513
-4.960933
9.825100
-9.684252
8.364049
-9.946548
-9.912465
-8.945447
-9.960911
-9.641223
9.906780
-9.946493
-9.964459
9.967885
9.912456
-9.859798
-9.817723
9.559243
9.886247
0.316983
2.551238
9.874895
-9.892409
-9.840966
-9.957694
9.858074
5.998486
-7.152453
-4.849977
9.897964
-9.936321
-9.949605
9.999984
9.966074
9.932443
9.815018
9.940506
-9.924622
9.866130
-9.945273
9.458954
-9.816236
-9.382798
-9.970996
9.907829
-9.963405
3.515935
-5.058426
9.225804
5.165928
6.084046
8.737656
9.877164
-9.859835
9.189373
9.894221
-9.955092
-9.920952
9.814401
-8.181317
-9.250718
-9.585909
9.198541
9.958836
8.428040
-9.896824
9.804754
9.741987
-9.977242
9.173676
9.881205
-9.951314
9.769216
-9.756109
-8.679831
-9.890377
-3.931983
8.376029
-9.969368
-7.482210
-9.039336
9.785443
-9.966776
9.403366
-9.667448
-1.997973
-9.999659
-9.940135
-9.388709
-3.922126
-9.560515
9.601829
-9.970013
1.793939
-9.854633
-9.948565
-9.939928
-9.393978
-9.954588
9.883768
-9.172602
-8.826881
9.877429
-7.287288
9.735339
-9.956909
-9.958253
9.551833
9.941197
0.420803
9.788792
-9.939388
-9.927470
-9.950419
-9.999927
-2.034642
-9.804819
-9.999998
-5.172659
-9.400251
-9.930505
-7.877149
-9.266890
-9.975602
-9.971245
-10.000000
9.245236
9.570942
9.772476
9.935142
-9.826919
-9.968474
9.688831
-9.867262
-9.908921
-9.933382
9.116965
-10.000000
7.860620
-8.979204
4.364777
-9.565424
9.432027
-9.959779
9.896963
9.751125
-9.204056
9.907619
-9.720321
4.314072
9.878415
9.948500
-9.403164
-9.490902
9.935395
3.804702
9.737704
-9.803855
-9.832130
8.533658
-9.944442
-9.915899
9.832925
9.077878
-9.970146
-9.893490
-9.970558
-9.901183
9.902442
9.934658
-9.999854
9.316695
-9.951472
-9.888164
9.564093
-9.967783
-9.727484
9.888046
-8.357851
9.929443
9.796971
-9.926797
9.812712
-9.697630
-9.614310
-9.278925
9.859767
-7.832802
9.919396
9.878593
-4.470108
-9.881875
-9.950992
0.153154
0.031017
-9.850051
9.629582
-9.867358
6.245766
-9.910969
-8.495626
-9.954934
-9.958469
9.897878
9.392449
-9.954662
9.196692
9.899019
9.861484
-9.763406
-5.421718
9.920613
-9.970332
9.933739
-9.116134
9.693373
9.899113
-9.928162
9.858981
-9.981295
-9.929325
7.494317
-9.347275
9.888831
-9.887948
-9.968971
-5.505749
1.711721
9.859445
9.757710
-9.476148
-9.923989
8.055854
-9.945612
-9.970176
-5.899897
8.282258
9.838315
-9.184785
9.950925
-9.949605
-9.785433
9.608272
9.854084
-8.099636
-9.953806
5.084537
-9.958964
-9.829657
-9.965245
9.434105
8.090734
-9.899463
-9.952213
0.538488
-9.962923
-8.643375
-9.959016
-8.771340
5.840212
9.999999
9.862717
-9.671432
8.953983
-9.956372
-9.703529
-9.408601
9.763795
9.899409
9.878314
9.827992
-9.940429
9.825718
9.890529
2.071711
9.565874
9.745543
-0.305850
9.602751
-9.921022
9.655201
9.900843
-9.791418
-9.903820
-7.169649
9.862811
-7.995236
8.499695
9.888726
-8.861408
-10.000000
9.944083
-9.887306
-8.322989
9.504850
9.540410
5.568774
-9.926315
9.908153
-9.926754
9.862310
-9.634903
-9.916460
9.918922
-0.478514
9.834649
-9.949260
-9.762527
-9.919779
9.995626
-9.627410
-9.655502
9.827485
-9.973235
-9.079088
-9.967642
1.548984
9.736181
-9.969459
-9.961914
4.946260
-9.929657
-8.325686
-9.614300
-9.758507
-9.317190
-9.872589
-9.874041
9.798668
4.401344
8.905982
0.866096
9.668302
-8.837944
-10.000000
-8.594987
-7.896250
-9.914506
-9.763676
-9.914494
5.191778
-9.666704
9.695483
9.605146
9.999999
9.560912
-5.288704
-9.954902
-9.935937
-9.966099
-9.092465
-9.918579
9.968807
-6.816775
-9.962643
-9.006009
8.716473
-5.870902
9.874655
9.925855
-9.971643
-9.970578
-10.000000
9.770127
-9.800536
-9.946073
-9.923733
-9.929038
-9.689963
9.690015
-9.949232
9.873525
9.791806
9.758910
-9.684440
9.870661
7.358856
9.905589
-9.969832
9.948764
9.861038
-6.567469
9.139962
5.186067
9.548015
-9.926457
8.958010
9.892991
-9.898335
9.940537
-9.148861
9.639216
-9.936885
9.373831
-9.794906
-9.860901
-9.945075
5.625650
-9.978039
9.836640
7.379980
-9.983569
9.899298
9.591809
-9.751131
9.811069
-9.971673
-9.866354
-9.774234
-8.290508
9.871986
-9.930687
-9.865239
9.952707
-9.871074
-8.191449
-7.375689
9.870695
-9.942986
-9.750105
9.895156
9.999994
-9.974785
-9.886532
-9.912693
-9.456610
-9.873897
-9.916506
-9.882239
9.516886
-9.960662
9.909639
-9.877157
3.847621
-9.577342
-8.116759
-9.964453
-9.955531
-9.981413
-8.137472
-9.820668
9.942983
9.728887
9.696088
9.709219
-9.911974
9.046414
-9.936074
-9.862078
-3.487482
-8.231772
8.776723
5.641487
-6.874582
-8.132663
9.834378
-9.701025
9.669128
9.902732
-9.887963
-9.757057
-9.912389
-9.819189
9.475313
-9.857814
-9.750541
-9.793531
-10.000000
-6.665245
-9.832678
9.871387
9.814942
9.943763
-9.945237
-10.000000
9.664524
9.930361
9.904077
-9.823553
-9.612466
9.797378
-9.850740
-9.909134
-9.943353
9.533997
9.790351
-9.859810
-10.000000
5.452524
4.578421
9.097139
9.639610
-9.956648
10.000000
-9.911235
7.842339
1.162627
9.914079
-9.918713
9.715556
-9.971010
-9.697599
9.591776
-9.954189
-9.956878
-9.958575
9.859930
9.816767
-9.867396
-9.224304
8.844494
8.320297
9.915349
9.618093
9.811020
-9.420842
9.932883
9.869679
9.865872
9.764677
9.620201
5.822626
-9.970267
9.872613
9.809673
-9.893183
-9.936894
4.983823
-9.875616
9.610239
9.831288
-9.941071
9.877783
2.946600
9.835541
8.126449
-9.915073
9.748090
9.833580
-9.779894
9.855949
8.477710
9.876482
-9.969917
9.890411
-6.569732
-0.190737
-9.791652
-9.952623
9.939478
9.878580
-9.925208
-9.961681
0.495989
-9.912459
-9.895604
-9.925115
-8.692392
-9.919972
9.885921
9.809199
9.392853
9.675942
9.942706
-9.827017
9.734795
9.924692
-9.857297
0.903677
-9.623810
-3.306585
9.918744
9.847382
9.914110
8.885166
9.846372
6.457440
9.756396
-9.889025
9.904049
9.461713
9.857357
-9.945728
9.563161
-9.908263
-9.945401
1.791807
-10.000000
-9.879129
-8.243783
-9.920341
-9.901782
9.369784
-9.953958
9.377880
9.941461
-9.674927
-9.965240
-9.917101
9.680818
9.882075
-9.948630
-9.912191
9.352331
-9.908013
9.896748
9.203189
9.862796
9.942116
0.208539
9.943935
-9.599910
9.848706
9.907407
-9.820194
-9.701921
-9.906213
-0.608446
-9.951781
-9.937463
9.787456
-9.944055
-9.961550
-9.537063
-9.876748
-4.146125
6.988787
9.400937
9.763729
-9.950955
-9.830589
-2.934244
9.999995
-9.490472
-9.914037
9.886990
1.335450
-9.043115
9.831160
9.804908
-1.417873
9.973204
9.886798
8.900145
4.582862
8.424695
-9.963812
9.851826
-6.054797
-8.897059
-9.929447
6.962889
-9.858202
9.614298
-9.948760
-8.891366
9.864547
-9.465068
-9.913888
5.347656
9.906232
-9.952682
-9.882553
-5.123979
-9.932457
9.546179
-9.703942
-7.020784
-6.230642
-9.855665
-3.726120
-9.884106
9.889404
9.860957
-9.882036
9.914658
9.941423
9.910868
-9.904573
-9.742404
-9.808327
9.938594
9.881262
9.933755
8.972084
-9.896945
8.779416
-9.957429
6.889822
9.888715
-9.972299
-9.930021
-9.933502
-9.812060
-9.891178
-9.976587
-9.964094
-9.946797
-9.888044
-9.906763
9.697461
-9.870314
10.000000
-9.545996
9.608947
-9.955603
-8.618902
-9.931746
8.185044
-9.813341
-8.892369
-9.925823
-9.917899
-9.923478
8.505695
9.871921
9.671743
9.920651
9.679805
-9.916233
-9.800966
-9.952294
-9.587998
-9.959156
-5.874505
9.591399
-9.679243
-9.897469
-9.896018
-9.840102
-6.571923
-9.358096
9.923474
-9.972763
-9.957553
-9.350032
9.873863
9.810691
-9.649877
-9.954977
-9.979250
-9.905926
-9.879916
9.943489
9.853493
-9.971934
-9.837391
9.737479
6.395494
5.936340
-9.936158
-9.885459
8.649959
9.938646
-9.980659
9.872811
-9.901104
0.070525
-9.875343
8.514195
9.999997
8.817842
9.879376
0.716124
9.910716
5.348676
-9.800970
9.724036
-9.504000
-9.910931
-9.866300
-9.775217
9.927110
-9.950067
-9.895162
-9.714070
-9.614925
-9.632044
-9.939358
9.855255
9.704679
-9.934533
-9.925914
9.884088
-4.437137
-8.493694
-9.945383
9.999999
-9.977509
9.699812
-9.953907
7.197077
9.891505
-9.686714
9.904651
3.769260
-9.920115
-9.863778
0.935267
-9.948813
-9.823012
9.779288
-9.928155
-9.974815
9.943684
9.904834
-5.618148
-10.000000
6.102204
-9.929784
8.135285
9.720959
-9.350864
9.866056
-9.940931
9.919352
-9.935110
-9.943101
-9.632886
-9.929806
-9.942172
-9.804916
-9.521045
-9.084194
-9.957333
-7.998606
9.872453
7.909804
7.726389
9.914397
-9.921078
-9.971957
9.911977
9.900258
-9.242658
9.893647
8.745521
-9.436586
9.939249
-9.928262
-9.480335
9.859896
-6.584960
-9.839168
-9.915511
9.801871
-9.939971
-9.027244
-7.728066
-9.953405
9.634480
9.911313
-8.671903
-9.862879
9.371282
9.629360
9.641127
-9.145738
-9.714283
-9.890219
9.861660
-7.325573
9.855280
-9.930819
9.931245
-9.796748
-9.944980
-9.734007
-9.909570
9.825170
-9.421206
9.878998
-9.975229
-9.815161
9.938719
7.428912
-9.908775
-7.065710
9.826905
-9.929209
9.898965
9.694086
-9.556078
6.428416
-9.929518
-10.000000
-9.908780
-9.878177
-9.809456
-9.756109
9.638311
9.041726
-9.520787
-9.911320
-9.959442
9.957505
9.855956
-9.690624
2.101169
9.937345
-9.808489
-9.959614
9.164759
9.918242
9.379138
-9.764040
-9.328544
9.916127
-9.945897
-9.935182
-9.942192
7.666430
9.964791
9.877444
9.707538
9.794348
9.806932
9.839720
-9.892731
-9.990759
-9.971145
5.142588
-9.956760
6.994598
-6.601354
-9.962518
9.845528
-9.876572
-9.688749
-0.390710
9.867159
-9.768016
-9.947725
-8.740966
9.744874
9.647508
9.751121
-9.969449
9.999970
7.613724
9.516264
-9.972763
9.441814
-9.946466
-9.646273
-9.757923
-6.771199
-9.941046
-9.765776
1.458182
-9.923086
-9.999995
9.627590
8.201122
-9.919572
-9.790467
-9.911666
7.369591
9.440881
-9.596123
-9.968889
-9.964628
-9.976001
-5.897313
-7.118779
-9.957980
9.713885
9.373868
8.336210
0.213510
-10.000000
-9.972103
9.718665
-9.924562
-9.921555
9.816320
-9.448833
9.716407
-5.256517
-9.914321
9.880609
-9.968935
-9.927314
-9.714743
9.926933
9.873973
-10.000000
-9.975151
0.064040
-9.950824
9.940154
9.915329
-9.966679
9.105622
6.605465
9.807725
9.944031
-9.807754
-1.948478
2.086498
-10.000000
-9.785104
8.562514
9.880853
9.961598
9.905183
9.514240
9.718510
9.892465
9.766852
-9.357401
-9.911663
9.911875
-9.664241
6.515520
9.748640
-9.949936
9.883069
-9.956633
9.673823
-10.000000
-9.891252
9.808439
9.898940
9.757635
-9.941248
9.953993
-9.892628
-9.724600
-0.685852
-9.921215
-9.925679
-9.702782
-9.927711
-9.890503
9.879681
9.893092
9.653028
9.867350
9.849944
9.131247
9.913446
9.841173
9.878829
9.999688
-9.610187
-9.907712
-9.868295
9.793956
-9.971247
9.517872
9.537209
9.678363
9.833128
-9.975690
9.930303
-9.976492
-9.942635
-4.498529
-0.499793
-9.918502
-8.996764
-9.953384
-9.959586
9.150976
-9.928253
-9.965194
9.835583
-9.939772
3.090826
-9.752381
-9.431243
0.547135
9.832354
9.927223
9.188860
8.406340
9.774023
9.920939
-9.939747
-9.891155
9.897617
9.670325
-9.677197
9.897327
-9.616922
-9.922613
9.141551
9.878957
-3.787654
-9.509851
-9.523070
9.906184
-9.944243
9.048102
9.705359
-9.864441
9.938789
-10.000000
2.488546
-9.909821
9.775406
-9.419238
-9.957444
9.702800
-2.057707
9.620005
9.838266
-9.714865
9.890218
-9.957822
-5.210672
-9.354537
9.861250
-9.974644
9.706657
-9.897488
-9.912589
9.892798
9.840824
-9.949465
-10.000000
8.530650
-10.000000
9.943056
9.767285
9.925405
-9.045352
9.932366
8.602944
-9.897529
9.944238
9.819498
9.872313
-9.844046
-9.088989
9.659736
6.315980
-9.964948
9.901384
-9.939751
-9.598852
-9.900101
9.903257
9.736752
-8.278167
9.814321
9.788432
9.181591
-9.881415
9.936000
-10.000000
-9.942543
9.862298
-9.562174
-9.909292
9.846221
9.865542
9.949614
-9.742635
9.928854
-9.914532
-6.177580
9.796052
-9.750629
-9.799811
9.695303
-9.887462
9.942594
-9.958114
9.856558
9.897432
-9.047438
-9.895993
9.794538
-9.935015
-9.751744
-0.858078
-9.962270
-9.964520
-9.899082
9.139068
9.860804
-9.924081
-9.954370
-9.691851
-9.929157
9.843206
-9.953949
-9.916713
-9.881532
-9.879212
2.755457
-9.852536
-9.351558
-9.953148
-9.944250
-7.857704
9.815996
9.911796
-9.913444
-9.864277
-9.767397
-9.576731
-9.983988
9.845556
9.882078
-9.976366
-9.923707
-8.959545
9.868429
-9.811778
7.927570
-9.931970
-9.960814
9.187856
-9.924531
8.961538
-9.972576
9.899641
9.907060
-9.879477
-9.939298
-10.000000
9.106376
-9.955950
-9.843960
-9.953222
6.745367
9.232722
9.901427
-9.606737
-9.954345
-10.000000
9.583249
-9.696623
-9.908919
-6.123126
-9.972478
-9.782779
-1.246078
-9.930382
-9.621049
-8.704237
-9.818759
-9.957196
9.135112
8.982318
-9.865053
-2.183965
-9.906979
-9.870387
9.945263
9.950762
9.912947
9.911994
-9.867650
9.849782
-9.760068
-9.908700
-9.880288
9.872640
9.912712
-9.675372
9.717301
-9.958203
-8.798392
-9.890960
9.903686
9.710093
-9.876348
-9.962519
9.902758
-10.000000
9.694682
-9.942161
3.748002
7.042714
1.961423
-9.595045
6.619465
-9.872062
-9.960348
7.541886
8.989766
9.065365
-8.303255
9.419404
-9.952625
9.902249
9.901790
9.915264
-9.927823
9.664934
9.908041
-7.489784
-9.917904
-9.463689
-9.347564
-9.956275
-9.794588
9.561968
-9.616483
6.774469
-9.971841
-9.964502
9.800831
10.000000
9.903552
-9.920566
9.592349
-9.853329
9.947249
1.832049
9.093260
-9.812184
9.824026
-9.975839
0.549788
-9.896551
-3.148076
5.691284
-7.569648
-9.973208
-9.882680
9.860306
-10.000000
7.932754
9.870785
8.022063
9.929917
9.944030
9.608182
-4.588442
8.019618
-3.812868
-8.613721
-8.694870
9.862535
-8.150637
-9.523851
-9.948221
-9.491725
-8.670543
-6.557645
-9.916148
-10.000000
-10.000000
9.791168
-9.999999
9.837418
-9.944206
-8.420601
-9.902331
-9.850078
-9.940985
-9.928743
-9.834321
9.891199
9.910257
9.729078
-9.932214
-8.747865
9.944999
9.718967
-9.998308
-9.997880
-7.943466
-9.953820
-9.962450
-9.889156
-2.641479
-9.942186
-9.468035
-8.080920
9.808387
-9.955992
9.770494
-9.953769
9.966386
9.896076
9.940535
-7.199735
-9.941674
-9.865562
-9.877524
9.527883
9.637308
-0.367752
8.807270
8.984261
-8.802374
-9.727453
-9.771984
0.645731
8.343999
-9.971612
9.866385
0.373464
-9.844474
-9.910763
9.239553
9.927016
9.683937
-9.944593
9.834089
-9.949265
9.872690
-9.947742
9.996649
9.641683
-7.925339
-9.899480
-9.924659
6.625727
4.068119
9.605766
-9.968238
-9.977881
-9.382541
9.891281
-9.967918
-7.996893
-9.150532
-9.879263
-9.104719
-9.374289
-9.923901
0.677180
-9.948359
8.919476
9.941560
-9.863710
9.718988
-9.880322
-8.412633
-9.910725
-9.999989
-9.799212
-10.000000
9.948062
-5.918593
6.596736
9.911253
9.937289
9.914213
-9.342238
10.000000
-9.824554
7.860014
-8.816152
-9.602652
-9.817834
9.999956
-9.949004
-9.956405
9.594826
-9.339871
-9.936060
-9.973696
9.901280
-10.000000
9.855271
8.819221
9.903101
9.844422
-9.686427
9.907344
-8.399077
9.939127
9.321594
-9.913484
-9.923458
9.808941
-9.947037
9.881397
-9.520278
-9.905722
7.411409
-9.999997
9.683003
-9.899662
-9.968778
-9.172864
9.905538
9.965788
9.867029
-9.937851
9.564971
10.000000
-9.887927
-9.891937
-9.777597
-9.856824
-9.850793
9.915524
9.943824
9.626577
-9.117082
9.732090
-9.910861
-9.971070
9.924518
-9.840956
-9.945582
-9.952358
-9.937285
-9.912985
-9.963441
5.620046
9.667634
9.999973
9.902429
-9.933682
9.108644
-9.970571
-8.971882
-8.928701
-9.976396
9.758592
-9.666461
-9.919003
9.861822
-8.816503
-9.226871
-9.962291
-9.959109
-9.855724
-10.000000
9.941936
-7.915955
-9.780345
-9.948843
-9.695456
-9.915077
-9.765440
-9.741023
9.933707
-9.864144
-9.958814
-9.894296
9.929943
-6.741087
9.204219
9.818482
9.951774
-9.830341
-1.035041
7.366444
-9.886262
9.873325
7.973467
9.771197
-9.907175
-8.625070
5.198069
9.760663
8.915794
-9.394207
9.948839
9.936862
-10.000000
-9.185403
-1.393116
6.011415
-9.956833
9.934821
-8.428260
-9.898001
-9.941486
9.905856
9.855452
9.863577
9.938602
9.510597
-9.746145
9.921254
-9.087359
-9.941028
-8.353667
1.005173
-2.261627
8.993183
-8.628222
9.775985
-9.875967
9.876147
9.807067
-9.935788
-6.747212
-9.809788
-9.972915
-9.957756
-9.943783
9.873627
-9.924972
8.901786
9.868014
9.655443
-9.812086
6.727489
-9.954979
-9.337506
9.721616
-9.198926
-8.202196
