3.396000	50	0.100000	ARCHIVOS_REDES\ER\ER_758.txt
2.365338	7.442383
-2.020033
9.999998
-0.000002
9.965222
-9.920976
-3.337461
0.003392
-3.333051
9.990960
9.999999
9.999687
-4.920969
-9.999850
6.878270
3.333592
0.005458
2.744099
0.326670
9.985191
9.999991
9.990996
9.999619
6.000570
1.975756
9.996107
-6.005626
5.000371
9.999772
9.999968
9.999997
-9.999998
-4.997866
5.000008
9.999690
9.999990
-3.341661
9.999907
-9.999537
6.670902
9.999542
-10.000000
0.000002
0.102934
10.000000
-0.000002
-5.999997
-7.994766
7.768286
9.999638
4.962369
-3.374696
0.389914
-9.993272
9.999994
-5.026735
4.999260
9.999943
7.868344
-6.004985
9.999909
9.999965
9.999749
-6.331969
6.667891
9.999992
-3.324194
-9.992793
9.999995
-5.999129
-0.000444
9.987493
9.999942
6.004676
9.999693
2.951696
3.377514
8.627766
-0.011885
8.376466
-0.000000
3.333923
9.999740
4.997196
-3.994018
3.377568
-7.990809
0.000455
-3.333278
6.000425
6.156093
-9.968443
5.999795
6.670907
9.998448
-9.993585
-6.666517
-9.999783
9.999954
5.083499
0.068917
-9.998999
-9.987286
9.999996
-3.007109
8.014943
-3.113392
9.972909
0.000003
9.705559
-9.998230
9.999982
9.999999
-9.992028
-2.234883
9.999999
-3.333665
9.999034
-6.658315
5.161784
6.596178
9.985047
9.999921
0.000000
2.004166
9.999394
9.991006
9.999907
9.982429
3.173664
3.335469
9.999683
0.000003
0.000001
-9.991500
-9.999125
-5.308203
7.978431
0.000001
5.959634
9.999931
9.999832
9.999997
-9.999963
9.999979
-9.158124
9.999955
9.999998
9.849925
-1.749674
-8.917861
6.040257
-9.999418
9.998950
9.999618
-5.011438
3.346441
3.333322
9.999725
5.004847
9.999798
6.005046
6.005046
8.010590
9.976192
-3.569244
6.670424
9.999990
-0.000002
7.597550
9.999999
-9.999630
-6.681813
-8.912613
2.419411
9.999998
9.995493
-6.779043
9.999830
-4.989700
-7.447755
-9.999946
-9.976158
9.999993
9.980424
-5.764204
-9.999935
3.333503
9.999328
3.504795
0.537645
-3.998233
9.881061
-2.673868
-7.584794
0.000027
5.000193
9.999998
0.110860
5.308892
9.999999
9.999996
-5.019115
4.998216
-4.993722
9.999997
0.015508
9.999985
5.002778
-2.389120
0.000003
9.999998
-0.000109
9.999982
-9.986931
5.548956
-2.813549
-9.999996
9.999877
-9.999965
-9.982721
4.751310
8.627725
5.000018
-9.999958
9.999529
5.465691
3.341666
9.881066
9.999995
-7.949382
5.006315
-9.999935
-4.723918
-3.366324
-4.908522
9.999997
4.987577
9.999997
9.999997
9.999750
3.356855
9.999974
9.999995
6.000119
-3.333012
9.999697
9.979994
9.640936
-3.333367
9.999955
-0.000002
-9.959385
8.339199
-9.774340
5.089666
9.990952
6.000251
3.306220
-5.006374
0.000003
-9.999084
9.999971
-9.999995
0.000006
-4.998009
9.999985
9.987088
0.000651
-0.000004
-4.999927
9.998052
9.999994
9.999966
9.952092
-4.987624
-8.263460
9.702362
0.002040
9.999914
-9.986941
-4.815767
0.003330
-9.974562
-3.408348
-0.000000
-3.422688
-9.999965
9.999992
-6.666615
-9.974585
9.999695
9.999993
-9.999600
-9.219524
9.999625
0.000001
9.950218
9.987419
-3.341364
0.000002
3.260955
-3.343313
9.974980
9.999994
5.078601
9.999936
-9.974980
-8.285952
9.842828
-9.997500
5.006104
-9.010862
9.995744
-3.333381
-9.505420
9.999967
3.341710
-9.987335
8.581579
7.763583
9.999945
-9.996311
-1.029633
3.298952
9.999940
-2.545719
-6.757986
-3.338005
-5.000067
6.688629
9.821148
-4.242047
9.999949
-6.669021
-5.006295
7.128607
-0.000003
-9.999994
-6.127457
-9.999958
-3.232901
9.696546
-9.899160
-9.999540
-4.022866
-2.504542
-0.013113
1.021471
9.974581
-3.737387
9.992901
9.999982
-9.991293
9.999810
9.999956
6.395469
-9.820192
-2.973666
8.749987
-4.983128
9.999945
6.638572
3.333208
6.663441
8.333976
2.004706
3.333015
-5.999787
-0.034283
9.999929
-1.429208
9.999997
-0.000773
9.999863
9.999765
9.999998
9.999997
4.399035
9.999734
9.999996
9.999982
-9.999383
9.999997
-9.999996
3.235077
-9.999975
9.999847
9.999990
9.999999
9.999973
3.812872
6.241155
9.829733
9.999995
-6.559840
0.031478
-9.877698
9.999929
5.994568
9.999948
-3.264690
6.665025
-0.000003
-6.000879
9.999964
9.949717
7.512286
10.000000
-9.841284
-3.354900
9.999598
-0.000006
-9.986919
9.999995
9.999073
-9.930547
-9.974834
9.999997
-3.993238
-9.999944
9.999987
10.000000
-9.999483
9.999994
5.000227
6.001354
9.999555
9.931799
9.999996
9.999996
5.002753
9.973380
9.999936
5.006356
-4.893653
-9.989726
-0.000003
6.250713
-3.333381
-9.944898
-4.994925
9.999997
5.978278
7.505217
3.341672
6.005073
9.999334
3.335579
4.974625
0.024994
6.666602
0.000458
7.337573
-4.999277
-0.000434
-4.990364
-9.987294
9.999867
9.999986
-9.999007
-5.000176
6.004904
9.999993
-3.991668
9.999997
-3.325115
-1.136352
9.999971
3.324937
6.074438
-9.999927
3.453131
9.999811
-9.990365
9.999888
3.341813
5.006520
9.991515
9.999949
-0.000002
9.999779
-9.987489
-3.333366
-4.072821
3.880384
9.999891
9.999692
0.000001
9.998393
-3.320486
-9.999919
-9.991243
9.999982
9.999993
-9.999978
-3.388228
9.999843
5.000027
-9.999995
9.993361
-9.999291
0.000010
-9.958120
-9.984131
-9.999997
4.949860
7.982624
-3.333590
-6.028976
3.345860
0.000047
7.587183
-4.952913
-9.987278
6.719211
-5.006348
-0.000453
-7.132691
9.999512
9.999988
-9.998050
-9.995891
-0.000015
-2.061146
-9.999388
-3.291920
-3.573757
-9.814545
-1.973534
9.999997
9.999951
-1.434329
-9.999991
-9.999542
9.999981
0.000436
-7.143072
9.886298
4.238871
-9.999746
-9.954771
4.920728
-3.231117
9.999838
7.499978
-5.083784
9.999367
3.341561
0.000014
-4.962363
-0.000452
-9.999962
4.999804
9.999950
6.666816
4.965569
8.064058
9.999563
0.003352
9.999995
-9.999074
-3.335595
-2.000153
5.994138
-4.999994
-0.000002
-5.051033
-6.662577
9.999969
0.025853
5.005676
6.666502
9.928740
8.329678
6.667273
3.329098
5.270941
0.000002
-3.966752
9.999563
9.999996
9.999997
9.999905
9.999965
7.142963
5.270899
-9.974588
9.974567
0.016004
0.000001
9.994323
-9.999090
9.999739
9.999981
9.987858
-9.999087
-9.997516
9.999997
9.994964
0.002946
9.999996
-0.000000
-5.000176
-4.972913
4.081045
9.999976
-5.000045
9.999987
9.998462
-9.999962
-9.999468
0.015509
9.999725
9.995159
-3.333632
7.499853
0.000002
9.998453
3.747211
9.985846
-4.926522
7.142857
0.000415
-9.990322
9.999985
-4.860730
-9.998994
0.027270
-6.681105
9.999999
9.999953
9.998696
9.999081
10.000000
-9.986327
6.005778
9.993852
-4.285706
-5.995381
9.636684
9.993633
-9.999435
3.407244
9.974791
4.997805
9.987304
-9.999998
5.093085
-0.000002
-5.000773
-0.024410
5.022203
-9.993247
8.567911
-3.335249
-1.104628
9.733219
-6.613853
-5.994136
9.999998
-5.000000
9.987327
9.999974
-9.981362
-1.888824
6.386945
0.000000
-9.999536
7.121368
-9.999996
4.733225
-9.999996
-3.333038
-3.333072
9.821725
-0.016237
-6.667969
9.999919
9.999998
7.992211
9.974623
3.357127
5.937039
8.009906
0.000003
3.394568
-9.999526
-0.363312
7.176591
-0.000000
9.991238
-5.266770
9.999887
-9.999860
9.999995
9.990257
-9.996599
0.003358
-5.000145
9.999960
9.999993
9.994964
9.608544
-9.999729
9.999956
9.995747
9.999441
5.009828
-9.982114
3.438329
3.333375
9.999859
5.988438
6.510594
9.999991
-4.993875
-3.333333
5.076357
5.999609
-9.991162
5.023413
3.333701
-0.006996
-4.952068
-3.333095
9.999965
-9.999995
3.335284
-9.999901
9.999943
3.333618
9.999700
5.995252
6.123478
-9.997965
-5.932025
5.250898
-9.999083
9.985504
9.999026
9.999935
-7.127295
5.999788
-9.993183
0.015315
9.999999
9.968609
9.992345
9.999734
9.999387
0.000002
9.999735
-6.682039
3.372829
3.333376
9.931532
-4.995175
-9.999509
5.005112
2.028374
-9.969398
9.982774
-6.000596
-9.999953
9.999980
-9.908133
-1.171940
9.998972
-9.999904
5.000072
9.999527
9.999546
-9.976155
-2.000575
3.318745
9.999462
9.991520
9.999932
9.999427
-9.999549
-9.991525
9.999961
9.999999
9.999935
0.008041
9.999996
0.000001
9.993628
5.000011
-5.006652
1.854289
-9.999970
-5.494128
9.993691
-9.999872
9.999698
-9.999982
-9.880126
9.999992
9.999589
-2.356531
9.999932
4.976495
0.182517
9.999999
-9.999979
9.963985
9.999396
-9.999948
-4.698412
9.999144
3.320940
3.341651
-9.999086
9.999978
-9.999905
9.999472
3.341742
4.436394
9.439576
9.999602
2.065036
-8.682024
-7.500884
7.484004
9.999990
9.999995
9.999962
0.035743
0.063059
0.003568
-3.756543
-9.999996
-9.992711
-3.332936
3.693928
9.999998
9.999985
9.999258
6.713522
9.987500
7.421456
9.999684
9.999991
9.999049
7.762442
9.999997
5.994920
-2.255803
9.999315
9.999964
-9.878065
3.348258
5.999960
0.067799
9.999974
9.469078
9.786794
9.999995
9.999597
5.006095
5.160232
9.991559
-3.994857
9.999855
9.999589
5.210300
9.999999
9.993474
-7.994877
9.999996
9.987490
9.999995
-0.000001
-3.325788
9.987257
8.354665
9.893693
5.012914
-9.999736
9.999989
-3.338762
8.334124
-0.011469
-1.967571
-4.839758
9.999995
9.999911
9.999999
9.999866
-7.674885
-3.446535
-9.706994
-6.666672
6.000490
9.983547
1.438089
9.999996
-2.067699
6.691605
-7.999544
9.999229
9.999997
9.999102
-9.999987
-9.999983
-4.993686
-0.010024
9.999469
-0.000001
-0.000003
9.990781
9.682911
9.999968
9.988522
9.966698
-6.984197
9.999694
-3.333029
-4.997600
9.990537
7.501979
-3.412651
6.670848
0.014823
9.858728
5.006333
4.999414
9.990957
9.999877
9.999999
-1.851265
2.431249
-2.445743
5.000294
-3.451954
-9.999965
-9.999068
9.999983
7.900469
-0.000002
9.999774
6.638570
9.999609
-4.999883
9.999995
9.994624
6.575038
3.950051
6.058817
2.061149
-9.999996
9.999935
4.999979
8.592831
9.999989
-9.948195
5.160229
-3.333319
0.000031
3.528649
-9.999984
6.719127
-2.118337
5.006133
6.753271
9.999984
-3.333637
9.999574
0.000000
-6.662421
-3.337290
9.681081
9.999996
-4.966825
9.999996
-9.999998
-1.344373
-9.895069
9.999997
9.999784
-9.999875
9.994628
-3.333633
-4.437785
9.996370
9.999999
9.997937
-9.999994
9.988590
6.716513
-4.997207
9.995263
-5.999645
-7.500087
5.936559
9.997610
9.999972
9.999997
