7.530000	50	0.100000	ARCHIVOS_REDES\ER\ER_800.txt
9.918884	0.320059
9.969134
9.951028
9.957092
9.866960
9.947256
9.964602
9.989133
9.987641
9.956926
9.985031
9.991658
9.947934
9.964597
9.885338
9.985465
9.977974
9.941638
9.971533
9.881862
9.908429
9.853723
9.886893
9.929903
9.913632
9.938647
9.959899
9.916385
9.986666
9.984709
9.986862
9.973826
9.994789
9.970921
9.990089
9.922568
9.915951
9.989980
9.952648
9.995250
9.995887
9.934434
9.910135
9.920056
9.912377
9.966032
9.954501
9.967915
9.688707
9.983919
9.951721
9.986622
9.817674
9.974303
9.937954
9.994333
9.966125
9.931704
9.932151
9.846839
9.699915
9.959631
9.874991
9.954400
9.871340
9.939190
9.847114
9.932317
9.921905
9.982024
9.974478
9.896167
9.931892
9.950320
9.957543
9.872811
9.688310
9.970399
9.885881
9.996456
9.945459
9.976750
9.878939
9.976002
9.943809
9.965461
9.884703
9.928182
9.816114
9.747136
9.819808
9.990307
9.952115
9.783897
9.871854
9.955433
9.964206
9.947973
9.975864
9.889933
9.868945
9.962735
9.948618
9.737134
9.957322
9.766846
9.983771
9.990571
9.982787
9.980442
9.802971
9.893937
9.847587
9.900891
9.966420
9.785853
9.702958
9.850993
9.977572
9.974125
9.943491
9.908227
9.957422
9.836692
9.821452
9.927776
9.973479
9.950027
9.945225
9.976149
9.822322
9.896057
9.922273
9.902187
9.908076
9.962514
9.867354
9.853387
9.992977
9.932430
9.900901
9.741619
9.979761
9.976080
9.971053
9.834365
9.943277
9.959162
9.958825
9.960937
9.945965
9.963193
9.967572
9.927754
9.846386
9.998797
9.981338
9.958152
9.980094
9.808384
9.967984
9.944758
9.944820
9.961754
9.866574
9.976774
9.865198
9.924725
9.927045
9.938364
9.963611
9.956824
9.988131
9.675801
9.972254
9.876083
9.982237
9.899397
9.985416
9.978568
9.957333
9.995054
9.872430
9.867898
9.959874
9.970491
9.820455
9.837009
9.899629
9.988048
9.910620
9.939114
9.972792
9.968403
9.967078
9.983950
9.894397
9.985336
9.942421
9.914840
9.988188
9.974544
9.852941
9.824863
9.976640
9.868873
9.975084
9.729318
9.958090
9.941380
9.964895
9.985706
9.945216
9.964985
9.847429
9.784280
9.986712
9.994622
9.993399
9.973002
9.956417
9.939979
9.845458
9.973510
9.939572
9.964178
9.942806
9.881187
9.913791
9.985435
9.876962
9.946566
9.964419
9.819919
9.962734
9.946438
9.978905
9.958469
9.932957
9.751053
9.953574
9.992706
9.987476
9.974245
9.958296
9.971391
9.975124
9.996759
9.939416
9.867466
9.964217
9.990660
9.932183
9.964820
9.907878
9.939394
9.994523
9.874889
9.929631
9.952397
9.932218
9.904767
9.968724
9.947614
9.951034
9.940236
9.827864
9.969148
9.971071
9.970743
9.750307
9.945641
9.929871
9.929552
9.978316
9.892510
9.895429
9.870971
9.972274
9.934448
9.880498
9.888118
9.920933
9.972966
9.849895
9.965082
9.952030
9.785880
9.893425
9.923380
9.916055
9.964202
9.984948
9.946235
9.764232
9.948512
9.948101
9.892518
9.981205
9.991048
9.966773
9.965360
9.960226
9.988241
9.954079
9.894618
9.681647
9.869209
9.958378
9.865651
9.905936
9.989070
9.963650
9.984252
9.937737
9.989372
9.873395
9.982389
9.935665
9.949810
9.821461
9.960136
9.996411
9.902071
9.962932
9.902526
9.820007
9.929713
9.975101
9.773793
9.937901
9.966082
9.985644
9.811157
9.938262
9.978416
9.969854
9.908784
9.929888
9.975827
9.890494
9.928517
9.969665
9.913566
9.929997
9.951746
9.897212
9.975317
9.939646
9.986792
9.932486
9.861002
9.897881
9.974030
9.799577
9.907894
9.993679
9.990448
9.817000
9.976998
9.962680
9.988252
9.911977
9.976036
9.850151
9.995120
9.945510
9.879704
9.754404
9.951751
9.981071
9.992034
9.966867
9.860688
9.955292
9.951311
9.926769
9.974665
9.692187
9.724849
9.898024
9.975331
9.763603
9.960327
9.803512
9.970096
9.977466
9.937177
9.977418
9.841768
9.937159
9.857104
9.982840
9.962973
9.956464
9.965395
9.927789
9.857535
9.981054
9.774072
9.989495
9.926497
9.933880
9.984607
9.854573
9.976814
9.911907
9.929491
9.853223
9.747928
9.844996
9.968766
9.970093
9.930594
9.971598
9.964336
9.960817
9.936525
9.967083
9.986735
9.956411
9.858870
9.958884
9.902010
9.931764
9.901635
9.785777
9.969299
9.971639
9.926484
9.976863
9.964650
9.992400
9.993431
9.965302
9.906115
9.945792
9.973655
9.912741
9.941743
9.890561
9.796525
9.935811
9.950657
9.962001
9.986856
9.990774
9.972120
9.894156
9.837682
9.991643
9.972368
9.917985
9.987171
9.962813
9.951773
9.945700
9.979827
9.998818
9.914011
9.952772
9.974673
9.992488
9.987655
9.906762
9.901192
9.974201
9.994329
9.960635
9.695272
9.960121
9.952090
9.959184
9.975737
9.964920
9.956753
9.929684
9.885066
9.945853
9.924854
9.906591
9.991952
9.920295
9.957920
9.958410
9.917485
9.987238
9.825530
9.908786
9.882241
9.973426
9.770447
9.795796
9.838403
9.822668
9.895994
9.989991
9.941011
9.981645
9.980266
9.919060
9.846310
9.954592
9.981888
9.984751
9.984701
9.968229
9.903953
9.873926
9.992570
9.962830
9.943578
9.971358
9.919033
9.964161
9.913798
9.969882
9.975998
9.992007
9.977882
9.882776
9.968084
9.936961
9.875780
9.961697
9.948910
9.978594
9.961425
9.912163
9.984278
9.956778
9.980879
9.969067
9.916173
9.935910
9.806606
9.957901
9.871389
9.699051
9.906574
9.984763
9.942466
9.980094
9.940276
9.966673
9.871828
9.920139
9.963270
9.980838
9.979079
9.972069
9.889285
9.900439
9.993147
9.913508
9.995647
9.964422
9.963364
9.971475
9.943425
9.969273
9.938422
9.893628
9.930719
9.928855
9.987875
9.896403
9.871076
9.997771
9.985072
9.916121
9.863157
9.857589
9.875922
9.868409
9.984941
9.959024
9.986072
9.880847
9.837301
9.971000
9.957789
9.965701
9.796893
9.970108
9.921953
9.947161
9.943555
9.883513
9.953357
9.971643
9.879082
9.967846
9.956894
9.967430
9.933926
9.959154
9.969084
9.890302
9.898088
9.945067
9.866819
9.953516
9.885583
9.923199
9.961936
9.890900
9.852623
9.835066
9.962330
9.982293
9.881259
9.984008
9.775555
9.944348
9.933651
9.839312
9.939334
9.929585
9.959451
9.981257
9.958763
9.978440
9.935445
9.891222
9.990719
9.841423
9.938381
9.952318
9.847646
9.930594
9.964254
9.857046
9.859240
9.719520
9.947380
9.949313
9.986217
9.888123
9.872682
0.001342
9.901696
9.898026
9.992745
9.914553
9.960987
9.973477
9.952349
9.958708
9.988924
9.959715
9.949131
9.960269
9.867891
9.993151
9.954588
9.972783
9.933136
9.957340
9.986832
9.951214
9.983355
9.984075
9.985321
9.958424
9.872306
9.896610
9.971904
9.983042
9.955627
9.895361
9.956702
9.994087
9.921910
9.905362
9.948916
9.930318
9.817140
9.959620
9.969424
9.897180
9.960012
9.834827
9.929314
9.951836
9.881446
9.942569
9.993446
9.990235
9.979040
9.927016
9.988641
9.978734
9.975865
9.943545
9.978669
9.964837
9.975656
9.985878
9.927673
9.803873
9.908802
9.978198
9.884984
9.993381
9.981684
9.948734
9.954761
9.993848
9.981889
9.985854
9.900420
9.962366
9.961119
9.973769
9.918326
9.824202
9.928673
9.765793
9.783297
9.931012
9.981662
9.978964
9.977495
9.687753
9.911263
9.955609
9.972473
9.884644
9.951067
9.936391
9.981191
9.980677
9.876589
9.993153
9.950058
9.989724
9.943899
9.968580
9.974119
9.952556
9.788376
9.977494
9.968060
9.970406
9.978124
9.976743
9.916838
9.801161
9.959574
9.849716
9.961528
9.956529
9.935506
9.967421
9.991428
9.925331
9.891756
9.932613
9.942245
9.859287
9.989606
9.990198
9.944297
9.990790
9.897140
9.938055
9.995118
9.840231
9.798899
9.973042
9.957917
9.894635
9.886373
9.996693
9.945829
9.979029
9.700571
9.880086
9.981432
9.949754
9.964716
9.975066
9.978631
9.945345
9.931563
9.920335
9.904997
9.880720
9.733183
9.981185
9.935829
9.866767
9.961408
9.968433
9.959218
9.979763
9.965295
9.826256
9.942938
9.986824
9.953396
9.841621
9.756513
9.931651
9.921810
9.956416
9.891275
9.990990
9.929536
9.956928
9.978546
9.681506
9.986749
9.870982
9.862899
9.975386
9.931730
9.946001
9.947451
9.994435
9.958782
9.921135
9.826076
9.923952
9.986638
9.958036
9.924212
9.930404
9.984541
9.966022
9.983794
9.853937
9.992429
9.829654
9.907779
9.951829
9.972480
9.974202
9.985136
9.894275
9.921738
9.972844
9.995195
9.829605
9.625653
9.913609
9.845611
9.986441
9.970146
9.990915
9.998440
9.952089
9.965990
9.988247
9.960594
9.922974
9.879420
9.857318
9.956125
9.943386
9.829745
9.929939
9.947360
9.979187
9.946112
9.951645
9.932502
9.970355
9.942698
9.921159
9.966096
9.982803
9.979159
9.959744
9.875387
9.910033
9.891187
9.969229
9.970998
9.963522
9.980228
9.947452
9.956419
9.991952
9.793433
9.972475
9.950415
9.809239
9.918748
9.647660
9.980669
9.982628
9.990934
9.870345
9.908130
9.697592
9.929395
9.962027
9.876938
9.984365
9.949184
9.750172
9.955744
9.873242
9.813810
9.993416
9.950506
9.960242
9.992239
9.937049
9.950868
9.911783
9.941463
9.910247
9.959228
9.942904
9.874474
9.935146
9.980850
9.883267
9.773969
9.973299
9.962487
9.888226
9.959990
9.972405
9.961660
9.887258
9.986263
9.782685
9.933602
9.985997
9.966873
9.960892
9.945905
9.941283
9.964134
9.961907
9.962434
9.948491
9.991014
9.861392
9.936692
9.977957
9.977604
9.707953
9.877440
9.892769
9.922960
9.990744
9.923066
9.858856
9.920068
9.846541
9.961052
9.903631
9.809556
9.993181
9.898485
9.974841
9.952248
9.890737
9.943111
9.962144
9.944942
9.978145
9.985523
9.987946
9.951271
9.978835
9.881043
9.908220
9.907587
9.957364
9.955193
9.949094
9.952545
9.959809
9.963636
9.965268
9.818240
9.980108
9.900225
9.976233
9.950870
9.975454
9.889089
9.829014
9.955861
9.952752
9.963577
9.957062
9.936528
9.951128
9.978493
9.971542
9.914332
9.952355
9.933899
9.974705
