7.000000	2.000000	50	0.100000	ARCHIVOS_REDES\ER\ER_620.txt
0.032998	6.965196
-6.978891
-6.966786
-6.969023
6.979825
-6.958343
-6.990761
6.891646
6.944125
-6.971062
-6.978158
-6.961474
6.980916
-6.992589
6.962152
6.997957
-6.962687
-6.947537
6.970807
-6.943972
-6.974456
6.956484
6.967111
6.980620
-6.997753
6.964003
-6.974059
-6.950590
-6.944509
-6.961186
-6.918874
-6.970096
6.982339
6.942110
-6.940143
6.993826
6.982129
-6.978003
-6.965014
6.977152
6.996662
-6.989398
6.994169
6.974442
-6.947421
-6.954551
6.982927
-6.976429
-6.966009
-6.991708
6.990071
6.944380
6.958208
6.991972
-6.966985
6.959599
6.959016
-6.978524
-6.905619
6.991674
6.997181
-6.989337
6.959948
6.974398
-6.977229
-6.942834
-6.927993
6.928704
6.983277
6.962686
-6.968131
6.979964
-6.992867
-6.922855
6.965341
-6.983377
6.984190
6.987262
-6.949923
-6.973064
-6.941124
6.983869
-6.935788
-6.990282
6.976476
-6.982561
-6.967023
-6.989568
-6.984671
6.983101
-6.976053
-6.942764
6.991985
-6.993165
-6.896882
6.982695
6.944168
-6.984401
6.990362
6.957715
-6.991030
-6.989602
6.984209
6.978484
6.979676
6.966122
6.972130
6.986251
-6.970019
-6.995810
-6.943907
6.993383
6.972295
-6.955334
-6.991131
6.959925
6.967212
-6.975484
-6.982041
-6.945041
-6.914469
6.980452
-6.998894
-6.991796
-6.992332
-6.985842
6.936695
-6.979987
-6.993202
6.974248
6.980443
6.957567
-6.959776
-6.963357
-6.899364
-6.886949
-6.969739
6.986617
6.981740
-6.976050
6.989907
-6.995618
6.983107
6.980615
6.987884
-6.956228
6.976576
6.949208
-6.983842
6.984217
6.959268
-6.952504
-6.970488
-6.972219
6.949047
6.954466
6.975137
6.962496
-6.942356
-6.984692
-6.972757
-6.980741
-6.969737
6.965384
-6.989022
6.990345
6.967524
-6.946791
-6.983396
-6.967939
6.964607
6.980579
-6.971021
-6.963782
-6.967430
6.966670
6.992391
-6.967821
-6.968571
6.968953
-6.994352
6.990246
6.977377
6.938416
6.980119
-6.968162
6.984282
-6.985091
6.978862
-6.975604
-6.966663
6.953914
6.959231
6.948160
6.982027
6.961861
-6.996860
-6.971566
-6.939313
-6.978500
6.995380
6.989769
6.970715
-6.962932
6.930181
6.998097
-6.957526
6.980724
6.979592
-6.956149
6.985913
6.985916
6.996685
6.983666
6.968200
-6.932387
6.984744
6.990501
-6.969446
-6.990776
6.953974
-6.982809
6.993371
-6.984505
6.938837
-6.955910
-6.961810
6.977226
-6.938848
6.969310
-6.985002
-6.985960
6.961939
6.964393
-6.981169
6.976627
-6.974360
-6.976961
-6.961887
-6.984226
6.922666
-6.994592
6.973067
-6.985475
-6.977378
-6.946088
-6.942636
-6.983216
-6.999660
6.994439
-6.956520
6.982903
-6.858506
6.982426
6.994604
-6.993729
6.913970
6.978422
6.977777
6.981806
6.950424
6.952784
-6.993903
-6.975204
-6.976280
-6.966212
6.991737
6.996853
6.964355
6.976688
-6.966408
-6.977059
-6.991204
-6.954564
6.966415
6.973384
-6.964716
6.997988
6.785289
-6.984616
6.962359
-6.977654
-6.981954
-6.996001
-6.933063
-6.977675
6.985933
-6.980762
-6.981009
-6.979516
-6.960768
-6.981363
6.957184
6.980211
6.989476
-6.966309
-6.979791
6.970328
6.991210
-6.968860
6.927006
6.979285
6.991974
-6.996203
6.954156
6.944910
6.949871
6.991686
6.967842
6.992477
-6.972152
-6.991601
6.986294
-6.966573
6.970616
-6.965721
-6.992343
6.956233
6.965801
-6.985191
6.985604
-6.955728
6.970241
-6.974494
-6.946470
6.976496
-6.995043
6.965499
-6.977352
-6.935461
6.943029
6.983870
6.986052
6.981023
6.995560
6.966812
-6.996143
6.960934
6.967494
-6.976668
6.979539
-6.939515
6.993627
6.989683
6.995990
-6.997918
-6.955997
6.980514
-6.974447
6.994167
6.985636
-6.986911
-6.910693
-6.995834
-6.984421
6.963741
6.991406
-6.985019
-6.953146
-6.969720
-6.997561
-6.980619
-6.973190
-6.967887
6.965076
6.980313
6.970853
6.988446
6.953995
-6.970824
6.975800
6.891528
-6.981640
-6.991973
-6.940567
6.988361
6.846786
6.972597
-6.989936
-6.961600
6.993669
-6.983532
-6.988703
-6.995238
-6.957341
-6.948288
-6.973843
-6.986279
6.982164
-6.988666
-6.994170
6.978111
6.966845
-6.982160
-6.994699
-6.969072
-6.983342
-6.988327
6.962875
-6.939011
-6.966391
6.954979
-6.968683
-6.990974
-6.948149
-6.972437
6.969565
-6.999545
6.974272
6.986514
6.971572
-6.961472
6.982962
6.992396
6.945561
-6.966291
-6.945511
-6.955491
6.968648
6.953087
6.978983
-6.979975
-6.956810
6.957535
-6.951434
6.995397
6.983168
6.959224
-6.979920
6.912685
-6.963235
6.972022
6.860336
-6.995745
6.960140
-6.965191
-6.974908
6.955125
-6.986333
6.991770
-6.997272
6.976755
-6.911388
-6.983403
6.991252
-6.985323
6.987419
-6.969277
-6.883569
-6.973159
-6.963649
6.988328
6.992387
-6.973841
-6.989767
6.959739
6.973914
6.974333
-6.940656
-6.984584
-6.996269
-6.960866
6.979755
6.973454
-6.956519
-6.957591
6.980405
-6.965072
6.980439
6.932174
6.991899
6.990351
-6.960877
6.965891
-6.982075
-6.971692
6.996746
-6.963896
-6.979082
6.965938
-6.884106
6.992069
-6.998877
6.951397
6.967531
6.975057
-6.990683
6.922486
6.976897
6.970856
-6.959229
-6.986859
6.958347
6.954182
-6.958145
-6.990359
-6.970995
-6.981719
-6.998567
-6.967935
-6.978728
-6.979543
6.927299
6.997628
-6.995794
6.966344
-6.938413
-6.962365
-6.991165
6.996890
-6.955898
6.998334
-6.960956
6.959070
-6.988402
6.968903
6.977734
-6.962432
6.956437
6.950678
-6.981557
6.992737
6.960651
6.979305
6.934235
6.977552
6.955625
-6.984808
6.999326
6.976371
6.973282
6.975251
-6.997369
6.997497
-6.968204
6.919501
6.952215
6.981552
6.949975
-6.964957
6.978520
6.950205
-6.900522
-6.954570
6.993038
6.997016
-6.979049
6.992518
-6.734005
-6.967921
-6.969726
6.974751
6.881463
-6.943005
-6.961575
6.950731
6.908643
-6.980530
-6.965563
6.988686
-6.966665
6.962162
-6.951216
-6.981853
6.984082
6.983925
-6.966596
-6.965906
-6.965767
-6.992236
6.982512
-6.977739
6.940672
-6.952993
-6.988657
6.981068
-6.957171
6.986398
-6.985591
6.991449
6.979657
-6.986241
6.967226
6.959035
-6.975996
-6.986816
-6.917300
6.999667
-6.991444
6.961386
6.958757
6.993973
-6.956065
6.988611
-6.967295
-6.958401
6.950487
-6.996883
6.992811
6.988872
6.979219
-6.969043
6.985657
-6.983977
6.989969
6.981783
-6.970122
6.942460
-6.257326
-6.976874
-6.988628
6.936452
6.994503
6.976532
-6.977376
-6.956719
6.990792
6.977985
-6.982267
6.989737
-6.973920
-6.981967
6.985671
6.963371
-6.923124
6.973752
-6.943460
-6.976341
6.983264
-6.984365
-6.969186
6.986845
-6.922103
-6.977129
-6.999675
-6.945027
-6.973816
6.996476
6.987814
6.984673
-6.962305
-6.964994
6.942266
6.964855
-6.994722
6.957445
6.994130
-6.988126
6.953150
-6.981489
-6.994242
-6.987424
6.968377
6.953754
6.987567
6.987337
-6.957295
-6.977291
6.954742
6.987297
6.959388
-6.963982
-6.937681
6.953625
6.986805
6.950316
-6.984910
6.941472
-6.887071
6.975150
6.966789
-6.924649
6.962343
6.963427
6.980987
-6.946401
6.984632
-6.934534
6.974725
-6.982449
-6.990375
6.974933
-6.926478
6.973818
-6.944702
6.974315
6.943782
-6.962774
-6.992888
-6.964027
6.978750
-6.953658
6.949518
-6.982899
-6.974204
6.979712
6.956744
6.983234
6.996629
-6.981147
6.976412
-6.961602
-6.978941
6.970627
-6.963539
-6.973099
-6.962108
-6.966800
6.980037
6.856265
-6.970190
6.985622
6.965381
-6.981628
-6.993916
-6.993718
6.995598
-6.987343
-6.995898
-6.984054
-6.980483
-6.993639
6.990343
-6.962056
-6.867027
-6.969970
-6.983938
-6.982000
-6.986139
-6.679993
-6.973899
-6.991421
-6.992101
-6.958468
6.992932
6.978481
6.947552
6.980587
-6.970047
6.968878
6.973892
-6.957844
-6.993777
-6.984029
-6.993974
6.988579
6.976887
-6.977389
6.954034
-6.917200
-6.993986
-6.962558
-6.974572
6.993068
-6.989564
-6.979636
6.968300
-6.974038
6.953400
6.993161
-6.972840
-6.997056
-6.983815
-6.975533
6.981596
6.989829
-6.991093
-6.950163
-6.992959
6.974979
-6.999740
-6.991212
-6.990119
-6.994729
-6.966821
-6.920082
6.978882
-6.980359
6.983430
6.994529
-6.802854
-6.977085
-6.978565
6.944916
6.962806
6.983883
6.961672
6.956006
6.983258
6.967994
6.955083
6.989752
-6.946136
-6.785691
6.974559
6.950844
6.990064
-6.957177
6.942778
-6.988113
-6.992654
-6.981264
6.943990
-6.961445
6.982602
6.992202
6.988701
-6.981573
6.992080
-6.966420
6.976778
6.986897
-6.995181
6.982267
6.975969
6.975742
-6.978969
-6.932075
6.983976
-6.910701
6.973553
6.965591
-6.989907
6.938289
6.958645
-6.938093
-6.955744
6.960412
6.983711
-6.913843
6.993603
6.962447
6.950175
-6.978415
6.986369
-6.964281
6.836254
6.978409
6.996204
6.986778
6.975474
-6.953914
-6.952190
6.981244
6.988195
-6.963295
6.976116
-6.973296
-6.977362
6.982884
6.955119
6.951146
6.966637
6.967476
6.984489
-6.980064
-6.976752
6.981181
-6.931583
6.923804
6.956388
6.979182
6.982933
-6.976562
6.971673
6.979564
-6.947315
-6.963827
6.982475
6.988484
6.980146
-5.560063
-6.988422
-6.844321
6.986386
6.974311
6.962893
-6.968737
-6.935891
-6.972932
-6.955082
6.978437
6.981853
-6.963098
-6.949048
6.978658
-6.954188
-6.932206
-6.980311
-6.947730
-6.876081
-6.969161
6.969321
6.960503
6.972856
6.979893
6.959990
6.974272
6.985507
-6.981432
6.963433
6.998124
6.978523
-6.957402
6.977976
6.963009
-6.948335
6.987545
-6.993796
6.944527
6.887651
-6.987388
-6.944181
6.961378
6.991265
-6.994858
-6.978712
-6.981574
6.960370
-6.983184
-6.974713
-6.935718
-6.948675
-6.975898
-6.977719
-6.980077
6.944668
-6.931598
-6.960125
6.985666
-6.978231
6.965394
6.989732
6.992176
-6.970300
-6.980882
6.962864
6.977444
6.980067
-6.951580
6.948720
-6.974075
6.956675
6.952829
-6.996397
-6.961155
6.942882
-6.987736
-6.992207
6.822936
-6.994228
-6.982413
-6.969153
6.967298
-5.888157
-6.966473
6.980042
6.988824
6.995900
-6.996268
-6.971271
6.974826
6.965168
-6.987851
-6.975415
6.882197
6.993008
-6.994942
-6.962905
-6.955243
6.984599
-6.995792
6.990203
-6.982447
6.981004
-6.980964
6.979685
-6.969446
6.895892
-6.974771
-6.989374
-6.823019
-6.979102
-6.967582
6.988864
6.965836
-6.987297
6.967824
-6.943364
6.972748
6.985157
6.971865
6.950730
-6.985981
6.965941
-6.964559
6.976740
6.972257
6.963753
-6.987447
6.988344
6.485901
6.984705
-6.983910
6.954015
-6.962315
6.990307
-6.982620
-6.944429
-6.948527
6.963074
6.975694
-6.953526
6.993889
6.964467
-6.982186
-6.971698
-6.982046
-6.996914
-6.957040
-6.999041
6.983114
6.954716
6.967977
-6.960177
-6.962768
-6.993665
-6.988598
-6.985326
6.960086
6.974961
-6.981925
-6.988070
-6.949228
-6.969493
6.958593
-6.958430
-6.914576
6.968271
-6.965222
6.994260
-6.943134
6.983744
-6.956106
-6.951209
-6.979476
6.999359
6.977440
-6.996939
6.968473
-6.986665
6.997519
-6.932715
6.995064
-6.919328
-6.961594
-6.996508
6.990855
6.992702
-6.946470
6.957213
6.970602
6.971439
6.961510
6.993720
6.946407
6.976203
-6.971395
6.989703
6.967827
6.967625
-6.983731
6.990100
6.972656
6.969154
6.970898
6.995938
6.949453
-6.978142
6.987590
-6.973405
6.970891
-6.978700
6.981695
6.968191
-6.982724
6.991912
-6.968983
6.991400
-6.995191
6.960155
6.841423
6.986038
6.959376
-6.956409
6.973432
-6.965715
6.964519
6.980333
-6.965086
-6.988602
-6.975380
-6.938512
6.979347
-6.979555
6.947101
-6.973718
-6.989914
6.964569
6.977007
-6.954170
6.990063
6.995587
6.958600
6.959964
6.961566
6.989739
6.997310
-6.953974
-6.974443
-6.969102
6.969124
6.982526
-6.994531
-6.984239
6.989647
6.938832
-6.993204
-6.975631
6.978101
-6.974862
-6.985908
-6.960013
6.908958
-6.995922
6.987719
6.974016
6.971184
-6.953076
6.985055
6.916550
-6.995226
6.994170
-6.988359
-6.995264
6.960312
6.970656
-6.982698
6.982653
-6.958618
-6.977795
6.990544
6.966031
6.963091
6.804967
6.981618
-6.973774
-6.958655
-6.953793
-6.987726
6.971098
-6.972786
6.988907
6.970854
6.993830
-6.985681
-6.965919
-6.971799
-6.959033
6.977980
-6.975793
6.968153
6.989880
6.992200
6.978612
-6.994149
6.956588
6.983079
-6.970496
6.947440
6.980469
-6.949651
6.962564
6.973214
-6.971031
-6.961626
6.957411
-6.985771
6.955641
6.960726
-6.910450
6.996407
6.976616
-6.979694
6.958464
6.990242
-6.974259
-6.968799
-6.996798
6.964813
-6.970327
6.927607
-6.962566
-6.964268
-6.985645
-6.949033
6.992482
-6.983087
6.962845
-6.962118
-6.960112
6.974915
6.961690
-6.993767
6.965548
3.581399
6.973267
6.989180
6.974719
-6.967602
6.985859
-6.954865
6.960835
-6.971098
-6.940897
6.914076
6.952923
-6.960481
-6.938193
-6.955442
6.965884
6.980766
6.979720
-6.951372
6.988811
6.961652
6.976379
6.958363
6.944644
6.932963
-6.948977
-6.975117
-6.963382
-6.971950
6.986051
-6.963989
-6.950012
6.962522
-6.961434
-6.993625
6.991022
6.952850
-6.947635
6.969443
-6.947939
6.950435
6.997009
-6.970018
-6.958693
-6.995792
6.895282
-6.989566
6.914883
6.960339
6.946741
6.974312
-6.974561
-6.019639
6.992300
-6.971495
-6.961280
6.982583
6.943032
-6.963475
6.979844
-6.977490
-6.976571
6.981303
6.926778
6.961794
6.976478
-5.547958
6.986237
6.987523
6.954414
-6.966842
6.968826
6.969402
-6.961114
-6.972793
6.959194
6.984441
6.976197
6.996712
6.977014
6.962185
-6.978376
-6.975718
-6.986786
-6.970536
-6.960919
6.967004
-6.980315
-6.956751
6.975760
-6.971536
6.946900
-6.951326
-6.964762
-6.941040
-6.979682
-6.952961
6.952219
-6.973931
-6.989244
6.959495
-6.969171
6.988110
-6.995938
-6.948239
6.986773
-6.978764
-6.962860
6.995911
-6.931318
-6.979386
-6.982250
6.985868
-6.999368
-6.997590
6.913885
-6.974159
-6.983692
6.963468
-6.959729
-6.933213
-6.996381
6.994421
6.964394
6.977120
6.971774
-6.965022
6.988085
-6.966753
-6.987771
-6.934707
-6.987889
-6.989108
6.982540
6.977761
6.965794
-6.973007
6.963119
6.977117
6.988470
6.982742
-6.974473
-6.966173
-6.985312
6.956869
6.993401
-6.983120
-6.924451
6.989179
-6.983803
-6.971770
6.993515
-6.967900
6.945613
6.995962
6.991581
6.995147
-6.952320
6.957173
6.950479
6.979985
-6.990244
6.963078
6.986451
-6.990055
6.955874
6.968140
6.954307
6.988961
6.991677
-6.952088
6.980890
6.980685
-6.977376
-6.968299
-6.957757
6.988890
-6.974842
6.928215
6.994477
6.986662
6.960697
-6.995302
-6.989166
6.966054
-6.884918
6.950446
6.976084
-6.977293
-6.971000
-6.987754
6.993803
6.958278
-6.981890
-6.972518
-6.944741
-6.996485
6.951493
6.986428
-6.976876
-6.976653
6.992289
6.979851
6.996785
6.967805
6.948603
-6.942296
6.975667
6.934517
6.972676
6.987797
-6.946795
-6.987467
-6.966589
6.967232
6.932131
-6.970366
-6.948055
6.967273
-6.973595
6.940142
6.973142
6.953606
6.971207
-6.969791
-6.997064
6.939920
-6.916425
-6.990357
-6.949956
6.975354
-6.968625
6.948785
-6.990176
-6.973503
6.954294
-6.985275
-6.980783
6.942322
6.950693
6.971025
6.991400
-6.995352
-6.996986
6.906096
6.954261
-6.952203
6.964378
6.978095
-6.948544
-6.988485
6.967883
6.946160
-6.992461
6.984230
-6.985995
6.996281
-6.965373
6.968063
6.921939
-6.983130
-6.969734
-6.971066
-6.911107
6.976618
6.963090
6.973733
6.993763
-6.978095
-6.963734
-6.910536
-6.953781
6.957556
6.986418
6.959646
-6.984483
-6.996622
-6.968959
-6.996354
6.987064
6.983471
6.977754
-6.967713
6.968767
6.966175
6.978487
-6.956403
-6.960283
6.848604
6.975019
6.962454
6.960270
6.942941
6.974526
6.985497
-6.997082
6.952223
6.990513
6.973984
6.990381
-6.992323
-6.966301
6.987568
6.973391
6.977268
6.990688
-6.990807
-6.931650
-6.981261
6.992758
-6.951131
-6.970682
6.995664
6.996952
-6.959903
-6.992553
6.934991
-6.992016
6.987326
-6.959471
6.961171
-6.991330
-6.915203
-6.986669
6.954618
6.994532
-6.979786
6.964512
-6.983778
-6.947336
-6.967492
-6.961589
6.979728
6.951363
6.950681
6.997414
6.937529
-6.978499
6.984436
-6.997594
-6.694813
-6.966071
-6.981026
6.981253
-6.997902
-6.962325
-6.942565
6.990634
-6.973106
6.963757
6.971333
6.985460
-6.976979
-6.986781
-6.962958
6.960049
6.969750
6.957741
-6.926176
6.961492
6.959687
-6.971671
-6.955867
6.963888
-6.992619
6.971590
-6.977938
-6.982608
-6.988881
-6.985194
-6.964945
6.988475
-6.987438
6.992565
-6.988349
-6.996325
-6.983258
-6.946101
-6.973118
6.969453
6.963762
6.965135
-6.971153
-6.976527
-6.972382
6.972414
6.938224
6.991476
6.968158
6.991056
-6.966484
-6.956517
-6.959686
-6.972097
6.988051
-6.949469
-6.953285
6.998144
6.981633
-6.979903
6.980620
-6.987390
6.979938
6.959520
-6.981115
6.986367
-6.957061
-6.955191
-6.961483
6.969168
6.986100
-6.990467
6.988643
6.990935
6.934703
6.978797
6.973816
6.952792
-6.976535
-6.984108
-6.971747
6.968937
6.939578
-6.938356
6.981204
6.975160
6.974273
-6.980214
-6.968182
6.973690
-6.954072
6.973999
-6.989123
-6.982043
-6.967497
6.993330
6.953083
-6.916908
6.989582
-6.918269
-6.975082
6.919306
6.991734
-6.990159
-6.970778
6.970431
-6.986122
6.947769
6.961041
6.983263
6.970959
6.981492
-6.924636
-6.981277
6.963576
6.970967
6.988995
-6.975781
-6.955418
-6.967044
6.993732
6.970409
6.975665
-6.984905
6.990966
-6.993468
-6.960979
6.997535
-6.980991
-6.998751
6.951043
-6.961242
-6.987377
-6.950066
-6.984926
6.994565
-6.961631
6.979693
6.968478
-6.963865
-6.985646
-6.982078
6.959552
6.928989
6.962250
-6.974364
-6.957806
-6.984943
6.874359
-6.973258
6.968507
-6.980442
-6.955701
6.996387
6.975343
6.969368
6.985532
-6.994310
6.991944
-6.981567
-6.961811
6.990521
6.987457
6.975234
6.955383
-6.986349
6.999362
-6.981591
6.976659
6.957336
-6.953207
6.985193
6.978963
6.962984
-6.969721
-6.969771
6.955464
-6.978031
6.994741
-6.953388
6.949716
-6.936785
-6.997316
6.914451
6.960567
-6.984822
6.983536
-6.964066
-6.983487
6.965728
6.979445
6.980312
-6.924184
6.778921
6.975932
6.971209
-6.959341
-6.987477
-6.985530
6.965059
-6.972432
6.987983
6.998666
-6.960877
6.971257
-6.984195
-6.980242
6.903547
-6.933940
6.997072
6.995294
-6.987793
-6.972955
-6.966861
6.988013
-6.994017
-6.976612
-6.959186
6.983852
6.994509
6.978776
-6.971191
-6.944933
-6.985871
-6.992974
6.992684
6.951879
-6.995285
6.982794
-6.995537
-6.931786
-6.961740
6.983289
-6.980652
6.879415
-6.992638
6.963022
6.978697
6.893070
-6.954668
-6.979406
-6.911529
-6.962709
-6.964435
6.977397
6.959413
6.952550
-6.974720
6.932134
-6.959321
-6.993469
6.994527
-6.965949
6.956174
6.959145
-6.981459
6.977432
6.993518
6.992254
-6.955558
6.959514
-6.927076
-6.977030
6.985217
-6.880874
-6.951223
-6.984407
6.991595
6.996925
-6.942103
-6.964825
-6.987058
6.993942
-6.995989
6.965657
-6.989860
-6.977853
6.986484
-6.964005
6.954430
6.960848
-6.966313
6.993683
6.976219
6.988378
6.996183
6.973957
6.918649
6.931869
6.998522
-6.996383
6.997405
-6.955858
-6.977144
6.978827
6.937189
6.960585
6.994910
-6.996134
6.969595
6.980301
-6.941587
6.973319
6.964791
6.932863
6.977934
6.950969
-6.973613
-6.914989
6.991607
6.932899
6.979704
6.987692
6.990262
6.975066
6.928861
-6.904327
-6.988974
6.952098
6.977178
-6.983477
-6.943930
-6.968594
-6.969076
-6.970860
6.992570
-6.944807
6.975654
-6.931393
6.970288
-6.972695
6.967548
6.980748
6.962644
6.967230
-6.963724
-6.999092
-6.982991
-6.957973
-6.964553
-6.988433
-6.957099
6.969028
6.906429
6.949743
-6.877960
6.872721
-6.990542
6.975736
6.958599
-6.966245
-6.994415
6.992240
6.982419
6.977031
6.996722
-6.986245
-6.963863
-6.966337
6.853917
6.981861
6.965898
6.956202
6.967269
-6.960582
-6.975027
-6.995256
6.996443
6.966294
6.972315
6.977526
6.979459
-6.977447
-6.985358
-6.971524
6.962009
6.961453
6.981524
-6.998473
-6.984558
6.955696
-6.995585
-6.953084
-6.907429
-6.981462
6.968759
6.958863
-6.985783
-6.966021
-6.972916
-6.971256
-6.996607
-6.975003
6.757607
6.994823
-6.973527
6.956032
-6.959817
6.949538
-6.957751
6.984487
6.950974
6.965945
6.968794
6.958721
6.991519
-6.999640
-6.979467
6.950709
-6.981671
6.963881
-6.974972
-6.979768
-6.982332
6.998472
-6.984275
-6.961710
6.978364
6.982277
6.990750
-6.983168
6.889763
-6.986943
6.940863
6.971499
6.983056
6.988811
-6.954850
-6.996622
-6.957201
6.990103
6.989227
-6.985312
-6.981804
-6.368013
6.981662
6.974724
6.947854
6.959344
6.977097
6.971623
-6.951571
-6.971623
-6.956915
6.987796
6.971528
-6.911294
6.920928
-6.985145
-6.950013
-6.964190
-6.915609
-6.962189
6.992478
6.960842
6.988789
-6.978590
6.985537
-6.974901
6.990136
-6.987328
-6.970167
6.957623
6.995076
-6.975514
6.984934
-6.976589
-6.969232
6.982114
6.986884
6.976903
-6.945303
6.976418
-6.990035
-6.988615
6.987840
6.982082
-6.968405
-6.987126
6.959663
-6.975824
-6.902823
6.973459
-6.978850
-6.948139
-6.967647
-6.968639
6.945091
6.994512
-6.972863
-6.968015
-6.997218
6.983854
-6.939915
-6.968066
6.928910
-6.994601
-6.986115
-6.998585
-6.973840
6.958080
6.979543
-6.987512
6.983911
-6.947305
6.995314
-6.897296
6.916919
6.990954
6.985897
6.954335
-6.975424
6.964552
6.979053
-6.995592
6.973215
-6.950036
6.965948
6.984703
6.997373
-6.967887
-6.986486
6.979947
-6.996256
6.983848
-6.976274
-6.972259
-6.971705
-6.938283
-6.970878
6.956452
-6.990336
-6.873945
-6.976889
-6.982170
6.956352
6.975577
-6.922554
6.918662
6.948870
6.959567
-6.990414
6.948758
6.995606
-6.962114
6.981219
-6.199862
6.977331
-6.978842
6.988073
6.959025
-6.975985
6.976324
-6.972223
6.976392
6.980745
-6.960217
6.983037
6.984600
6.996823
6.978957
-6.997596
6.991322
6.978939
6.963619
-6.987259
-6.979659
6.986492
6.972203
6.976918
-6.971812
6.970409
6.995069
6.975420
6.966629
6.973599
6.977682
-6.961600
-6.993420
-6.973907
-6.987600
6.987846
6.994361
-6.949613
6.996007
6.995502
6.948992
-6.972413
6.940921
6.961007
-6.983112
-6.957508
-6.973458
6.957365
6.952555
-6.979721
6.977440
-6.902983
6.956299
6.991961
6.955444
-6.978854
6.950952
6.990371
6.995113
6.989984
6.965360
6.990425
-6.982432
-6.988894
6.975853
6.997411
-6.973262
6.981050
-6.979978
-6.979870
6.983190
6.981468
-6.939758
6.988643
6.982710
6.994929
-6.955763
6.891801
-6.955569
6.979261
-6.960157
6.987015
-6.969427
-6.970630
6.953152
-6.944829
6.984566
6.992681
6.906309
-6.959727
6.989196
-6.964538
-6.992595
-6.987380
-6.980440
6.992874
-6.977590
-6.964882
-6.956399
6.944876
-6.964524
-6.988301
-6.975116
-6.956353
5.772661
6.994727
6.943807
-6.969350
6.951777
6.971294
6.984115
6.991866
6.968348
6.938448
-6.969505
6.964026
-6.976110
-6.971695
6.977577
-6.952804
-6.958953
6.959648
6.992661
6.974553
-6.963025
6.988553
6.956225
6.978073
-6.718367
6.969121
6.988827
-6.985089
6.967107
-6.971028
-6.950490
-6.957251
-6.961449
6.955717
6.977468
-6.987490
6.957291
6.982502
6.950753
6.986375
-6.988132
6.994126
6.943491
6.952763
6.957520
6.940890
6.951334
6.992796
-6.956915
-6.992448
6.977097
6.968526
6.980822
6.964928
-6.991074
-6.962358
6.971158
-6.984402
6.984425
6.980506
-6.994632
-6.996191
-6.929553
-6.977230
-6.955747
6.966636
6.997253
6.980951
-6.978174
6.976060
-6.979328
6.996117
6.979625
-6.976821
-6.966952
-6.986888
6.960399
6.978504
6.976141
6.998540
6.983214
-6.985608
6.997596
6.934421
-6.992565
6.976348
6.986754
6.970812
-6.991452
-6.927919
6.996083
6.952421
-6.966617
6.995730
-6.984978
6.978510
6.980334
6.992689
-6.964923
6.988977
-6.969534
6.964646
-6.986929
-6.979926
-6.978843
-6.983350
6.976515
6.955629
-6.991683
6.974721
-6.962763
6.977598
-6.916257
6.985102
-6.940042
6.974310
6.992911
6.984358
-6.985673
6.957736
6.952449
-6.972208
6.959283
6.963371
-6.961762
6.992948
6.964645
-6.948541
6.978399
6.972783
6.989173
6.997383
-6.953169
6.966759
-6.962167
6.996119
-6.972733
-6.979942
-6.941248
6.996677
6.979529
-6.945667
6.969623
-6.993035
-6.989947
-6.991837
-6.987562
-6.992576
6.960715
6.988092
-6.984689
-6.981274
6.969110
-6.995753
6.972764
-6.982243
6.985719
-6.988698
-6.971242
-6.969924
6.958484
-6.964971
-6.974054
6.951966
-6.985500
-6.950270
6.955774
-6.966803
-6.965104
6.949372
6.987593
6.959059
-6.963767
-6.979944
6.994090
-6.995891
6.942075
-6.971851
-6.978791
6.972260
-6.983623
-6.985405
-6.973784
-6.976908
6.973879
6.982770
-6.985670
-6.967722
-6.963882
6.996748
-6.959558
6.978930
6.994208
6.975811
-6.973332
-6.976278
6.977069
6.978355
-6.978943
6.962142
-6.990297
6.961250
6.988596
6.961154
-6.947208
6.905927
6.979738
-6.952434
6.973134
-6.996217
6.980736
6.981258
-6.960345
-6.983196
-6.933428
-6.995142
6.997302
6.984357
6.989460
-6.952641
-6.958331
-6.980480
-6.959279
6.993602
-6.987113
6.982565
-6.978728
6.969749
6.997312
-6.963341
-6.994225
-6.994055
6.969038
6.993450
-6.944649
-6.967197
-6.972891
-6.967089
6.967930
6.963394
-6.971457
6.940317
6.962182
-6.954011
-6.983661
6.962416
-6.959001
-6.934053
-6.976382
6.966850
-6.965531
6.980894
-6.956248
6.984962
6.935398
-6.967993
-1.862404
-6.990470
-6.944612
6.943375
6.979057
-6.990673
6.997686
-6.994602
6.964043
-6.969862
-6.964401
-6.994344
-6.957645
6.972254
6.963149
-6.954571
-6.980499
-6.919901
-6.990737
6.930141
-6.975785
6.991142
6.998549
6.955702
6.978007
6.986571
6.994695
6.961347
6.972356
-6.983319
6.991455
-6.971249
-6.989300
6.987941
-6.958559
-6.950272
-6.509629
6.982151
-6.995348
6.985901
6.986908
-6.993405
-6.995883
-6.988195
-6.981169
-6.970230
-6.944626
-6.983655
-6.966538
-6.982198
-6.988102
-6.978492
-6.983798
-6.975542
-6.950313
6.956104
-6.974182
-6.930314
-6.997200
6.908317
6.947928
6.974358
-6.966347
6.970418
-6.970737
-6.967831
-6.947556
-6.960571
-6.987525
6.960085
-6.954446
-6.997172
6.979264
6.947133
6.994413
6.977968
-6.956483
6.960358
-6.966216
6.975006
-6.990794
-6.964422
-6.958667
6.978173
6.953778
-6.995635
-6.989353
6.969675
6.971094
-6.948247
-6.922213
-6.964543
6.990756
6.715422
-6.956160
-6.940106
6.989222
-6.963665
-6.967962
-6.934819
-6.944561
6.957455
6.944067
6.976182
-6.990181
6.956891
-6.955616
-6.940025
6.960955
6.964766
6.921661
6.959484
-6.961791
6.994853
-6.974434
6.982706
6.977904
-6.821362
-6.978168
6.950863
6.962399
6.969567
-6.988553
6.990477
-6.999473
-6.968431
-6.999241
-6.987891
-6.980514
6.973509
-6.971774
-6.968005
6.975062
6.988641
6.977686
6.973678
6.996998
-6.979675
-6.963659
6.969234
6.953174
6.972232
6.855510
6.965623
6.955288
6.986983
6.970455
6.963599
-6.976373
6.990856
6.943425
6.957595
6.981253
-6.954470
-6.995888
6.955306
6.960337
6.988593
-6.988774
6.965811
6.961464
6.984234
-6.986078
-6.976665
6.958968
6.980223
-6.996050
-6.984564
6.997571
-6.538122
-6.948357
6.987366
-6.980088
-6.964248
6.973198
-6.959560
6.956179
6.994518
-6.955021
6.949786
-6.984147
6.952967
6.978401
6.989174
6.954551
6.981462
-6.981724
6.974421
6.990181
6.979621
6.987564
-6.997012
-6.982335
6.993458
-6.986589
-6.979499
6.973707
6.959676
6.997172
6.984200
-6.989763
-6.986697
6.963924
-6.954073
-6.972018
-6.954976
-6.990415
6.989589
6.959772
6.985911
6.950805
6.990200
6.960909
-6.954405
6.982034
-6.979252
6.957025
-6.963225
-6.982500
6.994516
-6.968335
-6.991250
6.974009
-6.956150
-6.967164
-6.977342
6.922979
-6.992961
6.983948
6.984023
6.953096
-6.997402
6.972175
-6.976986
-6.962739
6.975341
6.962223
-6.991365
-6.956785
-6.937908
-6.987915
-6.992660
-6.982741
-6.985795
6.980720
-6.966535
6.978464
6.964368
6.976972
6.969534
-6.974011
6.964764
6.963227
6.978871
-6.985422
6.970531
6.986599
6.922317
-6.969059
6.970788
-6.969975
-6.989602
-6.989461
6.956289
6.958428
6.962412
6.983661
6.982025
6.968002
6.964334
6.980077
6.975848
-6.985913
-6.895963
6.986602
6.968308
6.958554
6.983605
6.982732
6.981431
-6.992301
6.989699
-6.967061
6.964293
-6.960624
6.965736
6.935514
-6.973028
6.997093
6.994303
-6.933121
-6.984973
6.964400
-6.960321
6.975487
6.978842
6.992935
6.995832
-6.965535
6.977754
-6.979994
6.977935
-6.954159
6.982236
-6.982189
6.981391
6.986984
6.994396
6.990722
-6.950653
-6.965155
6.978693
6.994227
-6.954915
6.985029
-6.974504
-6.975852
-6.917161
6.980681
6.984405
-6.961454
-6.955803
-6.905796
-6.965548
-6.986580
-6.995976
6.998447
6.951967
-6.967717
6.974055
6.976441
-6.962565
-6.954777
6.951075
6.950859
6.995930
-6.996450
-6.982443
-6.983647
-6.950887
6.963242
-6.986733
6.991751
-6.978954
6.982756
6.968915
-6.973605
-6.978888
-6.983410
-6.950039
-6.996960
6.987477
6.993322
-6.990090
6.987071
-6.975070
-6.996092
-6.943141
-6.938846
-6.960569
6.980520
-6.971722
6.966991
-6.972590
6.980561
-6.981702
-6.995752
6.989393
6.991756
-6.964925
-6.964435
6.971959
-6.976363
-6.995928
-6.981363
-6.969248
-6.951900
6.973827
-6.971158
-6.983428
6.980455
6.978751
-6.978680
-6.951863
-6.981019
6.958438
-6.982919
6.991608
6.940664
6.963084
6.986460
-6.985736
6.971790
-6.975497
-6.946271
-6.986250
6.930009
-6.996371
-6.971701
6.985618
6.906950
6.960606
6.915263
-6.968493
-6.951521
6.956674
-6.999136
6.977619
6.984117
6.941810
-6.971299
6.979065
-6.966951
-6.974101
6.959773
6.987846
6.995336
6.990639
-6.962196
6.898463
-6.940875
6.954342
-6.972274
-6.967096
6.974422
6.983996
-6.972992
6.961405
6.958887
-6.991274
-6.982582
-6.943774
6.974070
-6.971975
6.955414
6.982401
6.968730
6.969342
-6.963192
6.983428
6.962129
6.967801
6.964162
6.979531
6.965173
6.951597
6.964019
-6.970449
6.944919
-6.952101
-6.978038
-6.997288
-6.984684
6.970731
6.942960
6.990388
6.941207
-6.952295
-6.964465
6.945273
6.795940
-6.964270
6.966047
-6.989882
-6.983519
-6.987373
-6.982924
6.980904
6.956097
-6.976706
6.945887
-6.970531
6.966369
6.981922
-6.984128
6.992908
6.993736
-6.976209
6.989596
-6.991049
6.944079
6.953602
-6.991263
6.960192
-6.988824
6.965331
-6.977648
-6.952660
6.961890
6.949755
6.960648
6.933973
6.969815
-6.981155
-6.997080
6.817843
6.964746
6.969626
-6.939952
6.995775
-6.987048
-6.909247
6.958810
-6.955573
-6.965379
-6.995136
-6.971782
6.998194
-6.993709
6.951527
-6.990519
-6.970738
6.995065
-6.974389
6.994804
-6.947787
-6.973236
-6.955645
6.938423
-6.994314
6.956799
-6.981670
6.987306
6.939352
-6.968411
-6.970414
6.930849
-6.998100
6.925935
6.958643
-6.954722
6.994508
6.974921
-6.971732
-6.981062
-6.994842
-6.962143
-6.940230
-6.973808
6.976793
6.982686
6.894051
-6.986966
6.968186
-6.967164
-6.940827
6.957417
6.959811
-6.962004
-6.974586
6.982548
-6.965802
-6.963155
-6.975945
6.960260
-6.974346
-6.988069
-6.892748
6.945404
-6.947172
-6.989546
-6.972087
-6.972343
-6.933381
6.938512
-6.973849
6.994434
6.960686
6.990558
6.985222
6.972668
-6.988724
-6.999259
-6.979025
-6.995766
-6.964920
6.942287
-6.918671
-6.952956
6.958935
6.969777
6.960638
-6.991297
-6.970053
-6.937077
6.952521
6.992403
6.957702
6.974734
-6.974771
6.980979
-6.961525
6.979274
-6.980664
-6.956436
-6.966328
-6.958157
6.968588
6.961222
6.994564
-6.950810
6.989238
-6.974885
6.990505
-6.982238
6.971226
-6.997349
6.970898
6.983470
-6.942015
-6.989938
-6.960112
-6.988976
-6.941423
-6.994277
6.978362
-6.950957
6.929215
6.965869
6.940500
6.981054
6.979869
-6.997049
-6.950084
-6.999353
6.964564
6.967389
-6.986019
6.922198
6.987690
-6.988531
6.940831
-6.996707
6.986933
6.995687
-6.987536
6.987206
6.992242
6.898270
-6.966511
6.991034
6.998076
6.961392
-6.958374
6.973442
6.946511
6.976741
6.986433
6.969332
-6.933140
-6.981573
6.975812
6.977614
6.997819
-6.983536
-6.968554
6.963133
-6.984139
-6.951211
6.981997
-6.951807
6.974838
6.943812
-6.869484
6.996566
6.996796
6.959071
6.613556
6.965923
6.957963
6.970425
6.971553
6.984597
-6.977326
-6.987202
6.908966
6.994389
-6.951337
-6.952928
6.585643
-6.948050
-6.955057
6.965661
-6.951718
-6.994803
6.986748
-6.966106
6.991180
6.993323
6.992915
6.989050
-6.933569
-6.982386
-6.988380
-6.979588
6.969949
-6.996838
-6.980735
6.954630
-6.991512
6.973366
6.996540
6.967878
-6.988822
-6.987009
6.982979
6.966050
-6.961994
6.998569
6.975970
-6.956203
-6.955300
-6.990884
6.923365
6.986146
6.953759
6.992191
6.979141
6.967642
6.975361
6.956424
-6.971519
6.987587
-6.980541
-6.974536
-6.948890
-6.933840
6.976650
-6.955452
-6.988525
6.995347
6.997752
-6.957238
6.946687
-6.992996
-6.953508
6.965016
6.940110
6.982988
-6.994241
6.993702
6.922566
-6.973891
6.993169
6.945756
-6.957540
-6.977875
6.987545
6.965642
-6.965118
6.967878
6.981348
6.981556
-6.993759
6.919536
6.935643
-6.974675
-6.999048
6.990789
-6.979602
6.969553
-6.958049
-6.920222
-6.987005
6.988159
-6.990850
-6.921087
6.962388
6.967901
-6.938203
6.989798
-6.961951
6.979917
6.970149
-6.988829
-6.983243
-6.993753
-6.947514
6.959254
6.973341
-6.970962
-6.954136
6.983682
6.985656
6.991161
6.994954
6.968679
-6.961043
6.968673
6.991379
-6.978342
6.994581
6.969009
-6.978299
6.974644
6.962141
-6.936228
6.944239
-6.993442
-6.996174
-6.967087
6.991615
6.980174
6.969033
6.948763
-6.999174
-6.962911
-6.997153
-6.945337
6.955063
6.990703
6.919215
6.992886
-6.959016
-6.999135
6.970939
-6.990079
6.957351
-6.946987
6.895190
6.985471
-6.980254
-6.965890
6.963841
-6.972687
6.969239
6.926765
6.936170
-6.952237
-6.970201
-6.983188
6.965024
-6.995073
6.951966
-6.982662
6.971095
6.992955
-6.991067
6.976155
6.981654
6.958860
6.961209
6.944964
-6.989904
-6.939023
-6.966137
6.987733
-6.960514
-6.953818
-6.982594
-6.965780
6.978199
-6.990290
-6.974620
-6.979183
-6.892258
6.980780
6.966440
6.966954
6.991065
-6.986793
6.993840
6.956769
6.966638
6.981151
-6.921053
-6.983689
6.970703
6.972636
-6.992165
-6.952086
-6.936915
-6.980433
-6.965796
-6.939196
6.977860
6.968322
-6.969127
6.963299
6.980455
6.980083
6.945874
6.948013
6.960712
6.951314
6.981654
-6.984269
-6.990314
6.961360
6.977044
6.829986
-6.986386
6.946644
-6.960686
6.963205
-6.968113
-6.955338
6.893387
6.976353
-6.959052
6.956689
-6.990140
6.953688
-6.932389
-6.998183
-6.937602
-6.958085
-6.903340
6.923864
-6.977219
-6.969935
6.968578
-6.976940
6.984567
6.987032
6.975631
-6.950594
6.953480
-6.967582
6.973663
-6.969824
-6.958631
-6.985858
-6.985056
6.997350
6.980120
6.972417
6.949769
-6.973303
-6.965825
6.945161
-6.975261
-6.993777
6.996443
6.954646
6.987961
-6.936557
6.985266
6.972849
-6.983180
-6.950729
-6.955499
-6.967931
-6.971861
-6.964628
6.958793
6.952485
-6.963222
-6.933087
6.921178
-6.955758
-6.973077
6.992340
6.976457
-6.987862
-6.972583
-6.970352
6.956157
-6.981753
-6.976536
-6.981675
6.971495
6.959508
6.989239
6.955121
6.859992
-6.948851
-6.993045
-6.971079
6.996915
-6.963454
-6.960202
6.989621
-6.957430
-6.983194
-6.958586
-6.993938
-6.983332
6.976317
6.955464
6.989496
-6.965874
6.997964
6.948406
6.989086
6.979329
6.966735
6.975432
6.988107
6.938501
-6.974447
6.989632
6.998353
6.965210
6.995843
6.991383
-6.954911
6.986793
-6.980955
-6.993377
6.958057
6.956955
-6.978257
6.977607
6.957382
-6.970014
-6.948663
-6.961381
6.975354
6.979468
-6.983355
6.952906
-6.966353
-6.972886
6.976289
6.974249
-6.997264
-6.969818
-6.980417
6.984001
-6.981923
6.925845
6.694707
-6.956620
6.862850
6.970804
-6.993090
-6.996387
-6.972687
6.956156
6.929104
6.953570
6.984223
-6.974026
-6.990003
-6.970573
6.979480
6.974792
-6.991578
6.987931
-6.986009
-6.958873
6.995486
-6.954557
6.953370
-6.970353
-6.996353
-6.986739
6.958549
6.974107
6.980008
6.983190
6.951004
6.993766
-6.943975
6.981160
6.977702
-6.980507
-6.986027
6.989940
-6.945002
-6.974775
6.945303
6.940564
-6.993202
6.943830
-6.949500
-6.987730
6.976412
6.953379
6.991059
-6.952224
-6.957662
6.976450
-6.964741
-6.958203
-6.974487
6.976234
6.963378
-6.940131
-6.980296
6.948826
6.944352
-6.983964
-6.986466
-6.965809
-6.968484
6.967175
6.997707
6.977448
6.997466
-6.958921
6.984555
6.998697
-6.983302
-6.851836
6.938891
-6.940786
6.973258
4.505026
-6.873196
-6.941496
-6.987666
6.984746
-6.981294
-6.965203
6.992286
6.978819
6.969870
-6.908199
6.990502
-6.953467
6.990571
6.967769
6.962582
-6.991220
-6.981699
6.741031
6.972655
-6.981648
6.997061
-6.963763
-6.986443
6.988932
-6.985371
-6.990378
6.962801
-6.966925
-6.988091
-6.978916
-6.972544
6.974993
6.972439
-6.967374
6.994033
6.957458
-6.961099
6.953413
-6.978594
6.978128
6.960217
-6.965822
-6.969543
6.971776
-6.977113
-6.991812
6.998445
-6.992104
6.955864
6.980949
6.912712
-6.990300
6.964184
6.956319
6.956464
6.803455
-6.981038
-6.994077
-6.967469
6.970164
6.977452
-6.954388
-6.998710
-6.946644
6.976556
6.923185
-6.921208
6.955485
5.243702
-6.961904
6.979314
6.971242
-6.973918
-6.957330
-6.953120
6.979260
6.993810
-6.956451
6.987426
6.953179
-6.954538
-6.963354
-6.867714
6.940239
-6.953491
6.990299
6.960511
6.906022
6.984969
6.982849
-6.993349
6.933366
-6.973310
6.971750
6.888162
-6.987660
6.958528
-6.967485
-6.960712
-6.970986
-6.987303
6.978003
6.967125
6.988804
6.985915
-6.966379
-6.991125
6.966350
-6.959943
-6.984019
-6.976271
6.995614
6.903132
-6.996434
-6.975094
-6.981593
-6.746998
6.988114
-6.984082
-6.982096
6.984957
-6.935478
-6.944931
-6.959670
6.946963
-6.957250
-6.993481
6.986997
-6.952036
6.990222
-6.966768
6.976753
6.963126
-6.965242
6.992357
6.973355
6.928366
6.984030
-6.982590
6.993353
-6.972962
6.945055
6.964925
6.985413
-6.946251
6.974700
6.969297
6.943602
-6.926844
6.979213
6.950112
6.972915
6.976005
6.949997
6.978409
6.948900
6.984233
6.955762
6.953268
6.932512
6.965158
-6.976347
6.961184
6.950965
-6.943188
6.943105
6.965390
6.942021
-6.952535
6.996403
6.956103
6.959489
6.941135
-6.945274
-6.971435
6.969555
-6.982715
6.971741
-6.944076
-6.976477
-6.965522
-6.947128
6.965692
-6.981945
-6.992477
6.933197
6.996369
6.976755
-6.988202
-6.983390
6.897492
6.949555
6.983886
6.975219
-6.980024
6.975845
6.993661
6.937365
-6.967315
6.987907
6.933117
-6.975896
6.976216
-6.957163
6.974128
6.970901
-6.986637
-6.989747
-6.990355
6.959796
-6.982716
6.970207
-6.981809
6.939862
6.977138
6.986916
-6.975826
6.964893
-6.963682
-6.944462
6.928093
6.973190
-6.968560
6.959669
6.974840
-6.992699
-6.961011
6.988694
-6.979736
-6.968291
-6.963947
-6.967171
6.958146
6.986591
6.994116
6.987978
6.971787
6.992661
6.970802
6.960506
6.964232
-6.991286
6.936768
6.984242
-6.810278
-6.970153
-6.996769
6.994997
-6.892386
6.997561
-6.954756
6.962262
6.950893
6.981891
6.968451
-6.972515
6.941766
-6.977705
6.923219
-6.975093
-6.987055
6.966089
-6.923200
6.974780
-6.954292
-6.981583
6.978022
6.938465
-6.996114
-6.924818
-6.979980
6.985866
-6.969683
6.936628
6.976331
6.998275
-6.954870
6.985188
-6.980350
-6.873940
-6.957857
-6.980874
6.983898
-6.933290
-6.967138
6.977295
-6.980212
-6.994169
6.987898
-6.960924
-6.988136
-6.961709
6.991817
-6.966313
-6.944136
-6.972638
6.979969
-6.986797
6.980004
6.995560
-6.992112
-6.943713
6.948717
-6.949538
-6.964480
6.978515
6.968120
-6.989802
-6.911222
-6.948424
6.969126
-6.947204
6.963088
-6.995599
-6.972496
-6.986487
-6.986045
-6.654207
-6.990646
6.969757
6.967284
-6.984165
6.972158
6.948654
-6.963427
-6.957254
-6.959007
-6.965893
-6.970044
-6.971029
-6.994916
-6.994192
-6.974342
6.962289
-6.984163
-6.974218
6.996305
6.991084
6.962483
6.968618
6.879337
6.960470
6.951055
6.983626
6.956629
6.930112
6.959461
6.994448
6.991238
6.967791
-6.977644
6.990446
-6.968112
-6.974758
6.958915
6.940804
-6.959059
-6.983964
-6.968700
-6.948368
-6.965479
-6.961152
-6.951678
-6.993805
6.965253
-6.998223
-6.974353
6.982481
-6.973455
6.978523
-6.994735
6.968701
6.950027
6.980341
6.914141
6.985504
-6.989857
-6.959826
-6.984197
-6.995460
6.982764
-6.984284
6.999558
-6.940908
6.972982
6.983995
-6.972865
-6.960059
-6.945019
-6.964411
6.950885
-6.982635
-6.958042
-6.945181
6.997935
6.973109
6.956670
6.982166
6.971823
6.990640
-6.975306
6.991467
-6.889615
6.965682
-6.950596
6.926759
6.984973
6.971148
6.990593
6.992993
6.990397
6.984342
6.941504
-6.995407
6.969544
6.997458
6.994181
-6.978278
-6.988402
-6.984213
-6.962358
6.977776
6.933125
-6.976357
6.974383
6.976156
-6.979795
-6.962286
-6.976539
-6.965405
-6.996299
-6.960018
6.962376
-6.962883
6.971359
6.967262
-6.978651
-6.940374
6.973126
-6.934465
-6.994482
-6.936842
-6.961718
-6.950800
-6.994394
6.964898
-6.984566
-6.958846
6.976469
-6.984243
-6.958548
-6.993190
6.945019
6.988835
6.993460
-6.969167
6.965416
6.994860
-6.628157
6.986096
-6.961413
6.969536
-6.971311
6.992331
6.979065
-6.993699
6.916202
6.898774
-6.964042
6.985460
6.974388
-6.977485
6.997578
6.977966
-6.989076
6.954993
6.976976
6.983766
6.959727
6.952353
-6.922183
-6.966043
6.958221
6.994998
-6.952385
6.991717
-6.954992
-6.986980
-6.980455
6.982646
-6.946399
-6.927041
-6.982354
6.960223
-6.969478
-6.950260
6.988920
-6.984861
-6.982023
6.981886
6.958873
-6.981104
-6.963907
-6.967541
-6.964649
6.967861
6.972419
-6.982242
6.969195
-6.968366
-6.957988
-6.982288
-6.966121
-6.977632
-6.969997
-6.973354
6.815065
6.987195
-6.987201
-6.969590
-6.958171
6.970154
6.994500
-6.977740
-6.979270
6.955055
6.954632
6.989279
6.976894
6.987302
6.965677
-6.927662
-6.961826
6.979096
-6.941453
-6.995577
-6.900135
6.993871
-6.979557
-6.984994
6.992844
6.953725
-6.894755
-6.974864
-6.967522
-6.978000
-6.967635
6.990957
6.960008
6.955227
6.965485
6.977030
-6.969185
6.983371
6.982563
-6.946629
-6.975404
-6.939994
-6.973986
-6.993222
6.981454
6.992031
-6.966907
-6.986012
-6.971680
-6.984052
6.971566
6.960795
-6.982107
6.960909
-6.932060
-6.962863
-6.981655
6.992287
6.964741
6.967862
6.938495
-6.994165
-6.936756
-6.966856
-6.987538
6.941655
6.980933
-6.978538
6.956495
-6.997041
-6.976806
-6.981772
6.984952
6.979573
6.994744
6.979316
6.991088
-6.976176
6.981237
6.993629
-6.950562
6.993014
-6.957035
-6.958372
-6.964498
-6.998261
6.974771
6.979829
-6.688534
-6.964841
6.988855
-6.955954
-6.958025
6.980982
-6.990424
6.940081
-6.978942
-6.966779
6.952832
6.916780
-6.987360
-6.967722
-6.960201
6.987563
6.972378
6.992210
-6.970728
-6.958789
6.998085
6.996684
-6.827748
-6.960367
-6.967405
-6.978451
6.964268
6.950404
-6.965672
6.983030
-6.965369
6.960395
-6.950434
6.973648
-6.966577
-6.962339
6.982788
6.975049
-6.986537
6.990698
6.953180
6.993323
6.976154
6.953283
6.951927
6.981389
6.968004
6.954169
-6.994474
-6.961404
-6.982654
6.957293
-6.959314
6.963712
6.979813
-6.994714
6.988819
-6.988614
6.988433
6.981661
-6.974294
6.995478
6.979362
6.973189
6.973323
6.964886
6.962097
6.966452
6.960352
6.963935
-6.982066
-6.906504
-6.965658
-6.962828
6.982072
-6.983193
-6.963286
-6.960783
6.972171
6.977407
-6.963754
6.976411
-6.944847
-6.955817
-6.963744
6.997572
-6.982768
-6.901451
-6.961232
-6.973163
6.940910
-6.967383
-6.988174
6.962996
-6.924612
-6.969989
6.975392
6.938094
6.971520
-6.970883
6.947544
-6.950131
-6.916843
-6.949791
6.995044
-6.977757
6.987409
-6.947766
-6.986488
-6.954507
-6.957163
6.963182
6.973843
-6.962344
6.954034
-6.993909
6.992391
-6.989307
6.972239
-6.957768
6.957764
6.971537
-6.946768
6.957913
6.980361
-6.971928
6.976222
-6.972199
-6.979240
6.919958
-6.940779
-6.969827
6.949549
-6.993367
6.958980
-6.983431
-6.960139
-6.983277
6.964229
-6.998352
-6.971677
-6.940901
-6.971421
6.973637
-6.944246
-6.982639
-6.953252
6.945798
-6.994055
-6.978683
-6.984782
-6.951601
-6.940519
-6.967455
-6.982312
-6.992642
-6.979637
6.969142
-6.981116
-6.995093
-6.980135
6.949144
-6.985425
6.986476
6.990008
-6.987661
-6.939814
-6.867820
6.992001
-6.971025
6.966868
-6.981997
6.976186
6.979111
-6.911078
-6.968462
-6.954094
-6.990305
6.985976
6.979502
6.966855
6.974947
6.958652
6.988204
6.983699
6.978541
-6.993130
-6.970048
6.995252
-6.998561
6.982860
-6.955732
-6.984417
-6.952995
6.985671
-6.961014
-6.974980
-6.967562
6.952009
6.975611
-6.927256
6.982269
6.987170
6.980014
-6.990920
-6.996925
-6.960699
6.987999
6.983749
6.967954
-6.977702
-6.963423
6.945230
6.992439
6.970961
6.978386
-6.964689
-6.949220
6.991199
6.982878
6.975748
-6.936314
-6.991576
6.983142
-6.993344
6.952811
-6.972629
-6.992696
-6.975213
6.969439
6.979549
6.932846
6.984209
-6.945730
-6.986571
-6.995484
-6.970217
-6.977792
-6.986157
6.972004
-6.972048
6.912204
6.926950
-6.990427
-6.969213
6.978456
-6.972236
6.985116
6.935564
6.975011
6.933737
-6.976948
-6.973944
6.958499
-6.965011
6.952872
-6.978363
-6.966258
6.967660
-6.988684
6.967263
6.955828
6.977808
-6.990415
6.981012
6.998126
6.962461
6.987582
-6.964266
-6.943683
-6.968116
6.973577
6.977683
-6.940036
-6.968486
-6.961779
6.964289
6.974695
-6.963483
6.970125
6.997742
6.939127
6.972995
-6.991796
6.979484
-6.951988
-6.976952
6.986759
-6.967520
6.987343
-6.979072
-6.959708
-6.995854
6.952939
6.996504
-6.992399
-6.975840
6.966153
6.947323
-6.931589
-6.991239
6.955943
6.946607
6.991928
6.973813
6.984982
-6.989690
-6.946127
-6.995132
6.941003
6.967371
-6.974972
6.987076
6.936207
6.979091
6.989096
6.972707
-6.997500
-6.916375
6.976262
6.950130
6.996370
-6.952755
-6.978064
6.963167
-6.938636
6.982366
6.992588
6.956189
6.971372
6.973544
-6.998223
-6.957420
-6.989265
6.962888
-6.965324
-6.998069
-6.972314
6.980331
6.948276
6.990425
-6.976701
6.974706
-6.985675
6.994136
6.953002
6.997863
6.948606
-6.968335
6.992317
6.989451
6.988909
-6.951389
-6.949917
6.972891
6.986608
-6.974348
-6.964853
-6.945409
6.943250
-6.944250
-6.988988
-6.972190
6.961774
-6.991590
-6.973871
6.947797
-6.981421
6.971834
-6.972550
-6.992133
6.992683
6.955326
-6.996221
6.986039
6.923479
6.998495
6.972579
6.961650
-6.903718
6.980267
6.982267
6.960864
-6.966641
6.976948
-6.977392
-6.997871
6.959380
6.983095
6.976621
6.944976
-6.987503
-6.984567
-6.928722
-6.965264
-6.949186
6.959619
-6.966442
-6.779056
6.913017
6.982316
-6.981904
-6.973619
-6.987680
-6.973694
6.951087
6.962627
6.969309
-6.940045
-6.968072
-6.954046
6.978246
-6.974714
6.897143
6.977497
6.977272
-6.987016
-6.996968
6.995649
6.988105
6.958777
6.950510
-6.970313
6.965083
-6.978140
6.971651
6.955325
6.988484
-6.914730
-6.993336
6.972136
-6.973715
-6.989548
-6.992788
-6.979574
-6.969359
-6.989963
6.960524
6.961725
-6.977041
6.999068
-6.959607
-6.996527
-6.916141
6.951695
6.997097
6.966691
-6.969183
-6.990515
6.967711
6.981717
-6.995226
6.963926
-6.957604
-6.992275
6.946723
-6.929295
6.974190
-6.970307
-6.976931
-6.961232
-6.962801
6.967837
6.980988
-6.984167
6.983945
6.964130
6.991114
-6.989205
-6.904842
6.987385
6.959783
6.978438
-6.990900
6.925758
6.970098
6.970231
-6.985033
-6.977249
6.943775
6.991322
6.991232
6.955457
-6.950048
-6.980980
6.983244
-6.983578
-6.820173
6.959117
6.972977
-6.957698
-6.928388
6.933062
-6.935442
6.988480
-6.952353
6.958921
-6.986659
6.975180
-6.948445
-6.971714
-6.980459
-6.978632
-6.987931
-5.394012
-6.949575
6.967085
-6.999298
6.913337
6.997237
6.958472
-6.992100
-6.985117
-6.969014
6.979973
6.968966
6.956804
-6.975845
-6.977484
-6.843504
-6.975911
-6.934677
6.966559
-6.986772
-6.999049
6.984609
-6.985028
-6.970436
6.994331
-6.960891
6.947906
-6.962385
-6.959520
6.982014
6.981049
-6.953261
6.959459
6.952142
-6.995791
6.968802
6.942214
6.974871
6.991890
-6.963723
6.975648
-6.981944
6.975854
-6.988351
-6.972655
6.953633
-6.997813
-6.967280
-6.944119
-6.985582
-6.970070
6.963653
-6.971153
-6.970461
-6.962094
6.959826
6.982004
6.972697
6.961479
-6.984330
-6.968758
-6.971038
-6.975102
6.991269
6.960430
-6.959287
6.967386
6.930425
-6.928565
6.981868
-6.979482
6.947600
-6.990884
6.967622
6.896788
-6.967698
6.936524
6.986275
6.932323
-6.938921
-6.976792
-6.899440
-6.969737
-6.962559
-6.996598
6.985780
6.967452
6.978689
-6.966705
-6.946234
-6.988825
-6.968699
6.961763
6.974396
6.973142
-6.967546
-6.995940
6.984298
-6.959053
6.954400
6.989000
6.985781
-6.979595
6.983790
6.997489
6.918085
-6.984093
6.977676
-6.984405
6.951109
6.957677
6.994978
-6.988059
-6.983856
-6.970275
6.970119
6.955832
6.988777
-6.983640
-6.984175
6.983921
-6.984694
6.987104
-6.953916
6.987974
6.976624
6.994693
-6.995798
6.969796
-6.935556
6.962687
6.980316
-6.984615
6.993630
6.958684
-6.931853
6.956986
6.970065
-6.957350
-6.987839
6.963014
-6.971940
6.940816
-6.943695
6.979467
6.986017
-6.948997
-6.984647
6.961258
-6.982931
-6.969928
6.995731
-6.963821
-6.967643
6.977700
-6.986414
6.962944
-6.984112
6.976411
6.988799
-6.969442
6.981623
6.947518
-6.992781
6.961164
-6.954619
6.980793
-6.997129
6.952719
-6.931036
6.997641
6.990422
-6.948319
-6.992845
6.982610
-6.976631
-6.980320
6.970056
6.979974
-6.988717
6.996302
-6.979543
6.956032
6.979837
-6.975195
-6.952917
6.969781
6.990460
-6.981404
-6.990140
-6.995411
-6.943883
6.994481
6.985006
6.963033
-6.960116
-6.943793
-6.950066
-6.958787
-6.962376
6.983215
-6.984516
-6.961100
6.984227
6.980515
-6.980903
6.985782
6.983465
-6.986225
6.993210
6.986174
-6.980672
-6.955903
-6.946883
6.975049
6.987002
6.994755
-6.882904
6.962126
6.950420
6.990524
6.983801
6.994600
-6.967259
-6.993736
6.955318
6.950863
6.974313
6.987277
-6.971998
6.996387
-6.996863
6.983798
6.966540
6.987210
6.952382
-6.972118
6.995618
-6.963630
-6.945074
6.964368
-6.984802
6.986337
6.991081
-6.971093
-6.952255
6.959628
6.988174
6.984469
6.957224
-6.992660
6.961211
6.993572
-6.986619
6.973812
-6.972570
-6.926677
6.976205
-6.966432
-6.953337
6.999289
6.981941
6.971202
6.975572
-6.939763
6.970211
-6.975467
6.971923
-6.968015
-6.951662
-6.981015
6.991411
6.961312
-6.991408
6.968508
6.984822
-6.962187
6.968965
-6.987205
-6.990595
-6.967516
-6.979109
-6.983391
-6.981910
-6.946749
6.992495
6.978741
-6.979381
-6.967743
6.987469
6.954597
-6.972567
6.958492
-6.951913
-6.928711
6.955231
6.978180
-6.973071
-6.995542
-6.987903
6.968784
6.945482
-6.969404
-6.912802
6.956493
-6.997219
6.991921
6.953837
6.991914
-6.891947
6.944754
-6.978635
-6.962334
6.997204
6.983020
-6.954412
-6.967705
-6.959224
6.969901
6.943252
-6.955164
-6.977338
6.973444
6.954636
6.965047
6.995092
6.975759
6.986407
6.955100
-6.966502
-6.961626
-6.918036
-6.995756
6.970718
6.985064
6.977779
-6.973010
6.940595
6.970107
6.981312
-6.956251
-6.979263
-6.978766
6.959681
-6.967503
-6.989437
6.935549
-6.957386
-6.939068
-6.976926
-6.981620
6.970966
6.966357
6.991389
6.983857
-6.953780
6.985383
-6.982805
6.969909
6.976663
6.969523
-6.983507
-6.965947
6.963051
-6.971439
6.956655
-6.978337
-6.970496
-6.997376
-6.996863
-6.994791
-6.970090
6.944367
-6.988933
-6.971938
-6.983867
6.986404
6.954579
-6.954427
-6.993214
6.981912
6.975323
-6.984546
6.990895
6.976433
6.976720
6.955573
6.999019
6.996210
-6.956555
-6.999330
6.977018
6.983809
6.971554
6.975225
-6.963717
-6.976958
-6.993780
6.976180
6.980323
-6.936285
6.981704
-6.968613
6.952866
-6.957764
-6.976897
6.977407
-6.984221
-6.984060
-6.977253
-6.974902
-6.995574
-6.975969
6.955481
6.958288
-6.955288
-6.940998
-6.960477
-6.976174
6.959065
6.945904
-6.986635
-6.971538
6.875071
6.969720
6.958626
6.883133
-6.840810
6.949164
-6.962360
-6.983060
6.972739
6.974901
6.985504
6.957309
-6.945313
-6.982678
6.971344
-6.972252
-6.947336
6.921490
6.973017
-6.950025
-6.971975
-6.990550
6.977979
6.984216
6.989121
6.986192
-6.970067
6.985718
-6.960096
6.993767
-6.979320
-6.949335
6.996465
6.931359
-6.950274
6.972348
-6.990569
6.974123
-6.996136
-6.981671
-6.932004
-6.965596
-6.995620
-6.918453
6.974701
-6.999205
6.992665
6.977778
6.970206
6.968016
-6.964241
-6.975415
6.975505
-6.988859
-6.996353
-6.991554
6.887530
6.989227
6.957146
-6.973511
6.978252
6.966511
6.958098
6.953042
6.972030
6.996923
-6.936899
-6.968534
6.985251
-6.928106
6.978729
6.975031
6.954148
6.999187
6.984171
6.954541
-6.979853
6.989283
6.981030
-6.953013
6.964392
-6.979431
-6.960464
-6.956594
-6.970585
-6.944972
-6.976433
6.976668
-6.995062
6.948394
-6.974403
6.829186
6.994225
-6.990647
6.973292
6.965262
-6.925679
-6.979632
6.957827
-6.951587
6.984848
6.961137
6.954992
6.994109
6.956262
-6.981651
6.980601
6.992197
6.969147
-6.946330
-6.980455
-6.953792
6.982117
-6.990651
6.893462
-6.977020
6.986773
6.972374
6.955238
6.997803
6.959859
-6.970750
-6.987718
-6.959129
-6.960246
-6.970594
-6.974196
-6.975698
-6.973115
6.952357
6.978844
-6.977126
-6.996202
-6.935717
-6.992432
-6.989500
6.989264
-6.955068
6.984964
6.961963
-6.993242
-6.946350
-6.973397
-6.994005
-6.969974
6.956596
6.985364
6.992054
6.951250
-6.980494
-6.906185
-6.988929
-6.984850
-6.989197
6.968585
-6.972507
-6.964485
-6.963211
-6.991772
6.962095
-6.978837
6.998618
6.964970
6.975037
-6.952918
-6.959983
6.955721
-5.680058
6.961347
-6.995342
-6.981104
-6.988107
-6.983318
-6.959135
6.975932
-6.996686
6.956803
-6.976205
6.960235
-6.983111
-6.960969
-6.893063
6.998894
-6.973213
6.959174
-6.976215
-6.973498
-6.961001
-6.971116
-6.939817
-6.951199
6.956342
-6.398308
6.979349
-6.917072
6.980772
-6.993521
6.983019
-6.992619
6.955052
-6.975930
-6.967710
-6.966793
6.955895
6.996725
6.976634
-6.941064
-6.991335
6.983454
-6.993067
-6.987447
-6.921284
-6.968183
6.989178
6.973493
-5.846090
6.962575
-6.942452
6.984926
-6.939508
6.963140
-6.965503
6.969745
6.984743
6.972226
-6.928644
6.961566
-6.984256
-6.996669
6.973629
6.976661
-6.968220
6.994803
-6.964237
6.980851
6.969538
-6.814352
6.989358
6.951127
-6.996113
6.961470
-6.958744
6.921977
6.966526
6.868947
-6.966330
6.872359
-6.956815
6.986982
6.980073
-6.930994
6.997096
6.993475
6.989286
6.977702
-6.958328
6.960030
6.959551
6.993393
-6.985252
6.918780
-6.996883
-6.987125
-6.948194
-6.961439
-6.959174
6.990682
6.993466
6.961284
-6.990891
-6.969373
6.990605
-6.992512
-6.990286
6.958964
6.960903
-6.989252
6.990746
-6.966099
-6.985371
-6.955081
6.985522
-6.984435
6.994327
6.963656
6.997083
6.962849
-6.955493
-6.997719
-6.974621
-6.984901
6.987789
-6.939614
6.957845
6.978969
-6.987306
6.965307
-6.984813
6.958582
-6.931284
-6.952972
6.955477
6.931449
6.992052
6.991608
-6.963831
6.997983
6.967646
-6.983410
6.945374
6.944620
-6.959984
6.971637
6.956229
6.971671
-6.942909
-6.975240
-6.992087
6.962388
6.993568
-6.970365
-6.952696
6.978517
6.998010
-6.993062
-6.982159
6.957694
-6.963623
-6.883674
6.980577
-6.995031
6.976415
6.992869
-6.964521
-6.989973
6.776479
-6.960418
-6.930290
6.915610
6.988397
6.997071
6.982927
-6.992301
6.985741
6.989827
-6.971507
6.964222
-6.997927
-6.956480
6.980310
-6.965031
6.967253
-6.941914
6.861285
-6.984793
6.985546
6.971677
-6.955740
6.972446
6.959067
-6.983189
6.989043
-6.943086
-6.956092
-6.974922
6.933455
-6.967204
6.991728
-6.987887
-6.956966
-6.984329
6.985253
6.954874
6.944173
-6.921894
6.963484
-6.975240
6.964663
6.992611
6.974311
6.963841
6.955116
6.966750
-6.994159
-6.991538
-6.974341
-6.969759
6.944901
6.914323
6.973910
6.983318
-6.975904
-6.958483
-6.967399
-6.891693
-6.945618
6.943605
6.993874
6.977003
-6.990315
-6.943167
6.952527
-6.981494
6.995647
6.927614
6.992994
-6.952683
6.963067
6.990484
6.991082
-6.955174
6.956427
6.955917
-6.908781
6.973033
6.983416
-6.985845
-6.935050
-6.983288
6.940449
6.973964
6.979147
-6.988306
-6.995752
6.912140
-6.916952
-6.969633
6.955959
6.982774
-6.950769
-6.982000
6.963121
-6.972385
-6.958888
6.917021
-6.979054
6.988048
-6.887472
-6.997202
-6.986027
-6.960290
6.963125
6.959791
-6.976125
6.969936
6.965868
-6.984578
6.990257
-6.982761
-6.979532
-6.959647
-6.974808
6.966908
6.984787
6.970035
6.975573
6.822108
-6.979905
6.961820
-6.992258
-6.961850
6.973392
-6.912688
6.963517
6.978341
6.943528
-6.950482
-6.982766
-6.996976
6.982955
-6.957329
-6.953419
6.983749
6.973519
6.989120
6.964562
-6.951087
-6.955114
6.951104
-6.966641
-6.969961
-6.993124
-6.974296
6.975643
6.974045
-6.971079
-6.998962
-6.958118
-6.971300
6.928253
6.954331
-6.997723
-6.960369
-6.947130
6.943331
-6.982579
6.990864
-6.982335
6.978349
-6.976681
-6.978009
6.980157
-6.965002
-6.977842
6.988305
5.640441
6.915125
6.961751
6.977092
-6.981833
6.986980
-6.973724
-6.977559
6.401828
-6.987100
6.907975
-6.985140
-6.991360
6.979308
6.988916
-6.135997
-6.994192
-6.930926
-6.993322
-6.988622
-6.993153
-6.919295
6.948602
-6.993546
-6.978849
6.964873
-6.964259
6.990692
6.977766
-6.959464
-6.986610
6.945193
-6.997704
-6.991571
-6.997987
-6.891064
6.977010
6.735902
-6.984137
-6.994813
-6.981824
6.990131
-6.997117
-6.964570
6.913885
6.998310
6.978590
-6.960037
6.984173
-6.927141
6.953705
6.977424
-6.969880
6.967007
-6.975606
-6.984579
-6.993125
6.999241
-6.988675
-6.952448
6.965151
6.995463
-6.998177
6.979640
-6.981023
6.962523
6.964067
6.985213
-6.974633
6.906150
-6.951444
-6.948796
-6.964542
-6.867389
-6.991980
6.979724
6.933262
6.991835
-6.964199
6.971409
-6.980470
6.995939
6.900540
6.970020
6.984557
-6.996519
6.979982
6.967135
6.950691
-6.949254
6.964278
6.921141
-6.955944
-6.968585
6.986665
6.956714
6.958858
-6.947114
-6.954777
-6.976572
-6.973196
-6.976104
6.987307
6.975509
6.947121
-6.984943
-6.979087
6.984633
6.987390
-6.984631
-6.978908
-6.961776
6.996473
6.966505
-6.960654
-6.979972
6.957872
-6.989381
6.995631
6.959118
-6.983578
-6.859303
-6.981546
6.997800
6.909495
-6.977385
6.987708
6.979969
-6.947739
6.990077
6.954929
6.966742
6.966275
-6.967062
-6.977914
6.961713
6.980492
6.939585
6.982802
-6.984753
6.957373
-6.960216
-6.986142
6.964182
-6.968204
-6.967236
6.965361
6.950326
-6.954320
6.975204
6.968498
-6.957693
-6.963680
-6.959758
-6.985934
6.987554
6.982298
6.964621
-6.966393
6.954927
6.996631
6.995394
6.982977
6.994136
6.989440
6.973076
-6.943094
-6.963409
-6.945366
6.950024
6.980542
-6.992856
-6.974793
6.983418
6.996153
-6.965978
6.989536
-6.963977
-6.979498
6.947098
6.948781
6.999218
6.996334
-6.977503
-6.975575
-6.995427
6.969628
6.954744
-6.992936
6.971835
6.971576
-6.998104
-6.985056
6.922338
-6.947779
-6.985110
6.973307
-6.989492
6.978194
6.983841
-6.982642
-6.973791
6.963364
-6.981411
-6.918081
-6.996912
6.950558
-6.965195
6.965875
6.970018
6.970747
-6.983400
6.976780
-6.982105
-6.991816
6.960761
-6.963630
-6.973999
6.983948
6.972616
6.996729
-6.974022
6.978729
-6.981711
6.979853
-6.992648
-6.992770
-6.995455
-6.965617
-6.944942
-6.927070
-6.964360
-6.971569
-6.989633
6.966451
-6.990771
6.988931
-6.953994
6.989984
6.950889
-6.993326
6.967696
-6.968045
-6.998228
-6.996546
6.994842
-6.960160
6.969902
-6.705627
6.963837
-6.989554
6.977182
-6.990649
6.978127
-6.980336
-6.992195
6.995503
-6.991705
6.968395
6.967577
-6.981951
-6.993086
-6.977684
6.983774
-6.952151
6.969847
6.969551
-6.955035
-6.740232
-6.976798
6.955101
6.992357
6.990877
6.993477
-6.990568
6.962860
-6.986905
-6.981125
-6.951646
-6.985852
-6.975184
6.942847
6.962433
-6.934684
6.979488
6.958955
6.981647
-6.991907
-6.942763
6.968158
-6.986599
-6.995324
-6.944132
-6.955887
6.987186
6.967627
-6.951225
-6.967033
-6.974671
6.969573
6.960267
-6.971841
-6.971682
-6.978907
-6.953021
-6.988234
-6.953372
-6.954511
6.975937
-6.988181
6.990915
-6.993555
-6.997899
-6.996441
6.937006
-6.971531
-6.948305
6.996172
-6.994153
-6.984137
6.981525
6.990270
6.975173
-6.977560
-6.976809
-6.947261
-6.988610
6.981422
6.987341
6.990604
6.956332
6.966107
6.943950
-6.947293
6.981930
6.960349
-6.970110
-6.885708
6.977201
-6.986629
-6.951160
-6.987002
6.965071
-6.980389
-6.999697
-6.991557
6.992951
-6.999139
-6.988851
6.961598
6.982987
6.970822
6.992238
-6.963365
6.963410
-6.981063
6.962914
-6.988807
-6.967693
6.974962
-6.946548
-6.975284
-6.948376
-6.991381
6.970217
-6.915534
-6.977375
6.980219
6.951074
-6.986528
6.982775
-6.980098
6.979670
-6.996375
6.959053
6.984317
6.974741
-6.967503
-6.960782
-6.961151
6.997769
-6.955314
6.973546
6.983005
6.988083
6.958319
-6.944442
-6.988845
6.968517
6.987716
6.977378
-6.953020
6.949017
6.996842
6.948790
6.962147
-6.977492
-6.959503
6.980281
-6.987474
6.953626
-6.994482
-6.976489
-6.981939
-6.981740
6.986742
-6.994813
6.974386
-6.977904
-6.972235
-6.949667
-6.982043
-6.993559
6.970263
-6.954923
6.997195
-6.956978
-6.996663
6.969289
-6.988806
-6.983257
6.950495
6.958207
6.886929
6.962341
-6.959681
6.976738
-6.996013
6.997225
6.962237
-6.964983
-6.967785
6.614602
6.984047
-6.980411
6.987684
6.977112
6.966196
-6.978681
-6.983018
6.959975
-6.981030
-6.852575
-6.988758
-6.978077
6.992670
-6.916349
-6.974266
6.952322
6.958200
-6.969189
-6.962781
6.970050
6.975266
-6.944606
6.999605
6.977554
6.975184
-6.987828
-6.987905
6.988433
6.974253
6.996985
6.977847
-6.910955
-6.971571
6.948104
6.989326
6.998707
6.976993
6.959019
-6.959354
6.977336
-6.991110
6.923483
-6.988948
-6.958518
6.982517
6.971100
-6.974966
6.978503
-6.986986
6.961552
-6.999544
-6.967597
-6.984100
6.949588
-6.950575
-6.927443
6.985554
-6.996492
6.973745
6.982429
6.953688
-6.983730
-6.972133
-6.970106
6.980964
6.976728
6.992722
6.986835
-6.968981
6.980015
6.957670
6.975965
6.976400
-6.190531
6.974031
-6.986934
6.962070
-6.912283
-6.990095
6.988633
-6.965975
6.995657
-6.969542
-6.983095
6.985271
6.973194
-6.987054
6.946277
-6.946645
6.965088
6.970239
6.691525
6.973992
6.937383
-6.969096
-6.991818
-6.975116
-6.992733
6.974722
-6.957253
6.973609
6.959322
6.985659
-6.952486
6.987413
6.984451
-6.987323
-6.979807
6.923972
6.955119
-6.953524
-6.958117
6.961952
6.934836
6.946680
-6.993588
-6.999209
6.985053
-6.945897
-6.984577
-6.992293
6.973603
6.992308
6.998058
-6.968399
6.980250
6.971386
-6.982529
-6.988704
-6.871457
-6.985112
6.966763
-6.926447
-6.998367
-6.981592
-6.973496
6.973280
-6.993288
-6.901246
-6.995763
-6.984884
6.962683
-6.939030
6.978716
-6.979319
6.992872
6.991661
-6.976166
6.930407
6.987905
6.996163
-6.991073
6.991170
6.972711
-6.955240
6.913620
-6.961757
6.994288
6.996492
-6.974817
-6.993462
6.916257
6.982729
-6.967171
-6.984122
-6.993783
6.960501
6.994461
6.950269
6.980721
6.961434
-6.984373
-6.903964
-6.990538
6.990326
-6.985572
-6.998249
6.983601
6.980745
-6.991302
6.954993
-6.977418
-6.986845
-6.962789
-6.992212
6.975434
6.985296
6.980943
6.938543
-6.992717
-6.986540
6.972340
-6.964214
6.995191
6.971802
-6.964266
6.977755
-6.997627
6.946984
-6.983283
-6.981613
6.944557
6.955258
6.991572
6.976976
6.960393
6.995881
-6.996248
6.983828
-6.994767
6.960039
6.968078
-6.995751
6.992955
-6.972451
-6.791246
-6.960755
6.928057
-6.945225
6.962527
6.948673
-6.963646
-6.926381
-6.981139
-6.971448
-6.954909
6.964638
-6.991489
6.973496
-6.967177
-6.995409
-6.988205
-6.945879
-6.982770
-6.995051
6.946390
6.876383
6.987461
6.921042
-6.967047
-6.976332
-6.977015
6.960560
-6.970450
6.981146
6.960378
-6.973762
-6.969140
-6.927956
6.942553
-6.967309
-6.992206
6.985015
-6.975321
-6.961410
6.981054
6.967108
6.953503
6.921013
-6.965640
6.952221
-6.950823
6.952224
-6.969345
6.981391
6.962948
-6.997243
-6.887528
-6.991142
-6.977605
6.982018
-6.964549
-6.924562
6.955990
-6.976051
6.979238
-6.994991
6.983596
-6.973293
-6.986682
6.962113
6.976644
-6.979201
-6.974266
-6.959690
6.008111
-6.975067
-6.984147
-6.975468
6.937607
-6.975884
6.954558
-6.993511
-6.978138
6.952577
6.982946
-6.922075
-6.973462
6.958453
-6.989034
6.989095
-6.946365
6.971634
6.980200
6.975115
-6.962008
6.998189
-6.982371
-6.976509
6.952005
-6.972713
6.961851
-6.986487
6.996123
-6.972246
-6.986045
-6.963321
-6.971891
-6.978925
6.985845
6.956470
-6.960433
6.978580
-6.996712
-6.970333
6.940542
-6.977214
6.999732
6.978673
-6.984073
6.979257
-6.998919
-6.966173
-6.998412
6.952658
6.980589
6.986076
-6.906817
-6.972714
-6.973896
-6.983355
6.956511
6.964892
6.978174
6.990620
6.930298
6.978684
6.973059
-6.977222
6.994873
6.988769
6.967964
6.982738
-6.972928
-6.985423
-6.989013
6.983055
-6.977829
6.990299
6.960107
-6.952118
6.988023
6.966817
6.989525
6.975949
-6.972996
-6.858628
6.988663
6.933090
-6.996612
6.961208
6.980717
6.968737
-6.993100
6.886547
6.923545
6.969277
6.952076
6.974227
6.979357
6.968470
-6.956048
6.928217
-6.996148
-6.978911
-6.990191
-6.959694
6.985452
-6.977645
6.970855
-6.977843
6.999039
6.971188
6.993882
6.967777
6.945286
-6.981967
6.989670
-6.954772
-6.999250
-6.986101
-6.966606
6.965881
-6.961993
6.969597
-6.970877
-6.943331
-6.986428
-6.995892
-6.060164
-6.941821
-6.986761
6.976316
6.978864
6.973812
-6.983355
-6.964789
6.976186
-6.955769
6.955735
-6.697974
-6.963276
-6.956387
6.958208
-6.907749
-6.968295
6.966553
6.967603
6.970799
-6.371054
6.976531
-6.826137
6.999500
-6.979726
6.978690
-6.919997
-6.973030
6.964465
6.952523
-6.963881
-6.980283
-6.986668
6.984389
-6.964670
6.977645
-6.947762
6.980301
6.961158
-6.993650
6.992823
-6.946277
-6.974207
6.991796
-6.973551
-6.974426
6.959737
6.973793
6.961683
-6.985092
6.984538
6.980100
-6.968961
6.990695
-6.993864
-6.972284
6.963995
6.964569
6.989176
-6.970021
6.974554
6.970480
6.985226
-6.972827
-6.988525
-6.960585
-6.993965
-6.970373
6.993626
6.913453
-6.971858
6.965059
-6.973965
6.959637
-6.918259
6.983062
-6.935087
6.998938
-6.973210
6.941021
-6.965911
-6.986774
6.933695
-6.982543
-6.986832
6.989824
6.987274
-6.983402
6.968675
-6.993537
6.964301
-6.982957
6.919433
-6.989241
6.967281
-6.973866
-6.982053
-6.966268
6.967458
-6.977911
6.983842
-6.991061
6.960892
-6.967866
6.958570
-6.987017
-6.965359
-6.950296
6.986038
-6.960276
6.954754
-6.945111
-6.966046
6.997850
-6.961214
6.986988
-6.974013
-6.973915
-6.919608
6.986843
6.985684
-6.951349
-6.984944
-6.972088
-6.969175
-6.960153
-6.961384
-6.953383
6.971668
6.986689
6.955596
6.971032
6.996700
-6.955110
-6.970145
-6.989372
-6.965853
-6.920682
6.953777
-6.935765
-6.984983
6.986972
6.965817
-6.962096
-6.969911
6.999738
-6.928488
-6.984564
-6.990810
-6.986417
6.996723
6.941986
6.933422
6.961483
-6.961184
-6.967631
6.962842
-6.958002
6.990548
6.947539
6.963345
-6.963690
6.999244
-6.973507
-6.963076
6.990310
-6.945399
6.954803
-6.936615
-6.982422
6.967506
6.950640
6.959325
-6.977232
-6.975687
-6.973600
6.952648
-6.918102
6.994390
6.959894
-6.985808
-6.986863
6.934434
-6.975537
6.980097
-6.977994
6.956168
-6.958740
6.959921
-6.991936
6.963623
6.971240
6.956573
-6.978598
-6.983331
-6.978132
6.996988
-6.964965
6.982948
-6.955706
6.956015
6.927894
-6.977823
-6.988489
-6.951507
6.985619
-6.974793
-6.956793
6.997531
6.985685
-6.981672
-6.991199
-6.982994
-6.966546
-6.975575
6.993164
-6.991415
-6.990080
6.979009
6.962685
6.960582
-6.954972
-6.963786
6.990678
6.984222
6.976825
-6.982922
6.999172
-6.973844
-6.974712
-6.974835
6.988378
-6.993726
6.978416
6.969629
-6.980394
-6.991777
6.980000
6.807101
6.957108
-6.974612
6.967809
-6.984341
6.961878
6.995662
6.951187
6.969939
-6.960733
-6.990959
6.995539
6.979101
6.975332
-6.986480
-6.982588
-6.985556
6.989120
-6.956910
-6.953780
6.996718
6.966472
-6.930636
6.943358
-6.983426
-6.994753
6.984059
6.941370
-6.958167
-6.995078
-6.980498
-6.957721
-6.986706
-6.933299
6.963043
-6.985254
6.973824
6.978808
6.934740
6.986950
-6.983746
6.994445
6.965254
6.972476
-6.950592
6.956110
6.971105
6.951113
6.958978
-6.971951
6.980582
6.968965
6.942158
6.986380
-6.866229
6.963402
-6.964036
6.980746
6.918627
-6.984024
6.957376
-6.989100
-6.944134
6.968558
-6.990330
6.958686
-6.992290
6.973095
6.984466
-6.981815
-6.986247
-6.971101
-6.991818
6.997355
-6.968598
-6.983433
-6.917335
-6.967047
-6.965490
-6.968313
6.965188
-6.964969
-6.968375
-6.996958
6.956845
-6.939205
6.956200
6.962506
-6.979844
6.982731
6.993511
6.985042
-6.961751
-6.977171
6.993652
-6.981943
6.984176
-6.992916
-6.987044
-6.983467
-6.980579
6.980103
-6.998805
-6.863494
-6.981280
6.802574
-6.983711
-6.988078
-6.973977
-6.973252
-6.996159
6.976881
6.977767
-6.974868
6.989587
6.988899
6.986420
6.941720
-6.979962
-6.980860
6.976986
-6.877445
-6.927079
-6.994948
6.992862
-6.950036
6.950258
6.996029
-6.954945
6.996805
-6.981513
6.961220
-6.940796
6.990516
6.953631
-6.975223
-6.971605
-6.970717
6.992020
6.954834
-6.934757
-6.980576
6.978426
6.962969
6.968598
6.977584
-6.991276
6.991664
6.995635
-6.963345
-6.993870
6.996385
6.954906
-6.995073
6.956363
-6.970117
-6.985361
6.988857
-6.941196
-6.923515
-6.957117
-6.995256
6.973073
6.991814
-6.973148
-6.996311
6.917460
-6.984011
-6.955567
-6.995285
-6.987061
6.939714
6.982771
-6.992023
6.995779
6.943940
6.954143
6.971118
-6.992313
6.958844
-6.942787
-6.923687
-6.937512
-6.993389
6.994656
-6.947731
6.987681
6.976745
6.985994
6.962678
-6.969894
-6.980284
6.949788
6.988321
6.972438
6.959115
-6.995751
-6.999506
6.990059
-6.947595
-6.967301
-6.990170
6.980077
6.976017
-6.973385
-6.985593
-6.991296
-6.997135
-6.993138
-6.953107
6.980133
6.964153
6.979580
-6.951802
6.966807
-6.966886
6.965099
6.955216
-6.968306
-6.979123
6.996370
-6.980181
-6.973007
-6.956425
-6.970840
6.981122
-6.979116
-6.970050
-6.985176
6.986622
-6.970750
-6.987588
-6.994966
6.911722
6.973016
-6.943360
-6.986720
6.998006
6.966134
6.966738
-6.984676
-6.972970
6.970659
6.936564
-6.977988
6.983281
-6.960267
6.782395
6.989961
6.988277
-6.970266
-6.986871
-6.991967
6.994373
-6.970985
6.935232
-6.973717
6.995356
-6.987970
6.959672
6.976847
-6.983018
6.994545
6.949758
6.990568
-6.952981
-6.973453
6.959601
-6.926035
-6.792744
6.951407
6.947872
-6.976896
-6.982529
-6.984048
-6.986952
-6.995471
6.932708
-6.978183
6.991667
-6.964067
6.974689
-6.988145
6.987131
6.978061
-6.971647
-6.984191
-6.992460
6.962720
-6.976489
6.967822
-6.972797
6.950397
-6.959952
-6.991716
6.998504
6.987417
-6.943123
6.954748
-6.978980
6.964265
6.954960
6.959694
6.982821
-6.984427
6.996957
6.985118
6.997509
-6.962177
-6.946424
6.998569
-6.985366
-6.989147
-6.960909
6.968305
-6.969668
6.963558
6.995921
6.987377
-6.962993
6.985119
-6.965692
6.981984
6.995673
-6.994270
-6.933095
-6.985271
6.943612
-6.976183
-6.983484
-6.970601
-6.946041
-6.964030
6.975563
6.989933
6.977868
-6.986453
-6.979370
-6.965849
6.989020
-6.967791
-6.948613
6.970774
-6.932096
-6.942980
-6.952393
6.936883
6.986484
6.995388
-6.992885
6.955990
-6.975706
6.988960
6.978001
6.961355
-6.953282
-6.889437
6.984698
6.971108
6.963870
-6.962955
6.981456
6.973105
-6.954667
-6.965613
6.974841
6.952781
6.982077
6.976207
-6.970613
6.978818
6.963015
6.980846
6.996442
-6.942972
6.985359
-6.955253
6.975053
6.985650
-6.977260
-6.983895
6.986338
6.936075
6.969905
-6.993583
6.971100
6.984064
6.944349
6.983102
6.982397
6.930028
-6.957134
6.901914
-6.915661
-6.997192
-6.971102
6.964289
-6.959017
-6.943237
-6.990185
-6.988732
-6.967788
-6.997526
6.991561
-6.914533
6.959098
6.968503
-6.955860
-6.979400
6.983567
6.925351
-6.990452
-6.960448
6.992366
-6.965406
-6.966081
-6.981850
-6.973148
6.961378
6.995677
6.994834
-6.975792
-6.958673
-6.954690
-6.973277
6.994853
6.980492
-6.975534
6.971699
-6.993575
6.968005
-6.983656
6.957745
-6.973403
-6.892762
6.966971
6.976523
-6.973381
6.974504
-6.986368
6.927963
6.984473
-6.995683
-6.985829
6.982860
-6.980455
-6.905592
6.922998
-6.974910
-6.973636
6.978840
6.961807
-6.949443
-6.980549
6.934949
6.987061
-6.970495
-6.998898
6.920425
6.909321
-6.957353
-6.984410
-6.998934
-6.983609
-6.990319
6.979009
-6.963779
6.967108
6.970698
-6.974020
-6.967881
-6.963256
-6.970429
6.993687
6.945423
-6.986722
6.931994
6.963274
6.993301
-6.982257
6.988830
-6.980325
6.975844
-6.948719
6.980169
-6.996073
6.986836
-6.949857
6.995517
6.996972
-6.996626
-6.962959
6.982453
-6.947268
-6.962967
6.973600
6.984780
-6.942373
-6.957138
-6.915132
-6.992094
-6.997038
-6.989533
-6.992800
-6.986417
6.979834
6.989844
6.980625
-6.979343
-6.993050
-6.951250
6.991840
-6.991671
-6.888638
6.966178
-6.977614
-6.998745
-6.937890
6.988956
6.983955
6.992354
-6.995039
-6.993196
-6.994482
6.984512
-6.984374
6.976385
-6.989546
6.951730
-6.949313
-6.996843
-6.961351
-6.959333
-6.961341
-6.993924
6.754395
6.971589
-6.995111
6.961324
6.908457
6.993871
6.985120
-6.979217
-6.993011
-6.982443
-6.965400
-6.975747
6.983765
-6.986566
-6.987212
-6.971088
6.960759
-6.971374
-6.975579
6.988427
6.991545
-6.965505
6.944141
-6.962988
-6.997845
-6.982135
6.985279
-6.962043
-6.960599
-6.980956
-6.974184
-6.969056
-6.990363
6.988198
-6.996281
6.976284
6.951919
6.946233
-6.984891
-6.938913
-6.997799
6.993877
6.965895
-6.998989
-6.952277
6.963590
-6.944809
6.951687
-6.955114
-6.939876
-6.972800
6.947967
-6.970520
6.970129
-6.979339
-6.907820
6.971275
-6.972308
-6.947020
-6.977113
6.971878
-6.957322
-6.983622
-6.989481
6.961395
6.976496
6.994255
-6.980055
-6.963402
-6.964832
-6.982036
-6.921518
6.982478
6.939454
-6.978157
-6.907657
6.992688
6.975790
6.993599
-6.958681
-6.975170
6.945289
6.973957
6.954559
-6.942527
6.969054
-6.981164
6.968989
6.995360
6.970593
6.995000
6.994762
-6.991769
6.956966
6.953606
6.982466
-6.983565
6.975801
6.972472
-6.967694
-6.979689
-6.964535
6.954185
-6.985536
-6.995110
6.958610
6.945784
6.989648
-6.967863
6.958042
-6.976482
6.997033
-6.962137
6.971611
6.992800
-6.974297
-6.981633
-6.958670
6.956336
-6.943791
-6.989348
6.968525
6.972784
6.957419
6.945491
6.977107
-6.956503
-6.987728
6.927989
-6.978790
-6.995118
-6.972178
-6.990172
6.933184
-6.992008
6.931114
6.978571
-6.996184
6.967340
-6.983006
6.975009
-6.945123
-6.958443
-6.959172
6.960375
6.965116
6.994681
6.961657
6.952827
-6.965045
6.991844
6.984016
6.999685
-6.983828
6.987485
6.994711
-6.974064
6.991737
6.994545
-6.963165
6.990873
-6.986039
-6.957131
6.984773
6.986197
6.956542
6.985627
6.960386
6.962903
-6.971648
6.994813
6.978524
-6.978514
-6.980884
6.953836
6.990640
-6.928317
6.955230
6.968218
-6.984258
-6.988226
-6.986770
6.996257
-6.770171
-6.995525
6.994971
-6.957271
-6.961913
6.967362
-6.994849
6.953828
6.981154
-6.981757
6.984964
-6.986447
-6.962222
6.979367
6.972571
-6.966063
6.956908
6.970033
-6.984212
-6.987770
6.963613
6.989360
6.956242
-6.997238
6.997348
6.940255
6.993892
6.983031
-6.983899
-6.956538
-6.961530
6.976613
6.922435
-6.989766
6.964167
-6.994770
6.985359
-6.973157
6.987009
6.993877
-6.964274
-6.967139
-6.994610
-6.977735
-6.997223
6.967320
-6.978128
-6.970965
6.972378
6.982272
6.985826
6.982531
6.996917
6.991278
6.888657
6.985045
-6.981411
6.957030
6.972672
6.978108
6.915884
-6.997587
6.975689
6.958321
6.982780
6.966983
-6.981459
-6.964147
-6.978114
6.996833
-6.978119
-6.970901
-6.986170
-6.985140
6.991645
6.956238
-6.937078
6.957064
-6.997305
6.905035
-6.950540
-6.995199
6.996476
-6.943586
6.979073
-6.944514
6.960869
6.963353
-6.967452
-6.946571
-6.975149
6.981648
6.985248
5.772136
6.962570
-6.973744
-6.981705
6.970823
6.981564
6.954231
6.957015
6.951626
6.976394
6.977643
6.947515
6.987772
6.989130
6.976029
-6.985987
6.959334
-6.980327
-6.977162
-6.962533
-6.966262
6.938651
-6.980021
6.977261
6.980738
6.965908
6.967614
-6.970118
6.952720
-6.969080
6.994281
-6.971091
-6.968854
6.978250
-6.969657
-6.970850
6.966510
-6.967746
6.979811
-6.984589
-6.982328
6.996578
6.994503
-6.988674
-6.962631
-6.986027
-6.972518
-6.996633
6.987053
6.942644
-6.982110
-6.988429
6.945440
6.997288
-6.993420
-6.971900
-6.987597
6.994846
6.933335
-6.979512
-6.980289
6.987270
6.993156
6.974678
-6.977344
-6.972879
-6.980988
6.994309
6.973496
6.984978
6.989230
-6.930269
6.993165
-6.961498
6.979922
-6.963648
6.959464
6.982421
-6.970641
6.979915
6.947182
-6.980545
-6.992609
-6.966155
6.984294
-6.986588
6.978615
-6.971257
6.970332
6.997766
6.979442
-6.978766
6.972185
6.972597
-6.963716
6.979226
6.989580
-6.950614
-6.971818
-6.990893
-6.965771
6.988136
6.949733
-6.993275
-6.969711
-6.967146
-6.959574
-6.987624
6.972050
-6.901952
-6.969994
-6.993316
6.979240
6.952998
6.995532
-6.982198
-6.952813
-6.978446
6.988000
-6.950699
6.970950
-6.989056
-6.982648
6.976974
-6.977784
6.969957
-6.920878
6.951105
6.996695
6.953852
-6.966654
6.961022
6.964268
-6.961867
-6.990036
6.965536
6.958096
-6.988933
-6.983365
-6.943047
6.997592
-6.988983
6.972814
6.947893
6.982894
-6.968661
-6.955752
6.967915
-6.970659
6.991102
6.966533
-6.990678
-6.994643
-6.940303
-6.926291
-6.963556
-6.956619
-6.974114
6.972553
6.986247
-6.980974
6.958440
-6.968224
6.986164
6.879316
6.973418
6.984093
6.997209
-6.978281
6.985854
6.984977
-6.950569
-6.968415
-6.951886
6.979916
-6.977800
6.984481
-6.988491
6.962161
-6.959011
6.975060
-6.974717
-6.974579
-6.982247
-6.958364
-6.968810
-6.946992
6.972097
-6.963365
-6.987887
6.966992
-6.970650
-6.967245
6.958889
6.911455
-6.983420
-6.955825
6.961808
6.971119
-6.968417
-6.981561
6.969872
-6.957881
-6.952566
-6.990645
6.981085
6.985361
6.980448
-6.980798
-6.980103
6.994734
-6.984394
6.969630
6.724869
6.868556
-6.973198
6.946595
6.955805
-6.944911
6.972488
6.985304
-6.928852
-6.970625
6.986104
-6.988119
-6.961268
-6.944868
-6.994913
6.977859
-6.971873
-6.827998
6.964368
-6.966236
6.962852
-6.971142
6.960296
-6.977946
-6.943467
6.996849
6.988269
-6.987959
-6.987889
6.953330
-6.988383
6.964479
-6.990309
-6.976698
6.962812
6.978640
-6.970141
6.950717
-6.959485
-6.993829
6.985434
6.988627
-6.928524
-6.952085
6.948184
-6.983340
-6.982889
-6.921899
-6.983375
6.973236
6.950658
-6.973575
6.945463
6.964119
6.975537
-6.968909
-6.951943
-6.976116
6.970769
6.997530
6.985213
6.988154
6.981925
6.708682
6.973615
6.924775
-6.976648
6.947544
-6.974290
6.967563
6.969156
6.972284
-6.957163
6.978663
-6.902777
-6.988299
6.959683
6.961977
-6.961170
6.881198
-6.964652
6.969612
-6.975210
6.966359
-6.981973
6.964297
6.965997
-6.970416
6.954269
6.967036
-6.982135
-6.989163
-6.983482
6.965143
-6.974763
6.996790
-6.973343
6.990898
6.967280
6.966107
-6.975692
6.978783
-6.979961
-6.988360
-6.957901
6.998450
6.945120
6.997188
-6.964822
-6.952474
6.961086
6.981006
-6.976979
6.969328
6.967370
6.970360
-6.970231
-6.962364
-6.990212
6.978133
6.977087
-6.954087
6.964813
6.992290
-6.976755
-6.997252
-6.969443
6.995382
6.976802
-6.969613
-6.982840
-6.976453
6.989942
-6.991318
-6.970875
-6.990705
6.965112
-6.947423
6.963933
-6.996972
6.953878
-6.984477
-6.985604
-6.950550
-6.911235
-6.950076
-6.959871
6.985021
6.956347
-6.992168
-6.981859
6.978524
6.985330
-6.965031
6.988425
6.987389
6.897715
-6.975064
-6.961956
-6.991043
6.982676
6.900846
6.965006
-6.995565
6.975816
-6.985640
6.960446
6.994778
6.920686
-6.941029
6.975534
-6.974191
6.960901
6.980690
-6.989221
6.978826
-6.960549
6.959181
6.962174
6.971832
-6.956860
6.955065
-6.987278
6.994009
-6.942139
-6.960539
-6.981155
-6.963858
-6.983852
-6.991712
6.981165
6.932448
-6.973693
-6.993878
6.958029
6.959424
-6.894413
6.971928
6.997139
6.965571
-6.942677
6.976866
6.974055
-6.966285
6.990286
6.962962
-6.998227
6.956811
6.954178
6.974379
-6.968903
6.970030
-6.942962
6.980370
-6.970062
-6.961202
-6.974899
-6.939593
-6.943924
6.990924
-6.946113
-6.977973
-6.988826
6.980570
-6.967916
-6.977871
-6.969143
6.961352
-6.978341
-6.991644
-6.946371
6.931293
6.952031
6.925451
-6.955821
6.961877
6.953222
-6.982166
-6.902439
-6.962088
6.984200
-6.997802
6.989869
6.951674
6.972935
6.991923
-6.979944
6.982610
-6.932441
-6.975953
-6.926541
-6.992446
-6.968920
-6.994538
6.994167
-6.980533
6.973531
-6.968798
6.854811
6.963868
-6.961744
-6.954592
6.948143
-6.934821
-6.876208
-6.979953
-6.985031
6.996106
6.993593
-6.966650
-6.963155
-6.994807
6.980903
6.913835
6.961580
6.988804
6.970428
6.955667
6.950332
-6.952567
6.975678
6.982047
6.994646
-6.966002
-6.968266
6.995010
-6.981809
-6.952362
6.968999
-6.986283
6.990051
6.933831
-6.985867
6.853163
-6.951091
-6.977759
-6.959038
-6.993794
-6.947315
-6.941441
6.988314
-6.988239
6.880401
-6.978891
-6.962019
6.996098
-6.965622
6.944840
-6.954321
-6.902512
-6.985243
6.988604
-6.962217
-6.905678
-6.968512
-6.966688
6.984371
6.969193
6.985831
6.970047
6.966041
-6.961270
6.924657
-6.894286
6.962542
-6.981855
6.980367
-6.972917
-6.977357
-6.960737
6.983790
-6.971951
-6.921157
6.997176
6.980539
6.930974
6.943632
6.996205
6.957985
-6.999312
-6.994840
6.970514
-6.997263
6.961266
-6.974332
-6.983367
6.978365
6.966914
6.942888
-6.969234
-6.991298
6.976999
6.955929
-6.956375
-6.970810
-6.977661
6.977164
6.979069
6.954334
6.959703
-6.964805
6.953948
6.985531
-6.949553
-6.953445
6.953210
6.992307
6.980098
6.993324
6.994640
6.937706
-6.975858
-6.920868
6.976324
-6.969997
-6.954834
6.973936
-6.976458
6.955632
6.994687
6.896489
-6.969297
-6.982743
-6.997518
6.975014
6.965402
6.969329
6.950457
6.958106
6.975315
6.940002
-6.986507
6.979886
6.956517
-6.987182
-6.977840
6.956451
6.985902
6.988392
-6.991227
6.976403
6.997264
6.979136
-6.980352
6.930874
-6.986995
-6.970486
-6.972043
6.989038
6.935482
6.991924
6.991460
6.998785
6.961555
6.961687
-6.977723
6.990993
-6.986160
6.981330
6.981640
6.974162
6.994496
-6.988101
-6.953270
-6.970934
-6.971143
6.804728
6.973552
6.963013
-6.994160
-6.955587
6.996775
-6.968243
6.999511
-6.989851
-6.987505
-6.994300
6.981134
6.934568
-6.951143
-6.960209
-6.989058
6.980958
-6.977294
-6.981790
6.979375
-6.991897
6.976631
-6.972009
6.951704
6.946757
6.949549
-6.967901
6.764514
6.984994
6.970727
-6.961617
-6.962090
6.970971
-6.978583
-6.983412
6.971845
-6.983799
6.956388
6.954181
6.971778
-6.954369
-6.956955
6.970304
6.997000
6.941805
-6.986586
-6.944265
6.998346
6.996262
6.959689
-6.988905
6.978011
-6.974032
6.953431
-6.965403
6.965327
-6.981123
-6.993717
6.917962
-6.962632
6.973430
6.948180
-6.935216
-6.974519
6.973727
6.992506
6.965228
6.957995
6.997848
6.957521
6.963040
6.961150
6.970781
6.979914
-6.996464
-6.981973
-6.995443
-6.970901
-6.967805
-6.994783
6.940546
6.988158
6.969383
6.996613
-6.982129
6.998825
-6.990887
6.947208
-6.992934
6.986066
6.997171
6.935944
-6.986254
-6.982313
-6.969135
-6.988208
6.951516
-6.963807
-6.942150
6.977311
6.990236
-6.981522
6.932655
-6.997487
-6.976895
-6.977995
6.954296
-6.984447
-6.988727
-6.942332
6.993964
6.976613
6.976260
6.987514
6.973577
-6.984407
6.987629
-6.991711
6.986424
6.983109
6.965087
-6.995877
-6.970088
-6.995840
6.959033
-6.980934
6.989483
6.992137
6.951208
-6.965482
6.992668
6.962471
-6.985156
-6.978019
6.953694
6.987979
-6.981049
-6.911374
6.974695
6.992744
6.979010
-6.953768
6.974563
6.977358
-6.974369
-6.968037
-6.992206
-6.972388
6.962685
-6.973326
-6.957385
-6.989269
6.981243
-6.936673
6.980051
6.970386
6.974472
6.995547
6.976562
-6.954917
6.967706
6.950042
-6.978930
6.977768
6.997043
-6.925938
6.990611
-6.986419
-6.968776
6.978510
6.977565
6.994725
-6.965401
6.989930
-6.964594
6.998120
6.992120
-6.974159
-6.970636
6.966087
6.982044
6.961883
6.992229
-6.979832
-6.965662
-6.978677
6.963931
-6.968627
-6.953520
-6.967732
6.978845
-6.935165
6.995757
-6.968522
-6.955496
-6.985147
6.988655
6.907187
-6.976300
-6.968465
-6.995887
6.985285
6.996875
6.971961
-6.992641
6.987323
6.964805
6.868307
-6.975365
-6.974371
6.997317
6.981178
-6.993990
6.961688
-6.992787
-6.936046
6.986811
-6.965156
-6.982474
6.767853
6.944129
-6.949521
-6.968721
6.959959
-6.978254
-6.987473
6.965914
6.997615
6.931088
6.982439
6.978251
6.984856
-6.958926
-6.978014
-6.963249
-6.985689
6.950924
6.989148
6.974661
6.967612
-6.964485
6.949548
6.964412
6.718456
-6.993346
-6.926217
6.972185
6.733510
-6.988361
6.983615
-6.982432
-6.977089
-6.964201
-6.969852
-6.994692
6.965451
6.942392
-6.967525
6.972584
6.971914
6.975251
6.982920
-6.964863
6.990789
-6.990478
-6.953707
-6.994457
-6.953902
6.949612
-6.992288
6.999034
-6.963448
6.994425
6.999774
6.954615
-6.985492
6.961273
6.979417
-6.972003
-6.995574
6.988944
6.978497
6.983697
6.987212
-6.988595
-6.979019
-6.989712
-6.975433
-6.927460
-6.954004
6.949312
-6.988338
-6.955945
6.981913
6.984960
-6.954776
6.953004
6.989301
6.984976
-6.991143
-6.987713
-6.991283
6.988504
6.938401
6.951445
6.958788
-6.989066
6.987622
6.988368
6.961019
6.962883
-6.987270
6.999485
-6.956727
-6.996599
-6.992195
-6.977084
-6.993628
-6.993625
-6.987731
-6.958936
6.994594
6.980714
-6.974291
6.969530
6.961538
6.993010
-6.981351
6.984982
6.965401
6.979560
6.977258
6.995874
-6.989206
-6.980208
6.989972
-6.983702
-6.967621
-6.959409
-6.949646
6.997834
6.965412
6.988597
-6.965897
6.977877
6.980507
-6.948207
6.965026
-6.970549
-6.958912
6.969921
6.967616
-6.991046
-6.958917
-6.986992
6.934458
6.988276
6.967260
6.928102
6.966374
6.950220
6.983625
-6.957664
6.953847
-6.956173
6.974998
-6.994127
6.962951
6.951389
-6.965275
6.956929
6.985190
-6.974887
-6.983213
6.976326
-6.989148
-6.972286
-6.986704
6.992512
6.988190
6.913060
6.995218
-6.943012
-6.986355
-6.978721
-6.967132
-6.975938
-6.970491
-6.958830
-6.999689
6.981659
-6.981899
-6.982918
6.978805
-6.951983
6.969963
6.981624
-6.960962
6.965223
6.931748
-6.994513
6.955003
6.968378
-6.966215
-6.964712
6.989239
-6.982993
6.961006
-6.986574
6.950038
6.992310
-6.987216
-6.914848
-6.955614
-6.977104
6.889788
6.983061
-6.952738
-6.982849
6.970452
6.972635
-6.990414
6.966716
6.978756
-6.926864
6.954502
-6.948005
6.984483
6.961442
6.973938
6.987943
-6.994463
6.977175
-6.978067
6.950975
6.935471
6.956441
-6.992261
6.951872
6.967393
6.973185
6.948748
-6.975804
-6.993922
6.983522
6.984444
6.986501
6.954726
6.994728
-6.983177
6.970385
6.974921
6.969384
-6.989877
-6.990004
-6.956968
6.930893
6.960256
6.998194
6.981331
-6.949602
-6.996047
-6.982978
-6.966038
-6.964971
-6.953862
6.993546
6.980939
-6.992236
6.929995
6.982321
-6.951990
-6.999178
-6.976730
6.965847
6.972690
6.977621
6.960486
6.861179
-6.993328
-6.994290
-6.969345
6.991160
-6.978858
-6.986357
-6.972343
6.970968
6.967614
-6.972001
-6.994615
-6.976615
6.972986
-6.977480
-6.982395
6.951311
-6.960709
-6.976702
-6.956326
6.970974
6.987507
6.966852
6.959459
-6.971038
-6.993895
6.961176
6.968516
-6.991403
6.953362
-6.941610
-6.984310
6.998065
-6.987243
-6.965798
6.958021
-6.994096
-6.960457
-6.983453
-6.994139
6.904022
6.996129
6.978810
-6.969032
6.958860
-6.984401
6.981236
6.942440
-6.964861
6.994602
-6.964915
-6.968456
-6.952358
6.971670
6.961851
-6.984090
-6.955692
6.996662
6.993980
6.964479
6.953058
6.990883
6.989532
6.977955
-6.880742
6.997703
6.968123
6.964797
-6.983912
-6.924510
6.995186
6.989788
6.811633
-6.948779
6.976819
6.973727
-6.984404
6.957634
-6.964948
6.985420
6.997371
6.918354
-6.956348
-6.956698
6.957830
-6.976304
-6.992917
-6.901199
-6.981009
-6.959483
6.967350
-6.968883
-6.979558
6.975314
6.986407
6.971341
-6.982038
6.952125
6.938372
-6.975594
-6.983406
6.986711
6.986356
-6.985699
6.989780
-6.972653
-6.951884
6.964739
-6.970604
-6.968486
-6.984886
6.961947
-6.944535
-6.960042
6.974250
6.996158
6.961804
-6.995821
-6.945607
-6.912983
-6.970873
6.992637
6.998004
-6.991109
-6.993041
-6.983666
-6.974260
6.977086
6.656619
-6.942144
-6.998195
-6.976562
-6.994845
-6.997877
-6.943423
-6.975948
6.964965
-6.989659
6.981870
6.947588
-6.967816
-6.966259
6.956580
-6.984176
-6.978369
6.972573
-6.969274
-6.975144
6.995397
6.963618
6.904330
-6.961884
6.932271
-6.949140
6.959815
6.925798
-6.988611
-6.939598
-6.985257
-6.997481
-6.963703
-6.969591
6.993612
-6.964128
6.957202
6.983484
-6.974611
6.961774
-6.968971
-6.950682
-6.959500
6.988943
6.983207
-6.971016
-6.967902
-6.954481
-6.998874
-6.968476
6.977791
6.961312
6.980098
-6.962000
-6.904018
-6.982601
-6.988227
6.940887
6.967265
6.966920
6.841919
6.968779
6.959421
-6.972606
6.950989
-6.969465
6.989039
6.952106
-6.950680
-6.948404
-6.974161
6.992041
6.988582
6.968310
6.940134
-6.990186
-6.967600
-6.995268
-6.980004
6.969408
-6.994550
6.986051
-6.960648
-6.941539
-6.973118
-6.986966
-6.951201
6.969768
6.959152
6.980931
6.976869
6.949268
-6.989123
6.959103
6.996579
6.985218
6.955717
-6.949775
6.994192
-6.860261
-6.976661
-6.975214
-6.959855
-6.945904
6.974126
6.991149
-6.993847
6.970558
6.961944
6.969757
6.929785
6.926925
6.991182
6.980601
-6.983319
-6.983073
-6.946046
6.990690
-6.965930
-6.977450
-6.964828
-6.990952
-6.990617
6.956731
-6.953362
-6.911840
6.978626
6.927782
-6.941673
6.963632
6.981062
-6.953948
6.951707
-6.990556
6.983196
-6.984130
6.959048
-6.994138
6.950961
-6.973909
-6.977003
6.960424
-6.971703
6.980817
6.965442
-6.970995
6.965231
-6.982353
-6.934267
-6.993402
6.977625
-6.990123
6.972156
6.957134
6.956922
-6.991191
6.959077
6.955919
6.964643
6.959413
-6.982115
-6.960687
6.996188
-6.987967
6.970493
6.965891
6.981944
-6.979450
6.982743
6.978721
-6.966494
-6.964051
6.975947
6.955679
-6.997484
-6.968519
6.966768
-6.961576
-6.981077
6.981976
6.973292
-6.980635
-6.986802
6.951460
-6.927112
-6.975634
6.976232
6.982031
-6.961465
-6.990064
-6.969066
-6.995465
-6.961232
-6.981933
6.904264
-6.955076
-6.992592
-6.950324
6.979727
6.961509
6.985121
6.946340
-6.972944
6.951625
6.958709
-6.952080
-6.969510
-6.980657
6.977737
6.984830
6.959102
6.959197
6.963813
-6.975683
6.991098
-6.984565
-6.979869
6.982607
6.968055
-6.952877
-6.997068
-6.990468
6.980963
-6.979818
-6.982285
-6.982244
-6.984010
-6.944807
6.972821
-6.999052
-6.949990
6.971351
6.976137
6.951576
6.971240
6.944324
-6.991856
-6.952332
6.968899
-6.991067
-6.978795
-6.980580
6.954504
-6.958155
6.947430
-6.952965
6.982495
-6.981783
-6.959731
-6.995519
6.973503
4.283943
6.984778
6.974050
-6.984447
-6.995402
6.982341
-6.981899
-6.957771
-6.969048
-6.966746
-6.992899
-6.939195
-6.938840
6.990168
6.985658
-6.987480
6.992704
-6.949695
-6.980432
6.980688
-6.982242
6.937797
6.974835
-6.976119
-6.959994
6.992364
-6.989085
6.970741
-6.953037
-6.980313
6.955183
6.989608
6.953855
-6.996675
6.986832
6.963691
-6.990312
-6.954364
-6.990629
-6.984479
6.991745
-6.956654
6.980103
6.991348
-6.952838
-6.983606
-6.975124
-6.996757
6.639833
6.973922
-6.961860
-6.947344
-6.979384
-6.990606
6.982816
-6.935870
-6.977812
6.956768
-6.987230
-6.904516
6.972583
-6.985666
-6.986935
6.947177
6.952575
6.953875
-6.958040
6.975497
-6.986901
-6.994061
-6.965460
-6.970222
6.961171
-6.991144
6.948137
6.972966
6.946776
6.975289
-6.963680
-6.978803
6.989365
-6.961577
-6.979842
6.980115
-6.948435
6.993961
-6.989924
6.994498
6.957816
6.971272
6.939107
6.958607
-6.964585
-6.983846
-6.978703
6.950548
6.678271
6.974449
6.951035
6.997470
6.986109
-6.964402
-6.974800
6.903982
-6.974656
-6.977121
6.906901
-6.979137
-6.962701
-6.975720
-6.941207
6.977699
6.990844
6.997046
6.992259
6.978352
6.976196
-6.982228
-6.960505
6.982075
-6.995643
6.969998
6.756091
-6.995739
-6.965794
6.961771
-6.995496
-6.973269
-6.968424
-6.974575
6.979314
-6.990471
6.939759
-6.949276
6.988852
6.957701
-6.984226
6.952974
-6.984210
6.971413
6.997128
6.973246
6.963368
-6.943006
-6.954406
-6.915060
-6.964652
6.986578
-6.964433
6.993793
-6.997455
6.986646
-6.947756
6.975019
6.977751
-6.949196
6.955560
-6.977599
6.961038
6.998673
6.958031
6.988962
6.992393
6.989627
-6.970127
6.973877
-6.988236
6.945574
-6.946020
6.979496
-6.976538
6.980004
6.993319
6.959085
6.999335
6.982906
-6.986407
6.970823
-6.973918
-6.945658
-6.976667
6.997737
-6.967211
6.951301
-6.983475
6.997227
-6.986035
-6.968692
-6.939007
-6.994123
6.980087
-6.915918
6.988501
-6.941667
-6.991882
-6.915835
6.963067
-6.976469
-6.888630
-6.986876
-6.958913
-6.944524
6.961887
-6.980957
-6.956626
6.981938
-6.984768
6.993095
6.997294
-6.969877
6.990325
-6.983959
6.952239
-6.967263
1.024027
-6.962843
-6.977512
6.889570
6.980075
6.959724
6.991801
6.978901
-6.974324
-6.986725
-6.983944
6.966449
6.954814
-6.985540
-6.993898
-6.990119
-6.925499
-6.949963
-6.952084
-6.986349
-6.964992
6.975665
-6.993505
6.920513
6.960003
6.966950
6.980934
6.983941
6.979273
6.970819
6.950183
-6.938794
6.983569
6.978616
-6.965980
-6.987923
-6.984549
-6.988062
-6.927694
-6.971652
-6.974201
-6.985874
-6.972133
6.990516
6.990658
-6.986651
6.977079
6.989957
-6.960492
-6.969729
-6.969247
-6.986105
-6.976923
-6.942515
-6.990823
-6.962932
6.949759
-6.964947
-6.942106
6.984176
6.961405
-6.990149
-6.954948
-6.965514
6.952101
-6.938817
-6.968125
6.972504
6.987101
-6.997113
6.957687
6.995920
-6.998645
-6.976561
-6.988778
6.974338
-6.974469
6.992235
6.957301
-6.994737
-6.988798
6.982133
6.978300
6.978827
6.981542
6.947892
-6.978691
6.946452
-6.962885
-6.984206
-6.984809
6.974441
-6.885582
6.938272
6.790212
-6.977266
6.965718
-6.953159
6.993184
-6.987796
-6.977227
6.950659
-6.970934
6.959469
-6.939835
6.987824
-6.824927
-6.952118
6.964192
-6.975120
6.962095
6.978646
-6.934244
6.997914
-6.982090
-6.973329
6.948659
-6.945174
6.970393
-6.966723
-6.968661
6.981723
6.961738
6.975777
6.994894
6.991856
6.968211
6.970904
-6.962935
6.964282
-6.990372
6.991565
-6.989277
-6.992330
-6.952747
-6.969819
-6.975894
-6.988801
6.993115
-6.970765
6.943913
6.994098
6.832111
-6.993180
6.963875
-6.955981
6.980553
6.974300
6.978416
-6.975406
-6.967296
6.978141
-6.938616
6.976621
6.982669
-6.980776
-6.968951
6.997782
6.943976
-6.996544
6.963473
-6.942360
6.970002
6.965647
-6.969046
-6.974606
6.957744
6.974008
6.984601
6.969796
6.998299
6.946069
6.973414
6.994874
-6.982357
-6.978617
-6.950450
-6.944318
-6.994201
-6.986099
-6.975309
6.994429
-6.957604
-6.989559
-6.997377
-6.996201
-6.983926
-6.984568
6.945613
-6.985520
6.939869
6.961135
-6.982642
6.988305
6.960016
6.992201
6.964641
6.969227
6.978813
6.978953
6.987018
-6.995367
6.984515
-6.988910
-6.972613
-6.957470
6.984264
6.992505
6.980400
-6.993545
6.924313
-6.933142
6.964586
-6.973339
6.985964
6.994551
-6.964700
-6.961786
-6.962518
6.952550
6.989458
-6.981634
6.970832
-6.952317
-6.955758
6.984743
6.990159
6.994581
-6.979662
-6.960442
6.969473
6.998775
-6.990441
-6.980721
6.961393
-6.996498
-6.947243
6.962961
-6.981124
-6.958184
6.943064
6.971341
-6.974164
-6.943963
6.967822
-6.982570
6.998874
6.956720
-6.998319
-6.982474
6.943147
-6.960793
6.979985
6.986568
6.974473
6.984872
6.975769
6.971084
-6.950459
-6.987993
-6.961574
-6.981466
-6.949686
-6.994939
-6.969253
6.975222
-6.961141
-6.976243
6.982128
-6.993288
6.993955
-6.993209
-6.957209
6.949031
-6.980838
6.998147
-6.959524
6.976742
6.966378
-6.968495
-6.989651
-6.945801
-6.982592
6.954847
6.996206
-6.970614
6.982266
6.936341
-6.980987
6.950077
-6.960966
6.953190
6.992534
-6.945310
6.978707
-6.984148
-6.972371
-6.965427
-6.965435
-6.886073
6.923927
-6.978746
6.967736
6.989786
6.977870
6.991556
6.975827
6.956568
-6.984744
-6.973094
6.959004
-6.982383
-6.996621
6.993082
-6.991365
6.973588
6.934616
6.964316
6.957818
6.946804
6.944574
-6.989937
6.965644
-6.965302
6.977426
-6.928677
6.980879
6.998225
-6.956356
6.976030
-6.880147
6.906652
-6.955546
6.997566
-6.971162
-6.975259
6.991368
-6.994211
-6.954062
6.981351
6.948097
-6.981304
-6.949751
-6.957164
-6.988003
6.992003
6.939600
6.957915
6.952849
-6.976604
-6.958392
6.958008
-6.959385
6.969937
-6.963992
6.932008
-6.986462
6.984751
-6.965058
6.945025
6.989558
6.969384
-6.907723
6.971473
-6.987251
-6.978671
-6.967864
6.986616
6.985366
-6.982751
6.993883
-6.985881
-6.935647
-6.998948
6.982628
6.979172
-6.961445
-6.951786
6.989011
6.967324
6.988804
6.959439
6.990630
6.928929
-6.975904
6.937263
6.967629
-6.991899
6.954814
-6.992440
-5.661660
-6.977748
6.920103
6.969463
-6.953833
6.986384
-6.979913
-6.998579
6.982022
6.984352
-6.964078
-6.978260
6.971271
6.971329
-6.986143
6.955754
6.992171
-6.959053
6.976894
-6.982936
-6.967901
-6.957263
-6.973349
-6.965206
-6.955642
6.938965
-6.972918
-6.990726
6.973670
6.964509
6.995438
-6.995377
-6.938829
6.986607
-6.942653
6.925466
-6.981994
-6.973823
6.953810
6.956090
6.480816
6.984063
-6.993957
6.967775
6.974738
-6.954789
6.989575
6.964795
-6.983204
6.985029
6.985876
-6.905143
-6.989667
-6.976486
6.986352
-6.967684
6.983619
6.987181
-6.968315
6.986773
5.760641
-6.993154
-6.972913
6.973959
-6.969777
6.974317
6.979841
6.985741
-6.954137
-6.960662
-6.980309
-6.970755
6.991794
6.976487
-6.975739
6.974886
-6.950833
6.984762
6.957155
6.939167
6.960145
-6.999079
-6.990184
-6.986808
-6.936021
-6.961029
-6.990714
-6.966363
6.939414
-6.973304
-6.973840
6.988532
6.969174
6.989676
6.997855
-6.976583
6.978264
-6.952744
-6.975516
-6.980280
6.937775
-6.994548
6.988347
6.917184
-6.976714
6.992270
6.993635
-6.968021
6.956896
-6.973809
-6.985731
6.990727
6.997053
-6.975662
6.966089
6.997858
-6.981383
-6.994302
6.970147
6.972831
-6.977423
-6.939362
6.959057
6.978905
-6.991857
6.975661
6.963360
6.985301
-6.944463
-6.990875
6.948236
-6.993461
6.958707
6.980237
6.981646
6.955256
-6.950720
-6.976221
-6.972525
6.983086
6.993734
6.949787
6.989842
6.918772
-6.958551
-6.968285
6.958395
-6.973097
-6.979495
-6.969792
6.959876
6.966244
-6.937347
-6.970459
6.957594
6.989568
-6.989748
6.998999
-6.967617
-6.993571
-6.972771
-6.990257
6.969115
6.919337
-6.967857
-6.941864
-6.994555
6.965614
-6.976309
6.979275
6.987944
-6.945166
-6.964267
6.970329
-6.955389
-6.982687
6.963632
-6.957845
6.971019
6.987757
-6.990681
-6.982882
-6.979648
6.955928
-6.971930
-6.967645
-6.968371
-6.981190
-6.998960
-6.997926
-6.983352
-6.961023
6.943604
-6.968656
-6.955323
6.960066
6.997320
-6.985640
-6.995648
6.998722
6.980381
-6.981363
-6.977734
-6.996945
6.946289
6.957456
6.957437
6.996359
6.984019
-6.990376
6.862661
-6.954839
-6.970009
6.941814
6.990695
-6.988402
-6.994359
-6.965041
6.973830
-6.965773
-6.979671
-6.995055
6.966016
6.959133
6.957501
-6.993870
-6.983786
-6.959273
-6.994027
6.768937
-6.957850
6.977792
6.976127
6.184840
6.949094
6.998134
6.929788
6.974720
-6.932479
-6.996875
6.981568
-6.976589
-6.984320
-6.950684
-6.967508
-6.984876
6.965560
6.984664
6.977354
-6.962520
-6.958153
6.957874
6.988728
-6.979080
6.960311
6.970998
6.960768
6.996969
-6.991717
-6.965114
-6.992164
-6.905675
-6.981837
-6.971426
6.990762
6.994215
6.989085
-6.949277
6.992448
6.946322
6.967145
-6.961740
6.982354
-6.967940
6.993878
-6.986653
6.925445
6.975849
6.950681
6.993977
-6.986038
-6.981782
6.984739
6.988369
6.978688
6.942332
-6.991981
6.964259
6.975540
-6.985036
-6.978343
6.978458
6.957170
6.968656
6.960480
-6.993899
-6.946217
6.886205
-6.988875
-6.972361
6.987571
6.953747
6.972475
6.985146
6.970369
-6.988297
6.976030
6.967328
6.988159
-6.998815
6.989593
-6.974285
-6.997379
6.966202
-6.981089
6.988668
-6.997196
-6.974170
-6.967365
6.966590
6.959440
-6.995607
-6.968075
6.951237
-6.978555
6.957329
-6.961348
6.970732
-6.992016
-6.967871
6.980926
6.977826
-6.975225
-6.993954
6.964710
-6.985248
6.977608
6.971460
-6.976582
-6.979958
6.915979
6.933933
-6.940075
-6.990761
-6.982885
-6.951743
-6.925299
6.991210
-6.983441
6.994203
-6.988284
-6.980492
-6.967886
6.955141
6.999045
-6.981929
-6.979021
6.976713
6.999583
6.950885
6.951264
-6.983360
-6.968613
-6.989322
6.977712
6.977359
6.968135
-6.891198
6.989066
6.998833
6.984824
6.943164
-6.980580
-6.963799
6.926091
6.977719
6.971660
-6.984748
6.946779
6.973244
6.970570
6.945014
-6.973122
6.974074
6.953547
-6.989975
6.951314
6.995750
6.949353
6.896587
6.981140
6.988470
-6.946237
6.973556
6.985592
-6.997760
-6.983616
6.999596
6.939419
6.900991
6.966462
6.963928
6.986028
-6.986102
6.955460
-6.973276
-6.962778
6.984487
-6.973000
-6.991890
6.971550
-6.995120
-6.985939
