6.000000	0.500000	50	0.100000	ARCHIVOS_REDES\ER\ER_690.txt
5.976045	0.265051
5.999925
5.999925
5.912058
5.993295
5.999919
5.998300
5.999046
5.999926
5.999920
5.996523
5.999926
5.991166
5.999881
5.999925
5.999926
5.999926
5.999752
5.999925
5.999878
5.991361
5.999300
5.999690
5.959111
5.988136
5.999479
5.919504
5.999926
5.999926
5.999921
5.999926
5.999891
5.991872
5.998983
5.999914
5.999926
5.999925
5.984038
5.999926
5.999893
5.952391
5.997882
5.999926
5.999926
5.999920
5.999926
5.999926
5.999926
5.997927
5.999926
5.999902
5.999798
5.999925
5.999926
5.999926
5.999865
5.999924
5.994643
5.999926
5.999926
5.999925
5.999926
5.998470
5.999890
5.999925
5.999925
5.999642
5.999919
5.988909
5.999839
5.999899
5.999596
5.999926
5.999909
5.999926
5.973777
5.999680
5.999925
5.999926
5.999440
5.951065
5.999926
5.999408
5.969235
5.999925
5.995606
5.999926
5.999858
5.976496
5.999890
5.999648
5.997690
5.999923
5.999896
5.999925
5.997265
5.999926
5.999926
5.999925
5.998859
5.995878
5.983290
5.999925
5.999848
5.999831
5.999916
5.999646
5.999926
5.999365
5.993840
5.973055
5.994453
5.999641
5.999704
5.999926
5.999926
5.972562
5.999920
5.999926
5.994207
5.999377
5.997270
5.984455
5.999842
5.993985
5.999703
5.998991
5.983954
5.996545
5.999705
5.999848
5.999925
5.998980
5.865444
5.999592
5.998978
5.999918
5.999926
5.999588
5.999469
5.999926
5.700954
5.954773
5.972905
5.999926
5.988383
5.999736
5.999926
5.999921
5.999907
5.999879
5.948521
5.999264
5.987195
5.999924
5.999925
5.999924
5.999816
5.999925
5.999923
5.999913
5.999926
5.998403
5.997259
5.997692
5.999926
5.999926
5.998436
5.998494
5.992356
5.990475
5.999923
5.999709
5.999023
5.999924
5.999892
5.996100
5.999618
5.999906
5.976874
5.999926
5.999925
5.943468
5.999891
5.999926
5.999926
5.942174
5.999923
5.973574
5.999926
5.995402
5.999926
5.999907
5.573221
5.999870
5.998089
5.999925
5.999922
5.999926
5.999926
5.999925
5.999926
5.999926
5.999926
5.999850
5.999926
5.999485
5.821641
5.873100
5.999926
5.973335
5.998675
5.999926
5.993010
5.999925
5.972422
5.999246
5.999924
5.999884
5.999926
5.999325
5.998011
5.999926
5.994855
5.998728
5.996654
5.999889
5.986300
5.972408
5.999926
5.999913
5.852372
5.999926
5.999917
5.971570
5.999918
5.999758
5.999926
5.842399
5.996941
5.999801
5.994863
5.999715
5.999926
5.999879
5.999722
5.999926
5.999926
5.999875
5.994966
5.935430
5.999926
5.999910
5.999925
5.999924
5.999926
5.999793
5.999925
5.999925
5.991287
5.999926
5.999926
5.999925
5.999177
5.999926
5.999925
5.999926
5.999925
5.999900
5.999926
5.930129
5.995812
5.999926
5.999926
5.999926
5.999838
5.999924
5.995728
5.999890
5.999710
5.999926
5.999703
5.999796
5.999471
5.999736
5.999926
5.998984
5.994230
5.999925
5.999925
5.999926
5.514723
5.999552
5.999755
5.999926
5.999926
5.999926
5.994709
5.999924
5.999820
5.998921
5.999926
5.999884
5.999845
5.992743
5.999137
5.999448
5.999926
5.907958
5.999924
5.999925
5.999818
5.999925
5.995768
5.999812
5.994444
5.999926
5.981789
5.999926
5.997790
5.998853
5.999926
5.999926
5.996077
5.920569
5.999926
5.992945
5.999926
5.999739
5.988236
5.999924
5.999920
5.999491
5.999926
5.999924
5.999893
5.999926
5.999748
5.976834
5.999923
5.999926
5.999926
5.999455
5.999894
5.999926
5.999926
5.999767
5.999926
5.998835
5.999925
5.999248
5.999925
5.929029
5.999922
5.999923
5.999667
5.998547
5.999925
5.999090
5.999926
5.798997
5.985990
5.999924
5.999666
5.999914
5.999925
5.999926
5.999925
5.999923
5.999861
5.999574
5.999247
5.992499
5.966437
5.999926
5.999926
5.999091
5.999925
5.999605
5.999915
5.999887
5.969530
5.999926
5.999863
5.999835
5.999926
5.999926
5.999926
5.999727
5.998394
5.999926
5.999904
5.999926
5.999926
5.999289
5.999924
5.999926
5.994362
5.998403
5.999926
5.999926
5.999640
5.999916
5.999201
5.999926
5.999920
5.999924
5.999926
5.999926
5.999926
5.993312
2.120667
5.999216
5.999926
5.999926
5.992138
5.999926
5.994305
5.999926
5.999700
5.999926
5.996866
5.998827
5.999874
5.999911
5.999925
5.993772
5.999836
5.999925
5.999852
5.999926
5.999909
5.999926
5.994165
5.999876
5.999852
5.999815
5.999920
5.992570
5.998325
5.999914
5.999914
5.999879
5.999921
5.999079
5.999926
5.999772
5.997753
5.999926
5.999925
5.996961
5.999926
5.963530
5.999926
5.997290
5.996860
5.999542
5.979393
5.999926
5.999360
5.999578
5.999716
5.999705
5.999923
5.999926
5.999924
5.999926
5.999075
5.999886
5.997648
5.999409
5.997689
5.997931
5.991392
5.999926
5.999926
5.999810
5.999892
5.999926
5.983653
4.890105
5.999926
5.999926
5.999925
5.999926
5.999921
5.999592
5.999926
5.999926
5.998395
5.999923
5.999926
5.999924
5.999924
5.992835
5.999925
5.999925
5.999926
5.999901
5.999926
5.999925
5.996733
5.999902
5.999925
5.999894
5.999926
5.999902
5.909615
5.999925
5.999653
5.999918
5.999926
5.999907
5.999926
5.999926
5.999906
5.997699
5.999924
5.999925
5.998425
5.999222
5.994950
5.999910
5.999898
5.999924
5.999893
5.999926
5.999854
5.998644
5.995043
5.914135
5.999918
5.999925
5.999926
5.963243
5.999904
5.991352
5.999925
5.999386
5.999925
5.999595
5.999924
5.991835
5.999925
5.999915
5.999923
5.999926
5.999926
5.999926
5.769826
5.999923
5.999926
5.999926
5.999926
5.999925
5.999926
5.999358
5.999839
5.997697
5.999764
5.998628
5.999926
5.999917
5.989746
5.709313
5.996344
5.999488
5.947052
5.999926
5.999925
5.999906
5.886250
5.998201
5.999923
5.999710
5.999909
5.999752
5.999925
5.999535
5.999514
5.995677
5.999893
5.999926
5.999926
5.807447
5.999926
5.999926
5.999925
5.996113
5.999899
5.999925
5.999868
5.996036
5.999914
5.994365
5.999922
5.999118
5.999847
5.996378
5.999926
5.998323
5.999926
5.999926
5.999923
5.999913
5.999926
5.999926
5.999926
5.999926
5.999926
5.999914
5.999926
5.999917
5.999919
5.999925
5.917522
5.999926
5.999919
5.999926
5.999906
5.987783
5.999925
5.999504
5.999099
5.999926
5.997339
5.999926
5.852031
5.999794
5.999915
5.999926
5.999926
5.991563
5.999921
5.997710
5.999926
5.999926
5.999923
5.999923
5.999808
5.999925
5.996459
5.999885
5.999926
5.999309
5.999925
5.999925
5.981801
5.999926
5.999755
5.892542
5.993726
5.994571
5.999511
5.999871
5.999299
5.999925
5.999166
5.999925
5.999912
5.999924
5.999794
5.999925
5.999926
5.999925
5.999926
5.999926
5.992505
5.999915
5.999925
5.998827
5.999714
5.999926
5.909659
5.999923
5.990359
5.993880
5.998944
5.999926
5.999920
5.999926
5.999852
5.930724
5.996587
5.999919
5.999903
5.999917
5.999925
5.999926
5.999785
5.999854
5.999839
5.998619
5.999860
5.999583
5.999895
5.999926
5.999539
5.985252
5.999925
5.998719
5.999006
5.999924
5.999519
5.999909
5.999923
5.997982
5.999727
5.999855
5.999925
5.999924
5.999873
5.999447
5.999925
5.996627
5.999922
5.995037
5.999039
5.999924
5.999920
5.995212
5.999092
5.985846
5.999926
5.999889
5.999926
5.999926
5.999924
5.992627
5.878568
5.988536
5.998707
5.999886
5.999821
5.999922
5.865748
5.999092
5.999839
5.998224
5.998651
5.999926
5.999326
5.999282
5.999926
5.999557
5.999926
5.999926
5.999926
5.999925
5.999926
5.999926
5.999898
5.982225
5.999925
5.994399
5.999924
5.999926
5.999926
5.999792
5.999780
5.999519
5.999872
5.999882
5.999915
5.941787
5.999926
5.999803
5.999925
5.668120
5.999926
5.923917
5.999909
5.999926
5.999926
5.999917
5.999497
5.998701
5.999770
5.999926
5.999926
5.999915
5.996988
5.999925
5.999926
5.999926
5.999737
5.999926
5.968434
5.999817
5.999925
5.999892
5.999917
5.999923
5.999926
5.999908
5.999926
5.993151
5.982921
5.999925
5.998706
5.998571
5.999925
5.999848
5.999916
5.997218
5.999914
5.985936
5.999895
5.999065
5.990340
5.999926
5.998162
5.921567
5.999894
5.999926
5.999875
5.999926
5.999926
5.999924
5.999926
5.783695
5.999926
5.629930
5.999926
5.999817
5.999926
5.999925
5.999926
5.999330
5.999926
5.974758
5.999885
5.999826
5.945501
5.999563
5.999922
5.999926
5.999855
5.999925
5.999774
5.999737
5.999723
5.997643
5.996757
5.999917
5.999559
5.999922
5.999926
5.999819
5.979921
5.991652
5.999726
5.999925
5.999850
5.999924
5.999924
5.988168
5.960231
5.999923
5.999925
5.415867
5.999926
5.999924
5.999925
5.927890
5.999926
5.999757
5.999771
5.998856
5.997439
5.999815
5.999918
5.999926
5.998874
5.999925
5.999215
5.999526
5.999926
5.999926
5.998721
5.878032
5.998393
5.999920
5.999749
5.999926
5.999926
5.997045
5.999903
5.999926
5.999743
5.999925
5.999902
5.999924
5.999926
5.999925
5.999801
5.999152
5.994212
5.999912
5.999913
5.999757
5.998427
5.999926
5.966468
5.999902
5.999925
5.999312
5.999730
5.999693
5.996254
5.999576
5.999926
5.996748
5.999580
5.999915
5.999065
5.999926
5.493813
5.964953
5.999925
5.999789
5.999353
5.999920
5.999926
5.999925
5.993993
5.999926
5.985659
5.990612
5.999049
5.999720
5.996260
5.996971
5.999741
5.979494
5.999924
5.999925
5.999162
5.995330
5.999548
5.999918
5.999792
5.999926
5.999870
5.999926
5.998928
5.999910
5.999925
5.999465
5.998375
5.999911
5.999592
5.999923
5.999773
5.999926
5.998847
5.996826
5.999925
5.999734
5.999820
5.999926
5.999749
5.998137
5.971553
5.999926
5.999925
5.999886
5.997108
5.999926
5.999926
5.999926
5.799658
5.999895
5.941076
5.822974
5.999902
5.999455
5.999926
5.999866
5.993379
5.998703
5.999926
5.999327
5.999924
5.999925
5.991812
5.999926
5.999583
5.996498
5.998918
5.944694
5.999926
5.999286
5.999870
5.936387
5.999926
5.997921
5.999925
5.999913
5.999594
5.999912
5.999791
5.999926
5.999926
5.999926
5.999924
5.999926
5.999925
5.999926
5.839068
5.999926
5.999867
5.999923
5.999926
5.999926
5.999826
5.999926
5.999915
5.998978
5.999810
5.999902
5.936598
5.999925
5.998189
5.999926
5.999924
5.995492
5.999879
5.999926
5.999926
5.999925
5.999926
5.999914
5.999924
5.999230
5.999926
5.999694
5.999925
5.999883
5.999925
5.999649
5.999920
5.999926
5.999916
5.689066
5.999855
5.999913
5.999925
5.972055
5.999926
5.953681
5.999922
5.996041
5.999892
5.999467
5.999926
5.999926
5.999926
5.999572
5.999926
5.999891
5.999757
5.970562
5.999925
5.999926
5.999551
5.999926
5.999926
5.994643
5.999587
5.997728
5.999926
5.999894
5.999910
5.999563
5.999926
5.999739
5.999926
5.999905
5.936579
5.996971
5.993072
5.999895
5.996688
5.997561
5.997461
5.999908
5.999926
5.993297
5.998257
5.996691
5.999694
5.999364
5.999036
5.999924
5.964448
5.990670
5.999263
5.999924
5.999700
5.999926
5.999586
4.452952
5.999723
5.999841
5.987328
5.999926
5.999843
5.999926
5.999899
5.999663
5.998782
5.999854
5.890716
5.992446
5.999924
5.999917
5.999918
5.873355
5.999924
5.999926
5.999904
5.999926
5.999446
5.999651
5.999926
5.999905
5.999923
5.999926
5.999745
5.715700
5.999926
5.999900
5.999926
5.999926
5.999426
5.996108
5.999796
5.993509
5.996763
5.999925
5.999613
5.989431
5.996209
5.955721
5.999926
5.999884
5.999925
5.999244
5.999925
5.983692
5.999264
5.999651
5.999926
5.998437
5.999925
5.999926
5.999866
5.999925
5.999583
5.999893
5.997900
5.984410
5.999924
5.991099
5.999921
5.977422
5.999690
5.999825
5.946354
5.999253
5.999926
5.999899
5.988646
5.999884
5.999925
5.999199
5.988386
5.992776
5.980215
5.997221
5.999917
5.987051
5.999924
5.999870
5.999920
5.999926
5.991870
5.999926
5.998863
5.999926
5.999926
5.999701
5.995615
5.984968
5.999863
5.995302
5.778578
5.999911
5.999926
5.999845
5.999890
5.999915
5.999919
5.999919
5.986094
5.993577
5.999924
5.999926
5.999926
5.998772
5.999926
5.999867
5.881270
5.999926
5.999917
5.999926
5.999924
5.999804
5.999925
5.999926
5.999926
5.999920
5.999915
5.999926
5.999921
5.999926
5.999926
5.998841
5.999738
5.999926
5.999910
5.999925
5.999926
5.999433
5.995296
5.999890
5.999898
5.999600
5.999926
5.999747
5.996463
5.999925
5.999924
5.999925
5.999926
5.999912
5.955555
5.999926
5.999884
5.999890
5.972215
5.999926
5.999926
5.999926
5.999926
5.999926
5.999924
5.996071
5.999926
5.999812
5.999926
5.999863
5.987985
5.997872
5.999924
5.999430
5.999925
5.999919
5.996118
5.999925
5.999197
5.999916
5.999640
5.999921
5.993304
5.999925
5.999925
5.999872
5.987552
5.999822
5.999925
5.999680
5.999926
5.999915
5.999924
5.999925
5.999925
5.999885
5.996889
5.999923
5.999683
5.991314
5.990583
5.999666
5.999572
5.998465
5.999924
5.999926
5.999923
5.999926
5.999330
5.999919
5.999294
5.409843
5.999340
5.999926
5.999926
5.999926
5.999926
5.999925
5.999926
5.998840
5.999926
5.989998
5.999923
5.999912
5.998136
5.999924
5.999926
5.998754
5.999926
5.999926
5.999926
5.977189
5.999895
5.976244
5.999661
5.998363
5.999028
5.999921
5.999926
5.999923
5.999394
5.999866
5.968905
5.999926
5.999925
5.998427
5.945303
5.999904
5.999605
5.999926
5.999193
5.999925
5.999362
5.999573
5.999923
5.944877
5.999926
5.998284
5.999925
5.999796
5.966442
5.997864
5.999924
5.999605
5.999271
5.999926
5.593045
5.997704
5.999905
5.999386
5.999897
5.999926
5.999925
5.999926
5.999926
5.996795
5.999926
5.999892
5.999870
5.999912
5.996263
5.999924
5.999926
5.999925
5.998753
5.982747
5.999926
5.999926
5.905692
5.969170
5.999919
5.999926
5.999925
5.999786
5.999926
5.999541
5.999926
5.998700
5.999891
5.998891
5.999925
5.999703
5.998848
5.999738
5.989368
5.999923
5.997009
5.999784
5.999925
5.999909
5.970806
5.999924
5.999926
5.999925
5.975216
5.999925
5.994746
5.999926
5.977676
5.999926
5.874883
5.999919
5.999925
5.999926
5.995823
5.999926
5.999859
5.999926
5.999926
5.999926
5.999926
5.999065
5.995883
5.999924
5.992095
5.999926
5.995845
5.999216
5.999752
5.999923
5.999926
5.999368
5.999860
5.999556
5.999861
5.998153
5.999851
5.999925
5.999882
5.999926
5.999926
5.999926
5.998345
5.999926
5.999876
5.997387
5.999787
5.999925
5.999647
5.999926
5.999682
5.999918
5.999175
5.999926
5.999926
5.999341
5.975563
5.999922
5.999926
5.999926
5.999004
5.930637
5.972392
5.999799
5.999926
5.998424
5.999567
5.999762
5.985602
5.999926
5.999598
5.999894
5.999923
5.999437
5.998813
5.999921
5.988392
5.999104
5.999925
5.970953
5.999926
5.999898
5.999926
5.999924
5.999926
5.999925
5.999228
5.999457
5.999926
5.999866
5.999926
5.999914
5.999014
5.999045
5.996986
5.999922
5.999920
5.999926
5.994574
5.910903
5.999405
5.999923
5.999925
5.999882
5.999608
5.999922
5.999870
5.999890
5.999926
5.999875
5.998425
5.903643
5.998285
5.997659
5.999632
5.999816
5.999926
5.999912
5.999915
5.999873
5.999926
5.999925
5.999925
5.951127
5.734703
5.874910
5.999926
5.999923
5.960324
5.999922
5.999926
5.993240
5.999594
5.999926
5.959694
5.996732
5.999778
5.954086
5.996429
5.991975
5.999912
5.999913
5.999853
3.599155
5.962885
5.999924
5.999926
5.999924
5.978358
5.999910
5.999923
5.982469
5.999925
5.994702
5.999925
5.999745
5.998519
5.999842
5.999606
5.999221
5.999112
5.999372
5.999282
5.999909
5.940154
5.999926
5.999105
5.992931
5.998694
5.933621
5.999926
5.999926
5.998637
5.999926
5.993775
5.999925
5.999423
5.999925
5.999925
5.997360
5.999926
5.999926
5.999905
5.999925
5.999925
5.998993
5.985477
5.999638
5.999926
5.996770
5.999926
5.997941
5.999902
5.999914
5.999926
5.999819
5.978379
5.999883
5.998734
5.999924
5.999926
5.997446
5.999926
5.999920
5.999926
5.999926
5.999906
5.999926
5.999575
5.999894
5.999893
5.999924
5.999922
5.999922
5.999926
5.999634
5.999899
5.998625
5.999719
5.999922
5.999925
5.999924
5.932444
5.999926
5.999926
5.999925
5.999926
5.990003
5.999926
5.999926
5.999791
5.999424
5.999925
5.999926
5.999801
5.999926
5.997737
5.997762
5.999926
5.999926
5.999925
5.999433
5.997691
5.998808
5.999826
5.999623
5.998912
5.992926
5.999925
5.993814
5.999926
5.999824
5.999925
5.999724
5.999925
5.999445
5.999926
5.999743
5.397542
5.987585
5.999921
5.999926
5.899870
4.901676
5.999923
5.999135
5.999926
5.999919
5.990674
5.998976
5.990173
5.999894
5.999919
5.983130
5.999925
5.999900
5.999765
5.999920
5.999926
5.999926
5.999875
5.999877
5.999925
5.999613
5.998858
5.999030
5.999925
5.995974
5.999861
5.999920
5.970171
5.999926
5.882943
5.999924
5.892384
5.999924
5.999924
5.999926
5.999926
5.999731
5.999926
5.999557
5.999926
5.999924
5.999682
5.998985
5.999855
5.995407
5.998870
5.999925
5.997828
5.999817
5.999925
5.999814
5.999926
5.999402
5.999700
5.999798
5.977495
5.999926
5.999925
5.999795
5.946380
5.999926
5.999925
5.997870
5.993159
5.999913
5.999908
5.994892
5.989201
5.999925
5.999926
5.999926
5.999926
5.958219
5.999851
5.999926
5.999926
5.998644
5.999926
5.999205
5.999926
5.999925
5.999926
5.999016
5.998743
5.999920
5.999916
5.999921
5.999926
5.999551
5.999920
5.999925
5.999926
5.999926
5.999840
5.999760
5.999902
5.999916
5.999923
5.999896
5.998896
5.999926
5.998175
5.999924
5.999436
5.999924
5.999926
5.999926
5.999926
5.999899
5.998714
5.999461
5.998261
5.999924
5.999900
5.999772
5.999926
5.999738
5.996172
5.982658
5.999771
5.970153
5.999237
5.999698
5.999925
5.999880
5.998852
5.999759
5.999925
5.982656
5.711194
5.986044
5.999918
5.999926
5.972601
5.999857
5.999926
5.999926
5.999920
5.956718
5.999926
5.979482
5.997601
5.999924
5.999903
5.999462
5.999926
5.991315
5.768318
5.998946
5.998400
5.997885
5.999814
5.998717
5.998513
5.999922
5.999481
5.710334
5.995059
5.998257
5.999771
5.999926
5.999866
5.999919
5.993476
5.999925
5.999827
5.999926
5.999923
5.999913
5.999497
5.999926
5.999926
5.999878
5.999919
5.999926
5.999926
5.999869
5.999923
5.996383
5.997880
5.999871
5.999890
5.999926
5.999926
5.999914
5.999633
5.999926
5.999600
5.999926
5.999926
5.999926
5.984968
5.998631
5.999926
5.996323
5.996373
5.963822
5.999925
5.999926
5.999926
5.999827
5.999926
5.985822
5.987958
5.999742
5.999891
5.977328
5.723850
5.999617
5.985137
5.792486
5.999829
5.998362
5.999895
5.999926
5.999926
5.999924
5.999925
5.999926
5.999882
5.999868
5.998233
5.700253
5.998185
5.999906
5.999923
5.999891
5.999926
5.999926
5.988495
5.999926
5.999837
5.999832
5.999735
5.999926
5.999923
5.976124
5.999918
5.994008
5.999843
5.999828
5.999926
5.999894
5.999827
5.999926
5.999925
5.999925
5.999903
5.999925
5.999924
5.999925
5.999826
5.999926
5.994520
5.999926
5.998529
-1.564847
5.999923
5.999925
5.998402
5.999925
5.994226
5.999926
5.996194
5.999926
5.999893
5.932565
5.999261
5.999926
5.999844
5.999922
5.999713
5.999888
5.999864
5.985285
5.999848
5.999925
5.999925
5.999926
5.992832
5.999926
5.999926
5.999911
5.999926
5.999926
5.999926
5.999926
5.996072
5.999925
5.879949
5.994751
5.999008
5.936844
5.999585
5.999902
5.999926
5.999926
5.999925
5.999126
5.999634
5.999920
5.999926
5.998401
5.999907
5.993975
5.999921
5.999921
5.999197
5.999794
5.999865
5.999912
5.999926
5.999924
5.999925
5.999926
5.999926
5.999911
5.991175
5.998603
5.999774
5.999925
5.999687
5.999593
5.999921
5.996814
5.976266
5.999925
5.999797
5.999926
5.999926
5.999925
5.998913
5.999926
5.999926
5.994849
5.999122
5.995735
5.939822
5.999874
5.962954
5.999217
5.999895
5.999926
5.999926
5.999926
5.999675
5.999926
5.999925
5.999840
5.999921
5.999905
5.999925
5.464010
5.999925
5.999856
5.999926
5.875055
5.980600
5.999873
5.999926
5.992762
5.999926
5.999906
5.955770
5.999925
5.973270
5.999926
5.999911
5.997723
5.999922
5.999926
5.978058
5.999926
5.999817
5.998679
5.999926
5.999925
5.999926
5.999895
5.998986
5.998201
5.999912
5.999926
5.996738
5.999903
5.999926
5.988707
5.999823
5.999894
5.999922
5.999926
5.999579
5.999926
5.999920
5.999915
5.999688
5.999926
5.997921
5.999926
5.999926
5.999889
5.999894
5.999909
5.999926
5.999926
5.999917
5.999925
5.999921
5.999926
5.439868
5.999919
5.999926
5.997841
5.999926
5.997850
5.999922
5.999576
5.999771
5.999926
5.999891
5.998657
5.999320
5.999925
5.999922
5.999680
5.999921
5.999243
5.999926
5.999926
5.999926
5.999923
5.966305
5.999926
5.990808
5.999926
5.994160
5.999868
5.999926
5.999923
5.999769
5.999866
5.999912
5.998838
5.999926
5.999901
5.992852
5.999922
5.996213
5.999923
5.999503
5.991842
5.780422
5.999926
5.999926
5.999925
5.999926
5.999915
5.999922
5.999923
5.998730
5.999926
5.914149
5.999925
5.998928
5.999840
5.999883
5.999926
5.998476
5.999925
5.999912
5.998939
5.999926
5.999906
5.999926
5.999775
5.998468
5.999814
5.833422
5.999766
5.999920
5.990405
5.999925
5.999926
5.999925
5.999926
5.999303
5.998122
5.999926
5.997962
5.999851
5.999926
5.999563
5.999925
5.999923
5.999926
5.999339
5.998092
5.999926
5.999054
5.986023
5.999926
5.999923
5.999924
5.999878
5.999925
5.999053
5.997918
5.998002
5.999926
5.996205
5.999121
5.999918
5.999926
5.999801
5.999352
5.999723
5.989855
5.999926
5.999926
5.999677
5.999926
5.999636
5.998616
5.999925
5.999893
5.999864
5.999924
5.999926
5.999926
5.999925
5.999926
5.999925
5.999926
5.999249
5.999924
5.983715
5.999499
5.999926
5.999926
5.993429
5.999875
5.999854
5.999907
5.999925
5.999926
5.994182
5.998380
5.999471
5.999926
5.999900
5.999926
5.998531
5.999677
5.993132
5.999922
5.999819
5.999846
5.999374
5.999926
5.999926
5.997766
5.999926
5.999926
5.999915
5.999674
5.999645
5.999926
5.998240
5.999926
5.700005
5.978276
5.999632
5.999888
5.999901
5.999833
5.999456
5.999926
5.999909
5.999922
5.999926
5.939735
5.999926
5.999358
5.998916
5.999154
5.999926
5.999926
5.999926
5.999925
5.999926
5.999925
5.999926
5.999758
5.999584
5.999926
5.999895
5.884340
5.999926
5.999761
5.999919
5.999843
5.999499
5.985678
5.999926
5.797220
5.999882
5.999594
5.999654
5.987428
5.999919
5.999704
5.999923
5.999926
5.914452
5.999925
5.999919
5.999925
5.978310
5.999788
5.999852
5.999926
5.999925
5.999926
5.999741
5.999926
5.999925
5.986452
5.984174
5.999921
5.999763
5.998477
5.999430
5.999924
5.994789
5.997359
5.999787
5.999926
5.999922
5.999917
5.906391
5.999119
5.999844
5.999899
5.999926
5.999926
5.999926
5.999924
5.996558
5.999925
5.999042
5.985506
5.882343
5.999656
5.999878
5.999923
5.996862
5.999926
5.999838
5.999418
5.999926
5.999923
5.999923
5.999913
5.998161
5.846824
5.992848
5.999786
5.999926
5.999926
5.999926
5.996534
5.999926
5.988235
5.999620
5.998164
5.995950
5.999924
5.999926
5.999899
5.999915
5.989514
5.999925
5.952061
5.999926
5.999925
5.998177
5.999925
5.999925
5.999818
5.999926
5.999926
5.999618
5.923671
5.975311
5.999926
5.999926
5.984052
5.999808
5.999926
5.999847
5.999926
5.999924
5.999923
5.999925
5.955138
5.999926
5.999919
5.942232
5.999926
5.995078
5.999846
5.999800
5.999805
5.997597
5.999925
5.999314
5.999918
5.999858
5.999926
5.999926
5.999916
5.999915
5.972465
5.981748
5.996256
5.999926
5.999842
5.999925
5.999926
5.999775
5.999919
5.998096
5.999814
5.999926
5.999909
5.999923
5.999926
5.999926
5.999926
5.999926
5.999883
5.999926
5.999926
5.999925
5.819890
5.999925
5.999926
5.999925
5.999918
5.999924
5.999926
5.997192
5.999596
5.999926
5.999756
2.903734
5.999926
5.999884
5.984280
5.998939
5.965970
5.997449
5.999926
5.999874
5.999669
5.999926
5.999921
5.999925
5.963959
5.999926
5.999926
5.999926
5.999634
5.999926
5.999926
5.996873
5.998430
5.998162
5.998282
5.997899
5.999917
5.999926
5.949087
5.999320
5.999867
5.999926
5.995151
5.999790
5.999903
5.999926
5.999919
5.999926
5.999792
5.999926
5.999915
5.972990
5.999922
5.998074
5.999926
5.999926
5.999926
5.998171
5.999676
5.999742
5.999926
5.994449
5.999856
5.999847
5.998336
5.998185
5.999926
5.999923
5.999903
5.996925
5.999926
5.848808
5.996938
5.999925
5.999882
5.385282
5.993630
5.997375
5.999899
5.999926
5.999925
5.999926
5.994642
5.999926
5.999925
5.999926
5.999926
5.999926
5.999926
5.999926
5.999626
5.995693
5.999153
5.999827
5.999926
5.999925
5.999918
5.999878
5.999926
5.998967
5.987072
5.999098
5.994293
5.999926
5.998769
5.999926
5.963347
5.999926
5.999923
5.999926
5.995833
5.999922
5.999918
5.999925
5.999926
5.999926
5.999926
5.999926
5.999926
5.999644
5.999926
5.999901
5.999696
5.999924
5.997545
5.999914
5.998393
5.998062
5.999901
5.999921
5.999880
5.999925
5.999924
5.999925
5.999926
5.999926
5.999890
5.999923
5.999571
5.999342
5.997757
5.996532
5.999484
5.999887
5.999926
5.998395
5.879216
5.999907
5.999925
5.999919
5.999894
5.999926
5.999871
5.999723
5.999854
5.999909
5.997058
5.999926
5.997378
5.999165
5.999523
5.997177
5.999926
5.999925
5.999925
5.999926
5.999925
5.999926
5.999922
5.761423
5.999893
5.999911
5.999861
5.999923
5.678615
5.999925
5.999923
5.999076
5.999915
5.998304
5.999925
5.999925
5.999926
5.999774
5.997279
5.999926
5.999920
5.994378
5.999926
5.999921
5.999926
5.999886
5.980769
5.999925
5.996358
5.978802
5.998339
5.999925
5.999897
5.995377
5.999925
5.999909
5.999821
5.999917
5.991381
5.999926
5.502503
5.999887
5.999613
5.999906
5.999592
5.999396
5.999913
5.999926
5.999923
5.999926
5.999924
5.999922
5.999925
5.994186
5.887940
5.999795
5.999926
5.999917
5.999849
5.999926
5.999331
5.988423
5.999717
5.999926
5.990021
5.999911
5.999782
5.999758
5.999924
5.999734
5.999926
5.999420
5.998096
5.999499
5.999405
5.999903
5.999918
5.999923
5.999916
5.997248
5.998991
5.996559
5.997722
5.995169
5.947032
5.999926
5.999926
5.999274
5.999726
5.999754
5.999925
5.985560
5.999925
5.999749
5.986482
5.998413
5.566059
5.999926
5.941848
5.988174
5.998986
5.999018
5.999888
5.999926
5.999879
5.999926
5.999923
5.999926
5.999551
5.999921
5.999904
5.999838
5.867637
5.999925
5.999924
5.999887
5.996240
5.999926
5.999826
5.999925
5.999833
5.997622
5.995809
5.999925
5.993611
5.999924
5.999434
5.999926
5.990870
5.999926
5.998459
5.998796
5.999892
5.999925
5.996946
5.999091
5.999781
5.999926
5.993813
5.999901
5.951840
5.995503
5.999860
5.999063
5.999926
5.999692
5.999912
5.999925
5.999926
5.941639
5.999926
5.993516
5.992711
5.999925
5.999923
5.871602
5.999657
5.945482
5.998950
5.763049
5.999851
5.999250
5.859010
5.999923
5.999797
5.999926
5.999926
5.999926
5.999925
5.993966
5.999926
5.999926
5.999919
5.999914
5.823992
5.999915
5.999571
5.999925
5.995632
5.999465
5.991562
5.999898
5.997365
5.998661
5.999875
5.986317
5.999926
5.999925
5.998664
5.997347
5.999926
5.990296
-3.326759
5.999925
5.999926
5.999923
5.999923
5.999926
5.999926
5.999922
5.993716
5.945177
5.999711
5.999926
5.999554
5.999856
5.964512
5.999924
5.959014
5.999203
5.999926
5.999925
5.992358
5.999925
5.999897
5.999926
5.999916
5.999926
5.994000
5.999901
5.999926
5.996578
5.999926
5.999461
5.999402
5.999900
5.999349
5.925686
5.999925
5.999926
5.999926
5.999854
5.999926
5.979392
5.999925
5.999926
5.999924
5.995202
5.999751
5.999925
5.999925
5.999926
5.999926
5.999926
5.999200
5.999813
5.967121
5.999884
5.999926
5.999924
5.999926
5.999925
5.998763
5.999926
5.999926
5.999865
5.999926
5.999921
5.999913
5.999879
5.999885
5.999892
5.999926
5.999926
5.999922
5.986310
5.998221
5.998999
5.999926
5.999902
5.998145
5.999924
5.999908
5.999816
5.998500
5.999892
5.999926
4.884928
5.693132
5.999926
5.999926
-3.110898
5.999926
5.999926
5.999923
5.999926
5.999926
5.999880
5.999926
5.999924
5.999926
5.999618
5.998695
5.999926
5.999925
5.999926
5.999872
5.999926
5.999568
5.999600
5.991526
5.999910
5.999926
5.930919
5.999886
5.999910
5.999926
5.999926
5.999926
5.999926
5.999925
5.993040
5.999500
5.997844
5.999925
5.930587
5.997942
5.999926
5.957898
5.999925
5.999758
5.999914
5.999926
5.998080
5.998742
5.999926
5.999924
5.992010
5.999924
5.999606
5.999926
5.999815
5.999926
5.942064
5.999925
5.999922
5.999924
5.999175
5.999926
5.999924
5.984517
5.999926
5.999091
5.999836
5.997461
5.964191
5.999926
5.999911
5.999925
5.999926
5.999923
5.999654
5.996076
5.999921
5.999926
5.967505
5.999926
5.999837
5.999919
5.999926
5.999798
5.999748
5.999415
5.999926
5.999926
5.999869
5.999925
5.975815
5.999610
5.999433
5.999916
5.999437
5.999926
5.998465
5.934880
5.999925
5.999502
5.999926
5.972509
5.999924
5.999926
5.999907
5.993494
5.995170
5.999926
5.997795
5.999926
5.999814
5.999772
5.999915
5.999926
5.999926
5.999926
5.993360
5.999926
5.999372
5.999833
5.999922
5.999875
5.999926
5.999925
5.999808
5.999677
5.999926
5.999733
5.999444
5.999918
5.994300
5.999324
5.999744
5.999150
5.999926
5.946371
5.999926
5.999926
5.999926
5.969515
5.992535
5.832325
5.999926
5.999829
5.999924
5.999578
5.998017
5.999926
5.998327
5.999921
5.999910
5.999754
5.999926
5.999225
5.999346
5.999926
5.999926
5.999922
5.999866
5.999926
5.999334
5.999926
5.999482
5.998215
5.994088
5.999926
5.999925
5.999913
5.999855
5.998637
5.999763
5.998974
5.998616
5.994605
5.995331
5.999922
5.999925
5.993116
5.953914
5.997759
5.999801
5.999926
5.999855
5.998404
5.999926
5.999926
5.999926
5.999685
5.999923
5.999926
5.999914
5.999925
5.999378
5.999926
5.999923
5.984837
5.973583
5.997565
5.991618
5.998344
5.999923
5.999925
5.999876
5.999187
5.999925
5.999644
5.995830
5.999925
5.999926
5.999851
5.999926
5.999925
5.999909
5.999861
5.999923
5.999925
5.999926
5.999837
5.999922
5.999926
5.999926
5.999926
5.999898
5.991128
5.999926
5.999926
5.999923
5.999872
5.998312
5.999826
5.998133
5.999461
5.998479
5.999926
5.999925
5.980135
5.996060
5.996985
5.999926
5.991010
5.999926
5.998792
5.999926
5.999204
5.999909
5.998052
5.998298
5.999749
5.984614
5.997256
5.999926
5.999925
5.999925
5.999926
5.999925
5.999926
5.992916
5.999926
5.999925
5.846952
5.999926
5.999863
5.999925
5.999925
5.999925
5.999926
5.950799
5.999926
5.999901
5.999926
5.999819
5.999863
5.988624
5.999765
5.999866
5.997172
5.999924
5.999923
5.999926
5.999925
5.999925
5.994465
5.999801
5.999926
5.999906
5.997446
5.998243
5.999924
5.999926
5.999842
5.986930
5.998498
5.999923
5.999883
5.990675
5.998137
5.999236
5.999926
5.995021
5.996885
5.999119
5.999913
5.999923
5.997317
5.870956
5.999924
5.999567
5.999912
5.997700
5.997652
5.999923
5.998894
5.999912
5.926219
5.999882
5.901713
5.999925
5.999484
5.989180
5.999787
5.991531
5.999926
5.999922
5.999926
5.998868
5.999748
5.989397
5.975900
5.981742
5.998669
5.999905
5.999357
5.925059
5.992439
5.999806
5.999914
5.999917
5.999926
5.982235
5.999914
5.999924
5.986588
5.999925
5.998850
5.998150
5.990551
5.999926
5.999195
5.960778
5.945875
5.999679
5.761921
5.979468
5.998320
5.999893
5.998780
5.999925
5.999698
5.961669
5.999926
5.999926
5.998020
5.995216
5.999925
5.993885
5.999726
5.999482
5.999926
5.998918
5.999691
5.999925
5.994663
5.998783
5.999926
5.999924
5.999911
5.999907
5.906360
5.999890
5.997751
5.999926
5.977358
5.999926
5.999872
5.999191
5.999926
5.559960
5.999924
5.995583
5.998199
5.999866
5.999923
5.999924
5.999926
5.999926
5.999926
5.999810
5.765083
5.999855
5.999829
5.999056
5.999926
5.999495
5.999925
5.990770
5.999926
5.997332
5.999919
5.999926
5.997050
5.999374
5.989751
5.999898
5.999922
5.999925
5.999925
5.999926
5.999925
5.999777
5.999921
5.999921
5.928494
5.999897
5.998161
5.999926
5.998713
5.997489
5.999926
5.999716
5.999926
5.999587
5.856480
5.976762
5.999925
5.999903
5.996442
5.999803
5.999921
5.999926
5.997370
5.999335
5.979658
5.999926
5.977142
5.999926
5.992751
5.999502
5.991700
5.999926
5.999926
5.999926
5.963220
5.999924
5.999923
5.993819
5.998972
5.999921
5.999924
5.998948
5.999926
5.999926
5.999847
5.999832
5.999926
5.915218
5.999901
5.998546
5.992137
5.934580
5.994961
5.999926
5.999895
5.955320
5.998301
5.999628
5.999925
5.999887
5.999142
5.999909
5.999924
5.999877
5.999284
5.856287
5.999926
5.999926
5.999926
5.999850
5.999926
5.929751
5.989623
5.930572
5.999143
5.999890
5.999925
5.999926
5.994216
5.999795
5.999911
5.999925
5.999718
5.999926
5.999572
5.999926
5.999800
5.999818
5.999926
5.990613
5.999923
5.101303
5.964958
5.999869
5.999853
5.999926
5.998015
5.999738
5.999926
5.998861
5.999926
5.999926
5.999924
5.999926
5.874648
5.999616
5.997794
5.999629
5.999926
5.999925
5.999579
5.983467
5.996577
5.999926
5.998456
5.999926
5.999923
5.963275
5.999924
5.997399
5.983765
5.997870
5.996170
5.441115
5.999926
5.999924
5.998606
5.999925
5.999544
5.984248
5.996274
5.999921
5.999883
5.864537
5.991259
5.999874
5.952554
5.992467
5.999919
5.999926
5.999840
5.999896
5.972791
5.993421
5.999925
5.927242
5.952732
5.999926
5.996895
5.975896
5.999925
5.991454
4.453613
5.999925
5.999926
5.999926
5.988290
5.999598
5.999853
5.999736
5.999913
5.999920
5.999925
5.999926
5.999074
5.999919
5.999923
5.999926
5.999925
5.995507
5.999667
5.999726
5.999926
5.999923
5.962670
5.998407
5.999908
5.999926
5.999138
5.970282
5.999926
5.999925
5.999755
5.999925
5.999672
5.997723
5.986417
5.999926
5.946925
5.998826
5.755025
5.999925
5.836965
5.999924
5.999925
5.998147
5.999891
5.999926
5.996623
5.999699
5.999926
5.999926
5.998876
5.983837
5.999777
5.999926
5.999583
5.999756
5.989190
5.926077
5.999918
5.997046
5.955402
5.999926
5.998887
5.999926
5.999877
5.353062
5.997247
5.999924
5.999926
5.997671
5.999926
5.996534
5.999926
5.999913
5.568361
5.999925
5.999926
5.999926
5.999899
5.999829
5.998088
5.999556
5.999793
5.983901
5.999923
5.999443
5.999103
5.999926
5.999143
5.956419
5.969561
5.992847
5.996518
5.999926
5.999743
5.999925
5.999926
5.999923
5.999886
5.996044
5.999926
5.843396
5.999879
5.999710
5.998602
5.998896
5.999924
5.999924
5.999305
5.999926
5.940351
5.999926
5.999926
4.236664
5.999196
5.999875
5.998447
5.998302
5.999852
5.969277
5.999925
5.998156
5.999925
5.999476
5.999900
5.865558
5.999925
5.999924
5.999924
5.999716
5.999878
5.997539
5.999707
5.999924
5.999923
5.996994
5.999783
5.987047
5.999710
5.999917
5.999924
5.999877
5.990806
5.999435
5.999918
5.999919
5.999926
5.999926
5.999926
5.995345
5.965994
5.990920
5.999925
5.999926
5.999923
5.999912
5.999926
5.999925
5.999926
5.999926
5.998603
5.999858
5.999926
5.999158
5.991395
5.998736
5.999922
5.996143
5.998609
5.999926
5.886559
5.996045
5.999918
5.999915
5.999844
5.999925
5.999185
5.979874
5.999905
5.999360
5.999925
5.999918
5.999926
5.999854
5.999877
5.855655
5.999926
5.999485
5.945572
5.999765
5.999427
5.999926
5.999910
5.796711
5.931212
5.999469
5.999926
5.992724
5.999926
5.999925
5.987373
5.999695
5.992546
5.998536
5.999528
5.999918
5.999643
5.999529
5.999127
5.999926
5.999790
5.999926
5.999926
5.999926
5.999924
5.999538
5.999697
5.994819
5.999925
5.999924
5.999880
5.999926
5.999926
5.998845
5.999722
5.999925
5.999796
5.999889
5.999913
5.999894
5.998440
5.999926
5.999895
5.969141
5.999656
5.999884
5.999926
5.988467
5.999926
5.999926
5.999907
5.999902
5.999863
5.999879
5.999925
5.999843
5.999926
5.999925
5.999903
5.999926
5.999926
5.999926
5.992160
5.999394
5.999926
5.999880
5.999925
5.999389
5.999924
5.993154
5.999881
5.999910
5.999925
5.996879
5.982186
5.848472
5.999150
5.999926
5.998854
5.999926
5.995173
5.999454
5.999924
5.999926
5.899357
5.997953
5.975481
5.999924
5.999926
5.951030
5.999926
5.999925
5.999417
5.999923
5.999926
5.985262
5.999925
5.999914
5.999926
5.999562
5.998374
4.376902
5.999926
5.998551
5.976384
5.913550
5.999925
5.999923
5.997763
5.999922
5.999813
5.999833
5.998989
5.999926
5.999925
5.999057
5.999926
5.999925
5.994013
5.999926
5.999924
5.999923
5.999926
5.996437
5.999850
5.999925
5.999865
5.999915
5.994930
5.999923
5.999916
5.999925
5.999926
5.999890
5.999926
5.999080
5.999926
5.998599
5.999630
5.999926
5.999171
5.991661
5.999699
5.997465
5.999926
5.998707
5.999926
5.999790
5.998152
5.999660
5.999926
5.999903
5.998995
5.918417
5.999926
5.994775
5.999926
5.999925
5.999286
5.999923
5.981489
5.999737
5.999924
5.999926
5.986814
5.999621
5.999926
5.998377
5.999925
5.999925
5.999926
5.999821
5.999924
5.999832
5.999926
5.972518
5.999924
5.999925
5.999926
5.999016
5.995216
5.999926
5.999926
5.999924
5.997167
5.999926
5.998199
5.999925
5.999926
5.999882
5.999926
5.999916
5.999801
5.999753
5.999926
5.999912
5.997869
5.999925
5.963100
5.993393
5.999606
5.998718
5.999908
5.993448
5.998996
5.999860
5.999925
5.998688
5.999893
5.987318
5.999457
5.954673
5.999795
5.999926
5.996883
5.983967
5.999925
5.999925
5.999848
5.999577
5.998802
5.999926
5.995834
5.998664
5.999914
5.999925
5.999926
5.997062
5.999202
5.999925
5.994619
5.999745
5.999904
5.999926
5.999836
5.999859
5.999926
5.999904
5.999926
5.999769
5.999025
5.999926
5.999926
5.999897
5.999926
5.999926
5.999885
5.999925
5.999926
5.999926
5.999139
5.837986
5.999926
5.999766
5.999918
5.999798
5.999926
5.999919
5.999909
5.999926
5.999923
5.999902
5.906875
5.996626
5.973205
5.999877
5.994807
5.999926
5.999915
5.999745
5.999922
5.999926
5.996769
5.999926
5.999926
5.999926
5.998775
5.891200
5.996740
5.999926
5.999926
5.999926
5.999897
5.999925
5.995103
5.999926
5.998420
5.999887
5.999925
5.999844
5.974676
5.979515
5.997713
5.999901
5.940700
5.999921
5.999926
5.999925
5.999926
5.999920
5.999925
5.999926
5.999908
5.995859
5.999637
5.999926
5.984393
5.994085
5.999908
5.999923
5.999926
5.999891
5.999922
5.999926
5.999437
5.999918
5.999926
5.999924
5.999926
5.999046
5.999749
5.998440
5.999899
5.999877
5.999926
5.999926
5.999924
5.999925
5.996434
5.986595
5.999915
5.998972
5.999926
5.999925
5.999884
5.999926
5.997494
5.998582
5.999926
5.999926
5.999303
5.994205
5.993636
5.990864
5.999913
5.999430
5.991868
5.995182
5.999925
5.999745
5.994479
5.999926
5.999915
5.996638
5.996132
5.999904
5.999926
5.999926
5.999926
5.999911
5.999926
5.985805
5.999926
5.999718
5.999714
5.999926
5.999922
5.982275
5.999926
5.991607
5.996839
5.911865
5.999152
5.996557
5.999846
5.998331
5.999926
5.999851
5.999885
5.999926
5.999926
5.998993
5.999909
5.999926
5.916364
5.999925
5.998884
5.995664
5.994821
5.999926
5.999926
5.999925
5.999046
5.999925
5.999925
5.999020
5.999919
5.999925
5.999925
5.999925
5.999926
5.999926
5.999895
5.999743
5.999925
5.998093
5.998069
5.999424
5.999926
5.999788
5.992178
5.997742
5.583716
5.999924
5.999696
5.999110
5.999923
5.999909
5.999686
5.999873
5.999893
5.999926
5.999926
5.999925
5.999921
5.996036
5.999762
5.999926
5.999926
5.999920
5.999926
5.996517
5.959447
5.999926
5.999926
5.999926
5.999923
5.999926
5.999926
5.999926
5.999847
5.999925
5.999925
5.999926
5.999709
5.999926
5.991102
5.999567
5.999917
5.999925
5.997769
5.999925
5.999920
5.999654
5.999923
5.999922
5.996396
5.999846
5.999926
5.999926
5.994357
5.999926
5.999900
5.999926
5.999042
5.848300
5.952996
5.997394
5.983707
5.998578
5.999926
5.999926
5.999926
5.993942
5.999567
5.999925
5.999921
5.959795
5.999926
5.999926
5.999924
5.999925
5.999905
5.986663
5.999926
5.999854
5.981130
5.999445
5.999926
5.999925
5.999923
5.999317
5.999880
5.999918
5.998327
5.993939
5.991601
5.999641
5.999926
5.999925
5.999926
5.999812
5.962381
5.999892
5.988995
5.999926
5.983588
5.999925
5.999925
5.999797
5.999925
5.999905
5.999898
5.999922
5.999926
5.999885
5.999926
5.999926
5.999926
5.999926
5.999923
5.999916
5.999926
5.999926
5.999926
5.999655
5.999909
5.999926
5.999627
5.999925
5.999417
5.999924
5.999915
5.997182
5.999885
5.995717
5.999915
5.999926
5.999894
5.912923
5.999926
5.999842
5.999926
5.998962
5.999926
5.961902
5.999570
5.999910
5.999923
5.977920
5.995482
5.999910
5.999890
5.999924
5.999926
5.998740
5.991780
5.999914
5.998813
5.999904
5.999925
5.997855
5.999490
5.999925
5.998083
5.999922
5.999459
5.849300
5.999926
5.999926
5.999912
5.999926
5.999926
5.999926
5.999739
5.999920
5.998281
5.999924
5.999926
5.999924
5.835068
5.999926
5.999926
5.999919
5.999925
5.999865
5.997841
5.998394
5.999923
5.999924
5.999878
5.999926
5.999926
5.999923
5.999926
5.799533
5.999142
5.999925
5.999926
5.999926
5.999910
5.952390
5.999855
5.999925
5.999926
5.348556
5.999892
5.996999
5.998995
5.999892
5.999749
5.999207
5.999917
5.999923
5.999924
5.999044
5.999921
5.851371
5.999926
5.907129
5.998932
5.999925
5.998427
5.999926
5.999926
5.999899
5.999926
5.997409
5.999926
5.999919
5.999925
5.999835
5.999922
5.999522
5.999926
5.999926
5.999925
5.999926
5.999872
5.999904
5.995396
5.999853
5.998707
5.999925
5.999926
5.750128
5.962522
5.999925
5.878846
5.974405
5.999858
5.999697
5.999925
5.974852
4.922271
5.999804
5.999923
5.988045
5.999926
5.999926
5.999856
5.999926
5.999926
5.999924
5.901826
5.999925
5.999912
5.991412
5.999926
5.997922
5.999735
5.999926
5.999925
5.999764
5.999925
5.999919
5.999926
5.999925
5.999836
5.998956
5.999820
5.990993
5.999887
5.990856
5.999926
5.999883
5.999925
5.999887
5.999922
5.998136
5.999850
5.999924
5.999926
5.999562
5.999865
5.999159
5.999919
5.999125
5.999899
5.999926
5.999923
5.998277
5.999913
5.988546
5.999926
5.991584
5.999926
5.999855
5.999926
5.999904
5.999909
5.999908
5.999917
5.999612
5.999925
5.997354
5.999926
5.999923
5.999912
5.999911
5.999926
5.999926
5.997139
5.999924
5.999626
5.999039
5.999922
5.999160
5.998861
5.999926
5.999926
5.999480
5.999924
5.999913
5.951231
5.992871
5.999657
5.999182
5.987341
5.999926
5.994725
5.998550
5.999297
5.998207
5.999897
5.999851
5.938318
5.999926
5.999914
5.991383
5.999926
5.989204
5.999888
5.999690
5.999909
5.999926
5.999464
5.999926
5.999201
5.999925
5.955367
5.999926
5.998590
5.999926
5.998003
5.999926
5.993263
5.999680
5.999917
5.998409
5.946594
5.990480
5.999926
5.999463
5.999926
5.999903
5.998815
5.999866
5.999919
5.985506
5.999915
5.999925
5.999875
5.999925
5.999835
5.999924
5.999926
5.999926
5.738105
5.998442
5.999926
5.999926
5.909899
5.999639
5.999845
5.999864
5.999926
5.999917
5.190506
5.999748
5.999859
5.999926
5.999920
5.996324
5.999267
5.999892
5.993165
5.999913
5.999834
5.999863
5.999923
5.999926
5.999925
5.999926
5.994911
5.999926
5.999926
5.999350
5.999926
5.999856
5.999892
5.874778
5.999926
5.999926
5.999915
5.999924
5.999926
5.997881
5.999863
5.957384
5.999071
5.999925
5.999721
5.999926
5.999876
5.999925
5.999907
5.999925
5.999926
5.999061
5.999905
5.888241
5.999925
5.999926
5.999926
5.999926
5.999912
5.995189
5.999780
5.972801
5.999906
5.998401
5.999872
5.999870
5.932491
5.999769
5.999035
5.982962
5.999893
5.999923
5.999926
5.993181
5.999919
5.998871
5.999926
5.991984
5.999901
5.999558
5.999926
5.999925
5.999857
5.971929
5.999903
5.998067
5.999925
5.999926
5.999849
5.999888
5.999754
5.988571
5.999908
5.999926
5.999926
5.999926
5.996901
5.999924
5.999926
5.999771
5.999861
5.999926
5.998925
5.999674
5.999926
5.999924
5.999925
5.999844
5.995451
5.999840
5.999925
5.999926
5.999926
5.999926
5.993986
5.999172
5.999926
5.993941
5.999926
5.997998
5.999796
5.999926
-3.300437
5.999917
5.999925
5.999536
5.998486
5.993930
5.999926
5.999919
5.999925
5.999926
5.999589
5.999921
5.999876
5.999926
5.999926
5.999926
5.999926
5.950598
5.998312
5.951642
5.999755
5.999909
5.999905
5.999924
5.986672
5.996914
5.997846
5.998882
5.999888
5.999926
5.999925
5.962914
5.999816
5.998092
5.999913
5.998283
5.999570
5.999926
5.999926
5.999926
5.999585
5.974332
5.999699
5.999164
5.999925
5.995606
5.999926
5.999382
5.999926
5.999925
5.999672
5.999926
5.999923
5.999926
5.998399
5.999347
5.999926
5.997467
5.991791
5.999926
5.979653
5.999861
5.999926
5.999926
5.977295
5.999882
5.999926
5.999234
5.976659
5.994906
5.999879
5.999866
5.996119
5.999925
5.999922
5.999216
5.999501
5.999922
5.999891
5.999926
5.999239
5.998857
5.999926
5.961430
5.999925
5.999840
5.999925
5.999921
5.998666
5.999537
5.999921
5.999870
5.999424
5.999926
5.999926
5.890225
5.997507
5.999911
5.999353
5.999926
5.999498
5.999891
5.998753
5.999926
5.997227
5.989606
5.999230
5.999925
5.999925
5.999926
5.883960
5.999926
5.999926
5.999926
5.999926
5.999145
5.999922
5.999926
5.996078
5.999887
5.999826
5.999924
5.999306
5.999926
5.998359
5.999877
5.999923
5.999922
5.999926
5.999875
5.999926
5.999926
5.999919
5.999926
5.999105
5.997106
5.999293
5.999926
5.999925
5.999920
5.999926
5.997161
5.999885
5.999926
5.983433
5.999926
5.999914
5.999891
5.999926
5.999925
5.994049
5.999926
5.997979
5.999573
5.999924
5.999926
5.999452
5.989034
5.997769
5.999926
5.999926
5.999183
5.999924
5.999926
5.999913
5.999925
5.998582
5.999775
5.999926
5.999874
5.997790
5.999897
5.999926
5.999923
5.999926
5.999891
5.999917
5.998390
5.999861
5.999926
5.999926
3.877325
5.999926
5.999835
5.999923
5.997106
5.999925
5.999909
5.999913
5.999926
5.999924
5.999898
5.993235
5.999879
5.997184
5.999860
5.961629
5.999926
5.999137
5.999860
5.999642
5.999246
5.999926
5.999921
5.999924
5.997719
5.999167
5.998719
5.993215
5.978357
3.530574
5.999925
5.999232
5.999926
5.959356
5.999926
5.999926
5.999926
5.999926
5.999926
5.998687
5.999865
5.954675
5.999878
5.999762
5.999839
5.999925
5.999926
5.999919
5.999926
5.999926
5.999922
5.999926
5.999925
5.999926
5.999925
5.999926
5.999926
5.585491
5.999860
5.999925
5.999926
5.999876
5.999926
5.999911
5.998450
5.999922
5.999458
5.999770
5.990550
5.998462
5.976952
5.999596
5.999922
5.999907
5.999536
5.994934
5.999885
5.999926
5.999923
5.999925
5.999554
5.999925
5.999820
5.996335
5.999200
5.999793
5.999925
5.967559
5.999924
5.999926
5.999923
5.999926
5.999926
5.999926
5.992753
4.237773
5.998748
5.985628
5.999923
5.999926
5.997264
5.995951
5.999918
5.999924
5.999922
5.999767
5.999926
5.999736
5.999923
5.999925
5.999926
5.999914
5.979904
5.999926
5.997328
5.997581
5.999926
5.986742
5.999926
5.996916
5.999926
5.999926
5.999917
5.993817
5.999363
5.999925
5.999926
5.999736
5.999925
5.999926
5.999717
5.997558
5.999923
5.999899
5.993351
5.999925
5.999896
5.999926
5.998363
2.399744
5.999922
5.931631
5.999921
5.999731
5.971670
5.999869
5.999818
5.999896
5.999926
5.999925
5.999401
5.999924
5.999926
5.999785
5.999918
5.998979
5.999746
5.999855
5.999905
5.999912
5.999926
5.999716
5.999163
5.999925
5.999727
5.999926
5.999926
5.994667
5.999924
5.910889
5.999919
5.999925
5.999923
5.999398
5.999916
5.999923
5.999926
5.882191
5.987367
5.999907
5.999907
5.999913
5.999902
5.937442
5.998444
5.999849
5.999926
5.999898
5.962275
5.999926
5.995963
5.999856
5.999926
5.999923
5.999926
5.999680
5.999925
5.998376
5.974200
5.999925
5.999886
5.999926
5.999750
5.999651
5.975877
5.616201
5.999305
5.999926
5.982494
5.999925
5.998431
5.999925
5.999669
5.999926
5.994141
5.999925
5.999926
5.997635
5.999924
5.999926
5.999155
5.999924
5.999926
5.999925
5.999703
5.989404
5.999913
5.999835
5.999926
5.999805
5.995933
5.999924
5.999923
5.659566
5.999924
5.999837
5.944413
5.999926
5.999832
5.999884
5.990395
5.999919
5.998992
5.999903
5.999798
5.999413
5.997034
5.992139
5.999791
5.997472
5.999926
5.999924
5.961311
5.992354
5.999926
5.998306
5.993870
5.999803
5.999913
5.999398
5.947820
5.999926
5.913128
5.999926
5.999926
5.998388
5.968352
5.998639
5.999925
5.999926
5.999887
5.999918
5.999916
5.994017
5.999627
5.999785
5.998519
5.999756
5.999926
5.999768
5.999657
5.999785
5.999926
5.999926
5.999925
5.999920
5.999926
5.999925
5.999926
5.999923
5.989001
5.994797
5.999439
5.981120
5.999926
5.998531
5.999926
5.997436
5.898793
5.999907
5.999923
5.999922
5.992549
5.999926
5.991047
5.999923
5.999925
5.996980
5.999924
5.997867
5.998969
5.999921
5.999926
5.999547
5.999856
5.998949
5.997649
5.999926
5.999926
5.999926
5.999889
5.999926
5.998884
5.968666
5.999451
5.999839
5.999923
5.999926
5.988748
5.999924
5.874633
5.999818
5.996219
5.999925
5.999923
5.999926
5.973814
5.999763
5.999926
5.994931
5.814182
5.999925
5.990837
5.999841
5.999921
5.999926
5.999926
5.999926
5.999925
5.999926
5.868296
5.997555
5.999880
5.999917
5.999443
5.999926
5.998555
5.999926
5.997622
5.991071
5.999926
5.998790
5.999897
5.998158
5.999926
5.992476
5.999922
5.999815
5.998695
5.779103
5.934719
5.999908
5.999897
5.998794
5.999860
5.927616
5.988241
5.999925
5.999596
5.999873
5.999926
5.869718
5.999409
5.998028
5.999920
5.999919
5.999909
5.999926
5.999926
5.999926
5.999924
5.999785
5.999902
5.999924
5.953432
5.949122
5.999134
5.999462
5.999140
5.971711
5.994607
5.999861
5.999926
5.999926
5.993739
5.998135
5.994923
5.998276
5.999840
5.999855
5.999926
5.999926
5.999926
5.999834
5.999925
5.999886
5.999110
5.999313
5.991602
5.997856
5.999808
5.958575
5.947321
5.999925
5.999733
5.999926
5.998435
5.999925
5.999922
5.999924
5.999926
5.999721
5.999838
5.977014
5.999926
5.999926
5.999926
5.999346
5.434317
5.999924
5.999715
5.997779
5.982956
5.999924
5.999926
5.999926
5.996402
5.999918
5.982971
5.980454
5.999926
5.999926
5.999388
5.999926
5.999924
5.999926
5.999683
5.987611
-3.131423
5.999925
5.999226
5.999862
5.939132
5.999668
5.998868
5.999774
5.999273
5.999923
5.999911
5.940712
5.999892
5.998145
5.999926
5.999057
5.999926
5.999835
5.997524
5.999352
5.994776
5.999924
5.999926
5.999853
2.913349
5.999926
5.999925
5.999450
5.999926
5.999925
5.999879
5.999925
5.999925
5.999246
5.982522
5.999926
5.999295
5.999925
5.874422
5.998532
5.999117
5.999926
5.991330
5.999926
5.997045
5.999926
5.999769
5.997535
5.993681
5.997615
5.999923
5.999863
5.865894
5.994081
5.999914
5.997048
5.999921
5.999926
5.999926
5.998137
5.999899
5.999926
5.999926
5.999926
5.999889
5.999106
5.999926
5.999925
5.999592
5.992957
5.975266
5.999520
5.999607
5.999911
5.997119
5.999922
5.999926
5.997604
5.999925
5.979123
5.993616
5.999817
5.175916
5.999302
5.999904
5.999781
5.999909
5.998523
5.998023
5.999898
5.999925
5.999921
5.999926
5.999926
5.998819
5.999926
5.999926
5.997521
5.991173
5.997532
5.999924
5.999925
5.997530
5.999925
5.998879
5.999905
5.997457
5.992154
5.999926
5.999799
5.999926
5.999924
5.999925
5.999367
5.999916
5.983830
5.657030
5.999897
5.999898
5.999926
5.948066
5.453286
5.999926
5.999926
-0.676644
5.996161
5.991268
5.999909
5.999146
5.999925
5.999906
5.999479
5.991011
5.999732
5.999926
5.999925
5.662952
5.999925
5.999926
5.999926
5.999926
5.999926
5.999277
5.362491
5.993155
5.999925
5.994703
5.999262
5.999913
5.998671
5.999926
5.999614
5.993036
5.999852
5.999926
5.999926
5.999656
5.999926
5.999926
5.998646
5.999926
5.999924
5.999911
5.999926
3.309970
5.894737
5.998327
5.999404
5.999875
5.999267
5.999334
5.999602
5.999926
5.999926
5.999908
5.999574
5.999913
5.999926
5.999926
5.999925
5.999033
5.999917
5.999926
5.998618
5.999906
5.999926
5.999926
5.999231
5.999926
5.999924
5.999926
5.985381
5.999422
5.979779
5.999925
5.999921
5.997054
5.999865
5.987034
5.999921
5.999871
5.980615
5.997831
5.999883
5.999763
5.999926
5.999923
5.999924
5.999918
5.947839
5.999864
5.999606
5.999926
5.996884
5.999926
5.999918
5.999926
5.999907
5.999923
5.999926
5.999876
5.999926
5.813038
5.999924
5.999926
5.999799
5.998907
4.641779
5.999742
5.999926
5.999925
5.999920
5.999903
5.999925
5.999925
5.999926
5.999926
5.999925
5.999232
5.998919
5.999926
5.999918
5.997571
5.999916
5.999925
5.999208
5.999925
5.999502
5.968220
5.999925
5.999508
5.999925
5.994335
5.996253
5.998372
5.999926
5.999823
5.999369
5.999920
5.999921
5.999096
5.999723
5.999926
5.999925
5.999679
5.987236
5.999926
5.999926
5.999922
5.999618
5.972528
5.999871
5.999926
5.999926
5.999925
5.999924
5.999757
5.999896
5.999902
5.999926
5.999471
5.999918
5.871779
5.994056
5.999926
5.999925
5.951100
5.997167
5.999889
5.999924
5.999555
5.999540
5.999923
5.998438
5.999925
5.999923
5.999901
5.999918
5.999926
5.999919
5.976754
5.998862
5.999926
5.972813
5.999925
5.991159
5.999926
5.858221
5.830968
5.999925
5.994918
5.999772
5.999926
5.967766
5.999926
5.999824
5.999925
5.999924
5.820869
5.997180
5.998085
5.998228
5.999809
5.999926
5.999926
5.998047
5.999893
5.999926
5.999919
5.999925
5.999779
5.999325
5.999926
5.999576
5.999904
5.999892
5.999925
5.999926
5.999872
5.999926
5.999667
5.998026
5.999900
5.996522
5.996932
5.999926
5.999926
5.996542
5.999152
5.986552
5.999918
5.999926
5.992182
5.999926
5.999421
5.999882
5.994712
5.999926
5.999805
5.999647
5.999910
5.992675
5.999926
5.998402
5.999925
5.999294
5.999926
5.999921
5.995095
5.988156
5.999874
5.993428
5.999926
5.999926
5.998232
5.999924
5.999797
5.999170
5.999924
5.996945
5.999926
5.999925
5.998168
5.997686
5.996617
5.999925
5.999818
5.999925
5.999926
5.999926
5.872071
5.999926
5.999920
5.995953
5.999926
5.999048
5.999926
5.999882
5.999633
5.999919
5.998794
5.999926
5.995896
5.999926
5.999840
5.998204
5.999913
5.997659
5.999926
5.999926
5.978519
5.999504
5.999216
5.984014
5.990255
5.960901
5.999016
5.999926
5.999926
5.999924
5.999888
5.966062
5.999924
5.999863
5.999926
5.999834
5.999839
5.999926
5.998117
5.999924
5.999889
5.999882
5.997485
5.999926
5.987286
5.999926
5.999924
5.999850
5.995472
5.999827
5.999926
5.999925
5.999884
5.999926
5.999926
5.999141
5.999925
5.999926
5.999921
5.999926
5.999924
5.999925
5.919940
5.999926
5.999925
5.999926
5.997014
5.999788
5.999885
5.999533
5.999917
5.999536
5.976588
5.999926
5.998276
5.999812
5.972363
5.999925
5.999733
5.999923
5.997030
5.960236
5.999921
5.999926
5.997019
5.999926
5.998290
5.999860
5.999926
5.999922
5.999734
5.999926
5.999925
5.999925
5.999924
5.999926
5.993638
5.999920
5.999925
5.999925
5.972003
5.994197
5.999926
5.999925
5.998023
5.999926
5.971711
5.999920
5.816411
5.999896
5.972319
5.999921
5.999919
5.999926
5.999891
5.999926
5.999926
5.999925
5.999751
5.994920
5.999924
5.999926
5.999925
5.999926
5.994599
5.999926
5.996711
5.999924
5.999922
5.998940
5.999926
5.999926
5.999736
5.999878
5.999627
5.999913
5.999926
5.999926
5.999926
5.999921
5.984194
5.999926
5.999040
5.999920
5.852249
5.999925
5.999835
5.986616
5.997784
5.999713
5.999868
5.999915
5.999925
5.999926
5.999902
5.993172
5.999916
5.999366
5.999662
5.999583
5.999822
5.999916
5.999925
5.974720
5.999926
5.999909
5.999926
5.998262
5.999863
5.997661
5.999129
5.999829
5.999925
5.997059
5.998948
5.999809
5.999926
5.999926
5.999926
5.835697
5.999926
5.999926
5.999922
5.998915
5.998555
5.999883
5.999585
5.999872
5.999253
5.994692
5.999013
5.999925
5.999926
5.997451
5.999906
5.999925
5.999496
5.999054
5.999926
5.986541
5.999819
5.999926
5.999923
5.999748
5.998009
5.998671
5.999873
5.999649
5.999926
5.999871
5.999925
5.998606
5.999926
5.998462
5.999925
5.999926
5.999840
5.990195
5.999582
5.990320
5.999926
5.899049
5.999921
5.999926
5.999657
5.999926
5.979715
5.996258
5.999925
5.999926
5.999923
5.996885
5.971259
5.999897
5.999627
5.999925
5.999060
5.999865
5.999660
5.998564
5.999319
5.999926
5.875520
5.996816
5.999926
5.999916
5.999926
5.999926
5.999925
5.999926
5.994289
5.998577
5.999904
5.999926
5.999920
5.998239
5.999923
5.998921
5.999918
5.512519
5.999926
5.999641
5.999926
5.995231
5.937800
5.999926
5.999926
5.999926
5.999918
5.999926
5.999068
5.999851
5.999926
5.999872
5.999926
5.999686
5.999926
5.999926
5.999674
5.999808
5.999926
5.999926
5.998187
5.999832
5.999884
5.998442
5.999702
5.864076
5.999297
5.999926
5.999921
5.999805
5.999926
5.999917
5.999851
5.999527
5.997616
5.999926
5.999157
5.999060
5.964568
5.999362
5.998521
5.971119
5.999536
5.999745
5.999924
5.999925
5.999926
5.997397
5.995608
5.999043
5.999926
5.999926
5.990908
5.997258
5.999010
5.999926
5.999775
5.999847
5.999728
5.999922
5.999922
5.997254
5.999892
5.999926
5.999804
5.999926
5.986282
5.999926
5.999851
5.999925
5.999547
5.935297
5.999926
5.999926
5.994651
5.999912
5.999926
5.999672
5.999822
5.999926
5.999558
5.999926
5.999495
5.999926
5.999926
5.999063
5.999876
5.999923
5.999926
5.999925
5.999926
5.999926
5.999926
5.999926
5.999916
5.999834
5.999926
5.999921
5.993266
5.999916
5.998655
5.999924
5.999520
5.999923
5.999926
5.999732
5.999925
5.999914
5.999707
5.999162
5.999152
5.952472
5.999889
5.999926
5.999926
5.997964
5.999308
5.999926
5.999924
5.998796
5.871056
5.999126
5.993063
5.975117
5.999926
5.999824
5.999926
5.999925
5.999926
5.999926
5.999926
5.999926
5.999926
5.999917
5.999592
5.998902
5.793736
5.999870
5.999860
5.998501
5.997471
5.999926
5.999925
5.999925
5.999925
5.999926
5.999926
5.999926
5.990311
5.999925
5.823214
5.989528
5.998484
5.992064
5.989142
5.999926
5.998994
5.995715
5.999462
5.967672
5.997387
5.999402
5.980541
5.999802
5.999925
5.999237
5.999917
5.999926
5.999926
5.999925
5.999926
5.997928
5.999924
5.146745
5.972000
5.995061
5.997531
5.999917
5.999895
5.999781
5.990824
5.999863
5.994645
5.999909
5.999895
5.999926
5.999571
5.999926
5.996082
5.999707
5.999706
5.959167
5.999926
5.999824
5.996873
5.999845
5.999926
5.999915
5.999926
5.999925
5.999926
5.999919
5.999926
5.841812
5.999921
5.999173
5.993925
5.974933
5.999923
5.999919
5.975403
5.999910
5.999925
5.999926
5.999358
5.999745
4.878128
5.998865
5.970722
5.999926
5.999294
5.988449
5.999920
5.998333
5.884544
5.978601
5.999926
5.999925
5.999917
5.999923
5.999925
5.999926
5.999070
5.999888
5.999925
5.999926
5.999926
5.999461
5.999926
5.999926
5.999915
5.999804
5.999926
5.999904
5.959753
5.999926
5.999926
5.999926
5.987815
5.999919
5.999908
5.999926
5.999913
5.999901
5.996078
5.999926
5.999925
5.999873
5.999802
5.999926
5.999926
5.999926
5.999924
5.999926
5.999925
5.999926
5.999204
5.999926
5.999808
5.999676
5.999925
5.998966
5.963657
5.985523
5.995511
5.999916
5.992176
5.994852
5.999926
5.994849
5.999926
5.999926
5.999926
5.999708
5.981372
5.999926
5.999924
5.999926
5.999925
5.997328
5.999926
5.999926
5.999505
5.999784
5.999926
5.999703
5.986878
5.999908
2.757471
5.999925
5.999926
5.999925
5.998250
5.999385
5.996461
5.999925
5.999869
5.999894
5.999913
5.997645
5.999891
5.999924
5.992040
5.999926
5.999923
5.999926
5.999926
5.985118
5.829322
5.999512
5.999926
5.996732
5.999926
5.861221
5.980085
5.946226
5.999926
5.996886
5.999926
5.999907
5.998401
5.999926
5.995411
5.999925
5.999926
5.909509
5.999799
5.999926
5.999891
5.999925
5.999868
5.999345
5.999926
5.998642
5.999446
5.999831
5.999925
5.993740
5.999926
5.999925
5.999926
5.999920
5.999926
5.999926
5.999926
5.999813
5.999844
5.991240
5.999829
5.991713
5.942307
5.999798
5.999926
5.999924
5.999926
5.999909
5.999495
5.999914
5.999463
5.994251
5.999921
5.999220
5.999907
5.999910
5.999926
5.999848
2.281555
5.999925
5.999867
5.999926
5.999926
5.999926
5.986718
5.999760
5.999875
5.999870
5.998924
5.729101
5.999926
5.999926
5.974905
5.999914
5.999897
5.999926
5.999926
5.999912
5.999925
5.999926
5.999925
5.996595
5.983858
5.999926
5.999837
5.999926
5.995797
5.993183
5.999926
5.999925
5.999840
5.787081
5.999925
5.999926
5.999893
5.999925
5.997948
5.999924
5.999926
5.982351
5.999926
5.925691
5.999922
5.998139
5.999892
5.999693
5.999706
5.996011
5.999870
5.999925
5.997952
5.999924
5.999111
5.996286
5.927954
5.999926
5.999911
5.999775
5.999849
5.997093
5.993096
5.999259
5.999926
5.997964
5.999926
5.996479
5.999922
5.999926
5.985405
5.999919
5.999924
5.999916
5.999857
5.999926
5.999915
5.999900
5.999926
5.999925
5.997874
5.714047
5.999926
5.983632
5.994419
5.987147
5.999922
5.999903
5.999574
5.998909
5.891534
5.981867
5.999918
5.999741
5.999878
5.999926
5.999926
5.999758
5.999909
5.999924
5.999504
5.999926
5.999926
5.996324
5.999154
5.998262
5.999926
5.957118
5.999926
5.996807
5.999925
5.999926
5.999898
5.999923
5.999926
5.999926
5.999920
5.999916
5.999918
5.999925
5.999925
5.999920
5.999738
5.999658
5.999926
5.996080
5.999918
5.999434
5.999926
5.999909
5.999914
5.999819
5.835538
5.999926
5.999897
5.999920
5.999513
5.973608
5.999844
5.999925
5.999017
5.999926
5.982008
5.999695
5.999926
5.982659
5.999918
5.999926
5.997366
5.999925
5.999926
5.999243
5.999925
5.999926
5.999875
5.995145
5.997538
5.998079
5.999849
5.999922
5.999926
5.999923
5.999926
5.999536
5.999919
5.999922
5.999915
5.999926
5.991394
5.999917
5.999831
5.999926
5.901725
5.999926
5.998077
5.999862
5.999925
5.999921
5.999023
5.999925
5.999923
5.999828
5.999926
5.989525
5.091141
5.999777
5.999889
5.999891
5.999925
5.999913
5.996299
5.975894
5.980390
5.999926
5.999793
5.996843
5.999780
5.994629
5.999780
5.998629
5.999923
5.999915
5.999821
5.999926
5.999925
5.999926
5.999925
5.999926
5.999926
5.999922
5.999926
5.847229
5.999837
5.999304
5.991552
5.999924
5.963161
5.999771
5.998764
5.999926
5.961805
5.916177
5.999926
5.999926
5.883686
5.999612
5.999816
5.999926
5.999877
5.992197
5.999552
5.998986
5.987837
5.999920
5.999214
5.999913
5.999926
5.963517
5.999296
5.999925
5.999248
5.985580
5.999868
5.999917
5.999915
5.999920
5.999839
5.999869
5.999529
5.999337
5.999886
5.999926
5.999926
5.999926
5.995030
5.998371
5.999243
5.999925
5.999926
5.999926
5.971092
5.998576
5.999853
5.955752
5.999926
5.996113
5.999904
5.999926
5.995919
5.999917
5.999913
5.998909
5.999907
5.999382
5.999925
5.999744
5.997193
5.999926
5.999819
5.999925
5.957941
5.999797
5.853026
5.999923
5.984626
5.999926
5.988669
5.999913
5.940290
5.999926
5.999901
5.999408
5.999268
5.987057
5.999925
5.999925
5.999894
5.994807
5.999926
5.999926
5.972632
5.996545
5.999687
5.999926
5.999880
5.998598
5.999925
5.970332
5.999416
5.999925
5.999925
5.999926
5.999926
5.999565
5.999860
5.998561
5.927803
5.999926
5.999926
5.997676
5.976420
5.976497
5.999926
5.998482
5.999926
5.998866
5.999925
5.992746
5.998416
5.996887
5.999905
5.999886
5.999402
5.963943
5.999925
5.999926
5.999716
5.999926
5.971153
5.999138
5.999924
5.999884
5.999667
5.845067
5.999818
5.999926
5.999926
5.996019
5.999926
5.998842
5.999926
5.966368
5.959106
5.999852
5.999925
5.996500
5.999923
5.999911
5.999926
5.999925
5.999722
5.999909
5.999925
5.999924
5.999672
5.999926
5.989767
5.999924
5.999926
5.999926
5.998533
5.999926
5.999705
5.999917
5.999804
5.999890
5.999687
5.999922
5.999923
5.978191
5.998994
5.997676
5.999926
5.999914
5.994404
5.997753
5.999925
5.999910
5.999924
5.999925
5.999598
5.999926
5.999926
5.972704
5.999925
5.999913
5.999926
5.999855
5.999925
5.999922
5.999879
5.999926
5.997396
5.999777
5.999922
5.999636
5.962344
5.999924
5.999926
5.999900
5.999926
5.999426
5.999900
5.999926
5.999926
5.999833
5.998192
2.952585
5.999260
5.999712
5.998849
5.999924
5.999875
5.998758
5.999369
5.999926
5.993494
5.999926
5.999898
5.999926
5.999923
5.999885
5.999914
5.999926
5.998595
5.998908
5.999838
5.999926
5.998451
5.999689
5.999918
5.950250
5.999925
5.999924
5.944034
5.999846
5.999926
5.999641
5.876164
5.999872
5.998190
5.999926
5.991296
5.999864
5.996758
5.999728
5.999923
5.999924
5.999926
5.987537
5.999524
5.999925
5.998283
5.999925
5.999924
5.999720
5.999851
5.999819
5.999891
5.999926
5.999914
5.999718
5.999926
5.800827
5.999426
5.999926
5.999741
5.979512
5.997804
5.998997
5.986958
5.760741
5.994880
5.999425
5.999919
5.952817
5.998640
5.999926
5.994903
5.996686
5.999926
5.999925
5.957613
5.969215
5.999925
5.999892
5.999234
5.999925
5.999777
5.999925
5.989634
5.999882
5.999926
5.999926
5.997432
5.375813
5.999926
5.998010
5.999926
5.999924
5.999903
5.999925
5.993862
5.999583
5.999750
5.999926
5.999925
5.999921
5.999920
5.999926
5.999926
5.999926
5.999926
5.999924
5.999639
5.999926
5.999925
5.999645
5.999835
5.999906
5.999926
5.999926
5.999920
5.999926
5.999908
5.999926
5.999821
5.999925
5.999926
5.999778
5.999925
5.995532
5.999925
5.987908
5.990883
5.999926
5.999926
5.999925
5.999148
5.998801
5.999849
5.999906
5.999925
5.995016
5.999904
5.999925
5.999926
5.999892
5.999926
5.999792
5.995461
5.999891
5.998767
5.998950
5.970651
5.997127
5.999926
5.996440
5.999925
5.999187
5.999926
5.999889
5.999926
5.999925
5.999866
5.994351
5.999789
5.999902
5.999761
5.999926
5.999926
5.999926
5.999926
5.999919
5.976149
5.999819
5.999926
5.989519
5.999925
5.999855
5.998050
5.999585
5.999925
5.999926
5.999915
5.999850
5.999926
5.999924
5.999921
5.999925
5.999926
5.999926
5.982353
5.955966
5.999926
5.898653
5.966443
5.999679
5.999913
5.999912
5.999925
5.999926
5.999926
5.999925
5.998836
5.999926
5.999925
5.998949
5.999926
5.999926
5.990742
5.999926
5.999926
5.999892
5.998464
5.999917
5.999922
5.999834
5.996018
5.999926
5.999926
5.999925
5.999924
5.999926
5.999926
5.999364
5.999925
5.999010
5.999926
5.999926
5.999926
5.999835
5.999924
5.990727
5.999925
5.999828
5.999869
5.996471
5.999926
5.999926
5.999926
5.999122
5.999906
5.999925
5.999369
5.999926
5.999926
5.999701
5.999883
5.999449
5.999925
5.999926
5.956931
5.994703
5.997050
5.999926
5.999926
5.999926
5.999926
4.767580
5.782975
5.999923
5.993072
5.999696
5.999926
5.999618
5.999926
5.999465
5.999801
5.997975
5.993908
5.999925
5.999926
5.999926
5.999898
5.999926
5.999926
5.999873
5.999924
5.999926
5.999926
5.999925
5.999887
5.999926
5.999849
5.922372
5.999837
5.999922
5.990233
5.999890
5.999921
5.999926
5.999926
5.999919
5.997011
5.999451
5.999926
5.999633
5.999926
5.999925
5.999564
5.999922
5.738976
5.999917
5.998387
5.993729
5.999916
5.985895
5.990829
5.992873
5.981208
5.984761
5.999413
5.999926
5.995735
5.999926
5.999925
5.999898
5.999919
5.988062
5.794373
5.999850
5.998835
5.998845
5.999907
5.999926
5.999925
5.999926
5.999926
5.962408
5.999926
5.944034
5.999925
5.999926
5.999915
5.999925
5.999924
5.999926
5.999925
5.999907
5.999604
5.999925
5.999926
5.910070
5.999925
5.908530
5.999926
5.999915
5.999926
5.998589
5.999926
5.999591
5.999470
5.999926
5.998886
5.999918
5.999856
5.999923
5.999788
5.999902
5.999926
5.999926
5.999403
5.982775
5.992134
5.999926
5.999825
5.999672
5.999926
5.999924
5.999922
5.999926
5.999918
5.999924
5.999719
5.991430
5.999925
5.999924
5.999925
5.999926
5.999924
5.999926
5.999926
5.999847
5.999926
5.988269
5.999887
5.999926
5.998163
5.996322
5.999861
5.999799
5.999840
5.999602
5.997788
5.999926
5.995993
5.999926
5.999918
5.999926
5.999926
5.999864
5.999915
5.999299
5.997348
5.999925
5.999900
5.999921
5.999926
5.999925
5.999134
5.999926
5.999925
5.999926
5.999783
5.995996
5.999920
5.999926
5.999926
5.993603
5.999064
5.999522
5.999341
5.999814
5.993459
5.920628
5.999926
5.994407
5.999926
5.952103
5.999908
5.999926
5.999926
5.999783
5.994962
5.999653
5.999925
5.999926
5.999876
5.999925
5.999926
5.999926
5.137260
5.999919
5.999926
5.998423
5.999926
5.999401
5.999926
5.996528
5.987716
5.997940
5.986536
5.999926
5.855093
5.955751
5.999925
5.999913
5.999756
5.999882
5.999887
5.802067
5.999926
5.999807
5.999587
5.996212
5.999925
5.999925
5.999926
5.998791
5.999926
5.999918
5.999262
5.996836
5.999332
5.999926
5.999926
5.998633
5.999490
5.999923
5.970728
5.999707
5.995927
5.999500
5.998931
5.999743
5.999923
5.999907
5.999926
5.999926
5.999599
5.999926
5.999926
5.954422
5.987373
5.994803
5.990418
5.991925
5.999897
5.995350
5.991930
5.999911
5.997616
5.999926
5.999926
5.997841
5.998311
5.999924
5.999925
5.990563
5.999910
5.999549
5.999926
5.999916
5.990552
5.931007
5.999926
5.999909
5.999926
5.999926
5.902973
5.999919
5.999847
5.999926
5.999814
5.999815
5.999878
5.999925
5.999882
5.999926
5.875653
5.999761
5.999830
5.999134
5.999926
5.856980
5.999784
5.999925
5.999779
5.999919
5.999921
5.999920
5.999925
5.999018
5.998399
5.999898
5.999926
5.999918
5.999926
5.996889
5.999896
5.999926
5.999926
5.996456
5.999850
5.999925
5.999926
5.999925
5.999926
5.999925
5.999925
5.995073
5.999781
5.999899
5.999691
5.999925
5.999900
5.999735
5.999911
5.999867
5.999728
5.999889
5.911083
5.999926
5.999925
5.999901
5.999926
5.999925
5.999905
5.999881
5.999209
5.999926
5.999770
5.999748
5.999472
5.999926
5.999925
5.999863
5.999926
5.999923
5.999925
5.103953
5.999905
5.999926
5.999871
5.999926
5.999925
5.993795
5.998882
5.996009
5.998570
5.999923
5.999916
5.999552
5.999926
5.999926
5.999925
5.998261
5.999922
5.993816
5.999926
5.812608
5.999926
5.998811
5.998713
5.999854
5.999909
5.999926
5.996721
5.999865
5.917098
5.999889
5.999926
5.998052
5.999886
5.999839
5.999926
5.999924
5.999926
5.999919
5.999926
5.999926
5.999925
5.999926
5.999854
5.999639
5.999926
5.951404
5.995329
5.996836
5.999790
5.998131
5.999635
5.997298
5.999889
5.999924
5.985731
5.999925
5.999458
5.999926
5.999799
5.999764
5.999893
5.861593
5.994326
5.999923
5.998853
5.999926
5.999899
5.999894
5.999926
5.999925
5.999926
5.998584
5.999923
5.994911
5.826454
5.999895
5.999926
5.999926
5.999920
5.973271
5.995311
5.999370
5.999644
5.999926
5.819832
3.733593
5.999926
5.966005
5.999921
5.999925
5.999926
5.999926
5.999926
5.998202
5.999924
5.999926
5.887232
5.998515
5.966672
5.997334
5.999925
5.999676
5.999926
5.999924
5.997485
5.999925
5.999926
5.999538
5.999752
5.999926
5.969689
5.999925
5.999642
5.999926
5.999888
5.998168
5.999922
5.999926
5.999926
5.999897
5.999925
5.999926
5.999926
5.999924
5.997461
5.999913
5.999922
5.999919
5.999916
5.999919
5.997014
5.997138
5.999182
5.999926
5.998923
5.990958
5.999925
5.999916
5.988841
5.994494
5.987578
5.999924
5.999912
5.999541
5.997302
5.999923
5.999920
5.999926
5.998305
5.998620
5.998918
5.997609
5.999926
5.999898
5.998816
5.999925
5.999926
5.999926
5.996677
5.999916
5.999926
5.999131
5.992681
5.999926
5.999853
5.999758
5.238823
5.999926
5.999924
5.999925
5.997302
5.999926
5.999926
5.999899
5.999485
5.999926
5.999926
5.981161
5.998839
5.999921
5.999924
5.999849
5.998393
5.999926
5.999886
5.999749
5.999926
5.998625
5.999926
5.999926
5.999926
5.999877
5.999903
5.068812
5.999922
5.999729
5.999147
5.999343
5.995734
5.999925
5.999926
5.999557
5.999409
5.999574
5.999925
5.999913
5.985809
5.993638
5.999926
5.999924
5.999924
5.988094
5.999924
5.999925
5.999738
5.998799
5.999925
5.999926
5.999925
5.999923
5.999924
3.439060
5.999246
5.999926
5.999926
5.999926
5.999923
5.909992
5.999910
5.998361
5.922584
5.986813
5.997288
5.999661
5.998527
5.999815
5.987579
5.999555
5.999922
5.999840
5.999926
5.930406
5.999926
5.999926
5.998511
5.999926
5.999926
5.998788
5.999924
5.999030
5.992839
5.997288
5.999332
5.999926
5.999915
5.996041
5.999926
5.999918
5.999231
5.999904
5.999896
5.999812
5.991065
5.994358
5.999911
5.999466
5.999926
5.999925
5.999926
5.999361
5.999926
5.981815
5.997417
5.999877
5.965311
5.993787
5.999064
5.999810
5.999863
5.999839
5.999925
5.999879
5.999880
5.980744
5.999681
5.999923
5.999779
5.993292
5.999925
5.998593
5.912769
5.999910
5.999870
5.999926
5.726013
5.999917
5.999921
5.999924
5.999924
5.999925
5.999791
5.969311
5.999925
5.849626
5.999925
5.999793
5.999919
5.942476
5.999926
5.947271
5.999868
5.999525
5.997395
5.999619
5.999788
5.999877
5.998696
5.999925
5.999791
5.999920
5.999901
5.999926
5.999912
5.999926
5.999604
5.999654
5.999926
5.999369
5.999837
5.990527
5.999713
5.999743
5.999926
5.999926
5.998951
5.999926
5.999592
5.999926
5.999889
5.935031
5.999926
5.999396
5.996344
5.955448
5.999626
5.999926
5.999848
5.999809
5.999761
5.999439
5.999926
5.962887
5.997626
5.941266
5.999926
5.999926
5.999926
5.998921
5.999925
5.999926
5.999926
5.999926
5.999926
5.999920
5.991903
5.999916
5.999923
5.999806
5.999584
5.994344
5.999705
5.999908
5.999926
5.999919
5.580286
5.928013
5.998825
5.993975
5.999856
5.999925
5.999915
5.999893
5.999903
5.999926
5.999926
5.999925
5.999919
5.999906
5.999925
5.999926
5.999851
5.999810
5.999926
5.999926
5.999926
5.996823
5.998484
5.999923
5.997384
5.999926
5.995999
5.999925
5.999926
5.999181
5.999799
5.999926
5.999926
5.999921
5.999069
5.999926
5.999926
5.998995
5.999926
5.999745
5.999924
5.999925
5.999926
5.998015
5.999926
4.389698
5.999902
5.999925
5.999302
5.999925
5.999813
5.999926
5.999262
5.999926
5.999383
5.999926
5.999925
5.999901
5.999504
5.999202
5.999925
5.999926
5.996582
5.999925
5.999922
5.988864
5.996244
5.999924
5.994547
5.999921
5.999926
5.997924
5.999917
5.999925
5.998032
5.999065
5.999926
5.999919
5.998078
5.999925
5.980260
5.999926
5.999926
5.999450
5.999897
5.999925
5.998164
5.999762
5.999926
5.999926
5.999926
5.999057
5.991246
5.999926
5.996267
5.999925
5.999926
5.999926
5.999707
5.999926
5.999924
3.686790
5.999904
5.999891
5.999867
5.999914
5.999925
5.999681
5.995119
5.999807
5.999926
5.999297
5.997929
5.998705
5.980321
5.794675
5.999926
5.999926
5.999925
5.999920
5.994570
5.999924
5.999926
5.998781
5.999924
5.971680
5.975370
5.998177
5.999196
5.999926
5.999926
5.999896
5.999926
5.999926
5.999752
5.998385
5.999919
5.994440
5.998766
5.964285
5.982979
5.999925
5.999919
5.999488
5.999168
5.999925
5.999925
5.999924
5.999926
5.971686
5.999859
5.998153
5.999925
5.999085
5.938672
5.999926
5.999924
5.999926
5.999585
5.999925
5.999917
5.999925
5.999373
5.999917
5.987177
5.999926
5.999926
5.846938
5.995199
5.999925
5.999926
5.999707
5.999808
5.988105
4.890917
5.998488
5.700133
5.998505
5.999022
5.999925
5.999924
5.999926
5.999926
5.998746
5.999926
5.999492
5.999520
5.999926
5.999926
5.923347
5.999926
5.999926
5.987873
5.999924
5.999925
5.996293
5.996702
5.999925
5.991688
5.999688
5.999926
5.990538
5.999875
5.999918
5.996915
5.999924
5.999926
5.999240
5.997778
4.216355
5.996291
5.999917
5.998942
5.995057
5.999926
5.998494
5.991833
5.984299
5.999607
5.997823
5.999925
5.999926
5.999926
5.999916
5.998919
5.999908
5.999680
5.999925
5.998668
5.999871
5.999728
5.998089
5.999835
5.999922
5.989645
5.999926
5.999825
5.949551
5.999563
5.999926
5.999904
5.787171
5.999592
5.999924
5.999910
5.995617
5.999908
5.999926
5.999145
5.999925
5.999926
5.994649
5.995824
5.999915
5.999220
5.999770
5.999926
5.999924
5.999926
5.998853
5.999925
5.999925
5.999926
5.999858
5.999926
5.997996
5.999925
5.997864
5.999926
5.999926
5.999379
5.999926
5.999925
5.999924
5.973861
5.980488
5.999926
5.999926
5.937058
5.999926
5.999243
5.999922
5.999719
5.999765
5.999788
5.999926
5.999926
5.995835
5.999926
5.999632
5.999926
5.999906
5.999926
5.979124
5.999924
5.999926
5.991280
5.999926
5.999926
5.999797
5.999926
5.999926
5.994302
5.997573
5.998964
5.955899
5.998072
5.828178
5.999798
5.999926
5.997258
5.999687
5.993388
5.999917
5.997932
5.999830
5.999925
5.999541
5.999868
5.999788
5.999926
5.996236
5.999925
5.999925
5.999342
5.999926
5.999926
5.999925
5.999926
5.998099
5.998756
5.994464
5.999926
5.999923
5.981754
5.999926
5.999837
5.996995
5.996323
5.999926
5.964329
5.999913
5.999926
5.999926
5.998473
5.946196
5.999926
5.999802
5.999926
5.999926
5.999926
5.979304
5.998119
5.999926
5.999926
5.994351
5.999925
5.996594
5.999925
5.999923
5.989171
5.999926
5.999926
5.999892
5.999925
5.999926
5.999926
5.999925
5.993515
5.999925
5.999915
5.999925
5.999926
5.999925
5.855622
5.999925
5.908310
5.980821
5.999900
5.999805
5.999926
5.999926
5.999917
5.595446
5.999874
5.999783
5.988007
5.985098
5.963533
5.999926
5.973379
5.999678
5.999496
5.999925
5.999898
5.999926
4.209682
5.999161
5.999885
5.998869
5.999126
5.999793
5.999466
5.999902
5.998902
5.999926
5.998559
5.999926
5.999926
5.999925
5.998217
5.997868
5.999917
5.921149
5.997528
5.999709
5.999926
5.999923
5.999926
5.999894
5.999926
5.999391
5.999926
5.997632
5.999926
5.999922
5.996761
5.999911
5.998742
5.999892
5.961740
5.999907
5.999856
5.999926
5.999925
5.966752
5.998359
5.999271
5.966526
5.999637
5.998248
5.999926
5.996146
5.999890
5.996755
5.999926
5.999912
5.999854
5.999926
5.999788
5.999770
5.999160
5.999923
5.999926
5.999925
5.999852
5.999918
5.999925
5.999926
5.994132
5.999924
5.999574
5.999925
5.999924
5.999922
5.999926
5.999926
5.996841
5.999907
5.999926
5.999926
5.992577
5.997930
5.999926
5.999906
5.999916
5.999881
5.999169
5.999923
5.999834
5.999926
5.915648
5.999922
5.999925
5.999925
5.999920
5.999925
5.999919
5.946249
5.999926
5.986033
5.999924
5.999926
5.998977
5.999661
5.838364
5.999864
5.999925
5.999921
5.999911
5.596903
5.983287
5.999925
5.999918
5.999926
5.999810
5.999714
5.999925
5.999875
5.999924
5.999896
5.999911
5.999786
5.999911
5.999919
5.999926
5.999798
5.993438
5.999700
5.998012
5.999926
5.999926
5.999926
5.415854
5.999026
5.995090
5.999868
5.999925
5.998646
5.999926
5.999925
5.999915
5.999926
5.997908
5.999846
5.999926
5.999926
5.999925
5.999614
5.999926
5.999767
4.813124
5.999696
5.995507
5.999926
5.968520
5.998221
5.842351
5.999122
5.999717
5.992248
5.997602
5.999921
5.999904
5.999010
5.999926
5.999926
5.961175
5.973693
5.999926
5.999926
5.999926
5.999926
5.999357
5.999925
5.999925
5.999926
5.999920
5.999172
5.999926
5.999925
5.999926
5.999854
4.546701
5.999926
5.999820
5.999669
5.997553
5.999396
5.999397
5.998945
5.999586
5.992952
5.999926
5.999926
5.999925
5.999926
5.999923
5.999912
5.995431
5.999923
5.961065
5.999883
5.999909
5.999604
5.885288
5.999527
5.999925
5.999924
5.997922
5.999926
5.999926
5.992945
5.998255
5.999921
5.837619
5.999863
5.999926
5.999834
5.994558
5.999925
5.999926
5.999926
5.999926
5.994434
5.997854
5.999230
5.999926
5.999835
5.096660
5.999898
5.999926
5.999926
5.999830
5.999907
5.999921
5.999867
5.994930
5.993986
5.999926
5.985354
5.999924
5.999909
5.926972
5.999846
5.999925
5.999923
5.999926
5.999926
5.988290
5.999925
5.999696
5.999899
5.999688
5.999913
5.989780
5.999925
5.999726
5.999852
5.986059
5.999849
5.999926
5.999914
5.999624
5.999926
5.999777
5.999926
5.999885
5.999926
5.998167
5.999918
5.999912
5.999925
5.999865
5.995732
5.992263
5.999884
5.986041
5.999925
5.999839
5.999862
5.994458
5.971594
5.999926
5.999926
5.999372
5.999901
5.999196
5.995003
5.999926
5.999919
5.999564
5.999551
5.994519
5.999926
5.999924
5.999926
5.999926
5.999760
5.999926
5.999729
5.998566
5.999925
5.948959
5.999896
5.999898
5.999926
5.998722
5.999277
5.999887
5.999892
5.969100
5.999925
5.999923
5.992038
5.999924
5.999694
5.777077
5.999879
5.998896
5.669136
5.999926
5.996941
5.993923
5.999336
5.999926
5.994411
5.999925
5.999926
5.997090
5.993252
5.999921
5.999811
5.943634
5.999926
5.999268
5.999440
5.999909
5.992265
5.999926
5.999895
5.954529
4.729814
5.999926
5.999505
5.999925
5.999926
5.999910
5.999926
5.999873
5.999925
5.998675
5.999926
5.999919
5.999900
5.999920
5.999926
5.999926
5.999922
5.999708
5.999875
5.998503
5.999745
5.999868
5.950006
5.999651
5.999723
5.999926
5.614965
5.999925
5.992825
5.999823
5.999925
5.999863
5.995214
5.999447
5.999925
5.997607
5.999916
5.972144
5.999844
5.787070
5.999926
5.999920
5.999589
5.999926
5.999926
5.999678
5.999926
5.999923
5.999926
5.999926
5.999926
5.998840
5.999904
5.999926
5.999365
5.999926
5.999430
5.995055
5.999249
5.999925
5.993201
5.999687
5.999201
5.995565
5.999925
5.997255
5.546500
5.999912
5.876854
5.999925
5.999922
5.999925
5.990956
5.779711
5.999925
5.999750
5.997713
5.935071
5.999581
5.995093
5.998592
5.999550
5.999922
5.999926
5.999909
5.999926
5.999861
5.999920
5.999906
5.999830
4.629626
5.999916
5.902028
5.999926
5.978854
5.994726
5.970044
5.757454
5.999926
5.996776
5.999926
5.989146
5.999923
5.999795
5.999926
5.999925
5.999926
5.999926
5.999925
5.907449
5.999925
5.999925
5.999925
5.982280
5.977070
5.971745
5.999925
5.999926
5.934149
5.997469
5.999926
5.999926
5.999916
5.999017
5.999900
5.998974
5.999926
5.999860
5.999852
5.999916
5.992917
5.999926
5.999926
5.999926
5.999926
5.999864
5.989011
5.999909
5.997410
5.999000
5.999610
5.999925
5.999923
5.999926
5.997947
5.999653
5.999895
5.974823
5.998452
5.999909
5.998605
5.990165
5.999352
5.999926
5.992650
5.999926
5.911326
5.999926
5.998336
5.992373
5.999763
4.113002
5.999238
5.999923
5.999926
5.999849
5.999926
5.999211
5.946070
5.999926
5.999743
5.999919
5.999234
5.999923
5.994743
5.999926
5.928871
5.999925
5.999926
5.977153
5.999495
5.999908
5.999901
5.999926
5.999603
5.999864
5.999764
5.999926
5.999926
5.999560
5.999916
5.999926
5.536988
5.999749
5.999926
5.616911
5.999917
5.999926
5.997444
5.999924
5.999873
5.891467
5.999909
5.987448
5.999926
5.999925
5.999925
5.999926
5.999610
5.999530
5.999917
5.999926
5.977410
5.999579
5.999920
5.999925
5.999925
5.999805
5.756232
5.992475
5.999923
5.992682
5.999926
5.929605
5.999925
5.999926
5.993090
5.999237
5.978648
5.999795
5.999919
5.999926
5.999926
5.999913
5.976428
5.999924
5.999925
5.999926
5.976365
5.999925
5.998254
5.999910
5.999853
5.991193
-0.702402
5.999895
5.759144
5.999926
5.999824
5.999922
5.999926
5.999926
5.870691
5.999925
5.992973
5.999314
5.998896
5.999919
5.999925
5.999926
5.999205
5.999916
5.999406
5.999926
5.997744
5.999897
5.996677
5.999760
5.999926
5.999924
5.999916
5.999757
5.996901
5.999925
5.971846
5.998247
5.999901
5.999804
5.999926
5.999456
5.999926
5.982715
5.951763
5.999917
5.999926
5.997313
5.984463
5.717922
5.999921
5.999388
5.997298
5.999926
5.999926
5.999926
5.999926
5.999334
5.999896
5.999926
5.999925
5.999905
5.999921
5.999924
5.999761
5.999883
5.999926
5.975284
5.999913
5.999787
5.999797
5.999926
5.999925
5.999926
5.999800
5.952268
5.999903
5.999880
5.999925
5.999912
5.999920
5.998813
5.999608
5.999926
5.999921
5.999760
5.998440
5.997133
5.999854
5.992477
5.995084
5.999926
5.999926
5.999724
5.998982
5.998890
5.997623
5.999925
5.989162
5.999866
5.998621
5.999887
5.999831
5.995559
5.999737
5.999924
5.993506
5.999513
5.978106
5.999926
5.972671
5.999847
5.999925
5.999871
5.999849
5.999926
5.999091
5.996763
5.999919
5.997236
5.999926
5.999926
5.997650
5.999926
5.999918
5.999444
5.999925
5.999787
5.999926
5.999924
5.999889
5.998597
5.999925
5.999900
5.992068
5.999926
5.999926
5.999821
5.995549
5.999926
5.999925
5.848778
5.999926
5.973125
5.988953
5.999926
5.987853
5.999916
5.991730
5.999923
5.999926
5.999865
5.999926
5.999657
5.999926
5.979571
5.998670
5.999925
5.409455
5.999925
5.999705
5.999926
5.999749
5.999592
5.999926
5.999892
5.999926
5.996381
5.999926
5.999406
5.998160
5.999926
5.999875
5.968561
5.992122
5.999926
5.999926
5.996236
5.973338
5.983867
5.999901
5.999887
5.999904
5.996245
5.960090
5.999926
5.999688
5.975812
5.994739
5.998768
5.991585
5.999717
5.999335
5.998764
5.999926
5.998620
5.999926
5.999926
5.999926
5.999531
5.999926
5.999926
5.997643
5.999925
5.999442
5.999777
5.998725
5.998714
5.999924
5.995955
5.999923
5.999503
5.999825
5.996441
5.999926
5.999851
5.997165
5.996667
5.999883
5.577465
5.993366
5.998437
5.989451
5.999564
5.999925
5.999926
5.999924
5.999712
5.999926
5.660237
5.999808
5.959435
5.999897
5.987371
5.999926
5.999926
5.795520
5.999925
5.997751
5.999926
5.999769
5.999926
5.999926
5.999791
5.999801
5.999842
5.999900
5.999924
5.999883
5.999911
5.986400
5.999812
5.999925
5.999926
5.999926
5.999925
5.999850
5.999893
5.999926
5.999921
5.998777
5.999923
5.999715
5.999921
5.999319
5.999856
5.999923
5.999921
5.999599
5.970708
5.999885
5.999683
5.999926
5.999926
5.999924
5.979308
5.997827
5.999818
5.999894
5.999924
5.999926
5.996580
5.999414
5.999164
5.955347
5.999926
5.999871
5.999881
5.999829
5.997138
5.937056
5.999926
5.999918
5.999926
5.999926
5.999926
5.999909
5.999926
5.999565
5.999926
5.999926
5.999892
5.999788
5.999926
5.999740
5.999911
5.999926
5.975039
5.962338
5.999925
5.998758
5.999925
5.999843
5.999925
5.999850
5.999926
5.999926
5.999920
5.999926
5.999907
5.999464
5.999926
5.999493
5.999148
5.999926
5.999863
5.993401
5.999769
5.999789
5.999926
5.999905
5.999748
5.999909
5.997949
5.999926
5.999623
5.999926
5.999888
5.943174
5.996185
5.995874
5.999925
5.999926
5.999926
5.999925
5.999789
5.997687
5.999925
5.999925
5.954965
5.999924
5.999777
5.999891
5.999924
5.989902
5.999897
5.999926
5.999926
5.999926
5.999752
5.999921
5.999816
5.999926
5.999926
5.999925
5.999926
5.999916
5.999925
5.999359
5.999926
5.999872
5.999230
5.997600
5.999925
5.999885
5.999788
5.999926
5.998486
5.999926
5.994737
5.998201
5.999922
5.999924
5.999829
5.998014
5.997920
5.998155
5.996675
5.998026
5.999924
5.999813
5.997670
5.999926
5.999915
5.999926
5.999926
5.999925
5.999926
5.999734
5.998087
5.968586
5.995992
5.953242
5.999925
5.999926
5.999924
5.999864
5.972744
5.999921
5.999926
5.992523
5.999925
5.999897
5.999926
5.997560
5.998618
5.999926
5.999852
5.999920
5.999357
5.999891
5.999912
5.999923
5.999572
5.999854
5.975906
5.997096
5.999921
5.994398
5.999926
5.999139
5.989439
5.998862
5.999926
5.999917
5.999913
5.999903
5.999887
5.994207
5.999926
5.943966
5.998009
5.999926
5.999915
5.999926
5.999926
5.999925
5.999917
5.999911
5.999924
5.780036
5.999378
5.999926
5.999792
5.979416
5.999783
5.999926
5.999920
5.999926
5.999636
5.999501
5.999926
5.999926
5.990939
5.999926
5.998980
5.999915
5.999925
5.999926
5.999926
5.967519
5.998234
5.999925
5.999925
5.999922
5.998472
5.999880
5.999918
5.952363
5.999926
5.999911
5.999898
5.999056
5.999890
5.999926
5.998882
5.988544
5.999925
5.999925
5.999926
5.991991
5.999503
5.998806
5.917365
5.999925
5.992875
5.999926
5.989816
5.999926
5.999892
5.999922
5.999921
5.999925
5.999925
5.999914
5.999913
5.980133
5.999709
5.992428
5.999313
5.999926
5.999925
5.999799
5.993926
5.999925
5.999224
5.998438
5.999926
5.998537
5.978237
5.999916
5.999610
5.999698
5.999926
5.999924
5.999925
5.799687
5.999764
5.531315
5.999859
5.961332
5.977054
5.999382
5.999926
5.999926
5.999926
5.999926
5.998635
5.999917
5.996084
5.999926
5.999906
5.999926
5.999919
5.996316
5.999926
5.999893
5.999925
5.999655
5.999926
5.999474
5.999925
5.999875
5.999925
5.999926
5.999186
5.999551
5.999926
5.994367
5.999924
5.999761
5.999659
5.999926
5.999890
5.999926
5.999718
5.997581
5.996631
5.999915
5.999462
5.831864
5.999926
5.963956
5.923940
5.965773
5.999859
5.985514
5.999316
5.999718
5.956774
5.999926
5.999779
5.965509
5.986162
5.999926
5.999853
5.999926
5.999926
5.999908
5.999926
5.999926
5.999916
5.996772
5.999926
5.999925
5.999926
5.999923
5.999184
5.999786
5.984518
5.999925
5.999924
5.999891
5.995234
5.990532
5.999926
5.999845
5.999921
5.999381
5.999754
5.999926
5.999926
5.999846
5.999915
5.999926
5.999619
5.999926
5.998982
5.999794
5.841354
5.999912
5.999925
5.999926
5.999855
5.883191
5.999524
5.999798
5.999922
5.999482
5.999923
5.999381
5.999925
5.999925
5.999083
5.942409
5.998411
5.999142
5.999805
5.999699
5.999884
5.999925
5.999926
5.999913
5.999925
5.999877
5.999926
5.999918
5.999926
5.992492
5.999926
5.999926
5.999925
5.999449
5.999925
5.999900
5.999926
5.642108
5.999915
5.999918
5.999502
5.999926
5.999925
5.999925
5.999806
5.999023
5.999051
5.980681
5.999922
5.999446
5.999921
5.969415
5.989766
5.999828
5.989636
5.999851
5.999926
5.985465
5.999926
5.999073
5.999816
5.999805
5.999926
5.999717
5.994810
5.999770
5.999920
5.999925
5.999903
5.997207
5.999907
5.983666
5.999926
5.999925
5.999920
5.999926
5.999911
5.999476
5.999926
5.990347
5.999926
5.999925
5.999926
5.999926
5.999926
5.997157
5.965831
5.995923
5.999926
5.999926
5.911499
5.999768
5.999766
5.998147
5.999924
5.999836
4.276818
5.999926
5.999907
5.999918
5.999764
5.999922
5.999924
5.999797
5.999906
5.999832
5.999926
5.999683
5.999926
5.999925
5.997654
5.998344
5.546651
5.995941
5.998563
5.999888
5.999921
5.999924
5.999926
5.999880
5.085371
5.993254
5.809192
5.999852
5.999926
5.999926
5.999735
5.995811
5.999491
5.963890
5.999585
5.999833
5.995415
5.991068
5.996763
5.999888
5.999873
5.855434
5.999826
5.999920
5.999926
5.999926
5.999926
5.999861
5.935689
5.999926
5.999918
5.999926
5.997426
5.999857
5.999659
5.999319
5.999924
5.999926
5.999874
5.994203
5.999877
5.999926
5.999924
5.999282
5.999926
5.999926
5.997438
5.999730
5.999061
5.998926
5.999926
5.999918
5.999926
5.998635
5.999912
5.999926
5.999926
5.999926
5.999925
5.999926
5.999676
5.999926
5.999925
5.999925
5.999840
5.999926
5.997852
5.999845
5.999925
5.999925
5.999509
5.999923
5.999926
5.999867
5.999921
5.999926
5.999926
5.999924
5.999788
5.999926
5.999452
5.937458
5.999926
5.999926
5.999915
5.981362
5.999874
5.999096
5.999926
5.999912
5.999923
5.999926
5.998565
5.999922
5.999926
5.958304
5.999922
5.999908
5.997014
5.985584
5.998389
5.999445
5.973192
5.999812
5.834140
5.998670
5.999883
5.942247
5.999613
5.999926
5.999926
5.999843
5.999855
5.983199
5.999925
5.999925
5.999926
3.723375
5.999894
5.999851
5.999926
5.999926
5.999850
5.999926
5.999926
5.999926
5.999925
5.999444
5.999926
5.999926
5.999926
5.996971
5.999388
5.999926
5.999703
5.995927
5.997761
5.999918
5.999926
5.998890
5.999926
5.998741
5.999925
5.998554
5.987511
5.999926
5.999926
5.970533
5.999924
5.998959
5.998944
5.999926
5.999926
5.997337
5.999895
5.999902
2.204074
5.956524
5.999784
5.999906
5.998706
5.999484
5.998815
5.998845
5.992567
5.999924
5.999926
5.999926
5.912333
5.999925
5.999926
5.999898
5.999495
5.999915
5.999926
5.999924
5.998691
5.999674
5.688336
5.999926
5.999841
5.999926
5.999926
5.999923
5.999924
5.999925
5.994329
5.994741
5.999924
5.997635
5.999925
5.999739
5.454332
5.999926
5.922983
5.999917
5.999926
5.994915
5.999926
5.997151
5.999926
5.999905
5.999926
5.999926
5.999926
5.999921
5.999925
5.998056
5.999114
5.999916
5.998710
5.987237
5.987538
5.999153
5.999926
5.985111
5.999926
5.999865
5.999364
5.999922
5.999926
5.999911
5.999878
5.999926
5.999921
5.999926
5.999403
5.999589
5.999820
5.983141
5.999289
5.999863
5.978614
5.999876
5.999219
5.969447
5.999926
5.990924
5.997383
5.999014
5.959997
5.999925
5.999926
5.999925
5.999862
5.999737
5.999907
5.999915
5.996911
5.999926
5.999926
5.999926
5.999926
5.999727
5.958908
5.999926
5.999898
5.999802
5.999825
5.999926
5.946835
5.999926
5.999914
5.999911
5.999926
5.995703
5.999910
5.999747
5.999926
5.999926
5.989786
5.999926
5.996730
5.999926
5.999926
5.999926
5.999926
5.999926
5.999849
5.999910
5.993522
5.999926
5.999775
5.999926
5.827498
5.999926
5.995458
5.999926
5.999926
5.999925
5.999897
5.977385
5.997313
5.999761
5.999635
5.997393
5.999926
5.999904
5.999925
5.622322
5.999883
5.999923
5.117724
5.999920
5.999921
5.999926
5.999926
5.986598
5.999880
5.999903
5.999926
5.999894
5.999925
5.999926
5.999925
5.999926
5.997857
5.999924
5.999926
5.887680
5.999766
5.999675
5.999400
5.998875
5.999889
5.891684
5.999919
5.999926
5.999895
5.999884
5.999921
5.999923
5.999806
5.950928
5.999926
5.999926
5.999926
5.999870
5.997593
5.999921
5.999631
5.999829
5.979169
5.999925
5.934439
5.994310
5.999926
5.999529
5.980378
5.995262
5.996446
5.999925
5.999926
5.999864
5.999858
5.999926
5.977709
5.999925
5.999926
5.999913
5.999753
5.999926
5.999757
5.999926
5.999926
5.999925
5.999926
5.999925
5.998801
5.999181
5.999926
5.999742
5.999926
5.999107
5.999581
5.999926
5.999919
5.999926
5.999504
5.999919
5.983739
5.999871
5.999921
5.999922
5.999859
3.840809
5.973659
5.999901
5.999926
5.999925
5.999925
5.999745
5.999918
5.999926
5.968662
5.999903
5.999926
5.999925
5.995119
5.999890
5.999703
5.999370
5.999926
5.999549
5.999926
5.999926
5.999926
5.995749
5.999925
5.999894
5.997863
5.991133
5.999926
5.999926
5.999925
5.999926
5.999926
5.999663
5.999926
5.997410
5.999926
5.999926
5.999926
5.999913
5.998097
5.968002
5.999924
5.999814
5.999844
5.961363
5.999708
5.999925
5.999712
5.999926
5.999926
5.630743
5.999926
5.872327
5.999923
5.999178
5.994101
5.992110
5.999926
5.952098
5.999904
5.999926
5.999926
5.998230
5.999893
5.999203
5.998622
5.956128
5.999926
5.999769
5.999925
5.999626
5.999524
5.661744
5.999880
5.999926
5.983941
5.999860
5.999676
5.985995
5.999924
5.999925
5.971349
5.999926
5.999916
5.986481
5.999926
5.999926
5.840762
5.999888
5.999733
5.999926
5.999926
5.995724
5.999802
5.999889
5.999926
5.999879
5.999845
5.999900
5.999926
5.999898
5.999891
5.999648
5.999926
5.979703
5.999923
5.993453
5.999926
5.999924
5.999841
5.978463
5.999363
5.999925
5.999922
5.999926
5.999925
5.999925
5.999816
5.999478
5.999920
5.999913
5.999921
5.995893
5.998467
5.999926
5.999864
5.999912
5.999899
5.993862
5.999926
5.999926
5.997357
5.999287
5.999907
5.999926
5.999627
5.998855
5.999926
5.140868
5.999767
5.825446
5.999926
5.999924
5.999893
5.999887
5.999925
5.999917
5.999926
5.999926
5.999469
5.999898
5.999920
5.999926
5.987635
5.999926
5.999837
5.999044
5.999920
5.999922
5.999925
5.999926
5.999926
5.999926
5.999925
5.984760
5.999917
5.999919
5.998977
5.999926
5.999925
5.999926
5.998995
5.998829
5.999819
5.997126
5.999602
5.999925
5.999926
5.999926
5.999924
5.999910
5.999925
5.999303
5.994765
5.999926
5.989329
5.999925
5.999926
5.999891
5.999356
5.999298
5.999909
5.991459
5.999926
5.999923
5.999651
5.992912
5.999923
5.999398
5.999603
5.998331
5.999924
5.994955
5.999925
5.999925
5.999924
5.956073
5.999165
5.999754
5.998758
5.999926
5.999926
5.999876
5.999924
5.999925
5.999874
5.999873
5.999926
5.999911
5.999890
5.999926
5.998806
5.999893
5.999923
5.999857
5.996848
5.999905
5.999924
5.998620
5.999926
5.991806
5.999925
5.998150
5.999824
5.999923
5.787623
5.999866
5.999925
5.999926
5.999923
5.999608
5.999830
5.999910
5.996657
5.999863
5.999270
5.999926
5.997708
5.999925
5.986948
5.902530
5.815975
5.993569
5.999348
5.999702
5.995891
5.998436
5.999926
5.999920
5.999907
5.996025
5.999922
5.998776
5.990619
5.996679
5.999926
5.999926
5.999926
5.912187
5.999926
5.999556
5.999926
5.999735
5.999926
5.999869
5.999926
5.998995
5.260545
5.999926
5.999926
5.999925
5.999529
5.958902
5.824377
5.993592
5.926178
5.999924
5.648939
5.999824
5.999926
5.995139
5.999926
5.999556
5.995184
5.999926
5.993650
5.991295
5.999926
5.999911
5.999396
5.999547
5.999893
5.994947
5.999655
5.999519
5.999926
5.999926
5.999926
5.999874
5.999926
5.999907
5.997975
5.999926
5.999777
5.999926
5.999926
5.999926
5.912277
5.999926
5.996814
5.999926
5.999926
5.994417
5.997548
5.953707
5.999925
5.999926
5.999407
5.998436
5.999325
5.999926
5.997757
5.999926
5.999926
5.999900
5.999924
5.999926
5.999918
5.999911
5.999600
5.999922
5.999913
5.999926
5.999544
5.999926
5.999897
