10.000000	0.100000	280	0.100000
0.000000	-0.312173	5.834619
0.100000	-0.323869	5.358902
0.200000	-0.336961	4.953733
0.300000	-0.353115	4.613412
0.400000	-0.371675	4.331994
0.500000	-0.391878	4.103176
0.600000	-0.416212	3.920857
0.700000	-0.446594	3.779570
0.800000	-0.485553	3.673701
0.900000	-0.533965	3.598270
1.000000	-0.591921	3.547749
1.100000	-0.660135	3.517226
1.200000	-0.739261	3.503142
1.300000	-0.830166	3.502203
1.400000	-0.932501	3.511864
1.500000	-1.046435	3.529355
1.600000	-1.171883	3.552960
1.700000	-1.308328	3.580214
1.800000	-1.454572	3.609900
1.900000	-1.609739	3.640493
2.000000	-1.772215	3.670710
2.100000	-1.939275	3.699743
2.200000	-2.108904	3.727341
2.300000	-2.279799	3.752695
2.400000	-2.451313	3.774780
2.500000	-2.624019	3.792811
2.600000	-2.799129	3.805481
2.700000	-2.978764	3.811616
2.800000	-3.165532	3.809865
2.900000	-3.361902	3.798840
3.000000	-3.570457	3.777236
3.100000	-3.792281	3.744308
3.200000	-4.026652	3.700205
3.300000	-4.271950	3.645092
3.400000	-4.525561	3.579577
3.500000	-4.785736	3.503301
3.600000	-5.052649	3.414402
3.700000	-5.328256	3.309504
3.800000	-5.614657	3.184568
3.900000	-5.912153	3.036608
4.000000	-6.218130	2.864513
4.100000	-6.525933	2.672002
4.200000	-6.827116	2.467068
4.300000	-7.114456	2.258967
4.400000	-7.382788	2.056679
4.500000	-7.628957	1.867625
4.600000	-7.853121	1.693680
4.700000	-8.056688	1.534575
4.800000	-8.241306	1.389470
4.900000	-8.408582	1.257502
5.000000	-8.560006	1.137891
5.100000	-8.697035	1.029620
5.200000	-8.821027	0.931642
5.300000	-8.933220	0.842986
5.400000	-9.034738	0.762766
5.500000	-9.126594	0.690180
5.600000	-9.209710	0.624500
5.700000	-9.284916	0.565072
5.800000	-9.352965	0.511298
5.900000	-9.414538	0.462642
6.000000	-9.470252	0.418615
6.100000	-9.520664	0.378779
6.200000	-9.566279	0.342733
6.300000	-9.607553	0.310118
6.400000	-9.644899	0.280606
6.500000	-9.678692	0.253903
6.600000	-9.709268	0.229741
6.700000	-9.736935	0.207878
6.800000	-9.761969	0.188096
6.900000	-9.784620	0.170197
7.000000	-9.805116	0.154000
7.100000	-9.823662	0.139345
7.200000	-9.840443	0.126085
7.300000	-9.855627	0.114086
7.400000	-9.869366	0.103229
7.500000	-9.881797	0.093406
7.600000	-9.893046	0.084517
7.700000	-9.903224	0.076474
7.800000	-9.912433	0.069197
7.900000	-9.920766	0.062612
8.000000	-9.928306	0.056654
8.100000	-9.935129	0.051262
8.200000	-9.941302	0.046384
8.300000	-9.946888	0.041970
8.400000	-9.951942	0.037976
8.500000	-9.956516	0.034362
8.600000	-9.960654	0.031092
8.700000	-9.964398	0.028133
8.800000	-9.967786	0.025456
8.900000	-9.970851	0.023034
9.000000	-9.973625	0.020842
9.100000	-9.976135	0.018858
9.200000	-9.978406	0.017064
9.300000	-9.980461	0.015440
9.400000	-9.982320	0.013971
9.500000	-9.984003	0.012641
9.600000	-9.985525	0.011438
9.700000	-9.986903	0.010350
9.800000	-9.988149	0.009365
9.900000	-9.989277	0.008474
10.000000	-9.990297	0.007667
10.100000	-9.991221	0.006938
10.200000	-9.992056	0.006277
10.300000	-9.992812	0.005680
10.400000	-9.993496	0.005140
10.500000	-9.994115	0.004650
10.600000	-9.994675	0.004208
10.700000	-9.995182	0.003807
10.800000	-9.995640	0.003445
10.900000	-9.996055	0.003117
11.000000	-9.996431	0.002821
11.100000	-9.996770	0.002552
11.200000	-9.997078	0.002309
11.300000	-9.997356	0.002090
11.400000	-9.997607	0.001891
11.500000	-9.997835	0.001711
11.600000	-9.998041	0.001548
11.700000	-9.998227	0.001401
11.800000	-9.998396	0.001267
11.900000	-9.998549	0.001147
12.000000	-9.998687	0.001038
12.100000	-9.998812	0.000939
12.200000	-9.998925	0.000850
12.300000	-9.999027	0.000769
12.400000	-9.999120	0.000696
12.500000	-9.999204	0.000629
12.600000	-9.999279	0.000569
12.700000	-9.999348	0.000515
12.800000	-9.999410	0.000466
12.900000	-9.999466	0.000422
13.000000	-9.999517	0.000382
13.100000	-9.999563	0.000345
13.200000	-9.999604	0.000313
13.300000	-9.999642	0.000283
13.400000	-9.999676	0.000256
13.500000	-9.999707	0.000232
13.600000	-9.999735	0.000209
13.700000	-9.999760	0.000190
13.800000	-9.999783	0.000172
13.900000	-9.999804	0.000155
14.000000	-9.999822	0.000140
14.100000	-9.999839	0.000127
14.200000	-9.999854	0.000115
14.300000	-9.999868	0.000104
14.400000	-9.999881	0.000094
14.500000	-9.999892	0.000085
14.600000	-9.999902	0.000077
14.700000	-9.999912	0.000070
14.800000	-9.999920	0.000063
14.900000	-9.999928	0.000057
15.000000	-9.999935	0.000052
15.100000	-9.999941	0.000047
15.200000	-9.999946	0.000042
15.300000	-9.999952	0.000038
15.400000	-9.999956	0.000035
15.500000	-9.999960	0.000031
15.600000	-9.999964	0.000028
15.700000	-9.999967	0.000026
15.800000	-9.999971	0.000023
15.900000	-9.999973	0.000021
16.000000	-9.999976	0.000019
16.100000	-9.999978	0.000017
16.200000	-9.999980	0.000016
16.300000	-9.999982	0.000014
16.400000	-9.999984	0.000013
16.500000	-9.999985	0.000012
16.600000	-9.999987	0.000010
16.700000	-9.999988	0.000009
16.800000	-9.999989	0.000009
16.900000	-9.999990	0.000008
17.000000	-9.999991	0.000007
17.100000	-9.999992	0.000006
17.200000	-9.999993	0.000006
17.300000	-9.999993	0.000005
17.400000	-9.999994	0.000005
17.500000	-9.999995	0.000004
17.600000	-9.999995	0.000004
17.700000	-9.999996	0.000003
17.800000	-9.999996	0.000003
17.900000	-9.999996	0.000003
18.000000	-9.999997	0.000003
18.100000	-9.999997	0.000002
18.200000	-9.999997	0.000002
18.300000	-9.999998	0.000002
18.400000	-9.999998	0.000002
18.500000	-9.999998	0.000002
18.600000	-9.999998	0.000001
18.700000	-9.999998	0.000001
18.800000	-9.999998	0.000001
18.900000	-9.999999	0.000001
19.000000	-9.999999	0.000001
19.100000	-9.999999	0.000001
19.200000	-9.999999	0.000001
19.300000	-9.999999	0.000001
19.400000	-9.999999	0.000001
19.500000	-9.999999	0.000001
19.600000	-9.999999	0.000001
19.700000	-9.999999	0.000000
19.800000	-9.999999	0.000000
19.900000	-9.999999	0.000000
20.000000	-10.000000	0.000000
20.100000	-10.000000	0.000000
20.200000	-10.000000	0.000000
20.300000	-10.000000	0.000000
20.400000	-10.000000	0.000000
20.500000	-10.000000	0.000000
20.600000	-10.000000	0.000000
20.700000	-10.000000	0.000000
20.800000	-10.000000	0.000000
20.900000	-10.000000	0.000000
21.000000	-10.000000	0.000000
21.100000	-10.000000	0.000000
21.200000	-10.000000	0.000000
21.300000	-10.000000	0.000000
21.400000	-10.000000	0.000000
21.500000	-10.000000	0.000000
21.600000	-10.000000	0.000000
21.700000	-10.000000	0.000000
21.800000	-10.000000	0.000000
21.900000	-10.000000	0.000000
22.000000	-10.000000	0.000000
22.100000	-10.000000	0.000000
22.200000	-10.000000	0.000000
22.300000	-10.000000	0.000000
22.400000	-10.000000	0.000000
22.500000	-10.000000	0.000000
22.600000	-10.000000	0.000000
22.700000	-10.000000	0.000000
22.800000	-10.000000	0.000000
22.900000	-10.000000	0.000000
23.000000	-10.000000	0.000000
23.100000	-10.000000	0.000000
23.200000	-10.000000	0.000000
23.300000	-10.000000	0.000000
23.400000	-10.000000	0.000000
23.500000	-10.000000	0.000000
23.600000	-10.000000	0.000000
23.700000	-10.000000	0.000000
23.800000	-10.000000	0.000000
23.900000	-10.000000	0.000000
24.000000	-10.000000	0.000000
24.100000	-10.000000	0.000000
24.200000	-10.000000	0.000000
24.300000	-10.000000	0.000000
24.400000	-10.000000	0.000000
24.500000	-10.000000	0.000000
24.600000	-10.000000	0.000000
24.700000	-10.000000	0.000000
24.800000	-10.000000	0.000000
24.900000	-10.000000	0.000000
25.000000	-10.000000	0.000000
25.100000	-10.000000	0.000000
25.200000	-10.000000	0.000000
25.300000	-10.000000	0.000000
25.400000	-10.000000	0.000000
25.500000	-10.000000	0.000000
25.600000	-10.000000	0.000000
25.700000	-10.000000	0.000000
25.800000	-10.000000	0.000000
25.900000	-10.000000	0.000000
26.000000	-10.000000	0.000000
26.100000	-10.000000	0.000000
26.200000	-10.000000	0.000000
26.300000	-10.000000	0.000000
26.400000	-10.000000	0.000000
26.500000	-10.000000	0.000000
26.600000	-10.000000	0.000000
26.700000	-10.000000	0.000000
26.800000	-10.000000	0.000000
26.900000	-10.000000	0.000000
27.000000	-10.000000	0.000000
27.100000	-10.000000	0.000000
27.200000	-10.000000	0.000000
27.300000	-10.000000	0.000000
27.400000	-10.000000	0.000000
27.500000	-10.000000	0.000000
27.600000	-10.000000	0.000000
27.700000	-10.000000	0.000000
27.800000	-10.000000	0.000000
27.900000	-10.000000	0.000000
28.000000	-10.000000	0.000000
