3.458000	50	0.100000	ARCHIVOS_REDES\ER\ER_759.txt
-2.528860	7.368632
-8.571395
-0.000001
-9.999996
-9.913759
-7.197616
-9.999990
-9.999927
3.339384
3.496065
-9.999997
-6.756465
-10.000000
-9.999546
-9.999691
5.003649
0.000002
0.000001
-5.006337
-9.999962
-9.990320
0.510385
-9.573203
-9.999996
-5.203771
-3.341708
-6.665539
-6.514869
7.999988
-9.989934
9.974577
-9.999998
-9.991709
9.882909
9.999926
-9.993955
-9.999999
9.999118
-3.333348
7.142360
-9.982280
-9.995141
2.420762
-9.999694
3.333632
-9.999913
5.949792
-0.000305
-0.000000
9.999984
-5.089894
-5.998987
-9.999799
-3.297035
-6.666107
9.999997
-9.999997
-3.332623
-8.302657
3.988945
0.000455
-9.999997
-9.999692
-9.999992
-9.998691
3.334446
0.000025
-8.333817
-9.999790
-9.999996
9.974592
9.999965
-6.664738
-5.008035
0.002508
9.999980
-9.999026
9.974553
-9.917911
9.999985
-9.990527
4.997905
-9.999997
-9.996018
-0.000003
-0.011289
-9.999441
9.999760
-9.999996
9.994971
9.999506
-9.999813
-9.989635
0.000029
9.870720
-9.999954
-0.000001
-9.999997
-9.999814
2.350406
-9.998503
7.493903
-6.024312
-9.993563
-9.999998
-0.038447
-6.073599
-9.999997
9.999598
3.325966
-4.996030
3.324894
-0.000186
4.230395
5.408431
-9.999951
-0.025892
-6.668454
-9.999654
-9.999875
-3.998100
9.999947
-3.515463
-9.999999
-9.999795
-3.370586
-9.994878
-6.005059
9.997217
-9.999920
4.316535
-9.999964
-0.015373
3.338494
6.670756
-9.999722
-9.987005
-0.000000
-9.999924
9.999983
2.001108
1.994703
-9.999995
4.999792
-9.955333
9.906059
-3.342669
-9.999988
-9.999989
9.991666
9.859792
-0.437003
-9.991327
-0.095204
-9.990694
2.402072
-9.999722
-6.665234
-6.690163
3.311214
-5.060856
0.000001
2.311081
-9.999105
2.275835
-9.999973
2.002610
-6.657173
-6.005088
-9.998726
-9.992201
-9.999715
0.113565
9.932396
-9.995813
-9.999994
-4.302619
4.282922
-9.999983
5.006094
4.999461
9.999102
9.438708
9.993600
-9.999751
-9.999995
-5.995366
9.999067
-9.999989
-0.001733
9.996561
-3.325013
-0.000003
-9.999997
0.000000
-9.999962
1.111059
-6.662864
9.788959
-4.991553
-9.999990
3.352439
9.908684
-6.664424
7.943395
-9.999996
-6.040379
9.981926
-9.999545
9.984332
-9.999996
3.332353
9.999594
0.002913
-9.999697
0.000000
-1.207986
-9.999858
4.902263
4.992497
-9.969439
-9.999730
-7.508583
-9.999933
0.000001
-9.996068
3.341906
2.125583
-9.999547
4.977891
-0.003425
9.993265
3.721072
9.820504
-9.999953
-9.600589
-9.977926
-9.999625
9.999989
-9.999998
-9.987297
-9.969409
-4.341198
-9.999881
-0.000452
2.000150
-9.992211
-9.999965
-9.997088
1.999372
-9.999912
-5.024247
6.300661
9.999998
-7.495999
-5.082765
-9.999760
-9.999998
-9.999935
-9.999983
-9.999953
-7.467748
-0.521955
-9.995795
3.325026
-9.999994
-0.007251
9.998935
-9.999998
-9.999996
-0.000002
9.983862
3.332808
-4.997712
4.986655
3.333619
-3.916012
-0.000001
-0.000002
-9.994971
-9.999489
0.000016
-9.999992
3.155918
-9.999727
-9.998986
-9.948133
-5.959707
-3.473730
-9.998840
-5.000118
9.986859
-0.000000
-9.993995
-9.999002
5.734869
-9.999093
-3.384522
9.807988
-9.955292
3.333343
3.289111
-9.999955
3.241633
-9.999989
-9.999962
-7.502449
-3.333594
-9.999394
-8.007621
9.999928
9.999872
0.009690
-0.000002
-5.715993
9.999995
-0.000001
3.328415
-9.999138
6.331824
-6.979179
-9.999939
-9.999988
-9.985412
0.000001
-9.999983
-9.996604
-9.991223
-9.999691
-9.999574
-4.998389
-6.067253
5.203139
9.999129
3.333479
-9.999997
-9.999956
-9.999992
-9.974581
-9.999959
-9.999093
0.000002
9.820188
-5.000163
5.780278
9.880133
6.001191
-9.999781
-3.391327
9.999570
6.578187
5.005810
9.981927
9.974885
-10.000000
-6.000051
9.532037
3.213169
-9.999979
6.665393
-10.000000
9.855107
-9.999944
-9.999922
9.999066
-9.934717
4.993666
8.329658
-0.000000
-9.999958
4.998271
9.996058
-9.990735
10.000000
-3.334256
-9.974947
9.998120
3.333353
-9.999986
-5.672569
-9.999626
0.806633
-6.670111
-9.985003
-9.999976
-5.764583
9.999044
-5.006398
9.999967
-3.144415
-9.992741
0.000003
-7.499165
-6.071581
5.783339
-9.999637
0.015110
-9.993666
9.999178
8.005403
-7.999539
-0.000233
4.996422
4.952699
2.006704
-9.999773
-5.006407
5.930207
-0.012125
4.882228
-9.992835
-7.146325
-9.999991
-9.995188
4.917737
-9.999997
-9.995770
3.998887
-9.999747
0.000002
4.351464
-9.999612
-9.999997
8.273786
5.924652
9.999087
-4.999998
-0.013394
9.999556
1.423339
0.000000
-0.002099
-9.999995
-9.995764
-3.394142
0.000003
-3.333341
-7.495900
-3.333628
-6.715741
-9.999937
-9.999890
-9.999980
9.999982
-5.050382
-6.072095
-6.263369
-3.337373
-5.996213
-9.991421
9.999832
-3.341700
0.000001
1.770657
-9.999114
9.999995
-7.577881
-9.999953
9.987292
-6.110205
-6.671981
-9.999534
-9.992512
-9.989957
7.057679
3.329820
-6.003825
-9.930807
-9.999999
2.981958
-6.666714
-6.004303
0.000453
-0.015368
-9.974578
-9.999995
-9.999352
-3.341603
-0.061418
1.999933
4.966666
-5.827176
9.999945
-9.489601
5.006354
-7.999015
-9.998118
-8.338829
2.582387
-9.836611
2.967562
9.991646
4.990535
0.000000
-9.999614
9.996057
-9.999995
-9.999804
-9.999997
-9.999958
-0.087021
9.974590
-9.999167
-9.999532
-3.674058
3.988077
-6.324668
-3.762741
-9.999996
-9.999876
-9.999943
-9.999958
9.999978
-9.991528
9.999917
-4.061739
9.985006
9.630141
9.741612
0.000001
4.905317
-9.999942
-9.999889
2.512548
-3.756759
-9.999997
-6.667027
9.987073
-9.999938
-9.999968
-5.001055
-7.705342
-3.337444
9.996059
6.658940
2.265630
3.296021
9.961408
-3.586272
9.999458
-4.289276
-9.998287
-7.554847
-9.999893
-6.785696
0.000002
-9.999996
0.000003
-8.587868
-0.000002
9.999983
9.999978
-9.999875
-9.999938
-9.668263
-6.670603
-5.978490
-9.999963
9.634277
6.662788
7.492761
-9.996553
10.000000
-8.000828
3.260397
5.262463
0.000003
-9.999996
-9.998725
9.983067
-9.999987
9.650659
-8.000622
4.999806
9.992995
-3.369148
-6.673620
9.999397
-9.999695
-9.993387
1.211970
5.014419
-9.711569
-5.000223
-9.989827
-3.333342
9.951889
-9.999770
0.000457
-9.999850
-5.089960
9.982207
9.999941
-9.999991
-9.999999
-0.037748
-7.142838
-9.993880
9.991632
-9.999961
7.135572
-0.000402
-5.013049
-7.139168
3.334139
-0.235562
-6.032792
-3.328789
9.999874
5.326202
4.549785
-9.999893
-9.988066
-3.333688
3.333622
-5.036324
9.961372
-9.994131
1.644459
9.999377
0.000006
-9.994859
-9.999127
-9.999978
-9.998538
-9.999712
-9.993684
9.998992
-5.996012
-9.991645
-9.995228
7.607647
4.997153
4.440406
3.333332
0.000440
-9.999948
3.988067
-6.067517
-0.000003
-5.999545
-3.342536
-9.999602
-3.334417
5.998388
3.333034
5.997140
-9.999790
-9.999986
1.997565
0.007630
-9.999995
-5.995067
-3.333901
-6.716369
-9.999976
-9.999998
-9.998273
0.000002
9.882829
9.999621
9.999544
-9.974980
-9.999969
-9.995679
-9.996427
-6.022118
-7.499744
5.000021
4.730013
-6.004997
-9.999565
-9.999656
9.960607
-4.994831
-3.453542
1.427201
-6.460962
-9.998644
-5.000220
7.500181
9.999272
-7.487761
-9.999942
-0.000001
-9.999949
2.404902
9.999995
-10.000000
3.332536
9.999996
-5.995466
9.999990
9.991431
-9.995268
-3.256373
0.000460
-9.997902
9.970236
-5.006729
-6.723057
-3.334373
0.000001
-9.991873
-5.008273
-3.331370
-9.999326
9.991515
-3.341597
-9.991785
-9.999086
-4.999603
0.000026
0.003369
-3.337242
1.429728
9.850292
-4.055146
-9.999959
3.324709
-8.338976
-7.506437
-9.999692
-0.101330
-9.999999
5.266387
-9.997172
-0.003433
-7.646486
-9.829878
9.999089
-9.999784
-9.994040
-5.007434
-9.445400
9.859585
-0.089517
-9.932900
0.005460
-0.000003
-0.406812
2.416362
-9.993936
-5.006283
5.994456
-0.006962
6.001603
-9.999996
9.999947
-9.999994
-9.998321
-9.997015
-1.899324
-9.993943
-7.696997
4.987096
-9.896538
-0.000001
7.988331
-9.999217
-9.999737
-4.268370
-9.989919
7.500513
-9.999699
1.999460
-9.999999
-9.999960
-9.993079
-9.999998
7.404919
-9.999877
9.999996
-9.999907
-7.392106
0.007055
7.493935
7.412995
-6.069791
9.971813
0.000002
-6.847122
9.998656
-9.990080
-7.500212
-9.991478
-8.014118
9.986350
-6.844052
-0.003424
-6.670866
-6.005925
-9.999978
-3.402072
-9.999694
-5.004667
-9.999779
-9.997210
-9.988055
-9.998297
7.135143
6.538448
-6.663554
-9.999955
-0.000016
-5.091082
-9.999996
2.327085
-9.999879
-9.998214
-9.999994
-9.999997
9.999964
9.798344
6.666949
-5.000957
-9.999996
5.836950
4.998998
0.000001
5.596126
9.962004
-9.999964
-9.999961
-9.999608
8.592569
-9.999971
-4.291839
4.998639
-7.999961
-9.999078
-5.105304
-2.248606
9.980861
-5.000163
9.999653
5.998919
-3.333385
9.974580
-9.999509
0.000019
-9.999946
7.513328
5.665162
3.331110
-9.999999
1.952277
-9.999158
-1.198565
5.006120
3.333091
9.996689
-5.090050
-9.999995
-9.993608
3.331701
-7.597491
9.807047
9.999995
-6.668565
-6.662458
-0.003331
-9.999794
9.879915
-6.666040
6.648668
-9.999991
3.264725
9.999301
7.906966
1.999721
-8.565979
-9.993323
-9.999663
-9.999080
-5.269545
-9.999995
6.664958
-9.999984
-9.999681
4.912643
-2.499533
-9.999894
-9.994182
-9.998754
3.334269
0.000008
9.999965
3.286164
-9.948267
-5.006399
3.226735
-5.090775
6.488740
-9.999939
3.341768
3.196537
-9.999962
-9.999890
3.340156
9.936973
9.974579
3.341841
-5.186246
-5.005407
7.495002
-0.001860
-9.999966
-0.000001
-0.000001
-5.999939
-5.001441
9.999094
3.341146
4.256415
-9.992020
-9.591559
-5.863728
-0.000002
-9.999770
-9.995419
-6.674536
3.333294
3.377981
-2.797102
-9.999900
9.999332
9.974690
3.324764
-9.999544
-9.999465
-9.999991
-3.999268
-3.370606
-9.999966
9.999997
-6.000000
5.000194
9.996691
-9.999674
-9.997081
-9.999874
-0.000572
-9.998934
9.999349
-7.392901
9.819972
-5.006347
-9.999996
-9.510731
-9.999967
-9.999996
-9.991321
3.333312
-9.999998
9.999995
-0.000042
-9.999678
-9.999996
-9.998090
-9.999996
5.005980
-9.990075
-3.390764
-0.000001
-3.699049
3.333777
-9.999989
-9.999999
-7.483245
-6.071763
-9.999654
9.999995
-6.689608
-9.999988
-0.000002
0.000003
3.335558
4.687266
-0.000001
3.232792
9.992658
3.987482
-9.999959
-9.999826
9.999997
-3.341274
-5.036322
6.600524
-4.896005
-9.999996
-6.424741
-3.333589
9.999998
-4.026015
-4.999124
-9.998564
-9.975898
-3.696759
-6.666389
9.946850
