0.000000	0.200000	50	0.100000	ARCHIVOS_REDES\ER\ER_5.txt
-0.000199	0.003825
0.003404
-0.005667
-0.003238
-0.000035
-0.004509
-0.001762
0.001090
0.001839
-0.001086
0.002138
-0.001812
0.005447
-0.006599
0.005708
0.003985
0.005732
-0.006017
-0.002001
-0.003940
-0.000081
-0.003284
-0.006065
-0.005491
-0.004074
-0.004403
0.005447
0.001968
-0.001433
-0.001330
0.001594
0.003671
0.004315
0.004990
-0.000439
0.006077
0.001677
0.005197
0.003984
0.004970
-0.005570
-0.005672
0.003884
-0.003655
0.004370
0.005716
0.000683
0.001834
0.003420
0.006358
-0.006383
0.006370
0.001290
-0.000493
0.003805
-0.004544
-0.004036
-0.000308
-0.004097
0.003214
-0.000291
-0.003189
-0.005746
-0.005260
-0.003855
0.005738
-0.003619
0.006003
0.000629
-0.005326
-0.005783
0.000987
-0.001361
0.004299
0.002415
0.004067
0.001784
-0.005108
-0.000173
-0.005741
-0.003857
0.003017
-0.006550
-0.001940
-0.004413
-0.003301
0.003124
0.002286
0.001751
-0.002796
0.001083
0.002322
0.002451
0.004604
-0.004533
-0.004132
-0.001118
-0.001259
-0.004596
-0.004972
0.004722
-0.002502
0.006341
0.001579
-0.006012
-0.000715
-0.004608
0.004790
-0.003148
-0.006233
0.002327
0.000542
-0.003198
0.002534
-0.000945
-0.003216
0.003555
-0.003191
-0.003341
0.004067
-0.004453
0.004283
0.002856
0.003150
-0.001417
-0.003862
0.005473
-0.003772
-0.005525
0.001098
0.002609
-0.000981
-0.006361
-0.002870
-0.000991
-0.000606
0.005908
0.000701
0.002796
-0.004155
0.000946
-0.001458
-0.004000
0.006696
-0.003182
-0.006418
-0.006123
0.001663
0.004244
-0.001329
0.004761
-0.002974
0.005522
-0.006297
0.005409
-0.003497
0.005587
0.003201
-0.000335
0.005628
-0.002703
0.000008
0.005864
0.003829
-0.000294
-0.005702
0.000363
-0.005762
-0.002078
0.000061
-0.000454
0.001936
-0.002775
-0.004270
-0.002280
0.005896
0.006565
0.002313
-0.002837
-0.001238
0.002397
0.004907
-0.004021
-0.001978
-0.002066
0.002673
-0.005177
0.000559
-0.000751
-0.006015
-0.004029
0.000606
0.000244
0.006673
0.001883
-0.004264
0.000078
-0.006483
0.000219
0.006552
0.006408
-0.000590
-0.003642
-0.005713
-0.005463
0.002587
-0.000485
-0.001527
0.001463
-0.001973
-0.003431
0.001523
0.001490
-0.005025
-0.005127
0.004127
-0.001576
-0.001930
0.006450
-0.006513
-0.005475
-0.005618
0.000947
0.005289
0.001689
0.002396
-0.003778
0.001867
-0.002397
0.003096
0.003976
-0.003446
0.005838
-0.002158
-0.000685
-0.001556
0.000464
-0.000268
-0.004480
0.005395
0.002836
0.000980
0.002076
-0.003146
0.003738
0.006033
0.001158
0.006090
-0.002323
-0.002268
0.003628
-0.005692
0.005103
-0.006358
-0.003695
-0.002944
0.005478
0.005959
0.003283
-0.004136
-0.006137
-0.005296
0.005663
-0.000994
0.003111
0.004981
-0.003607
-0.000053
-0.005626
-0.001475
-0.004550
0.000884
-0.002948
0.001531
0.005553
-0.000963
-0.003385
-0.001834
0.003176
0.001823
0.005329
0.003068
-0.001033
-0.004489
0.002982
-0.001717
0.006290
0.000877
-0.006022
0.006246
0.005882
0.005697
0.002652
-0.002296
0.001413
0.001921
-0.002875
0.000550
-0.002115
-0.001766
-0.005199
0.000641
-0.002350
-0.006726
0.002908
0.000564
-0.005762
-0.004177
-0.006714
0.002635
0.004852
-0.003605
-0.003936
-0.000933
0.000447
0.003481
-0.000675
0.005137
0.003345
-0.005026
-0.004538
0.002667
-0.004323
0.005852
-0.003925
0.004823
0.002943
0.000473
0.005730
0.001753
-0.004022
0.006640
0.005538
-0.001931
0.002571
-0.001942
0.004246
-0.003983
0.004642
0.002337
0.005651
0.000583
-0.001258
0.002036
0.003943
-0.005281
-0.002062
-0.001927
0.004032
0.001348
0.002452
0.005159
0.003248
0.005163
0.000125
-0.001813
-0.001124
-0.000900
-0.002878
-0.003006
-0.001657
-0.004106
0.005178
-0.001509
0.002163
0.000064
-0.000707
-0.002541
0.003859
-0.003646
0.001260
-0.006304
0.003916
0.003899
0.006457
-0.002294
0.001124
-0.003930
0.003628
-0.000008
-0.001213
0.004807
-0.006257
-0.002981
0.002651
-0.006229
0.001621
-0.001543
-0.005892
-0.005683
-0.000122
0.000977
0.003763
-0.005721
-0.005070
0.001441
-0.000582
0.006194
0.005954
-0.005662
-0.003461
-0.006383
-0.002138
-0.000657
-0.002543
0.001306
-0.002188
-0.003524
0.005664
0.006215
-0.001876
0.003412
0.004439
-0.003239
-0.003591
-0.002791
-0.002060
-0.000512
0.004879
-0.004110
0.003989
-0.005430
0.002290
0.002119
0.002358
0.005271
-0.002573
0.003136
-0.002692
0.006342
0.002370
-0.001289
-0.003971
0.003851
0.003585
-0.004763
-0.005616
-0.001203
-0.001371
0.005102
0.000670
-0.001651
-0.002175
0.002926
0.000146
0.002680
0.004796
-0.000889
-0.001145
-0.003542
-0.003496
-0.006395
-0.004432
-0.005730
-0.002454
-0.002720
-0.006553
-0.006148
-0.000198
0.005118
-0.005429
-0.005817
-0.002586
0.000805
-0.005406
-0.000274
-0.004020
-0.001812
0.001542
0.006152
-0.003589
-0.002933
0.001674
-0.003374
0.001025
-0.006451
0.004230
-0.002082
0.001876
0.003269
-0.006338
-0.003697
-0.001099
-0.004852
0.002013
0.005093
-0.005588
0.003952
-0.004701
0.002914
-0.001969
-0.004124
0.002160
-0.005869
0.002064
-0.001997
0.003449
0.004868
0.001871
-0.001528
-0.002437
-0.003485
-0.005761
-0.006555
0.002731
-0.004703
0.001384
-0.002328
-0.006678
0.002048
-0.000319
0.003908
0.003051
-0.005776
0.002885
0.004483
0.001324
0.002077
0.003765
0.006360
0.004708
0.005023
-0.003067
0.004748
0.002813
-0.006036
0.002454
-0.005150
-0.001143
-0.000473
0.003021
0.000265
0.000242
0.000723
-0.002697
-0.004483
0.003369
-0.000856
0.001405
-0.002325
-0.003307
-0.001997
-0.001127
0.002414
-0.000716
-0.004051
-0.005358
-0.000958
-0.002812
0.004479
-0.001848
-0.004115
-0.003014
-0.003254
-0.003302
-0.005889
0.004955
-0.001274
0.000298
0.003047
0.002984
0.001433
0.003514
-0.005312
-0.000838
-0.000500
-0.000580
-0.001756
-0.004882
-0.003479
-0.001041
0.003315
0.001924
-0.000539
0.002219
-0.006145
0.000526
0.004258
-0.003847
-0.002891
0.005506
-0.005083
0.006137
-0.001974
-0.006647
-0.001343
0.006355
-0.005855
0.002273
0.003774
-0.000586
0.001029
0.003039
-0.001585
0.002799
0.000233
-0.003887
0.004312
-0.003487
0.003748
0.001933
-0.000210
0.000762
-0.002186
-0.004670
-0.003063
0.001114
-0.006066
0.003463
0.005506
-0.002186
0.003912
0.000488
0.000229
0.004481
0.005004
-0.006453
0.001427
0.003352
-0.004977
0.000666
-0.005220
0.005730
0.001341
0.005187
0.002309
-0.004304
-0.004612
0.005102
0.003463
0.000089
-0.005640
-0.000662
0.004889
-0.004580
0.005245
0.002395
-0.001790
0.002538
-0.001438
-0.003219
-0.003421
-0.001135
-0.001853
-0.004493
-0.002862
-0.000996
0.002731
0.002785
0.006259
0.000930
0.000814
0.004768
0.001634
0.000322
-0.003266
-0.005890
-0.004953
-0.000658
-0.000513
-0.001556
0.002522
-0.003194
-0.000004
-0.004714
0.004805
-0.006140
-0.003799
-0.006570
0.001378
0.002098
-0.002668
0.001592
-0.001635
-0.006087
-0.000638
0.002674
0.006584
-0.002368
-0.002251
0.004803
-0.002072
-0.005776
0.002534
0.004478
0.004112
-0.006672
0.000596
0.000399
-0.003953
-0.000710
0.005335
0.001092
-0.002626
0.002380
0.003826
0.003204
0.003056
0.002375
-0.004406
0.004868
-0.005153
-0.002492
0.000473
0.004054
0.001852
-0.000114
0.000570
0.005885
-0.000606
-0.003079
0.003763
0.002288
-0.001308
0.000688
0.005094
0.001904
-0.000743
-0.003009
0.006521
0.006210
-0.005179
0.003413
0.006159
-0.003688
0.001169
-0.005794
-0.003819
0.001563
0.000211
-0.004325
0.001812
0.004495
-0.002229
0.002062
-0.001579
-0.004198
-0.004919
0.002128
-0.004791
0.001247
0.004091
-0.004469
0.001205
0.003404
0.000908
0.006191
0.000351
-0.002110
0.001377
-0.001293
0.001787
-0.000825
0.004889
0.001476
-0.004396
0.006530
0.003896
0.005688
0.001504
0.001265
-0.006109
-0.002260
0.000182
-0.000737
0.006139
0.004210
0.002247
0.000896
0.003573
-0.005177
0.004088
-0.002919
-0.000918
-0.005772
0.004621
-0.005164
-0.006015
0.005445
-0.005939
0.005496
0.001619
0.001452
-0.005695
-0.000645
-0.003608
0.005564
-0.005308
-0.000991
-0.000667
0.004954
-0.002510
0.005208
0.005723
0.000968
0.003408
-0.005139
0.006253
-0.005496
0.003229
-0.005035
-0.004003
-0.005521
-0.005467
0.000444
-0.006485
-0.004113
-0.004712
-0.004304
0.004814
0.002007
0.005874
-0.003913
-0.005083
-0.003167
-0.000852
0.005331
0.003908
-0.003824
-0.002090
-0.006352
-0.001475
0.002668
-0.004052
-0.005187
0.000478
0.006599
-0.002337
-0.004287
0.001684
0.006035
-0.000196
-0.000456
0.005454
-0.000507
0.001673
0.003653
0.000332
0.005483
0.002068
0.003619
0.003432
-0.005198
0.001959
-0.006328
-0.006522
0.005517
-0.001881
-0.005792
0.005157
0.003084
0.000171
-0.004389
0.002831
-0.001877
0.002370
-0.002595
-0.006112
-0.002235
-0.003510
0.004982
-0.000209
0.006615
-0.002431
0.001212
-0.005283
0.003630
-0.006324
-0.002236
-0.004167
0.003148
-0.006395
-0.005240
-0.002645
0.005074
0.002808
-0.005957
-0.000184
-0.003632
-0.006344
0.002469
0.001869
-0.002477
-0.003196
-0.004680
0.003922
0.006192
0.002453
0.005352
-0.001267
-0.006607
0.000380
-0.002386
-0.001751
0.006590
-0.004197
0.005500
0.004468
-0.003976
0.006512
-0.000481
0.000539
-0.001928
-0.000395
0.004657
0.004631
-0.004472
0.002387
0.005205
-0.006714
-0.005737
-0.004646
0.004693
0.006298
0.000000
-0.002961
-0.004590
-0.002736
0.003428
0.002529
0.003025
-0.002104
-0.005697
-0.003231
0.001195
-0.001479
0.004939
0.000944
-0.003539
0.005060
0.001604
-0.004284
-0.002555
-0.001668
0.001549
0.003028
-0.006538
-0.000070
0.005098
-0.004923
-0.006531
-0.002538
-0.000768
0.006496
-0.005593
0.000799
-0.000563
-0.002950
-0.002746
-0.004416
-0.004560
0.002617
-0.006257
-0.001737
-0.003319
0.000465
0.001623
0.005862
0.002743
-0.000360
0.004051
0.004326
0.000236
-0.001899
0.005760
0.003836
0.000028
-0.006006
-0.005813
-0.004600
0.000701
0.002636
0.004744
-0.000720
-0.000066
-0.002909
-0.002434
0.005210
-0.006399
-0.006570
0.000960
0.001926
0.003420
-0.003585
-0.000224
0.003772
0.005558
-0.000255
-0.002997
0.002364
0.003191
-0.000831
-0.003681
-0.006323
-0.005890
-0.003005
-0.003012
-0.004963
-0.004462
-0.003265
0.004885
