5.000000	1.200000	50	0.100000	ARCHIVOS_REDES\ER\ER_623.txt
0.001436	4.982528
-4.994873
-4.997057
-4.997914
-4.992882
4.759663
4.997463
4.997586
-4.996390
4.996887
4.999542
4.998920
4.997641
4.996633
4.992655
-4.996756
-4.996657
-4.998602
4.998574
-4.997549
-4.997760
4.997677
-4.991523
4.896717
-4.999031
4.997390
-4.996768
-4.997004
4.997368
4.994183
-4.996770
-4.995476
-4.999105
-4.993795
4.996831
-4.996069
-4.999543
-4.997713
4.998010
-4.998952
-4.995328
-4.995968
4.996911
-4.996470
-4.996757
4.996481
-4.995736
4.996745
-4.949731
-4.997063
4.990784
4.998764
4.997178
4.998577
4.997510
-4.994886
4.484605
-4.993455
4.998600
4.998332
4.995881
-4.997415
4.996461
-4.994049
4.997608
-4.997393
-4.996667
-4.997405
-4.999084
4.997416
4.996515
4.998115
-4.666621
-4.996761
4.998457
-4.997030
4.996828
-4.997822
4.978422
-4.997920
-4.971135
4.997834
4.996052
-4.993081
-4.996008
-4.996524
4.996906
-4.998315
4.997956
-4.998911
4.998104
4.998681
4.997171
-4.995367
4.997130
-4.997009
4.998932
-4.998269
-4.997210
4.997443
4.996408
4.994462
-4.062200
4.996763
-4.998614
4.993819
4.995458
4.998636
4.997740
4.997270
-4.996805
-4.995256
4.996428
4.998754
4.996926
4.995217
4.997291
-4.540438
-4.998313
-4.988517
-4.997621
4.974088
4.997526
4.998361
-4.996093
-4.998149
4.996057
4.997482
-4.998187
4.992781
4.996906
-4.998466
-4.992878
-4.998807
4.998120
4.997714
4.996519
-4.998914
-4.987285
-4.996700
4.988007
4.990284
-4.995477
-4.996154
-4.998279
-4.997607
-4.996486
-4.992439
-4.997602
4.996569
-4.993056
-4.994480
-4.998319
4.990282
-4.998260
-4.997105
-4.997706
-4.996492
4.997896
4.989701
4.998294
4.996069
4.998641
-4.998947
-4.997817
4.997396
-4.998722
4.997135
4.997551
-4.998719
-4.998640
4.993906
4.996049
-4.997343
-4.996187
4.997971
4.989120
4.996749
4.997873
-4.996935
4.997837
-4.998372
-4.993539
-4.995974
4.998451
-4.998578
-4.998006
-4.998008
-4.992032
4.998168
-4.997862
-4.998445
4.996865
-4.997304
-4.997342
-4.922149
-4.994023
-4.998419
-4.997979
4.997952
4.998451
-4.996226
4.998907
4.997694
4.995596
-4.990332
4.998936
-4.998207
4.994532
-4.981020
4.994407
4.995066
4.999165
-4.998812
-4.993367
4.995955
-4.990574
4.994501
-4.996702
-4.944268
4.998147
-4.997811
4.997173
-4.997658
4.995968
-4.997820
4.995545
4.997670
-4.998595
4.996593
4.996726
4.950451
4.996143
4.963644
-4.998959
4.997483
-4.998412
4.996466
4.995138
4.998124
-4.998759
-4.991863
4.988535
4.996781
-4.998310
4.997831
4.999036
-4.996448
-4.998530
4.998319
4.995529
4.994671
-4.997406
4.997227
-4.998213
-4.997998
-4.997757
-4.996570
4.996325
4.995137
4.996185
-4.998374
-4.992590
4.997957
4.997470
4.996487
4.997191
-4.998473
-4.988929
4.997577
-4.998832
-4.992166
-4.900183
-4.992477
4.996015
4.995348
4.999544
-4.997075
-4.999544
4.998550
-4.997487
-4.991123
-4.989074
-4.998142
4.996837
-4.998785
4.997153
-4.998979
4.997304
-4.996499
-4.997370
4.996492
4.996586
4.997717
-4.997194
-4.996808
4.999051
4.997673
4.995251
-4.998342
-4.973168
-4.996787
4.997973
4.948629
-4.997354
-4.998786
-4.995852
4.995110
4.996926
4.996851
-4.997398
-4.998512
4.994299
4.998846
4.355906
-4.986078
4.997938
4.993952
-4.992930
-4.998500
-4.997652
-4.995999
4.993375
4.997782
4.997582
-4.993630
4.968372
-4.996678
4.995185
4.990893
4.996807
4.997804
4.998180
4.996371
-4.994999
-4.997992
4.998447
4.997216
4.992748
-4.994848
-4.998259
4.994753
4.997663
-4.997543
-4.997659
4.998312
-4.997669
-4.996646
4.998426
4.998101
4.991154
4.996374
-4.997306
-4.995794
-4.998336
4.998026
4.997881
-4.998819
4.996186
-4.992326
4.998655
4.997496
4.997916
-4.997837
4.997179
4.996114
-4.998348
4.994719
4.994677
4.998562
-4.998615
-4.997150
-4.992555
-4.998339
-4.998973
-4.998687
4.998827
4.997388
4.997963
4.998064
4.963343
4.995024
-4.997677
-4.998055
-4.996705
4.998516
-4.998608
-4.996071
4.994185
-4.997844
4.995676
-4.998455
4.997745
-4.996709
-4.997721
-4.996387
4.994654
-4.999012
4.997118
-4.994764
-4.998670
-4.993142
-4.995818
-4.996988
-4.993822
4.998010
4.996681
-4.998270
4.998908
-4.996639
4.994859
-4.997709
4.993673
-4.994962
-4.995635
-4.997428
4.999049
-4.998506
4.996545
4.997340
4.996247
-4.997704
4.998387
-4.997546
-4.998718
-4.996584
-4.995708
4.997203
4.998746
-4.996461
4.996308
4.999140
4.997534
4.992386
-4.996590
-4.996618
4.997080
-4.995620
-4.997785
-4.996675
-4.997023
-4.994680
4.982122
4.996198
4.993409
4.997372
-4.997060
-4.993176
4.993934
4.997192
4.997244
-4.998760
-4.995480
-4.996128
-4.995428
4.996139
-4.996147
-4.998384
-4.997784
4.995968
-4.994417
4.996606
-4.996502
-4.997499
-4.998333
-4.997198
4.998829
-4.993173
4.997974
4.998009
4.997681
-4.995599
4.999052
4.998258
4.996774
-4.992178
-4.998655
-4.982073
4.998557
4.995856
-4.975388
4.993956
4.993425
4.997165
-4.998285
4.998578
-4.997440
4.993761
4.997513
4.998469
4.998186
4.997446
4.996938
4.997933
4.995290
-4.996384
-4.996697
-4.996945
-4.997316
-4.998365
-4.996124
-4.998472
-4.996528
4.996621
-4.996587
-4.996784
-4.996619
-4.997176
-4.998568
4.994314
4.993322
4.997915
-4.997532
4.998763
4.996486
-4.997002
-4.996800
4.994947
-0.871366
-4.997632
4.996714
4.998515
-4.994293
-4.996730
4.998603
-4.990185
-4.996794
4.997887
4.995379
-4.998295
4.996516
4.998517
-4.995300
-4.994614
-4.994417
-4.998669
-4.995686
4.997439
-4.997081
-4.998698
4.997228
-4.998717
4.995667
4.995380
-4.998810
-4.997800
4.997860
-4.996620
-4.999066
-4.993226
4.997216
4.997811
-4.996410
4.995760
4.997277
4.995098
-4.996783
4.998869
4.994113
-4.996899
4.996689
4.998718
4.998410
-4.997104
-4.998385
4.998001
-4.997494
-4.998158
4.997657
4.977728
4.997634
4.995847
4.997115
4.997386
4.996866
4.997881
-4.992128
4.990973
4.996306
4.996682
-4.997939
-4.961889
4.997380
4.996748
-4.983028
-4.998238
4.994813
-4.995732
4.996489
-4.997407
-4.996114
-4.997586
-4.996671
-4.854029
-4.997723
4.994543
4.997779
4.997451
4.990697
4.997733
-4.998197
-4.995040
-4.998367
-4.995076
-4.998523
4.996931
-4.811979
4.992360
4.995436
4.987544
-4.996498
-4.996755
-4.989338
-4.998291
-4.998287
4.990665
4.995866
-4.997897
4.995575
-4.997979
-4.997120
-4.997598
-4.997256
-4.995824
4.996417
-4.995756
4.993537
4.997820
4.995638
-4.997982
-4.998279
-4.997566
4.995981
4.994437
-4.998166
-4.998905
4.998356
4.997967
4.996775
-4.997529
-4.996046
4.998947
-4.998822
4.997281
4.907971
4.993912
4.998727
-4.998144
4.998209
4.997483
4.998811
-4.994570
4.998125
-4.996941
4.998035
4.998144
-4.990038
-4.996812
-4.996300
-4.997359
-4.997235
-4.998325
4.997423
4.995267
-4.998038
4.999543
-4.996808
-4.996101
-4.998982
4.998978
4.995002
-4.997830
-4.998226
-4.997947
4.996517
-4.997935
-4.997464
4.998609
4.817185
-4.996529
-4.996687
-4.996810
-4.992829
4.996485
-4.997791
4.997894
-4.997241
4.990917
4.994100
-4.996338
4.230416
4.997939
-4.996064
4.997067
4.998598
4.996369
-4.997195
-4.998527
-4.996312
4.995897
4.966175
4.999204
4.996912
-4.997615
4.997791
4.997872
4.998899
4.995567
4.973255
4.998592
4.996801
-4.997625
4.991224
4.997717
4.998013
4.998670
4.991605
4.995777
-4.989786
4.990786
-4.998569
-4.996739
4.996226
4.996786
-4.996882
-4.997437
-4.995395
-4.997062
-4.999029
-4.999233
-4.996264
4.998586
-4.998146
-4.996752
-4.998289
4.998857
-4.997421
-4.998404
4.998635
-4.997911
-4.997617
4.996469
-4.992859
-4.998162
-4.996460
4.997631
4.998056
-4.992619
-4.998181
0.945756
4.997729
-4.998095
-4.445751
-4.994618
4.999543
4.995960
-4.997693
4.997874
-4.987279
4.997483
4.997938
4.998140
4.998829
4.999121
-4.997828
-4.998059
-4.998690
-4.998651
4.997278
-4.996255
-4.997903
4.998899
-4.995706
4.440025
4.996817
-4.995510
4.998036
4.996898
4.998384
-4.997354
4.995715
4.994800
-4.997230
-4.995418
4.999222
-4.997780
-4.824511
4.995867
4.996183
4.996687
-4.997028
-4.998144
4.997020
-4.997884
4.998814
-4.996574
-4.996878
-4.996190
-4.997796
4.996852
-4.996655
4.996046
-4.997383
-4.996962
4.996521
4.998045
-4.997613
-4.997328
4.997736
-4.996599
-4.997827
4.994290
4.997833
4.997427
-4.995998
-4.996769
-4.996805
4.996840
-4.998752
-4.997401
-4.993360
-4.996320
-4.995831
-4.997344
4.996398
4.998980
4.998127
4.998282
-4.999124
-4.997156
-4.998262
-4.997717
4.997994
4.992770
4.993487
-4.996833
4.998817
-4.997262
-4.997289
-4.997667
-4.997249
-4.996270
-4.996533
-4.999301
4.997836
4.992913
4.996370
-4.998934
-4.998646
4.997297
-4.996002
4.996285
-4.997829
-4.998298
4.997452
4.996006
4.994201
-4.999078
-4.997462
4.997746
-4.998071
-4.997910
4.996794
4.996265
-4.998061
-4.969412
-4.994220
-4.998532
-4.998314
4.998078
4.994575
4.993532
-4.998624
4.997542
-4.998479
-4.997948
4.997198
4.997278
4.997837
4.988366
-4.998325
4.998956
4.997852
-4.995291
-4.995437
-4.994202
4.996853
4.996235
4.998572
-4.996687
-4.997905
4.998400
4.994096
4.996017
-4.997689
-4.997421
-4.999544
-4.994376
-4.998207
-4.996879
4.998929
4.998635
-4.996590
4.997198
4.997558
-4.998819
-4.997825
4.997370
-4.997327
-4.997925
-4.992983
1.548866
4.997339
-4.998782
-4.996046
-4.994744
-4.986970
4.989001
4.998477
4.999542
4.998588
4.996639
4.997958
4.996666
-4.928015
4.996080
-4.996513
-4.997332
-4.999150
-4.996577
-4.997508
4.998940
-4.998677
-4.997818
4.998440
4.998173
4.994192
4.994994
-4.998977
-4.998682
4.972826
-4.999077
4.997910
-4.993023
4.992992
-4.997584
4.998066
-4.997701
4.997229
-4.997588
4.996820
4.996579
4.996936
4.998182
-4.994006
4.997404
3.435472
-4.996875
-4.997959
-4.984232
-4.998178
-4.998914
4.996822
4.996441
4.997399
-4.992362
4.997767
-4.996693
-4.996376
4.998400
4.999099
4.769027
4.997719
-4.998413
-4.998201
4.997144
4.997472
4.994329
-4.997859
4.998133
4.997028
4.987214
4.994047
4.997538
-4.996016
4.996348
4.993759
4.961249
4.998649
4.997770
4.997919
-4.997204
-4.998407
-4.997912
4.998298
-4.995659
4.991722
-4.994533
-4.999544
4.996648
4.997875
-4.998405
4.996301
-4.995712
4.997909
4.996044
-4.991728
4.997605
-4.999543
-4.997681
-4.993224
4.997430
4.997281
-4.967774
-4.996593
0.865747
-4.991906
4.998636
4.997979
4.997191
4.998528
-4.994028
-4.994853
4.996225
4.997410
4.998631
-4.998674
4.995628
4.997761
4.998051
-4.996587
-4.993221
4.992630
4.997622
-4.996741
-4.998960
-4.998543
-4.997760
-4.997817
-4.990333
-4.998735
4.997102
-4.950564
4.997407
4.996113
-4.997220
-4.997551
4.965177
-4.997825
-4.997503
-4.997746
4.994101
4.996529
-4.997974
4.996402
-4.997370
-4.998204
4.997429
4.987912
4.998183
4.992572
-4.997298
-4.998273
-4.998178
4.999118
-4.991683
4.984210
4.998587
-4.997360
4.992787
-4.995999
4.998757
4.998164
4.997644
4.436532
4.998368
4.996407
-4.997835
-4.992628
4.996795
4.997697
4.997478
4.995792
4.989850
4.997263
4.997834
-4.997478
4.997793
4.998184
4.997281
4.995883
4.993778
-4.998298
-4.998183
-4.995386
-4.999542
-4.981587
-4.997441
4.998236
-4.998334
-4.997511
4.990924
-4.996135
4.998571
-4.998275
4.998531
-4.999131
-4.992727
-4.997237
4.996457
-4.997683
-4.998557
4.996218
4.992277
-4.997457
4.995479
4.997703
4.994139
4.997058
4.997624
4.998853
4.998825
4.996347
4.990698
-4.997983
-4.997919
4.998064
-4.997204
-4.998268
4.995297
-4.985675
-4.996531
-4.998319
-4.997183
4.993672
4.998074
-4.998415
4.994556
4.998029
-4.997437
-4.996608
-4.996722
-4.996175
-4.996668
-4.998401
-4.998080
4.996675
-4.998152
-4.995373
4.995736
-4.994884
-4.994137
4.997319
4.992313
4.959315
4.992219
-4.996858
-4.997802
4.996061
4.995443
4.997325
-4.998363
-4.998244
-4.997106
4.998407
-4.998540
-4.998899
4.998759
4.997067
-4.994969
-4.995331
4.997674
-4.994735
-4.987710
-4.995741
-4.998354
-4.996776
-4.998967
-4.997078
4.998318
-4.996042
4.992074
-4.998589
-4.996702
-4.998765
-4.998076
4.996424
4.997589
-4.997824
4.996321
-4.998912
4.997676
4.997371
4.997635
-4.992131
-4.997681
-4.997395
4.989166
4.997116
-4.942719
-4.996922
4.996843
-4.993537
4.995026
-4.996197
-4.998577
-4.998148
4.992651
4.997445
-4.997683
4.997714
-4.997738
-4.997247
-4.998990
4.968857
-4.997187
-4.996686
-4.988152
-4.998179
-4.988235
4.997587
-4.998773
-4.997141
4.998627
-4.997221
4.997459
-4.998061
-4.997868
4.997519
4.997633
4.998557
-4.998933
4.997281
4.997422
4.997405
4.990349
-4.987600
-4.997494
4.998128
4.997722
4.998744
-4.996729
4.998383
4.995571
4.998405
-3.927411
-4.994518
-4.996734
4.998000
-4.995632
4.997381
4.998434
4.983737
-4.998135
-4.996794
4.998082
4.997296
4.996711
-4.997825
-4.998112
-4.997139
4.978429
-4.996563
-4.995881
-4.996674
-4.998228
-4.998615
4.991249
-4.998502
4.997408
-4.885814
-4.997183
-4.993624
4.994923
-4.996643
4.996566
4.999286
4.998375
4.998054
-4.996229
-4.993989
4.996889
-4.996067
-4.998003
-4.997638
4.994924
-4.992292
4.998162
-4.997286
4.993136
4.996608
4.995368
-4.990367
-4.998093
-4.996617
4.993475
4.998311
4.995123
-4.998429
-4.995503
-4.998285
-4.990706
4.996489
-4.997982
4.998619
4.997810
-4.991627
-4.998074
-4.996807
4.997535
4.998890
-4.999544
4.998041
4.997226
-4.997470
4.991494
4.998024
-4.997124
-4.990430
-4.996536
-4.996697
-4.996580
-4.997824
4.988596
4.997974
-4.998844
-4.998742
4.994465
-4.997453
-4.997890
4.997530
-4.987698
-4.996111
4.995414
-4.998350
4.997209
-4.997926
4.995798
-4.992733
-4.997837
-4.998498
4.997866
4.996547
-4.994057
-4.997237
4.991020
4.998613
-4.997814
4.998256
4.996605
4.984713
-4.996636
-4.998017
4.994433
-4.998384
-4.995339
-4.995894
-4.996878
-4.997050
4.994236
-4.998332
4.997699
4.992626
-4.997960
4.994630
4.998579
-4.989982
4.996145
-4.998064
4.999030
4.987227
-4.996450
-4.993591
4.998182
-4.997887
-4.994428
4.995857
-4.997651
-4.995816
-4.995176
-4.995115
4.998352
-4.998137
4.998150
-4.997167
4.997445
-4.998237
-4.996630
-4.998226
-4.996279
4.996866
-4.998347
-4.996788
4.929362
-4.998107
-4.998036
-4.997747
4.996748
-4.997748
4.996375
4.994582
-4.996717
-4.997236
-4.996719
4.996821
-4.996726
4.996789
-4.996090
4.990031
-4.999005
-4.996568
-4.998784
4.999506
4.995509
-4.996915
4.992271
4.999544
4.993836
4.994505
-4.998519
4.997655
-4.995992
4.998212
4.999109
4.995581
-4.998396
-4.998575
-4.998441
4.995647
-4.998981
4.996340
4.957301
-4.995017
-4.997736
4.996487
-4.996596
4.994160
-4.994833
4.996650
4.997996
-4.997882
4.996353
4.998087
4.995848
4.997220
-4.993233
-4.996582
4.996389
4.995894
4.998954
4.995258
4.997952
-4.997019
-4.990767
-4.998454
-4.997761
4.995611
-4.998736
-4.943506
4.995342
-4.997743
-4.994760
-4.975418
4.999052
4.989306
-4.997777
4.990952
4.997894
-4.997459
4.997418
4.997761
4.998003
-4.997758
4.993778
-3.626670
4.994786
-4.996898
-4.996807
-4.990813
4.996752
-4.997201
-4.997720
-4.995914
4.998350
-4.996731
-4.995393
4.996680
4.999544
4.997331
-4.996029
4.997979
4.996484
4.997469
-4.997898
-4.998115
4.996671
4.997606
4.986048
-4.998218
4.997831
4.993915
4.996865
-4.997261
-4.997371
-4.996623
4.997192
4.998666
4.996708
-4.998361
4.981424
4.998409
4.995025
4.998395
4.995918
4.996621
4.994184
4.997953
-4.998112
4.999542
4.995517
-4.997970
-4.997238
-4.998433
-2.982045
-4.998425
-4.989132
4.996990
4.998805
4.678565
4.997673
-4.995957
-4.998988
4.998239
-4.997463
-4.996004
-4.998379
4.996768
-4.998425
4.996184
4.996685
4.997728
-4.998887
4.997747
-4.998025
4.995376
4.995878
4.998702
4.993662
-4.989413
4.998527
4.996389
4.987856
-4.990521
4.999174
-4.997094
-4.997960
-4.996779
4.998172
4.998459
4.994743
-4.997923
4.997781
-4.996559
-4.998199
4.993719
4.996697
-4.998570
4.997584
4.998566
4.999104
4.999008
4.999063
-4.997139
4.999012
-4.998340
4.995637
4.998116
4.990905
4.996987
4.996996
-4.996162
4.997623
4.998781
4.996492
-4.997528
-4.995472
-4.997649
-4.995847
-4.999173
4.991962
4.996450
-4.998475
4.999058
4.998595
-4.996508
-4.996937
4.996842
4.998281
4.996765
-4.992379
-4.996722
-4.998767
-4.998854
4.990409
-4.998186
-4.995934
4.995445
-4.998106
4.997274
4.999094
-4.998309
4.996806
4.995823
-4.994922
-4.994173
4.999544
4.995768
4.997631
-4.967007
4.997848
4.996580
-4.996795
4.989497
4.989668
-4.997799
4.997136
4.997509
4.991179
-4.998639
-4.997864
-4.998751
4.987169
4.996943
-4.996461
-4.994889
4.999543
4.997723
-4.997423
-4.997919
4.998511
-4.998841
4.998070
-4.997723
4.997286
4.997448
4.986837
4.999153
-4.997789
4.998576
4.996774
-4.994749
-4.996645
4.985005
-4.998187
4.998488
4.998528
4.997635
-4.997396
-4.997873
-4.998004
-4.986288
4.998136
-4.988644
-4.999509
4.996479
-4.998294
-4.997875
4.997385
4.996896
4.998794
-4.997840
4.997818
-4.997186
4.996650
-4.996726
4.998151
4.998337
-4.984280
-4.993090
4.995838
-4.995930
-4.998843
4.997797
4.998084
-4.998136
4.998532
-4.997409
-4.996576
-4.997893
-4.984873
-4.998938
-4.998072
-4.982163
3.287046
4.997477
4.996385
4.998867
4.996329
4.993058
-4.997927
-4.995687
-4.997682
4.998723
-4.998535
4.995012
-4.997390
4.996039
-4.997908
-4.996278
4.997041
4.998519
4.998915
4.997818
-4.997675
-4.996293
-4.997252
-4.998821
-4.998983
-4.997327
4.997377
4.997233
4.994956
4.996663
-4.996970
4.996759
-4.998198
4.996792
4.998119
-4.997441
-4.997900
4.989580
4.997491
-4.997553
-4.996728
4.997028
-4.997597
4.997233
-4.995420
-4.997809
4.996560
4.996441
-4.996687
4.997603
4.996490
4.418933
4.997630
4.997789
-4.922281
-4.666335
4.996873
-4.997716
4.994110
-4.998754
4.997162
-4.998875
4.996480
-4.995793
4.994782
4.997708
4.997887
4.993222
-4.992923
-3.179656
4.998695
4.997872
-4.996608
4.995795
-4.998993
-4.994295
-4.993625
-4.998243
-4.997759
4.995173
-4.998883
4.997814
4.997898
-4.997156
-4.997486
4.999093
-4.996130
4.994493
4.971532
-4.995396
4.998778
-4.995036
4.998289
4.996426
-4.997270
4.995479
-4.998302
4.996845
4.997777
-4.995167
-4.995661
4.996346
-4.998987
4.997420
-4.991756
4.998806
-4.998051
4.998699
4.990141
4.994953
4.997166
-4.997636
4.996668
-4.999544
4.997704
4.998055
4.998479
4.998525
4.995992
4.996742
-4.994137
4.997003
-4.997092
-4.995632
-4.997271
-4.997217
-4.997891
4.995425
4.998229
4.967007
4.996531
-4.998339
4.964645
-4.997115
-4.997166
4.998318
4.993959
4.979268
4.994440
-4.996830
4.996033
4.998165
4.997889
4.996227
4.994547
-4.998273
4.996538
-4.997937
4.995891
4.998592
-4.996374
-4.998024
-4.995280
4.998507
-4.996740
-4.998228
4.997739
4.997488
-4.994420
-4.992190
4.999082
4.996786
-4.997315
4.996879
-4.997622
-4.997402
-4.997315
4.997818
-4.998288
-4.998580
4.997241
4.997468
4.871154
4.994907
4.997105
-4.997520
-4.997728
-4.996932
4.999543
4.997383
4.994635
4.997877
4.997361
-4.997547
4.997226
-4.865361
4.998018
4.996096
-4.992321
-4.995319
4.998023
4.997416
-4.983854
-4.996872
-4.996409
4.997711
4.995534
4.996284
-4.998715
4.998212
-4.997581
4.998295
4.997597
4.995912
4.998858
4.990239
4.998675
-4.998076
4.997460
-4.996607
-4.998641
4.997023
4.996197
4.996688
4.997481
4.996591
-4.991793
-4.998035
4.998443
4.997302
-4.994164
4.997877
-4.997150
4.997984
4.998603
-4.997479
4.997226
-4.998423
-4.998421
4.984988
4.994007
-4.997025
4.997547
4.998153
-4.997734
-4.995100
-4.998204
4.997950
4.997882
-4.997871
-4.994971
4.999046
4.996673
-4.980395
-4.994207
-4.996799
-4.994905
-4.997674
-4.998127
-4.995221
4.999203
-4.996111
-4.995641
-4.998209
-4.997184
4.997062
-4.992318
-4.990329
-4.996125
4.997035
-4.998680
-4.998187
-4.998596
-4.990180
-4.996619
-4.992753
-4.998485
-4.996251
-4.998567
4.994857
-4.998065
-4.993723
4.997981
-4.998356
-4.998917
4.996637
3.479467
4.997736
4.998069
-4.996427
-4.998583
-4.995429
-4.996041
4.998204
-4.998258
4.998110
4.998611
-4.996757
-4.995897
-4.994953
-4.995652
-4.997860
-4.992806
-4.997740
-4.996523
4.999181
-4.997806
-4.994161
4.998211
4.996177
4.996766
4.997065
-4.998029
-4.996861
4.998057
-4.997900
-4.996402
-4.998328
4.996971
4.997241
4.998763
-4.992674
-4.999539
-4.996433
4.998063
-4.989003
4.998241
-4.995752
4.997399
-4.995054
-4.989625
4.998413
-4.998562
-4.990815
4.995107
4.938172
4.993031
4.996613
-4.998290
4.993733
-4.997954
-4.994303
-4.998176
-4.997887
4.998219
-4.998667
-4.995782
4.998955
4.997729
-4.996648
4.995444
4.994970
4.996526
-4.997463
4.997786
4.995072
4.997119
-4.996945
-4.998535
-4.996951
4.987345
-4.997498
4.998340
-4.997519
-4.994990
-4.994246
4.999543
4.998110
-4.996420
4.995646
4.991114
4.997115
4.997308
-4.997846
-4.996746
4.998007
4.984491
4.997096
-4.996561
-4.993605
4.997093
-4.998188
-4.996677
-4.996787
4.998467
4.997060
4.998206
-4.995545
4.997255
4.998775
4.997631
-4.953748
4.998673
4.982482
-4.999043
4.997179
4.999531
4.995264
-4.998172
-4.993972
-4.994073
-4.999544
-4.995519
-4.997223
-4.998423
4.996108
4.679480
4.994520
-4.994976
-4.997671
4.991648
-4.998068
-4.998666
-4.997711
4.997647
-4.998186
-4.997486
-4.995344
-4.997310
-4.997135
-4.997311
4.995762
-4.998301
4.999539
4.997940
-4.999099
-4.997457
4.997464
-4.997924
4.997659
4.997781
4.994782
4.998307
4.996598
-4.997548
4.995519
4.998133
4.997264
4.998318
-4.996592
-4.996850
-4.997150
4.998100
4.998781
4.996795
-4.996643
4.997671
4.996399
4.996035
-4.997484
4.996841
-4.988338
-4.996602
4.998536
-4.997392
-4.918402
-4.998981
-4.996599
4.995861
-4.997628
4.996632
4.995733
4.987786
4.997573
4.998950
4.997865
4.992865
4.998203
-4.997241
4.995925
-4.998843
4.992277
-4.998690
4.994244
4.996212
-4.996107
-4.996023
-4.995167
-4.996652
4.999029
4.998841
4.999544
4.997822
4.997163
4.996601
4.997002
-4.938011
4.998489
-4.998691
-4.994482
-4.996849
4.997808
-4.998851
4.998247
-4.996489
4.996444
-4.997130
-4.998687
-4.998255
4.998512
4.998122
-4.997736
4.997959
4.997566
-4.731682
-4.998621
4.996398
-4.988889
4.997510
-4.996621
-4.997516
4.991588
4.996970
4.992358
-4.998047
4.999056
-4.997266
-4.995979
4.998189
4.998121
4.996035
-4.998394
4.997646
-4.992726
4.997431
-4.995958
4.998241
-4.998636
4.996641
-4.998593
4.998161
4.998682
4.973856
-4.600493
4.996509
-4.997586
-4.997387
4.998545
-4.990489
4.999056
-4.997144
4.997028
-4.998004
4.996252
-4.991505
-4.995343
-4.997879
-4.994403
4.998695
4.996657
-4.995575
4.998560
4.995027
4.997647
4.997601
-4.997020
-4.991773
-4.997627
-4.994696
-4.336881
4.994966
4.997378
-4.997453
4.998652
4.997467
-4.980188
-4.998276
-4.989018
-4.995587
-4.996130
4.996181
-4.275189
4.995420
-4.997606
4.999542
4.991737
-4.998516
-4.997583
4.995658
4.999043
-4.997740
4.995476
-4.993827
-4.997251
4.997553
-4.997040
4.998409
-4.999543
4.997285
-4.993564
4.998320
-4.998776
4.994533
-4.997324
4.997053
4.995927
-4.994532
-4.996557
-4.963374
4.997308
-4.995891
-4.998418
4.996827
-4.988456
-4.998041
-4.996648
-4.995391
4.996027
-4.976256
-4.998644
-4.998296
4.997220
4.998476
4.995972
4.998126
-4.997823
-4.996165
-4.998425
4.965074
4.997452
-4.998776
4.999151
4.994056
4.997001
-4.996132
-4.997587
4.998545
-4.997062
-4.998150
-4.998171
4.998218
4.997121
-4.998320
4.998259
-4.996212
-4.997975
4.996906
-4.994334
-4.998207
4.995726
4.997248
-4.995677
-4.990893
-4.997277
4.997470
-4.996509
-4.995791
4.997251
-4.995952
-4.997395
-4.998725
4.993305
4.997707
-4.997794
-4.996874
-4.996693
-4.995756
-4.997929
-4.997325
4.998012
4.997333
4.993543
-4.997464
-4.995235
4.998359
4.997076
4.998751
4.997713
-4.998066
4.995222
4.993757
4.992024
-4.993497
4.994966
-4.996744
4.997643
4.743776
-4.997349
4.553035
4.996574
4.993418
-4.995595
-4.998201
-4.997945
4.998005
-4.947620
4.997071
4.996772
4.997097
-4.995628
4.996312
4.997311
-4.994742
4.997845
4.998639
-4.998343
-4.999544
-4.996680
4.995232
4.996863
-4.998610
-4.998201
-4.997078
4.993843
-4.997133
4.993040
4.999106
-4.995527
-4.989244
-4.998272
4.997229
-4.998376
-4.996240
4.998768
4.999543
4.997404
-4.998723
4.996642
4.961935
-4.997263
-4.996531
4.998909
4.997027
-4.997535
-4.997285
-4.998473
-4.997448
4.998363
4.997639
-4.998461
-4.996609
4.998467
4.996376
4.998321
4.998110
-4.998322
4.999083
4.997885
-4.998345
-4.997352
-4.994755
4.995928
4.998170
4.997333
4.999038
-4.998536
-4.998426
4.984239
4.998365
4.998132
4.999166
4.997354
-4.998025
-4.995672
4.997746
4.995941
4.996754
4.998681
-4.996304
-4.985776
4.996864
-4.998816
-4.996581
4.997351
4.994397
-4.996076
4.997116
-4.998961
4.997000
4.998095
4.997002
4.997147
-4.995312
-4.998334
-4.997710
4.997585
4.991886
-4.998066
-4.999212
4.994821
4.997308
4.994574
-4.997445
4.994156
4.998915
4.997740
-4.997843
4.993543
4.997135
-4.998418
-4.998089
4.997487
-4.998999
-4.990385
-4.997449
4.998662
-4.982455
-4.999202
-4.998140
-4.997262
-4.996765
-4.997821
4.997555
-4.996173
-4.997752
4.998842
-4.987762
-4.996973
-4.995121
-4.997705
4.998845
-4.990190
-4.995329
4.998137
4.994571
4.996040
-4.996776
-4.998158
-4.996694
-4.992737
-4.997314
4.999543
4.987826
4.998038
-4.998800
-4.999235
-4.998304
-4.997350
-4.996772
-4.998577
-4.998839
-4.992974
4.997281
-4.996614
4.998186
4.991490
4.997639
-4.998344
-4.995930
4.997362
4.998058
-4.991164
4.998022
4.998539
-4.997416
4.996852
-4.996585
-4.998107
-4.971715
4.993507
4.997447
-4.997912
-4.997077
-4.996811
-4.997692
-4.992369
4.998125
4.996728
-4.998319
-4.997081
4.996826
-4.997373
4.998287
-4.998402
-4.996100
4.997948
-4.998135
4.998009
4.997464
4.993207
-4.998945
-4.994986
-4.997365
-4.991684
-4.997568
4.998110
4.995134
4.995423
4.995642
4.998146
4.995265
-4.945244
4.997104
4.998251
-4.997655
4.998712
4.996572
4.992928
-4.996480
4.996227
4.998624
-4.997562
4.995527
-4.996705
4.998190
-4.999144
-4.997348
4.996822
4.998619
4.989115
4.999006
-4.995902
-4.997819
-4.998369
-4.995282
-4.999544
4.998962
-4.987745
-4.997745
4.997350
-4.991432
-4.981595
-4.996376
4.997484
4.998368
4.996027
-4.997362
-4.983212
-4.136328
4.996302
4.998908
-4.977848
4.995555
-4.997850
4.995725
4.992496
4.998303
-4.996310
-4.996945
-4.956314
4.998511
4.997658
-4.996873
-4.968461
4.996188
2.910315
-4.997299
-4.997413
4.998132
4.997013
-4.999004
-4.997228
-4.996589
4.997524
4.996666
-4.998568
4.998814
4.997066
-4.998462
4.998430
-4.997186
-4.999543
-4.995595
-4.997222
-4.995121
4.998373
-4.996522
-4.998378
-4.998271
4.996243
4.997791
-4.997320
4.995298
4.999072
-4.997323
-4.998536
-4.992066
-4.992456
4.995891
4.979860
-4.996715
4.996417
4.997922
4.994866
-4.996813
-4.996549
-4.998152
4.997696
-4.990786
4.997271
4.850694
4.996758
-4.996488
4.996091
4.997491
4.998139
4.993203
4.958623
4.997745
-4.978131
-4.997514
-4.997997
4.992206
-4.991838
4.998651
4.995409
-4.999544
4.996727
4.999203
-4.997967
-4.997301
-4.997115
4.997774
-4.998161
-4.998792
-4.997748
-4.997291
4.997235
-4.996586
4.998668
-4.997723
-4.995933
4.998371
4.998368
-4.997966
4.995823
-4.997976
4.996685
-4.998176
-4.997274
-4.996721
4.997874
4.990086
-4.994233
-4.996706
-4.996072
4.997958
4.997579
4.145647
4.996386
-4.996863
-4.997642
4.997434
4.998094
-4.968301
-4.995804
-4.995672
4.996131
4.997226
4.980201
-4.998484
4.997194
4.999082
4.975378
-4.996385
-4.997405
4.997501
4.999017
-4.997364
-4.995443
4.994622
4.997470
4.996359
4.998174
4.991483
4.998353
-4.997447
-4.996645
4.998084
4.997194
4.999147
4.997228
-4.997039
4.998379
-4.990348
4.998230
-4.999074
-4.998759
-4.997287
4.998741
-4.998377
-4.998067
4.994137
-4.997109
4.985747
-4.996924
-4.998664
4.998284
4.997773
-4.994854
-4.995453
4.997550
-4.997201
-4.995581
-4.996643
-4.988468
4.980154
-4.995117
4.989943
4.999093
-4.993293
4.997982
-4.997338
4.993171
-4.997423
4.988339
4.997200
4.919871
-4.999019
4.993821
4.995904
-4.994316
4.998797
-4.998637
4.995733
-4.998313
-4.997484
4.999067
-4.999543
-4.995445
4.996681
-4.997839
-4.995801
4.999544
4.997858
-4.994283
4.997608
-4.990906
4.992337
-4.989490
4.995738
-4.999028
-4.997276
-4.903503
4.996883
4.998861
4.996061
-4.998615
4.991753
-4.996766
-4.998279
-4.997526
-4.952525
-4.993028
-4.998942
4.995209
-4.997633
-4.996488
-4.997325
-4.997246
-4.998615
-4.998288
4.999544
4.997128
4.995752
-4.997772
4.998272
-4.998143
-4.997616
4.998569
4.992709
-4.998476
-4.997666
-4.995039
-4.998527
-4.998364
4.995468
4.996620
4.999264
4.998049
-4.989937
-4.996938
4.989496
-4.999045
-4.992873
4.995468
-4.992417
-4.998886
-4.989374
4.997904
-4.988489
-4.994745
-4.998752
-4.997293
-4.995871
-4.997917
-4.992914
-4.998519
4.996012
4.995938
4.996626
-4.998025
4.997689
4.997612
-4.995835
4.978116
-4.997943
4.997403
4.998351
-4.998783
-4.997451
-4.958942
-4.998282
-4.998685
4.998059
4.998197
4.997948
-4.997358
4.997821
4.997583
4.978854
4.997263
-4.997030
4.998303
4.999092
-4.997759
4.997918
4.997181
-4.998394
-4.995885
4.987894
4.997640
-4.996766
-4.347303
4.997703
4.997369
4.997710
-4.999043
-4.997414
-4.997941
-4.996764
-4.996605
-4.996414
4.906592
4.997894
-4.997837
-4.998405
4.998348
-4.998915
4.996663
4.994543
4.997338
4.996933
-4.997158
4.997537
4.997545
-4.998861
-4.997309
4.998248
-4.996146
-4.488252
4.998095
4.998650
4.997155
-4.997960
-4.997631
4.996766
4.996578
-4.996347
4.997214
-4.996521
-4.996943
4.993635
-4.999543
-4.988279
-4.998150
4.998784
-4.996350
4.996688
4.997443
-4.990666
4.997187
4.998470
-4.998341
4.998151
4.998861
4.997994
4.988629
-4.972047
4.993391
-4.995964
4.998539
4.994790
4.999057
-4.998573
4.996853
-4.997157
-4.998534
4.995384
-4.998394
-4.632600
-4.993545
4.994407
4.998888
-4.998222
-4.998692
4.997731
4.999100
4.996518
-4.991100
4.996658
-4.991528
4.997939
4.996458
-4.998010
4.996575
-4.997645
4.997213
4.991702
4.997630
-4.995925
-4.998622
4.997216
-4.998727
4.999066
4.996502
-4.997877
4.995558
4.996001
4.996708
4.999539
4.998692
4.996290
-4.996240
-4.998069
4.995190
4.994286
-4.996551
4.997319
4.909498
4.997642
-4.992928
4.998459
-4.997825
-4.987723
4.996710
4.969239
4.987525
4.996418
-4.997382
-4.998169
4.997468
4.998859
-4.997437
-4.997273
4.997726
4.996874
4.998137
4.997008
4.995981
4.997845
4.993051
4.998808
-4.992123
-4.997500
-4.997936
-4.997449
-4.997647
4.997916
4.998927
4.997076
4.999544
-4.997538
-4.997982
-4.991758
-4.996557
4.998339
4.998496
-4.994122
-4.992931
-4.998263
-4.997481
-4.997286
4.997699
-4.998338
4.998935
4.997449
-4.995676
4.996156
4.997402
4.998035
4.999544
4.998600
-4.996789
-4.996318
-4.996599
-4.996130
-4.996491
4.999198
-4.998379
-4.970368
4.998963
-4.991093
4.998440
4.994994
-4.993557
-4.996851
4.991687
4.998814
-4.997453
-4.997702
4.999543
4.997798
-4.997813
-4.998016
4.997114
-4.996596
4.996594
4.995297
-4.995065
-4.998364
-4.995240
4.998265
4.996625
4.997446
4.998666
-4.992980
-4.998426
-4.997412
-4.998464
-4.996988
-4.995991
4.997795
4.995990
4.997334
-4.998334
4.998221
-4.998248
4.942972
4.998813
4.997458
-4.998846
-4.998985
-4.994775
-4.998767
4.996581
4.999280
4.998255
4.998362
-4.995719
-4.998657
-4.999103
-4.997107
-4.998186
4.994882
-4.998330
4.998817
4.995938
-4.998598
-4.991424
4.993166
4.998038
4.958786
-4.998001
4.997433
4.996791
4.948441
-4.996877
-4.998181
-4.997870
4.996755
-4.996640
4.998347
4.996239
4.949464
-3.222619
4.996474
4.997778
4.993848
4.979198
-4.998548
4.994933
-4.997745
-4.998999
-4.995190
-4.998307
-4.998566
-4.997990
4.997882
4.992440
-4.995425
-4.994937
4.996635
4.998436
-4.987628
4.995378
4.997902
4.997019
4.998836
-4.995999
-4.995445
4.992930
4.998441
-4.997403
4.996710
4.997319
4.991837
4.998350
-4.998824
4.998149
4.993616
4.998027
-4.998218
-4.998334
4.995064
4.998010
-4.997079
4.998945
4.995320
-4.994002
-4.997397
4.997946
-4.997882
-4.997071
4.995701
4.998205
-4.988500
4.997761
-4.998665
4.996547
3.275809
4.994815
-4.994442
4.995829
4.994842
-4.998974
4.996863
-4.999195
-4.997032
4.998569
-4.997882
4.997289
-4.998796
-4.998752
4.995933
4.996905
4.989057
4.997022
4.981168
4.974561
4.995908
-4.998073
4.997145
4.997509
4.996083
-4.995687
-4.997430
4.994491
-4.993478
4.999541
-4.998002
-4.954283
4.995491
4.999003
-4.997203
4.998176
4.997056
4.997629
-4.997473
-4.996911
4.997381
4.996496
-4.996346
-4.998673
-4.688505
4.997613
-4.995985
4.995141
4.999071
-4.998591
4.963370
4.996651
4.997772
-4.996705
-4.995148
-4.998124
-4.998601
4.999006
-4.979994
4.997113
4.997486
-4.995121
4.998782
4.995971
4.997682
-4.998983
-4.998907
4.998730
4.992552
-4.998473
4.641507
4.997026
4.999119
4.995272
4.997749
-4.997543
4.998143
4.998970
-4.987629
-4.996053
4.996632
-4.892642
4.998114
-4.995459
4.998137
-4.998457
-4.996814
4.990802
4.997906
-4.998905
4.998092
4.568217
4.998052
4.996299
-4.997890
-4.995779
-4.998698
4.997804
-4.998226
-4.997204
-4.997595
-4.996948
4.996804
4.997810
4.998535
4.997630
4.998477
-4.998683
4.997130
-4.984957
4.992520
3.347312
-4.997582
-4.998267
-4.989347
4.998814
4.994790
-4.972139
4.994012
-4.997764
4.998821
-4.998346
-4.996912
4.997657
4.997584
4.993425
4.997886
-4.997980
1.894348
4.995960
-4.997723
4.996122
4.999543
4.996645
4.995876
-4.998104
4.988504
4.996598
-4.997923
4.997613
4.996306
-4.996586
4.998218
4.999016
-4.994256
4.994381
4.997975
-4.990002
4.995216
-4.993598
-4.998002
-4.994547
-4.997894
-4.992963
4.997435
-4.996514
-4.998034
4.996582
-4.997680
4.984433
4.997825
4.997574
-4.995193
4.996640
-4.997123
4.996694
4.997417
-4.996696
4.998154
-4.998606
-4.997633
4.994161
4.983573
4.997956
4.997571
-4.996485
4.996897
-4.997104
4.997591
-4.997707
4.995725
-4.997428
4.787421
-4.988220
4.991887
4.996731
4.998014
4.996608
4.995882
-4.995527
4.998423
4.996045
-4.994028
-4.997852
-4.993792
-4.998066
-4.995892
-4.998310
-4.992449
-4.993725
-4.996780
-4.997529
-4.998737
4.998149
4.997303
-4.994698
4.996257
-4.994772
4.993730
4.997706
-4.993871
-4.997351
-4.997833
4.991693
4.997459
4.996513
-4.998713
4.998555
-4.998014
-4.998405
4.998986
4.995556
4.998356
4.996156
4.998150
4.997512
-4.996766
-4.985921
4.997504
4.995687
4.990812
4.996423
4.989375
4.997477
4.996808
-4.998129
4.994710
4.998213
-4.298427
-4.997043
-4.997787
4.997916
-4.996690
-4.997641
4.993911
4.997746
4.995566
4.998370
4.997599
-4.998781
4.998702
4.995416
4.995224
4.998869
-4.994124
-4.996587
4.990213
4.997260
4.992416
4.996560
-4.997982
4.996713
-4.996635
-4.996344
4.996923
4.998561
4.966424
4.999543
-4.998416
-4.996886
-4.996680
-4.996022
-4.996752
4.997279
-4.998347
-4.996636
4.997758
4.999136
-4.995075
-4.996603
4.996139
3.923734
-4.993815
4.996453
4.985732
4.997158
4.996620
-4.993150
-4.995872
-4.996867
4.996553
-4.997539
4.997974
-4.993248
-4.997912
4.995912
-4.997085
-4.995706
-4.998137
-4.997130
-4.998692
4.991319
4.998802
4.997098
4.997145
4.997416
-4.995015
-4.997457
-4.995460
4.997461
4.998184
4.998835
4.996534
-4.998774
4.990719
4.998543
4.994093
4.997797
-4.995767
-4.998813
-4.940694
-4.996598
4.998756
-4.542343
-4.997814
4.994234
-4.998089
-4.997851
-4.998598
-4.997191
4.742885
-4.992172
-4.997077
4.997195
4.986720
-4.997349
-4.988505
4.998370
-4.998715
-4.998343
4.996021
-4.993688
-4.997665
-4.997739
4.996825
4.995266
4.988902
-4.997976
-4.997566
4.996792
-4.998194
4.996559
-4.996418
-4.994983
4.998719
-4.996799
4.997848
4.995249
4.998341
4.997407
-4.997832
4.996490
-4.996521
4.992074
-4.997446
4.995703
-4.995856
4.997712
-4.995989
4.995228
-4.997217
4.994327
4.992362
-4.994013
-4.998281
4.995971
4.997392
-4.997954
4.996487
4.995153
-4.997682
-4.999213
-4.988255
-4.998239
4.998343
-4.998747
4.999148
-4.995791
-4.972301
4.998689
4.999033
4.996774
4.998728
4.996408
-4.996734
-4.996589
-2.784802
4.997972
-4.991846
4.999030
-4.999542
4.998123
-4.994691
4.954958
4.996709
4.983914
-4.994885
-4.995159
4.997419
4.998170
4.995381
4.996663
4.998035
4.994713
4.996308
4.996781
4.997037
4.998984
4.995131
4.998662
-4.997412
-4.992670
4.996369
-4.996865
-4.999544
-4.998484
4.994554
-4.991077
4.997469
-4.993746
-4.998118
-4.999038
4.997724
-4.997910
4.997279
4.994413
4.997451
-4.998646
-4.998191
-4.991352
4.994789
-4.990768
4.999041
-4.997756
4.998336
4.998957
-4.993525
4.998989
4.992444
-4.996446
4.997607
4.997865
-4.998687
4.995983
4.995211
-4.997922
4.994801
4.996442
-4.997518
4.993848
4.996599
-4.998479
-4.993872
4.998140
-4.994953
4.998623
4.997616
4.999542
4.998223
-4.996632
4.981680
4.991965
-4.996184
4.998544
4.998636
4.998458
-4.999543
4.999056
4.995545
4.997302
4.996798
4.998468
-4.994922
-4.980428
-4.998130
-4.842869
4.999057
-4.998331
-4.996519
-4.996587
-4.997503
4.993752
4.998897
4.996015
-4.998734
4.998370
4.997411
4.998864
-4.993917
-4.997913
4.967396
4.996656
4.998165
-4.830225
4.996458
-4.997547
-4.997166
-4.997358
4.998567
4.998751
-4.998363
4.996007
4.998178
-4.997221
4.997739
-4.996164
-4.996256
4.997656
-4.991512
-4.999543
-4.998141
-4.997927
-4.997520
-4.996968
4.998938
-4.997170
4.998883
-4.997944
-4.997056
4.997877
4.997954
4.998831
-4.998148
-4.996851
4.992712
4.996356
4.989056
4.996760
-4.995939
4.996469
4.997986
-4.994381
-4.986852
-4.997754
-4.996425
-4.997384
4.997783
-4.997984
-4.997781
4.998009
-4.993848
-4.996407
-4.998180
4.992688
4.999198
-4.989452
-4.996536
-4.996792
-4.996748
4.997983
-4.997719
4.993333
-4.999544
-4.997833
4.990870
-4.997741
-4.994534
4.998734
4.998059
-4.995862
-4.996454
4.997533
4.998661
4.996890
-4.998013
-4.996681
-4.998334
4.996677
4.996792
4.994062
-4.993223
4.997146
-4.995685
-4.998825
-4.996702
4.995517
-4.998140
4.997647
-4.998834
-4.996794
-4.995162
4.998528
-4.997599
-4.992870
4.998804
-4.996620
4.996553
4.996397
4.990569
-4.998435
-4.995659
4.997262
-4.997329
-4.998609
4.997232
-4.995115
4.997392
-4.997825
-4.997574
4.991439
-4.999543
4.997028
4.996322
-4.998194
-4.996821
-4.994876
-4.991926
-4.995815
-4.999544
4.998238
-4.997244
-4.997689
-4.993001
-4.989047
-4.997488
-4.997633
4.982050
4.994548
4.981415
-4.997758
-4.996475
4.998958
4.997958
-4.997543
-4.998810
-4.997391
-4.997428
4.997846
4.995922
-4.997911
-4.998712
-4.997344
-4.999543
4.997127
4.991822
4.997885
4.996091
-4.996708
-4.998461
4.992191
-4.997337
-4.990151
4.998263
-4.998073
-4.998155
4.997966
4.998333
-4.992994
-4.989992
4.997715
-4.998498
4.998129
4.997688
4.996303
-4.997821
4.997303
-4.992437
4.997992
4.998192
-4.995993
4.997759
-4.998012
-4.998266
-4.997638
4.995684
4.997902
4.996733
4.998755
-4.996129
4.998314
-4.995375
-4.996766
4.997712
4.996958
-4.998048
-4.998846
4.992133
-4.997252
-4.998543
-4.996000
-4.998500
4.999544
4.988337
4.990566
-4.999025
4.998136
-4.996514
-4.996060
4.998652
4.998082
-4.997502
2.295214
4.998055
4.963695
4.999541
4.997106
4.996789
-4.997883
-4.993611
-4.991598
-4.998421
-4.997749
-4.992929
-4.998113
4.996349
-4.999069
-4.997515
-4.985490
-4.997743
4.996620
-4.998288
-4.998956
-4.998588
-4.998038
-4.991025
4.992458
-4.997419
4.981508
4.997567
-4.996706
-4.998809
4.996659
-4.996733
-4.997045
-4.993118
-4.995861
-4.998426
-4.998909
4.997826
-4.996922
4.997096
4.997212
4.991943
4.996884
4.963636
-4.999047
-4.997527
-4.995825
4.996623
4.996308
4.997155
4.997611
-4.998335
4.992446
-4.997686
-4.996670
-4.997394
4.997308
4.997187
-4.994047
4.995702
4.997924
4.997261
-4.998445
4.984293
4.998559
4.998719
-4.998816
4.989990
-4.984880
-4.987732
-4.998300
4.998307
-4.997483
-4.996665
4.997246
-4.996966
-4.996629
4.996236
4.998431
4.959228
-4.993295
-4.998093
-4.997513
4.997493
-4.998197
4.998094
-4.996739
-4.997942
4.997543
4.997232
-4.995819
-4.997534
4.993108
4.997699
-4.998485
-4.999117
4.996717
-4.991650
4.992985
4.997572
4.997788
-4.996625
4.998274
4.995181
4.998649
4.997751
4.995583
4.996083
-4.995157
4.987722
-4.998163
4.967873
-4.996752
-4.997129
4.996259
4.998867
4.996855
-4.995396
-4.997403
4.992068
-4.997593
-4.997162
-4.998567
4.992336
4.996071
-4.993399
-4.995885
4.996442
4.992793
-4.994461
4.998030
4.929026
-4.998642
-4.998814
4.994489
4.997708
4.998576
4.995469
-4.997035
-4.997488
-4.973280
-4.997923
4.995500
-4.997685
4.996561
4.998084
-4.996005
-4.995434
-4.998303
-4.998419
-4.993087
4.997207
-4.998450
-4.981841
-4.997565
-4.997624
4.997515
-4.996816
-4.997137
-4.997815
-4.996635
4.997887
4.996372
-4.999182
4.998430
4.978895
4.989420
-4.996656
-4.999072
4.998823
-4.997818
-4.997205
-4.996099
4.995901
4.998104
4.997848
-4.998158
-4.998374
4.995867
4.998064
4.998961
-4.997233
-4.984509
4.997997
4.998630
4.996967
-4.997248
4.998848
-4.992630
4.995634
4.997695
-4.992620
-4.995470
4.998931
-4.997234
-4.998349
-4.996965
4.995400
-4.998932
4.998295
4.998590
-4.995275
-4.994391
-4.997926
4.996362
4.993418
-4.996281
-4.996862
-4.998574
4.997242
-4.997365
-4.997624
4.997211
-4.998399
-4.994175
-4.994485
-4.994243
-4.998796
4.997527
-4.993596
4.994906
-4.998529
-4.998443
4.999124
-4.995717
4.997876
4.998569
-4.998519
4.996274
4.997611
4.996665
-4.994791
-4.996739
4.996627
-4.998606
-4.996990
4.992529
-4.996286
-4.996683
-4.997668
4.996891
-4.996829
-4.997562
-4.998479
4.997586
-4.997604
-4.995254
-4.997057
4.998016
4.990865
-4.997184
4.999202
4.999543
4.997381
-4.989255
-4.994875
-4.998161
-4.996070
4.995584
4.996056
-4.998512
4.997523
-4.997284
-4.998754
-4.998728
4.996696
-4.998599
-4.998938
-4.997739
4.996002
-4.997099
4.997313
4.980598
-4.990318
4.997380
4.997372
4.992171
-4.995512
4.998714
4.997547
4.998085
-4.998581
-4.992206
-4.992500
-4.994522
4.997012
4.985658
-4.997860
4.998618
-4.997828
4.997314
-4.987571
4.997431
4.994436
-4.997375
4.996702
-4.995802
4.993836
-4.995544
-4.999088
-4.996039
-4.997934
4.998354
-4.997487
-4.998881
-4.997818
-4.996462
-4.998540
4.997184
4.997617
4.997613
-4.996442
4.996590
-4.997337
4.997239
-4.998281
-4.998390
4.996704
4.995144
4.997773
-4.998075
-4.990087
-4.997227
-4.995231
4.998559
4.998265
-4.995144
-4.998430
4.996669
4.998752
-4.996817
4.998885
4.995418
-4.999050
-4.998511
-4.994938
-4.997060
-4.998499
-3.813605
4.996833
4.998286
-4.995284
4.995127
-4.995384
-4.996686
-4.997942
4.991612
-4.998099
4.998137
4.993888
-4.998113
4.996469
-4.947642
-4.997275
4.996118
-4.991550
-4.997602
4.990835
4.994585
4.997445
-4.996686
-4.998060
4.996290
4.994559
-4.994297
4.994698
4.998953
-4.999104
-4.996495
-4.998944
4.997060
4.998615
4.905746
4.997491
-4.998467
4.994981
4.999111
4.996771
4.998973
4.998626
-4.997895
-4.998733
-4.997599
-4.951077
-4.996121
-4.999318
-4.994939
-4.992374
4.999170
-4.993782
4.994711
4.998247
-4.992744
4.996918
4.999308
-4.998517
4.994775
-4.994189
4.997187
-4.999544
4.998394
-4.996231
4.999076
4.998160
-4.995768
-4.995506
4.997710
4.998473
4.996604
4.996830
4.998312
4.982403
-4.999544
4.998290
4.997027
-4.999104
4.995104
4.995521
4.997688
4.997887
4.997772
4.998920
4.984606
-4.997670
4.997858
4.997885
-4.997647
-4.996421
-4.998039
-4.998371
4.992964
-4.995747
-4.997935
4.982865
-4.998956
4.998967
-4.993765
-4.997388
4.170166
4.996782
-4.978592
4.996083
-4.994818
4.999100
4.997005
-4.990055
-4.998607
-4.997798
4.996133
4.994480
4.997722
4.997901
4.996705
-4.996490
-4.967999
-4.997131
4.996922
4.997753
4.993089
4.996700
4.996960
4.996583
4.995042
4.998334
-4.983264
4.997398
-4.995896
4.998472
-4.996405
-4.997130
-4.996662
4.998638
4.992186
4.995676
4.993003
4.994605
-4.995075
4.995232
4.992271
-4.999133
-4.992200
4.998585
4.998203
-4.998609
-4.995617
-4.995012
4.997623
4.998585
-4.992158
-4.988582
4.998018
-4.998683
-4.994343
4.988941
-4.996702
-4.997422
4.998008
-4.997211
-4.982704
4.995730
4.995985
-4.996456
-4.997643
-4.999141
-4.995807
4.998105
-4.996081
-4.998642
4.988497
-4.995440
4.996863
-4.996639
4.994636
4.998341
-4.996893
-4.998058
-4.998747
-4.998239
-4.999044
4.971393
4.996714
-4.995047
4.996547
-4.998464
-4.999033
4.998678
4.994912
-4.997993
-3.945448
4.998844
-4.998251
4.997771
4.997423
-4.995281
4.991901
4.987696
4.998169
-4.997630
-4.994711
4.997957
4.991625
4.996043
4.998388
-4.994187
-4.998115
4.997520
-4.995558
4.997162
4.997309
-4.997142
4.998084
-4.996755
4.996927
4.995643
4.997176
-4.997232
-4.986042
4.997708
-4.997956
-4.998371
4.996660
4.997523
-4.989429
4.996570
4.994657
-4.996793
-4.997036
4.997757
4.996709
4.998037
4.997766
4.997854
4.993740
-4.995954
-4.998096
4.997324
-4.998211
4.994783
4.997458
4.997545
-4.998590
4.996278
-4.739021
0.353404
4.997899
-4.997694
-4.986713
-4.970000
-3.762682
-4.994109
-4.990143
4.996577
-4.998725
-4.997840
4.996278
-4.997313
4.999042
-4.998859
-4.998467
4.997919
-4.998619
-4.999215
-4.997238
4.997487
-4.989696
-4.995384
4.996593
4.998231
4.995992
-4.998033
4.998620
4.969077
-4.998327
-4.996509
4.996226
-4.997460
4.995103
-4.998468
4.976992
4.995829
-4.994840
4.998995
4.996941
-4.998104
-4.996582
4.997610
-4.997384
4.996744
-4.996492
4.997233
-4.995514
4.989629
4.994914
4.994485
4.992097
4.997571
4.988206
4.994862
4.975170
-4.996543
4.994503
4.994766
3.225071
4.997780
-4.997884
4.997206
4.998928
-4.996800
-4.998199
4.994091
4.995646
-4.997788
-4.997847
-4.995164
-4.997715
-4.997491
4.997835
4.998876
-4.996499
4.998159
-4.998398
-4.997393
-4.998574
-4.998214
4.991597
4.998656
-4.994333
4.996670
4.996468
4.320502
-4.997321
4.998109
-4.996631
-4.995915
4.998394
-4.998144
4.970847
-4.995244
4.998846
-4.998000
-4.997961
4.985372
-4.996445
4.971696
-4.998642
-4.998079
-4.998207
4.998139
4.995822
4.992481
4.996786
-4.993347
-4.997861
-4.998063
4.998319
-4.996508
-4.986316
-4.998587
4.997713
-4.997901
4.996074
-4.997970
-4.988915
4.993996
4.997388
-4.998277
4.997243
4.998361
4.996670
4.999091
4.999543
4.994487
4.987366
4.997223
4.996726
-4.999544
4.998564
4.997506
-4.980126
-4.999545
-4.995053
4.996667
4.998168
-4.998939
-4.996489
4.994970
-4.997521
4.996486
4.996659
-4.998096
4.995286
4.997365
4.977052
-4.998711
4.994771
4.995053
-4.998742
4.998717
4.994444
4.998954
4.994972
-4.997313
-4.998835
-4.998511
4.922831
4.998084
4.997260
-4.992193
4.997546
-4.996430
4.998446
4.996160
-4.992156
4.997196
-4.998340
-4.998178
-4.998290
4.996158
-4.998490
-4.995273
4.997105
4.998239
-4.970227
-4.992536
4.998221
4.948681
4.994424
4.983336
-4.997569
-4.999178
-4.998272
4.998313
-4.997421
4.995224
-4.994233
4.994682
4.994199
4.997850
-4.996707
-4.992332
4.997517
-4.995906
-4.998294
-4.992226
4.994020
4.997891
4.996809
4.997808
4.997168
-4.997417
-4.997882
-4.997530
-4.997457
-4.997591
4.996822
-4.997668
-4.998476
4.998919
-4.997751
-4.997976
4.994845
4.839614
4.997627
4.997781
-4.997125
-4.997390
-4.997772
4.998685
4.993375
4.998273
4.996272
-4.996668
4.999062
-4.998149
4.984475
4.997354
4.992493
4.989160
4.990707
4.995661
-4.997749
-4.999228
-4.996829
4.991834
4.994154
4.998786
-4.997461
-4.992737
-4.993253
-4.998067
4.997924
4.995976
-4.995364
4.998879
4.998931
-4.998507
-0.000000
-4.996161
-4.897528
4.995932
-4.992065
-2.586826
-4.997746
4.998570
4.997198
4.997717
-4.997939
-4.997145
4.998754
4.997802
4.996181
-4.996306
4.997766
4.996284
4.997033
-4.944106
-4.992068
-4.998079
4.998638
4.997745
-4.997902
4.998111
-4.997013
4.997267
4.996401
4.996174
4.996914
4.996536
-4.997701
4.997859
4.998268
4.998932
4.997892
4.992729
4.998962
-4.995092
4.998434
4.998711
4.995457
4.998815
-4.996500
4.996098
4.995859
4.998064
0.158054
4.996984
-4.998592
-4.993255
-4.993665
4.997282
4.996539
-4.999156
-4.998397
-4.972360
-4.996781
4.995533
-4.996040
-4.991898
-4.992105
-4.997614
4.997100
-4.997395
4.997531
4.988329
4.996432
-4.998404
-4.996220
-4.997857
-4.994313
-4.998219
4.996781
4.997117
-4.998483
-4.996798
-4.997477
-4.998631
-4.998814
4.997496
-4.995207
-4.998275
4.994451
4.994744
4.997904
-4.998332
-4.986446
4.996399
4.995128
4.995792
4.998995
4.995281
-3.148808
4.997278
4.998464
-4.997248
-4.993145
-4.997103
-4.998172
4.995923
4.996680
4.996993
-4.996852
4.995751
4.997512
4.996851
-4.991951
-4.995231
-1.039375
4.996888
4.997783
-4.996667
4.996721
4.997371
-0.206888
4.997460
4.998861
2.683828
4.997455
4.998378
-4.998244
4.997018
-4.995769
4.994309
4.998622
-4.995782
-4.979207
-4.994693
4.995639
4.997482
4.993562
-2.577629
-4.997161
4.997246
4.994626
-4.998330
4.998337
4.998593
-4.998314
4.994459
4.994360
-4.997379
4.999542
4.997919
4.997711
4.995338
4.997285
4.988947
4.993590
-4.997719
-4.998134
4.982548
-4.996923
-4.998781
4.843816
4.997139
4.997455
4.997904
-4.998645
4.998862
-4.998052
-4.996770
4.998360
-4.996247
4.994562
4.998032
4.998936
-4.994808
-4.995781
4.998133
-4.994641
-4.988225
4.998983
4.856967
4.998802
4.998784
-4.995385
4.998059
4.995041
-4.997297
4.996776
4.995930
-4.839166
4.991877
4.998036
-4.997150
-4.997347
4.996648
4.973275
4.996853
-4.998151
4.993781
-4.997448
-4.990863
-4.995997
-4.997816
-4.998825
4.997957
4.994903
4.996433
-4.998488
4.998492
4.998253
4.998261
4.997907
4.995739
-4.997590
-4.998776
4.996529
-4.995098
4.996629
4.994213
-4.996824
-4.996793
-4.991763
4.996546
4.995698
-4.998789
4.998447
-4.998184
4.998925
-4.997501
4.999212
4.996847
4.995286
-4.998217
-4.993272
4.997632
-4.998397
4.983488
4.998611
-4.998265
-4.997128
4.996637
-4.996179
-4.995901
4.994313
4.995282
-4.996575
-4.998412
-4.998961
-4.997831
-4.996571
-4.998741
4.989944
-4.997188
-4.997693
4.997599
-4.997483
-4.995875
-4.997123
4.998112
-4.998555
4.997661
4.998407
-4.999543
-4.996486
-4.994730
-4.998065
-4.994956
-4.998022
-4.749937
-4.996839
-4.998458
-4.985080
-4.997328
4.997904
4.998926
4.998729
-4.993894
-4.998688
-4.996102
4.997129
-4.995979
-4.997454
4.998987
4.990960
-4.998671
4.998366
4.997167
4.994776
4.998957
-4.998592
-4.998275
-4.995507
-4.998935
-4.998190
4.992566
-4.997938
4.997412
-4.998565
4.998756
-4.997586
4.998150
4.998971
4.990145
-4.998564
-4.999197
4.997425
-4.996769
4.955774
-4.998182
4.996823
4.995856
4.998134
4.993803
4.997232
4.996279
4.996716
-4.998379
4.997973
-4.996676
4.998541
4.998438
4.996447
4.998261
4.997368
-4.997429
4.994946
4.997108
-4.995398
-4.996543
4.997998
-4.996408
-4.993667
-4.997300
4.997461
4.998045
4.997989
-4.993983
4.999169
4.971663
4.973796
-4.998377
4.997853
-4.994880
-4.998757
4.991236
-4.997973
-4.997382
-4.996518
-4.997532
4.997883
-4.998558
-4.998151
4.996794
-4.995620
4.986455
-4.994836
4.998800
4.997088
4.995822
-4.998193
-4.999178
-4.995959
-4.996820
4.998197
4.998163
-4.998020
-4.997439
4.992330
4.995763
-4.997921
-4.998151
4.998419
-4.994916
4.994690
4.995366
-4.996815
4.993573
-4.997290
-4.996448
-4.986363
-4.995622
1.500915
-4.996146
4.994925
4.995647
-4.995859
-4.991469
4.998798
4.997521
-4.996968
-4.994135
-4.998278
-4.960917
4.997717
4.998530
-4.996572
-4.992217
4.992544
-4.996624
-4.998910
4.997945
4.994357
4.998087
4.997744
-4.995686
-4.997301
4.996675
4.996731
4.998374
4.984142
-4.997454
4.998193
-4.994955
4.998317
-4.995384
-4.995257
-4.997899
4.995381
-4.995868
-4.997891
4.998869
-4.984475
-4.998721
-4.991144
4.997347
4.995179
-4.998548
4.996487
4.996808
4.993743
4.997325
4.998254
-4.971968
4.994335
-4.998077
-4.997687
-4.987385
-4.992770
-4.997534
4.995473
4.987901
-4.997634
4.953686
-4.997687
4.998363
-4.996775
4.995946
4.997758
-4.994522
-4.997806
-4.998599
-4.998894
4.998076
4.998764
4.996747
-4.998536
-4.998322
4.997901
-4.989897
4.997624
4.997726
-4.990400
4.998137
-4.995387
4.995955
4.609956
-4.994810
-4.997858
-4.938083
4.997271
-4.997673
-4.996868
-4.997293
4.999544
-4.998148
-4.997071
4.998259
-4.953320
-4.997899
4.998962
4.997139
-4.992142
4.996899
-4.997590
-4.994899
-4.997220
4.996991
4.995960
-4.997213
-4.999228
4.989605
-4.996790
4.996920
4.996100
-4.996471
-4.997965
4.992541
4.997137
-4.996679
4.996566
4.996515
-4.996468
4.996921
-4.999543
-4.998810
-4.997825
4.996545
4.994332
4.998838
-4.998132
4.997410
4.991970
4.997923
4.997559
-4.997670
4.996717
3.039698
4.998118
-4.978939
-4.998110
4.702812
-4.997285
-4.997917
-4.995607
-4.996579
4.997841
-4.997764
4.997397
4.997718
-4.997535
4.998841
-4.998222
4.995243
-4.224664
-4.999540
-4.998157
-4.428348
4.998994
-4.996517
-4.998075
4.997882
-4.997398
-4.997306
4.996648
4.997940
4.999188
-4.997891
4.997279
4.997631
4.996547
-4.995809
-4.997465
4.996854
4.998245
-4.996719
4.998635
-4.995820
4.999025
-4.998811
-4.995617
4.997323
-4.998352
4.990156
4.995994
-4.998516
4.997141
-4.991317
-4.998019
4.992634
-4.998058
4.996723
-4.996645
-4.997303
4.996728
4.994084
4.997263
4.998583
4.997237
4.986428
4.996680
4.993136
4.996622
-4.997909
-4.997424
4.998933
-4.997308
-4.996614
4.997072
-4.998431
-4.999005
4.996918
4.997489
4.998630
-4.998017
-4.997233
4.997668
4.990748
-4.997783
4.995203
4.997981
4.992894
-4.992435
4.995946
4.998531
4.997905
-4.973937
4.992206
-4.998480
-4.998158
-4.995461
4.998440
-4.998152
4.989737
-4.996533
-4.999136
4.998177
-4.998185
4.999329
-4.998383
4.996248
-4.995837
4.998289
4.998692
-4.996484
4.997799
-4.997330
4.997407
4.997741
4.998018
-4.996608
4.996311
4.968874
-4.997516
-4.997922
-4.997510
-4.999544
-4.996860
-4.994128
4.998781
4.998097
4.994892
4.998423
4.997642
-4.998527
-4.999035
4.997926
-4.996848
-4.998894
4.997058
4.996824
-4.999544
4.996637
-4.997637
-4.996163
4.996258
-4.993993
4.995122
4.997995
-4.996519
-4.999184
4.997749
4.993304
-4.997905
-4.997872
-4.988722
-4.994337
-4.996828
-4.996662
4.999115
-4.997249
-4.998902
4.982053
4.957058
-4.995002
4.996219
-4.994068
4.999539
-4.997289
-4.989708
4.998131
-4.997565
4.998530
4.997164
4.997986
-4.995988
-4.987030
-4.990012
-4.995341
-4.996648
-4.998601
-4.997100
-4.996696
4.997670
4.998356
4.996810
-4.998474
-4.991788
4.998198
-4.997978
-4.997370
4.998389
4.997683
4.980646
4.997431
4.998121
4.989948
4.997832
4.997767
-4.998885
4.998599
-4.987200
4.998569
-4.997483
4.995037
4.999044
4.996941
4.997410
-4.997954
4.998092
-4.997973
-4.996781
-4.998972
-4.999203
-4.998576
4.997105
-4.998441
4.997176
4.997427
4.997669
4.996524
-4.997551
-4.991924
4.997291
4.991222
4.995208
-4.998472
4.999544
-4.997351
4.998692
4.997969
-4.997612
4.997802
-4.998471
4.998184
-4.997747
-4.997947
4.998184
-4.998149
-4.997784
-4.998798
-4.998733
4.999544
-4.996945
-4.998851
-4.938890
4.999044
-4.998030
4.994638
-4.962178
4.996470
4.998153
4.996823
-4.998686
4.998688
4.915675
-4.996588
4.998118
4.996672
4.998184
-4.998164
-4.997069
4.998054
-4.993918
-4.996790
-4.997977
4.995901
4.997205
4.997897
4.994320
-4.992022
-4.997812
4.998486
4.998030
-4.994021
4.993909
4.998406
4.998901
-4.725439
-4.996079
-4.998432
4.997525
-4.499011
4.996989
-4.998570
-4.994934
4.999543
4.996545
4.998963
4.989372
-4.998332
4.994320
4.993309
4.998920
-4.998980
-4.998666
-4.996572
-4.997986
4.995159
-4.998703
-4.998270
-4.997216
-4.998176
4.997173
-4.994556
-4.997949
4.997947
-4.998732
4.995809
4.999076
-4.998169
-4.999544
4.998871
-4.990900
4.994548
-4.996826
-4.997132
-4.998149
-4.996363
-4.997581
4.998862
4.996600
-4.995536
-4.996601
-4.991782
4.997800
-4.994746
4.988211
-4.993609
-4.997973
4.996224
4.997576
-4.995765
-4.997004
4.997817
-4.998252
4.997127
4.995712
4.999058
4.997248
-4.997863
-4.995318
4.997822
-4.999170
-4.991585
-4.997224
-4.996640
4.997716
-4.996623
4.992492
4.997756
-4.998813
4.997059
-4.996714
4.994455
-4.998958
-4.995372
4.996907
4.996805
-4.997644
-4.995747
-4.997660
-4.998320
4.998111
-4.996099
-4.999543
-4.997335
-4.996493
4.998409
-4.991064
4.995534
4.997439
4.985452
4.998296
4.993062
-4.997038
4.996784
-4.998304
-4.929415
-4.998145
4.996874
4.996139
4.999544
-4.998956
4.999053
4.998714
4.998232
-4.996741
4.997985
-4.997160
-4.995922
-4.997577
4.998059
4.991768
4.996561
-4.997458
-4.994496
-4.991358
4.997110
-4.998941
4.998456
4.995561
-4.998836
-4.996486
4.997988
4.997350
4.998216
4.995541
-4.989346
-4.993178
-4.997152
4.997310
-4.997078
4.995125
-4.997854
-4.997515
4.995849
-4.997956
4.995252
-4.997807
4.998669
-4.995193
4.997333
-4.993009
-4.995719
-4.997665
-4.968194
4.997769
-4.997392
4.996666
4.995338
4.998868
-4.998357
-4.998381
4.993900
-4.997905
4.992629
4.995994
-4.997083
-4.997196
4.998664
4.997913
4.998129
4.998404
4.995764
4.998205
4.996577
-4.997717
-4.938154
4.998532
-4.997397
4.995726
-4.992103
4.997457
-4.997436
4.998096
4.995264
4.998211
-4.999542
-4.996422
4.996665
4.996429
-4.948474
4.997510
-4.997295
4.998810
4.997365
4.998954
-4.997811
4.991754
4.998148
-4.992319
-4.993709
-4.997230
4.998094
4.998542
-4.997873
-4.996912
-4.998036
-4.996806
4.997033
4.998488
4.996284
-4.996703
4.995663
-4.997938
-4.997238
4.998449
4.997365
4.995164
-4.997268
-4.996748
4.996461
4.994922
-4.999125
4.997814
4.998425
4.997890
-4.997188
-4.996320
-4.998050
4.997639
-4.988538
-4.998150
4.992063
4.997297
4.997984
4.998419
4.995245
4.998944
4.939601
4.997669
-4.998946
4.997706
-4.996510
4.998459
4.996802
4.998290
4.994760
4.998140
-4.996972
4.984415
4.999143
4.958982
4.994887
-4.996077
4.996624
-4.998514
4.998617
-4.999543
-4.998357
4.998891
4.997264
-4.993805
-4.995611
4.997869
4.996976
-4.994282
4.995637
-4.996756
4.998427
-4.997112
4.998229
4.997174
4.997289
-4.910419
4.994403
4.995548
-4.996810
-4.998790
4.994176
4.997398
-4.996495
4.996703
-4.998895
4.998615
-4.995805
-4.997840
4.993391
-4.992787
-4.998139
-4.999022
4.994540
4.997675
4.996584
-4.997953
4.998104
-4.997871
4.998196
4.994737
-4.998103
4.998718
-4.998286
-4.998655
4.998136
-4.989417
4.998319
4.996186
-4.998765
-4.997181
4.996587
4.993597
-4.997679
-4.998852
-4.997839
4.995053
-4.998745
-4.997990
4.995957
-4.995435
4.983535
-4.995819
-2.414795
4.998518
-4.997771
-4.998132
4.997606
4.998744
4.990251
4.995463
-4.997286
4.997478
4.994806
-4.996811
4.996037
4.992779
4.996564
-4.992198
4.971764
-4.996887
-4.990795
4.999039
4.995163
-4.998689
4.998192
4.998116
-4.998030
-4.998386
4.997577
-4.997044
4.998850
-4.993840
-4.993671
-4.998662
-4.996635
4.993762
4.996842
4.997314
-4.996743
4.970647
4.998448
4.999129
-4.974320
4.997780
4.997276
4.990884
4.993122
4.997693
4.997245
-4.998470
-4.998461
4.997663
-4.999542
4.999218
-4.996725
-4.992087
-4.997735
4.994458
4.997521
4.999544
4.997969
4.998156
4.996189
4.997344
4.995785
4.998309
-4.998060
-4.997312
4.998370
-4.993950
-4.993045
4.995319
4.919515
-4.997953
4.990851
4.994137
-4.988999
-4.997116
-4.989024
-4.996266
-4.999544
-4.997267
-4.994456
4.997192
4.997396
-4.995392
4.997733
4.997104
-4.997084
-4.997391
4.994877
4.998841
4.998554
-4.998446
-4.997131
-4.998669
-4.998266
-4.264425
-4.998208
4.994229
4.994400
-4.997910
-4.998571
-4.990431
4.992955
-4.998300
4.999271
-4.996723
-4.998433
-4.998185
4.996679
-4.997699
4.985861
-4.994358
-4.996688
-4.998941
-4.994976
-4.978614
-4.998171
-4.999099
4.998870
-4.997880
4.997006
4.998083
4.998746
4.997718
-4.998632
-4.996504
-4.998465
-4.995821
-4.997675
-4.997022
4.997807
-4.997585
4.997794
-4.994134
4.998735
-4.997763
4.997212
4.997700
4.987804
4.992240
-4.997521
4.998270
-4.999045
-4.998380
-4.807114
4.997897
4.998778
-4.998753
-4.997878
4.993980
4.997782
4.995900
-4.997818
4.999153
4.994425
-4.998211
4.997222
-4.997818
-4.997687
-4.997246
-4.996349
-4.998430
4.997830
4.998172
4.980317
4.996323
-4.969838
4.998402
4.996809
4.995936
-4.999004
4.995537
4.997025
-4.996431
-4.996864
4.997849
-4.999544
-4.997781
-4.992824
4.999543
-4.996696
-4.971815
-4.997687
-4.996519
-4.996622
4.998822
4.996569
4.994396
-4.996955
4.990339
4.995658
-4.998990
4.996603
4.996730
-4.998538
4.995747
-4.998100
-4.995187
4.044909
-4.996718
4.963303
-4.997452
4.998079
-4.995080
4.968645
-4.996740
-4.997739
-4.992681
-4.995262
4.996857
-4.944927
-4.996773
4.997181
-4.997918
4.997797
4.998050
4.998759
-4.997988
-4.996740
-4.994363
-4.998869
4.997717
4.998303
4.998742
4.997711
-4.998332
-4.999544
4.997756
-4.998076
4.997389
-4.996636
4.997990
4.998249
-4.999263
-4.661605
4.999179
4.997321
4.996702
-4.998599
4.998205
-4.994976
-4.995786
4.996542
4.997224
-4.998498
4.996775
4.998035
-4.993842
4.995306
-4.993101
-4.996903
-4.997923
4.998616
-4.997912
-4.998395
-4.997554
-4.997756
-1.293043
-4.997373
-4.998280
-4.997175
4.994712
4.998133
4.995770
4.996202
4.999543
4.995893
4.997196
-4.997882
4.998171
4.993470
4.997114
4.997416
4.997732
4.999087
4.995731
-4.910294
4.995681
-4.993548
-4.997702
-4.997113
4.998804
-4.994738
4.997712
4.996374
4.998038
4.960465
4.998199
-4.998046
-4.998265
-4.998629
4.999543
4.994744
-4.997806
4.993288
-4.998186
4.998962
-4.998477
4.998185
4.997453
4.996566
4.996162
4.992583
-4.998839
-4.998291
4.997695
-4.999544
4.996119
-4.998126
-4.998344
-4.998364
4.996624
-4.989923
-4.994447
4.993368
-4.994082
4.946370
4.998505
-4.997678
4.996765
4.991868
4.680923
4.995887
4.995776
4.998617
4.966569
-4.996481
4.996740
4.996765
4.997546
-4.998172
-4.997404
-4.996517
4.997687
-4.999081
4.991789
-4.996939
4.998146
4.998920
4.997544
4.996817
4.998386
-4.995647
4.996627
4.997495
4.996468
4.996541
4.998583
-4.996314
4.991288
-4.994060
-4.992910
-4.989370
4.997343
-4.997595
-4.996672
-4.999541
-4.997737
4.998145
4.997582
-4.996693
-4.994423
4.996528
-4.995373
-4.996985
4.997898
4.987865
-4.992965
4.997806
-4.998228
4.994911
4.997700
-4.997012
4.995969
-4.998113
4.995296
-4.994086
-4.999544
-4.995247
-4.996788
4.997536
-4.996778
-4.998669
4.996789
4.998318
4.997042
4.998553
4.998896
4.992886
-4.989343
-4.998864
4.996789
4.998130
4.997295
-4.997755
4.995806
-4.999033
-4.995892
-4.997511
-4.995748
-4.997446
4.985961
4.998921
4.998026
-4.997184
-4.998218
4.996810
4.998210
4.995578
4.998544
-4.997943
4.993299
-4.862493
4.997276
4.995050
-4.995475
4.998444
4.997805
-4.994659
4.998582
4.997930
-4.996242
4.996347
4.992448
4.997267
4.996404
-4.997645
-4.998791
4.993998
-4.995625
4.997419
-4.998391
-4.998868
-4.998830
4.994971
4.998575
-4.998796
4.988170
4.995832
4.998873
4.998258
-4.995038
-4.997281
-4.998243
-4.995535
4.998360
4.997080
-4.998385
4.995799
-4.998734
-4.861979
4.998542
-4.998337
4.997740
-4.997205
-4.993250
-4.996134
4.998098
-4.994337
4.997506
-4.947518
4.994062
-4.987068
-4.998000
4.996320
-4.998310
-4.997752
4.990560
4.999543
-4.998559
4.998521
4.995362
-4.998922
4.999543
-4.992744
4.906134
4.996987
4.997825
4.997055
4.997160
-4.996619
4.998136
-4.998264
4.996803
4.998586
-4.997951
-4.996419
4.995195
4.997951
-4.998833
4.998479
4.994896
4.994416
-4.997579
-4.998953
4.783646
4.997925
-4.998263
-4.988819
4.995031
3.658176
4.996681
4.998860
-4.998441
4.996677
4.997437
-4.999142
-4.998638
4.997528
-4.997366
4.994556
4.997926
-4.993863
4.990553
4.998468
-4.998634
-4.821068
-4.997517
-4.997525
4.997082
-4.997739
-4.998172
4.997002
4.996113
4.995198
4.994972
4.998358
4.995549
-4.998688
-4.997915
-4.995584
-4.995946
-4.993621
4.995272
-4.997845
4.997795
4.999543
-4.991727
-4.998871
-4.998263
-4.996444
-4.995014
4.997424
4.998194
4.997200
-4.995889
4.997705
4.997172
-4.989899
4.996419
-4.952389
4.996965
4.997648
-4.996574
4.996673
4.998800
-4.996945
-4.997352
-4.997185
-4.997166
-4.984545
-4.993889
-4.996965
4.997118
-4.989930
-4.996846
-4.997718
4.979478
-4.998392
-4.999007
4.995520
-4.994742
4.998747
-4.994927
4.998984
4.998491
4.994932
4.998026
-4.997233
4.994772
4.995047
-4.993651
4.998447
-4.998265
-4.997291
-4.997901
-4.997438
4.989932
-4.993512
4.997102
-4.997366
4.993725
-4.998156
-4.994370
-4.998131
4.996084
4.997173
4.997251
4.997482
-4.996469
4.995579
4.998523
4.998723
-4.998351
-4.997257
-4.999542
-4.975211
4.995773
-4.993444
4.996995
4.997378
-4.992894
-4.996046
4.995396
-4.997304
4.995968
4.994084
4.994775
-4.998478
4.995396
4.998464
4.998289
-4.997697
-4.991932
-4.998190
4.994264
4.998134
4.987566
-4.997219
-4.992454
4.998693
-4.997494
4.995986
4.996685
-4.994782
-4.992087
4.997952
-4.998809
-4.995955
4.997238
-4.998522
-4.997902
-4.996459
-4.996729
4.997265
4.607677
4.998861
-4.989011
-4.995655
4.997022
4.997686
4.983690
4.995366
4.998027
-4.998488
4.996730
4.995658
4.997475
4.998749
-4.996003
-4.998574
4.997927
4.991856
-4.998307
4.997770
-4.996551
4.998865
-4.997173
4.994700
-4.998573
4.996774
4.997816
4.997631
-4.998180
4.998402
-4.988855
4.995850
-4.998292
-4.995665
4.990022
-4.997232
-4.997349
-4.993777
-4.995637
4.998439
4.995408
-4.995323
-4.997571
4.998151
-4.997785
-4.998535
-4.997036
4.998197
-4.987594
4.997526
-4.997733
-4.997325
-4.994963
4.994651
4.997137
-4.996649
-4.996570
-4.975877
4.988965
-4.996233
4.997538
-4.997769
4.999198
-4.934136
4.997579
-4.991969
4.996142
-4.998152
-4.996068
4.994951
4.996758
4.996774
-4.998316
4.995610
-4.998312
4.986679
4.998403
4.997647
4.996750
-4.997923
-4.995463
-4.999165
-4.998853
4.994420
-4.994590
4.998130
-4.997289
-4.998471
-4.997124
4.997576
-4.997700
-4.997785
4.995730
-4.996780
4.989261
-4.997235
-4.998340
-4.997162
4.996086
-4.998861
-4.997336
4.997241
4.997846
-4.992708
-4.997898
4.988549
4.998433
-4.997838
-4.996611
4.997540
-4.997127
4.987105
4.997822
4.998489
-4.995509
-4.989262
-4.995361
4.998622
-4.998750
4.996318
-4.991840
-4.998122
-4.997865
4.997613
-4.997910
4.997941
4.991062
-4.997728
-4.991397
-4.998133
4.997689
-4.998756
1.597729
-4.996771
4.997774
-4.998094
-4.950275
-4.996672
4.997481
4.996692
-4.991348
-4.997901
-4.997873
4.996087
4.997894
4.995280
-4.994822
-4.998917
-4.998169
4.997788
4.996417
-4.998148
4.998499
4.995697
4.998256
-4.992868
-4.998639
4.997406
-4.998956
4.997394
-4.988177
-4.790162
4.999543
-4.998772
-4.999112
-4.998391
4.995667
-4.995853
4.996541
4.990864
-4.998529
4.998817
-4.996145
4.997881
4.996562
4.995490
4.993438
-4.917674
-4.998016
4.997854
4.998978
-4.997766
-4.994398
-4.998408
-4.995175
-4.999541
4.998040
-4.997294
-4.954654
-4.998722
4.996657
-4.996172
-4.994021
-4.997004
4.997432
-4.998572
4.988179
-4.590238
4.996753
-4.997192
-4.999543
4.831534
-4.998501
-4.994089
4.996005
4.993963
4.678032
-4.997077
-4.997106
-4.998333
-4.997714
-4.995116
-4.997233
-4.998312
-4.994657
4.995745
4.993720
-4.997997
-4.997016
-4.998663
4.998511
-4.987974
4.994714
-4.997747
4.997849
-4.998604
4.996643
4.997742
4.992200
-4.993809
-4.998374
-4.993777
4.996781
-4.996742
-4.967635
-4.995784
4.995727
-4.998433
-4.998899
4.990346
4.998174
4.998065
-4.994021
-4.998012
4.997438
4.998324
4.998539
-4.996599
4.998263
4.997026
-4.994478
4.998735
4.997263
4.997994
-4.997177
4.997952
-4.997639
-4.981149
-4.994885
4.997420
-4.996791
-4.998122
4.997799
4.998949
4.993163
4.997305
-4.987599
4.993807
4.999098
-4.997620
-4.995943
4.996652
-4.998222
-4.996603
-4.998530
-4.996799
4.995932
4.997139
4.994576
-4.995696
4.991426
4.996742
4.996106
-4.998537
-4.994003
-4.999224
4.961698
4.729105
4.995738
4.995711
4.997263
4.997705
-4.999039
4.997331
4.990630
4.998785
4.997929
4.997462
-4.997706
4.999488
-4.998177
4.995963
4.998026
-4.996544
4.995678
4.997987
-4.998173
4.997448
4.997707
-4.997131
-4.997799
4.998382
4.995352
4.998375
4.996704
-4.998192
-4.995087
-4.999543
4.997674
-4.993279
4.998255
-4.997931
4.995745
-4.993015
4.997658
4.996473
-4.996764
-4.997563
-4.996945
4.992203
4.996861
-4.997693
4.990369
-4.995607
4.993587
4.996725
4.998975
4.998169
-4.996961
4.997068
-4.998152
-4.997526
-4.998221
-4.998310
4.997987
-4.998243
4.995933
4.998604
4.994191
-4.994715
4.998372
-4.993618
4.998352
-4.912597
4.998347
4.994616
-4.997460
-4.995500
-4.997401
4.996694
-4.996858
-4.997893
4.997840
-4.997295
4.998242
-4.994612
-4.997506
4.998183
-4.997700
-4.996256
-4.985643
4.986410
4.997646
-4.984191
4.997644
-4.995528
4.996706
4.935928
4.997987
-4.998802
-4.996627
4.998532
-4.997976
-4.992795
4.997499
-4.997339
4.996209
-4.994623
4.997620
4.998163
4.998001
-4.997605
-4.997810
-4.996201
-4.996621
4.996885
4.997783
-4.996633
4.995994
-4.997563
4.996444
4.998550
4.997135
-4.995215
3.841410
4.932671
4.997547
4.998639
4.996627
-4.992247
-4.973156
-4.998554
-4.996567
4.998938
4.994053
-4.992622
-4.999115
-4.997412
4.986791
4.998130
-4.997797
4.990383
-4.996662
-4.997965
-4.998366
4.995675
-4.998143
4.998400
-4.817998
4.997408
4.999198
-4.998734
4.996301
4.997234
4.996702
-4.997788
4.994473
4.993376
-4.998692
4.996622
-4.997974
-4.997609
-4.998177
-4.996628
-4.995877
4.997191
4.998779
-4.996860
-4.996701
4.996866
4.997318
4.997530
-4.938647
-4.996644
4.991814
4.994857
-4.997164
4.996757
-4.996918
-4.997447
-4.993025
4.997825
4.998825
-4.996437
-4.997318
-4.997390
4.995444
-4.995996
-4.996205
4.997750
-4.998130
-4.995484
-4.995967
-4.997304
-4.998173
-4.997115
-4.996245
-4.998522
4.996956
-4.998380
-4.998794
-4.998130
-4.996576
-4.996077
-4.987249
-4.995880
4.998496
4.998216
-4.997734
4.998624
4.995522
4.997855
4.997720
-4.996929
4.997170
4.997731
4.999170
4.998929
4.996892
4.988771
4.999037
4.994279
-4.996067
-4.998633
-4.998386
-4.997809
-4.997316
4.998569
-4.998085
4.997066
4.995849
4.997114
4.998123
4.949040
4.998332
-4.997165
-4.996829
4.997421
4.992946
-4.994764
-4.997771
-4.995368
4.997810
4.995745
4.995658
4.997480
4.997611
4.996681
4.995683
4.990332
4.998259
4.998483
4.993479
4.997402
-4.997015
4.997490
-4.994947
4.997871
4.996366
-4.994163
4.995814
-4.996635
4.997308
-4.996441
4.996570
4.997749
4.998198
-4.996647
4.997704
-4.999170
-4.997768
4.996574
-4.997232
4.999040
4.997765
-4.996597
-4.995662
4.998449
-4.995327
4.680628
-4.996748
-4.995610
4.997828
-4.998499
4.998113
-4.995754
-4.995084
4.997516
4.998206
-4.998531
-4.994559
-4.997264
-4.997898
4.998068
4.997649
-4.998741
4.995327
-4.998715
-4.998219
4.995808
-4.998956
4.996931
-4.994110
4.993951
4.999544
-4.997797
-4.996800
-4.978662
-4.998362
-4.993685
-4.997463
-4.998282
4.997869
-4.994334
4.998675
-4.999543
-4.997665
4.998439
4.998434
4.992930
-4.997195
-4.995841
-4.995870
4.997713
-4.998275
4.999258
4.998581
4.997765
-4.997722
-4.998510
4.998037
-4.995873
4.998395
-4.993459
4.997762
-4.998339
4.990753
-4.995771
-4.997533
-4.950793
4.993939
4.997196
4.987698
4.998302
4.994035
-4.990915
-4.997268
4.986887
-4.995715
-4.995951
-4.992515
-4.997792
4.998283
-4.999531
-4.995584
4.998870
4.996740
-4.998082
4.998604
-4.995699
4.995926
4.998172
4.996587
-4.994840
-4.995938
-4.998958
-4.996533
4.993591
4.995359
-4.998753
-4.997705
4.998615
4.974137
-4.995618
-4.997345
4.998361
4.997735
4.997200
4.997823
-4.990129
4.994022
-4.993691
4.996632
-4.998338
-4.986830
4.997712
4.997267
4.997523
-4.996589
-4.998428
-4.997642
4.992520
-4.998480
-4.997928
-4.995060
4.997244
-4.992969
-4.998195
4.998406
4.998068
4.852808
-4.997679
-4.999542
-4.994951
4.997702
4.998485
-4.996680
4.998125
4.994038
-4.996650
-3.456374
-4.995612
-4.998425
-4.998198
4.999542
4.998454
-4.997555
4.996949
-4.990402
4.996798
4.997784
-4.998778
-4.998421
-4.998045
-4.997323
4.999017
4.994685
4.998062
-4.997732
-4.998357
-4.997494
-4.994847
-4.996453
4.994641
4.996552
4.997750
4.997099
-4.997686
4.997141
4.997458
-4.998554
-4.997450
4.998195
4.997149
-4.998171
4.994935
-4.998702
-4.994984
-4.998598
-4.995697
4.996568
4.997716
4.997825
4.993345
-4.999157
-4.995195
-4.995088
4.997809
4.992495
4.993233
4.996681
-4.997970
4.996473
4.997872
4.996510
4.995443
4.998571
-4.998234
4.996850
4.997352
4.995201
-4.998202
4.998971
4.999014
-4.997918
-4.998638
-4.997777
-4.998624
-4.997994
4.995736
4.995577
-4.998864
4.990186
4.997363
-4.999214
-4.997984
4.994396
4.998334
4.999236
-4.997076
4.996078
-4.986137
-4.998911
4.997019
-4.997693
-4.997705
4.995540
-4.997762
4.995395
4.997218
4.997634
-4.998305
-4.998104
4.997181
4.998582
-4.997899
-4.998078
4.998131
-4.995985
4.996612
4.991989
-4.992905
-4.997407
-4.998630
4.997281
-4.996485
-4.996071
4.997760
-4.998759
-4.997728
-4.998341
4.995104
-4.994548
4.998016
4.998292
4.995670
4.996529
-4.988206
4.995812
4.996807
4.996163
-4.997684
-4.998243
-4.998577
-4.996415
4.997874
-4.996670
-4.999056
-4.998243
-4.999544
-4.999026
-4.995319
4.998663
4.996603
4.999100
-4.996604
4.997880
-4.997839
-4.997678
4.996128
-4.997232
4.998312
-4.997286
-4.998634
4.997528
4.997985
-4.997146
4.998297
-4.993978
4.998747
4.998000
-4.993918
-4.993841
-4.998774
4.998049
-4.993668
-4.998126
-4.982936
-4.998137
4.998422
4.997582
-4.995960
-4.995940
4.997555
-4.998169
-4.996389
-4.998125
-4.994405
4.998837
4.994781
4.998314
-4.989782
-4.998777
-4.991363
-4.994356
4.996547
4.964266
-4.996574
-4.970831
4.995970
4.995789
-4.998555
4.998443
4.998168
-4.999301
-4.997914
4.999042
4.996629
-4.997966
-4.996517
-4.997590
-4.997493
-4.997158
4.996906
-4.997376
-4.979589
4.998100
4.996976
4.997632
4.997008
-4.995220
4.998421
4.997673
-4.997590
-4.997977
4.997877
-4.998181
-4.997560
4.998104
-4.997765
-4.991618
-4.997914
-4.998165
-4.998146
-4.994314
-4.996493
4.997772
4.996577
-4.997327
-4.997579
4.994809
-4.996717
4.992451
-4.993916
-4.998768
4.985998
4.996620
-4.997452
4.996351
4.996153
-4.997923
4.998221
4.996020
4.996828
-4.997819
4.986350
4.993920
4.997606
-4.993097
4.994345
-4.995858
-4.996603
4.996754
4.996661
4.996302
4.996022
-4.994056
4.998068
-4.997877
-4.996603
-4.996366
-4.994289
4.998776
-4.999544
-4.994496
4.996191
4.996443
4.997208
4.990396
-4.991059
-4.991264
4.996521
-4.993714
4.996104
-4.993377
-4.994913
-4.997619
-4.995049
-4.997829
4.998612
-4.995422
4.996858
4.996694
4.996967
-4.999059
4.997052
4.996919
-4.997899
-4.998020
4.999065
4.998158
4.995605
-4.998034
-4.997550
-4.999120
-4.998435
4.994437
-4.998279
4.998049
-4.993705
-4.993611
4.995744
4.995973
-4.996023
4.997648
4.996181
4.994467
4.998149
-4.998230
-4.997292
-4.998669
-4.994250
-4.995185
-4.995065
4.998449
4.998173
-4.997423
-4.995980
-4.996169
-4.997338
4.995235
-4.991788
4.996558
4.999031
4.998139
4.998731
4.992227
4.995334
4.994516
4.996546
4.997589
4.997827
-4.987283
4.993908
4.991388
4.998254
-4.996655
-4.995999
-4.998148
-4.998766
-4.996851
4.997873
-4.998460
-4.996324
-4.998239
-4.996788
-4.997751
-4.993049
4.996913
-4.997504
4.997597
4.996035
4.994432
-4.991000
-4.997784
-4.999046
-4.998632
4.994663
-4.995580
-2.151748
-4.996151
4.997279
-4.996544
-4.996642
-4.997703
4.996758
-4.996249
4.997920
-4.996646
-4.995527
4.997211
4.998192
-4.999154
-4.996578
-4.997676
4.997378
-4.996759
4.997659
-4.997418
-4.994553
-4.990361
4.997182
-4.997572
4.996733
-4.996673
4.995861
-4.998469
-4.996152
4.998372
-4.997552
4.997470
-4.997329
-4.998055
4.998191
-4.997080
-4.996614
-4.996622
-4.998889
-4.999046
-4.997422
4.999535
-4.997430
-4.996728
-4.885304
4.997959
-4.998156
-4.998483
4.998589
-4.998971
-4.991074
-4.993024
-4.971575
-4.995082
-4.998425
4.994813
-4.998074
-4.995354
4.995223
-4.998159
4.997677
4.998150
-4.996172
4.996392
-4.998529
-4.998447
4.995971
4.995223
4.994239
4.996560
-4.999543
-4.994605
4.997891
4.998970
4.999033
4.996107
-4.995581
4.995336
4.998254
4.997995
4.998948
4.584654
4.996780
4.996713
4.995518
-4.993768
4.998781
-4.999543
-4.996530
4.990523
4.996788
4.997986
-4.997701
-4.998743
4.989241
4.995210
-4.997988
4.998206
-4.996265
4.997297
4.998583
4.997056
-4.997063
4.996551
4.997409
4.998173
4.966471
-4.997927
4.998161
-4.997629
4.996636
4.998579
4.997509
-4.998250
4.997095
-4.988106
4.997154
-4.997919
4.997724
4.998240
-4.997107
-4.997937
4.995990
4.950791
4.997441
-4.996670
-4.996684
4.996673
4.995995
4.879954
-4.994898
4.997389
4.865050
-4.993717
-4.997385
4.993530
-4.996421
4.998376
-4.996636
-4.972980
-4.998951
4.998740
4.997442
4.998971
-4.918856
4.998744
-4.996801
4.996691
4.994213
-4.997455
-4.997511
-4.997092
4.996921
-4.997223
4.994032
4.997733
-4.998097
-4.994487
4.998140
4.992508
4.997516
-4.997758
4.997979
-4.992601
-4.997883
4.999288
4.995113
4.998561
4.992565
-4.997877
-4.999543
4.997890
4.995306
4.995647
-4.996715
-4.998218
4.976697
4.997440
-4.995462
-4.994970
-4.997268
-4.996519
4.992397
-4.998412
-4.997120
-4.999006
-4.997735
4.995448
4.996667
-4.996198
-4.999016
-4.993189
-4.999291
-4.993543
4.997411
-4.997544
4.996720
4.998165
-4.997791
4.982452
-4.999003
-4.997709
4.997713
4.992364
4.997255
4.998838
-4.997706
4.996646
4.996615
4.997611
4.997433
4.997578
-4.996659
4.994719
4.997099
-4.997665
4.996818
4.997922
-4.995124
-4.994237
4.983014
4.997666
4.996552
-4.989811
-4.916729
-4.994222
-4.996516
4.997433
-4.995911
-4.993694
-4.996365
-4.997900
-4.997768
4.994999
-4.996381
4.998353
-4.998308
-4.998160
4.993445
4.997581
4.995288
4.997471
4.995669
-4.996988
4.999289
-4.998790
-4.991585
-4.995909
4.998887
4.998322
-4.998219
-4.996773
4.997475
-4.998397
4.996798
4.995617
4.997830
-4.994367
-4.993535
-4.998140
4.998868
4.997677
-4.995703
4.998297
4.997498
-4.997465
4.997628
-4.998161
4.996791
-4.997501
4.998922
4.997656
4.997808
4.997445
-4.997375
-4.999015
4.994570
-4.999020
-4.997804
4.998007
4.989677
4.997800
-4.994921
-4.996721
4.996807
4.998167
4.998598
4.998035
4.995908
-4.998074
4.996805
4.992643
4.998720
-4.992895
4.994856
4.998211
4.997324
-4.998735
-4.996788
-4.998048
-4.998407
-4.998629
4.998220
-4.996844
4.997846
-4.998437
4.998714
4.998001
-4.996808
-4.995539
4.998957
-4.995792
-4.997847
4.997348
-4.979258
-4.997263
4.994205
-4.992217
-4.998331
4.997339
-4.997658
-4.996530
4.995841
4.997786
4.996845
-4.997552
4.996538
-4.992047
-4.998947
4.995820
4.996753
4.997634
4.991601
4.999544
4.999011
-4.998770
4.995947
4.999047
-4.996387
-4.997694
4.997114
4.999109
4.994897
-4.994613
4.994916
-4.997962
-4.997775
-4.996869
4.997932
-4.996631
4.998838
4.996669
-4.998395
4.998094
4.994457
-4.993048
4.997178
4.997412
4.997681
-4.999032
4.993520
-4.998379
4.997487
-4.997810
4.997143
-4.996744
-4.998145
-4.998725
-4.996433
-4.991466
4.997508
4.992866
-4.997764
-4.998035
-4.997748
4.997777
-4.997489
4.996817
4.998998
-4.997609
4.997797
4.991927
4.994993
-4.997479
4.997985
-4.998522
-4.997280
4.997362
-4.997774
4.996828
-4.996448
-4.994404
-4.997325
4.999543
-4.983122
-4.995247
-4.992161
-4.997820
-4.997115
4.999017
4.997795
4.998024
4.997117
4.996055
4.996136
-4.996101
4.997283
-4.995345
4.998032
4.993193
-4.996602
-4.997168
-4.997614
4.993838
4.996926
-4.998857
4.998840
4.998396
-4.996559
4.995914
4.997561
4.995366
-4.997878
-4.997765
-4.998491
-4.993997
4.997315
-4.994888
-4.998060
4.997755
-4.994988
-4.999188
4.997728
4.998236
-4.998228
-4.998481
-4.997471
-4.997094
-4.995949
4.998376
-4.995548
-4.998149
4.997682
-4.993419
4.993820
4.996603
-4.997287
-4.998755
4.997229
-4.995433
4.998495
-4.998347
-4.993892
4.997375
-4.997688
-4.998670
4.998743
-4.997704
4.997211
4.998297
-4.999117
4.996114
4.995014
-4.996107
4.995717
-4.996111
4.997982
-4.994159
-4.993962
-4.997271
-4.994896
-4.996525
4.998399
-4.998577
4.997353
4.994996
-4.998445
-4.995430
-4.981671
-4.996645
-4.995623
-4.997520
-4.998294
4.996729
-4.998956
-4.996626
-4.995516
-4.996668
-4.997495
4.996874
-4.999543
-4.913842
-4.996594
4.995113
-4.996579
4.996066
-4.994162
4.996339
4.996350
4.993779
-4.997089
4.991599
4.991715
4.996616
-4.998779
4.999141
-4.996293
-4.998660
-4.974890
4.998187
4.997397
4.992896
4.995990
4.996729
4.996739
-4.978382
-4.995822
4.995714
-4.998812
4.996600
4.998197
-4.998363
4.996554
-4.997917
-4.998167
4.998477
-4.998200
4.996862
-4.996565
-4.997960
4.998470
-4.995609
-4.998168
-4.998921
4.999111
-4.998712
-4.994753
4.997964
4.998475
4.936616
4.998572
4.989276
-4.997594
-4.999101
4.991875
4.998422
4.996353
-4.998650
-4.997024
4.996404
-4.997253
4.997788
-4.996763
4.998464
4.997516
-4.997700
4.992343
4.997325
-4.996908
-4.996920
4.996541
-4.995974
-4.997001
-4.997475
-4.997808
4.997713
-4.998820
-4.990566
4.997765
-4.997565
-4.997749
4.996476
4.998507
-4.997504
4.997575
4.996355
4.990891
4.995827
4.995626
4.990852
4.997621
-4.998869
4.991556
-4.997722
4.984636
-4.998326
4.997849
-4.998061
-4.999054
4.998073
4.997942
-4.998275
-4.996221
4.994222
4.998459
-4.999544
4.998939
-4.992370
4.995153
-4.997476
-4.997956
-4.995969
4.994989
4.994745
-4.998451
-4.998329
4.998074
4.998169
4.996542
-4.997587
4.996295
-4.995525
4.997923
-4.996871
-4.998699
-1.980247
4.998189
-4.385399
-4.998054
-4.998595
4.999541
-4.998205
-4.992917
4.995732
4.997931
4.997740
4.990691
4.985390
-4.998427
-4.996529
4.996441
4.996837
4.987802
4.998006
-4.995591
4.996760
-4.997256
-4.998244
-4.995367
4.996694
4.999050
4.998814
-4.998149
4.996581
4.909238
-4.992623
4.998232
4.997155
4.996941
4.993977
4.998170
4.998759
-4.998294
-4.998365
-4.994621
4.997058
-4.996685
-4.998886
-4.997342
-4.996384
-4.994978
-4.997713
4.995946
-4.989798
-4.997757
4.997188
-4.998103
-4.996396
-4.996048
4.998667
4.996598
-4.990072
-4.955747
-4.996650
-4.997122
4.998761
-4.998172
-4.996913
4.998223
-4.996129
4.999544
-4.998465
4.993150
-4.998697
4.997671
4.988880
-4.996534
-4.994318
4.998394
4.990759
-4.986595
4.998847
4.996676
4.746562
-4.997695
4.995748
4.981908
4.997229
4.209672
-4.979011
4.997912
4.996063
-4.996607
4.973856
4.997637
-4.997669
-4.993488
4.991807
4.992189
4.996003
-4.996012
4.997971
-4.998019
-4.998623
4.997440
-4.997396
4.998720
4.997783
4.996574
4.995205
-4.996615
-4.997159
-4.997468
-4.998000
4.998640
-4.996775
-4.992868
4.996790
4.994407
4.998323
-4.997586
-4.996159
-4.998421
-4.992808
-4.993829
-4.997528
4.998732
4.997623
-4.999543
4.998199
-4.960367
4.996538
-4.998380
4.997508
-4.993205
-4.995436
-4.997231
-4.991843
-4.998417
4.998298
4.942347
4.998152
-4.999228
4.996269
-4.998011
-4.997769
-4.995961
4.997640
-4.993264
4.998671
4.994959
-4.997576
4.996619
-4.997594
-4.998542
-4.997417
4.995620
-4.991060
4.975001
4.997963
-4.996551
4.998981
4.998090
-4.995780
-4.997075
4.996834
4.994121
-4.996901
-4.998649
-4.992749
4.998395
4.998969
4.998051
-4.998298
4.996608
4.997363
-4.998534
-4.998105
-4.998079
-4.998174
4.998684
-4.997107
-4.997756
4.997814
-4.998560
-4.997081
4.995969
-4.996242
-4.992966
4.995108
-4.997948
-4.995359
4.996376
4.997788
4.996637
4.998175
-4.998426
-4.997427
-4.996631
4.999116
4.997882
-4.996958
-4.998677
-4.995918
-4.998150
4.990288
4.998405
-4.997793
-4.995850
-4.996182
4.997496
-4.991440
-4.998286
-4.998344
-4.997529
-4.997181
-4.998187
-4.998530
4.993796
-4.998482
4.997199
-4.998713
-4.995310
-4.997466
4.996685
-4.997419
-4.992019
4.998951
-4.997946
4.997903
-4.994947
4.997780
-4.996065
-4.995516
-4.998198
-4.997435
-4.998970
4.996586
-4.996069
4.993188
4.997587
4.998849
4.997198
-4.998569
4.996707
-4.990401
4.997960
-4.997472
-4.997113
4.997387
-4.996099
4.996078
-4.995814
4.999059
-4.997287
-4.996877
-4.997796
4.992171
4.996305
4.995422
4.999544
4.997773
-4.996771
-4.993962
-4.997831
4.998174
4.994058
4.996700
-4.997379
-4.996683
4.996797
4.994493
4.997246
-4.997206
-4.998410
-4.998354
-4.998713
-4.997650
-4.889026
-4.998870
4.996825
4.981837
4.996587
4.999543
4.987933
-4.998117
-4.999543
-4.996612
-4.997115
4.999088
-4.998938
-4.994701
-4.995957
-4.998529
-4.998516
-3.793827
-4.997956
-4.996461
-1.173387
-4.998705
4.994996
-4.995756
4.995810
-4.997823
-4.997641
-4.998171
4.997646
4.994235
-4.997894
-4.997102
4.997929
4.997953
4.995813
4.998828
4.997499
4.998314
4.981867
4.992344
4.998185
-4.985195
-4.993534
4.998165
-4.994734
4.996642
-4.998956
-4.996595
4.999180
-4.997115
-4.997374
4.991780
4.996752
4.994920
-4.998349
-4.998600
-4.995979
-4.995855
4.762680
4.997507
-4.995679
-4.991831
-4.995298
4.998905
-4.994407
-4.998647
-4.999133
-4.996683
-4.997348
-4.998063
4.996878
-4.997255
-4.997784
-4.998080
4.999088
4.995122
-4.999544
4.957725
-4.994010
4.996763
-4.995084
-4.998374
4.996966
-4.997484
4.997890
-4.997206
4.996499
4.991504
-4.953681
4.995067
-4.998113
4.998265
4.998050
-4.997301
-4.998124
4.997541
-4.997844
4.999543
4.971650
4.995301
-4.997125
4.997469
-4.996602
-4.993003
-4.997520
-4.997889
4.996551
4.998115
-4.665100
-4.995114
4.997398
4.998603
4.996329
4.996964
-4.647579
4.995576
4.966051
4.996601
4.996625
-4.998772
-4.997668
4.995251
-4.998927
-4.999153
-4.997356
4.998672
4.997323
4.987314
4.998758
-4.998655
4.995479
-4.995721
4.998260
-4.995072
4.997329
-4.994869
4.998285
-4.997299
4.996878
4.997939
-4.998984
4.997922
4.991740
4.996768
-4.998649
-4.997870
-4.953971
4.998263
-4.995753
4.997540
4.998388
4.997328
-4.996818
4.997587
4.997232
-4.998297
-4.997213
4.998120
4.998611
-4.998995
4.996012
-4.996912
4.259140
-4.998285
4.996778
4.997244
-4.996636
4.990854
-4.998441
-4.996924
-4.995330
4.998809
4.998765
-4.998409
-4.993888
-4.997527
4.998572
4.998198
-4.997162
4.997520
-4.993497
-3.461259
-4.997136
-4.996775
4.996305
4.997994
4.998525
-4.998442
4.998188
4.997387
4.997408
-4.993094
4.997559
-4.998173
-4.996052
-4.998142
4.998606
-4.997313
4.998511
4.990052
4.998063
-4.995900
4.987305
-4.997536
0.812506
4.997937
-4.994847
-4.996673
-4.998793
4.998711
-4.998124
4.998897
4.989494
4.998498
-4.996698
-4.998416
-4.989812
4.998821
-4.998091
-4.996101
-4.995392
-4.998087
-4.997543
-4.998519
4.998717
-4.994946
-4.972844
-4.999108
-4.995255
-4.997987
4.998365
4.992258
-4.960043
-4.995274
4.998802
4.993992
4.997880
4.995925
4.998445
4.989624
4.997197
-4.996813
4.998301
4.998826
-4.998181
-4.994423
4.997275
-4.996117
4.995700
4.997517
-4.996867
-4.997354
-4.997790
-4.997482
4.997323
4.996959
4.992147
-4.998295
4.997738
4.997172
-4.997101
2.411610
-4.989087
4.993987
-4.996421
4.998589
4.997214
4.998180
-4.997482
4.994414
-4.997263
-4.996850
-4.997218
4.998590
4.998084
4.996766
4.986999
4.997626
4.998308
-4.995400
4.997656
4.997409
4.990533
-4.997825
4.997195
3.396727
4.996704
-4.998569
-4.998134
4.996835
-4.997584
-4.994909
4.905511
4.996580
-4.996540
4.997007
-4.997514
-4.998532
4.996463
4.999134
4.996814
-4.997628
-4.997982
-4.997940
-4.996928
-4.995247
-4.993900
4.997768
4.996567
-4.998139
-4.990476
4.994608
4.997303
4.997783
-4.999543
4.995950
4.997088
-4.992719
-4.997362
4.993679
4.997493
4.996061
-4.996398
-4.995542
4.998189
4.999083
4.998403
-4.999544
-4.997361
-4.996458
-4.997284
-4.998675
4.996950
4.999002
-4.996638
-4.998136
4.998060
-4.635688
4.996949
-4.998129
-4.997462
4.997146
-4.996708
4.995502
4.999541
-4.997716
4.997323
-4.997373
4.997765
-4.998512
4.987561
-4.964116
-4.998479
4.997724
-4.998257
4.996692
-4.998635
-4.993560
4.998567
4.991606
4.998004
4.998922
-4.992536
-4.991589
-4.998550
4.997662
-4.995882
-4.996544
4.995089
4.997116
-4.996443
4.999058
-4.961106
4.997526
-4.998595
-4.998307
4.995056
-4.996457
-4.994643
4.983990
-4.998930
-4.996872
4.996794
-4.996485
4.997230
4.982945
4.998888
-4.993060
4.997136
4.999540
-4.997239
-4.994868
-4.990123
-4.996092
-4.996381
4.999543
4.995864
4.997994
-4.998579
-4.998442
4.998978
-4.990666
4.998703
4.998279
4.998731
-4.997454
-4.992406
4.997148
-4.998941
4.999011
-4.996846
4.993984
-4.998153
4.903355
-4.998366
4.998493
-4.997912
-4.995291
4.997588
-4.941587
-4.998014
-4.995112
4.982147
4.992050
-4.996891
4.993431
-4.998761
-4.997942
-4.995991
4.997197
4.997731
4.998348
-4.997812
-4.998648
-4.995753
-4.992347
-4.999051
-4.997709
4.992824
4.995512
4.997775
-4.999060
4.998133
-4.995629
4.996474
4.997341
-4.997534
-4.998785
-4.996454
4.997664
4.996386
4.995825
-4.995683
4.997523
-4.996973
4.993050
4.998379
4.998409
4.971827
4.998697
4.995022
4.997331
4.996715
4.996180
-4.998098
4.997351
4.995863
4.997960
4.998084
-4.992344
4.998569
-4.999544
-4.998044
-4.999040
4.993468
-4.997608
4.999112
4.668911
-3.057518
-4.997926
4.996558
-4.997848
4.994338
-4.997497
-4.996824
4.999091
-4.997523
-4.996738
4.996691
4.988278
-4.994545
-4.998730
-4.993835
-4.997265
-4.999066
-4.995244
4.999019
4.999077
4.995972
-4.997831
4.995442
-4.997727
4.998629
-4.996548
-4.996396
-4.995481
-4.998823
-4.995206
4.997211
-4.993793
-4.989053
4.991249
-4.998635
4.995585
-4.997638
4.997087
4.993416
-4.998041
4.996173
-4.998521
-4.997897
4.998480
-4.997570
4.998136
4.996533
4.996375
4.998571
-4.998205
-4.997194
4.998283
-4.990238
4.995931
-4.995417
-4.998120
-4.997594
-3.641947
4.998630
-4.997209
-4.997882
-4.988083
-4.995542
-4.996503
-4.998133
-4.992073
-4.997601
4.980253
4.998087
-4.997769
-4.996963
4.996726
4.996766
-4.997333
-4.997866
4.994992
4.996675
-4.996286
-4.996051
-4.996704
4.997419
4.997059
4.998137
-4.996613
-4.993992
4.998867
4.998881
-4.996344
-4.996954
4.997600
-4.998247
4.995019
4.999083
4.992450
-4.997104
4.995836
4.998014
-4.061067
4.997060
-4.998589
4.996090
4.997722
4.991879
-4.998846
-4.996647
-4.998134
-4.998298
-4.993275
-4.998589
4.998989
4.998633
-4.997182
4.996529
4.803552
4.995784
4.909960
-4.995774
4.998277
-4.995542
4.997114
4.998091
4.996237
4.995680
-4.998299
4.998005
4.998223
-4.998478
4.997772
-4.998035
-4.998358
4.993828
-4.999132
4.998474
4.991303
4.991329
3.875806
-4.995878
4.997133
4.997818
-4.998483
4.995407
4.997266
-4.997942
-4.997784
4.998022
4.997888
4.997584
-4.996773
4.997904
-4.998265
-4.996291
4.996194
-4.993507
4.997543
4.998502
4.997681
4.998514
-4.997928
4.991379
-4.985749
-4.995016
-4.996964
4.998207
4.997224
-4.997724
-4.997346
-4.998937
4.996960
-4.991307
4.997607
-4.997386
-4.998163
-4.997374
-4.997925
4.996497
4.997882
4.991910
-4.997614
4.996690
-4.997502
4.996082
4.996272
-4.998160
-4.998218
-4.994357
4.856153
4.997293
4.997382
-4.995575
-4.996291
4.997937
-4.993915
4.995236
4.997237
4.995867
-4.986385
4.996617
-4.997190
4.998985
-4.997516
4.995878
-4.993439
-4.996734
-4.998679
-4.996760
4.998372
-4.997855
-4.997786
-4.997831
-4.997181
4.995680
-4.996653
-4.997445
4.991012
-4.997391
-4.998195
-4.998267
4.994820
-3.442151
4.997693
-4.996693
4.996033
4.997032
4.995524
4.997596
-4.985310
-4.998716
4.998204
4.995160
4.998371
4.995165
4.998594
4.994502
3.816321
-4.998550
4.996658
-4.997960
4.998243
-4.997561
-4.996431
4.998022
-4.996628
4.997609
4.999544
-4.997308
-4.998559
4.997302
4.998485
-4.997593
4.992889
4.996737
-4.997523
4.979222
-4.989375
-4.996723
4.996034
-4.998763
4.996507
4.997735
-4.992067
4.996554
4.996317
-4.996791
-4.998734
4.997858
-4.996597
4.997901
-4.995291
4.973455
4.997729
4.996615
4.997320
4.996795
-4.997468
-4.997866
4.859187
-4.998060
4.996037
-4.997436
4.852128
-4.998056
-4.998237
4.996347
-4.995945
-4.993138
-4.994277
4.996012
-4.989857
4.995626
-4.997746
4.998328
4.997005
-4.996682
4.996307
-4.998695
-4.998045
4.997398
-4.988968
-4.998668
4.998309
4.996786
4.996499
4.995807
4.996876
4.997678
-4.997487
-4.997651
-4.996615
-4.998315
-4.998180
4.992258
-4.998160
4.997390
4.991956
-4.998241
-4.988529
4.994796
-4.998516
4.997904
-4.998029
4.987550
4.994862
4.997788
4.998895
4.997833
-4.994033
-4.998392
4.995607
-4.998592
-4.997631
4.996642
-4.998306
4.994923
4.997486
-4.992743
4.995859
4.995775
4.996753
-4.995428
4.998384
-4.993767
4.997662
-4.995788
-4.996051
4.995928
4.971504
-4.997127
4.998026
-4.997712
4.998807
4.997009
-4.997297
-4.997822
4.995149
-4.999013
-4.988756
4.997988
-4.998448
4.994329
4.997828
-4.997885
4.995147
4.993204
-4.995728
-4.995489
4.997447
4.997138
-4.997676
-4.995732
-4.998415
-4.958296
-4.995668
-4.997105
4.996766
-4.997100
4.998784
4.997794
-4.998375
-4.996981
-4.997743
4.996068
4.994967
4.996707
-4.997788
4.993468
4.993483
-4.995130
4.997879
-4.995557
4.997268
-4.996128
-4.997543
-4.996806
-4.998444
-4.997089
-4.996644
4.998555
4.991102
4.994569
4.990871
-4.998919
-4.998618
4.995767
-4.997448
4.998421
4.997647
4.995256
-4.450475
-4.997062
4.998248
4.994098
-4.997445
-4.998475
4.997322
-4.997385
-4.997243
-4.999542
4.995897
-4.998403
4.992661
-4.997639
-4.998029
4.997531
4.996926
-4.996016
-4.995963
-4.995531
4.997258
-4.943249
4.997906
-4.997914
4.995105
-4.998567
-4.997158
-4.998363
4.998118
4.997638
-4.997835
-4.998171
4.991841
-4.994536
4.997348
-4.997639
-4.997902
-4.998936
4.998764
4.996252
4.998340
4.989522
4.994792
4.996677
-4.999204
4.995137
-4.980952
-4.998843
-4.998525
-4.998972
-4.997311
-4.997188
-4.997362
-4.997458
-4.998254
-4.998160
4.994458
4.993325
-4.996860
-1.307357
4.995909
4.996827
-4.996811
-4.990825
-4.991690
-4.998086
4.997822
-4.998395
-4.997756
-4.995642
-4.993851
4.998037
-4.997966
-4.999544
4.996353
4.996149
4.995107
4.861083
-4.997841
-4.996729
4.996569
4.996306
-4.994244
-4.990185
-4.998197
4.998389
-4.995653
4.997280
-4.997226
-4.998364
-4.997910
-4.995975
-4.996541
4.996562
-4.998574
4.997301
-4.996679
4.997340
-4.993518
4.255610
4.996914
-4.996843
-4.998567
4.946479
4.998797
4.999543
4.989625
4.997196
4.974991
-4.990298
-4.996922
4.998378
-4.998256
4.997396
-4.995888
4.995736
-4.998401
-4.997995
-4.997647
-4.994362
4.995977
-4.998425
4.995712
-4.998813
-4.927807
-4.997460
4.996454
4.997840
-4.997617
-4.997552
4.997793
4.994464
-4.997493
4.998526
-4.997252
4.998688
-4.994576
4.999543
-4.997726
-4.997244
4.995291
4.997801
4.995031
-4.998212
4.998756
-4.998049
4.993945
4.997837
-4.991407
-4.993131
4.996054
4.994637
4.996377
4.981441
-4.997548
4.998138
4.997584
4.995815
-4.994007
-4.996822
4.997691
-4.996608
-4.996537
4.996819
4.996785
-4.996631
4.998141
-4.985682
4.996659
4.996117
-4.996585
4.998965
4.998487
4.999155
4.984056
4.995536
-4.995736
4.997631
-4.998703
-4.998374
-4.978467
-4.991742
-4.997824
-4.998790
4.998091
-4.978611
-4.996588
4.998154
-4.998760
-4.996081
-4.997180
4.998161
-4.998232
4.997938
4.999543
-4.996780
4.998785
-4.998212
4.904747
4.993321
4.996392
4.998551
-4.996758
4.997980
4.998280
4.996807
-4.993091
4.966622
-4.997177
-4.996031
-4.998903
4.998240
-2.401107
4.998452
-4.994333
4.997231
4.996083
-4.999098
4.996660
4.999153
4.969669
4.996970
4.998950
4.996541
-4.993252
-4.998392
4.996901
-4.996160
4.998547
-4.995502
-4.998158
-4.996703
-4.995635
-4.997189
4.995204
-4.989136
4.998332
-4.993700
4.998265
-4.997757
-4.997138
-4.997948
-4.997753
-4.998432
4.998200
-4.997707
4.997912
-4.998304
-4.997512
-4.998330
-4.993623
4.995157
-4.998767
-4.998296
-4.998468
-4.997444
-4.997141
-4.997745
4.999002
-4.997071
4.996432
4.999162
-4.997470
-4.963402
4.977453
4.997200
4.989767
4.523506
4.996669
4.997681
-4.998796
4.994585
-4.984821
4.997152
-4.991209
4.998101
-4.998185
4.996533
-4.998404
4.998474
4.996749
4.995363
-4.998458
-4.997365
-4.998033
-4.998060
-4.996989
4.997562
4.993362
4.997565
4.994949
-4.995923
4.993536
4.998200
4.994475
4.988949
-4.998392
4.997461
4.996085
-4.998008
4.981761
-4.998060
4.994276
-4.996597
4.995474
-4.996896
4.997579
4.994658
-4.995017
-4.997350
-4.997433
4.998284
-4.995813
4.997732
4.996693
4.996819
-4.996701
-4.999254
4.997161
4.997708
-4.998105
-4.997807
4.997764
4.997885
-4.998708
-4.998466
4.998210
4.997846
4.991922
-4.997697
-4.998928
-4.998188
4.997062
4.998330
-4.997730
4.998550
4.991428
-4.997632
4.997248
4.996652
-4.998347
4.996773
-4.997664
-4.992706
4.997561
4.997807
-4.997736
4.992655
4.998397
-4.997592
-4.995096
4.997282
-4.997873
-4.991448
4.997698
4.997744
4.996521
-4.997886
-4.998041
4.997455
-4.991868
-4.997857
-4.996717
-4.995656
-4.998690
-4.997563
-4.999246
4.945802
-4.998645
4.996477
4.997954
4.997468
4.991478
4.998458
4.995115
4.997956
4.998818
-4.996923
-4.992562
4.998542
-4.991458
4.976569
4.996771
4.997585
4.996519
4.998051
-4.998784
-4.996793
-4.997428
-4.998680
-4.997205
4.999063
-4.998581
-4.997561
4.997983
4.997945
-4.997926
4.997596
4.997181
4.997908
-4.993427
-4.998440
-4.997916
-4.996559
4.997969
-4.996672
-4.993771
-4.995152
4.996521
4.997722
4.999210
-4.996718
4.982352
4.936967
4.997734
-4.997684
-4.997426
-4.995087
4.980295
-4.996997
-4.997433
-4.998250
-4.998363
-4.994057
-4.997510
-4.998241
4.999153
4.997339
4.998724
4.998446
4.998283
4.996425
-4.991318
-4.997310
-4.998550
-4.997796
4.998841
4.987862
4.987866
-4.996743
4.996649
4.997143
4.993773
4.998366
4.996693
4.994465
4.998971
4.996470
-4.995644
-4.996248
4.999070
4.997389
4.994968
4.993335
4.994643
-4.998533
3.893965
-4.988039
4.996486
4.999120
4.998045
-4.991095
-4.997739
-4.997907
-4.998750
-4.996606
-4.930347
-4.998452
-4.997128
-4.997934
-4.997825
-4.998227
-4.998270
4.992311
-4.991735
-4.998831
4.994471
-4.997624
4.994488
-4.996716
-4.998226
4.997222
4.998030
4.997462
-4.998099
-4.995473
4.996611
-4.997651
4.994420
-4.997742
-4.996812
4.990316
4.996793
4.998168
4.995938
4.995922
4.999543
4.997446
-4.999032
-4.997859
-4.997555
-4.996735
-4.998369
4.998359
4.980739
4.995432
4.996068
4.998037
4.985538
-4.998613
4.998141
-4.994130
-4.997753
-4.995603
-4.989078
4.998531
4.998142
4.997059
4.998386
4.994419
-4.995013
4.996783
-4.995422
-4.996742
4.996639
4.997716
-4.998110
4.997710
-4.997676
-4.996188
-4.997345
4.995696
4.997859
-4.999043
-4.992547
4.997707
-4.995852
4.999246
4.996929
-4.994926
4.997423
-4.996554
4.997651
4.999219
4.998475
4.997158
-4.997579
-4.995587
4.996615
4.997059
4.998383
-4.996643
-4.994968
-4.998995
4.996422
-4.997120
4.995987
-4.998302
4.997748
4.989426
4.996158
4.995554
-4.994334
4.998949
-4.995463
4.996374
4.995837
4.997953
4.986480
4.997900
4.997972
-4.995352
-4.998753
4.996361
4.998110
-4.998398
4.992752
4.998492
-4.995710
-4.997107
4.996721
4.994789
4.997200
-4.999074
4.998358
-4.995975
4.995381
-4.996714
-4.996328
-4.997847
-4.995276
4.992900
-4.729497
-4.995634
-4.997606
-4.997080
4.997284
4.996691
-4.997235
-4.233273
4.991288
-4.997721
-4.996770
4.998920
-4.987843
4.883559
-4.995289
4.995384
4.996266
4.996343
4.993653
-4.998640
-4.995884
-4.998441
4.995311
-4.997852
-4.998905
4.981544
4.997307
4.999221
-4.998290
-4.941065
4.995193
-4.996030
4.997651
4.997996
4.997097
4.997480
-4.994962
-4.996873
4.998739
4.997903
4.997561
-4.999005
4.998667
-4.998416
4.996709
4.994219
-4.996720
-4.996715
4.990920
4.996616
-4.995958
4.998686
-4.997125
-4.997970
4.990674
4.998347
-4.996626
4.997644
4.994890
4.996548
-4.998215
-4.997755
4.997136
4.998061
4.992049
-4.992998
-4.995931
4.997883
-4.999544
4.998256
-4.998980
-4.999230
4.998507
4.998348
4.998179
-4.996873
-4.998954
4.998552
4.995991
4.999007
-4.995803
-4.997638
4.998170
4.997259
-4.997302
-4.998845
4.996970
4.998266
-4.998464
-4.992772
4.997873
-4.996627
4.997743
4.995733
-4.998208
4.996767
-4.997696
-4.996919
4.996762
-4.998929
-4.996909
4.997415
-4.998223
-4.998850
-4.998980
4.997112
4.998043
4.997218
-4.998439
-4.993632
-4.998400
-4.998259
4.997672
4.980755
-4.997767
-4.914906
4.996280
4.997622
-4.997239
4.965886
4.997668
4.993978
-4.995609
4.989831
-4.998066
-4.996393
