5.000000	1.200000	50	0.100000	ARCHIVOS_REDES\ER\ER_694.txt
-0.109302	4.976632
-4.993535
-4.995493
4.997566
-4.997447
-4.997778
4.997632
4.996406
4.997692
-4.992229
-4.997569
4.997887
-4.835379
4.997204
-4.998358
4.995442
-4.998024
-4.998059
4.971837
4.998488
4.997445
4.996703
-4.994152
-4.994428
-4.998171
-4.998224
-4.997137
-4.992944
-4.996804
-4.996674
-4.997649
-4.996343
-4.997187
4.998365
4.998622
-4.997776
4.998795
-4.961101
4.993004
4.977898
4.992620
-4.965257
4.996865
-4.998730
4.996497
-4.996609
4.994552
-4.998217
-4.998176
4.997487
4.997414
4.994190
-4.998343
4.997412
4.697286
4.990725
-4.997540
-4.996163
-4.997817
-4.997707
4.997539
4.995395
4.997578
-4.997145
-4.998131
-4.997000
4.992888
-4.997729
-4.997305
-4.993890
4.991017
4.996525
4.993931
-4.998811
4.998077
-4.994307
4.997809
4.997386
4.998861
-4.996014
-4.997948
4.997930
-4.996358
4.997756
4.994554
4.997898
4.998009
4.995606
4.997051
4.998870
-4.997261
-4.994954
-4.993974
4.996901
-4.997793
-4.997897
-4.994611
-4.982965
-4.998737
4.999266
-4.998115
4.996768
4.997221
4.998143
4.998562
-4.997655
4.997820
4.996191
4.999195
4.998270
-4.993946
4.996549
-4.998296
-4.996006
4.996711
-4.998972
4.980961
4.998024
4.998302
4.997402
-4.996986
-4.997975
-4.993314
-4.998468
4.996274
-4.998129
4.997971
4.995469
-4.997472
4.998497
-4.997869
-4.996057
4.983872
4.996344
-4.997605
4.997721
-4.996371
4.989276
4.996422
-4.993645
-4.998062
-4.994327
-4.995343
-4.997608
4.992454
-4.998429
-4.995181
-4.987271
-4.994633
4.997734
-4.996498
4.998599
4.995993
4.996482
-4.997813
4.998142
4.995857
-4.997026
4.993783
-4.997106
-4.997735
-4.998134
-4.995726
-4.997353
4.996675
4.998384
-4.998234
-4.997605
-4.980224
-4.995176
4.995047
-4.996876
-4.418368
-4.060078
4.997198
-4.996309
-4.994744
-4.996272
4.995361
-4.997331
4.993999
-4.994837
4.998792
-4.997347
4.994358
-4.997862
-4.993933
4.997653
4.995805
4.998117
-4.996222
-4.995849
-4.998827
4.998401
4.995537
4.992758
4.999020
-4.998159
4.994325
4.999542
4.997900
-4.998392
4.981191
-4.998677
4.998608
4.993682
4.998018
-4.997662
4.998163
4.997337
-4.998140
-4.993996
-4.998344
4.996151
-4.994447
-4.997271
4.997478
-4.997311
4.997539
-4.998242
-4.997881
-4.994786
4.998420
-4.998113
4.998418
4.719016
4.989982
4.994183
4.998490
-4.998807
4.996534
4.997792
4.999056
-4.995912
-4.998371
4.996354
-4.997937
4.997499
-4.997447
4.996565
4.998846
4.999123
4.997842
-4.995071
4.997198
4.997936
4.998712
-4.998417
4.997671
-4.996487
4.995324
4.998198
4.993649
4.994714
4.997529
-4.997456
-4.998771
4.996679
4.999542
4.996503
4.997746
4.998863
4.995186
-4.995041
-4.998302
-4.999130
-4.996660
-4.997487
4.996623
4.997216
-4.997671
-4.993903
-4.997934
4.997579
-4.982658
4.997678
-4.999059
-4.997762
-4.993972
-4.993423
4.997159
-4.997843
4.999149
4.998984
-4.999019
4.987823
4.995657
-4.996174
4.995251
4.997199
4.984340
-4.997375
-4.991864
-4.999125
4.999001
4.996627
-4.994887
4.997007
-4.999128
-4.997974
-4.996977
4.995013
4.991349
-4.996718
-4.998705
4.998534
4.997961
-4.998687
-4.979133
4.996606
4.998159
4.997314
-4.993936
-4.996718
-4.996777
4.997787
-4.996944
-4.996207
-4.994280
4.948409
4.998491
4.996680
-4.995693
-4.998930
-4.997597
4.996641
4.998417
4.997778
4.996487
4.991435
-4.997892
-4.997296
-4.998823
4.993784
4.997043
4.999543
-4.995560
4.997958
4.994680
4.991530
4.997117
4.998689
-4.998386
4.991971
-4.998356
4.996595
4.993619
-4.998300
4.998761
-4.997255
4.995337
4.997537
4.994861
4.996352
4.997071
-4.992630
-4.995906
-4.996035
-4.997735
4.985042
-4.996745
-4.997941
4.997363
4.998511
4.996571
-4.997673
4.996826
4.997134
-4.997965
-4.996310
-4.997077
-4.997856
-4.997081
4.997477
4.997914
4.997994
-4.994997
4.996766
-4.766695
4.996586
4.997983
4.997397
4.998092
-4.997338
4.994914
-4.998021
4.996753
4.997724
4.997548
-4.997801
-4.997155
4.989213
4.997177
-4.998610
-4.998051
4.998116
-4.997723
4.995873
4.996389
4.994392
4.998029
4.997895
4.993114
4.997742
-4.997635
-4.997825
4.997634
-4.997306
4.999130
4.997531
-4.988346
-4.996712
4.996577
4.997518
4.996363
4.996484
4.995065
-4.997981
-4.994382
-4.998608
4.997158
-4.997582
-4.997443
-4.997528
-4.998344
-4.998722
4.982929
4.998311
4.996949
-4.997669
-4.999047
4.997227
4.998705
-4.996615
-4.997210
4.998673
-4.998553
-4.997518
-4.996455
4.997429
-4.989333
-4.998685
4.997875
-4.917447
4.996176
4.893102
4.997565
-4.997795
4.996319
4.997670
4.997135
-4.998761
4.997459
4.998071
4.996450
4.967683
-4.997395
4.997884
4.997603
-4.991248
-4.991895
-4.998355
-4.989705
-4.996893
-4.997876
-4.996949
-4.997792
4.997306
-4.997601
-4.997423
4.998030
4.996873
4.986079
4.996071
-4.997497
4.996313
4.998154
-4.998140
4.999197
-4.999105
-4.998403
-4.996885
4.996422
-4.996605
-4.998362
4.996785
4.998072
4.998180
4.986697
-4.997797
-4.998048
-4.998072
-4.995823
-4.998281
-4.996106
-4.997236
-4.998252
4.996771
4.998805
-4.997102
4.996093
4.994365
-4.998830
-4.999055
4.987990
4.998648
-4.995718
4.989142
-4.997857
4.998866
-4.998107
-4.998765
4.996786
-4.998676
-4.997902
-4.997336
4.998636
-4.994392
4.997718
-4.997388
-4.997160
4.999540
-4.998300
4.999539
-4.992005
4.998930
4.996651
-4.998254
4.997113
-4.996891
4.998900
4.999205
-4.998094
-4.996741
4.995678
-4.996670
-4.995807
-4.997098
-4.997745
-4.994905
-4.998723
4.997304
4.995852
4.996727
-4.995970
4.995274
4.998153
4.904944
4.995458
4.997410
4.997176
4.997864
4.995829
-4.999541
-4.997990
-4.996725
-4.996642
4.997545
-4.994926
4.997626
-4.995955
4.989930
4.998396
4.997930
4.998036
4.998444
-4.961720
-4.998793
0.365533
4.991129
-4.996144
4.999150
-4.995046
4.995378
4.996163
-4.997786
4.997121
4.996063
-4.998642
-4.997890
-4.995397
-4.901024
4.997715
4.996970
-4.997451
4.998976
4.998195
4.994577
4.996789
-4.754672
4.997383
-4.999523
-4.996547
4.996075
-4.995837
4.997080
4.997823
-4.997475
-4.998724
-4.998887
-4.998960
-4.999140
4.998874
4.998127
-4.998557
-4.997933
4.998590
-4.998292
4.996701
4.996484
-4.998651
-4.997875
-4.996469
4.998300
-4.995867
4.994905
-4.993989
4.997039
-4.997507
4.997406
4.998214
-4.998168
-4.996507
-4.997725
-4.979567
4.998211
-4.996568
4.998045
-4.997279
-4.990350
-4.998042
-4.995570
-4.992766
4.997934
4.964991
-4.997310
4.995711
-4.998120
4.455758
4.996432
4.996561
4.997645
-4.997217
-4.999542
4.997762
4.889317
4.997113
4.997322
4.998519
-4.996454
4.997078
4.995168
4.997864
-4.991600
-4.994297
-4.979927
4.997823
-4.995725
4.997383
4.998259
-4.998204
-4.998612
-4.995254
-4.997923
-4.949010
4.994387
-4.997879
4.990003
-4.997754
-4.997050
-4.998215
-4.997346
-4.998169
-4.997628
4.993801
4.997722
4.996781
4.992448
4.991066
-4.997744
4.998172
-4.997917
4.995379
4.705883
-4.996900
4.997180
4.997163
-4.995854
-4.998455
-4.993591
-4.996252
-4.985669
4.996922
-4.997430
4.998150
-4.998615
4.995637
-4.998056
4.942635
-4.995599
4.995615
4.996665
4.984466
4.997196
-4.997622
4.997824
4.986660
-4.997057
-4.997860
-4.998133
-4.997943
-4.999541
4.998615
-4.998775
4.995734
4.996611
4.997600
-4.997953
4.994936
4.996658
-4.997069
-4.762647
-4.998465
-4.996141
-4.993197
4.998373
-4.998811
-4.998685
4.998555
4.997600
4.996571
4.998209
4.997115
-4.998635
-4.996777
4.998443
4.997633
-4.996683
-4.996493
-4.996394
-4.998617
4.998236
-4.990858
4.997108
-4.997082
4.998419
-4.997818
4.996513
4.997332
-4.998088
4.997465
4.997766
4.998215
4.994554
-4.998485
-4.998020
4.997045
4.996512
-4.996640
4.995548
-4.997046
-4.999543
-4.998448
-4.995894
-4.992108
-4.993162
4.994608
-4.997971
4.995249
-4.998388
4.994106
-4.995344
4.996837
-4.997598
-4.997046
-4.996124
4.996444
-4.996175
-4.998319
-4.996155
-4.998337
-4.991614
-4.998595
4.996446
-4.997362
4.998234
-4.997674
4.989559
-4.997983
4.995432
-4.994985
4.998830
4.997823
4.984991
4.996495
-4.997666
-4.995830
4.993611
-4.990333
4.995770
4.990708
-4.998662
-4.966383
-4.997967
-4.995573
4.996702
-4.998106
4.997431
4.994415
-4.994638
4.998202
-4.998956
-4.998218
4.995459
-4.996123
-4.991049
4.995563
4.999063
4.997648
-4.997843
-4.997344
-4.999487
-4.994519
4.998472
4.996588
-4.995480
4.996866
4.993530
4.997659
4.987713
-4.997405
-4.994705
-4.998320
-4.998174
4.997074
4.998223
4.995955
-4.998358
-4.997546
4.998057
-4.993479
4.999543
-4.996865
-4.998748
4.995128
4.997485
-4.998100
4.998498
4.995302
4.997924
4.996059
-4.997671
-4.999177
4.996725
4.993176
-4.996594
-4.998921
-4.996578
-4.995228
-4.998578
4.997887
-3.938432
4.998030
4.997498
-4.998383
-4.998331
4.998141
4.997469
-4.902134
4.998608
-4.997601
4.997213
-4.998751
-4.996350
4.994540
4.996534
-4.992751
-4.995578
4.997245
4.997961
4.989966
4.997451
4.997299
4.940700
4.996739
4.997108
-4.989456
4.995354
4.988013
4.997963
-4.998876
4.994479
-4.998288
-4.996981
-4.997518
-4.998529
4.994646
-4.992445
4.996626
-4.997391
-4.998184
4.998788
4.998223
-4.995697
-4.997609
4.996629
-4.996990
-4.998162
4.997954
-4.997958
-4.996826
4.997055
4.993111
-4.998222
-4.998192
-4.995298
-4.994475
4.999543
4.996495
4.996751
-4.998798
-4.996244
-4.998678
-4.995206
4.939796
4.998353
4.998622
4.996751
-4.996825
-4.996647
-4.998173
-4.957254
4.996600
4.997722
-4.995798
4.976832
-4.810292
-4.996337
4.996769
4.994027
4.997437
4.998252
-4.997572
4.996093
-4.998169
-4.999161
-4.994914
-4.988151
4.997166
4.997500
4.998673
-4.991332
-4.997768
4.993267
4.982293
4.998965
-4.998316
-4.997039
4.996883
-4.998563
-4.993344
4.993065
4.963308
-4.993879
-4.998786
-4.996916
4.997673
-4.998367
-4.997868
-4.997019
-4.997722
-4.997760
4.997033
4.997524
-4.993199
-4.998364
4.997932
-4.996656
-4.998621
4.994890
-4.998706
-4.988483
-4.992264
4.974631
4.997270
4.994922
-4.994156
4.999103
-4.998002
-4.997606
4.996738
4.347300
4.997645
4.998007
4.998117
4.371065
4.983340
4.998015
4.995079
-4.996993
-4.996705
4.958370
-4.997814
-4.992066
-4.998747
4.870091
-4.998584
-4.998385
4.998959
4.993384
-4.997117
-4.997946
-4.994521
-4.998482
4.989091
-4.989543
-4.994484
4.998689
-4.996657
4.997210
-4.998365
4.996641
4.997018
-4.999100
-4.998040
4.996170
-4.998370
4.998218
-4.994042
4.998811
4.997966
-4.995678
4.992072
4.995402
4.998133
4.997399
4.997881
-4.997894
4.995692
-4.996993
-4.993522
4.995724
-4.999308
4.998247
-4.998311
4.997351
-4.996903
-4.996847
-4.998106
4.996794
-4.996830
4.999070
4.968924
4.997542
-4.997486
-4.991319
4.995760
-4.998475
-4.996715
-4.997405
4.995656
4.998447
-4.998545
4.998533
-4.998032
4.998111
-4.998475
-4.995469
-4.996867
-4.996511
-4.995295
4.998005
4.997693
-4.992016
4.998116
4.991517
4.996413
-4.998539
4.991587
-4.983721
-4.996739
4.996777
-4.997672
4.996761
-4.998070
-4.994489
4.951939
4.997635
4.996758
4.997554
4.998428
-4.997296
-4.983270
-4.984833
4.990703
-4.999542
-4.998597
4.998139
4.998287
-4.996795
4.999540
4.993182
4.998575
4.997003
4.997533
4.997200
-4.973484
4.994221
-4.998474
-4.998441
4.998007
4.995565
-4.998408
4.998332
-4.998170
4.997374
-4.997424
-4.998785
-4.996638
-4.997975
-4.995787
4.997320
-4.996668
4.997487
4.996038
-4.998021
-4.996897
4.997943
4.998141
4.994892
-4.995955
-4.990460
-2.112425
4.997161
4.998136
4.994348
4.998466
4.991492
-4.996530
4.998411
-4.997058
-4.997648
-4.998069
-4.997461
4.998591
4.996213
-4.997966
-4.996996
4.809626
4.998051
4.998291
4.998507
-4.997993
-4.994903
4.995401
-4.998153
4.997951
-4.998524
4.991740
-4.997643
4.993068
4.997662
4.997874
-4.997489
-4.998035
4.999529
4.992234
-4.996614
-4.999010
-4.997411
4.998820
4.887055
-4.997863
-4.990593
-4.997580
-4.987692
-4.997788
4.998804
4.997990
-4.993568
-4.997596
-4.995812
-4.997539
4.995865
-4.995799
4.997535
4.994471
-4.995070
-4.996359
4.994972
-4.998112
-4.997985
-4.998612
4.995537
-4.998590
4.998653
4.995982
-4.991420
4.996670
-4.997415
4.997916
4.997797
-4.997563
-4.998363
4.999093
-4.999544
-4.996797
-4.994675
4.998893
-4.998800
4.993843
-4.995241
4.996536
-4.997882
4.996056
-4.997553
-4.995001
4.996240
-4.997796
-4.997753
-4.999246
-4.629399
4.997850
4.995465
-4.997424
-4.998675
4.995927
4.998296
4.997866
-4.998823
-4.998366
-4.998180
-4.998836
-4.996894
4.997639
-4.998526
-4.985040
-4.998158
4.997781
-4.997291
4.998179
4.996787
-4.996027
-4.995497
-4.997759
-4.997590
4.998333
-4.997943
-4.998631
4.997533
-4.998299
-4.997150
-4.998193
4.995212
4.999118
4.995323
4.997585
4.996611
-4.997607
4.989898
4.990700
4.997780
4.998145
4.999542
4.993050
-4.998757
4.998060
-4.998438
-4.997813
4.996997
-4.998374
4.998280
-4.997338
4.996951
-4.996720
-4.997688
-4.956747
-4.994917
-4.997821
-4.994618
-4.998690
4.997791
4.986303
-4.997439
4.996923
-4.997949
4.994782
4.997501
4.998247
-4.996630
4.998260
4.998230
-4.997746
4.993617
4.996483
-4.998335
-4.997517
4.997357
4.996720
-4.995395
4.997655
-4.990282
4.903117
4.995676
-4.997344
-4.997291
-4.998699
-4.997627
4.997741
-4.990950
4.997194
-4.998407
-4.996532
-4.997164
-4.997546
-4.995237
4.997922
4.997187
4.995893
-4.993350
4.989692
-4.996291
-4.996768
-4.997695
4.992392
4.997858
4.998667
4.997704
4.990699
-4.990840
-4.994784
4.998673
-4.994898
4.882775
-4.998714
-4.986127
4.997776
-4.998790
-4.999098
4.993606
-4.995247
-2.954193
-4.997344
-4.997304
4.996754
-4.998530
-4.998714
4.998384
4.986948
4.997546
-4.998103
-4.996485
4.997976
-4.994168
4.980862
-4.977107
-4.996674
4.997932
-4.998486
-4.998532
-4.994577
4.998512
4.997742
4.998221
-4.992168
4.998002
4.888096
4.997952
4.997635
-4.994234
4.998820
4.998007
-4.999118
-4.998156
-4.996389
4.985896
-4.997599
4.996535
4.993649
-4.998350
4.996565
-4.998159
4.998697
4.996952
-4.997771
-4.997713
4.998139
-4.996416
4.997238
-4.998150
-4.996866
-4.995300
4.996101
-4.994886
-4.998111
-4.994762
-4.995731
4.989138
-4.998713
-4.997301
4.995662
-4.997049
-4.987017
4.997275
4.998406
-4.998236
4.997336
4.999023
4.996632
-4.997163
-4.998477
4.991733
-4.995107
-4.988965
-4.997011
-4.997550
-4.993970
-4.994753
-4.997780
-4.993538
4.997889
-4.998431
-4.998178
4.989823
-4.994812
4.997990
4.996926
-4.998378
4.996520
4.996712
-4.995867
4.997673
-4.998030
4.999542
-4.994293
-4.997301
4.994554
-4.999270
-4.997725
-4.998080
-4.969662
-4.998151
-4.997914
-4.988151
-4.989238
4.516712
-4.961996
-4.998187
4.975039
4.998821
4.975191
-4.993670
4.996751
-4.997421
4.998104
-4.996332
4.996755
-4.990614
-4.997165
4.995294
4.998174
-4.998645
-4.995660
4.997061
-4.997399
-4.998192
-4.998903
4.996664
-4.999104
4.995323
-4.997623
-4.188902
-4.998503
4.996598
4.994857
4.997754
-4.998801
-4.995893
-4.997443
4.998015
4.992710
4.999543
4.991261
-4.995196
4.998202
-4.998788
4.998191
4.994392
-4.996549
-4.998034
4.997745
4.997321
-4.998221
4.990335
4.994530
-4.998866
4.984686
-4.997263
-4.957779
4.996563
-4.998798
-4.997425
-4.991348
-4.998094
4.997053
-4.997918
-4.997517
-4.997784
4.995294
-4.995630
4.992875
4.999541
-4.998301
4.960949
4.997878
-4.996485
4.989195
4.995480
4.998679
-4.996621
4.997718
-4.998401
-4.997739
4.996805
4.995526
4.996949
-4.997268
-4.988025
4.997301
-4.998323
4.997316
4.998032
-4.997843
4.997745
4.997890
-4.997209
-4.992457
-4.995179
4.998175
4.995437
-4.997957
4.997905
4.992806
-4.995385
-4.997145
-4.993540
4.998364
4.982960
-4.993721
4.722540
4.994398
4.997741
-4.982734
-4.997589
4.991841
4.998812
4.986579
-4.991720
4.995368
-4.997363
-4.996987
-4.997292
-4.998707
4.990472
-4.991888
4.979884
4.995237
4.998587
4.998160
-4.996667
-4.997813
-4.995510
4.998040
4.997725
4.997456
-4.998920
-4.989399
4.998706
-4.998137
-4.997207
-4.996426
-4.996806
4.997940
4.998255
4.984847
-4.999543
4.999006
-4.998762
-4.998104
4.997408
4.996788
4.995684
4.998158
4.997237
4.997329
-4.995967
4.994400
4.994257
-4.998609
-4.995307
4.998487
4.999201
4.997319
-4.996706
-4.998475
4.997609
4.992515
4.999542
4.972132
-4.997329
-4.988310
-4.999543
4.999529
4.997055
-4.998222
4.996484
-4.997472
-4.996514
4.993781
-4.996545
4.998565
-4.997666
-4.998587
-4.996638
4.997726
4.998090
-4.997307
4.998671
4.997433
4.997590
4.996911
-4.997916
4.998869
4.872245
-4.992901
-4.998491
-4.997882
-4.998278
4.998049
4.996750
4.996475
-4.996465
4.997385
-4.983210
4.996705
4.997720
-4.976926
4.997220
-4.997441
4.998401
4.997775
4.994862
-4.997720
-4.997684
-4.996171
-4.998203
-4.955868
-4.998098
4.998383
-4.996824
-4.995797
-4.999177
-4.996338
-4.997649
4.997797
4.581499
-4.995217
4.996459
-4.994704
4.973121
-4.998121
-4.999110
-4.988872
-4.996981
4.995336
4.995003
4.998272
4.997532
-4.996744
4.995218
-4.998586
-4.996817
4.998204
4.996448
-4.994221
-4.998088
-4.997477
-4.996371
4.995622
-4.990602
4.992674
4.998075
-4.995580
-4.998506
4.997369
-0.281820
4.998922
1.752719
-4.996639
-4.998183
-4.997797
4.998091
-4.998522
-4.994187
4.971120
-4.995466
4.998764
4.997623
4.995445
-4.997570
4.998066
-4.994946
-4.999014
-4.996585
4.998968
-4.996215
4.995943
-4.998345
-4.998482
4.232148
4.990505
-4.998534
4.995231
-4.995314
-4.975672
-4.991047
4.996825
4.997952
4.998203
4.996126
-4.997142
-4.997458
4.998631
4.997398
4.997837
4.998677
4.996641
-4.997295
4.997539
4.094125
-4.997461
4.997212
-4.997893
-4.998508
-4.999539
4.997331
-4.997770
4.998879
-4.998322
4.997635
-4.994424
-4.998162
4.997681
-4.998148
-4.992836
-4.998954
4.996637
4.996032
-4.999041
4.998287
-4.998135
4.999208
4.998633
4.998851
4.998144
4.993476
-4.996701
-4.994517
-4.997860
-4.996050
-4.997930
-4.996628
4.993308
-4.997895
-4.994467
4.995002
-4.998019
4.997434
-4.999542
4.994788
-4.998827
-4.869137
4.995658
-4.985436
4.997105
-4.997038
-4.996582
4.999544
4.996544
4.996466
4.998898
4.997242
-4.998467
4.995047
4.996836
-4.996628
-4.994701
4.998221
4.995884
4.997694
4.478855
4.996664
4.992427
4.993594
-4.999045
4.996848
-4.997697
4.999228
-4.996001
4.997035
4.996614
4.998353
4.996943
4.997363
-4.997606
4.997403
-4.996989
-4.998832
4.996309
-4.997332
4.996677
4.998277
4.988326
4.997107
4.997314
4.998808
-4.995691
-4.993380
-4.996712
4.997695
4.996800
4.998766
-4.998729
4.997777
-4.998920
-4.994368
4.997707
-4.998732
-4.999541
-4.997687
-4.994882
4.997456
-4.998920
4.997286
4.992513
4.997093
-4.998211
-4.994617
-4.997792
-4.998004
4.997652
4.995206
-4.998552
4.996767
4.932638
-4.997464
4.995960
4.995171
-4.998126
-4.998505
-4.997404
-4.996780
-4.998667
-4.998416
4.998263
4.997020
4.993714
4.985161
-4.995071
-4.997562
-4.998036
-4.999542
4.995029
-4.995902
4.996403
4.997634
4.996246
4.995521
-4.995946
-4.997889
4.997532
4.998424
-4.996764
-4.995057
-3.977649
-4.997959
-4.997719
4.999541
4.998133
-3.944154
4.995200
4.995191
-4.813723
-4.998001
4.997960
4.998157
-4.998072
-4.994004
4.998422
4.976845
4.996272
4.997611
-4.998526
4.953698
4.995745
-4.998159
4.997638
-4.996247
-4.997108
-4.998234
-4.998430
-4.997537
4.996812
4.996925
4.997156
4.998669
-4.996776
-4.996724
-4.996726
4.998654
-4.997197
4.998249
4.972702
4.995266
4.998519
4.994153
-4.995732
4.997488
4.998552
-4.997684
-4.997731
-4.996647
4.998477
-4.998029
-4.847738
-4.988058
-4.998605
-4.982395
4.998094
4.998290
-4.996592
-4.996289
4.996551
4.998222
-4.997200
4.997842
-4.997356
4.997822
-4.997328
-4.997852
-4.998063
4.998899
-4.998120
4.993453
4.997580
4.996668
-4.998718
-4.998587
-4.997940
4.988599
4.997938
-4.998149
-4.986752
-4.997600
4.998504
-4.998132
-4.996976
-4.995384
-4.998745
1.934700
4.997518
-4.996774
4.997171
4.996485
4.995865
4.996360
-4.996716
2.632167
-4.996813
-4.994595
-4.989105
4.949597
4.998193
-4.996632
-4.993286
-4.997860
4.997850
4.866728
-4.993348
4.997307
4.999542
4.969922
-4.998338
4.999544
4.996962
4.991480
4.996045
4.998808
-4.998587
-4.998080
-4.992502
4.995626
-4.998597
-4.998421
4.996866
-4.995689
4.995176
4.976966
4.991974
-4.996587
4.997422
-4.994235
-4.997639
-4.997415
4.997639
-4.997810
4.997365
-4.997285
4.995637
4.999157
-4.998044
4.999154
-4.998294
4.988546
4.991933
-4.996784
4.995957
4.997013
4.997100
-4.997606
-4.998808
4.997957
4.995358
-4.997521
-4.997938
4.996703
4.998444
-4.997888
4.998717
-4.998470
-4.998474
-4.998952
-4.997170
-4.997559
-4.997735
4.996377
4.998327
4.998136
4.998783
-4.998668
4.996732
-4.997592
4.996707
-4.997141
4.997225
4.996053
-4.997588
4.998687
4.995762
-4.998023
4.997038
4.997001
-4.996584
-4.983384
4.998339
4.948302
4.998230
-4.998145
-4.996619
4.994616
-4.998808
4.998090
-4.997580
4.997335
-4.997886
-4.998053
-4.992072
-4.996568
4.993813
4.994894
-4.998759
-4.998188
4.997083
4.995318
4.998596
-4.995680
-4.997857
-4.995403
-4.996008
4.995025
-4.998399
-4.998778
4.998166
-4.998427
4.996777
4.996180
4.997673
4.996782
-4.997644
-4.997657
4.996792
-4.998173
-4.998211
4.997610
4.997720
4.996252
-4.996785
-4.996525
4.998743
4.998756
4.998610
4.995418
-4.996670
4.994624
-4.998046
-4.997066
-3.955078
-4.944695
4.998974
4.993130
4.995754
4.993361
-4.997872
-4.993470
-4.998456
-4.999054
4.994591
-4.998230
4.996680
4.996273
4.997410
-4.997044
4.997994
4.997022
-4.993303
4.995427
4.997498
4.983023
-4.998202
-4.987160
-4.997812
-4.998350
-4.995089
-4.998486
4.995462
4.997390
4.994269
4.997691
-4.996621
-4.999543
4.998129
-4.995034
4.984009
-4.993955
4.997252
-4.997378
4.997347
-4.995838
-4.995718
4.970515
-4.998577
4.995493
-4.997118
4.983250
4.996681
4.997425
4.998761
-4.994611
4.995435
4.996823
-4.999540
4.997184
-4.998532
4.991557
4.988783
-4.996620
4.998682
-4.998069
-4.995520
4.998399
-4.998439
-4.996785
4.993506
-4.991141
4.997632
-4.997208
-4.997813
-4.997951
-4.992364
4.998296
4.994787
-4.990609
-4.997296
-4.996471
-4.995701
-4.995669
-4.997682
4.998347
-4.998187
4.997498
-4.993444
-4.997538
4.996628
-4.998836
-4.997955
-4.997997
4.995651
-4.986517
-4.990755
-4.998422
4.993257
-4.994917
-4.996293
-4.997856
-4.999541
-4.987575
-4.999048
4.996189
-4.998277
4.986319
4.997772
4.998606
4.988482
-4.996987
-4.998217
4.992981
4.998155
4.991974
-4.997438
-4.998608
4.997290
4.996366
4.995526
-4.996274
4.929339
4.996571
-4.998615
-4.996657
4.995843
-4.997400
-4.997117
4.994615
-4.995853
4.997797
-4.996591
4.983178
-4.998299
4.998746
4.997125
-4.999542
-4.997241
4.998674
4.994500
4.997893
-4.996700
4.998204
4.997967
-4.997878
-4.981473
4.997122
4.996838
-4.966945
-4.996953
-4.999248
-4.998345
4.995881
-4.990277
-4.998582
4.996059
-4.998111
-4.994918
-4.708297
-4.996025
4.996802
4.996917
4.996608
-4.997986
-4.999092
4.992516
4.996589
-4.997901
-4.999542
4.997369
4.982267
4.771497
4.996658
4.992955
-4.997393
-4.989649
-4.996270
4.999089
4.991211
4.997754
4.998623
-4.997591
4.998221
-4.995642
-4.998439
-4.984880
4.997231
-4.998548
-4.807686
-4.998486
-4.997001
-4.996620
4.801587
4.994701
-4.995012
-4.998365
4.996495
4.998306
4.997802
4.996400
-4.996720
-4.995469
4.999543
-4.994288
-4.998409
-4.996588
4.995781
-4.998309
-4.997549
4.989443
4.998122
4.995244
4.995154
4.998592
-4.996606
4.997278
4.648518
4.991157
4.998559
4.994064
-4.998312
4.995771
-4.993764
-4.995208
4.996917
-4.995621
-4.995675
4.998277
-4.997746
4.997485
4.998436
-4.997655
-4.998332
4.998942
4.997912
-4.998133
4.996250
-4.998737
-4.998310
4.998531
4.989884
-4.995980
4.997713
-4.998909
4.996183
4.998947
4.996632
4.996605
4.990521
-4.992941
4.997069
-4.998865
-4.997368
4.999213
4.997480
-4.997184
-4.997494
4.997580
-4.991714
-4.987158
-4.999042
-4.997260
4.995913
-4.996631
-4.995151
-4.997437
4.996851
4.996828
-4.998090
4.995959
4.997537
-4.998042
-4.998507
-4.997618
-4.998328
-4.989976
-4.997956
-4.996853
-4.826148
-4.996160
4.999542
4.994544
4.997464
4.995733
-4.998693
-4.997785
4.999541
4.997751
4.997304
4.997514
4.989300
-4.999541
-4.997805
4.988327
-4.997332
4.998624
4.998473
4.030084
4.945427
4.997245
4.995603
-4.994293
4.998374
-4.996741
4.997107
4.997436
4.997264
-4.998589
-4.991257
4.996479
4.997252
4.998338
4.997660
-4.997802
4.998586
-4.995604
-4.998138
-4.997912
-4.992659
-4.998996
4.997915
4.999542
4.997535
-4.999082
-4.998908
4.997990
-4.970005
-4.997115
4.996619
-4.987714
4.995635
4.997649
4.998445
-4.997656
-4.997764
4.995142
-4.996112
-4.996168
-4.997771
-4.999543
4.997610
4.998162
-4.996730
4.998537
-4.997606
4.997759
-4.998108
-4.997979
-4.996800
-4.988568
4.994802
4.996423
4.997425
4.994359
4.914559
4.995710
4.996404
-4.995602
-4.994325
4.997421
-4.998086
-4.998220
4.997816
-4.996839
-4.981538
-4.992956
-4.998096
4.998006
-4.997509
4.997310
-4.973168
4.995703
-4.998183
-4.996695
-4.892534
-4.998758
-4.994031
-4.992815
4.990167
4.996124
-4.998114
-4.996441
-4.997484
-4.997608
4.999540
4.996761
4.995415
-4.997107
-4.998560
4.989458
-4.997334
4.995382
4.995853
-4.995616
4.995106
-4.995283
-4.992551
-4.996697
4.996762
4.992043
4.985646
4.998903
4.997480
-4.999540
-4.997734
4.997115
-4.994152
4.997442
4.996625
4.998189
4.998208
4.996579
4.995443
-4.997962
-4.999540
4.997675
4.997848
4.996618
-4.996685
-4.998748
-4.988654
-4.997517
-4.997009
4.995717
-4.997631
-4.996373
4.996238
4.996527
-4.994251
-4.986357
-4.996499
4.998433
-4.998918
4.997624
4.998810
4.999540
4.996979
-4.996588
4.996724
-4.997389
4.997612
4.996056
4.992430
-4.994329
4.996524
-4.999539
4.995998
-4.600963
-4.997468
-4.995825
-4.997162
4.998446
4.996568
4.914833
4.974982
4.997884
-4.996180
-4.995661
4.995066
4.998188
4.995749
-4.996887
4.991399
4.996710
4.997803
4.997852
-4.137247
4.996515
4.953017
4.997307
-4.997769
4.998394
4.996602
4.995995
-4.997932
4.997279
-4.996783
-4.994902
4.930733
-4.998030
-4.994250
-4.996323
4.997069
4.998135
-4.998017
4.997126
-4.980348
4.997740
4.998030
4.996718
-4.995657
4.996819
-4.997585
-4.965968
1.254745
-4.997750
4.999542
-4.998198
-4.998901
4.994259
4.983770
4.996696
4.998276
-4.996748
-4.997538
-4.998157
-4.996989
4.996739
4.996573
4.997717
4.997990
4.998275
-4.995267
-4.995205
-4.997346
-4.997715
-4.997370
4.995512
-4.997686
-4.997488
-4.990607
-4.994650
-4.998017
-4.995865
4.997474
4.998087
-4.998830
-4.997405
-4.997231
-4.924262
-4.997810
4.997785
-4.997545
4.996467
4.997823
4.998360
4.997013
-4.997244
-3.136426
-4.997949
-4.998042
-4.995489
-4.998431
4.998183
4.996626
4.998279
4.998249
-4.998486
-4.998553
4.995292
4.997735
4.996135
-4.996607
-4.994446
-4.991444
4.997903
4.995603
4.997776
-4.997597
-4.994873
4.998596
-4.999543
-4.998495
4.997229
4.997775
-4.811235
4.642127
4.995586
-4.997310
4.987794
4.998399
4.755848
4.998250
-4.998312
-4.996559
4.998628
-4.998177
-4.996306
-4.998197
4.995541
4.997358
4.997278
-4.996341
-4.994721
4.974815
-4.998304
4.991809
-4.998444
-4.997330
4.997322
4.998005
4.998886
4.331016
-4.998505
4.996689
-4.996675
-4.997471
-4.995640
4.997271
-4.998258
-4.997947
-4.997454
-4.995457
4.991745
-4.998382
-4.989681
-4.997779
4.998360
4.990455
4.997102
-4.997080
4.998865
4.997836
4.998221
-4.997245
4.998385
-4.998432
-4.996346
4.998286
4.996528
-4.998145
-3.595435
-4.998823
4.998416
-4.996719
-4.998452
4.997511
-4.997752
-4.998187
-4.997135
-4.995285
-4.997335
-4.996897
-4.999013
4.991852
-4.996447
4.997367
4.997126
4.998299
4.996637
-4.987037
-4.997198
-4.999065
-4.997382
-4.995781
-4.996976
4.996795
-4.998162
4.997569
4.995174
4.997716
4.997317
-4.995853
-4.884530
4.996216
4.997880
4.998232
-4.998220
4.981967
4.999540
-4.997172
-4.997925
4.998752
4.726025
4.998229
-4.995740
4.997957
4.998052
4.998070
-4.993975
-4.998920
4.998483
4.996519
-4.996228
-4.998559
4.995884
4.997375
-4.996486
4.995658
-4.956231
4.999068
4.997750
-4.998129
-4.997437
4.998432
4.998971
4.996282
-4.994925
4.995573
-4.996701
4.997754
4.997024
4.993952
4.993185
4.998131
4.778289
-4.997905
-4.819105
4.996597
-4.994504
4.996505
-4.998350
4.996315
4.998196
4.996661
-4.998475
-4.997201
-4.994419
-4.994684
-4.998505
4.998242
4.996755
4.997175
-4.997765
4.997009
4.997187
-4.990903
-4.997327
-4.997054
4.986981
-4.997549
-4.680512
4.992414
-4.997288
4.997278
-4.999543
-4.996651
4.997995
-4.997885
2.718806
4.998121
-4.997746
-4.992633
4.997725
4.999543
4.984626
-4.996438
4.996908
-4.997340
4.996038
4.997703
-4.996453
-4.998514
-4.998936
4.993603
4.997339
4.997853
-4.997909
-4.997115
4.997976
4.997508
-4.997419
4.998048
4.998933
-4.997564
-4.998088
-4.994582
4.997217
4.998700
-4.981317
-4.995132
4.989117
-4.998084
4.997890
4.999115
-4.999104
4.987144
-4.998640
-4.995158
-4.997558
-4.998493
4.997271
4.997035
4.997905
-4.996127
-4.996877
-4.997348
4.996617
-4.995993
-4.997211
-4.995402
4.988559
-4.996655
-4.995640
4.996555
-4.995500
4.955290
-4.998730
-4.997782
4.997894
-4.996414
-4.998077
-4.998615
-4.995706
-4.998784
-4.999542
4.998544
4.997504
4.997756
4.995327
-4.999541
-4.998141
4.997910
4.996520
4.997197
-4.978927
-4.997615
4.997689
-4.997143
-4.993005
4.998277
-4.997182
4.997347
4.999544
4.997594
4.997137
4.998310
4.997446
4.996905
-4.998184
4.989072
3.229173
-4.992054
-4.997593
-4.995665
-4.997946
4.997239
-4.997597
-4.998474
-4.994773
4.995650
-4.996906
4.998582
4.996150
-4.993922
4.996401
4.997117
4.980887
4.998519
-4.996073
4.998163
4.998475
-4.998312
4.998169
4.986660
-4.995105
-4.998810
-4.996627
4.999084
4.998393
4.860944
-4.998080
-4.998369
-4.997755
-4.998018
4.997737
-4.997748
-4.994946
-4.997390
-4.997408
-4.997981
4.992683
-4.996942
4.998076
-4.997779
-4.996516
-4.993711
-4.998889
-4.993364
4.843679
-4.995010
4.995872
-4.997825
4.997756
-4.998371
4.963471
-4.998160
4.996416
-4.998456
-4.994461
-4.996203
4.996069
-4.998042
4.996254
-4.998758
4.998174
-4.998141
-4.998514
4.997890
4.904029
4.997330
4.998420
-4.998123
4.998233
4.999132
-4.998285
-4.996531
-4.997320
4.918568
-4.997375
4.994216
-4.998371
4.997116
4.993974
4.997818
-4.999541
4.993594
-4.998043
-4.997788
4.993769
4.995018
4.996687
4.984801
4.997671
-4.993999
4.997744
4.993696
-4.997690
-4.998614
-4.998359
-4.996941
4.997181
4.996700
4.998541
4.997903
4.997330
-4.998044
4.998343
4.997218
-4.996356
4.997660
4.998524
-4.991327
4.995853
4.996566
-4.994208
4.995597
4.997493
-4.997485
-4.995412
4.979867
4.987800
4.997659
-4.998724
4.993084
4.996749
4.994342
-4.998036
-4.997847
-4.996725
-4.998429
4.998190
4.997936
-4.997735
-4.996971
-4.998298
-4.997904
-4.998301
4.996656
4.998118
4.997601
-4.998255
-4.990795
4.998019
4.996768
4.998788
4.997153
-4.997311
4.993515
-4.996627
4.986388
4.995504
4.995195
-4.995443
-4.999056
4.998408
-4.998277
-4.998308
4.998094
-4.998859
-4.998350
-4.998052
-4.997940
4.996149
4.998933
4.999101
-4.994910
-4.997692
4.997651
-4.996706
4.997512
-4.998651
4.998229
-4.996116
4.998441
4.996661
4.996627
4.996877
-4.998446
-4.994813
-4.788913
-4.997498
-4.997605
-4.997962
4.997536
4.998442
-4.993401
4.998175
4.997850
-4.997343
4.996703
4.997197
-4.995289
-4.995714
-4.997716
4.995180
4.998574
4.994274
4.989247
-4.999155
-4.992038
4.998776
-4.998542
-4.998763
4.997933
-4.988768
-4.996729
4.996591
-4.996966
-4.994449
-4.997905
4.995749
-4.996201
4.996754
4.990908
4.993863
4.997420
-4.995062
4.998089
4.997253
-4.997295
-4.995933
4.996589
-4.998994
4.998603
-4.996434
4.998308
-4.996858
4.991275
4.997662
-4.997841
-4.997526
4.995386
-4.998821
4.995621
4.997351
4.997679
-4.997200
4.994141
4.997851
-4.998575
4.997886
4.998623
4.994426
-4.965063
4.999541
4.997568
4.996126
4.997735
-4.996006
4.995156
4.997369
4.984745
4.995066
-4.993542
4.987369
4.997318
-4.998237
-4.995626
-4.996633
4.997691
4.997111
-4.999167
4.997277
4.995785
4.999253
4.995888
-4.998377
-4.998690
4.997277
4.995724
-4.997749
4.998070
-4.999008
4.996687
4.996737
-4.998399
-4.997997
4.997881
4.996314
-4.998131
-4.998397
-4.997288
4.994455
-4.998331
-4.997475
4.996123
-4.990531
-4.954551
4.997071
4.998632
4.994921
-4.997265
-4.997759
4.997046
-4.998838
-4.998727
4.996508
4.997866
4.998272
-4.999543
-4.998205
-4.996927
-4.836684
4.997672
4.998441
-4.996912
-4.995798
4.997987
4.997649
-4.997622
4.998011
-4.998971
4.998563
-4.998355
-4.997106
4.995029
-4.992960
4.995177
4.996806
4.997349
4.995615
-4.997703
-4.997856
-4.995648
4.982464
4.997406
4.996582
-4.998750
-2.344744
4.998456
4.994692
-4.996846
-4.998214
4.997488
4.994277
-4.995222
4.990645
4.998732
4.997914
-4.997914
4.998121
-4.999542
-4.998779
4.998406
-1.313176
4.997717
4.997857
4.996740
-4.996851
4.999542
4.998150
4.999163
4.996799
-4.996573
-4.990093
-4.992519
4.995760
4.996556
4.051481
-4.995579
4.996327
-4.999057
-4.997887
-4.979751
4.996006
4.999110
-4.998088
-4.994311
-4.997766
-4.999542
4.994810
4.997525
3.448966
4.997990
4.997824
-4.998032
-4.998309
-4.997934
-4.996816
4.997268
4.997532
-4.996245
4.997518
-4.995753
-4.997551
-4.998451
4.999040
-4.997221
4.995396
-4.996200
-4.995231
4.998098
-4.997607
4.997711
-4.997611
-4.997683
-4.998424
-4.997499
-4.997351
2.577307
-4.994560
-4.997995
-4.993251
-4.995605
4.997534
4.995814
4.998629
4.997136
4.994001
4.998206
-4.999127
4.995828
4.996349
4.942212
4.999542
4.992536
-4.997200
-4.995877
4.996551
-4.998180
-4.997390
4.992563
-4.998139
4.998153
-4.998377
-4.995524
-4.993414
-4.998933
-4.993868
-4.997553
-4.997055
4.997695
-4.995834
4.998051
2.561289
-4.996733
-4.986910
4.997371
-4.998059
-4.995952
4.996886
4.997508
4.998428
-4.997023
-4.998185
4.997859
-4.997108
-4.997881
-4.987908
4.997362
-4.999150
4.997769
-4.997342
-4.998167
-4.997949
-4.996230
4.998103
4.992156
-4.996299
-4.998101
-4.997598
4.996608
4.998068
-4.997147
-4.998554
4.998835
-4.994413
4.998414
4.997442
4.996524
4.997340
4.997462
4.997967
4.998299
-2.427798
-4.972806
-4.998056
4.996660
4.993833
-4.996099
-4.995503
-4.991963
-4.998062
-4.949191
4.998123
-4.994085
-4.996732
4.998643
-4.997329
-4.997747
4.994765
-4.996813
-4.998425
4.959114
-4.995552
4.997377
4.996713
-4.999129
-4.996452
4.997181
4.995600
-4.998938
-4.997623
-4.997395
4.340231
-4.994386
4.998726
4.992811
4.998155
4.994582
4.975218
-4.996723
4.999138
-4.997575
4.997451
-4.998891
4.996934
-4.994480
-4.997898
-4.998425
-4.994567
-4.993602
4.996838
4.998255
-4.996919
-4.997725
-4.997519
4.985212
-4.998288
4.997775
4.984545
-4.998132
4.998918
4.997821
-4.998507
-4.994044
-3.127467
4.994543
4.998073
4.997560
4.993041
-4.997567
4.998451
-4.990730
-4.998545
-4.997238
4.997478
-4.997705
-4.991994
-4.996741
4.997454
-4.997928
4.999540
4.997777
-4.999541
-4.992974
4.997204
-3.830144
-4.997661
-4.997610
-4.997956
-4.983678
-4.978675
-4.997023
-4.997333
-4.993643
4.997285
4.997885
4.994458
4.995686
4.998956
-4.997938
4.995754
-4.993551
-4.997384
-4.998468
4.998072
4.998328
4.995394
4.994668
4.995941
-4.998858
4.998511
4.994635
4.998005
-4.996784
-4.994821
-4.997822
4.976785
-4.999541
-4.994738
4.998940
-4.997732
-4.994805
4.995685
-4.998368
4.996465
-4.998590
-4.996611
4.997782
-4.996140
4.997407
-4.997600
4.996957
-4.997263
-4.998561
-4.997498
-4.998720
-4.996527
-4.995885
4.996630
4.996487
4.994749
4.998242
4.997146
4.998555
-4.997999
-4.997685
-4.996084
4.997426
4.998248
4.997874
-4.998315
4.995530
-4.996880
-4.996438
4.998013
4.997328
4.997491
-4.997933
-4.994865
4.998691
-4.996430
-4.998171
-4.995932
4.998117
4.993538
2.950130
4.996482
-4.996600
-4.997345
4.996970
-4.992556
4.990419
4.954653
-4.997832
4.999006
4.998691
-4.994874
-4.996598
-4.995675
-4.997952
4.997649
-4.997297
-4.999182
-4.996709
-4.998465
-4.997202
-4.997906
4.996321
4.996016
-4.995181
-4.996575
-4.997102
4.998877
-4.981518
4.997655
-4.657471
-4.997872
-4.996049
-4.998685
4.996637
-4.997535
4.996384
-4.997873
-4.997993
4.996679
4.997367
4.997841
-4.998508
4.998011
-4.995817
-4.995108
-4.996530
-4.999070
4.998284
-4.849602
4.997433
-4.996480
-4.998559
4.996598
-4.998662
-4.996771
4.998621
4.996563
-4.996370
4.997377
4.996794
-4.996733
-4.998677
4.999072
-4.978330
-4.998764
4.992090
4.998093
4.993240
4.997373
-4.998942
-4.996683
4.986814
4.996799
-4.997166
4.997828
4.968666
4.987661
4.988173
-4.997073
4.997480
4.998077
4.993603
-4.996076
-4.997121
-4.982040
-4.997953
-4.998027
-4.998149
-4.998514
4.989015
4.997446
-4.997838
4.993849
-4.998590
-4.997706
4.995709
-4.999542
4.998470
4.989698
4.997350
4.999151
4.999052
-4.962188
-4.982730
-4.999048
4.996808
-4.998581
-4.995349
-4.999059
4.997668
-4.994403
-4.996600
4.996665
-4.998772
-4.998118
4.997759
4.995459
4.996956
-4.996522
-4.997498
-4.998283
-4.998979
-4.992023
4.998164
4.993903
4.896509
-4.996911
4.999538
-4.994548
-4.998048
4.998679
4.994354
4.995894
4.998129
-4.996830
-4.998228
-4.990189
4.998427
4.994411
3.895349
4.992947
-4.996493
-4.997004
4.997058
4.942767
4.996206
4.993827
-4.998887
4.997049
4.996823
-4.998621
4.997950
4.998125
-4.989013
-4.997491
-4.986329
-4.997791
-4.998557
4.997274
-4.997615
-4.996324
-4.998672
4.997838
4.996949
4.998667
4.992937
4.997397
4.998535
4.989157
4.958811
4.995940
4.997566
4.965657
4.911162
4.999002
-4.997411
-4.998734
-4.994839
4.999071
4.998770
4.998119
4.992493
-4.816099
4.998432
-4.996756
-4.976625
4.995027
-4.992722
-4.991657
4.998357
4.995647
4.998309
4.930484
4.998279
-4.996661
-4.996156
-4.996472
4.998229
-4.996523
-4.996611
-4.997080
4.993110
4.903935
-4.995824
-4.995420
4.994138
4.998426
4.997219
4.997588
4.999071
-4.998592
-4.996176
4.997406
-4.999145
4.995959
-4.965408
4.995788
4.994644
4.997837
4.995837
-4.997326
-4.996390
4.998269
4.997744
-4.997402
-4.996351
-4.997322
4.997891
4.998123
-4.997096
4.997136
-4.993426
-4.997649
4.996896
-4.997437
4.995449
4.996379
-4.998522
-4.996959
4.998068
4.998088
-4.992517
-4.998662
-4.992901
4.998249
4.992240
-4.997197
4.998662
-4.998172
-4.997624
4.997507
-4.981368
4.997839
-3.833957
-4.985487
-4.999542
4.996060
-4.992335
4.995749
-4.998897
-4.992002
-4.997923
4.997259
4.999163
4.862370
-4.997981
4.997375
4.992937
-4.997655
-4.996914
-4.999541
4.998161
-4.994182
-4.963574
4.987589
-4.997077
-4.990402
-4.986769
-4.996959
-4.998003
4.997580
-2.717272
-4.993040
4.998163
-4.997564
-4.997211
-4.995906
-4.995315
-4.997847
-4.996748
-4.996771
-4.989815
4.999117
4.977250
4.996567
4.997902
4.998139
-4.991501
4.993368
4.997648
4.996869
4.995591
4.998929
4.989543
-3.544511
-4.998901
-4.997399
-4.998747
-4.997529
4.997890
4.994576
4.994991
-4.993750
-4.995567
-4.994622
4.990933
4.998013
4.997947
4.997380
-4.996604
-4.998172
4.994100
4.999124
4.998145
4.998277
-4.998921
4.992844
4.996257
-4.997363
4.998805
-4.998256
4.993621
-4.996506
4.993360
4.997253
4.995882
-4.998533
4.997690
4.998289
-4.994159
-4.996783
4.998173
-4.997031
4.997716
-4.998860
-4.994936
-4.988303
4.996940
4.998122
-4.996045
4.996787
4.996441
-4.998503
-4.997155
4.997373
-4.997799
-4.995453
4.996012
-4.998158
-4.997637
-4.997267
4.996502
-4.997843
4.997183
-4.999014
4.996635
4.996794
-4.986273
4.998790
4.902569
4.998587
-4.994163
4.970676
4.997677
-4.998407
4.997399
-4.998562
-4.999065
-4.998069
4.981259
-4.996256
4.997812
4.997191
4.998124
-4.997360
4.996969
4.997511
4.992257
-4.998089
-4.999250
-4.998627
4.902713
-4.997906
-4.997916
4.997563
4.998073
4.997973
4.999045
-4.401026
4.995940
4.993985
-4.997645
4.998574
-4.998643
4.999539
-4.998164
-4.992859
-4.997856
-4.995557
-4.999155
4.996943
4.996362
4.991384
4.998474
4.997370
4.994767
-4.996406
4.999177
4.997203
-4.996693
-4.998387
4.998465
-4.996735
-4.996543
4.996593
4.997490
-4.996867
4.998174
4.994875
4.991507
-4.997106
4.995453
4.999058
4.996122
-4.997785
-4.993760
4.994160
-4.996997
4.996721
4.998560
-4.998503
4.994874
-4.890377
-4.998108
4.994178
-4.997922
-4.997698
4.997787
-4.998140
4.997724
4.994380
4.997302
-4.998335
-4.997739
-4.997617
-4.996600
-4.995462
4.996945
-4.998389
4.997196
-4.997305
4.993222
4.981135
4.998735
4.997947
-4.998344
4.996800
4.994665
-4.986420
-4.998272
-4.998558
4.994090
4.998143
-4.999054
-4.997940
-4.997889
-4.997174
-4.992223
-4.998418
-4.996688
4.999101
-4.997494
-4.997816
-4.998619
-4.977141
4.998269
-4.998338
4.992432
-4.990765
-4.995937
-4.997304
-4.994400
-4.993734
4.980727
-4.997528
-4.997215
4.978343
4.998230
-4.998669
4.997243
-4.996655
-4.997871
-4.996683
4.974108
4.995765
4.994991
-4.997888
-4.999541
-4.993651
-4.998955
4.998069
4.996673
4.993049
4.998895
-4.998033
4.996827
4.995578
4.997304
-4.997525
-4.993687
-4.998395
-4.998715
-4.994446
4.997552
-4.998621
-4.978622
4.997651
4.978210
-4.998334
4.997878
4.997417
-4.996599
-4.997199
4.997766
-4.998673
4.997734
4.996722
4.996668
4.995706
4.998356
-4.996652
-4.992933
4.996544
4.996480
4.995674
-4.995634
4.998592
4.998110
-3.884756
4.997229
-4.997509
-4.995328
0.382894
-4.997868
4.994257
4.996557
4.998586
4.998111
4.997694
-4.998380
-4.993653
-4.997225
-4.990985
4.989582
-4.997125
4.997787
-4.986668
4.990264
-4.997153
-4.997818
-4.999441
4.998857
4.997124
-4.996546
4.998001
4.998388
-4.991725
4.998265
-4.997844
4.996580
4.967473
4.998529
-4.996605
-4.997995
-4.996918
-4.996989
-4.997189
4.999003
4.994559
-4.998070
4.995792
4.998171
4.999146
-4.994359
1.337005
4.997863
4.993003
-4.998618
-4.994099
-4.998665
-4.998306
4.998078
4.998127
4.996592
4.997353
-4.996850
-4.997268
4.996006
4.997791
4.999069
-4.997264
4.995604
4.997522
-4.915544
4.999543
4.997221
4.995512
4.997777
4.740550
-4.998319
-4.996324
-4.997858
4.986675
-4.997244
-4.996077
-4.997515
4.998870
4.989679
-4.997920
-4.996656
4.993416
-4.997229
-4.999543
-4.997323
-4.351032
4.994615
4.996983
4.997229
4.998728
-4.677509
4.987750
-4.997598
-4.998669
4.997988
4.998496
4.800206
4.994826
-4.995549
-4.998532
4.995885
-4.997360
4.998774
-4.998577
4.996445
-4.996700
-4.997567
4.996596
4.998808
-4.990080
4.998893
4.994617
-4.991710
4.997989
-4.994671
-4.993677
4.992495
-4.997900
4.996643
-4.997993
4.997363
4.995697
4.997286
4.989314
-4.896241
-4.996719
4.998269
4.998100
4.994739
-4.998153
4.997152
4.995593
-4.998787
4.997670
4.994813
4.981529
-4.932570
-4.997489
-4.995515
4.998645
4.996161
-4.996103
4.997274
-4.991424
-4.996714
4.997237
-4.996417
4.998004
4.997350
-4.885853
-4.998830
4.996886
-4.998404
4.997140
4.996736
-4.997431
4.997777
4.995984
4.989371
4.998002
-4.998495
4.995785
4.998308
4.996496
4.998571
-4.997767
-4.998312
4.991924
4.999178
-4.996555
4.997854
-4.997121
4.996568
-4.998384
4.998370
-4.998855
4.996492
-4.993521
4.998351
4.967780
-4.998754
4.998182
4.999542
4.996599
-4.996293
-4.988524
-4.997333
4.998223
4.996758
4.998190
4.997334
4.997992
4.996729
4.994271
-4.992604
4.995233
-4.994325
4.998275
-4.995107
4.999088
4.996722
-4.996783
-4.998733
4.998253
-4.995724
-4.988646
4.996465
-4.998680
-4.994387
-4.998282
-4.998142
-4.998967
-4.997410
4.997382
4.996934
4.997444
-4.998207
-4.994440
-4.995981
-4.997619
4.997506
-4.998175
-4.997092
4.996204
4.997484
-4.999246
4.998576
-4.998307
-4.996797
4.998146
-4.995679
-4.997755
-4.992748
4.995333
-4.995467
4.996398
4.995451
-4.999220
-4.986609
4.997443
-4.998497
-4.989971
-4.996642
-4.998948
-4.994163
-4.997664
-4.997778
4.996313
-4.997505
4.998275
-4.993797
-4.996691
4.998910
4.995928
-4.995173
4.998284
-4.998340
-4.996856
-4.993435
-4.998156
-4.999014
4.996324
-4.997582
-4.998810
-4.999200
-4.997285
4.997178
4.997440
-4.993146
-4.996613
-4.996692
-4.996493
-4.998213
4.997797
-4.997091
-4.996597
-4.995729
4.995913
-4.951326
-4.996662
4.997858
4.996035
-4.997398
4.998217
4.998393
4.992679
4.994936
4.997634
4.994054
-4.998843
-4.996525
4.999011
4.997783
-4.996731
-4.997077
-4.997132
-4.997181
4.994791
4.997641
4.933097
4.997168
4.997612
-4.998183
-4.997002
4.997354
-4.994199
4.996529
-4.995916
-4.998510
-4.997898
4.997549
-4.997885
4.996855
-4.999544
-4.994849
-4.998114
4.992623
4.991293
4.999123
4.999184
-4.998537
4.995977
4.998417
-4.995128
4.982438
-4.996646
4.995745
4.997481
-4.997624
4.996880
-4.997951
4.993813
4.998197
-4.995917
-4.996658
4.996585
-4.997544
4.989653
-4.997701
-4.996600
-4.998392
-4.998047
-4.996202
4.998161
-4.996273
3.699923
-4.997551
-4.997239
-4.990685
4.997350
-4.998266
-4.997899
-4.997597
4.988731
4.996864
4.998675
-4.997643
-4.995355
-4.995321
-4.957652
-4.998331
4.988672
-4.997864
-4.999123
-4.997417
4.995922
-4.998957
-4.998463
4.994268
-4.987647
4.976879
-4.998385
4.996135
-4.998050
4.994392
-4.997795
4.989661
-4.995421
-4.997701
-4.997459
-4.996463
-4.998364
-4.995882
-4.994418
4.997349
4.997515
-4.894672
4.995105
4.996642
4.995497
4.997379
-4.789039
4.997539
4.998934
-4.997681
4.998823
-4.998045
-4.992871
-4.998409
-4.994971
-4.997618
4.998322
-4.996726
-4.997298
-4.998115
-4.990470
4.992498
-4.997901
-4.998244
-4.998641
4.997288
4.997233
-4.996540
4.996696
-4.997952
-4.997326
-4.999101
-4.995999
4.988136
-4.998700
-4.996609
-4.996524
4.993632
-4.996605
4.995575
4.997382
4.997258
4.995383
4.997268
-4.996616
-4.995313
-4.988364
-4.995432
4.994781
-4.998335
4.712691
4.997103
4.992886
-4.997707
4.997340
-4.997037
4.998133
4.995952
4.997701
-4.995017
-4.997741
4.997543
-4.978271
-4.997171
-4.994368
4.997143
4.997175
-4.997738
4.997754
4.990758
4.998995
4.996619
-4.999137
-4.994024
-4.998757
4.994744
-4.998852
-4.997648
-4.996798
4.991877
4.996795
-4.998747
4.997941
4.996770
-4.998005
-4.996700
-4.997647
4.997289
4.992474
-4.998427
4.996132
-4.972113
4.993438
4.995784
-4.998459
-4.997683
-4.998631
4.998362
-4.996648
-4.996577
4.996667
4.997634
-4.993928
4.996747
-4.996223
4.995899
-4.995303
4.997838
4.997547
-4.998210
-4.998411
4.994927
4.999541
4.998827
4.997877
-4.992432
-4.996883
-4.996231
-4.997031
-4.996626
4.998760
4.998198
4.996571
4.998266
-4.996783
-4.996675
4.997563
-4.997705
4.997618
4.993350
4.992676
-4.999541
4.997851
-4.997108
-4.998755
-4.998429
4.993235
4.997861
4.999542
4.993577
-4.997406
-4.997764
-4.996398
-4.996678
4.997085
4.996771
4.996658
4.998171
-4.841104
4.938614
-4.996200
4.996587
4.998080
4.995155
-4.979360
-4.994116
-4.997680
4.996265
4.995028
-4.996991
4.998108
-4.974223
4.991983
4.998688
4.997227
4.998403
-4.992332
-4.997121
-4.949258
4.994702
4.997864
4.998117
-4.996690
4.997917
4.997060
4.998269
4.998083
-4.999121
-4.998161
4.997166
4.996451
4.997020
-4.997244
4.995966
-4.991159
-4.995396
-4.996865
-4.998158
4.997258
-4.996732
-4.988485
-4.995737
4.999038
-4.997462
-4.996558
4.996407
4.999526
-4.995760
-4.996544
-4.944925
-4.996531
4.655969
-4.996300
4.997097
-4.998668
4.994843
4.998465
4.998151
4.998405
-4.996851
-4.993438
4.995662
4.997510
-4.996724
4.999044
-4.997207
-4.994109
4.995416
4.997868
4.997182
-4.997868
4.995726
-4.997445
4.995403
4.993187
-4.997569
4.998940
-4.997729
4.997179
4.997536
4.994014
-4.996355
-4.988974
4.998453
-4.996761
4.985334
4.998759
-4.998630
-4.998893
-4.998128
4.997199
4.531657
-4.997069
-4.999542
-4.994846
4.998790
4.998315
4.998090
-4.998184
4.999543
4.995888
4.995362
4.998276
-4.997751
-4.996741
4.998805
-4.998717
4.998634
-4.993975
4.994389
4.995790
4.996830
-4.997428
-4.990860
-4.996762
4.996704
4.997955
4.996994
-4.998976
4.998698
-4.999179
-4.999060
-4.997592
4.993271
-4.992970
4.996969
4.996670
-4.997352
-4.997650
-4.993283
-4.992997
-4.994530
3.984502
-4.998005
-4.997979
4.996536
-4.997075
4.998081
-4.997143
-4.997677
-4.997870
4.997471
4.999541
-4.989551
4.998704
-4.996883
4.998007
-4.998199
4.997955
4.993046
-4.998002
4.998167
-4.996642
-4.995228
4.989759
4.996809
-4.997721
-4.997914
-4.996294
4.997587
4.994873
4.997964
-4.997417
4.998790
-4.998120
4.995628
4.992821
4.997513
-4.997114
4.970815
4.997813
-4.997630
-4.993962
-4.998550
-4.997348
-4.998114
-4.997212
-4.996933
4.999046
-4.997305
-4.998640
4.998510
3.786083
4.999544
-4.999539
4.997331
-4.993724
-4.996392
-4.997302
-4.976317
-4.995323
-4.996474
4.997807
-4.978550
4.992937
4.998458
4.996057
-4.996412
-4.977541
-4.996509
4.996028
-4.995190
4.998034
4.998178
4.998920
-4.998423
-4.992570
4.994195
4.996570
4.985205
4.674548
-4.998227
-4.989940
-4.997479
4.981545
4.997641
4.997476
-4.997841
4.996951
4.997313
4.998942
4.999051
-4.997899
-4.985344
-4.998369
4.997621
4.991602
-4.998878
-4.998914
4.997736
4.999079
-4.999096
-4.998006
4.996712
-4.996726
-4.998943
4.987864
-4.998642
-4.998302
4.998135
-4.998290
4.998382
-4.998354
4.997786
-4.997664
4.999542
4.997476
-4.997288
-4.996627
-4.997634
4.990555
4.997151
-4.996779
-4.999038
4.994359
-4.996556
-4.995635
4.997468
4.964083
4.997939
-4.997583
-4.990819
4.996845
4.995852
-4.768923
-4.996509
-4.997793
-4.998476
4.996466
4.990390
4.997672
4.997221
-4.997607
-4.998706
4.996638
4.997510
-4.999542
-4.996812
4.994936
4.993641
-4.997709
4.996761
4.997329
-4.991027
4.997625
4.997802
-4.997260
-4.995574
-4.997690
-4.997347
4.996585
-4.997310
4.994009
4.996685
4.995115
-4.998454
4.997490
4.996307
-4.997175
4.997903
-4.999542
4.997833
4.993112
4.994777
4.995270
4.998315
-4.997342
4.994443
-4.997767
4.993912
-4.992582
-4.997801
4.994949
4.997428
-4.995018
4.995698
4.992326
4.997018
4.997478
-4.997113
4.996733
4.997896
-4.995721
-4.997632
-4.996921
-4.996445
-4.997790
-4.993587
-4.995324
-4.997464
4.998171
4.996244
4.998299
4.988665
-4.996740
4.995006
4.992531
-4.997694
-4.998621
4.998835
-4.997157
-4.989956
4.941433
4.995647
-4.991951
-4.991578
4.993671
4.997023
4.996245
-4.993253
4.997267
4.993455
4.997770
3.783765
-4.996756
-4.996523
4.996512
4.991609
4.996899
4.993115
-4.996798
4.927555
-4.995330
4.996491
-4.998077
4.993257
-4.940291
4.998446
4.997921
4.995112
-4.997214
-4.996738
4.995734
4.985652
-4.998049
-4.998851
-4.997214
4.995344
-4.997597
-4.998292
-4.997287
-4.996893
-4.999044
-4.997490
-4.997729
4.975576
4.995634
-4.995043
-4.996765
-4.997241
-4.941517
4.998001
-4.997194
-4.997507
4.996621
-4.992794
-4.994698
4.998382
-4.996936
4.990904
-4.995319
4.995581
-4.997631
4.998199
-4.998017
-4.978853
4.997679
4.995803
-4.999045
-4.997552
-4.768984
-4.979317
4.988450
4.996598
4.996487
-4.996029
-4.997152
4.997440
-4.492766
4.998710
-4.996955
4.997660
4.998445
-4.997680
4.997782
-4.997389
-4.996943
4.837915
-4.996688
4.996372
4.993609
-4.996416
-4.998831
-4.997945
4.997792
-4.998379
-4.996829
-4.997750
4.983491
4.997030
-4.998780
4.998157
4.998136
4.995552
-4.998203
4.997564
-4.998347
4.996882
-4.997394
4.998691
-4.997224
-4.996428
4.998199
-3.222054
4.997692
4.995558
-4.995608
4.631810
4.997716
-4.998156
-4.998997
4.589743
-4.989714
4.991644
-4.998087
4.996544
-4.997111
4.996986
-4.998517
-4.997150
-4.998442
4.996633
-4.998159
-4.998003
-4.997455
-4.996936
4.987287
4.997848
4.997201
4.998015
-4.998399
4.997048
-4.996138
4.997869
4.998339
-4.987009
-4.997786
4.997386
-4.998956
-4.996745
4.994505
-4.993582
-4.976583
-4.998063
4.995171
4.998133
4.997330
-4.998028
-4.997257
-4.998134
4.996677
-4.997721
-4.997860
-4.992365
-4.998977
4.997720
-4.998332
4.998342
4.998152
-4.998158
4.993552
-4.996839
4.996800
-4.997744
4.998282
-4.998504
-4.998087
-4.993271
-4.944398
4.991346
4.993208
4.996579
-4.994748
-4.995641
-4.994081
4.998098
4.997637
-4.998175
4.994015
4.995821
4.995822
-4.997505
4.992791
-4.992856
4.994237
4.997540
-4.993854
4.990899
4.995501
-4.999542
4.994914
-4.996122
4.983563
-4.997769
-4.998753
-4.996080
4.997036
-4.998695
4.997777
-4.997969
-4.997169
-4.997800
4.995178
4.998483
-4.997428
4.997525
4.993123
-4.996819
4.995648
-4.997990
4.998308
4.999025
4.998797
4.997552
-4.996721
-4.997737
4.998214
4.995655
-4.997674
4.996775
-4.998225
4.999455
4.997283
-4.997715
-4.995097
-4.997019
4.992595
4.997404
4.996200
4.991119
-4.997747
4.996859
-4.998262
4.996647
4.998046
4.999181
-4.997668
4.992301
-4.996148
4.996831
-4.998011
-4.997924
-4.998219
-4.997579
-4.997556
-4.998338
4.995519
-4.998639
4.998763
-4.997527
4.997432
4.997524
-4.950527
-4.995048
4.997099
4.994774
4.997648
-4.997861
4.998206
4.997765
-4.998664
4.997728
-4.997295
4.997155
-4.997808
4.996118
4.998941
4.918549
-4.993655
4.996040
4.995438
-4.998583
-4.996434
4.998310
4.997047
-4.996981
-4.990296
-4.996298
4.880907
-4.999543
4.998029
4.997674
4.999540
4.973754
-2.374856
4.997036
4.997239
-4.997043
-4.998632
-4.998689
-4.998750
-4.998692
4.996914
-4.998730
-4.997679
-4.926887
-4.996813
-4.995477
-4.998600
-3.292618
4.997388
4.997910
4.997883
4.995536
4.997047
4.998568
-4.995739
4.996836
-4.997856
4.998094
4.999093
-4.998347
4.999211
-4.997470
4.999051
4.993886
-4.842717
-4.998602
4.997208
4.998643
-4.994626
-4.997569
3.378575
4.997588
-4.996789
4.996918
-4.996075
-4.997740
-4.894452
-4.996716
4.995581
4.996667
-4.998968
-4.997753
-4.998131
4.994299
-4.996072
-4.991712
-4.984456
-4.988416
4.994569
4.994964
-4.997701
-4.994972
4.995967
4.995107
4.992016
4.997196
4.998662
-4.998144
-4.998832
-4.973845
4.997351
4.996694
4.999534
4.996914
-4.997753
-4.994911
4.995396
4.990211
-4.991716
-4.994775
-4.996288
-4.991748
-4.997575
4.998471
-4.997425
-4.997327
4.998366
-4.995752
-4.995497
4.997889
4.996888
-4.997853
4.999541
3.824163
-4.997706
-4.992502
-4.998593
4.999041
-4.996353
4.998215
-4.998160
-4.996486
-4.997959
-4.997625
-4.998044
4.764637
4.975256
-4.957390
4.995504
-4.991098
-4.998126
-4.996641
2.270890
4.994867
4.996742
-4.995784
-4.995682
4.997812
-4.998794
-4.997894
-1.253699
-4.994202
-4.998917
4.997679
4.997750
-4.996211
-4.983370
4.995857
4.996984
4.997197
-4.997731
-4.998535
4.997589
-4.997943
-4.996658
-4.992824
4.994930
-4.997529
-4.997449
-4.995724
4.998122
-4.998808
4.997715
4.996380
-4.999544
-4.997784
4.998064
4.996868
-4.994979
-4.995277
4.997767
-4.999540
4.997482
4.996675
-4.999543
4.998758
4.986818
-4.998162
-4.996395
-4.997438
-4.997094
4.998139
4.996560
-4.992308
4.997239
4.683639
-4.999119
4.990415
4.997931
-4.996938
-4.991908
-4.999038
-4.997734
4.998148
4.997081
4.996529
-4.997549
-4.998830
4.995981
4.997931
-4.991112
-4.999119
4.995999
4.995276
4.997411
4.997700
4.998683
-4.997704
4.996773
4.961549
-4.998726
-4.998373
4.996462
4.996119
-4.997951
4.969585
4.997742
-4.989877
-4.996945
4.997853
-3.967097
4.880402
-4.997422
4.995053
-4.996063
4.995272
-4.998237
4.997063
4.998229
4.997951
4.998024
-4.997935
4.997740
-4.995440
-4.995253
-4.997615
-4.996158
4.997638
4.998685
-4.997602
4.998809
4.998288
4.993186
4.997101
4.995429
-4.997101
-4.997516
4.999073
4.998255
4.997480
4.993872
-4.997310
-4.995114
4.993170
4.994093
4.990570
4.998828
4.998671
-4.996909
-4.994938
-4.998099
4.278460
4.909008
-4.997191
4.998444
4.993942
-4.998764
-4.998719
-4.997616
4.995974
-4.985519
-4.997303
4.998870
4.995663
-4.996700
-4.997767
4.997603
-4.997100
4.996172
4.992484
4.992166
4.992932
4.998193
4.996547
4.997947
4.997267
4.996158
-4.998028
4.998193
-4.996433
4.998102
-4.998236
4.997847
-4.997362
-4.996850
4.998446
-4.998256
-4.995575
4.997960
-4.996566
-4.992481
4.994671
-4.997904
4.998820
4.993793
-4.997950
4.999087
4.998353
4.996706
-4.998419
-4.996667
-4.998082
-4.996749
4.996348
4.997301
-4.996049
-4.998283
4.994258
-4.999542
-4.995251
4.994035
-4.997873
4.994486
4.996736
4.995862
-4.996693
-4.997249
-4.993986
4.997621
-4.997928
-4.994018
-4.999017
-4.998581
-4.992473
4.990014
4.995752
-4.997076
4.995340
-4.998215
4.995124
4.994508
-4.998265
-4.996746
4.998083
-4.998485
-4.998415
4.997810
-4.997973
4.996946
4.998065
4.998935
4.991670
4.996707
-4.995213
-4.998844
-4.998171
4.997384
-4.996479
4.998885
4.998330
-4.996451
4.998230
-4.997352
-4.998568
-4.998201
4.994514
4.998264
-4.997606
-4.997105
-4.995424
4.998092
-4.997362
-4.988385
-4.995001
4.995929
-4.998639
4.997382
4.996884
4.997209
-4.990466
-4.998370
-4.998257
-4.998776
-4.999047
-4.996968
4.995862
-4.998728
-4.994131
-4.997575
-4.997654
4.995901
-4.997495
-4.620739
4.998575
4.998525
4.997995
-4.996615
-4.998131
4.995625
4.996534
4.997490
4.993443
-4.938758
-1.463801
4.997105
4.997744
4.997846
4.998155
-4.997803
-4.990738
4.997625
4.997557
4.996369
4.997866
-4.997443
4.997397
4.998727
4.997351
-4.997645
-4.998944
4.997957
4.998604
4.995904
-4.996100
4.997068
-4.997398
-4.996807
-4.996715
4.995547
-4.968816
4.998569
4.996527
-4.993143
4.997086
-4.996591
-4.991147
-4.990116
-4.997505
-4.989357
4.993817
-4.997878
-4.993767
4.997897
-4.997137
4.997335
-4.998878
-4.998325
4.997905
4.999104
-4.995069
-4.998400
4.996607
-2.525027
-4.997680
-4.991449
-4.991399
4.997840
-4.999540
4.997383
-4.998814
4.996179
-4.998593
4.995892
-4.997648
4.996191
4.992468
4.997544
4.998275
4.996188
-4.977917
4.999540
-4.994591
4.992368
4.996504
-4.998936
-4.995001
4.992914
4.997257
-4.998071
-4.991059
4.999542
-4.991399
4.996633
-4.998097
-4.997013
4.997442
4.997967
-4.998137
-4.998248
4.998350
-4.998401
-4.995894
-4.993484
-4.997722
4.996529
-4.995630
4.997194
-4.996709
4.990643
4.997437
-4.998639
4.997917
-4.988927
-4.996742
-4.998222
4.999025
4.976907
4.998047
-4.998620
4.993469
4.999131
-4.997607
4.996334
4.998369
4.997363
-4.998172
-4.978342
-4.996726
-4.993987
-4.998665
-4.988671
-4.995642
4.992814
-4.998703
4.989724
-1.733255
-4.998443
-4.997815
-4.997596
4.994654
4.896845
4.997496
-4.996356
-4.996688
4.997548
4.997006
4.956022
-4.997531
4.995089
-4.997817
4.996651
4.997764
4.997179
4.997928
4.998089
-4.997691
-4.995554
4.993509
-4.996691
-4.992224
-4.997315
-4.998822
-4.998073
0.868149
4.998605
4.996723
-4.956289
4.996799
-4.997474
-4.999248
4.996695
4.991366
-4.996127
-4.997567
4.993214
-4.993650
-4.998268
-4.997680
-4.996665
4.998512
-4.994019
4.998526
4.996766
4.996628
-4.997565
-4.995363
4.997830
-4.995443
-4.998797
-4.996722
-4.998695
4.994929
4.993826
4.995379
4.803234
4.996376
-4.999205
4.998235
-4.998093
4.998595
4.997668
4.997094
4.997158
4.999058
-4.997578
-4.996494
-4.994895
-4.998200
4.997299
4.996605
4.998590
-4.971117
4.996179
4.998971
-4.997364
-4.998396
4.992411
-4.996210
-4.997116
4.995771
4.994686
4.996180
4.995462
4.998468
-4.998552
4.997843
4.997866
-4.995338
4.996748
-4.998603
4.995897
4.998323
4.996260
-4.996383
4.995730
-4.996958
4.998302
-4.995753
4.996835
-4.997788
4.996586
-4.996720
-4.998705
4.997619
-4.985991
-4.988171
-4.996336
4.989484
-4.998398
-4.998193
-4.998537
4.997826
-4.997862
-4.996821
-4.996171
-4.997432
4.999541
-4.998335
4.993486
-4.997153
-4.997545
-4.996457
4.982963
-4.996969
4.997855
4.995230
4.996809
-4.989928
-4.993698
-4.994890
-4.998201
-4.995205
-4.989844
-4.996486
4.997210
-4.998528
-4.991774
4.997160
4.997464
4.997490
-4.995626
-4.998136
4.998066
-4.995458
-4.996628
4.994092
4.996308
-4.997525
-4.996008
-4.998368
-4.998564
-4.998492
4.998655
-4.997350
4.996056
-4.990979
-4.997183
4.996489
4.998701
4.996622
-4.997568
4.996407
4.763668
4.998115
4.997671
-4.992111
4.991658
4.998619
4.997705
-4.998075
4.995081
-4.997108
4.997836
-4.998158
-4.996538
-4.998793
4.998001
4.996759
4.996466
-4.997821
-4.997498
4.998180
-4.997257
-4.998632
4.998396
4.998827
-4.973424
-4.996940
4.997799
-4.995197
-4.996558
4.997913
4.997698
-4.998007
-4.993913
-4.998606
4.997239
4.997168
4.997394
-4.596579
-4.997137
-4.994926
4.998283
-4.998548
4.997719
-4.999543
4.990849
4.998959
4.993736
4.997784
-4.997092
4.995006
-4.998865
4.996679
-4.996048
-4.996290
-4.974762
4.997978
-4.996083
-4.996361
-4.999542
4.998330
-4.995912
-4.971037
-4.995391
4.997563
4.997710
4.996308
-4.997278
-4.996828
-4.997373
-4.997832
-4.997551
-4.998623
-4.997939
-4.998671
-4.998752
4.996648
4.996030
-4.998598
4.997334
-4.995551
4.997085
4.998114
-4.979936
-4.997242
4.980087
4.997547
4.998377
4.994569
4.997895
-4.998011
-4.998221
-4.997779
-4.997750
4.995079
-4.995892
-4.997840
-4.997744
4.997113
-4.995663
4.996996
4.998105
-4.998313
-4.998090
4.997792
-4.997248
4.997475
4.997904
4.995685
4.999543
-4.996085
-4.998219
4.996517
-4.997621
4.996927
-4.996868
4.998289
-4.987852
-4.995586
4.998297
-4.998123
4.996657
4.997006
-4.974055
-4.997150
-4.997353
-4.993721
-4.997481
-4.997489
-4.998272
4.994219
4.997379
-4.971246
-4.993592
4.992773
-4.995209
-4.997159
-4.996510
-4.997538
4.995096
4.995354
-4.998320
4.998499
4.997175
-4.998642
-4.994435
-4.998212
-4.998757
-4.995896
-4.996924
-4.998862
-4.997549
4.995154
-4.998364
-4.998905
4.994005
4.998966
-4.998665
-4.221797
4.998473
-4.994116
-4.997274
4.998541
4.995876
-4.991656
4.993772
-4.997403
4.998001
4.996763
-4.995732
4.998432
-4.361434
4.997727
4.998352
4.997137
-4.996636
4.995765
-4.998567
-4.993923
4.996988
-4.998004
4.994766
4.997703
-4.996321
-4.998161
-4.892213
-4.997820
-4.998325
4.995293
4.998877
-4.995948
4.998337
4.998456
-4.998539
4.994832
4.996264
4.994586
-4.999541
-4.998238
-4.996575
4.978132
4.998176
-4.998345
4.994890
4.998719
4.997223
-4.995996
-4.998408
4.998291
-4.997574
4.997559
-4.997128
-4.998426
4.998122
4.998769
4.996176
4.995547
4.999542
4.987191
4.998934
-4.999037
-4.997558
4.995054
-4.959795
4.998695
-4.997816
4.995323
4.997149
4.996518
4.995389
4.996379
-4.996705
4.998211
4.988662
-4.996450
-4.996589
-4.994670
4.995408
4.998717
4.972405
-4.995315
-4.996246
-4.998441
4.996794
-4.998056
4.997603
-4.937409
4.998601
4.997027
-4.997855
-4.995574
4.998647
-4.995911
4.996766
4.994606
4.998234
4.996160
4.995105
4.993848
4.997904
-4.998821
-4.997468
4.997353
-4.996799
-4.997189
-4.996894
-4.986385
-4.929368
4.997100
4.998030
4.998371
4.995119
4.998470
4.989492
-4.969183
-4.998120
4.997848
-4.995676
4.993074
4.997759
-4.994146
4.956678
-4.997583
4.997898
-4.998957
4.998200
4.997505
-4.993839
-4.997832
4.992960
-4.997060
4.997875
-4.998034
4.998807
4.996623
-4.997608
-4.999129
4.994780
-4.999068
4.988880
4.985933
4.994191
4.998161
-4.986938
4.998577
4.996631
-4.996957
4.958193
4.988625
4.998381
4.997840
4.996484
4.998387
4.990070
4.992038
4.992021
-4.996022
4.994989
-4.998951
-4.998181
4.939787
-4.998319
-4.998481
4.997884
-4.997069
4.997536
-4.996582
-4.998573
4.997460
-4.999014
-4.997425
-4.996676
-4.994832
4.999542
-4.999542
4.998590
4.996086
-4.994861
4.997753
-4.998715
4.997560
4.993936
4.998611
4.996949
4.998238
4.998960
-4.997767
-4.995558
4.994831
-4.997963
4.998452
4.996111
-4.997956
-4.998194
-4.998460
4.997416
4.993981
4.997462
-4.998500
1.862978
4.993095
-4.998312
4.997909
-4.997879
-4.996924
4.996123
4.999542
4.994419
-4.995544
4.996441
-4.996333
4.998430
4.986745
4.996616
4.997877
4.997195
4.998177
-4.995509
-4.997807
4.998150
-4.987340
4.997300
4.998617
4.996686
-4.997672
-4.998176
4.998971
4.998775
-4.996678
-4.996532
-4.996427
-4.997876
-4.998698
-4.998426
4.999539
4.996561
-4.998488
-4.998406
-4.996540
-4.996545
4.998096
-4.997516
4.997488
4.994139
-4.997622
4.997208
-4.998412
-4.763351
-4.997585
4.993554
4.994075
-4.993436
4.996583
-3.384429
4.995275
4.996934
-4.997721
-4.995348
-4.997450
-4.997067
4.997819
4.998577
-4.994293
-4.995869
-4.998104
4.993465
4.995497
-4.998033
-4.997929
-4.994363
4.998076
4.992947
4.996310
-4.997296
-4.997250
-4.998637
4.740062
-4.997608
-4.994134
4.995213
4.998623
4.998852
-4.996581
-4.998057
-4.997580
-4.997967
-4.997360
-4.998994
4.997892
-4.998044
-4.991757
-4.997122
4.996092
-4.998632
4.998409
4.996408
-4.997495
4.997459
4.998405
4.995526
4.995930
4.998824
4.987027
-4.910977
4.998663
4.996033
-4.997346
4.997660
-4.998165
-4.997661
-4.992145
-4.997104
4.996688
4.955572
-4.998858
-4.997194
4.998173
-4.998536
-4.997179
4.991512
4.302090
4.997235
4.995978
4.998364
4.995557
4.997124
-4.997679
4.997198
-4.997685
4.996663
4.991584
-4.863944
-4.998669
4.994980
4.998234
4.998994
4.997067
4.998909
-4.994219
4.998310
4.996628
-4.996590
-4.997580
4.993785
4.998207
-4.999030
-4.958518
-4.996683
4.995018
-4.997253
4.995941
-4.997896
-4.997951
4.944216
4.996837
-4.998380
4.996639
-4.480605
4.997323
-4.995475
0.943350
-4.998189
-4.997547
4.997434
-4.998603
-4.999149
-4.996671
4.997919
-4.998590
4.982656
-4.997134
4.996605
-4.998651
4.996555
4.996720
-4.997345
4.998809
-4.998159
4.998320
-4.998856
-4.999026
-4.996301
-4.998033
-4.946183
4.996743
-4.997324
-4.998607
4.997517
-4.996764
4.989853
-4.997274
4.998878
-4.998603
-4.995618
4.997688
4.984021
4.997347
4.998646
4.998074
4.997655
4.996701
4.997366
-4.997132
4.997504
-4.997604
-4.998021
4.996489
-4.997920
4.996853
-4.998752
4.997688
-4.997250
-4.998116
4.998820
4.997377
4.998715
4.998545
4.995690
4.995234
1.343458
-4.994109
4.996350
4.996870
-4.997166
-4.997084
-4.997655
-4.997937
4.999124
-4.997421
4.997241
4.996191
4.998106
-4.999108
4.999542
-4.997664
4.997952
4.998999
-4.998992
-4.996528
4.997620
-4.998861
4.996541
4.995266
-4.992396
4.986500
-4.997103
-4.998485
-4.997060
4.998076
4.995752
-4.999543
-4.998303
-4.998642
-4.994734
4.997965
4.997618
-4.998616
-4.996449
4.998504
4.997789
4.996429
4.998409
4.996705
-4.998195
4.987119
4.988774
-4.994664
-4.996599
4.995108
4.999542
-4.998722
-4.996646
-4.997636
4.996064
4.915260
-4.998895
-4.998203
-4.998876
4.994302
4.992078
-4.998408
-4.997642
4.995511
-4.996327
4.998272
-4.998865
-4.997250
-4.996990
4.998302
4.980715
4.993857
-4.997641
-4.995584
-4.907948
4.998018
3.735407
4.987700
-4.998251
-4.998821
4.998722
4.992236
-4.995742
4.987356
-4.998698
-3.482641
4.996829
-4.996212
4.997678
-2.906415
4.998795
-4.995633
-4.996720
-4.905692
4.992059
-4.995398
4.994054
-4.997578
4.998677
4.980275
4.997206
-4.699712
4.996501
-4.998458
4.997415
4.998389
-4.997731
-4.995622
4.996829
-4.997453
4.997754
4.994916
4.997461
4.997751
-4.993774
-4.997822
4.997772
4.998859
4.978582
-4.994298
4.997428
-4.998203
4.996691
4.996642
4.998224
4.998481
-4.998153
-4.967260
4.998238
4.994668
4.996967
4.997200
-4.997978
-4.997968
-4.992403
4.991625
-4.992580
4.997613
-4.998867
-4.998250
-4.997091
-4.995610
-4.999542
-4.996617
-4.997173
-4.997309
4.992991
4.995371
4.994989
4.992992
-2.289675
-4.997156
4.996555
4.985287
-4.997966
4.980879
4.996079
-4.997483
-4.995242
4.997070
-4.997133
4.995933
4.994459
-4.997721
-4.997371
-4.996534
4.996721
-4.997221
-4.997659
-4.994787
-4.998307
4.997536
4.997231
-4.994592
4.995379
4.996918
-4.997864
4.994896
-4.995041
4.998078
4.996394
-4.997058
4.996073
4.980720
-4.988123
4.998308
4.987976
-4.996266
-4.996616
4.997288
-4.991879
4.999541
4.997449
-4.996275
4.995589
-4.998000
-4.841220
-4.997487
-4.996513
-4.998658
4.998558
-4.999537
4.998133
4.998309
-4.997723
-4.997857
-4.997386
4.960175
4.998485
-4.994258
4.997914
4.994818
4.997245
-4.998270
-4.998087
4.993288
-4.998153
4.998099
4.998142
-4.998336
-4.997711
4.997936
4.996495
4.996231
-4.998003
-4.998509
4.996328
-4.998601
-4.997659
4.995059
-4.977213
-4.996840
4.997547
-4.998595
4.997333
4.997701
-4.996000
4.998484
-4.997368
4.997429
-4.994349
-4.998914
4.998518
4.995669
-4.998265
4.998198
-4.994145
-4.964418
4.994827
4.997518
4.999540
4.997286
-4.998023
4.997298
4.997605
4.996598
4.995360
4.999540
-4.998011
4.996895
-4.998940
4.997478
4.996082
4.997716
4.997422
-4.996674
-4.998849
-4.998863
-4.996659
4.996053
-4.997376
-4.997431
4.995140
4.841565
4.994990
4.995991
-4.997646
-4.997284
-4.998424
4.997236
4.995990
4.994747
4.998411
-4.996999
-4.998020
4.997698
-4.996166
4.997644
4.998165
4.996204
-4.998779
4.992344
-4.995305
4.998579
4.997157
4.997488
4.997337
-4.998327
-4.996666
-4.997202
4.996712
-4.998977
-4.998356
4.993285
4.997852
-4.991944
4.996639
-1.104982
4.997237
-4.998124
-4.988003
-3.528207
4.997577
4.997996
-4.997662
4.995677
-4.998110
-4.997576
-4.994133
-4.994615
4.998643
-4.998527
4.997315
-4.996558
-4.999117
4.997351
-4.998928
4.998953
-4.997289
-4.999539
4.989889
4.998348
4.593003
4.997883
4.998197
-4.993109
-4.998031
-4.995393
-4.978862
-4.995642
4.996718
4.996224
4.994906
4.996816
-4.995848
-4.996925
-4.999071
4.999114
4.995321
4.993408
-4.997934
-1.831629
4.997402
-4.998788
-4.996632
-4.998528
4.994071
-4.998530
4.993932
-4.995863
-4.999066
4.997660
4.994747
4.998162
-4.997530
-4.994704
-3.955658
4.995766
-4.814129
-4.998159
-4.998897
4.997885
4.999541
4.996285
-4.998896
-4.998490
4.997446
-4.995497
4.997524
-4.996120
-4.997996
-4.995108
4.997814
-4.996122
-4.780723
-4.993811
4.996437
4.993440
-4.997934
-4.997528
-4.998517
-4.998116
-4.995633
4.997944
4.996616
-4.995249
4.996745
4.996445
4.994911
-4.999130
-4.998008
-4.998766
-4.997165
-4.994696
4.948326
-4.994038
-4.981059
-4.995609
-4.998082
4.998130
4.997715
-4.975259
-4.998649
-4.998131
4.998599
4.997725
4.993464
4.993313
4.998317
-4.997964
4.992007
-4.997962
-4.998559
4.999543
-4.997608
-4.998482
-4.996005
-4.999190
-4.998774
-4.991553
-4.992439
4.998607
-4.996483
-4.997649
-4.996104
4.995430
4.997685
4.997398
4.997278
-4.994780
4.996480
-4.994796
4.996742
-4.997726
4.997793
-4.996666
-4.991715
-4.999073
-4.994599
4.996923
4.998001
4.998616
-4.997664
-4.997822
-4.993438
-4.995199
4.986657
4.999542
-4.987629
-4.997542
4.989973
4.998418
-4.997127
-4.994327
4.998213
-4.993687
4.995596
-4.998072
-4.997716
4.996809
4.997165
4.995373
4.998198
4.989330
-4.997763
-4.996733
4.993605
4.997743
4.997416
-4.993219
4.994283
4.997437
-4.997771
4.997531
4.997380
-4.997153
4.997935
4.431576
4.998839
4.932355
4.989524
-4.994633
-4.997376
-4.999543
4.997807
4.997572
-4.993592
4.998835
4.950161
-4.994208
-4.994715
-4.998625
-4.995992
-4.996299
4.996630
-4.996957
-4.999198
-4.998175
4.997629
4.996111
4.997914
4.997502
4.995238
-4.781663
4.994447
-4.997154
4.998877
4.998062
-4.995109
4.997822
-4.994569
-4.997682
-4.997670
-4.996673
-4.999009
-4.988195
4.995860
-4.994905
4.999539
4.997257
-4.995758
-4.999544
4.995954
4.996583
-4.989441
-4.997835
4.996158
4.997250
4.997384
-4.997839
-4.992265
-4.997194
-4.997634
4.998561
4.997667
4.996633
4.995200
4.996012
4.984093
-4.997424
-4.998958
4.996564
-4.994339
-4.997163
-4.997754
-4.984936
4.997553
4.998060
-4.952329
4.996802
-4.995423
4.994353
4.997333
4.997053
4.997827
4.998474
4.976002
4.998179
-4.998713
4.994528
4.996607
-4.998517
-4.996361
-4.997760
4.996015
-4.989508
-4.997696
4.996680
4.997809
-4.993043
-4.992250
-4.998274
-4.997157
-4.996682
4.998830
4.999165
4.999544
-4.996833
4.997904
4.997048
4.997771
-4.997267
4.999543
-4.997652
4.997514
4.998793
4.992542
4.997910
4.992911
-4.996394
-4.987284
-4.997570
4.996207
4.996733
4.997461
-4.997515
4.996770
4.998033
4.998746
4.986877
4.998537
-4.998512
4.997757
4.998814
4.996770
4.997889
-4.997896
4.997881
-4.997445
-4.998528
4.996945
4.998722
4.997942
4.998077
-4.999542
4.994649
4.996196
4.997714
-4.996805
4.998000
4.998013
4.998420
4.997260
4.994194
4.990840
4.996475
-4.995050
4.998846
4.990718
4.995321
-4.998308
1.356168
-4.998379
4.863607
-4.988845
-4.998961
-4.995201
-4.879627
4.998732
-4.997023
4.995813
4.996606
-4.997919
4.998345
-4.994847
-4.998335
4.998731
4.998628
-4.995916
4.997581
-4.997686
-4.995838
-4.998563
4.995642
4.700070
-4.998035
4.997531
4.992627
-4.997499
-4.997171
4.996599
-4.997080
-4.998807
-4.996648
-4.992695
-4.996701
4.996473
-4.999543
4.986849
-4.996956
4.996586
-4.998315
-4.997234
-4.998693
-4.997467
4.998110
4.997679
-4.998548
-4.996532
-4.997385
-4.998681
4.998494
-4.996672
4.998849
-4.998822
4.998785
4.995898
-4.996056
-4.993215
4.997881
-4.998199
-4.996621
4.996432
-4.994445
-4.312237
-4.997670
4.990227
-4.996208
4.995551
4.962839
-4.997990
4.998065
-4.997187
4.997787
-4.998870
-4.998519
-4.999179
-4.995628
4.996573
4.995373
4.998794
4.998144
-4.996872
-4.996761
-4.996110
4.996109
4.995293
-4.997803
4.997849
-4.996023
-4.998053
-4.997089
4.995921
-4.997773
4.996050
4.995895
-4.996132
4.996171
4.997536
-4.905782
-4.998290
4.998013
-4.722991
4.998290
-4.997592
4.997256
-4.996949
4.998859
-4.992160
-4.997740
4.994580
4.997548
4.997610
4.996151
-4.998131
4.997956
-4.998007
-4.997927
4.996655
-4.997946
4.997817
-4.998183
-4.995914
-4.996119
-4.999072
4.998154
4.997105
-4.997249
-4.996535
4.996577
4.998457
-4.996534
4.994932
-4.999542
-4.994629
-4.995417
-4.998525
-4.995486
-4.998138
-4.992133
4.998189
4.997663
4.996008
4.990555
4.999543
4.998464
-4.998292
4.998075
-4.996687
4.997435
4.998447
-4.997762
-4.993713
4.998104
4.998799
4.998174
4.994975
4.997564
-4.998018
4.997974
4.995301
-4.997784
-4.997321
-4.998478
4.998695
-4.998602
4.995316
-4.997395
4.996274
-4.997529
-4.995644
-4.992190
-4.998734
-4.995696
-4.996645
4.996284
-4.990769
-4.995760
4.997278
-4.997314
2.148566
4.998615
-4.998043
-4.991464
4.998625
4.997721
4.997217
-4.998135
4.998296
4.995180
-4.999052
4.996818
-4.998174
-4.997678
4.997488
4.998138
-4.997733
4.998148
4.993955
-4.995804
-4.967985
-4.995968
4.997329
-4.998511
-4.997109
-4.995966
-4.998691
-4.996659
-4.998718
-4.997739
-4.995620
4.995962
-4.998660
4.994614
4.998759
4.994978
4.998228
-4.996770
-4.997484
4.997916
4.997933
-4.992686
4.997779
-4.995019
4.996622
-4.997261
-4.997952
4.996065
4.996659
4.997093
-4.997539
4.994245
-4.995884
-4.997381
-4.997461
4.994610
-4.995103
4.995900
4.985346
-4.998421
4.997051
-4.996888
-4.996517
-4.996969
-4.998830
-4.997976
-4.997281
-4.997345
-4.994361
4.997340
-4.995439
-4.997199
-4.997611
-4.997044
4.991288
-4.993155
4.998195
4.989835
-4.998597
4.998237
4.997832
-1.920709
4.999001
-4.996991
4.997722
4.998303
-4.996202
-4.998369
4.990360
-4.999079
-4.993469
-4.989515
4.997859
-4.989135
-4.999041
-4.997599
-4.998422
0.993725
4.997365
4.994671
4.995762
-4.996104
-4.997947
-4.953703
-4.998836
4.998580
-4.995834
4.993148
-4.997476
4.994916
4.998413
-4.997916
4.995199
-4.996563
-4.997447
4.996775
4.996745
-4.999132
4.997485
-4.997729
-4.997830
-4.997595
-4.997603
4.995278
-4.998158
-4.997442
4.996576
4.999540
-4.998696
-4.996301
-4.998345
4.997603
4.994482
-4.999118
-4.997651
-4.998766
-4.995776
-4.998122
4.996723
-4.997040
-4.997697
4.997521
-4.997603
-4.995758
-4.993522
4.989636
4.976096
-4.997362
4.997130
-4.997524
4.997258
4.742623
-4.997891
4.848828
-4.970119
4.997767
4.995853
-4.998848
-4.997708
-4.997853
-4.997734
-4.998555
4.991748
4.998042
4.998446
4.998735
-4.997347
-4.997583
4.996582
4.996616
4.994218
4.996146
4.997489
4.997658
-4.997460
4.994589
-4.998359
-4.994997
4.997119
4.998574
4.996231
-4.997693
4.996760
4.995161
4.996661
4.997015
-4.996690
4.998152
-4.997958
4.996547
4.998014
-4.998979
4.996534
-4.981291
4.995195
-4.997091
-4.997262
-4.998820
-4.996460
4.998781
4.994187
4.997478
4.997816
4.996746
4.998037
-4.997190
4.998170
4.991731
-4.992075
4.999114
-4.997549
4.996978
4.943792
4.998888
4.996749
-4.997949
-4.990251
4.994563
-4.999543
-4.984510
4.996549
4.997550
-4.998106
-4.995894
4.997805
4.996703
-4.991883
4.997174
-4.997482
4.992958
4.980796
4.998286
-4.998244
4.997996
4.997810
4.997212
-4.997781
4.994809
4.996588
4.995348
4.997832
4.998379
-4.998087
-4.999541
-4.993290
-4.995497
-4.998626
4.998775
-4.997687
4.996945
-4.996983
-4.996990
4.997344
-4.997224
4.998162
-4.997962
4.996764
4.998089
4.994196
-4.997762
-4.997101
4.988563
4.997499
-4.997659
4.996702
-4.996369
4.995032
-4.995529
4.995698
-4.997900
-4.997499
-4.998585
4.992661
-4.997521
4.998757
4.997408
-4.998324
4.990997
-4.997642
4.996977
-4.938315
-4.998126
4.999125
4.993753
-4.997268
-4.996784
-4.995848
-4.998793
4.995327
4.997190
4.997507
4.996464
-4.997405
-4.997681
4.994973
4.997224
-4.997835
4.997525
4.998954
-4.998618
4.998191
-4.996184
4.995912
-4.994136
4.997824
1.480462
-4.993612
4.996052
-4.992199
-4.996488
4.997401
4.996491
-4.998169
-4.998299
4.997953
-4.997260
4.997704
4.998208
-4.996439
-4.993070
-4.997786
-4.994742
-4.996008
4.995199
4.998261
-4.997805
-4.997807
4.993466
4.997440
-4.986344
4.997886
4.994091
-4.997994
4.995487
4.994748
-4.993160
4.997572
-4.997507
-4.997138
-4.997483
4.997530
4.997086
-4.998967
4.996640
-4.998790
4.999538
-4.996824
-4.996274
4.998082
4.799586
-4.992560
-4.995941
-4.990208
-4.998766
-4.998167
-4.986007
-4.997346
-4.997228
-4.996985
-4.988528
4.997718
4.997189
-4.999544
-4.966719
4.998714
-4.998002
-4.998317
-4.999543
4.994591
-4.997945
4.997496
4.998109
-4.996101
-4.996622
-4.998434
4.995868
-4.996509
-4.995114
-4.998251
-4.999117
-4.997574
4.997679
-4.996882
4.997872
-4.946665
-4.998503
-4.996344
-4.991404
4.998249
-4.982437
4.998389
4.994912
4.998411
4.998389
-4.995642
4.992473
-4.995356
-4.995194
-4.988904
-4.994623
4.997108
4.985679
4.998380
4.995948
-4.997179
-4.998760
-4.998760
-4.997283
4.997276
-4.993245
4.996625
4.928168
4.995358
-4.998362
4.996803
4.998818
4.996630
4.996431
-4.978707
-4.994213
-4.775304
4.998442
-4.997414
-4.992694
4.996230
-4.991232
4.997150
-4.998232
4.995328
-4.997580
-4.997882
-4.997787
4.997122
4.997407
-4.997695
-4.996125
4.996818
4.997737
-4.994523
4.995472
-4.500298
-4.997141
4.998732
4.997810
-4.954249
-4.991187
-4.998477
4.829176
-4.978828
4.997828
-4.998403
-4.998588
-4.995679
-4.994705
-4.998625
-4.996146
-4.997129
4.998327
4.998080
4.997037
4.986650
-4.986789
-4.998837
-4.996735
-4.997899
-4.996584
4.997364
-4.999543
-4.997258
-4.998757
-4.992711
-4.996588
-4.998412
4.996697
-4.997932
-4.998957
4.997954
-4.981172
-4.998671
4.997880
-4.999527
4.998042
-4.984713
-4.996234
4.999187
4.995519
4.993434
4.996735
4.994371
-4.997807
-4.994241
-4.997495
-4.997990
-4.999135
4.998215
-4.998458
4.998993
4.998440
4.996980
4.992237
-4.995569
4.990516
-4.997218
-4.997972
4.997977
-4.996189
-4.996647
-4.997014
-4.997326
-4.998055
4.997461
4.996658
-4.667414
4.998623
4.999544
4.995331
-4.986782
4.993337
4.996513
4.990360
-4.996752
-4.998177
4.990029
-4.997950
-4.997860
-4.780070
4.998317
-4.927163
4.998902
4.766620
4.988658
-4.997363
-4.996747
-4.996899
-4.994013
4.998759
-4.997955
-4.981945
4.998099
-4.996716
-4.996119
4.997621
-4.998254
4.997000
4.999046
-4.997755
4.998108
4.996738
4.995319
4.995638
4.996636
4.999168
4.997267
-4.996527
4.998259
-4.993534
4.997680
4.997732
4.997615
4.997255
-4.996382
-4.612180
4.997473
-4.997537
4.998685
-4.997160
4.998673
-4.998190
4.996428
4.999133
-4.998279
-4.427825
-4.997660
4.998104
4.998091
4.998092
4.993167
-4.999121
4.995376
4.998972
-4.997381
-4.998920
-4.996654
-4.997712
4.997762
4.993715
4.999143
-4.999051
-4.988997
4.989556
4.996785
4.996614
-4.995844
4.997047
-4.996462
4.997767
4.997737
4.998801
-4.998318
-4.997082
-4.996766
-4.998824
-4.997864
4.998250
4.996896
-4.998658
4.998216
4.998383
-4.997370
4.998704
4.996663
4.994767
4.992667
-4.997373
-4.998643
-4.993670
-4.998736
-4.997932
4.998105
-4.996054
-4.996810
-4.992448
-4.996647
4.995578
4.997753
-4.997283
4.990673
-4.999539
-4.997598
4.996883
4.998699
4.993550
4.997328
4.998007
4.998656
4.974239
4.996603
-4.993789
4.997626
4.996062
-4.998408
-4.997850
4.996992
-4.992692
4.996760
4.998347
-4.995270
4.994778
-4.995641
4.996822
-4.997677
-4.996547
-4.997897
-4.999036
-4.999101
4.997235
-4.998732
4.999135
4.997148
4.996772
-4.997485
-4.995675
4.995948
4.998355
4.997778
-4.994348
-4.998409
-4.997416
-4.996612
-4.997979
4.997060
4.996740
-4.998528
4.996772
-4.998083
4.997270
4.995056
4.992671
-4.998320
4.997104
4.997653
-4.998466
4.996700
4.996282
4.997297
4.997412
-4.998212
4.996871
-4.997794
-3.214414
-4.996741
4.995289
-4.949885
-4.998089
4.996746
4.998399
-4.569651
4.998486
-4.996627
-4.997518
-4.997083
-4.994981
4.997481
4.998058
-4.998458
4.997727
-4.998693
4.997821
-4.998348
4.997144
-4.999543
-4.996538
4.997413
-4.997972
-4.998438
-4.991893
-4.996641
-4.999142
4.998176
-4.998618
-4.996482
-4.996959
-4.997803
-4.997369
-4.991950
4.998135
-4.996626
4.954518
4.995101
4.999542
-4.997439
4.991604
-4.997921
-4.998406
-4.998941
-4.998816
-4.996277
4.997970
-4.996491
-4.993585
-4.997564
-4.997493
-4.997251
4.997049
-4.996835
-4.996177
-4.995046
-4.996788
-4.996644
-4.997502
-4.995009
-4.995908
-4.996047
4.998153
-4.988506
4.996765
4.998287
-4.996585
4.997881
4.991135
-4.997082
4.996802
-4.997799
4.995388
4.994724
-4.999127
4.996641
4.997805
-4.991863
-4.996517
4.995935
-4.996867
4.998088
4.991556
4.998232
-4.996250
4.997482
-4.998310
4.997500
4.997271
-4.996696
-4.999248
4.996646
-4.988762
4.996747
4.996313
4.996692
4.998270
-4.997560
-4.996330
4.995774
4.997221
-4.997970
-4.997239
-4.998016
4.997534
-4.988687
4.988772
-4.998292
-4.994137
-4.998433
-4.996616
4.999542
4.996780
-4.998479
4.998690
-4.998967
4.996389
4.996566
-4.989370
4.996816
-4.996536
4.998341
4.995854
-4.996792
-4.998320
4.988672
-4.993239
-4.998804
4.996671
-4.997265
4.996780
-4.996530
4.997480
4.993561
-4.997322
-4.997857
-4.999098
-4.996925
-4.995866
-4.993831
-4.998812
4.996147
4.997538
-4.997760
4.996236
4.994950
-4.997442
4.997822
-4.998185
-4.998630
4.997161
-4.998551
4.997900
-4.991933
4.998303
4.995811
-4.998446
4.990101
-4.996247
-4.997448
4.996053
4.999194
4.995452
4.989306
-4.997916
-4.998478
-4.993202
4.991919
-4.998960
4.991631
4.901324
-4.993827
-4.994857
4.995148
-4.997858
-4.998265
-4.998387
-4.998235
-4.996251
-4.998124
4.995577
4.997580
-4.997121
4.995973
-4.997325
-4.988962
4.998103
-4.998833
4.998534
-4.996918
-4.989731
-4.995904
4.974658
4.998010
-4.997266
4.992064
-4.997864
4.997166
4.999043
-4.998184
4.998225
4.997562
-4.998389
-4.995088
4.997562
-4.998440
4.995104
-4.994992
-4.996530
-4.999264
4.995471
4.997880
-4.994208
4.994188
4.989004
4.998221
4.997743
4.960141
4.998761
-4.993326
4.993243
-4.996647
-4.994884
4.997691
4.991767
-4.986526
-4.997071
4.996214
4.996869
4.998666
-4.996668
4.991143
-4.997766
-4.990311
4.935444
4.997700
4.997214
4.998572
-4.998129
4.994100
4.995599
4.998127
4.995787
4.882702
-4.997059
-4.986597
4.982066
-4.992280
4.998135
4.998671
-4.997756
4.997574
4.994173
-4.998029
4.990456
4.994305
4.998756
4.996757
-4.997685
-4.998571
-4.994767
4.996541
-4.996554
2.529842
-4.996436
-4.994885
-4.997144
-3.786995
4.996800
4.997365
-4.994650
4.997025
-4.996610
4.996748
4.996325
-4.998021
4.997659
4.998859
4.996566
-4.997877
4.996400
-4.998570
-4.997879
-4.998199
4.996706
-4.998035
4.997050
-4.995058
4.997544
-4.951557
-4.998842
-4.999190
-4.996480
4.997604
-4.998573
3.140057
4.997060
4.747674
-4.985232
4.979756
-4.997660
4.997425
-4.997729
4.989619
4.997834
-4.991724
4.995261
-4.994771
-4.998558
-4.994825
-4.995274
4.997729
-4.996553
4.997801
4.979753
4.973504
4.998684
-4.998549
4.998788
4.997396
-4.999538
4.995746
-4.997879
4.994451
-4.998333
-4.994529
-4.995513
-4.998948
-4.996647
-4.726877
4.998500
-4.997487
4.998525
4.991502
4.994761
-4.996810
-4.997734
-4.997946
4.996346
4.995207
4.996203
-4.998124
4.995523
4.996445
-4.997204
-4.997988
-4.994758
4.998129
-4.993840
-4.996540
4.993031
4.957555
4.998502
-4.997280
4.997537
-4.998675
-4.998361
4.998720
-4.998382
4.997816
-4.996666
-4.997464
-4.994176
4.998041
-4.997788
-4.997095
4.997465
4.996387
-4.997526
-4.975824
4.993831
-4.997288
-4.997936
4.996082
-3.246334
-4.999543
4.569422
-4.993541
4.997766
4.998914
-4.996831
4.995624
-4.997702
-4.997483
4.996556
-4.999541
-4.969187
-4.995151
-4.998272
4.995995
4.998387
-4.997741
-4.998872
-4.997751
-4.998467
-4.998320
-4.991711
-4.998256
-4.998817
-4.999541
4.998983
4.997966
-4.999046
-4.993368
4.995924
4.998025
-4.993793
4.997440
4.998103
-4.998011
4.921320
4.998411
-4.996479
-4.997786
4.997708
4.993449
-4.996652
-4.996118
-4.995910
4.991781
4.997575
4.998712
-4.997066
-4.996050
4.999542
-4.997894
-4.997687
-4.998581
-4.998604
-4.996270
-4.970238
-4.996498
4.997166
-4.997122
-4.998358
-4.989120
4.998555
4.996938
-3.276368
4.995475
4.995107
4.995856
4.997202
4.998393
4.997305
-4.998810
4.998024
4.995173
-4.997692
-4.995155
4.988967
4.999229
-4.998901
-4.998155
4.997395
-4.999543
-4.992826
4.996944
-4.991433
4.998352
4.997734
4.998959
-4.980672
4.993491
-4.998390
4.991004
4.998314
-4.998359
4.997502
-4.996581
-4.997716
-4.998668
-4.993926
-4.992671
4.997234
4.980373
-4.998210
-4.997818
-4.998559
-4.993167
4.969954
-4.997860
4.994143
4.998395
-4.998148
-4.999228
4.997084
-4.997239
-4.998729
4.957358
-4.995857
-4.997696
-4.998007
-4.998235
4.997562
4.994151
-4.998794
-4.997995
4.998846
-4.959254
4.996622
-4.997387
-4.997937
-4.994368
4.991855
4.998037
-4.997623
-4.999157
-4.997427
4.996658
-4.998044
-4.997624
-4.996554
-4.994313
-4.998023
-4.993937
4.997261
-4.997072
-4.998257
4.995749
-4.996399
-4.997431
-4.997685
4.997851
4.994900
4.997259
4.998432
4.997683
4.997504
4.997670
4.996731
-4.996785
-4.998024
-4.992953
-4.996575
-4.998346
4.996822
4.996973
4.998337
-4.997614
-4.998957
4.953197
4.980567
-4.994517
4.998503
4.998692
4.995922
4.974769
4.996766
4.997583
-4.989057
-4.997287
-4.997831
-4.997196
-4.996453
4.995360
-4.992078
4.998090
4.997966
4.994869
4.993474
4.998129
4.992176
-4.998591
4.995111
-4.999542
4.996957
4.984256
-4.997768
4.992514
-4.997970
4.997758
-4.999230
4.998915
-4.996538
4.996870
4.996954
4.998683
4.998143
4.992169
-4.998220
4.981601
-4.998921
4.998148
4.997649
-4.996496
4.996070
4.997305
4.998416
-4.998574
-4.996504
-4.997472
4.998686
4.995087
-4.996654
4.996652
4.996704
4.996424
-4.997706
4.995533
4.983433
-4.997537
-4.997103
-4.996654
4.997677
4.998106
4.983843
4.993479
-4.992864
4.997741
-4.975218
4.997927
4.997414
4.994294
-4.996268
-4.996779
-4.995629
4.997876
-4.996012
4.995226
4.997104
-4.998401
4.998081
4.993340
-4.996625
4.996379
-4.998213
4.996486
-4.997464
-4.997917
4.998600
4.997870
4.992588
-4.998546
4.979526
4.995679
-4.997472
-4.996029
4.997611
-4.993191
4.995749
4.994870
-4.978971
4.993465
4.984346
-4.991412
-4.998400
4.997913
4.585016
-4.995069
4.997593
4.994703
-4.999542
4.998780
4.997741
4.991969
4.997717
4.997587
-4.997850
4.996398
-4.993849
4.997772
-4.997938
4.994957
4.997917
4.998347
4.998835
-4.999543
4.995267
4.996851
4.996490
-4.996865
-4.984840
-4.998214
4.997266
4.993478
-4.998608
-4.998186
4.996312
-4.997739
4.980365
-4.994958
-4.997984
4.997851
-4.995461
4.995500
4.998335
-4.995306
4.995732
-4.996574
-4.992344
4.992787
4.996701
4.996035
4.994970
4.993252
4.997354
4.997585
-4.997374
-4.993921
4.995574
4.995646
-4.998470
-4.998464
-4.995643
4.998118
-4.999218
-4.995260
4.996326
4.996804
4.996610
-4.997976
-4.994802
-4.995501
4.997441
4.995014
4.997871
-4.997102
4.995790
4.997166
-4.997852
4.992539
-4.996742
-4.998316
4.997542
-4.997465
-4.994526
-4.997872
4.998247
-4.998103
-4.994920
-4.997502
-4.997172
-4.997953
4.970090
-4.998439
-4.995050
-4.994812
4.996933
4.998391
-4.996361
-4.996377
4.998420
-4.979993
4.994907
-4.998081
4.988463
-4.996746
4.996978
4.997862
-4.997290
-4.990723
-4.997640
4.883967
-4.997285
-4.994095
4.989409
4.998197
4.998252
-4.994766
4.998121
-4.993942
-4.995516
4.998202
4.996876
-4.997700
-4.996510
4.998587
-4.996714
-4.998840
-4.998120
4.992806
4.997610
-4.996466
-4.995951
4.995795
-4.997347
4.997816
4.995731
4.997345
4.988379
-4.994150
4.996516
-4.996959
-4.996720
-4.995768
-4.997638
-4.997511
4.998182
-4.997994
4.997371
4.996085
-4.989216
-4.998270
4.993731
4.992301
4.998186
-4.998518
4.997767
4.998101
-4.998803
-4.996468
-4.989177
4.997040
4.995929
4.996928
4.989206
-4.997311
4.994641
4.998292
4.996533
4.998376
4.995188
-4.997687
-4.998181
-4.994162
-4.998565
-4.997622
-4.994920
4.907845
4.992579
-4.997827
4.994440
-4.993877
4.996764
-4.997905
4.997930
-4.996034
-4.998537
4.993757
-4.996957
4.995865
-4.995229
4.990288
-4.998284
4.978079
4.997613
4.997597
4.997712
-4.994839
4.992714
-4.966249
-4.958934
4.994866
-4.998835
-4.997838
-4.996593
4.997183
4.971819
4.996584
-4.997843
4.998275
4.999175
-4.996749
4.995545
4.998611
-4.998307
4.995878
4.998549
-4.975499
-4.997150
-4.996619
-4.996457
-4.984587
4.998367
4.987594
4.997480
-4.994695
4.998315
4.998623
4.996059
-4.997817
-4.998275
-4.995284
-4.993981
-4.996721
-4.999269
-4.996696
-4.997748
-4.997793
4.997195
-4.997172
-4.997744
-4.997891
4.994795
4.996448
4.852572
-4.998987
-4.994721
4.997562
4.997706
-4.983299
4.998611
4.997161
-4.997541
4.997887
4.998847
-4.995708
4.993381
4.996300
4.996674
-4.999543
-4.995565
4.997685
4.997055
-4.981245
-4.966820
4.996902
4.998528
4.999022
-4.998532
4.997764
4.996825
-4.998012
-4.997939
-4.995450
-4.997963
4.982064
-4.997189
-4.998088
4.998969
-2.053340
-4.992514
-4.998838
4.998836
-4.997969
-4.997279
4.997296
-4.995933
-4.998098
-4.998146
4.995972
4.993577
-4.994020
4.992532
4.988474
4.997601
4.997469
-4.992674
-4.995677
0.863775
4.997398
4.995707
4.995045
4.998037
-4.995818
-4.997851
4.994369
-4.990022
-4.999542
-4.996427
4.998015
4.996862
-4.995087
-4.997258
-4.998179
-4.998421
4.995428
4.998988
4.998571
-4.997890
4.997742
4.997557
-4.997837
-4.998694
-4.995680
-4.996761
-4.998375
-4.997425
4.998809
4.998540
4.998545
4.997388
4.995454
4.992582
-4.997075
-4.998074
-4.997942
-4.998299
-4.998800
4.996037
-4.997846
4.996796
-4.998529
-4.997880
4.993871
4.996274
-4.995167
4.997111
-4.998289
-4.997984
-4.998700
-4.773536
-4.998165
-4.997466
4.997997
-4.970436
-4.998362
-4.998359
4.997275
4.992994
-4.998677
-4.996531
-4.997776
4.995663
4.997279
4.997241
-4.995950
4.995428
4.993644
-4.998007
4.997033
-4.979655
4.997646
4.998671
-4.995938
4.998126
-4.998329
4.997724
-4.994357
-4.998263
-4.994825
-4.998371
-4.997841
4.996326
4.994643
-4.995929
4.998152
-4.996000
-4.998539
-4.994636
4.998884
-4.842804
4.998129
-4.992516
-4.998881
-4.998479
4.994907
4.995971
4.994856
4.998485
4.976654
-4.997528
-4.996523
4.997980
4.998722
4.998503
4.502156
4.994923
-4.996465
4.993234
-4.997538
4.998167
-4.996585
4.989556
4.998782
-4.971500
4.998752
4.998537
-4.997709
-4.998962
-4.995642
-4.996228
4.997160
-4.998592
-4.998036
-4.995390
4.998211
4.998523
4.996629
4.996667
4.999200
4.915947
-4.991169
-4.997987
4.998156
4.887300
-4.998952
4.934131
4.996312
-4.998161
-4.998682
-4.996653
4.997106
-4.997183
-4.992470
4.996018
-4.998942
4.999498
-4.998007
4.990642
-4.994824
-4.998341
4.997137
-4.993050
4.998188
-4.994453
-4.997760
-4.997968
4.997026
-4.996277
-4.995735
4.994322
-4.998039
4.997118
-4.997952
4.998402
4.996574
-4.979398
4.999009
4.995181
4.992978
4.995679
4.997405
4.995689
-4.994049
4.996838
4.997231
4.997396
-4.999157
4.996818
-4.997087
-4.997060
-4.997244
-4.975563
-4.995036
4.990922
4.998267
-4.998723
4.997689
4.996663
-4.998333
-4.943517
4.998339
-4.988398
4.997502
4.998761
4.998971
-4.996696
-4.997218
-4.997465
4.998929
-4.994297
-4.994946
-4.997246
4.994583
-4.998639
-4.999094
-4.996422
-4.979182
4.994507
-4.994946
-4.996633
4.948495
-4.998321
-4.997136
-4.997217
4.998040
-4.997519
4.996351
-4.998301
4.992048
-4.995391
-4.995928
-4.997555
4.998816
-4.997850
4.999543
-4.997798
4.997250
4.998413
4.999541
-4.997500
4.982566
-4.997117
-4.997603
-4.996618
-4.998646
-4.997689
4.996596
-4.997535
-4.991995
-4.992949
-4.986116
-4.997711
4.997160
-4.997747
-4.998604
4.994781
-4.996595
4.998535
4.993627
-4.998534
-4.996685
-4.998789
-4.996140
4.998458
-4.998505
4.996613
-4.997090
-4.996370
-4.993053
-4.996646
-4.997373
-4.996465
4.996804
4.995780
4.995910
-4.992673
4.949758
4.999543
-4.996473
4.992209
4.879727
4.996709
4.997475
4.998242
-4.998104
-4.998165
-4.981023
-4.992999
-4.991487
4.995089
-4.994132
-4.995355
-4.998167
-4.997115
-4.970619
-4.994315
-4.998011
-4.998178
-4.998327
4.999543
4.997580
-4.992968
4.998753
4.996221
-4.998522
4.998822
-4.998306
-4.997597
-3.685584
4.995251
-0.543247
-4.995243
4.995104
-4.997329
-4.998805
4.994453
4.926552
4.995815
-4.997914
-4.998174
-4.998963
4.998616
4.997826
4.998727
4.998319
-4.999113
-4.998102
4.996654
4.995694
4.997487
-4.995879
-4.994709
-4.995993
-4.999036
4.998349
-4.998206
-4.991569
4.998967
-4.998988
-4.998223
-4.998589
4.994360
4.997405
4.998719
4.997790
-4.997748
4.988449
4.991960
-4.997631
-4.998713
4.995134
-4.996817
-4.999541
4.997284
4.998214
-4.997916
4.995230
4.964319
4.998972
-4.998468
-4.997805
-4.995308
-4.499334
-4.998003
4.995620
-4.997846
-4.995206
4.996667
-4.995457
-4.982470
-4.984382
-4.996286
4.995187
-4.998782
4.995998
4.998832
-4.993461
-4.996944
-4.997819
4.995696
-4.993238
-4.998817
4.998561
-4.995657
-4.997644
-4.998124
4.994362
4.996815
4.991118
4.997971
4.997466
4.998068
-4.999161
4.998342
-4.998923
4.993468
-4.997771
-4.998450
4.989646
4.997109
4.998648
-4.997631
4.998090
-4.999049
4.998396
-4.998016
-4.997792
-4.998169
4.997768
-4.994685
4.998411
4.997256
-4.998828
-4.980820
-4.997329
-4.990253
4.996710
4.994081
4.998396
4.996503
-4.998157
4.996698
-4.997374
-4.998201
4.994746
-4.997575
-4.997972
4.997953
4.998437
4.998561
-4.998683
-4.998371
-4.998189
4.998229
-4.997420
4.908086
4.992745
4.998779
-4.997883
4.996265
-4.998207
4.997993
4.996842
4.999072
-4.997361
-4.991474
-4.998383
4.997994
-4.998156
-4.997155
4.998856
-4.997852
4.996682
-4.984879
4.995940
-4.997320
-4.992020
-4.997250
-4.997657
4.996187
-4.991306
-4.984177
4.998400
-4.998118
-4.998873
4.997966
4.993048
4.998970
-4.993902
-4.994870
-4.997760
4.996611
4.997694
4.998446
-4.997460
4.997301
-4.989776
-4.996585
-4.997098
4.997212
-4.997982
4.992911
-4.998200
4.997784
-4.998134
4.998896
-4.998366
-4.996519
-4.997592
4.995700
-4.998196
4.992891
4.999117
-4.843719
4.992810
-4.997950
4.995017
-4.999542
4.992425
-4.998605
4.997117
4.994490
4.932482
-4.996849
-4.997060
4.997814
-4.998735
-4.999104
-4.999029
4.999022
-4.997977
-4.803103
4.998795
4.998947
4.995726
-4.995528
-4.998370
4.996425
-4.998195
-4.993975
4.998165
-4.995469
4.996675
-4.998360
4.996721
4.995624
4.997172
4.995273
-4.995154
-4.994012
4.996719
4.997777
-4.997332
4.996559
4.995266
-4.998710
4.987051
-4.996896
4.996765
4.996761
-4.991989
-4.996001
-4.992786
-4.996132
4.998194
-4.997894
4.997706
-4.997654
-4.997937
-4.998515
-4.997833
-4.996179
-4.960237
4.992372
-4.995648
4.994649
4.995628
-4.998094
-4.997238
4.997779
-4.997205
4.995950
4.993219
-4.998187
4.997620
4.998181
4.994794
-4.997352
-4.996250
-4.996682
4.995517
-4.997413
4.992711
4.998493
-4.997689
4.999073
4.998116
-4.995440
4.978815
-4.997736
-4.997898
-4.997952
4.996150
4.994846
4.998811
-4.999051
4.998118
-4.997344
-4.996398
-4.997694
-4.999051
4.972906
-4.997860
4.998569
4.998151
4.997841
4.998614
-4.995233
-4.996615
4.998938
-4.994308
4.994449
4.998281
-4.998485
-4.997595
4.995645
-4.997405
-4.981855
4.991998
-4.996700
-4.997455
4.996873
-4.997756
-4.998541
4.998121
-4.996615
4.982809
4.997815
-4.998474
-4.998106
4.996611
4.997738
-4.997086
4.993868
4.998808
-4.997223
4.992053
-4.972841
-4.998779
-4.988165
4.997280
4.995654
4.998729
-4.995216
-4.997181
4.998462
4.992701
4.996737
-4.996873
-4.997940
4.997449
4.997420
4.997810
4.996735
-4.996571
4.997497
4.994980
4.997682
-4.996791
-4.998860
4.994590
-4.990256
4.997811
4.998115
4.997425
4.996460
-4.998486
4.994015
-4.998152
4.981581
-4.995733
-4.997242
-4.996508
-4.997194
4.993944
-4.996803
-4.996599
4.997469
-4.996051
4.985596
4.997941
4.999131
-4.996718
-4.996761
-4.997049
4.997120
-4.999541
4.998365
4.996481
-4.996979
-4.996507
-4.998389
-4.995185
-4.995742
-4.995965
4.998309
-4.986273
4.993730
-4.996640
4.997852
4.992702
4.997314
4.996973
4.998526
-4.996745
4.998854
-4.995919
-4.998782
-4.998597
4.997604
4.998423
-4.997731
4.994693
4.997366
-4.997654
4.998571
-4.998215
-4.998275
-4.986911
4.998934
-4.994484
-4.996375
4.999539
4.997478
-4.997087
-4.998238
-4.999048
4.996561
4.998131
-4.996371
4.998484
-4.996474
-4.995797
4.989474
4.997871
4.997223
4.988834
-4.998431
-4.997429
-4.997225
4.996831
-4.989897
-4.994595
4.996457
-4.997994
-4.996651
-4.995753
-4.992518
-4.995415
-4.999167
-4.992106
4.997687
-4.995576
-4.998753
4.998354
-4.997600
4.995948
4.998589
4.997436
4.998597
-4.998051
-4.945197
-4.997296
-4.996499
4.998967
-4.997439
4.996707
-4.998128
4.996674
-4.997066
-4.998395
-4.995233
2.536145
-4.997449
4.989345
-4.997341
-4.997954
-4.998316
-4.998339
4.998415
-4.997344
-4.861017
-4.997767
-4.996442
-4.997410
4.997971
-4.998722
-4.510627
-4.997376
4.997714
-4.998166
4.998609
4.988711
-4.995848
-4.997602
4.996203
-4.998117
-4.996745
-4.998130
4.993676
4.992223
-4.995029
4.989441
4.993962
-4.998292
-4.999541
4.998376
4.991981
4.995188
-4.997579
-4.979389
4.997898
-4.995592
-4.995018
-4.999544
-4.793185
4.940209
4.996224
-4.998230
4.994004
-4.993903
4.998033
4.997792
-4.996467
4.990375
4.995812
-4.998931
4.998432
-4.998444
4.996692
4.998392
4.998819
4.997264
-4.997120
4.995895
-4.996640
-4.997354
4.997709
-4.996144
4.996632
4.997167
4.990507
-4.996736
4.997680
4.998278
4.996486
4.997010
4.998724
4.997784
-4.996251
4.998124
4.996016
-4.999112
-4.995944
-4.998171
4.998017
-4.995576
4.992051
-4.994501
4.997630
4.996023
-4.993857
-4.996009
-4.998382
4.986780
-4.998720
-4.997219
-4.994809
4.992175
-4.996114
-4.998232
4.998213
4.988396
-4.994757
-4.999007
-4.998949
-4.991031
-4.996310
4.997866
-4.997868
4.991278
4.993219
4.998051
4.990637
-4.998512
4.995320
4.997997
4.992312
-4.997682
4.997446
4.997182
-4.992201
-4.995695
-4.999543
-4.996582
-4.997889
-4.993667
-4.993709
-4.998121
-4.996712
4.997920
4.996692
4.997536
4.996519
4.997628
-4.998381
-4.996469
4.997557
1.498760
-4.997641
4.997788
-4.997495
4.997770
4.995933
4.997271
-4.996213
4.998458
-4.998834
4.998956
-4.997637
-4.996368
-4.997805
-4.997257
4.995778
-4.998328
-4.996539
-4.996536
-2.096440
-4.997969
4.998125
4.998136
-4.998279
4.991894
4.997474
4.998574
-4.998337
-4.998817
4.994547
-4.998580
4.997976
-4.997139
-4.991033
-4.997190
-4.998121
-4.997831
4.997071
-4.998064
4.997612
4.996810
-4.995514
4.997845
4.997623
4.998018
-4.997194
4.971791
4.955154
4.996656
4.996045
-4.996602
4.992823
-4.997365
4.997442
-4.998568
-4.998262
4.998620
4.996245
4.997384
4.998840
4.998588
-4.996525
4.993129
-4.961160
4.994439
-4.995557
4.987899
-4.997826
4.997272
4.914911
-4.993214
-4.997877
-4.996604
-4.997806
4.998672
-4.998225
4.995224
4.998456
4.996625
-4.947044
4.997064
-4.996710
4.997934
-4.996370
-4.999047
-4.998935
-4.997515
4.998105
-4.998898
4.998546
-4.997053
4.996336
-4.994486
-4.997257
-4.996696
-4.992449
-4.997889
-4.998548
-4.998210
-4.995789
-4.998094
-4.997437
-4.996740
-4.998554
4.994759
-4.998256
-4.997439
-4.997599
4.997126
-4.998150
4.994336
4.997320
-4.994137
-4.997454
4.998177
-4.992987
4.997256
4.998222
4.997392
4.997965
4.997095
