5.000000	1.300000	50	0.100000	ARCHIVOS_REDES\ER\ER_639.txt
0.055083	4.973469
4.995363
-4.994393
-4.996224
-4.997194
-4.962040
-4.993527
4.997779
4.995651
-4.996407
4.983072
-4.985818
-4.994759
-4.997594
-4.993072
4.989494
-4.997309
-4.996338
-4.997201
4.992927
4.992596
4.995140
4.997381
-4.996223
-4.990328
4.992781
-4.993812
-4.993083
4.994583
-4.997508
4.996295
4.989774
4.995716
-4.996679
-4.997282
-4.983495
-4.995324
-4.993920
4.996156
-4.996905
-4.992144
-4.996118
-4.996396
4.998062
-4.993700
4.994001
4.994304
4.397106
-4.994798
-4.996736
4.997392
-4.994417
-4.995865
-4.996052
-4.997495
4.994912
-4.995455
-4.993216
-4.990566
-4.993121
-4.995634
4.994703
-4.992605
-4.994944
-4.991481
-4.996801
4.997424
-4.996922
4.995353
-4.997156
-4.998380
-4.988945
4.997461
-4.995135
-4.994640
4.995008
4.993476
4.972999
-4.997254
-4.997197
4.996796
4.994360
4.993932
-4.898017
-4.991992
-4.996799
4.995452
4.887909
4.996260
-4.995792
4.993444
-4.997916
4.998175
4.997424
4.996364
-4.974526
-4.992709
4.995949
4.996178
-4.990875
4.995829
4.993609
4.994123
-4.997059
-4.995505
4.984236
4.996889
-4.996175
4.992585
4.997090
4.995956
4.994071
-4.997035
-4.995367
-4.994557
-4.921344
4.986461
-4.989786
-4.994778
-4.996905
4.998361
-4.995037
-4.996555
-4.996125
4.995818
-4.993411
4.997655
-4.996138
-4.994669
-4.994041
4.996239
-4.993436
4.993070
-4.996928
4.996054
-4.991449
4.995884
-4.995258
4.995319
4.996711
4.994048
-4.997839
4.995522
-4.997803
-4.994556
4.998195
4.994070
-4.997740
4.998083
4.999012
4.988556
4.996505
4.994225
-4.994553
4.998092
4.994325
4.997313
2.994862
4.993936
4.998020
-4.995824
4.985543
-4.997267
4.995962
-4.993098
4.996995
-4.995938
4.996808
4.995427
-4.995233
4.980428
4.992415
4.997113
-4.993645
4.994953
-4.995712
4.998218
-4.996353
4.995356
4.997331
-4.984347
4.991239
-4.994535
-4.994117
-4.995930
-4.993964
-4.995131
4.997156
4.996891
4.988950
4.994784
4.994752
4.990028
-4.996603
-4.997271
4.992433
-4.993544
4.997851
4.995914
4.994280
4.995796
4.996481
-4.997397
-4.981437
-4.994353
-4.996429
4.996375
4.998072
4.992958
4.996405
4.994733
-4.986768
4.991430
4.996808
-4.998198
4.122322
4.998207
-4.996175
-4.996102
-4.997231
-4.998021
-4.996885
4.995311
-4.995849
-4.996399
-4.988941
-4.996956
-4.997089
4.993943
-4.989418
-4.992131
-4.995453
-4.996283
-4.993837
4.998682
4.994039
4.996696
-4.997168
-4.987135
4.997668
-4.987398
-4.983582
4.989778
-4.994004
4.998443
2.823284
-4.997419
4.992905
-4.997900
4.996520
4.997586
4.996056
-4.991944
4.992535
-4.995036
4.995096
4.997682
4.986886
4.993178
-4.993047
-4.995707
4.996564
4.995246
4.993294
-4.996692
4.990483
-4.996024
4.992632
-4.994846
4.129472
4.987826
4.996822
4.992718
-4.994843
4.996348
4.997583
4.967129
-4.997942
4.992442
4.997377
4.997384
4.997478
4.991502
-4.995695
-4.996164
-4.989846
4.993368
-4.996849
4.998319
4.997406
-4.989481
-4.996886
-4.633958
4.990698
4.994768
4.995221
4.996046
-4.995392
4.996842
4.995466
-4.918164
-4.995110
4.993151
4.998014
4.997078
4.993551
4.996165
4.994893
4.996626
-4.997237
-4.991862
4.990169
4.994344
4.995568
4.990701
-4.996157
4.996791
-4.996316
4.996642
4.997857
4.993910
4.991082
4.994627
4.994313
-4.466498
4.995807
-4.992569
-4.996699
-4.997360
4.997391
-4.995349
4.997295
4.991747
-4.995933
4.994258
4.994866
-4.993734
4.997747
-4.995748
4.996672
4.993742
-4.992485
-4.996369
-4.994378
-4.996587
4.985671
-4.989763
4.995477
4.995993
-4.994692
4.993771
4.998083
4.997961
4.996345
4.996258
-4.997006
-4.990160
4.996387
-4.997478
-4.997466
-4.992094
4.994144
4.993812
4.991305
4.992988
4.996880
4.995587
4.966437
-4.996321
-4.997381
-4.996147
4.997347
-4.994004
4.996069
-4.997484
-4.992673
4.994889
4.996428
-4.994474
-4.996040
4.989431
4.995842
-4.996057
4.997665
-4.995517
-4.992743
4.994270
4.985171
-4.996302
4.996607
-4.984476
-4.996764
4.994958
-4.995739
4.997677
-4.991599
-4.993365
-4.994840
-4.995391
4.998475
4.997444
4.995205
4.993067
-4.994150
-4.996906
-4.995986
4.997597
-4.995371
4.996774
-4.988841
4.997918
4.995143
0.077367
4.995989
4.993256
-4.996965
-4.992851
4.983410
4.996291
4.995101
-4.990444
-4.997070
-4.995368
-4.995759
4.997229
4.996012
-4.996053
-4.996802
4.994493
4.997519
4.991727
-4.991187
-3.393795
-4.997162
4.995915
4.995449
-4.717343
-4.993019
-4.996123
-4.992954
-4.992335
4.996369
4.995363
-4.992768
-4.984878
-4.995746
-4.996827
-4.997887
-4.990822
-4.994894
4.997176
4.997442
4.994808
4.996774
4.996879
-4.991664
4.859470
-4.995124
4.996459
-4.998491
-4.997506
-4.992952
4.995963
4.994903
4.997759
-4.991069
4.994842
4.995028
-4.999055
4.995728
4.994520
-4.996464
4.993222
4.996283
4.995925
-4.998239
4.972078
-4.990984
-4.996440
-4.993821
-4.995530
-4.994947
-4.997400
-4.995849
4.989372
4.994807
-4.996252
4.997904
4.927758
-4.987323
-4.993995
-4.993940
-4.996109
-4.995607
4.995867
-4.997116
-4.994297
-4.995275
4.997615
-4.995402
-4.997886
-4.992994
-4.988535
-4.997135
-4.994885
-4.994024
-4.997104
4.994238
-4.991567
4.997895
4.985761
-4.993689
-4.988988
4.995849
-4.997974
4.997578
-4.996198
-4.995340
4.993701
4.992842
4.996752
-4.995991
-4.996203
4.936815
4.990981
-4.996182
4.997655
4.996708
4.995347
-4.996321
4.995779
-4.997337
4.995957
4.996251
-4.998132
-4.996490
4.337404
-4.986892
4.994817
-4.994103
4.995642
4.994364
-4.993439
4.995693
4.979231
-4.997279
4.995037
4.997412
4.993585
4.997285
-4.994766
4.994896
4.996854
4.994318
4.719772
-4.995804
-4.949456
4.997189
4.974726
4.996172
-4.996098
4.991988
4.995265
4.996268
4.995304
-4.994720
4.691728
4.995962
4.993539
-4.997044
-4.998827
4.997354
4.996937
-4.997378
4.992984
4.997186
4.995279
4.994286
4.997061
-4.995864
4.996618
-4.993377
-4.996085
-4.991417
-4.997420
-4.997402
4.996720
4.988553
-4.994992
-4.996951
4.993797
4.996434
-4.992836
-4.996681
-4.992880
4.997853
-4.996484
4.997208
4.997398
4.996422
-4.996413
4.995638
-4.978478
-4.865514
-4.996851
4.996242
4.997233
-4.995684
-4.997447
-4.992971
4.997302
-4.991211
-4.501009
-4.997930
4.997094
4.998292
-4.995874
-4.995728
4.993457
4.661490
-4.991944
4.997754
4.996374
-4.986672
4.994686
4.991746
-4.996379
-4.996230
4.995718
-4.994336
4.991788
4.998184
4.996359
4.994839
4.995827
-4.997151
4.993693
-4.995190
4.990795
4.993512
4.990565
-4.995773
-1.435785
4.997201
4.997320
4.994484
-4.993923
4.996211
4.968248
4.995087
-4.995359
4.996087
-4.997050
4.996442
-4.996503
4.993173
4.995724
-4.981977
4.996085
-4.996099
4.994381
4.995875
-4.978906
4.996894
-4.997390
4.993840
-4.995418
-4.994567
-4.997398
-4.996030
4.997761
-4.993149
-4.992528
4.992703
4.997436
-4.994992
4.992799
-4.996007
-4.995603
4.990745
-4.997168
-4.943753
4.994437
-4.996951
4.994425
4.996943
4.995218
-4.996544
4.996457
-4.994886
4.995331
4.996885
4.995314
-4.993866
-4.996915
4.996725
4.966201
-4.997376
4.995843
-4.995547
-4.993866
4.993787
4.995691
4.994907
-4.995630
4.993954
4.996876
4.997221
-4.997102
4.996477
4.995358
4.997920
-4.995882
-4.997027
4.996624
4.995725
-4.991813
-4.993514
-4.998311
4.996034
4.992405
-4.995178
4.994986
-4.998186
-4.995912
0.695045
4.988531
-4.993692
-4.997423
-4.994547
-4.993168
-4.996541
4.997467
4.996842
-4.995633
-4.993590
-4.993584
4.997544
-4.995827
4.996850
3.961139
4.995101
4.996268
-4.997998
-4.996826
4.994517
-4.992198
4.993355
-4.590871
-4.994931
4.997932
4.995625
4.995586
-4.998194
4.993887
4.994718
-4.995785
-4.995772
4.995162
-4.996117
4.998788
4.855895
-4.996744
-4.996610
-4.994141
4.996116
4.995858
4.995311
-4.996021
-4.991852
-4.997284
4.996360
4.996152
-4.996358
-4.975566
-4.994634
-4.991932
-4.995078
4.992608
-4.998286
4.997185
4.996177
-4.998402
4.995971
4.985565
-4.995799
-4.995685
-4.991780
4.993953
-4.976227
-4.995980
4.993460
4.992474
4.997937
-4.992920
-4.991762
4.997409
4.996042
-4.994696
4.998030
4.993643
-4.995046
4.996901
4.995601
-4.995658
4.997730
-4.997064
-4.995994
-4.995169
-4.996388
4.982549
-4.994275
-4.994194
-4.993729
-4.996303
-4.997220
-4.985725
4.996661
4.993620
4.994879
-4.998803
4.996124
4.992191
4.996989
4.997472
4.997247
-4.996831
-4.996958
-4.727856
4.996966
-4.993084
4.990306
-4.981854
-4.993850
4.996338
4.997597
4.993739
4.982672
-4.996671
4.998108
4.995988
-4.617066
-4.996760
4.998979
4.992299
4.997021
4.996708
4.970364
-4.996925
4.998475
4.997395
4.994832
-4.978059
4.996296
-4.997146
4.993034
-4.995721
4.983269
-4.996204
-4.995265
4.994530
-4.995459
-4.988171
4.996690
-4.974230
-4.995946
-4.997707
-4.994976
-4.992704
-4.997771
4.998369
4.997116
-4.994662
-4.996098
-4.989283
-4.996917
-4.996544
-4.988301
4.995602
-4.993325
-4.996347
-4.996058
-4.995007
4.997745
-4.995466
4.995398
-4.992668
4.997056
-0.090298
4.997655
-4.996441
4.998521
4.994297
4.998283
4.991525
4.994073
4.996277
-4.990740
-4.997493
-4.997818
4.977890
4.993807
-4.995003
4.985922
-4.996046
-4.994883
4.994557
4.995754
-4.995558
4.997760
-4.998083
4.996000
4.994414
-4.994033
4.997416
4.992038
4.997781
4.993430
4.994897
4.996895
4.998136
-4.988238
-4.997296
-4.990985
4.996175
4.996330
4.991365
4.995216
4.991106
-4.993641
4.994462
4.997185
-4.996097
-4.995438
4.995463
-4.995732
-4.996697
-4.996181
-4.995584
-4.997290
4.995418
4.995653
-4.996644
-4.915544
-4.997184
4.998222
4.996619
-4.996815
4.995442
4.995737
4.995721
4.995313
4.995760
-4.996409
-4.996249
-4.994391
4.995593
4.994000
-4.990249
-4.996524
-4.995425
4.989970
4.992684
4.998151
4.996507
-4.992984
4.997295
-4.995516
4.942161
4.995887
-4.995397
4.996989
-4.995789
4.995497
4.994425
-4.995931
4.997357
4.998169
4.994603
-4.997296
4.992307
-4.994022
-4.995077
-4.994272
4.996679
4.995693
4.996977
-4.985701
4.995640
-4.998236
-4.994193
-4.997636
-4.997632
-4.996340
4.987162
-4.995554
4.994825
4.996152
-4.994483
4.997503
4.996768
-4.997819
4.996734
4.994854
4.996361
4.995491
4.997570
4.991745
-4.993422
4.997350
-4.994522
-4.998315
-4.996012
-4.994452
4.991699
4.997567
4.995598
-4.997118
4.969189
-4.995762
4.994267
4.998238
-4.971208
-4.997458
-4.995344
4.994330
4.985597
4.996618
-4.995646
-4.997176
-4.995982
-4.993137
-4.996451
-4.992104
-4.991444
4.992804
4.996266
4.996665
4.993039
-4.994809
4.995501
-4.997307
4.997334
4.997097
4.997030
4.992803
-4.994957
4.996804
-4.995902
-4.990766
-0.950125
4.993359
4.997821
-4.960756
-4.997948
4.894299
-4.990844
-4.995600
4.995746
-4.992507
-4.996668
-4.991884
4.995333
-4.996977
4.997752
-4.998400
4.993908
-4.996142
-4.996311
-4.996103
4.832443
-4.996596
-4.995376
4.883081
-4.992448
4.996548
4.996179
-4.995533
-4.996510
-4.997010
4.997064
4.995539
4.991573
4.995828
4.996186
-4.997418
-4.996931
4.996101
4.996126
4.995751
4.994163
4.995470
4.997822
4.990453
-4.996606
4.994600
-4.995980
-4.994881
-4.996111
-4.983960
4.997795
-4.995907
-4.994976
-4.993112
4.854308
4.997265
4.996673
4.995232
4.997018
4.991947
-4.991178
4.996600
-4.996663
4.996732
-4.992489
4.997922
-4.997851
-4.997579
4.995593
4.992257
4.994939
-4.995038
-4.997184
-4.994483
4.994099
-4.996805
-4.995484
4.995383
-4.995374
4.994815
-4.997498
4.996550
4.998120
-4.988704
-4.985607
4.997217
4.776166
4.997747
4.995476
4.991066
-4.998380
-4.973965
4.995953
4.996523
4.985607
-4.951743
-4.995773
-4.991287
-4.997900
-4.995462
4.994504
-4.984157
-4.995676
4.993727
-4.996570
-4.993795
4.996467
-4.994089
4.994854
4.991802
4.996446
-4.995528
-4.990272
3.109396
-4.997350
4.994542
-4.993813
-4.994512
-4.995411
-4.994537
-4.991799
4.995151
-4.996551
-4.994607
-4.986701
-4.433866
4.995500
-4.994745
-4.742136
4.989114
-4.994303
4.993228
-4.996384
-4.996345
4.997294
-4.986004
4.996377
-4.997421
-4.970199
-4.993173
-4.996058
4.994721
4.991940
-4.996854
-4.993445
-4.996578
-4.996400
-4.982729
-4.995705
4.997438
-4.995929
-4.983142
4.993828
4.994611
4.996625
-4.995576
-4.998781
4.992057
-4.995245
4.996247
-4.995137
-4.996493
-4.995817
4.995266
4.996968
-4.996542
-4.995405
4.995974
4.996559
4.996883
-4.996617
-4.996421
4.995774
4.995496
-4.995348
4.995993
4.990208
4.996585
4.995275
-4.993758
-4.994260
-4.995982
4.995926
4.997460
-4.997266
4.996046
4.992241
4.995995
-4.991997
4.996174
4.996146
-4.995165
-4.996081
4.995744
4.996976
4.996932
4.996467
-4.996348
-4.998001
4.997307
4.995466
4.998550
4.996838
4.991547
-4.998171
-4.994563
-4.644956
4.996521
-4.923526
-4.993273
4.996866
-4.997092
-4.997855
-4.995440
4.992933
4.993844
4.997360
4.997025
-4.992522
-4.986587
-4.996597
4.995108
4.993824
4.849017
-4.996590
-4.993878
4.992824
-4.997158
-4.997738
4.995882
4.995955
-4.991947
4.994035
4.995159
4.993739
-4.996530
4.996499
4.994721
4.990961
4.990195
-4.984417
-4.992916
4.992798
4.996306
4.992795
4.994723
-4.996294
4.971199
4.994826
4.992647
-4.996103
-4.996709
4.996291
-4.996214
-4.994707
4.996125
4.994254
4.993895
4.996059
4.997148
-4.994834
-4.996319
4.994767
-3.927087
-4.997302
4.995042
4.996165
4.994920
-4.993226
4.996919
-4.995991
3.974663
-4.998818
-4.997788
-4.997296
-4.984777
4.994112
-4.997434
4.995505
4.993565
4.996253
-4.996854
-4.996400
-4.994037
4.992162
4.995127
4.997449
4.994127
4.996663
4.996504
4.994430
4.993022
-4.990645
-4.995904
-4.994515
4.996591
4.705501
-4.996120
-4.995678
4.996947
4.996520
-4.990358
-4.998091
4.997329
-4.995246
-4.992132
-4.997577
4.994872
4.971167
4.998107
-4.996105
-4.994780
-4.996684
4.995663
4.991623
-4.998206
-4.997962
4.987511
-4.995912
-4.995192
4.994958
4.995646
4.990071
-4.966708
-4.997081
-4.996492
-4.996528
-4.997917
-4.997714
4.997823
-4.996948
-4.997844
-4.995893
4.997542
4.996994
-4.995791
4.997762
-4.995845
-4.996140
4.994667
-4.995770
4.851381
4.997518
4.983833
-4.995054
-4.989978
-4.992016
4.996062
-4.997665
-4.493605
-4.953895
-4.994857
4.990511
-4.995738
-4.996934
-4.995550
-4.976664
4.998201
4.998016
-4.995567
-4.932231
4.993089
-4.997364
-4.998312
4.994294
-4.996571
4.994206
4.996783
-4.985249
-4.997795
-4.995474
-4.997342
-4.995442
2.901014
-4.995391
-4.998231
4.994171
4.996705
-4.991303
4.997057
4.997716
4.995837
4.992570
-4.993678
4.995011
4.997641
4.995376
4.996639
4.997325
-4.992428
4.996021
-4.997438
-4.997166
4.993786
4.979205
-4.995332
-4.997838
-4.997025
-4.996759
4.996491
-4.995603
-4.995202
-4.993565
-4.995151
-4.996496
4.991087
4.993677
-4.996761
4.977950
-4.994417
4.996941
-4.994842
4.995662
-4.995674
-4.996733
4.937284
-4.994867
-4.953392
4.996955
4.988115
-4.997451
-4.996382
4.995382
-4.996273
-4.981879
4.300090
-4.988955
-4.989933
-4.997302
4.997076
4.973987
4.994464
4.990718
-4.997164
-4.997454
-4.994050
-4.989549
-4.996581
-4.997310
-4.996875
4.991305
4.998117
4.994696
0.722108
-4.993064
4.994756
-4.995903
4.995353
4.997136
4.997933
-4.995877
4.997931
-4.996472
-4.997819
4.996819
-4.996314
-4.995568
4.996759
-4.997005
-4.995519
4.997490
4.995177
4.996138
-4.997003
4.992078
4.998389
-4.867862
-4.995361
4.996011
-4.997130
4.996222
4.991186
-4.997180
-4.996135
-4.995660
-4.994654
4.996835
4.994984
-4.990291
-4.995242
4.997083
-4.993239
-4.994984
4.993404
-4.997130
-4.995230
-4.996267
-4.995509
-4.994321
-4.961285
-4.997390
-4.996554
-4.991529
4.993315
4.934325
-4.996342
4.995059
-4.996705
4.996132
4.997255
4.996602
4.997851
-4.996176
4.995869
4.998107
4.996605
4.996082
4.995585
4.988503
4.995550
4.995520
4.989730
4.997390
-4.997096
4.994298
-4.995310
-4.994668
-4.991876
4.996364
4.989401
4.997177
-4.997330
4.995515
-4.996189
-4.995457
4.996614
4.997881
-4.996539
-4.996345
-4.995377
4.995436
-4.997670
4.996020
-4.995147
4.995180
-4.994948
-4.996997
-4.996522
-4.993357
-4.995535
4.995007
4.988586
-4.992247
-4.993394
4.995494
-4.996563
4.995491
4.996727
4.913253
4.994952
-4.992525
4.993180
-4.998458
-4.995419
4.997494
-4.992500
-4.995542
-4.993841
4.993931
-4.997371
4.995348
4.997629
-4.994247
-4.997107
4.993028
4.867806
4.990394
-4.996408
-4.996085
4.997006
4.994198
-4.996737
-4.994947
4.995504
-4.996161
4.998072
4.996322
4.996067
4.957153
4.930114
4.994551
-4.989018
-4.992023
4.995376
4.994621
4.994486
4.982524
-4.994698
-4.992626
4.986719
4.993159
4.998288
-4.993610
4.997357
-4.997956
-4.997418
-4.996061
-4.995047
-4.994878
4.996594
-4.997019
-4.994858
4.997259
-4.996649
-4.978787
-4.995210
4.996579
4.993542
-4.992129
-4.992043
-4.519628
4.995619
-4.994873
-4.996455
4.995856
-4.995239
-4.991903
4.994368
-4.995300
4.997611
4.994064
-4.995956
4.995526
-4.984444
-4.995594
-4.989942
4.994756
-4.997720
-4.996901
-4.996187
4.987164
-4.997576
4.993780
-4.997489
-4.994907
4.994861
-4.996375
-4.996699
4.996740
-4.996882
4.994664
4.994191
-4.996424
4.990192
-4.995028
-4.997286
-4.996466
-4.996037
-4.993505
-4.995583
-4.996956
4.997138
4.997398
4.994987
-4.996743
4.997063
-4.288034
4.993841
4.991857
4.996287
-4.997469
4.998173
4.996224
-4.995232
-4.991360
-4.997047
4.991779
4.997416
4.991157
4.995067
-4.997207
4.995374
4.997513
-4.995818
4.996646
-4.983273
4.997295
4.994465
4.996482
-4.996015
4.991719
4.994287
4.996310
-4.995996
4.996545
4.998080
4.995679
4.997459
-4.998159
-4.996161
-4.998658
-4.992468
-4.992336
-4.995111
4.995547
-4.997069
4.995610
4.998554
4.990788
-4.972859
4.995932
4.989772
4.996784
4.997432
4.985812
4.997432
4.989625
4.993829
4.996497
4.961963
-4.996636
-4.991816
-4.993464
4.995092
4.997663
4.992281
-4.994600
4.881709
4.995610
-4.991871
4.996002
3.863134
4.996285
-4.996093
4.997411
-4.996441
4.994068
4.989538
-4.995804
4.995729
-4.998453
-4.994584
4.995199
-4.992555
-4.997397
4.997505
-4.996665
4.996404
-4.992403
4.996830
4.990527
-4.996643
-4.987475
-4.994465
4.993760
-4.996324
4.996570
4.996774
-4.996209
4.994868
4.997112
4.997126
-4.993213
4.995882
4.993828
-4.996592
-4.997016
4.989624
4.992324
4.987334
-4.996640
4.994350
4.995887
4.996255
4.990935
4.993225
-4.997837
-4.997760
-4.996600
4.990416
-4.995624
4.993588
-4.995049
4.997590
-4.992096
-4.995855
4.995802
4.990988
-4.991878
4.996194
4.995922
4.996070
4.996158
-4.991453
4.995566
-4.990771
-4.994761
-4.993736
4.995948
4.996080
4.968333
-4.949824
-4.998259
-4.985341
4.995420
-4.997400
4.996864
-4.996340
4.996358
-4.996348
-4.996723
4.995903
-4.970122
-4.992201
4.992134
4.996748
4.996306
4.995706
-4.993461
-3.151506
4.995881
-4.995587
4.994440
4.995174
4.994196
-4.996460
-4.994707
-4.994572
4.997120
-2.517654
-4.976076
4.340259
4.996483
4.995889
-4.996466
-4.996191
-2.610514
4.995620
4.996599
4.991477
4.991994
-4.997886
4.996734
4.994681
4.995605
4.998483
-4.997737
-4.994243
-4.997208
-4.997705
-4.997290
-4.996101
-4.994582
-4.996301
-4.997160
4.996315
4.996073
-4.994754
4.997822
-4.994212
-4.995395
4.929561
4.929762
4.983333
-4.996000
-4.996571
4.991357
4.995474
-4.995040
4.995316
-4.994288
4.993939
-4.995712
4.997944
-4.995228
4.995428
4.994335
-4.997300
4.995372
-4.959646
-4.996083
-4.978659
4.937343
4.995443
4.997260
-4.995900
-4.992235
4.997562
4.994980
4.993178
-4.997122
4.994944
4.996812
-4.996346
4.995622
-4.997809
-4.996160
-4.990975
-4.997129
-4.995073
-4.992200
-4.997148
-4.995765
4.985731
4.997002
-4.997778
4.994993
4.996017
-4.991550
-4.995457
4.997193
-4.997765
-4.994238
4.996913
-4.997361
-4.995490
-4.997697
-4.996210
4.997510
4.997566
4.994356
-4.996073
4.996069
-4.992854
-4.997469
4.994857
4.994192
4.966728
-4.995011
-4.997454
-4.996778
-4.992999
-4.996846
-4.865248
4.995466
4.996024
4.995537
4.997802
-4.996442
4.994821
4.996556
4.975848
-4.996517
4.997908
4.996911
4.995595
-4.944437
4.995841
-4.996387
4.995407
-4.996683
4.995871
4.998476
-4.997034
4.996571
4.992766
4.994131
4.991940
4.989365
4.995743
-4.992190
4.996051
4.996787
4.995949
-4.984790
-4.993897
4.996922
4.997285
-4.995475
4.986695
4.995975
-4.994448
-4.996872
4.996978
4.996039
4.995595
-4.996043
-4.978010
4.993425
4.993833
4.997663
-4.996601
-4.995084
-4.994184
-4.996987
4.993295
-4.993657
-4.993481
4.997442
4.995517
4.996350
-4.997360
4.995720
4.995380
-4.995435
4.994571
4.997244
-4.997170
4.965142
4.996939
-4.996150
-4.992764
4.999438
4.996239
4.996429
-4.995574
-4.996290
4.997760
4.988491
-4.992022
4.994528
4.996473
4.996824
4.988296
-4.994556
-4.997022
-4.997267
4.994486
-4.995972
4.996491
-4.995391
4.491348
-4.996853
-4.995273
4.996793
4.993736
-4.987418
-4.989133
4.995282
4.991863
4.996182
4.992939
4.982691
4.996701
-4.995136
4.995759
4.995800
4.995517
4.996433
-4.994086
-4.991209
-4.994557
4.997092
-4.996716
-4.995827
4.996410
4.992201
-4.993088
4.989186
4.994945
-4.998308
-4.993535
4.994439
4.995606
4.994747
-4.996979
-4.996261
4.790319
4.995111
-4.998087
-4.996544
4.995932
-4.983261
4.992984
4.991407
4.990210
-4.998451
-4.996842
-4.995377
-4.996248
3.097680
-4.996855
4.995124
4.990437
4.995891
4.996637
-4.996085
4.995671
4.995055
4.993066
-4.997109
4.995182
4.992984
-4.997094
4.997857
4.994923
-4.996037
-4.996350
4.995823
-4.996548
-4.993042
4.994271
4.997420
4.994229
-4.995528
-4.997741
4.992442
4.996606
-4.997617
-4.991578
4.912636
-4.996412
4.993658
4.997522
-4.996736
-4.983486
4.991103
4.996827
4.990752
-4.982966
4.992180
4.996059
4.995612
-1.647159
-4.996494
-4.995410
-4.995615
-4.994998
4.996936
-4.996045
4.993363
-4.993482
4.996488
-4.996162
4.996234
4.994006
4.997253
4.995953
4.992688
4.993054
-4.998801
4.996365
4.996379
4.995162
4.997779
4.993628
-4.997260
4.992571
-4.993334
4.993255
-4.997423
4.996510
-4.997300
-4.996428
4.992269
4.993455
-4.789275
-4.998389
4.993885
-4.997283
-4.990422
-4.994844
-4.994581
4.997302
-4.566976
4.996853
4.967310
-4.993479
4.996500
4.995384
4.998345
4.995201
4.995019
-4.992854
-4.996100
4.996650
4.996656
4.995999
-4.997795
-4.994927
-4.996428
4.998319
-4.994438
4.626521
-4.996677
4.996081
4.990749
-4.995469
4.997486
4.991673
-4.990077
-4.997400
-4.996116
4.996367
-4.998587
-4.996488
4.993030
4.994824
4.996600
-4.997770
4.971236
4.994280
-4.991316
-4.995373
4.980138
4.961775
-4.996871
-4.996859
-4.995177
4.996768
4.994022
4.996234
4.995762
-4.649007
-4.966461
-4.988654
-4.992741
4.996049
4.992913
-4.995189
-4.997618
4.994132
4.996727
-4.991599
4.984553
4.996988
-4.995508
-4.993065
4.987375
4.997254
-4.995520
-4.998127
-4.995244
-4.997155
-4.994968
4.996183
4.994760
-4.996778
4.994109
-4.996627
-2.789218
4.990626
-4.996030
-4.992908
-4.995573
-4.995505
4.995885
4.997384
-4.993185
4.996361
4.993794
2.868500
4.994289
4.988999
-4.995139
-4.994660
4.917531
-4.994471
4.991296
-4.994231
-4.997225
4.996658
-4.996527
4.994641
-4.996963
-4.997547
-4.996325
-4.913592
4.996187
4.995316
4.994548
-4.990760
4.995850
-4.997614
-4.994264
4.958473
4.993550
4.994392
4.997794
-4.996753
4.994675
4.995385
-4.995979
4.993785
4.991876
-4.991520
4.996151
-4.994170
-4.998996
-4.976626
4.995472
-4.998018
-4.988235
4.994357
4.994020
-4.997945
-4.996134
4.995184
4.995214
-4.996332
-4.994802
-4.996605
-4.993953
-4.996639
4.996330
-4.995159
-4.995275
4.994343
-4.995844
4.991749
-4.995385
-4.995706
4.997188
-4.991623
-4.997057
4.994198
4.734586
-4.998784
-4.994661
4.993989
4.996596
4.994971
-4.989556
4.994696
-4.992143
4.990735
4.996045
-4.995539
-4.987645
-4.996304
4.993430
4.997631
4.998511
4.995281
-4.998609
4.991531
-4.991015
4.996670
-4.996161
-4.996544
4.996253
-4.997867
4.923227
4.995543
-4.997086
-4.996469
-4.998389
4.997760
-3.645637
4.995256
-4.995348
4.996689
-4.995201
-4.814878
4.986708
-4.995844
-4.997574
-4.995173
-4.997091
4.996024
-4.968665
4.994917
4.991333
4.997836
-4.998297
4.997310
4.996526
4.933598
4.995397
-4.996993
-4.995774
4.996202
4.995253
4.997274
4.993532
-4.995718
4.997679
-4.997189
4.984190
-4.997198
-4.997293
-4.995643
-4.995793
-4.995795
-4.995914
4.993678
4.993817
-4.996972
4.992988
-4.995029
4.996606
4.819303
-4.997986
-4.994066
4.995483
4.995830
4.996828
4.980810
-4.995451
-4.979158
-4.997323
4.995387
-4.997764
4.997217
4.997545
-4.995438
4.995462
-4.996413
-4.996921
4.994363
4.987706
4.996354
4.994391
4.997209
-4.995457
-4.998013
4.996253
-4.988616
-4.998053
4.992737
4.996345
4.998232
-4.996435
-4.996425
-4.994094
-4.996296
-4.992024
4.998355
-4.997613
4.996141
4.994994
-4.995155
-4.997552
4.997383
-4.995759
-4.997625
-4.997292
-4.996410
-4.996889
4.995649
4.994628
-4.996460
4.991847
4.997488
-4.996129
4.995028
-4.982483
-4.995863
4.994409
-4.994855
4.993595
-4.995569
4.996192
-4.996962
-4.995976
4.996945
-4.993114
4.995460
-4.994415
-4.298980
4.992730
-4.995373
-4.706782
-4.997010
4.994752
4.998806
4.997396
-4.996818
-4.995365
4.995185
-4.994451
4.997082
-4.993349
-4.996252
-4.994431
-4.995574
4.994419
-4.995678
4.996074
-4.995373
-4.997149
-4.996200
-4.995503
-4.996878
4.997063
-4.996386
4.996609
4.996344
-4.996130
-4.993040
4.994164
4.996258
4.998093
4.994350
-4.994456
-4.992815
-4.997372
-4.997373
4.587179
4.990148
-4.996047
4.990974
-4.883407
-4.998823
4.994705
4.993313
4.996057
4.996162
-4.986877
-4.997023
-4.985221
4.995956
4.996731
-4.995974
-4.995979
4.995124
-4.993605
4.993589
-4.995047
4.995797
4.973547
4.992955
-4.995213
4.994266
-4.997003
-4.997139
4.995262
4.996977
4.997001
4.996628
4.997242
4.988619
-4.996975
4.995818
-4.998217
4.995335
-4.993999
-4.995181
-4.991857
4.997434
4.978261
4.942118
-4.996641
4.994100
4.995466
4.995066
4.997124
-4.996556
4.995252
4.997616
4.993194
4.995284
4.996260
4.997185
-4.997417
-4.980173
4.997426
4.994953
-4.995643
-4.993908
4.984465
-1.181995
-4.996303
-4.984431
4.998031
-4.995514
4.995505
4.980820
-4.995632
-4.973465
-4.994419
-4.996318
4.996874
4.997413
-4.995654
4.996323
-4.995211
4.995239
4.994498
-4.996727
4.993573
-4.993275
-4.995722
4.994198
-4.994575
-4.995176
4.996104
-4.914265
4.995902
-4.996520
4.996856
-4.997091
-4.996705
4.994493
4.993293
-4.987070
-4.996502
4.996569
-4.996317
4.992641
4.996720
-4.995855
4.994564
-4.995314
-4.986383
4.992406
-4.994131
4.997662
4.995899
4.994498
-4.996977
4.997720
4.993734
4.987963
-4.993439
-4.996016
-4.992630
4.904326
4.992040
-4.997170
-4.997417
4.995740
0.913057
4.996783
4.994694
4.995235
4.993596
-4.996718
-4.992447
4.996722
4.997653
4.990487
4.995819
-4.943129
4.995181
4.992667
4.996012
-4.995867
-4.993584
-4.995628
-4.994821
4.997424
4.995359
4.994476
4.975311
-4.996760
-4.995547
-4.630868
-4.993261
4.996438
-4.998946
4.988649
-4.997072
-4.994465
-4.995956
4.997545
4.996596
4.994569
4.996525
-4.996110
-4.997268
4.995355
4.995538
-4.995780
4.992058
4.997008
-4.998478
4.991987
4.997067
4.997471
4.995752
4.994826
4.968615
-4.993228
4.994576
-4.987820
-4.995609
-4.994728
-4.996762
-4.995278
-4.995457
-4.997846
-4.996904
-4.994853
4.997058
-4.990603
-4.997960
4.994121
4.994483
-4.997563
4.997052
-4.996310
-4.994659
4.997913
4.995482
-4.988710
-4.996850
-4.995400
-4.995116
4.997368
4.996323
4.971316
4.980258
-4.995523
4.991996
4.990478
-4.997481
4.997062
4.992254
-4.997348
4.996241
4.998129
-4.992368
4.994204
4.994755
-4.996972
4.988241
4.996554
4.995742
4.987669
4.994803
4.996185
4.740413
4.852719
4.997153
-4.994463
-4.996907
-4.859202
4.995658
4.993402
4.993271
-4.995639
4.994588
-4.993279
4.994568
4.997488
-4.994855
-4.996807
4.996469
4.997220
4.996433
4.479252
4.991909
-4.994875
-4.997811
4.994221
-4.994910
4.995619
-4.995946
4.996006
-4.996040
4.995385
4.997718
4.995520
-4.996452
4.993765
4.989432
4.995837
4.991195
4.997764
-4.991608
4.997604
4.995520
-4.994632
4.995045
-4.913917
-4.996933
-4.998318
-4.995854
4.992283
4.990265
-4.943733
-4.993051
4.997715
-4.996990
-4.995663
-4.996139
-4.990331
4.995222
4.987838
4.993571
4.996629
-4.995156
4.997589
4.996829
4.994749
-4.981731
-4.972649
-4.996832
-4.963531
-4.992847
4.994240
-4.994365
4.996650
-4.980916
4.995116
-4.991332
-4.995498
4.995160
4.994331
-4.997966
4.995286
4.991519
4.998218
-4.996190
-4.995733
4.995477
-4.993421
-4.994944
4.997627
-4.995105
4.993017
-4.994162
-4.997679
4.996833
-4.996468
4.997733
4.996879
4.995974
4.995183
-4.984875
-4.997246
4.990772
4.996147
-4.991417
-4.989987
-4.995506
4.995795
-4.997714
-4.998372
4.996105
4.989486
4.995345
-4.994995
-4.995207
-4.995978
-4.996842
-4.992750
4.983111
-4.989199
-4.996333
-4.993620
-4.996389
4.997039
4.988926
4.995934
4.993682
4.990153
-4.997389
4.995525
-4.997424
4.992172
4.997251
-4.993973
4.997962
4.996589
4.944288
-4.995178
-4.998089
4.982742
4.994546
-4.997042
4.995395
-4.995006
-4.995359
4.995970
-4.994685
4.046868
-4.990602
-4.997602
4.994467
-4.995980
4.994382
-4.995644
4.988267
-4.995253
4.995063
-4.995018
-4.994274
-4.996525
4.994664
-4.994608
4.983416
4.998298
-4.993024
4.996368
4.986208
-4.997490
-4.996296
4.995848
4.994468
4.985273
-4.994636
-4.995839
4.998199
-4.995904
4.994963
4.993382
-4.995044
-4.990467
-4.995733
4.996139
-4.993518
4.995340
4.994299
4.997059
4.995176
-4.994408
4.989513
-4.996081
4.995620
-4.121696
4.996474
4.995849
-4.995532
-4.995453
4.988156
4.992497
-4.992096
-4.992570
4.997955
-4.994912
4.994149
-4.992557
-4.987069
4.994338
-4.985985
-4.996568
-4.994988
-4.995970
-4.994405
4.997260
-4.997998
4.989845
-4.993123
4.993928
4.993315
-4.995744
-4.995248
-4.996195
4.997311
-4.990645
4.996606
-4.995773
-4.995769
-4.995389
-4.996313
-4.993611
4.996890
4.992763
-4.995134
-4.996265
-4.995343
4.998119
-4.996520
-4.997404
-4.993673
4.995329
-4.998301
-4.995519
-4.996477
-4.995469
4.992930
4.996982
4.996398
4.995100
-4.994140
4.996971
4.996318
-4.996980
4.994522
-4.991922
-4.961840
4.996431
-4.994047
4.995101
4.996425
-4.996969
4.997350
4.993815
4.988692
4.995254
4.993633
4.980400
4.996815
4.995879
-4.995967
-4.984764
4.997321
4.995852
4.995837
-4.995575
4.989068
-4.998308
4.997797
4.989072
-4.992598
4.992800
-4.748073
-4.998379
4.996237
-4.994806
4.994207
-4.992910
4.997681
-4.990007
-4.998201
-4.995189
4.986930
4.994809
4.995236
4.996326
4.986237
4.995788
4.996852
4.992438
-4.998310
4.997078
-4.995399
-4.976388
4.995412
4.997763
4.989713
4.995161
4.996516
-4.996247
-4.997501
-4.907186
-4.992092
-4.991206
4.995048
-4.996836
-4.994560
4.997444
4.993578
-4.993776
4.994768
-4.993354
4.911676
4.993155
4.995037
-4.988791
-4.996695
-4.994579
4.996183
-4.992848
-4.998084
4.995509
-4.995722
-4.949575
4.997042
-4.996742
4.994458
4.995837
4.994974
-4.993560
4.996049
4.994643
4.996957
-4.989112
-4.997248
-4.995561
-4.996861
-4.995749
-4.980275
4.995644
-4.995662
4.968498
-4.993901
-4.993992
-4.997618
4.975500
4.995333
-4.996774
4.993644
-4.785673
-4.997486
-4.992563
4.995364
4.999203
-4.996616
-4.994888
4.992822
4.996651
-1.495595
4.997182
4.990539
-4.995401
4.997768
-4.995835
-4.991846
4.996980
-4.997479
4.996543
-4.996944
4.995368
-4.996098
-4.993669
-4.997691
4.995284
-4.994024
4.998429
4.994156
4.995701
-4.996164
-4.990229
-4.994992
4.994449
4.996353
-4.994151
4.995626
4.994152
4.994491
4.992831
-4.995630
4.994531
-4.994088
4.994930
4.996356
3.759424
4.986475
-4.994577
-4.991794
-4.995680
-4.997242
-4.992509
-4.995731
4.995938
4.994459
4.992833
4.995481
-4.990455
4.986252
-4.991886
-4.995030
4.997910
-4.997252
4.996298
4.997438
-4.997342
-4.995453
-4.998117
4.997686
-4.995687
4.994849
-4.991227
4.995704
4.997835
-4.995400
4.994205
4.994122
4.996932
-4.995063
4.995231
4.996007
-4.997664
4.994061
-0.660623
-4.996045
4.997399
4.997016
-4.995217
4.993732
4.990101
-4.996564
-4.995488
-4.994347
4.996801
4.992836
-4.996052
-4.994162
4.997574
-4.997113
-4.996523
-4.993841
-4.994650
-4.997351
-4.996938
-4.996723
-4.996270
-4.996639
4.996218
4.996245
-4.995444
-4.997426
-4.992110
-4.993701
4.996718
-4.997487
4.994376
-4.991928
-4.997287
4.996800
-4.995364
4.996633
4.994440
4.996501
4.996778
4.993781
-4.996883
-4.996952
4.998251
-4.996652
4.994787
4.998910
-4.996175
-4.995787
4.924379
-4.997749
4.997533
-4.997427
-4.997452
4.992188
-4.995939
-4.996598
-4.995263
4.996246
-4.985705
-4.996474
-4.995809
4.992339
-4.993408
4.995065
-4.996223
4.997248
4.993871
-4.997141
4.989739
4.996975
4.996893
4.997314
4.997069
4.994177
4.993708
-4.995732
-4.996696
-4.995357
-4.996997
4.996134
-4.996471
-4.994370
-4.992742
-4.996081
4.993198
-4.995620
-4.991510
4.997842
-4.239441
4.996192
4.997324
4.995669
4.997058
-4.994786
-4.993773
4.996175
-4.998621
-4.996759
4.994854
-4.996429
-4.993837
4.998747
-4.995128
-4.993986
-4.995635
-4.996100
-4.985094
4.998323
-4.996236
4.997472
-4.997352
-4.992311
4.997162
-4.998451
-4.997094
-4.997316
4.995562
4.993607
4.984292
4.994410
-4.996057
-4.994220
4.989691
4.996907
4.995794
-4.997225
-4.992245
-4.996375
4.997385
4.996941
-4.989259
4.976434
-4.995089
4.996913
4.985875
-4.995551
4.978950
4.993460
-4.989912
4.996136
4.998419
4.997089
4.996391
4.980936
4.997276
-4.995560
4.995930
4.993925
-4.995650
-4.997163
-4.933736
-4.995255
4.998327
4.995809
4.962140
-4.990418
4.996815
4.994423
-4.995119
4.997006
-4.994823
4.995083
4.997306
-4.993668
-4.995684
-4.995777
4.995125
4.991010
-4.994582
-4.995647
-4.997168
4.994781
-4.994762
-4.994938
-4.997308
-4.996942
-4.998410
4.995835
4.996141
-4.994858
-4.996061
-4.995242
4.996276
-4.995683
-4.995704
4.996221
-4.995877
-4.994520
-4.996095
-4.994426
4.994780
4.997851
4.996454
4.995431
4.132794
-4.994122
-4.987023
-4.986884
4.994552
-4.994433
4.996234
4.994815
4.996000
-4.985353
4.889314
-4.999060
4.995546
-4.998213
4.994113
4.995882
4.948686
4.993879
4.993919
-4.994248
-4.995342
-4.996348
4.996665
4.996050
4.996175
-4.995725
4.994880
4.991825
4.987826
-4.993770
-4.993123
4.969408
-4.995030
4.995574
4.996290
-4.989394
4.993221
4.994812
-4.998359
-4.997523
-4.989481
-4.993248
4.996797
4.998104
4.994446
-4.997950
4.997802
4.991961
-4.995730
-4.995148
4.996559
4.997058
-4.996872
-4.995870
4.996267
4.976011
-4.892438
-4.996776
4.995979
4.995228
-4.994279
4.992950
4.992953
4.996472
-4.995933
4.994555
4.986304
-4.995772
4.994749
4.995449
4.996483
4.995185
4.994666
4.997566
4.996670
-4.986815
4.997359
4.964645
4.994638
-4.987116
-4.995817
-4.993639
-4.989362
-4.993622
4.995915
4.996049
4.298901
4.997228
4.994216
-4.996587
-4.996206
4.992610
-4.995311
4.994933
4.993198
4.822217
4.998777
-4.995563
4.993526
-4.996688
4.995385
4.992378
4.890127
4.994030
4.996762
-4.996852
4.990582
4.991693
-4.997056
4.995681
-4.993847
4.967939
4.995114
-4.996976
-4.996747
4.993158
-4.998083
-4.996352
4.992882
-4.996460
4.994525
-4.990847
4.995992
-4.996813
-4.995335
-4.993951
-4.997282
-4.983439
4.987204
4.991531
4.997535
-4.997225
4.994461
4.994610
-4.995875
4.995258
-4.978930
-4.994469
-4.996058
4.994592
-4.988924
4.997221
-4.998534
-4.995358
-4.994643
-4.996896
4.996632
4.996668
-4.986573
-4.991365
4.996617
-4.998357
-4.977537
-4.997204
4.996293
4.996001
-4.994820
4.996248
-4.976662
-4.993682
4.996778
-4.994030
4.990987
4.990551
4.993684
-4.996794
4.993373
4.997611
4.991054
4.995115
4.995951
4.993207
4.994755
4.996238
4.592614
-4.991582
4.995965
-4.998452
4.993656
4.994850
4.997760
4.764129
4.996693
-4.967003
4.996156
-4.996494
4.995840
-4.999122
-4.995096
-4.997558
-4.991673
4.995203
-4.992600
-4.994374
4.997790
4.994952
4.997111
-4.993847
-4.996885
4.996102
-4.985198
-4.996711
4.996606
-4.993048
-4.992699
4.996857
4.996803
4.996252
-4.997743
4.997454
4.989375
-4.995917
4.989603
-4.986408
-4.991604
-4.997223
4.996887
-4.993001
-4.997618
4.996316
4.994550
4.996454
4.997353
-4.994204
-4.994890
-4.996859
4.993013
4.989770
4.993910
-4.997020
-4.974214
4.994954
-4.996495
4.997462
-4.986761
-4.995296
4.996951
-4.996674
4.996471
-4.997052
4.995598
-4.996711
4.995773
-4.993884
4.997351
-4.847039
4.994998
4.997045
-4.994080
-4.998059
-4.993041
4.993309
4.992152
4.996539
-4.991753
-4.996636
4.995992
-4.998585
-4.995057
-4.997390
4.991554
-4.995165
-4.994878
-4.993656
-4.994314
-4.989734
-4.995791
4.991199
4.954107
-4.995232
4.992125
-4.993840
-4.997033
4.998242
4.997146
4.997306
4.996948
-4.997394
-4.996805
4.991542
4.993937
4.996625
4.991035
-4.997990
4.991761
-4.948344
4.994037
4.995240
-4.991515
4.995065
-4.995885
-4.988373
4.995313
-4.984708
4.997631
-4.997512
-4.996546
4.996924
4.994306
-4.995171
4.995981
4.990660
4.995180
4.997659
-4.993345
4.992833
4.971578
-4.995392
-4.997161
4.996835
-4.996701
4.990339
-4.997657
4.995420
-4.996732
4.984358
-4.995577
-4.993135
4.996042
-4.981214
4.995211
4.995894
-4.996611
4.992551
-4.996684
-4.996416
-4.996632
-4.992205
4.996533
4.997104
4.997622
4.994369
4.997433
-4.995428
4.997006
0.111882
-4.991883
-4.995421
-4.992797
4.994749
-4.993065
4.998264
4.987258
4.993593
-4.996673
4.996625
-4.996369
4.997070
-4.993525
-4.995875
-4.994202
-4.994677
-4.995277
4.994090
4.997169
4.994973
4.998799
4.995835
4.994862
4.966120
-4.997273
-4.992269
-4.997104
4.995192
-4.996808
-4.995051
-4.925094
4.996386
4.997102
4.988894
-4.993905
-4.996859
4.995575
-4.990794
-4.997435
4.996107
4.997311
-4.995120
4.997883
-4.984486
-4.995373
-4.989723
-4.997138
-4.995641
-4.997424
4.975095
-4.995133
4.995220
-4.996840
4.992820
-4.992771
4.995458
-4.996856
-4.985967
-4.994478
-4.996028
4.994187
-4.997197
-4.993787
4.997823
-4.981288
4.996893
4.995343
4.997562
4.997033
-4.995274
-4.974377
4.994899
-4.993775
-4.995156
4.995312
4.976850
-4.995639
4.998043
4.958905
-4.997697
-4.996609
-4.998157
-4.993979
-4.991764
-4.987016
-4.994661
4.998033
-4.995290
4.997008
-4.991469
-4.969621
-4.996950
4.993992
-4.996882
-4.996999
-4.994991
4.995799
4.996961
-4.993610
4.995631
-4.994789
4.994805
4.996297
-4.988225
-4.973378
4.996340
4.994266
-4.997324
-4.994781
-4.994132
-4.997414
-4.996146
-4.996138
-4.996998
-4.997491
-4.991826
4.996182
4.989948
-4.996545
4.994192
4.995783
4.997492
4.994297
-4.996503
4.996277
-4.996996
-4.994526
4.996828
4.990937
4.996864
4.997052
4.997804
4.996523
-4.994169
-4.995929
4.996071
4.996087
4.996325
4.995933
-4.993561
4.993862
4.995972
-4.997232
4.997424
-4.994777
-4.995814
4.967094
4.994134
4.987987
-4.999293
-4.996128
4.994472
-4.998368
4.881857
4.995300
4.986425
4.997432
4.996847
-4.997138
-4.996636
-4.994839
4.994514
4.990644
-4.994836
4.995177
4.996437
4.992257
4.997498
-4.995557
4.993731
-4.994943
4.991857
-4.994253
-4.997385
-4.995741
4.994825
-4.997429
4.996365
-4.984852
4.995322
-4.995500
4.993910
-4.991437
-4.995416
4.995481
4.932989
-4.952698
4.997039
-4.994645
-4.993952
4.996392
4.995855
-4.994642
4.997753
4.994810
4.994107
4.993678
4.996903
4.996113
-4.995885
4.996234
4.892542
4.996834
-4.996099
4.993589
4.424539
4.994534
-4.997208
-4.997407
-4.997850
-4.996083
4.998031
-4.996627
-4.997227
-4.994626
4.996111
-4.995041
-4.992989
4.993394
4.997913
-4.994794
-4.996415
-4.988775
-4.995269
-4.997507
-4.998795
4.996460
4.995125
4.994176
-4.995583
-4.979996
-4.991555
4.995554
4.473265
4.994402
4.993053
4.997521
4.995369
-4.996507
-4.996837
-4.993732
4.992713
-4.993124
-4.986760
4.994615
-4.997747
4.991252
4.996425
4.995870
4.996345
4.995131
-4.997724
-4.991880
-4.997239
4.994255
-4.994759
-4.981989
4.995576
-4.996626
-4.993684
-4.996931
4.994998
-4.988519
-4.997222
4.964677
-4.997483
4.995826
4.996713
4.741487
4.995149
-4.988070
4.996225
4.996524
4.996586
4.996136
4.998320
4.997140
-4.998028
-4.976352
4.995667
4.997470
-4.994412
4.997303
4.998189
-4.993043
4.995007
4.997392
4.998274
4.967410
4.996687
-4.993878
-4.995136
-4.996182
4.995020
-4.994744
-4.954282
-4.997440
4.994948
-4.997851
4.994336
-4.996408
-4.991767
-4.995196
-4.995958
-4.974724
-4.996307
4.994038
-4.997109
4.997233
4.997137
4.975333
4.996260
4.997347
4.994946
-4.995968
4.995649
-4.994151
-4.995796
-4.990947
4.996777
-4.996674
-4.998756
4.996726
-4.993902
3.127896
4.994838
4.995884
-4.995233
4.992046
-4.995219
-4.995392
-4.996132
-4.993019
4.995415
-4.995461
4.997444
4.997482
-4.997051
-4.996371
-4.997479
-4.996517
-4.994060
4.996836
4.995242
-4.995901
4.990146
-4.997879
-4.992205
4.993583
4.956755
-4.998131
4.961002
-4.995651
-4.990921
4.996264
4.995859
-4.970365
-4.996295
4.996905
4.994532
-4.996853
4.993804
-4.996715
4.993448
-4.989545
4.995172
4.989616
4.995425
-4.992451
-4.995170
-4.982765
-4.996577
-4.996398
-4.980071
-4.995641
4.996821
4.993911
4.994178
4.990935
4.992153
4.997291
-4.940749
4.990918
4.992669
-4.995834
4.993903
-4.995553
4.995339
4.995463
4.996320
-4.995899
-4.995593
-4.996486
-4.997191
-4.989878
-4.996347
4.993180
-4.994324
-4.996020
-4.996719
4.995840
4.994646
4.998487
-4.992461
4.814124
-4.998027
4.994998
4.996153
-4.996560
-4.995362
-4.993398
4.994854
-4.996924
-4.997824
-4.995650
-4.995477
-4.991217
4.996617
-4.980680
-4.993099
-4.994959
-4.998319
4.942191
4.981775
4.996314
4.994130
4.997978
4.995959
4.996556
-4.980731
-4.996050
4.746350
-4.997088
-4.995416
-4.996328
4.996966
-4.995119
-4.997213
4.995645
4.994686
4.995418
4.951896
-4.993442
-4.995080
4.996642
4.996167
4.955026
-4.996487
-4.992028
4.996474
-4.997102
4.997131
4.997053
-4.995241
-4.990811
4.995923
4.992509
4.997948
-4.995535
-4.994225
-4.996393
-4.996130
-4.995770
-4.994655
4.996113
4.994894
4.996626
-4.995800
-4.993794
4.996799
-4.993425
4.994478
-4.849938
4.997075
-4.995582
-4.994874
4.993973
-4.986190
-4.997275
-4.994618
-4.994844
-4.996609
-4.997245
4.996298
-4.992636
-4.995328
-4.996411
4.993300
4.996439
4.987124
4.995619
4.989481
-4.997938
4.996972
4.996675
-4.996676
4.996924
-4.997099
-4.995090
4.994223
-4.993737
-4.933435
-1.924422
4.998295
4.993541
-4.995081
-4.979680
-4.995606
-4.992217
-4.995323
4.996692
4.998127
4.995426
4.987137
-4.996539
4.996698
-4.996915
-4.993211
-4.994741
4.996695
-4.993662
4.995260
-4.994908
4.990739
-4.992545
-4.992933
-4.989863
-4.995872
-4.989534
-4.995992
-4.998130
-4.991839
4.997868
4.996474
4.997111
4.995542
-4.991770
-4.993633
-4.991811
-4.997918
-4.995561
4.996584
4.994765
-4.996900
4.995040
3.675747
-4.993016
4.995216
-4.994563
-4.997235
4.996447
4.996598
-4.992823
4.993509
-4.995340
4.996316
-4.996415
-4.993152
4.997866
-4.997684
4.997364
4.996167
-4.994288
-4.996368
4.996201
4.997563
4.994275
-4.994833
4.997631
4.996222
4.993975
4.997036
-4.994971
4.996104
-4.996092
4.997481
-4.994943
4.997579
-4.991858
4.995416
4.994332
4.995705
-4.984988
4.996314
4.992642
4.996681
-4.988514
4.993969
-4.951025
-4.996455
4.997507
4.988400
4.983757
-1.361758
4.996875
-4.993827
4.995845
-4.993788
-4.995265
4.986896
4.996118
4.996604
-4.994517
-4.995497
-4.993676
4.994822
-4.994029
4.994911
4.989534
-4.997732
4.992744
4.995359
-4.996166
-4.991039
4.996517
-4.938699
4.995537
-4.994226
4.996504
4.997215
4.987735
4.990592
-4.996810
-4.987593
-4.990843
4.995857
4.996959
-4.998089
4.994106
4.996365
4.994840
-4.995850
-4.996013
-4.992657
4.993510
-4.996949
-4.995785
-4.983980
-4.995770
-4.997489
4.997088
4.995997
4.996390
4.990131
4.995630
-4.990044
4.995581
4.791626
-4.997733
-4.995276
-4.992021
-4.994989
-4.997882
4.994872
4.995696
-4.994805
-4.994514
4.932338
-4.995428
-4.996475
-4.996596
4.998343
-4.987282
-4.994511
-4.994285
-4.983644
4.993998
-4.994890
-4.994202
4.995856
-4.996105
4.993125
-4.994893
4.992294
-4.996692
-4.994513
-4.990929
4.993649
-4.996702
4.996957
-4.992690
4.996585
-4.991167
4.998197
-4.995457
4.992669
4.996025
4.996655
-4.996627
4.997213
4.992993
-4.997166
-4.997866
4.997541
4.992190
4.986195
4.996789
-4.994044
4.978352
4.996838
-4.994842
-4.994543
4.996075
4.992312
-4.995536
-4.947359
-4.993217
-4.996879
-4.996197
4.996289
-4.995276
4.996865
-4.995506
-4.998454
4.994563
4.994653
-4.995497
0.057796
4.992304
4.991813
4.993675
-4.994838
-4.996875
-4.997262
-4.995528
4.996836
-4.994210
-4.996905
-4.995324
4.991846
-4.996966
-4.991344
4.995035
-4.994626
-4.995561
4.994644
-2.977980
4.989178
4.991516
4.995275
4.992782
-4.987487
4.996156
-4.995788
-4.972173
4.995112
4.994997
-4.994504
4.996536
4.996075
-4.996160
-4.997240
-4.995106
-4.995342
-4.994543
-4.911966
-4.996521
4.997907
4.995801
4.938662
-4.996467
-4.995645
4.995410
-4.991833
4.995612
-4.994075
4.997345
-4.993267
-4.995094
4.997651
4.997614
-4.997740
-4.996423
-4.995627
-4.990511
4.997273
4.995201
-4.996806
-4.991875
-4.992199
-4.994317
4.993123
4.997898
-4.995785
-4.995424
4.996882
-4.995880
-4.994159
-4.997704
4.510486
-4.984557
4.989831
4.990843
-4.997386
4.997179
-4.990617
4.997614
4.994344
4.989811
-4.992166
4.993694
4.995623
-4.995550
-4.997662
4.991722
-4.994692
-4.996738
4.994287
-4.995685
4.996995
4.997239
-4.996367
4.994601
-4.996785
4.995339
4.991452
-4.994497
-4.994215
4.996194
-4.992848
-4.989293
-4.992408
4.961870
4.996741
-4.996687
4.992712
4.995294
-4.987856
4.995625
4.996590
4.993366
-4.995908
-4.995336
4.997585
4.992739
4.994227
-4.993993
4.995638
4.993096
-4.991833
-4.995157
4.995682
4.993789
4.997500
-4.994129
4.996303
-4.994350
-4.997327
-4.991954
4.995451
-4.958374
-4.991401
4.549561
-4.994592
4.995698
-4.995037
-4.974411
-4.993213
-4.997355
4.993857
-4.992658
-4.991998
-4.992325
4.994905
4.996518
-4.995148
-4.994832
4.993393
-4.993751
-4.994219
4.996381
-4.995239
4.992920
4.989445
4.993522
-4.995254
4.991966
4.992691
4.991690
4.994631
4.996557
4.750633
4.858487
4.996363
-4.995763
4.997220
4.986035
4.953635
4.994843
4.993216
-4.996392
4.997819
-4.997380
4.995441
-4.997152
4.994185
-4.994908
-4.895439
4.996331
-4.874045
4.998275
-4.996969
-4.993568
-4.995450
4.994601
4.995582
-4.996778
4.994514
-4.763854
4.995139
-4.985464
4.993115
-4.992970
4.995188
4.994429
4.996678
-4.995376
-4.998045
4.995186
-4.996598
-4.996159
-4.996802
-4.996092
4.994579
4.994838
-4.994139
4.992678
-4.996230
-4.991111
4.995794
4.997357
-4.995006
-4.997015
4.706235
4.997300
-4.993254
-4.997028
4.997098
4.995559
4.995674
-4.996650
-4.992035
-4.989713
-4.994824
4.995237
-4.998175
-4.995402
-4.996615
-4.998374
4.998137
-4.997422
-4.996494
4.995906
4.996938
-4.990974
4.996118
4.965546
4.983478
4.996401
-4.996967
4.997915
-4.991444
-4.989429
-4.981165
-4.996817
-4.995233
4.996241
4.995751
-4.996926
4.995802
4.996771
-4.996654
-4.992963
4.997510
4.994590
4.996478
-4.997447
-4.992636
-4.996294
-4.995778
4.996213
4.997116
4.995589
4.994420
-4.995140
-4.996850
4.996188
-4.997232
4.996574
-4.994139
-4.995910
4.993875
-4.996063
-4.996086
-4.995721
-4.988024
4.997753
-4.987806
4.994461
4.995375
4.996832
-4.998029
-4.997168
4.994929
-4.996025
4.995345
-4.995324
4.996087
4.995253
4.995286
4.993380
-4.995038
4.994953
-4.994359
-4.996918
4.995751
4.997232
-4.851487
4.997528
4.992524
-2.090262
4.996016
-4.987305
-4.995187
-4.995821
-4.995150
4.991669
4.995648
4.994887
-4.994164
-4.996682
4.996286
4.995726
-4.994456
-4.995901
-4.995584
4.990464
4.995809
4.992795
-4.996590
-4.987195
4.995611
4.996738
-4.995461
4.995380
4.996045
4.993520
4.995978
-4.990010
-4.992044
-4.995877
4.997111
4.996722
4.984537
4.992929
-4.904202
4.995736
-4.995745
4.987224
4.997197
4.997385
-4.998381
-4.996000
4.983063
4.997115
4.993183
4.995290
-4.995969
4.994151
-4.995803
-4.991591
4.995072
4.995790
4.993320
4.997535
-4.878526
4.995080
4.993982
-4.994880
-4.995258
-4.997461
4.997207
4.997413
4.996613
4.998877
-4.993676
-4.996611
-4.702798
4.996798
-4.993686
-4.996857
-4.994017
-4.996740
3.896482
4.997386
4.990487
4.988632
-4.991034
4.995602
-4.991962
-4.997453
4.997364
4.997043
-4.986604
-4.995554
4.997935
4.980612
-4.997928
4.995525
-4.989643
4.994905
4.995237
-4.975573
4.998002
-4.998018
4.996228
-4.995347
-4.995874
-4.979593
4.995724
-4.997252
-4.992218
-4.995875
-4.994459
-4.993501
4.973684
4.995754
4.992171
-4.996738
-4.991116
-4.957491
4.995750
-4.996835
-4.995178
4.996476
-4.172049
4.994820
4.995061
4.995521
-4.996505
4.997117
-4.996795
-4.997859
4.997733
4.995944
4.997946
4.994934
-4.988637
-4.996463
-4.994216
-4.995736
4.994696
-4.994734
4.996481
-4.993782
4.997558
4.977421
4.995215
-4.997502
-4.994990
-4.957422
-4.991640
4.992491
-4.998036
-4.993823
-4.997324
-4.996039
4.996348
-4.995609
4.996513
-4.998425
4.997968
-4.997258
-4.995279
4.996589
4.992202
-4.995621
4.995917
-4.998057
-4.997436
4.821536
4.993148
4.995151
4.998237
4.994397
-2.908286
4.995708
-4.995231
-4.994878
-4.987866
4.996660
-4.995578
4.997519
-4.998312
-4.996300
-4.997112
-4.997274
-4.988197
-4.992335
4.990650
4.993222
-4.995224
-4.995566
4.944039
4.982046
4.980627
-4.990040
4.996998
4.996207
-4.996094
4.997433
4.993325
-4.995546
-4.994129
-4.991787
-4.990644
-4.994794
4.994979
4.996506
-4.974657
-4.994928
-4.992118
-4.995106
-4.993093
-4.993630
-4.992723
-4.996541
4.997287
-4.995267
4.998212
-4.993349
4.996784
-4.997028
4.995370
-4.995694
-4.989209
-4.994970
4.995895
-4.997939
4.996302
-4.973154
4.996727
4.995045
4.997081
4.997527
4.996628
-4.995599
-4.995017
-4.992613
-4.990928
-4.997937
4.994457
-4.997354
-4.996553
4.994143
4.996436
-4.995104
4.990133
-4.992634
4.994532
-4.993842
4.995279
-4.996268
4.997054
4.996044
-4.972343
4.997232
-4.948155
-4.190220
-4.971068
4.994698
4.997743
4.995854
4.997082
-4.993772
4.995316
-4.994690
4.994427
4.996475
-4.995145
4.990957
4.998171
-4.994509
4.996065
4.996750
4.996393
4.984156
-4.993465
4.985485
-4.996302
4.994927
4.995334
4.993767
-4.995229
-4.995369
4.985875
4.994814
-4.995696
-4.997426
4.995953
4.993410
-4.995382
4.995670
4.996950
-4.987834
4.997876
4.904243
4.995857
4.980082
-4.996322
-4.996767
4.993925
-4.997202
-4.994293
-4.995146
4.992837
4.997782
4.995040
4.997114
-4.997939
-4.996482
-4.993963
-4.997541
-4.997324
4.998259
4.127080
4.996831
4.994460
-4.988080
4.888036
-4.978911
4.994986
-4.994551
4.997105
4.997844
-4.996034
4.996886
4.995788
4.996991
-4.992767
4.994683
-4.990887
-4.867757
-4.996592
4.995985
4.978191
4.995343
-4.989132
4.997880
-4.995236
4.995814
-4.996943
4.996379
4.996277
-4.996327
-4.993748
4.998496
-4.995158
-4.995852
4.992873
-4.995954
4.990457
4.998528
4.994412
-4.994705
-4.996549
4.995216
4.994729
-4.996945
4.995126
-4.993678
-4.844628
4.988297
4.995246
4.996407
-4.994062
4.997913
-4.995319
4.994551
4.996646
4.995088
-4.996705
4.997508
4.997020
4.992018
4.992736
4.994121
4.996222
4.958526
-4.993800
4.979878
4.996509
4.995615
-4.974471
4.995962
4.995957
4.989288
-4.992464
-4.993850
4.988715
4.996968
4.996516
-4.995978
4.994788
4.995799
4.994553
-4.993268
4.994450
4.997605
4.997237
-4.995868
4.993827
4.997762
4.990817
-4.995041
-4.995010
-4.984219
4.998510
4.996936
4.997446
-4.997165
4.994671
-4.996790
-4.994386
4.994999
-4.990844
4.991810
-4.986715
-4.993788
-4.996793
4.984979
4.995223
-4.997433
4.991558
4.997436
-4.985380
4.979474
4.994616
-4.996111
-4.966242
-4.996425
-4.996959
4.996890
-4.986511
-4.997703
-4.995848
4.996579
4.997184
-4.996155
4.996959
4.996074
-4.941322
4.977069
-4.997588
4.999193
4.994686
4.997597
-4.996642
-4.997245
4.993749
-4.994263
-4.994945
-4.993682
4.998637
-4.994595
4.993541
4.996698
4.996551
-4.965914
-4.994373
-4.997080
4.998277
4.996745
-4.991997
-4.994045
4.997844
4.996288
4.993228
-4.994108
4.977257
4.995352
-4.994556
-4.997339
-4.997326
-4.983545
4.994000
-4.996451
-4.994465
-4.996322
-4.996099
-4.993848
-4.995599
-4.996367
4.986007
4.995761
4.998187
4.992299
-4.994803
4.996317
4.994599
-4.978667
-4.995174
4.996583
-4.872173
4.711734
-4.551784
4.993646
-4.996216
4.995265
4.997738
-4.993617
-4.992102
-4.988210
3.972902
4.994336
-4.995604
-4.996743
4.996445
4.993203
4.996200
-4.996190
-4.996598
-4.982633
4.997646
-4.995337
-4.992540
4.995184
-4.997701
3.681901
-4.996708
4.997407
-4.997815
4.996481
4.852864
-4.994677
4.995248
-4.993872
-4.994466
4.920173
4.996632
4.987196
-4.996292
4.995219
-4.996159
4.996699
-4.996656
-4.995988
4.995708
-4.996548
-4.995025
4.993885
-4.995693
-4.996904
-4.995002
4.996273
4.996259
-4.997227
-4.993549
4.996797
4.995833
-4.993413
-4.988414
4.998680
4.995928
4.994737
4.990388
-4.989654
-4.995493
4.997742
4.996313
-4.995493
-4.994415
-4.996959
4.965915
4.980638
4.997883
4.996948
-4.998563
-4.996915
-4.991588
-4.995676
4.997471
-4.995506
4.998105
4.993111
4.997390
4.998468
-4.989006
-4.993013
4.996812
-4.995860
-4.996769
-4.992231
4.977136
-4.996864
-4.992709
4.987761
-4.995347
4.996857
4.990339
-4.995768
-4.958287
-4.992798
-4.994501
-4.997438
4.983238
-4.995553
4.992579
-4.973123
4.995581
4.996881
-4.997564
-4.984065
4.997471
-4.997004
4.996501
-4.995962
4.992910
-4.993558
-4.990863
4.994275
4.995182
4.995634
4.997272
4.997959
-4.993181
-4.996367
4.997459
4.995032
4.987619
4.996750
4.994557
-4.995783
-4.996622
4.995368
-4.996470
-4.996140
4.996112
-4.995014
4.995769
4.937817
4.994192
4.995496
4.995172
4.996119
4.997135
-4.993631
-4.997238
-4.995862
-4.995727
-4.995827
4.997330
-4.996335
4.997074
4.996681
-4.996404
-4.998642
4.996663
4.995698
4.998667
-4.993816
4.989887
-4.996151
4.996485
-4.996244
-4.998246
-4.996681
4.995722
-4.989036
4.995155
-4.995947
-4.996248
-4.995414
-4.995666
4.995224
-4.996947
4.924276
4.996571
-4.996332
4.995362
4.996153
-4.987652
-4.997062
4.997275
4.996909
-4.997748
4.995923
-4.986814
4.993001
-4.994661
-4.996405
4.989625
-4.996456
-4.994911
4.994872
-4.926312
4.997542
4.997305
4.995870
4.996688
-4.995165
4.994913
-4.994332
4.995631
-4.983874
4.821065
4.996896
-4.990116
-4.997952
4.996743
-4.995794
4.989658
-4.997104
4.996382
4.997784
4.994647
4.995415
4.994345
-4.997187
4.996209
-4.997740
-4.990680
4.995395
4.991636
-4.989080
-4.997400
-4.992992
4.998047
4.996971
4.991179
4.997801
-4.993968
-4.995126
-4.975281
-4.994441
4.992221
-4.992444
4.995572
4.984882
4.993494
4.996473
-4.994506
-4.995051
4.996195
4.985110
-4.990399
4.995139
4.997611
-4.994997
-4.993957
4.994764
-4.983007
4.994613
-4.988696
4.997244
-4.945974
4.994023
-4.996907
4.986087
-4.995302
4.994427
4.992143
-4.989289
4.996386
4.991908
-4.995911
4.997060
1.425721
4.987382
4.969726
4.995586
4.988649
4.992546
-4.995946
4.997860
-4.992916
-4.995980
-4.994989
4.972620
-4.994246
4.994255
4.996041
-4.997604
-4.996742
4.995121
-4.995287
4.994002
4.995623
-4.991029
-4.997648
-4.997458
4.995210
-4.974399
-4.996329
4.982976
4.995221
4.995827
4.989090
4.983334
4.993979
4.997601
4.996498
4.993780
-4.997035
4.995672
-4.989175
4.997715
-4.996463
-4.992780
4.996561
-4.996769
4.989050
-4.995875
-4.988753
-4.996561
4.989874
4.995253
4.997570
-4.995974
4.996243
4.993142
-4.991845
4.989879
-4.995028
-4.994122
-4.994236
4.996936
-4.997842
-4.997201
-4.975118
-4.995459
4.997770
4.995019
-4.997057
4.993799
4.994921
4.996196
4.993943
4.993474
-4.996097
-4.995552
-4.996677
4.993959
4.467080
4.995357
-4.992223
4.994279
-4.996066
4.990960
4.967220
4.995081
4.997273
-4.993126
-4.994579
-4.997295
-4.994877
-4.994705
4.994514
4.988868
-4.997221
4.996402
-4.994077
4.995910
-4.995728
4.996093
4.997306
-4.996529
-4.986369
4.996259
4.998390
-4.989553
-4.998233
4.994871
-4.998029
4.998024
4.994334
-4.996171
4.996495
4.993443
-4.991866
-4.996589
-4.992837
4.988479
-4.993088
4.994267
4.995249
4.996527
-4.994746
4.996015
4.998314
-4.996901
-4.994387
4.995704
4.997508
-4.977972
4.996854
4.992645
4.994159
4.998002
-4.990991
4.996024
-4.995225
4.996827
-4.993763
-4.996957
0.905395
-4.994495
-4.993042
4.993781
-4.993387
4.993768
-4.990917
4.142544
4.996402
4.994673
4.996786
-4.990657
-4.995955
4.993300
4.996420
4.992273
4.997522
-4.996642
-4.996568
-4.997026
4.991082
4.996936
-4.995749
4.996154
4.996793
-4.995449
-4.995813
-4.996302
-4.997182
-4.998806
4.996837
4.999009
4.996833
-4.996365
4.996539
-4.996735
-4.997384
4.995364
4.995125
-4.997961
-4.995465
-4.993924
-4.996367
-4.995103
4.996382
-4.993465
-4.996689
-4.995492
-4.979042
-4.996503
-4.996122
-4.994905
4.993245
4.997398
4.995811
-4.996388
-4.995684
4.995275
4.995339
4.995173
4.996403
4.991069
4.996203
4.997228
-4.997745
4.996471
4.993972
4.997352
4.995840
-4.992234
-4.993956
4.980141
-4.993157
-4.996919
4.998069
-4.996625
-4.998171
-4.996457
0.713203
4.985633
4.984437
4.991846
-4.994941
-4.989459
4.994071
4.992112
4.968811
-4.994707
4.998288
4.938213
-4.991272
-4.994058
4.990224
4.992924
4.996469
-4.996706
-4.994667
-4.995548
-4.994056
-4.984575
4.998711
-4.994227
4.995286
-4.994939
4.993456
-4.997042
-4.996219
4.997454
4.760802
4.997829
4.991488
4.995896
-4.992143
-4.997284
-4.993933
-4.986823
-4.997397
-4.957348
4.997032
4.993984
4.994702
4.998029
4.998077
4.991765
-4.997278
-4.989139
4.994625
-4.994256
4.996218
-4.994140
-4.996307
-4.995169
-4.997978
-4.976115
4.993205
4.995529
4.995940
-4.996844
-4.996491
4.994221
-4.985844
-4.996374
-4.997167
-4.989189
-4.997052
4.994723
-4.993326
-4.997343
-4.994967
-4.996070
-4.996216
-4.995403
4.996939
4.996967
4.994375
4.960002
-4.959626
4.997565
-4.997543
4.995993
4.993990
-4.994078
-4.995907
-4.997130
-4.944327
-4.991470
4.996928
-4.996881
4.996986
-4.998056
-4.988570
-4.998153
4.997436
4.994571
-4.995597
-4.996989
4.997133
-4.983062
4.996424
4.998213
4.993101
4.998919
4.992548
-4.989524
4.993350
-4.995903
4.995380
1.537676
4.987759
4.992075
4.992040
4.993347
-4.984646
-4.995549
-4.996701
-4.996986
4.996679
4.997239
-4.996194
-4.994851
4.996066
-4.992855
-4.990319
-4.996599
-4.995501
4.989580
-4.995857
4.984371
-4.996383
-4.996032
4.995693
-4.995214
-4.991917
-4.996214
-4.996268
-4.996036
-4.996505
4.997283
4.996060
4.994014
-4.997630
-4.996674
-4.995522
4.977744
-4.988074
-4.991900
4.997220
-4.994202
-4.996542
-4.997475
4.996518
-4.995108
4.996221
4.991839
-4.996019
4.996891
-4.996860
-4.991200
4.995656
4.857739
-4.568410
-4.991942
-4.997089
4.996596
3.721847
-4.998151
-4.995225
-4.990531
4.996032
4.995538
4.993990
-4.997200
-4.993778
4.996326
-4.994681
4.996013
-4.626301
-4.998020
4.996091
-4.973216
4.968282
-4.996812
-4.995151
-4.995447
4.942283
4.991557
4.995059
-4.996551
4.996953
-4.995485
4.997753
-4.989953
-4.996701
4.985981
4.997026
4.995886
4.996251
4.998482
-4.986168
-4.993651
-4.992644
-4.995213
4.995304
4.995640
-4.982972
-4.994709
-4.994342
4.995708
4.996887
-4.997443
4.995450
4.996159
-4.993475
-4.997233
4.995198
4.995112
4.996709
-4.998474
4.997940
4.995359
-4.996156
-4.995812
4.995094
-4.990958
-4.996033
4.997166
4.996833
-4.997769
4.994559
-4.995224
4.980321
4.993782
-4.995760
4.984821
4.983013
-4.974149
-4.996757
-4.997048
4.938446
-4.994023
-4.997104
4.997106
-4.986431
-4.986505
-4.997004
-4.994759
-4.987201
0.294938
4.970037
4.996691
4.994987
4.996849
4.996435
4.996451
-4.997670
4.997233
-4.995338
4.993957
-4.996496
-4.996204
4.994633
4.988884
-4.996363
4.994957
4.993739
4.990915
4.993403
4.996245
4.990118
-4.995673
4.802364
4.995678
4.997508
-4.993931
4.996173
-4.995675
4.994612
4.994317
4.991815
-4.996429
4.996603
4.990388
4.995201
-4.992579
4.996345
-4.996806
-4.996013
4.998315
-4.997390
4.995499
4.726151
-4.993813
4.994509
-4.995297
4.996313
-4.994565
-4.960926
4.994465
4.992540
4.996676
4.994688
4.995968
4.993164
4.992888
-4.997508
4.994743
4.994140
-4.996431
-4.996183
4.996639
-4.997525
4.995625
4.996710
-4.996803
4.995571
-4.997388
4.918300
-4.996108
-4.996336
-4.994822
4.996542
4.998772
4.994515
-4.970475
-4.991445
4.994018
-4.990172
4.992854
4.998011
4.994773
-4.995117
-4.996863
-4.995339
-4.996073
4.994323
-4.991389
-4.996109
4.995643
4.996200
-4.997149
4.995627
-4.996082
-4.991969
-4.998024
-4.996819
4.997314
4.996183
4.996168
-4.996007
4.942560
-4.994085
-4.997786
-4.995842
-4.991707
-4.994027
4.996714
-4.991495
-4.992088
-4.996307
-4.996015
-4.995622
4.995997
-4.997238
4.993102
-4.998263
-4.997964
4.997145
-4.998375
-4.991133
4.997731
4.993998
4.996208
4.996265
-4.974884
-4.884436
4.997165
4.995891
4.995479
-4.997140
-4.996931
-4.997951
-4.997496
4.996689
-4.996640
4.994689
1.654502
-4.996687
4.994079
4.996658
-4.992811
4.996771
4.991900
4.996360
4.971339
-4.998411
-4.987022
-4.996989
4.994844
4.983058
4.997841
-4.996099
4.961165
-4.996011
-4.995816
-4.993805
-4.996292
-4.995021
4.997745
-4.994262
2.283052
-4.996532
4.991164
4.995220
4.997571
-4.998017
4.995874
4.996760
4.994861
4.994507
4.913788
-4.993483
4.995356
4.993511
-4.994102
4.988647
4.995893
-4.994634
-4.998214
-4.996093
-4.996069
4.986391
4.993565
4.997313
4.978341
-4.995566
4.997744
-4.990792
4.997816
4.989362
4.996934
-4.991152
-4.992017
-4.992686
-4.995540
4.997624
-4.996256
4.997276
-4.993635
-4.995896
4.996599
4.995357
4.993440
4.995998
4.992893
4.998040
4.979126
4.993172
4.995968
4.997501
4.993425
-4.996104
-4.997442
-4.997279
4.988963
4.995825
-4.997259
-4.990725
4.997512
4.996944
4.986788
4.994619
-4.996517
4.991455
-4.961167
-4.998571
4.995237
-4.997369
-4.994290
4.982672
-4.994976
4.996832
4.994429
4.994018
4.994105
4.995616
4.997724
4.991510
4.995885
-4.994006
-4.992248
-4.992174
-4.995551
-4.997478
-4.996766
4.996923
4.997760
4.993917
-4.996745
4.993661
4.997275
4.993552
-4.996807
4.995771
-4.995029
4.924391
4.996660
-4.997542
-4.994990
-4.992254
-4.994169
-4.997754
4.994050
4.998547
4.997757
4.992064
-4.992816
4.995144
-4.990961
-4.993622
4.997396
4.982055
-4.996670
4.997304
4.993903
-4.996684
4.995485
4.997129
4.992201
4.993494
4.996790
4.994402
4.995911
4.998321
4.985156
4.995584
-4.995555
-4.994443
4.993083
-4.993824
4.994637
4.997520
-4.994537
4.992470
4.994722
4.914711
4.996171
4.994460
4.994374
4.994916
-2.570469
-4.996231
4.995376
4.996218
4.994247
4.995721
4.996774
4.998019
4.995803
4.994483
-4.997420
4.985431
4.995840
-4.995855
-4.995619
4.996779
4.996007
-4.995704
4.545266
-4.995654
4.995929
-4.993793
-4.994399
4.986609
-4.993647
-4.994950
-4.996502
4.996699
-4.996965
4.996112
4.994603
-4.997110
-4.987552
4.995974
4.994326
-4.998112
4.993999
-4.995437
-4.995610
-4.986227
4.997274
4.996308
-4.994671
4.994726
4.998577
4.997235
-4.997068
-4.997188
4.997467
-4.991756
4.996298
4.995538
-4.995187
-4.995153
4.996567
-4.995914
-4.995604
4.994632
4.997498
4.991982
4.992770
4.995129
-4.994979
-4.996994
4.996226
4.997360
4.470951
4.995053
-4.994724
-4.994346
4.996629
-4.995667
-4.995027
-4.995693
4.993858
4.997101
-4.998329
-4.995970
-4.997921
-4.985087
-4.896456
-4.998380
-4.996259
4.994312
4.994242
4.995841
4.991915
4.996665
4.995595
4.993977
-4.994043
4.996794
-4.992798
4.996640
4.996125
4.997447
-4.992988
-4.993727
4.991859
-4.995958
4.994602
-4.997309
4.995320
4.997093
-4.995459
4.996922
-4.995777
4.994286
4.995316
-4.996923
-4.998665
4.989048
-4.996348
-4.997443
4.996313
4.997806
4.995550
-4.958976
4.987322
4.996697
-4.996435
4.993818
-4.995050
4.996224
4.996144
4.996679
-4.997023
-4.996626
4.992556
4.996739
4.993604
-4.993018
4.996767
4.995365
-4.995705
4.986070
4.793364
-4.995489
-4.997303
-4.997500
-4.996231
-4.996103
4.996589
4.992543
4.993112
-4.993534
4.993963
4.996554
4.781555
4.998907
-4.991195
-4.997092
4.997996
-4.994874
-4.995904
-4.998407
-4.997331
4.992866
-4.996762
-4.994247
-4.989235
-4.975992
4.995869
4.996152
-4.924021
-4.991881
-4.996730
4.997182
-4.997392
-4.997211
-4.995822
4.995614
-4.997599
-4.996466
4.994942
-4.996213
-4.988040
-4.994488
-4.992099
-4.994717
4.976532
4.993790
4.993914
4.987858
-4.996224
-4.992220
4.996256
-4.994052
-4.996234
-4.980352
4.996061
-4.995269
-4.995646
4.995363
4.993149
4.993285
-4.996725
4.998675
-4.993239
-4.990081
-4.994807
-4.995411
4.996241
4.997346
4.996624
4.997556
4.996026
-4.987854
4.996809
-4.996451
4.997575
-0.226442
-4.995487
4.997136
-4.991769
-4.992493
-4.995569
4.992225
4.997958
-4.996464
-4.993246
-4.994736
-4.991642
4.994309
-4.997996
4.992133
4.994225
-4.996278
-4.997102
-4.996735
-4.989671
-4.994668
4.997100
-4.990858
-4.996625
-4.998241
-4.997573
4.994499
4.990586
4.993135
4.993141
-4.994431
-4.997472
4.985781
-4.996518
4.995221
4.991769
4.995428
4.997451
-4.996231
-4.995584
-4.993866
4.994165
-4.997263
4.996724
4.994247
4.995722
-4.995981
4.996783
4.994383
4.997023
-4.996607
-4.996883
-4.996796
-4.995256
-4.996331
4.996298
-4.994140
4.995654
-4.995371
4.997464
4.994417
4.995950
4.998506
4.978970
4.996489
4.131814
-4.996205
-4.994599
4.996752
4.994843
-4.996348
4.998149
4.996805
4.998731
-4.994722
-4.996425
-4.994802
-0.957609
4.996733
4.996322
-4.997284
4.997023
4.992946
4.995409
-4.996166
-4.995519
4.996436
-4.995095
4.995583
4.932607
-4.995042
-4.995576
4.991730
4.975951
-4.993961
-4.991743
4.975194
-4.978380
4.994807
4.988824
4.995938
-4.995267
4.992495
4.995120
-4.995036
4.996616
-4.997355
-4.996635
4.995723
-4.997223
-4.994485
4.993699
4.996215
-4.995814
4.997831
4.998893
4.995021
4.996708
4.994707
4.997212
4.993389
4.997721
4.993403
4.995676
-4.994310
-4.994929
-4.992575
4.983185
-4.955616
4.993315
-4.991846
-4.994913
-4.997828
-4.997735
4.995811
-4.997442
4.997169
-4.996622
4.996814
4.997780
-4.919966
-4.994164
4.997366
4.981646
-3.059114
-4.994156
4.997926
4.994260
-4.995844
-4.992579
4.996542
-4.991506
4.993682
4.996238
-4.990089
4.995801
4.993484
-4.991585
-4.995677
4.996599
3.617376
-4.988815
-4.997614
4.995280
4.996328
4.997178
4.994043
-4.994329
-4.996709
-4.997413
-4.996847
-4.984833
-3.417526
-4.994642
4.989402
-4.696181
4.996875
-4.993355
4.993542
4.995027
-4.996227
4.996797
4.998664
-4.992759
-4.995094
4.993365
4.995013
4.997191
4.994747
-4.997539
-4.994153
-1.412170
4.991841
4.998328
4.994694
4.997141
-4.996279
-4.991966
4.997760
4.998285
4.698279
4.998299
4.991199
4.991066
-4.991395
4.996205
4.994231
4.994988
-4.986215
-4.995552
4.988747
-4.986834
-4.996426
4.997879
-4.998263
4.995063
-4.980578
4.996694
4.992769
-4.993612
4.997202
-4.994753
-4.996939
-4.996373
-4.996490
-4.996914
-4.992422
4.995525
-4.996852
4.994456
4.995754
-4.996737
4.995796
-4.995883
4.995096
4.994894
4.994786
4.996540
-4.996841
4.995980
4.996614
-4.996933
4.992486
-4.995887
-4.996304
4.996885
4.993603
-4.996607
4.996085
4.996099
4.993604
-4.996625
4.996929
-4.997188
-4.994318
4.995189
4.994728
4.988542
-4.998626
4.997114
-4.993517
-4.993133
-4.988415
4.996422
-4.997886
-4.996552
4.994175
4.994366
4.997023
4.996240
-4.997446
4.994380
-4.995830
-4.994204
4.997257
4.996326
4.995097
-4.992923
-4.996730
4.997369
-4.994159
-4.995895
-4.997197
4.998067
-4.995042
-4.996406
4.994370
4.577864
4.996976
4.996617
4.997251
-4.995784
4.994820
-4.996854
4.995635
4.996585
-4.995958
-4.996782
4.987353
4.994219
-4.996338
-3.521758
4.994224
4.993858
-4.995426
-4.941572
4.995956
-4.996407
-4.997553
-4.996107
4.465607
4.991939
-4.986506
-4.998015
-4.997370
-4.996713
-4.994464
4.993948
-4.994444
-4.997313
-4.996761
4.996836
-4.994075
4.995906
4.995622
-4.974322
4.995602
4.994661
-4.996104
-4.996446
-4.995895
-4.995909
-4.994181
4.772863
4.995884
-4.993731
4.994891
4.997261
4.992742
4.989886
-4.997284
-4.996070
-4.994828
4.995844
4.995373
-4.994619
-4.996420
4.994116
-4.994354
-4.996250
-4.985128
-4.996773
-4.997360
-4.993289
-4.996925
-4.997590
-4.996256
4.982259
-4.996498
-4.985157
-4.995481
4.996649
-4.996311
-4.996900
4.986374
4.996827
-4.994296
4.993594
4.995449
-4.995259
4.998153
4.994524
-4.996746
-4.992537
4.976470
-4.996365
-4.931809
-4.992676
4.995549
-4.993300
-4.996384
4.994344
4.997472
-4.992664
4.994801
4.994311
4.994682
-4.994272
-4.990901
-4.992669
-4.965623
4.992454
4.997422
-4.997532
-4.996034
-4.996892
-4.996514
-4.994875
-4.993000
4.990956
-4.995023
-4.992098
4.993007
-4.997274
4.593930
4.996271
4.995649
4.997729
4.597438
-4.987979
4.994353
4.981556
4.995867
-4.995968
-4.995565
4.996756
-4.995377
4.974733
4.994445
4.998102
4.995652
-4.989682
-4.995475
4.995170
-4.995588
4.996448
3.861370
-4.996465
-4.997399
-4.994112
4.994904
-4.993554
-4.996725
4.995374
-4.989566
-4.995588
4.996590
-4.995758
4.993990
-4.996369
4.996331
-4.997738
4.998133
4.995684
4.996393
-4.996030
-4.997097
4.996842
4.993973
-4.997013
-4.997380
4.994257
4.994967
-4.991822
4.996342
-4.994074
-4.996301
4.998463
4.997000
4.997744
4.995823
4.994263
4.997219
-4.996913
-4.992935
-4.997239
-4.997744
-4.994183
-4.997759
3.940719
-4.996489
-4.994388
-4.995670
4.995473
-4.995577
-4.992445
4.994065
4.996745
4.994651
4.996386
-4.954964
4.995876
-4.992247
-4.988868
-4.991911
-4.996247
-4.989748
-4.995780
-4.994463
-4.985543
4.993332
-4.996599
4.996373
-4.996538
4.995865
-4.995131
4.996191
4.997076
-4.996509
4.978145
-4.995330
4.995533
-4.996443
-4.995699
4.997933
4.998302
-4.999336
-4.995504
4.993112
-4.995500
4.998476
4.816304
4.992465
4.998374
-4.990783
-4.997290
4.996681
-4.996881
4.996257
4.998100
-4.999103
-4.993175
4.996134
4.985437
-4.993432
4.985682
-4.995195
-4.993845
4.996702
4.998074
4.995707
-4.995264
4.992133
-4.994655
-4.995129
4.995919
-4.996697
-4.996819
-4.993754
4.997990
4.996083
4.995828
3.929121
4.995629
-4.996628
-4.995529
-4.994515
-4.997444
4.997195
4.857251
-4.993420
-4.994224
4.992315
-4.998414
-4.991428
4.994443
-4.996118
4.996604
-4.995639
-4.992721
-4.995827
-4.994439
-4.997228
4.995608
-4.994066
-4.996428
-4.995097
4.994887
4.992813
-4.995115
4.996428
4.997359
4.993093
4.997041
-4.993707
-4.994598
-4.997264
-4.994323
-4.975234
4.992105
-4.996583
4.996197
4.997753
-4.994630
4.993250
4.995157
-4.992297
4.989311
-4.994784
4.996886
-4.991956
4.993852
4.996693
4.992766
-4.867460
-4.996085
4.987186
4.996089
-4.997973
3.609562
4.982870
4.995711
4.995427
4.996154
4.994473
4.996233
4.958065
4.994992
-4.997656
4.997480
-4.993259
4.993681
-4.995698
-4.994675
4.994939
4.994721
-4.993292
-4.994525
-4.994036
4.996543
-4.994148
-4.995131
4.992519
-4.966326
-4.978514
4.995012
-4.997318
4.997582
4.996557
4.996389
4.994303
-4.980965
-4.987704
-4.996189
-4.996355
4.997310
4.996941
4.997891
-4.997968
4.995134
4.996844
4.985444
4.996713
-4.996589
-4.995566
-4.994636
-4.997212
-4.994862
4.995852
-4.995175
-4.996395
4.992607
-4.997967
4.678732
-4.997723
-4.997452
4.995796
4.996701
4.997014
-4.996736
-4.997631
-4.996026
-4.994421
-4.996756
4.996086
-4.997379
4.996054
4.989764
-4.995185
4.993472
4.997009
-4.994777
-4.768563
-4.996202
4.997161
4.990845
4.990638
-4.993005
-4.995827
4.996851
-4.991370
4.788820
-4.997661
-4.758598
4.996888
-4.994112
4.993586
4.996439
4.995149
-4.996280
4.993776
4.996728
4.829052
4.996781
-4.999095
4.995354
-4.996503
4.995105
4.994311
4.997448
4.994440
-4.996019
-4.995996
-4.874020
-4.996039
4.995877
4.995047
4.996145
-4.995126
-4.995081
-4.995546
4.997556
-4.941581
4.996832
4.995520
-4.995072
4.997261
-4.992145
-4.995882
4.997232
4.992797
-4.981226
4.993655
-2.433712
4.997743
4.994192
4.996737
4.995900
4.997791
4.993990
-4.996873
4.995570
-4.993377
-4.997304
4.997220
-4.995484
4.993382
4.986963
4.977306
-4.997297
-4.995597
4.996088
-4.996072
4.997303
-4.993377
-4.997803
-4.996355
4.994940
4.989621
-4.996722
-4.993847
4.996531
-4.996644
-4.996612
-4.995801
4.996584
4.993559
4.994748
4.996158
4.997766
-4.995679
4.992909
4.997073
4.980062
-4.998486
4.996456
4.997084
4.993093
4.995421
4.994055
4.989982
-4.957126
4.996422
-4.995345
-4.994163
4.997249
4.990950
4.995555
4.995841
-4.988765
4.996052
4.995435
4.994790
4.997433
-4.832908
4.995301
-4.996679
4.989404
4.996154
-4.995022
-4.994221
4.995132
4.995513
-4.993384
4.989420
4.997249
-4.977633
-4.995704
4.996867
4.980961
-4.993782
4.994886
-4.994455
4.992786
-4.996978
-4.993979
-4.997507
-4.995642
-4.997897
-4.993194
4.988871
4.991392
-4.997070
-4.998559
-4.975247
4.997927
4.995126
-4.997512
4.997086
4.809614
4.996494
-4.995871
4.995824
-4.995585
-4.995848
-4.995523
4.995658
4.992599
4.995160
-4.996007
4.995485
4.996098
4.992368
-4.996889
4.991094
-4.994687
-4.996504
4.994642
4.997613
4.988095
-4.991343
-4.996502
-4.990621
4.996570
-4.993020
4.997489
-4.993711
-4.995286
-4.996702
-4.996068
-4.996267
4.994968
4.985932
-4.994267
4.994494
4.995588
4.988985
4.992559
-4.996780
-4.993716
-4.994501
-4.996108
-4.996038
-4.991453
-4.998448
-4.996190
4.996762
4.991063
4.986697
-4.996195
-4.993658
-4.992571
-4.995734
4.997266
4.995279
-4.996486
4.996347
-4.993828
4.996664
4.992791
4.997345
-4.995582
-4.997960
4.996785
4.993133
-4.992206
4.995713
-4.732696
4.880435
-4.991479
-4.993344
-4.994564
4.993034
-4.996005
-4.785898
-4.996770
4.864745
4.995661
4.996526
-4.995712
-4.998016
-4.994189
-4.994777
4.620709
4.991825
-4.993954
4.994639
4.996091
-4.994730
-4.995072
4.996373
-4.995670
-4.996195
-4.994488
-4.996381
4.995902
4.994297
4.997778
4.997301
4.995004
-4.996315
-4.994389
-4.997148
-4.996719
4.995626
-4.997266
-4.997861
-4.995281
4.996384
-4.995943
4.993973
-4.995377
-4.996528
-4.998115
-4.998031
-4.996833
4.996551
4.997538
4.972162
4.994375
4.998225
-4.997945
-4.994423
-4.996569
4.992297
4.996640
-4.985455
-4.997541
4.994305
4.996651
4.989590
4.996364
-4.989790
-4.995533
4.997681
4.995665
-4.995576
4.997817
4.991245
-4.998714
-4.997007
-4.997210
-4.997782
4.997335
-4.677839
-1.235229
4.994417
4.995495
-4.996217
-4.995317
4.997516
4.996111
-4.985066
-4.995596
4.996184
4.993495
-4.994839
4.990392
-4.996683
4.995588
-4.993997
4.997583
-4.995769
-4.981897
-4.994345
4.993847
4.996493
-4.993974
-4.996892
-4.997752
-4.988294
-4.993722
4.994757
-4.996040
-4.993851
-4.993084
-4.997504
-4.992751
4.994665
4.992556
4.996753
-4.996533
-4.995326
-4.996346
-4.995881
-4.992538
4.993555
4.993831
4.993402
-4.996344
-4.978570
-4.995510
-4.997025
-4.995815
4.995707
-4.993145
4.986790
-4.997163
-4.994778
4.997606
4.994353
-4.995166
4.995124
-4.991160
4.996216
-4.991852
4.997442
-4.996707
4.996062
-4.994594
4.987918
-4.997090
-3.866101
4.980943
4.996157
-4.995461
-4.977249
-4.993200
-4.996025
4.996977
4.995027
4.995281
-4.993387
4.996906
-4.996597
4.996684
-4.995963
-4.993806
-4.997153
4.993875
-4.999430
4.992535
-4.995240
-4.975277
4.996105
4.996070
-4.996757
4.995241
-4.993803
-4.996089
-4.998023
4.997078
-4.993123
-4.995640
4.995714
-4.995433
-4.998364
4.995452
4.996921
4.993186
-4.996277
-4.100032
-4.997470
-4.995504
4.978218
-4.993235
-4.994899
4.996110
4.996437
4.995936
4.997683
-4.992323
4.992275
4.996959
4.996114
-4.992809
4.996440
4.996937
-4.997812
-4.993217
-4.992041
-4.996414
4.992816
4.998608
-4.997571
-4.995561
4.996795
4.256110
-4.997715
4.997458
4.995267
-4.996363
4.996614
4.993092
4.996297
-4.978274
4.996665
-4.992719
-4.994421
-4.995031
4.993355
-4.997796
-3.935686
-4.995487
-4.994178
4.994761
-4.995517
4.995523
4.993483
-4.994795
4.997279
-4.996975
4.998034
4.996024
-4.996159
-4.995749
-4.991656
4.992039
4.993578
-4.969902
4.993818
-4.980224
4.995744
4.994955
-4.539079
-4.991560
-4.994964
-4.996873
4.994248
4.994171
-4.992026
-4.991774
-4.994730
-4.996009
4.994248
-4.992876
4.996290
4.992475
4.995856
4.996722
4.863354
4.996650
4.997421
4.991304
-4.997165
4.993882
4.995215
4.994416
-4.996903
4.993872
4.993138
4.996450
-4.996815
-4.993263
-4.988663
4.997825
-4.989513
4.991794
-4.997001
4.994748
-4.996276
4.994629
4.993074
-4.995758
4.789470
4.990410
-4.995124
-4.987732
-4.996291
4.995618
4.995899
-4.994402
-4.994680
4.995337
-4.998802
-4.988619
4.985441
4.997871
-4.994398
4.995990
4.993482
4.997375
-4.996360
-4.997733
-4.986335
4.994873
4.987595
4.996396
4.997011
4.995484
4.997681
-4.982868
4.994844
4.996418
4.998135
4.997670
4.996591
4.992120
4.995045
4.996585
-4.981262
4.995909
4.995120
4.993719
-4.995689
-4.997060
-4.997721
-4.996645
4.994683
4.995461
4.998268
4.994950
4.996433
-4.993753
-4.995756
4.985359
-4.994960
4.997555
-4.988266
-4.992220
4.994574
-4.996388
4.997055
4.994416
-4.996318
4.996207
4.998256
4.992217
4.996462
4.994161
4.995905
4.996301
4.995135
4.998182
4.995025
-4.592140
-4.998151
-4.993253
-4.995797
4.996935
4.994863
4.995397
-4.993654
4.997230
-4.995301
-4.992944
4.962124
-4.993339
-4.988357
-4.995324
4.997053
-4.981728
4.991831
-4.997402
-4.995068
4.996916
-4.869545
-4.998044
-4.995493
-4.996455
-4.997131
4.996406
4.997816
4.996700
-4.994156
-4.994185
4.997051
4.996599
4.996033
-4.996917
-4.989768
-4.996267
4.994772
-4.998314
-4.996639
4.979375
4.995529
-4.977850
-4.997586
-4.993771
4.997225
-4.986657
4.849800
-4.997364
4.996475
-4.960592
4.996888
4.993591
4.997471
4.994758
-4.932669
4.993365
-4.995811
4.994725
-4.989294
-4.997936
-4.996234
-4.996822
-4.997980
4.995035
-4.991252
4.996825
4.995444
-4.993978
4.993958
-4.991293
-4.986153
-4.995911
4.982650
4.992583
4.979077
-4.997345
-4.993082
4.995198
-4.988760
-4.995417
4.995409
4.994745
-4.995546
-4.997680
4.997944
4.995672
-4.969285
4.995811
4.996033
4.995278
4.996550
-4.992535
-4.995617
-4.994075
-4.995754
4.973589
-4.967455
4.985850
4.992107
4.997393
-4.998089
4.994909
-4.996295
-4.995427
-4.996583
-4.995539
4.998760
4.994241
-4.995986
-4.994126
4.997068
-4.993037
4.995014
-4.996281
4.996490
-4.996383
4.994542
4.990399
-4.993514
4.991717
4.997904
-4.997145
4.993846
4.996568
-4.993966
4.994557
4.992815
-4.995674
4.992508
-4.985312
4.997960
4.997030
4.996425
4.989935
-4.990187
4.997409
-4.997609
-4.996811
-4.993997
4.994340
4.996094
-4.996693
-4.996731
4.998605
4.991140
-4.995599
4.995275
-4.997431
4.998687
-4.995176
-4.996208
-4.994835
-4.996356
4.996629
-4.976593
-4.910186
-4.995620
-4.999289
4.996253
4.996952
4.996969
-4.995626
4.992716
-4.993620
4.994089
4.994056
-4.997324
-4.997063
-4.992326
4.990613
4.987271
4.997626
4.995267
4.991214
-4.993055
4.996071
4.954375
-4.996183
4.992888
-4.997619
-4.994436
4.997149
4.996041
4.996353
4.993974
-4.997378
-4.996123
4.995115
4.996252
-4.994983
4.996637
-4.996402
-4.993426
4.996142
4.996286
4.997238
-4.989216
4.996477
-4.997430
-4.996030
-4.995280
-4.997283
4.997969
4.996851
-4.994856
4.995171
4.995678
4.987338
-4.993862
-4.997496
-4.986971
4.995906
-4.995633
4.986307
4.994693
4.997664
-4.995837
4.983530
4.983993
-4.996492
-4.995216
4.993860
4.995029
-4.996547
4.991658
-4.996972
4.995400
4.997223
4.997937
-4.994552
-4.996395
-4.976170
-4.991378
-4.995549
-4.996876
4.579851
4.997301
-4.993491
-4.970048
-4.996546
-4.996601
4.989624
-4.995321
-4.995481
-4.995349
-4.996306
4.993337
-4.997352
4.997393
4.995021
-4.995429
-4.988575
4.995426
4.995620
-4.992374
4.996707
4.995032
-4.997062
-4.996631
4.972571
-4.996226
-4.988070
-4.996857
4.996662
-4.994890
4.995666
4.995537
4.984065
-4.991396
4.993606
4.990513
-4.996002
-4.996575
-4.995483
4.993499
-4.994946
4.994455
-4.996087
-4.995507
4.992865
-4.994335
4.997250
-4.992390
4.995590
4.995625
4.996745
-4.994867
4.996615
-4.995367
4.995142
-4.994676
4.990654
-4.993891
4.996546
-4.997408
-4.994056
-4.992340
-4.996560
-4.996611
4.996113
4.998147
-4.995518
-4.994847
-4.994887
4.992490
4.996690
4.993145
-4.993158
-4.996712
4.994779
-4.996294
-4.993979
-4.998031
-4.041739
4.979703
-4.992314
4.993269
-4.996572
4.954909
4.996663
4.997619
-4.995698
4.996191
-4.995061
-4.996555
-4.997698
4.995347
-4.994304
-4.996000
-4.997267
4.990712
4.996090
-4.995819
4.996560
4.998106
4.997976
4.997766
4.996033
-4.994426
-4.995972
4.996293
4.996172
-4.996655
4.993359
4.996920
-4.997099
-4.997658
4.994155
-4.998391
-4.992745
4.997457
-4.996060
4.998106
4.993049
4.997551
4.994204
4.997017
-4.994754
-4.995825
-4.997124
4.996452
4.996905
-4.851483
4.997165
4.994269
-4.996649
4.988006
4.996197
-4.995604
4.992629
-4.995601
-4.995840
4.994365
4.996895
4.997288
-4.995405
4.996284
-4.996575
-4.995181
-4.996507
-4.993809
-4.991568
4.997607
4.997873
4.995425
-4.994879
4.995366
-4.996061
-4.994281
-4.992325
-4.994983
-4.986701
-4.893068
4.994620
-4.997026
4.996508
-4.994630
4.993594
-4.994889
4.996917
4.996656
4.996343
4.997728
4.997262
-4.996530
-4.996155
-4.997051
4.996271
-4.994639
4.992723
4.995715
-4.996842
-4.995297
4.990596
-4.995766
-4.991125
-4.996680
-4.996799
-4.995770
-4.995214
-4.993264
4.989357
4.992804
-4.995208
4.682181
4.992742
-4.994938
4.995309
4.996143
-4.984368
-4.997171
-4.996798
-4.984736
4.994409
4.994223
4.994417
-4.997932
4.995184
-4.996743
-4.994755
-4.996113
4.991736
-4.996257
4.993863
4.994295
4.993806
-4.996888
4.995863
-4.992508
4.998267
4.995007
-4.993591
-4.994793
-4.996586
4.993844
4.995111
-4.996508
4.997016
4.995626
-4.993482
-4.981283
-4.996179
-4.972837
-4.985833
-4.996015
4.976415
4.996338
4.991097
-4.994788
4.952216
-4.994204
-4.972794
4.996501
-4.996117
-4.996036
-4.996217
4.967489
4.972286
4.996701
-4.993549
4.992489
-4.996296
-4.997255
4.992950
-4.987735
4.996743
-4.994000
-4.996136
4.994624
4.996452
4.997116
4.995966
4.995712
4.993923
4.994497
-4.993802
-4.997049
-4.993768
4.996523
4.996269
-4.996088
4.986521
-4.993295
-4.997455
4.334950
4.995517
-4.994743
-4.997707
4.997230
4.995339
-4.994162
-4.993811
-4.992574
4.993780
-4.995028
4.996274
-4.989629
-4.991079
4.994642
-4.989884
4.996129
4.995193
-4.996952
-4.997035
4.995110
-4.997224
4.994931
4.993177
-4.988682
4.994446
4.995446
4.996064
-4.996486
-4.996950
-4.996961
4.991259
-4.997927
4.996874
-2.719510
4.993906
4.994032
-4.996245
4.996051
4.995683
-4.987121
-4.997512
-4.993337
4.995611
4.992183
4.996706
-4.991344
4.996661
-4.990089
-4.997109
4.995793
-4.997489
4.995802
4.997358
-4.995495
4.996067
-4.995255
-4.994863
-4.992293
-4.996934
4.996915
-4.989942
-4.995342
4.985416
-4.994478
-4.997021
4.989391
4.995601
-4.996086
-4.995238
4.995522
4.994212
-4.990345
-4.986246
4.996422
4.993454
4.995728
-4.993690
-4.995953
4.996358
-4.996661
4.996649
-4.993139
-4.997279
-4.993504
-4.995285
4.997603
4.994881
-4.995181
4.996343
-4.994838
-4.994511
-4.991185
3.507865
4.987528
4.994881
4.996196
4.994054
4.995768
4.996670
-4.997110
-4.997179
4.995022
4.995693
-4.995229
-4.990809
4.995556
4.996586
4.996640
4.990593
4.998313
-4.992652
-4.997419
4.976272
-4.996097
-4.994053
4.993553
4.994261
4.996708
4.995375
4.996513
4.997064
-4.995362
-4.995217
-4.994085
4.995664
4.997276
-4.994954
-4.991938
-4.997507
-4.994339
4.994140
4.995071
-4.812604
-4.995546
4.994479
4.996475
4.995497
-4.996224
4.996922
-4.992780
4.989133
4.996744
4.993466
4.997598
4.989368
-4.995941
4.995132
4.974622
4.995141
-4.997056
-4.996168
4.997421
4.966270
-4.996803
4.995714
4.990751
4.995316
4.997095
4.995866
4.994433
4.996663
-4.996205
4.992257
-4.993421
-4.993449
-4.993596
4.993405
-4.965604
-4.532824
4.994667
4.986190
4.997158
-4.996013
-4.997660
-4.992956
4.998415
-4.996690
4.994952
4.996568
-4.994311
-4.977693
-4.994709
-3.841434
4.996996
4.978375
-4.997032
-4.995818
-4.995575
4.994214
-4.749323
-4.995764
-4.995794
4.997568
-4.996955
-4.979427
-4.993323
4.994777
4.989444
-4.996953
4.995166
-4.996904
-4.996849
4.995077
-4.995124
4.998357
-4.995227
4.996843
-4.997031
4.992127
4.992677
-4.995136
4.996566
4.995763
4.993854
-4.994658
-4.998122
-4.997274
4.995362
-4.996471
-4.987471
-4.995377
4.997012
4.992540
-4.987385
-4.995836
4.992626
-4.992584
4.991340
4.995566
-4.996549
4.993429
4.995825
-4.993786
-4.990717
-3.489733
-4.992000
4.995392
-4.907329
4.996859
4.996130
-4.996165
4.994454
4.983011
-4.993885
-4.963858
-4.992202
4.995666
4.996290
-4.998473
-4.990604
-4.958698
4.995872
-4.936133
-4.989939
-4.996611
-4.996587
-4.997530
4.886444
-4.997155
-4.993566
4.994477
-4.996523
-4.994905
-2.469194
4.995010
-4.992617
-4.996019
-4.986407
-4.995609
-4.998340
4.995448
-4.983876
4.994542
4.992557
4.096892
-4.995389
-4.992741
4.993947
4.993854
-4.993952
-4.994696
4.997629
4.993822
-4.993934
4.997233
4.992957
4.996401
-4.997520
-4.530917
4.996029
-4.993331
4.996178
-4.995466
4.998311
-4.997733
-4.995761
-4.993124
-4.998136
4.989453
4.992859
-4.996463
-4.997609
-4.996444
-4.996924
4.999436
4.996012
-4.996727
4.931280
4.996108
4.997816
-4.994943
4.995392
4.991006
4.994269
-4.995222
4.819863
4.993290
-4.994883
4.975567
-4.955873
4.991438
4.994320
-4.997454
-4.996097
-4.995061
4.995816
-4.992955
-4.996294
4.996448
4.996763
4.997292
-4.995362
4.961361
-4.996586
4.994995
4.996514
4.996396
4.996275
-4.969596
4.996798
4.996211
4.998432
-4.996060
4.996284
-4.996932
-4.995511
-4.993688
4.994205
-4.997247
-4.996160
-4.994729
-4.996319
4.993494
-4.994808
-4.995508
-4.995701
4.994093
4.998229
4.995672
4.994688
4.995870
4.996642
-4.996528
4.997384
4.996032
-4.996061
-4.994411
4.995856
4.996916
-4.995924
-4.993581
4.995884
-4.997289
4.996606
4.995790
4.992334
4.993328
4.998037
4.996556
4.996869
4.997331
4.990317
4.997478
-4.994003
-4.995107
-4.996755
-4.995884
4.997469
4.996573
4.997197
-4.906897
4.997790
-4.995829
-4.987125
-4.997941
-4.932369
4.998591
-4.995199
4.995775
-4.994916
-4.997173
4.997063
4.996635
-4.991278
-4.993817
-4.995182
4.994811
4.993396
4.996350
4.996768
4.995218
-4.995530
-4.997107
-4.991897
4.996345
4.996154
-4.996240
4.997223
4.994253
4.883653
-4.994709
-4.997631
-4.994783
4.994564
-4.996901
-4.983638
-4.986970
-4.997294
-4.965589
-4.993953
4.994607
4.996367
-4.995092
4.996621
-4.996668
-4.996711
-4.993735
-4.977333
-4.993409
-4.996761
-4.993370
4.996406
4.998615
-4.992021
4.996083
-4.995667
-4.994064
4.993370
-4.996993
4.996655
4.997550
-4.992637
-4.991868
4.997465
0.429046
-4.997377
-4.995904
4.997668
-4.995369
4.995456
-4.996118
4.998037
4.997226
-0.397237
-4.995886
-4.996857
-4.772250
4.989829
4.996862
-4.998004
4.996116
4.993340
4.984530
4.997917
-4.899684
-4.993325
-4.991757
4.996440
4.996858
-4.997361
-4.995164
-4.996413
-4.993946
4.997281
-4.990443
4.997131
4.995298
4.993529
-4.992452
-4.996466
4.992249
-4.941859
4.981748
4.993585
-4.995617
-4.996158
-4.996877
4.993303
-4.995626
4.993468
4.995673
-4.995071
4.989870
4.992783
4.995845
4.992852
-4.995054
-4.994689
4.996326
-4.997493
4.995793
4.974812
4.995491
4.991993
-4.997079
4.997315
4.995853
-4.995771
4.996856
-4.996175
4.992874
4.992922
4.997218
4.996542
-4.996821
-4.995859
-4.996176
4.996984
-4.995792
-4.997480
-4.995790
-4.957685
-4.988038
4.996551
4.994841
4.996220
4.995781
4.990616
4.993890
-4.995787
-4.994781
-4.997490
4.998162
4.996380
4.996257
-4.992834
-4.992332
-4.997025
4.990736
-4.994449
-4.995665
4.996182
4.993430
4.992100
-4.997776
-4.996981
-4.996907
-4.992520
4.997229
-4.994970
4.993575
-4.994119
-4.996824
-4.995863
-4.995821
-4.997457
4.994771
4.989536
-4.986736
-4.997465
4.996405
-4.997269
-4.995313
4.923791
4.996448
-4.992935
-4.992523
4.997817
-4.997409
4.994443
-4.995944
-4.995720
-4.993956
-4.997220
4.995382
-2.121622
-4.996346
-4.996825
4.996341
4.992537
-4.996139
-4.995678
4.997111
4.988792
-4.996372
-4.996195
4.995878
-4.989435
-4.997429
4.987291
-4.992424
4.996837
-4.997973
4.996675
4.997583
-4.994302
4.883696
-4.993442
4.986877
4.995462
-4.996171
-4.993748
4.995394
-4.998758
4.997703
-4.997490
4.993649
-4.995589
4.996666
4.973765
-4.996020
4.994182
-4.993184
-4.991893
-4.995945
4.993280
4.995563
-4.996734
-4.993262
-4.988741
-4.994698
-4.996143
4.995408
-4.997124
4.992600
4.923899
4.776713
-4.994998
4.995813
-4.995930
4.995715
4.993797
4.995385
4.994958
-4.994647
-4.997163
-4.996993
-4.995717
4.994715
4.991945
-4.993905
4.995895
4.992146
4.994518
4.984403
-4.989455
4.992790
-4.993220
-4.995593
4.991798
4.996391
-4.997309
4.995506
4.997650
-4.986856
4.997293
-4.994694
-4.997415
4.996774
4.780652
4.995161
4.996724
-4.995961
4.994795
-4.611842
3.603210
4.995764
-4.994817
4.995035
4.995798
4.995378
4.994292
-4.996122
-4.993977
-4.991134
-4.991973
4.993083
-4.996487
4.995400
4.996376
-4.995416
-4.991949
-4.995325
-4.995189
-4.994301
4.997045
-4.995176
4.885642
-4.996715
-4.997786
-4.996279
-4.994262
4.993829
4.996026
4.996055
-4.997659
-4.991466
-4.995268
4.991628
-4.996146
4.997912
4.993632
4.995432
4.995833
4.968978
4.993694
-4.995864
4.993943
-4.997171
-4.992568
4.977526
4.998381
-4.998376
-4.996555
-4.995952
3.728861
4.991653
-4.996164
4.996212
4.995244
-4.994318
-4.980742
-4.998586
4.996348
-4.996435
-4.995959
4.974990
4.995600
-4.994494
4.995503
4.991398
4.997153
-4.996618
4.994865
-4.992850
4.997000
4.993879
4.997620
-4.989152
-4.997216
-4.996367
-4.998685
-4.995233
-3.795349
4.998722
4.987699
-4.995973
-4.997356
-4.993799
-4.997037
4.993990
4.992434
-4.997152
-4.990453
4.996005
-4.994515
4.995768
4.994789
4.997282
4.995667
4.994731
-4.995871
4.993702
-4.996680
4.993829
4.995831
4.996479
4.922459
-4.988249
4.997163
-4.505784
-4.993381
4.995519
4.995262
4.993263
4.997751
-4.996571
4.998042
-4.974899
4.997858
-4.994007
-4.996196
4.990178
-4.997802
-4.997986
4.997266
4.997119
-4.996215
-4.994061
4.995746
-4.949987
4.996438
-4.996359
-4.996400
-4.996702
-4.997538
4.996029
-4.986370
-4.994277
-4.997262
-4.996519
4.996957
4.997033
4.997314
-4.996838
4.996598
4.997032
4.996423
-4.996381
4.990948
4.994613
-4.998046
-4.994164
-4.994987
4.997236
-4.983122
4.998571
-4.998575
-4.997565
4.992343
4.992682
4.996298
-4.994684
-4.998441
-4.993533
4.995456
-4.995580
4.994121
-4.995146
-4.994234
4.998084
4.994672
-4.992945
4.997601
4.998498
-4.996721
4.995693
-4.994520
-4.977866
-4.994079
-4.993602
4.990339
4.994640
4.982248
-4.996728
-4.992024
-4.996825
-4.995336
-4.996748
4.998023
-4.997158
4.990955
4.997704
4.958650
4.996927
4.987555
4.996050
-4.992862
-4.992566
4.994309
-4.993121
-4.994935
4.996801
-4.982655
4.996413
-4.994804
-4.993075
4.997073
4.996753
-4.997535
4.994273
-4.998432
4.993148
4.995496
-4.996296
-4.997774
-4.994258
-4.994585
-4.990337
-4.993591
4.996621
4.994635
-4.994325
4.992903
4.995975
-4.996311
-4.997479
4.995274
-4.992754
4.993005
-4.994351
4.995972
-4.993970
4.995909
-4.998149
4.231646
-4.997180
4.996045
-4.996681
-4.995042
4.996262
4.997317
4.997694
4.995900
4.997939
-4.629904
-4.996141
-4.994383
-4.993806
4.997646
4.994280
-4.992931
-4.993373
-4.996115
4.993687
-4.994796
4.997049
4.996098
4.993401
-4.994398
4.997061
4.997341
-4.995175
4.996434
4.996013
-4.996433
-4.992133
-4.982780
4.997972
4.995065
-4.995764
4.994982
-4.995721
-4.994184
-4.341468
4.997371
4.996237
-4.995946
-4.904343
-4.994939
-4.996180
4.993020
-4.991609
-4.996727
-4.997446
4.997455
-4.997018
-4.997594
4.995487
-4.997710
4.947892
-4.996058
-4.990965
4.996681
4.987152
-4.959060
4.992329
-4.992181
-4.994679
-4.793830
4.994768
-4.995446
-4.995125
4.996423
4.997438
4.996234
4.997479
4.994530
4.992468
-4.985628
4.993128
4.995424
4.990186
-4.994146
4.997103
4.996146
-4.994818
4.997222
4.997516
-4.996128
4.996488
4.993841
4.996391
0.745169
4.996436
4.994127
-4.994318
4.996719
4.997078
4.995553
-4.995230
4.980618
4.987304
-4.994220
-4.993180
4.995645
-4.989498
4.989762
-4.995973
4.995833
-4.996178
4.991263
4.992349
4.994648
4.995079
4.997364
-4.987936
-4.994475
4.995427
4.996067
-4.982330
4.995677
4.975860
4.996870
4.996094
-4.997058
4.996172
-4.994007
4.989114
-4.997374
4.998111
-4.997737
4.993765
4.984118
-4.994156
-4.995779
-4.995780
4.996119
4.995138
-4.994476
4.995261
4.996354
4.997966
-4.996482
4.995640
4.995970
-4.986125
4.997302
-4.997345
-4.994499
-4.998243
-4.994616
-4.984430
4.992228
-4.996757
4.991760
-4.989380
-4.981514
4.995035
-4.994406
-4.996088
-4.970760
-4.995413
4.996717
-4.994264
-4.909959
4.998569
4.996989
4.995823
-4.995717
4.995765
4.992895
-4.996935
-4.995001
2.837070
-4.996754
4.997032
-4.997311
-4.995329
-4.996907
4.993390
-4.995088
4.996470
4.994814
4.997115
-4.997612
4.984489
4.997631
4.984758
4.994981
-4.998310
-4.997269
4.995248
-4.998929
4.996907
-4.994249
4.426800
-4.986391
4.995166
4.995770
-4.980143
-4.992079
-4.983687
4.997051
-4.996520
-4.995303
4.993282
-4.997151
4.994468
4.996231
-4.995648
4.995742
-4.990892
-4.992785
4.994913
4.993053
-4.996857
-4.989763
4.993753
-4.982794
4.994712
-4.987989
4.994706
4.993061
-4.923074
-4.996893
4.987694
-4.977305
-4.996716
4.962354
4.993002
4.991698
-4.987764
-4.985577
-4.989399
4.995105
-4.992981
-4.992753
-4.996665
4.990628
4.994276
4.995495
-4.994607
4.996580
-4.994433
4.995023
4.996404
4.996312
-4.984936
-4.997289
-4.997459
-4.998236
4.996622
-4.994754
-4.996933
-4.993838
4.996210
-4.996067
-4.984065
-4.997272
4.969805
4.352370
4.997560
-4.992345
4.990225
-4.962600
4.993555
4.995461
-4.993303
-4.995465
4.996331
-4.994244
2.111634
-4.992046
-4.973578
4.995952
-4.992357
-4.996314
4.997096
-3.772706
4.988581
4.995348
-4.995375
4.992724
-4.997512
-4.992901
-4.994852
-4.996506
4.983975
-4.995865
-4.993248
4.996121
-4.995191
4.992782
-4.995996
-4.998237
4.993646
4.996149
-4.995736
-4.996276
4.966491
-4.997140
-4.983992
4.995061
-4.998112
4.998055
4.993857
4.985513
-4.990132
4.992694
4.997759
4.995618
4.309045
4.996088
-4.995860
-4.996378
-4.992488
4.998110
4.997149
4.994839
4.995126
4.995315
4.995735
-4.994943
4.990104
4.996138
-4.989873
4.996924
4.993727
-4.993802
4.549449
4.995690
4.994271
4.993383
4.995536
4.964216
-2.929910
-4.997588
-4.996781
-4.996711
4.997044
-4.997815
-4.991151
4.995627
-4.996531
-4.996711
4.995466
-4.995563
-4.993792
-4.984709
-4.988853
-4.994759
4.995279
4.997089
4.993046
4.903026
-4.991096
-4.993460
4.995990
4.992807
4.995924
4.997907
-4.989635
4.995453
-4.959732
4.996190
4.993263
-4.996567
-4.996969
4.996645
4.983429
4.996731
-4.997893
-4.997014
-4.991358
-4.997086
4.995173
-4.993124
-4.995956
-4.995969
-4.996473
-4.994771
4.994158
4.995223
-4.995404
-4.991813
-4.986629
4.997775
-4.994517
4.991039
-4.997443
4.997371
-4.995009
-4.997501
4.989936
4.995941
4.996822
-4.993476
4.993372
4.995849
4.999219
4.997726
-4.989568
4.996738
-4.995674
4.996633
4.998149
-4.995460
-4.994337
4.998206
-4.996880
4.995633
-4.996643
-4.997291
-4.996382
-4.989469
-4.997763
-4.993954
4.994426
-4.995616
-4.998341
4.993030
-4.992883
-4.991861
4.992773
4.995896
4.998727
4.999386
4.997242
4.994320
4.996536
-4.998110
4.994443
4.997182
4.996556
-4.995539
4.997130
-4.980809
4.997568
4.997075
4.990669
-4.997007
-4.996826
4.996579
-4.996941
4.993823
-4.996687
4.996646
-4.996716
-4.995927
-4.992706
-4.995668
-4.992146
4.996819
-4.993791
4.995405
-4.997623
-4.996769
-4.996706
-4.997551
4.993657
-4.996091
4.996139
-4.985919
4.996407
-4.971531
4.996952
4.996059
-4.989867
4.984802
4.997891
-4.994747
4.989731
-4.996656
4.987980
-4.996951
4.950846
-4.997292
-4.997820
-4.996459
-4.996786
4.995767
4.995165
4.995315
-4.995338
-4.997606
4.995079
4.997498
4.993350
4.996723
4.996065
-4.997051
4.995667
-4.997093
4.992209
-4.943181
-4.995707
4.992414
4.994477
-4.994470
-4.997052
-4.996706
-4.996308
4.997386
-4.995925
4.996733
4.991425
-4.994046
-4.998352
4.995446
-4.996760
4.997091
4.997290
-4.995346
-4.994580
-4.994616
4.996387
-4.995264
4.997747
4.997168
-4.995253
-4.992752
-4.993985
4.997522
-4.988626
-4.993643
4.995249
4.990634
4.994706
-4.994867
-4.993743
4.958311
4.981360
4.996793
-4.957550
4.993506
-4.995773
4.997592
-4.995869
4.996614
4.987699
4.982422
-4.996782
-4.789847
-4.994464
4.993848
-4.995429
-4.997219
-4.996963
-4.992215
4.994663
-4.976644
-4.992696
4.995175
-4.996947
-4.986848
4.996372
-4.995841
-4.989543
4.995864
-4.996742
-4.997486
4.992931
-4.995222
-4.995662
4.990501
-4.996113
-4.997316
4.995897
4.962601
-4.995435
-4.980158
4.997402
-4.994959
-4.996129
-4.992398
4.995967
4.996948
-4.995727
4.993027
-4.995367
-4.995469
4.998082
-4.997682
4.996892
-4.996101
-4.997210
4.996639
-4.997363
-4.990797
-4.995171
-4.987895
-4.659509
4.983852
-4.996290
4.995852
-4.995038
4.998215
4.996943
-4.993615
-4.995677
4.993450
4.996639
4.996429
4.995354
4.997166
4.996551
4.998866
4.994173
-4.994205
-4.995645
4.994466
4.997071
4.995807
-4.977900
4.997838
-4.997245
-4.995465
-4.821694
4.994081
-4.998069
4.994639
4.994006
-4.996335
4.991800
4.998538
-4.998123
-4.997529
-4.991372
-4.994219
4.992250
-4.995389
-4.997554
-4.996378
-4.992503
-4.992953
-4.997159
4.988975
-4.998468
-4.991851
4.995945
4.998608
-4.995169
4.996786
4.994927
-4.996929
4.995126
-4.989697
-4.992414
-4.979703
4.994623
4.991743
4.996523
-4.993119
-4.996643
4.995533
-4.990331
4.992686
4.994223
4.997251
4.995121
4.995690
-4.996451
4.996608
4.984939
4.994981
-4.996794
4.997052
4.996252
-4.997356
4.996013
-4.997835
-4.995428
-4.994963
4.995994
-4.993808
4.991880
-4.994543
4.998455
-4.994752
-4.996488
-4.997545
4.995567
-4.996966
4.995350
-4.996819
4.997934
-4.995112
4.996997
4.996880
-4.993447
4.987022
4.993727
-4.989952
4.995922
4.997888
4.997668
-4.996036
-4.989982
4.994903
-4.995960
4.995852
4.997143
-4.997436
4.995167
-4.994829
4.995993
4.992324
4.611458
-4.993452
-4.973791
-4.997064
-4.991240
-4.993998
4.997571
-4.983354
4.994581
-4.994651
-4.989428
-4.994917
4.994252
4.995884
-4.997011
-4.992040
4.994849
-4.996148
-4.993096
4.896695
4.992870
-4.996123
-4.997199
4.996728
4.997540
4.998060
4.997860
-4.993608
4.990129
4.994210
4.996415
-4.995358
4.997673
4.998007
-4.996850
-4.997606
4.998271
4.990920
4.995281
4.995867
-4.996601
-4.998192
4.994832
-4.994684
4.994505
4.992751
4.996569
4.994989
-4.996981
4.989917
-4.996225
-4.998299
-4.993506
-4.990184
4.990095
4.997939
-4.994677
4.995448
-4.974252
-4.995396
4.997297
-4.966397
-3.958282
4.981322
-4.995062
-4.998303
4.997441
4.996358
-4.991321
-4.995397
-4.997686
4.996305
4.996472
-4.996699
-4.996648
4.997448
-4.995965
4.996906
-4.994108
4.995436
-4.996550
-4.995242
-4.991457
-4.996400
4.925360
-4.995830
4.988761
4.986827
-4.997204
-4.997745
4.982631
4.995039
-4.987438
-4.992938
-4.992220
4.998043
4.992519
4.993314
4.995351
4.991945
4.993053
-4.997277
-4.995964
-4.994212
4.977109
-4.997046
4.997551
4.994233
-4.996580
4.942130
4.996134
-4.993910
-4.992397
4.996380
4.994278
-4.995392
4.994180
-4.997892
4.996607
4.995429
4.994210
-4.996015
-4.996408
4.997222
-4.996431
4.995623
-4.974359
4.995590
4.996712
4.994991
-4.994686
4.993168
4.995149
-4.996525
-4.995257
4.996543
4.996357
4.995589
4.989444
4.997534
4.994120
-4.981511
4.965671
4.996544
-4.677091
-4.989556
4.997419
4.987653
4.996156
-4.995089
4.995349
4.997319
4.963964
-4.993836
4.989321
-4.992649
-4.996885
-4.966993
-4.994143
-4.996199
-4.993373
4.992989
4.993822
4.997294
4.994783
4.997103
-4.992856
4.995103
-4.997288
4.991006
-4.998012
4.994417
-4.996148
-4.995703
-4.992435
4.996023
-4.996444
-4.995004
