0.000000	0.000000	50	0.100000	ARCHIVOS_REDES\ER\ER_9.txt
-0.000131	0.003841
-0.006476
0.003521
0.002759
0.005101
-0.002550
0.003428
0.005382
-0.000715
-0.005023
0.004104
-0.005973
0.001762
0.004954
0.005776
0.006558
0.005678
0.003996
0.001572
0.004955
-0.002216
0.002749
-0.000303
-0.000861
-0.000321
0.004694
-0.006264
0.002993
0.006013
0.004570
0.002779
-0.003475
-0.001377
0.001544
-0.000131
-0.006033
0.006704
-0.004415
-0.001280
0.000932
0.001183
-0.003942
-0.004098
0.000868
-0.002310
-0.002490
-0.001980
-0.003506
-0.005426
0.005584
0.006281
0.003889
-0.000934
0.000647
-0.000710
-0.002041
-0.002855
0.002922
0.002110
0.003441
-0.001083
0.005422
-0.000587
0.006731
0.001579
0.005870
-0.003622
0.003987
0.001797
-0.001781
-0.001352
-0.004447
-0.006110
0.006736
-0.000631
-0.000427
0.004784
-0.003714
0.000684
0.002681
-0.005664
-0.002133
-0.004022
0.001456
-0.004580
-0.000013
-0.005836
-0.001350
-0.001074
-0.001130
-0.001178
0.000052
-0.001487
0.000647
-0.003468
-0.002706
-0.003259
0.004650
0.001972
-0.004064
-0.003405
0.003555
-0.001498
-0.006737
-0.004323
0.002519
-0.002994
0.005584
-0.006433
-0.001252
-0.002206
-0.004451
0.002705
0.004469
-0.002513
0.001412
0.005904
0.000865
0.000875
-0.004669
-0.000926
0.000265
0.004485
0.001741
-0.005092
-0.003659
0.006169
0.002869
0.004801
0.006558
-0.006006
0.000731
-0.003949
0.000104
-0.004319
0.005238
0.003335
-0.003598
-0.006368
-0.005666
0.000682
0.006149
0.002434
0.006596
-0.004059
0.005643
0.006046
-0.005547
-0.005590
-0.006310
-0.002339
0.002759
-0.002879
-0.001587
-0.005352
0.004363
0.003899
0.002390
0.002031
-0.002112
-0.001980
0.003848
-0.000944
-0.004197
0.003851
-0.006351
0.003163
-0.004091
0.005654
-0.001570
0.002911
-0.004420
-0.005875
-0.003422
0.002844
-0.006382
-0.003788
0.005640
-0.001213
-0.001345
0.004423
-0.000387
0.005292
0.002419
-0.001931
-0.004855
-0.005863
0.004198
-0.000411
0.005519
0.000363
0.004370
-0.005437
-0.000701
-0.001289
-0.000563
-0.004532
-0.006240
-0.004395
0.004247
-0.003099
0.002223
-0.006554
-0.000924
-0.005465
0.005825
0.002842
0.002431
0.004203
0.005768
0.002113
0.005556
-0.002692
0.003148
0.006216
-0.003565
-0.001078
0.002824
-0.003810
-0.002053
-0.004754
-0.003757
0.006036
-0.002407
0.004594
0.006220
-0.003169
0.003384
-0.000982
0.000323
0.003674
-0.004474
0.003769
-0.001547
-0.003411
-0.005008
-0.005664
0.006082
-0.005122
0.005151
-0.000875
0.004384
-0.002634
-0.006358
0.000546
0.006076
-0.001540
-0.005913
0.002157
0.003908
0.002890
-0.003794
0.002876
-0.004180
-0.000923
0.000418
0.003321
-0.005458
0.006134
-0.000182
0.000919
0.003535
0.006239
-0.003918
0.004518
0.001797
-0.001372
0.000875
-0.001837
0.000289
0.000460
-0.005470
0.006092
-0.003101
0.001682
-0.004272
-0.000072
0.000490
-0.004362
-0.001659
0.002250
0.004864
-0.001789
-0.003482
0.006269
0.002343
0.002045
0.002439
-0.001620
-0.001369
-0.005727
-0.005193
-0.000191
-0.002614
-0.002253
-0.001016
-0.003638
-0.002968
-0.005301
-0.005736
-0.004089
-0.004826
0.002771
-0.002569
0.001786
0.002729
0.000617
0.004617
-0.006543
-0.004250
-0.000012
0.005843
-0.000848
-0.004268
0.001922
-0.003153
0.001427
0.004222
-0.000821
0.000408
0.002882
-0.004002
0.005129
-0.005156
0.006534
0.006608
0.001708
0.004458
-0.004533
0.006416
0.002256
-0.006453
0.003168
0.001255
0.000578
-0.006027
-0.004682
-0.002090
0.002043
0.000057
0.004824
0.005007
0.002382
-0.006553
-0.001711
0.004034
0.002210
-0.004424
-0.003433
-0.006344
0.003773
-0.001762
-0.005014
0.001637
-0.002908
-0.006635
0.003725
0.005817
0.003305
0.006413
-0.003483
-0.004646
-0.006310
0.004058
-0.006176
0.005889
-0.005248
-0.001615
0.001273
-0.004038
-0.004277
0.002650
0.002553
0.004773
-0.004205
-0.000927
-0.002917
0.000438
-0.003897
0.004988
-0.001361
-0.006412
0.004275
-0.006478
-0.001250
0.000641
0.004777
-0.002296
-0.000296
0.000373
0.003306
0.005921
-0.000325
-0.006318
0.004144
0.004598
-0.005585
0.000221
0.001748
0.005104
-0.000719
-0.006020
-0.006256
0.006462
-0.005666
0.002302
0.002259
0.000415
-0.001567
0.006571
0.002950
-0.002643
-0.000144
0.003796
0.004717
0.004493
0.003282
0.002106
0.004262
0.002139
0.001527
-0.000574
0.004583
-0.002268
-0.002900
0.001340
-0.003255
0.001342
0.003260
0.006141
-0.000304
0.002248
0.001401
-0.000413
0.003557
0.005983
0.000068
-0.004836
0.005488
-0.004193
-0.002763
0.000682
-0.002960
-0.000717
0.004643
0.000898
-0.002243
0.002634
0.003162
-0.001294
-0.006056
0.001369
0.001512
0.002439
-0.001364
-0.002765
-0.000096
0.001839
-0.002630
0.000888
0.003938
-0.004577
-0.004215
-0.001426
-0.001786
0.003982
0.001029
-0.003877
-0.002036
-0.001807
0.004772
0.004216
-0.006133
-0.001501
0.001932
-0.002640
0.002687
0.005731
0.005114
-0.006457
-0.001552
-0.006359
-0.005459
0.003992
0.004190
-0.000810
0.006027
0.000024
-0.002283
0.002698
0.000311
-0.003224
0.005718
-0.002463
-0.000690
-0.003482
-0.000750
-0.004583
-0.002176
-0.000835
0.005398
0.003062
0.001510
-0.002137
-0.005832
-0.000669
-0.003875
0.005554
-0.004116
0.002491
-0.003293
0.003449
-0.005332
0.000641
-0.004813
0.005550
-0.000648
-0.003276
-0.004484
-0.004622
-0.000875
-0.004989
-0.004773
-0.003553
0.003126
0.005312
-0.005283
0.005679
0.006041
-0.000378
0.000972
-0.002613
-0.001947
0.005234
-0.000793
-0.003442
-0.004013
-0.000466
-0.006084
-0.002176
-0.001653
0.006119
-0.001536
-0.001635
0.002830
0.003536
-0.006143
0.002006
0.002477
0.005874
0.005350
0.006684
0.004710
-0.006125
-0.005903
-0.005717
0.002906
0.001895
-0.004486
0.002383
-0.001364
-0.001047
-0.000604
0.000437
0.004253
0.003962
0.003471
0.000318
0.002641
0.005994
0.004967
0.002454
-0.004029
-0.005083
-0.002008
0.005365
-0.001017
-0.003317
-0.002628
0.003219
0.000829
0.000837
-0.004976
-0.002890
-0.006423
-0.002034
0.004268
-0.001435
-0.002942
0.001172
0.003836
-0.002928
0.002994
-0.000230
0.004338
0.004911
-0.002846
0.002289
-0.004934
0.002841
-0.004025
-0.004303
-0.006120
-0.005754
0.000340
0.004882
-0.001521
0.004775
0.005083
-0.001557
-0.005556
0.005996
-0.006114
0.000026
-0.006479
0.004365
0.004210
0.003009
0.001503
0.004521
0.003275
-0.006131
-0.003030
-0.006134
-0.003362
0.005486
-0.004545
-0.005652
0.002554
-0.006427
-0.002711
0.004988
0.003732
-0.003414
0.001482
0.002328
-0.005177
-0.005057
0.005219
-0.002439
-0.005345
-0.002721
-0.003896
-0.005913
-0.006664
-0.001305
0.004978
0.005934
-0.000291
0.001781
-0.002643
-0.005680
-0.002446
0.001454
-0.005261
0.004047
0.002998
0.003086
0.001678
0.006615
0.004558
0.001914
-0.004886
0.001298
0.005229
0.006703
-0.003413
0.002341
0.001953
-0.004798
-0.001341
0.005323
0.000603
0.005657
-0.004724
0.005568
-0.003869
-0.004114
-0.004795
-0.000061
0.002557
-0.002409
-0.001241
0.004460
-0.004941
-0.004719
0.005597
0.005629
-0.002928
0.003564
-0.006602
-0.000861
-0.000515
0.001297
0.002572
-0.006526
-0.001270
-0.005809
-0.002722
-0.002696
0.002573
-0.000878
0.001779
0.002913
-0.006076
0.006142
-0.006274
-0.001922
-0.002043
-0.005568
-0.000496
0.005136
0.000282
0.004273
-0.005476
0.004478
-0.003785
0.004395
-0.000328
-0.002742
-0.000239
0.001488
0.003757
-0.002846
-0.004135
-0.003550
-0.004626
0.003853
0.001454
0.005101
0.003535
0.004132
0.003213
0.003954
-0.000761
-0.000702
0.004996
0.005306
0.002064
-0.002940
0.006713
0.000955
0.001373
-0.006464
-0.000641
0.005761
-0.004210
0.004761
0.000183
-0.005744
0.003104
-0.001782
-0.002985
0.001954
-0.006118
-0.000641
0.000968
-0.004110
0.005240
-0.005453
-0.004337
0.001678
-0.002775
-0.000270
-0.004335
-0.002734
0.004755
-0.002874
0.002291
-0.006708
-0.000683
0.001427
0.002083
-0.001083
-0.000104
-0.001785
-0.001732
-0.003482
-0.004416
0.002640
0.004861
0.001493
0.003709
-0.005477
-0.006268
-0.006367
0.001125
0.004877
-0.006156
-0.001549
-0.001387
0.002212
-0.003952
-0.002873
-0.003988
0.001855
-0.002592
-0.002632
-0.006280
0.006204
0.000181
-0.002269
0.000306
-0.002968
0.002916
0.002520
-0.003740
0.005502
0.000959
-0.004990
-0.004220
-0.004131
-0.006594
-0.000858
0.004888
0.006298
0.000286
0.002681
0.004303
-0.000227
0.006188
-0.006723
-0.002052
0.003283
-0.004179
0.001702
-0.000548
0.001733
-0.002292
-0.000595
-0.002462
0.003072
0.005041
0.002870
0.001744
-0.002894
-0.000156
0.002806
-0.006243
-0.004589
0.003382
0.003283
-0.006384
-0.003904
0.001618
0.004460
-0.001334
-0.006553
0.005572
-0.001605
0.004550
-0.002512
0.001047
0.000258
0.000853
-0.005174
-0.006330
-0.004242
0.002470
0.004486
-0.001959
0.002316
-0.004187
-0.001622
0.001766
0.003489
-0.004287
0.001823
-0.004285
-0.005394
-0.002212
-0.004459
-0.006515
-0.006522
-0.004824
0.001919
-0.003348
-0.001934
0.006131
0.003890
0.003961
0.001035
-0.001633
-0.001594
-0.005887
0.002643
-0.006433
-0.005454
-0.006245
-0.002869
-0.004645
0.002182
-0.001378
-0.004648
-0.002791
-0.003543
-0.005799
0.004895
-0.003387
-0.001698
0.005587
0.003494
0.002381
0.000224
0.005120
0.002170
0.001911
-0.001124
-0.001695
0.004796
-0.003430
-0.001627
-0.004701
0.000955
0.004579
0.003334
-0.000187
0.000949
0.004861
0.000353
0.005715
-0.006244
0.004194
0.000787
-0.001600
-0.001493
-0.000982
-0.004676
0.005144
-0.004030
0.000735
0.001036
0.002826
0.004930
0.003669
-0.002525
-0.003243
-0.004392
-0.002838
-0.000119
-0.001843
-0.000629
-0.004720
-0.001294
-0.001618
-0.000959
-0.003053
0.000022
0.004358
-0.000517
-0.001769
0.003843
0.004232
-0.002427
-0.003461
0.006685
-0.004937
-0.004864
0.000638
0.000154
-0.004515
0.003079
-0.000260
-0.002014
-0.000036
0.005114
-0.000107
-0.004058
-0.000280
0.004471
0.000070
0.004794
0.000002
0.000735
0.002712
-0.006570
-0.002947
0.006707
-0.001496
0.003596
0.006172
0.006342
0.006660
0.003767
-0.003585
0.004097
0.002686
-0.000268
-0.001489
-0.000664
0.003572
-0.003670
-0.001028
-0.004269
-0.005869
0.004489
-0.005206
0.000563
0.004875
-0.002042
-0.003096
