4.000000	0.800000	50	0.100000	ARCHIVOS_REDES\ER\ER_711.txt
0.272214	3.689385
3.972955
-3.946211
-3.804264
3.972189
-2.784370
-3.942563
-3.304443
3.939103
-3.273745
3.961547
3.940111
3.978481
-0.885388
3.898905
3.721015
3.950947
-3.746047
-3.299163
-3.925322
-3.945862
-3.688152
-3.960505
-3.884496
-3.951928
3.835064
-3.973662
-3.964996
3.803495
3.920637
-2.829192
-3.979140
3.769367
3.956845
3.880705
3.848198
-3.865180
-3.938705
-3.949353
-3.964665
-3.370909
-3.846988
-3.940906
-3.948561
3.956904
-0.029248
-3.942601
3.851473
3.977784
-3.978520
-3.898631
-3.960411
-3.932608
-3.958203
-3.569491
-3.567021
-3.941552
3.902243
3.935399
-2.947436
3.958112
3.909285
3.961156
3.826733
-3.961664
3.905030
3.937658
-3.921563
-3.932841
3.538468
-3.834076
3.687935
3.978280
-3.201645
3.977025
-3.486813
3.670313
-3.891869
3.958416
-3.891695
-3.977487
3.980912
3.951232
3.980736
3.985228
3.970881
3.895168
-3.937783
-3.801968
1.671030
3.967143
-3.852792
-3.843386
3.863070
-3.743972
-3.508258
3.966819
3.918397
-3.966337
-3.978293
3.972633
-3.885918
3.873558
3.625537
3.972961
-3.287069
-3.152234
3.959925
3.507135
-3.794337
-3.969339
3.085346
3.888471
3.902962
3.969943
3.964620
-3.919289
-3.905659
3.993552
3.878643
3.975780
2.106483
3.865025
-3.545199
3.917712
-3.926125
-3.726734
3.935531
-3.584600
-3.954566
3.972776
3.743816
-3.947484
3.847752
3.808777
3.973444
3.971213
-3.847689
3.960836
2.595252
-3.870169
-3.918812
-3.893287
3.948490
3.961917
3.928886
3.937485
-3.867163
3.976096
3.982145
-3.934458
0.094070
3.970994
-0.904194
-3.930528
-3.923070
-1.574452
3.950164
3.987334
3.977200
3.949762
-2.731478
3.982600
-3.956045
3.979344
3.591353
3.850986
-3.884119
3.971056
3.943195
3.928936
3.946021
3.955081
3.975214
3.986667
-3.012708
3.955967
3.970414
-3.789215
3.868021
3.365645
1.938315
3.976604
3.964254
3.912599
-3.973092
3.178751
3.972143
-3.959904
3.955189
3.970416
3.957692
-3.852317
3.868074
3.873738
3.961368
3.750241
-1.575899
3.744516
-3.899909
-3.647902
3.925638
3.945809
-3.955472
3.807363
-3.866394
-3.617422
3.920272
-3.960842
3.950549
3.920011
3.980261
3.938958
-3.868612
-3.951263
3.957146
3.936224
3.844880
3.843192
3.958852
3.997123
-0.259026
-3.652937
3.976391
-3.940202
-3.969592
-3.972406
-3.396098
-3.979515
-3.779999
-3.949153
-1.383713
1.778191
3.910933
-3.967950
-2.769646
0.038019
-3.971668
-3.797174
-3.815877
-3.366963
-3.890336
-3.954630
-3.940605
3.974150
-3.976763
2.449548
3.891645
-3.973758
-3.882829
3.844904
-3.853897
3.981968
2.936069
-3.958662
-3.943652
-3.927864
3.778774
3.940558
-3.966786
3.897884
3.871930
3.978060
-3.930436
3.911132
3.783139
3.322901
-3.974070
-3.995841
-3.797649
3.983096
-3.927772
-3.966902
-3.766173
-3.964644
-3.741465
-3.968180
3.955255
-3.885163
-3.075701
1.355280
3.955476
-3.955514
3.932582
3.973335
3.858732
3.850354
-3.693486
-3.970767
3.935222
3.974491
-3.567353
3.911711
-0.893499
-3.956930
-3.996762
3.937820
3.865742
-3.964008
3.988001
-3.132405
3.970522
-3.784210
-3.787299
-3.965542
-3.951877
3.940567
3.983342
-3.893661
3.974345
3.956589
3.982761
3.948174
3.980644
-3.348130
3.925798
2.604993
-3.944208
3.954104
-2.892397
3.925720
3.948519
2.928210
3.959041
3.981772
-1.813406
-3.856259
1.343006
3.625826
3.971131
3.993795
3.970073
3.933356
-3.954673
-3.932397
3.752709
3.977099
3.923572
3.882144
-3.953412
-3.925302
3.959106
3.962476
3.957670
3.996390
3.911129
-3.479804
3.965909
3.982837
-3.780736
-3.927742
3.715141
-3.865180
3.836673
-3.970525
3.984514
3.075539
3.958634
3.497729
-3.862954
3.961216
-3.911081
-3.938270
-3.959227
-3.918498
3.974330
-3.904310
-3.980552
3.927136
-3.962470
0.157667
-3.799240
3.942775
2.381293
-1.050810
-3.917717
3.968189
3.937400
3.938195
-3.964094
-3.954306
3.967160
-3.807000
3.819049
-3.966256
-3.905370
-3.909185
3.975108
3.996894
3.899959
3.921061
-3.735280
3.982323
3.978566
3.906419
3.229140
3.935852
-0.318673
-3.955280
2.115531
3.935136
-3.238592
3.913525
-3.977400
-2.509207
3.965985
3.935694
-3.971827
3.971786
-3.767115
-3.965182
3.628862
3.972433
-3.775297
3.935217
3.903251
1.207532
3.926005
3.976145
3.954454
-3.979804
3.805699
3.910271
-3.961879
3.935580
-3.953619
-0.774051
3.918720
0.104855
3.940408
-2.696808
-3.912670
-2.171634
3.934830
-3.923999
-3.848938
3.983038
-3.933245
-3.935492
-3.241812
3.961943
3.970068
3.588010
-3.977477
-3.967379
3.931944
3.921209
-3.787059
3.970680
2.992712
3.908695
3.841193
-3.964202
3.915964
3.224740
-3.899268
3.961623
-3.666809
-3.947537
3.987329
3.970485
-3.992041
-3.947734
3.505840
3.981594
3.960562
-3.905084
-3.888251
-3.594521
-3.881409
-3.940681
3.969258
3.971270
-3.948882
3.955335
3.623186
-3.961767
3.991241
3.963349
3.953670
3.941716
-3.960669
3.921339
-3.900704
3.960969
2.013762
-3.846426
3.970386
-3.903766
-3.946783
3.708011
3.953859
3.978955
3.896099
-3.980804
-3.764637
3.453009
-3.899672
3.894625
3.976552
-0.020005
2.883910
-3.761021
-3.940408
3.934489
3.957484
3.997112
-3.978494
-3.996283
-3.850500
3.975810
2.703276
-3.973201
-3.984381
-3.886961
3.572550
-3.691062
-3.940479
-3.927273
3.325240
3.977276
3.960504
0.579726
3.924445
3.784474
-3.881218
3.954547
-3.936851
3.976061
-1.964193
-3.962832
3.975388
-3.961466
-3.448838
-3.888463
3.908668
3.265450
3.982976
3.980379
-3.924342
3.977771
-3.963668
-2.413177
3.972826
3.552983
-3.780601
3.981027
-3.931402
3.986549
-3.128097
3.968923
3.985608
-3.961669
-3.995911
3.975507
3.945639
-3.966025
-3.790356
3.974789
3.973878
3.983351
-3.429983
-3.934335
3.965460
3.952873
-2.804421
-3.953612
-3.741877
3.951012
3.970237
-3.810896
-3.733998
3.997143
-3.884357
3.911386
1.960941
3.417753
-2.123479
2.885015
2.149269
3.707803
-3.874314
-2.303707
3.878514
3.855857
-3.185970
-3.701217
3.896930
-3.736816
-3.996844
-3.950922
-3.769754
-3.953597
3.937963
-3.996664
3.972777
-3.945911
-3.862158
3.945928
-3.992954
-2.078196
1.072985
-3.955163
-3.952661
-3.897450
3.983948
-3.962147
3.433432
-3.971614
3.866436
3.711511
3.970047
-3.782048
3.974242
-3.964901
0.221280
-3.903991
3.952610
3.965336
-3.869133
3.978905
-3.292662
3.119797
3.996951
-3.876165
3.971685
3.965650
-3.380745
3.987517
3.925948
-3.969638
3.931993
3.942170
-3.996906
-3.788561
-3.980324
-3.371206
3.935441
3.942653
3.978927
-3.963322
3.812244
-3.959658
-3.973801
3.835932
-3.924086
-3.952020
-3.692803
-3.932031
2.541515
3.862329
3.968046
3.712512
-3.885402
-3.729107
-3.847856
-3.887890
-2.913515
2.991460
3.841806
-3.865093
-0.302518
-3.976370
-3.980298
-3.943959
3.972231
-3.719352
3.962921
-3.616459
3.934378
3.979123
-3.996513
-3.996935
3.919517
3.979948
3.913838
3.987523
3.970696
-3.965008
3.966390
3.479548
-3.682116
-3.892266
-3.680223
3.497144
3.894543
-3.972521
3.972925
-3.849562
3.964456
-3.799706
-2.930222
0.150741
3.996987
3.885575
0.269243
3.969954
3.962534
-3.968584
3.967984
-3.693218
3.944451
3.343641
3.021876
-3.206649
-1.906423
3.955146
3.591069
3.057269
3.589628
3.905413
-3.951873
-3.972740
3.892852
-3.927362
3.976226
-3.967935
1.722555
-3.527859
3.642047
3.245159
3.964938
-3.805878
-3.933474
3.935262
3.944791
3.975114
-3.964108
3.979417
-3.964544
-3.930026
-3.965288
-3.877946
3.798412
3.981624
3.881812
3.783496
3.608873
3.883857
3.959177
-3.936034
3.984800
-1.134076
3.618345
-3.979726
-3.038723
-3.818805
-3.976783
-3.961000
3.936104
-3.957464
3.956014
-0.673512
3.960415
-3.888437
-3.643974
3.969737
-0.892109
-3.910469
-3.976818
3.942215
-3.884098
-3.763153
-3.996703
3.996928
3.976867
3.965044
3.964587
3.927898
-3.937771
3.970768
-3.741647
2.864138
-3.800536
3.954520
2.962913
-3.956111
-3.809172
3.739131
-3.765190
-1.588760
3.028648
0.569623
-3.761155
-2.157556
3.356279
-3.854386
3.980241
-3.780430
-3.906958
3.938277
3.951251
3.966773
3.896821
-3.895704
-3.911418
-3.932009
-3.954224
-3.966286
-3.996997
3.922924
-3.960008
-3.996512
3.987353
3.957834
3.964329
-1.179000
-3.813180
-0.625329
-3.799662
1.650355
-3.205808
-3.479632
3.977698
-3.770192
3.996766
-3.556971
3.907248
-3.909267
3.904188
-3.949096
3.950603
3.750487
-3.866825
3.975005
-1.420743
-3.956499
2.981573
3.976298
3.507685
-3.876777
-2.974875
-3.872492
-3.951937
3.953541
3.997176
3.729878
0.275894
3.788280
-3.973752
-3.984089
-3.964961
3.886602
3.971457
-3.737350
3.780389
3.357719
3.862531
-3.852524
3.904192
3.976122
-3.965691
3.955524
-2.911991
-2.923713
-3.940743
3.972578
3.972434
-3.971441
3.960582
-3.963473
-3.963389
3.946048
-3.975600
-3.910626
3.960730
-3.963350
-2.684365
3.958335
-3.960514
3.959522
3.976211
-3.924376
3.971152
3.935160
-3.866564
3.945919
3.930186
-3.512629
-2.646750
3.663110
3.970612
-3.973251
-3.902050
-3.847956
3.996322
-3.948010
-3.934128
-3.934149
-2.165920
-3.971966
-3.914680
-3.937913
2.385754
3.962168
3.980591
-3.740329
-3.973814
2.459105
-3.840871
3.967380
-3.462649
-3.365550
-3.932046
-3.662478
3.983678
-3.840894
-3.937823
-3.939645
3.924873
3.947697
3.970438
3.956550
-0.892754
3.928123
3.953898
3.951821
3.959894
3.539426
3.974924
-3.937272
0.471303
-3.929742
3.980712
3.375899
-3.971275
2.946189
-3.928742
3.717918
-3.965952
3.957879
3.786265
3.980553
-3.966337
-3.921961
3.783058
1.775497
-1.756572
3.955671
3.978225
-3.973917
-3.048223
-3.795964
3.971332
3.958655
-3.970695
2.792611
3.768736
2.005479
3.952765
3.872872
-3.241853
3.968167
-3.881919
-3.962867
3.901966
3.978323
-3.405009
-3.964343
3.738443
-3.974854
-3.947915
-3.967792
3.965980
-3.888853
-3.414136
-3.581949
3.951633
-3.884665
3.955786
2.959389
-3.728480
-3.942451
3.969410
-3.901036
3.981248
3.933556
-3.969481
3.966083
-3.915783
-3.960070
-3.958941
3.964981
-3.938252
3.896020
3.946757
3.229932
-3.785819
3.924174
-3.887596
-3.956910
3.655061
-3.318146
3.950708
-3.928768
-3.884555
0.890579
3.966554
3.959704
3.962581
-3.938887
3.970529
3.909970
3.912353
3.017312
3.361122
3.602202
3.223233
-3.975248
-3.943813
3.725871
-3.469016
-3.977611
-3.168036
-3.203792
3.925741
0.445507
3.938967
3.971471
-2.528592
-3.949724
-3.227679
3.974018
-3.170410
3.936493
-3.782765
3.959537
3.898460
3.967030
3.963863
0.564224
3.960989
3.964704
-0.163879
-2.469063
-1.038399
3.665026
-3.966100
-3.733239
-3.968919
3.916901
3.943527
2.959713
-3.948640
3.996710
3.964788
-3.970155
-3.901889
3.974371
-3.929866
-3.714218
-3.957158
-3.955292
3.974878
3.986912
-3.931154
3.915553
3.963317
-3.959213
3.274025
3.965426
-3.749429
-3.457238
-3.746250
3.702190
2.796149
-0.198285
-3.956026
3.932037
3.970317
3.959866
-3.978344
-3.957473
-3.974896
-3.721198
-2.853980
3.401154
3.940675
-3.888644
2.915459
3.971002
3.740974
3.929189
-3.948583
3.971486
3.974747
3.868706
-3.900283
3.278920
3.912903
3.912679
3.956479
3.960203
-3.543416
-3.798803
3.907947
-3.934132
3.887956
-3.973096
3.949235
3.930757
-3.941964
-3.946349
3.950361
3.762477
3.960424
-3.516088
-2.095369
-3.942696
-3.695010
3.911049
-2.471404
3.996095
3.919597
-3.950872
-3.974942
3.976603
-3.346967
-3.744207
3.867328
-3.914175
-3.933480
3.959273
-3.854911
-3.929620
2.353482
-3.941093
3.957184
-3.964886
-3.920017
3.944309
3.836089
3.978389
3.970615
3.883687
-3.937190
-3.860874
3.944926
3.716924
3.842384
-3.869416
-3.962596
-3.968437
-3.963468
3.957759
3.972340
3.809648
-3.856553
-3.970742
2.401046
3.970557
3.936081
3.959756
-3.959966
-3.701168
3.973196
3.984958
-3.997038
-3.803726
-3.966455
-3.948268
-3.036895
3.979828
-3.971771
-3.973008
3.978828
2.661669
2.040331
-3.960556
2.939715
3.964971
-3.929462
-3.946825
3.071319
-3.921909
3.996942
-3.567444
-3.816584
3.981714
-3.973840
3.974123
2.245678
3.647849
-3.819134
3.929880
-0.652612
-3.965615
-3.962812
3.575177
-3.491812
-2.849387
3.595795
3.871532
-3.900236
3.944835
-3.967579
3.996873
3.874757
-3.957070
3.727221
-3.964543
-3.870535
3.835829
3.978730
-3.977899
3.929956
-3.914013
3.981180
3.864773
-3.976774
3.487903
3.927161
3.935251
3.962023
-3.899686
3.906210
3.939788
3.885126
-3.956306
3.916969
3.973075
-3.951827
3.956697
-3.977105
3.973320
-3.664468
3.967460
3.932741
3.620041
-3.789675
-3.959066
-3.918094
3.930508
-3.923760
3.786077
3.965150
-3.314592
-3.944842
3.968119
3.984169
3.977777
-3.966295
-3.934515
3.966530
-3.701851
3.953144
3.976977
-3.945627
3.410376
3.972674
-3.977312
-3.802280
-3.907351
-3.964981
3.620662
-3.898982
3.996472
3.949837
3.954500
3.973845
3.965259
-3.979067
-3.924485
3.961052
-3.626183
-3.882589
-1.998835
-3.872557
-3.576964
3.948702
-3.941786
3.608265
3.996995
2.818222
-3.871820
3.945842
-3.876294
2.580579
-2.869238
-2.122614
-3.717121
3.878079
-3.002094
3.665915
3.917473
-2.129132
-3.306518
3.933133
-3.813647
3.651704
-3.905080
-3.945392
-3.995753
-2.003619
-3.937549
-3.957107
3.816673
3.956623
-3.963884
3.770984
3.167195
-3.945001
-3.967406
3.968856
3.972688
-3.957482
3.551136
3.970306
3.873367
3.926717
3.947270
-3.949182
-1.661429
3.885186
3.973088
3.969851
3.984266
3.930186
3.546377
-2.850601
-3.836901
-3.963798
3.972575
3.922044
-2.015859
3.992123
-3.437435
3.979135
3.980675
-3.958936
3.996857
3.984321
3.967688
-3.877210
3.895178
-3.456721
3.667296
2.304405
3.468604
3.991349
-3.737453
-3.319854
3.973322
-3.612459
-3.743381
3.707981
3.968669
-3.946621
-3.970243
-3.975276
3.747313
-3.974102
-3.897827
3.901933
-3.973848
3.973799
-3.962871
-3.913579
3.885804
-3.931748
-3.952516
1.042898
-3.947119
-3.963373
-3.652154
-2.543230
-3.970912
-3.865382
3.967589
-0.109295
3.979552
1.787516
-3.781789
-3.866402
3.955431
-3.852642
-3.946497
3.961557
-3.978346
-3.958733
-0.195795
3.469309
3.912914
-0.326233
3.983372
-3.939898
-3.440375
-3.226685
3.486112
3.970263
3.940178
-3.736185
3.941197
-3.957825
-3.961814
3.948631
-3.975496
-3.826288
-3.935812
3.622600
-3.171832
3.954851
3.785131
1.494220
-3.977613
3.964453
2.843608
3.988755
-3.937000
-3.704862
-3.222308
-3.956541
3.976897
-3.515017
-2.938794
1.770232
-3.896245
-2.956505
3.967224
3.932251
-2.858885
1.355158
3.602567
-3.951148
-3.810030
3.051451
-3.870270
3.918541
3.977503
3.982416
-3.670564
3.960452
-3.378135
-3.926936
-3.908481
-3.977426
3.975460
2.087054
-3.938579
-3.943900
-2.167363
-3.984145
-3.950325
-3.781604
3.966166
3.447407
-3.939193
3.973803
-3.970792
3.942431
-3.851961
3.953899
-3.976467
-3.970619
3.982761
-3.965329
3.709421
3.975428
-3.985150
-3.940704
3.983838
3.964993
1.237889
3.846535
3.798872
3.996621
3.379472
-3.316461
3.747659
3.963561
3.971606
3.949859
-3.844721
-3.943516
-3.918416
-3.958648
3.941331
3.880298
-3.884402
-3.641774
3.189986
3.969856
3.896894
-3.407768
3.972846
3.819338
-3.617182
3.884292
3.949528
3.950728
-1.854546
3.970048
3.967077
3.960395
3.788086
3.609429
-3.974490
-3.969705
-3.888578
3.996613
-3.975617
3.996471
2.765079
3.972001
-3.483172
-3.955166
2.958785
3.996703
3.867000
3.803816
3.962435
3.911406
-3.960919
3.963452
3.977418
3.954708
-3.896164
2.731396
3.921023
3.961593
3.965421
3.951431
3.964456
-3.968670
-3.767762
3.904830
-3.994199
3.976471
-3.783967
3.469661
3.937203
3.753871
3.919253
3.956465
-3.969070
3.486014
3.858411
-3.968374
3.962870
3.967260
-3.951326
-3.878394
3.643648
3.975596
-3.881307
3.917014
3.961225
3.941960
-3.934756
3.500764
-3.973617
3.950107
-3.715226
-2.840301
-3.872849
3.691650
2.500567
3.891200
-3.950209
-3.883066
-3.809210
3.962558
-3.928123
3.995924
2.751128
-3.979459
-3.657166
3.978728
-3.976839
3.941524
-3.981331
3.834886
-3.944455
3.846229
3.902526
3.960751
-3.958760
-3.996444
3.962881
-3.869400
3.834352
1.397934
-3.815927
3.829976
3.911396
3.820847
-3.912965
-3.737593
-0.449377
3.927847
-3.643782
-3.967351
0.311133
-3.853503
3.997023
3.907409
-3.941057
-3.937300
3.192199
3.876186
-3.972724
-3.355781
1.104116
3.589970
3.460782
3.899131
3.946069
-3.962332
3.976544
3.806203
-3.996974
2.572807
-3.966342
3.963917
3.797388
3.997084
-3.648095
3.969728
3.960408
3.642244
3.775204
3.963073
3.910319
-3.842841
-3.933824
-3.486237
3.885318
3.959189
3.960565
3.494257
3.930131
-3.948697
3.974433
3.953497
3.918692
-3.975486
3.971326
3.968737
-3.821297
3.899704
3.996761
-3.973609
3.961024
3.948079
-3.950878
3.918945
3.953543
-3.995896
3.939097
-0.514476
-3.948553
3.953666
-3.776643
3.961641
-3.850013
3.949289
-3.693102
3.642054
-3.933336
-3.509279
3.907973
3.970663
-3.961357
3.973870
3.529846
3.920794
3.907530
3.838337
-3.903341
3.822310
-3.928697
-2.967010
-2.746925
-3.960012
3.981880
-3.932896
3.969201
3.983944
3.980026
-3.866074
-3.914106
3.974214
-3.964688
3.984463
3.934420
-3.973088
3.879365
3.972079
3.979746
-3.945946
3.971503
-3.952839
-3.597914
-3.949593
3.959334
-3.638018
3.944177
3.964620
-3.930867
3.996127
3.265654
-3.657879
-3.970005
3.925839
-3.931170
3.741161
3.821645
-3.975383
0.878344
-3.948540
-3.899957
3.961096
-3.968143
3.984850
-3.909849
3.856334
-3.707966
3.950074
2.251413
-3.963008
2.051142
3.938280
3.988546
3.966328
3.978092
-3.763467
-3.779444
3.216857
3.929217
3.953306
3.973249
3.970983
3.944269
3.838727
-3.963879
3.946174
-0.471046
-3.982406
-0.897975
2.699085
1.624060
-3.939632
3.997064
3.964872
-3.961309
3.982029
3.070290
3.975074
3.753778
-3.489435
-3.958227
-1.772316
-3.965423
3.979787
-3.955490
-3.852702
3.910764
-3.736592
3.894834
3.779233
3.811834
3.960885
-3.931550
3.965257
3.748616
3.967692
3.928230
3.700539
3.800161
-3.926919
3.953520
-3.784215
3.988413
3.961864
3.926959
3.870232
3.910425
-3.864289
3.001060
-3.799616
3.921848
-3.960291
-3.959017
3.959351
-3.958647
-3.232551
3.914721
3.698357
-3.970222
-3.825297
-3.463291
-3.981861
3.970315
3.953053
3.974426
3.492690
-3.957261
3.971548
3.959089
-3.947217
3.889655
-3.882099
-3.760151
-3.973075
-3.931202
3.964099
3.862720
3.853261
3.967193
-3.977856
3.962426
2.564580
3.923444
-3.946385
-3.856282
-2.937335
-0.710227
3.960070
1.572192
3.972992
-3.971803
-3.939598
-3.935194
3.977049
3.745358
3.911274
3.979364
3.960475
-2.309615
3.190974
-3.864255
-3.905427
3.778975
-3.464802
3.952952
3.963910
3.784804
3.920438
-3.941777
3.945749
-3.175724
3.960508
-3.649077
-3.507476
3.701599
3.984387
3.951066
-3.800233
2.857947
3.715552
3.925640
3.777445
3.854502
3.924416
3.683449
-3.761628
3.911954
3.947952
3.930348
-3.973177
-3.699310
3.718964
2.388605
3.911651
3.953344
3.402788
-3.959122
-3.951856
-3.809090
3.928863
-3.956341
3.978685
-3.961715
3.972894
-0.443186
3.985479
-3.572917
-3.923883
3.981620
0.128217
3.764920
3.554859
2.821971
-3.805674
3.936759
-0.182314
-3.950898
3.471489
-2.364620
3.959281
-3.996819
3.898389
-3.917642
3.985230
3.790748
3.927070
-3.924784
-3.971761
-3.856670
3.911184
-2.776651
-3.891422
3.981729
3.936465
3.881631
3.917499
2.754118
3.926899
-2.636484
3.970541
-3.805333
3.996456
3.949795
3.966791
3.940344
-3.504164
3.949477
-3.941375
-3.997105
-3.520790
3.957866
3.968532
-3.926152
3.957475
3.914334
-0.179359
3.882479
3.895529
3.954668
-3.700386
-3.944466
3.955347
-3.884450
3.997085
3.383729
-3.296611
3.980310
-3.703586
-3.935233
3.909689
-3.848075
3.972349
-3.908373
-3.816727
3.976646
3.979589
3.937769
-3.963914
-3.975603
-3.715898
-3.615834
-3.962840
-3.724553
-3.996798
3.923443
3.993052
3.861952
3.830681
3.885326
-3.964464
3.724569
0.414687
3.941738
3.661038
3.955340
-3.960780
3.965397
-1.718610
-3.004035
3.973132
1.343440
-3.961096
3.260260
3.938226
3.151270
-3.873374
3.992447
-3.976903
-3.970137
-3.889065
-3.179028
-3.943089
3.953894
3.961050
3.975881
-3.964967
3.850587
-3.945649
3.097158
-3.966221
3.975746
3.957678
3.978541
3.980294
3.774274
3.931161
3.978827
-3.683947
3.995543
2.609851
-3.458781
-3.929029
-3.964045
3.982309
3.951228
-3.334274
-3.956974
3.264625
-1.017470
-3.963036
-3.706382
-2.663760
-3.872456
-2.123557
3.980847
-3.960551
3.958125
3.920444
3.823406
-2.374682
-3.952427
-3.996958
-3.980720
-3.219348
3.781102
-3.896162
-3.577054
-3.437581
-3.972054
-3.935869
3.987131
3.948909
1.235582
3.996721
3.984983
-3.934766
3.520050
3.868523
2.259553
3.966785
-3.898027
3.966956
-2.750850
-2.052571
3.945484
-3.886093
3.845798
-3.913247
3.959569
-3.911263
-3.401985
3.283905
-3.877566
3.946673
3.973244
3.714246
3.973792
-3.974786
-3.928351
3.906831
-3.953270
-2.586628
-3.340542
3.945704
-3.771529
3.939908
-3.996778
-3.954260
-3.472839
-3.393759
-3.797176
-2.472780
3.949108
3.875735
2.259867
3.861265
-3.845133
-3.918253
-2.938023
-3.596664
3.947944
-3.956283
-3.791183
-3.968289
3.591520
-3.925653
2.334919
-3.900165
3.962520
-3.969089
1.005193
3.979549
3.967135
1.824245
-3.946966
-3.978377
-3.689984
-3.733763
-3.950262
-2.817221
3.966150
-1.994418
3.966037
3.669952
3.971674
-3.949432
-2.381136
3.956438
3.977233
-3.977757
-3.996212
3.948415
-3.926074
-3.904963
-3.948900
-3.938781
1.086953
-3.825958
-3.792044
-3.938533
3.977977
-3.641396
3.996468
3.867379
3.928772
-3.950953
3.723007
-3.608047
3.867454
3.946007
-3.899905
3.978874
3.985909
3.917500
3.843878
-3.972772
-3.934753
-3.968911
3.957160
3.970070
3.458030
-3.467485
-3.971340
3.906259
3.960151
3.975421
-3.876935
-3.925533
-3.973175
3.941646
-3.555614
3.881515
3.978086
3.846149
3.971773
3.785314
1.864716
-3.969275
-3.665121
-3.966703
-3.919305
3.980935
-3.959301
-3.124055
3.984905
3.929667
-3.976198
3.375402
3.956794
-3.923288
-3.266635
3.994239
-3.971458
-3.487771
-1.444585
-3.926270
-3.778067
1.301442
-3.896146
-2.157511
3.940349
3.941472
-3.960607
-3.577586
0.990350
-3.862528
3.986542
-3.936041
-3.860854
-3.634196
3.889707
3.380335
3.959203
3.963039
0.271549
3.997195
-3.964991
3.955440
3.977977
3.974154
-3.631560
-2.967653
-3.243342
3.974574
3.963183
3.819232
-3.884597
-3.374061
3.964120
-3.946596
-3.803124
-3.926374
-3.947254
-3.919646
3.923131
3.870001
3.412953
3.969540
-3.954648
-3.977041
3.924736
0.566011
-3.952369
3.903213
3.974783
3.880625
3.891542
3.124684
-3.681137
-3.863822
3.972186
3.995002
-3.822324
-3.913970
3.914922
-3.929035
-3.209208
2.694977
3.874405
3.313232
-3.981892
3.997089
-3.976417
3.092543
3.957547
3.963370
-3.925960
3.198224
1.733773
3.850700
-3.969746
-3.963644
3.971896
3.804612
3.953989
-0.538157
-3.961308
3.920039
-2.588498
-3.975305
3.983919
-2.360435
3.915560
2.017712
-3.486354
3.997018
3.969766
1.964696
-1.010168
-3.939217
3.970958
-3.903742
-3.857020
3.958654
-3.955351
-3.170491
-3.272490
-3.814476
-3.960857
-3.851422
-3.908228
-3.996810
-3.939398
-3.996839
-3.932901
3.975445
-3.876280
2.162096
3.946239
-3.996854
3.849591
3.927810
3.962600
3.586574
-3.981855
3.740037
-3.929125
3.946938
3.863263
3.979392
-3.960168
-3.874706
-1.263655
-3.388828
-3.967584
-3.944919
3.973497
3.966794
3.969318
-3.872648
-3.382759
3.964952
3.996944
-3.956109
3.933925
3.972979
-3.959327
3.985277
-3.839713
2.456231
-3.913179
3.973411
-3.686737
3.949520
-3.970795
-3.945599
-3.969948
3.936306
3.980536
-3.690587
-3.965402
2.343540
2.757732
-3.609058
-3.928295
3.969370
-3.959745
3.762324
3.960292
3.884791
-3.957315
3.953945
-3.953697
3.679345
1.788774
3.972474
-3.943901
3.943862
3.914335
-3.963823
3.969001
3.108246
-1.277231
-3.950162
3.980217
-3.940200
-3.863113
-3.875192
-3.959530
3.964612
3.847261
1.626296
3.869801
-0.232097
-3.974345
3.974734
3.702211
3.971207
-3.553357
3.032343
3.984707
3.625150
0.366593
-3.957582
3.892291
-3.902304
3.950228
-3.931496
-3.963713
3.898284
-3.841850
-3.943290
3.880139
2.744459
3.962296
-3.967881
3.996228
3.976132
-3.958953
-3.762845
0.182042
-2.532353
2.195427
3.974571
3.980079
3.751806
-3.959818
3.947642
3.971756
-2.799948
-3.996750
-3.837318
-1.805394
-3.939523
-3.952205
3.971407
-3.805236
3.986902
2.698072
-3.619505
-3.851105
-3.906982
-3.918153
3.973776
3.985948
-3.900975
2.626384
0.400654
3.406817
-3.884831
3.995759
-3.964060
-3.963127
3.973097
3.980009
3.954098
2.421798
3.919236
3.699470
3.982168
3.978832
3.810030
-3.962403
-3.963238
3.419907
-3.974848
-3.961866
-3.892776
-3.900505
-3.972048
3.705776
3.859785
3.915296
-3.957744
-3.812043
-3.807319
-3.896599
3.959259
-3.485740
3.655417
3.892682
-3.943360
-3.879694
-3.693616
3.948060
3.893241
3.931002
-0.621218
3.934444
3.870942
-3.835787
-3.919036
3.966303
-3.962003
3.887184
-3.950574
3.948313
3.952489
3.843426
3.412728
3.915738
-3.779810
3.960567
-3.943342
3.980421
-3.963238
-3.754613
-3.221550
-3.914747
3.937364
3.153543
3.875400
3.857897
-3.941303
3.964850
-3.898327
-3.920453
3.974785
-3.702477
3.966771
3.014090
-3.965758
-3.934803
-3.966268
3.995810
3.036532
3.541620
3.935894
-3.377853
-3.963080
-3.509450
-2.787236
3.751090
-3.955382
3.982016
3.979386
1.303385
3.931645
-3.877551
-3.085547
-3.651246
3.963881
-2.808012
-3.901947
-3.951809
-3.352861
3.969763
3.701378
-3.609497
2.981226
3.968741
3.968925
3.951688
-3.686034
2.677865
3.935683
3.949196
-3.446911
-3.410250
-3.908823
-3.913700
3.976494
3.960588
-3.564579
-3.655938
2.713450
3.971660
3.985177
3.871145
1.257182
3.964821
3.909062
3.996153
3.840750
-3.853880
-3.933560
-3.612797
3.940545
3.952639
-1.259860
3.824610
-2.627806
-3.765799
3.672919
-3.501684
3.917435
-3.909479
-3.927904
0.287313
2.120127
3.997092
3.797676
3.664650
-3.956023
-3.172819
2.813492
-3.262702
3.961363
3.188886
-3.894862
3.980029
3.923223
3.971599
-3.877009
-3.171765
-3.882709
-3.798282
-3.913881
-3.574096
-3.913814
-1.772203
3.764434
-3.947281
-3.941526
-3.958252
3.977513
-3.954340
-3.947606
-3.699382
-3.935633
-3.952659
-3.927472
3.956166
3.171442
-3.262855
3.957125
3.588625
3.978855
-3.905651
3.975685
3.933109
3.796542
3.984946
3.965777
-3.965230
3.968063
3.982065
3.968835
3.963261
3.975646
-3.971493
3.926476
-1.134329
-2.655696
3.973422
-3.621825
-3.950020
3.969009
3.951265
-3.940652
0.328407
3.978920
3.423746
-3.701000
-3.979404
3.979232
-2.790836
-1.779690
3.597837
3.971534
-3.901317
-3.904496
-3.947069
3.668056
-3.932616
-3.981193
3.960705
-3.885938
3.898250
-3.972724
3.952631
-0.648080
3.944130
-1.424063
3.986628
3.036845
-0.937893
3.566806
3.942256
-3.795947
3.944824
-3.936491
3.963440
-3.975307
3.885028
3.717351
-3.971716
3.961169
-3.819562
3.969708
3.958957
3.793220
-3.965347
3.869157
3.913636
-3.967751
3.959168
3.971662
3.947984
3.970621
-3.916432
-3.726870
-3.952347
-3.204196
-3.973108
-3.976613
-2.060214
3.969223
-2.343792
3.907973
-3.967525
-3.670474
-3.936438
-3.732124
-3.969291
-3.961167
-3.888529
3.948931
3.886369
-3.614569
3.707607
3.961280
-3.983608
-3.979403
3.963576
3.809095
3.971490
3.326341
3.980629
3.917266
3.645861
3.965034
-3.948221
-3.960558
-3.925634
3.978974
-3.797110
3.965319
-3.968349
-3.968835
-3.856508
-3.931082
3.965518
3.966081
3.953132
3.867758
3.786333
3.980460
-3.963291
-3.935562
-3.981856
3.980196
3.883458
3.979824
3.976632
3.956764
-3.971938
3.961778
3.982908
3.871338
3.924794
3.939325
-3.951670
-3.795632
-0.818140
-3.935811
-3.282080
3.971581
1.839268
3.963951
3.472290
3.076976
3.987371
3.960461
-3.915513
-3.973941
-3.957124
3.956617
3.899373
3.904946
-3.981160
3.452724
3.949410
3.956775
-3.932424
-3.874676
-3.962644
3.969624
2.537170
3.934269
-3.971864
3.937532
3.890782
-3.962226
-2.487410
-3.945766
-3.686537
2.739460
-3.579038
-2.870594
-2.971455
-3.976910
3.978806
-3.955860
3.780495
3.953194
-2.250761
3.980576
-3.931582
1.137368
-3.852420
-3.971655
3.964811
-3.895999
2.646075
-3.951329
3.959442
3.996679
3.965927
-3.963287
0.385241
3.562327
-3.686055
3.979364
3.982018
-3.904853
3.967555
-3.960839
3.978410
3.465810
3.980694
3.976349
3.937203
2.322784
3.919880
-3.839939
3.968695
3.948560
3.894147
-3.703516
3.568269
3.907440
3.928318
3.973795
-2.418894
-1.375195
-2.054565
-3.980071
3.978662
3.835870
3.977216
3.961154
-3.945828
-3.914725
3.983339
3.982577
-3.846360
3.073232
2.753384
3.944794
-3.899122
-3.937843
3.926030
-3.841558
-3.925269
3.842789
3.376437
3.980973
-3.979117
3.978637
3.958864
2.923066
-3.950922
3.906082
-3.961705
0.736149
3.896001
-3.887164
3.663501
-3.871421
-3.916806
-3.967427
-3.990510
-3.971813
3.952639
-3.996798
3.933222
-3.960144
3.954840
3.934919
-3.512996
-2.662534
-3.656827
3.965074
3.975031
3.893582
3.950446
-0.449124
3.639400
-3.929135
-1.866833
-3.939813
3.867720
3.977420
3.964821
3.904621
-3.781951
3.981982
3.971348
3.795748
-3.601537
-3.455778
3.996881
-3.930283
-3.942539
3.908535
-3.887532
-3.947266
3.962131
3.625613
-3.986201
3.955127
-3.952396
3.570733
-0.776601
-3.972259
3.910534
-3.943789
-3.969921
3.951995
3.963433
3.979844
-3.885054
-1.481178
-3.975067
-3.978390
-3.864094
-3.912566
3.983503
-3.903273
-3.938167
3.926202
3.779457
3.996825
-3.936073
3.957085
-3.886408
3.929863
-3.981493
-3.821988
3.928625
3.953866
3.972005
3.984507
2.957305
-3.944913
-3.651848
-3.959035
3.994656
-3.968232
3.938481
-3.939787
-3.920044
-3.958879
3.954434
3.957202
3.954354
-3.510472
-3.964912
-3.673918
-3.861520
3.890127
3.957211
1.018934
-3.151982
3.976812
-3.858840
3.738263
-3.660989
-2.028080
-1.349955
-3.707638
-3.973450
-3.370040
-2.919425
3.964444
3.969374
-2.999561
3.282448
3.956363
3.911818
3.973508
2.931793
-3.957724
3.985073
3.944206
-3.961932
-3.943614
3.979250
-3.920170
3.923418
-3.835083
-2.754350
3.966526
-3.940323
3.962670
3.945914
3.380356
-3.866838
2.086784
-3.980384
3.872771
3.901902
3.519389
-3.878427
0.083243
3.827000
1.635900
-3.895469
3.874783
3.818581
-2.380452
-3.933345
-3.925974
3.972966
-3.963098
-2.894695
-1.406135
-3.854333
3.779068
-3.937870
-2.059925
3.030332
2.091544
-3.956537
3.823571
3.670587
1.842409
3.985794
0.334286
-3.774311
-3.956919
-3.971261
-3.936420
3.981059
3.955869
-3.861977
2.918829
3.953890
-3.827801
-3.961823
-3.944726
3.801158
-3.953263
3.958045
-3.922540
-3.957002
3.975549
3.949855
1.709830
-3.842855
3.921800
3.953495
3.922748
-3.962520
-3.814043
3.977970
-3.945741
-3.960917
-2.448627
-3.965357
3.486383
-3.783550
3.977005
3.854622
3.958981
3.983056
3.978853
3.259662
-3.958902
3.996008
-3.949600
3.980571
3.997162
-2.693062
3.987378
-3.952453
-3.972653
3.945335
-3.974678
-3.961270
-3.936195
-3.323671
3.902941
3.996487
-3.914994
3.975802
3.997243
-3.824728
3.625097
3.982687
3.971177
3.970294
-3.972848
3.979777
3.956744
-3.446112
3.912822
-3.156166
2.836505
3.965434
-3.934557
3.908633
3.959648
-3.546355
3.976647
-3.663558
-3.959978
-0.010815
-1.206767
-3.949890
3.877655
-2.650104
-3.779607
3.966184
3.997006
3.953049
-3.925574
0.960831
3.932548
3.997055
3.946380
-2.487162
3.825070
-3.969515
-3.944245
2.659752
-3.962969
3.974321
3.962626
1.814488
-3.870659
3.962918
-3.960598
3.819648
-3.896702
3.397622
-3.951461
-3.967264
3.968252
3.974024
3.949506
3.973427
-3.964496
-3.950769
3.922329
-0.867337
-3.962942
-3.807589
3.917080
3.924078
-3.939249
3.968538
3.959673
3.934316
3.958283
-3.962466
-3.928628
-3.945158
-3.804567
3.951794
-3.901201
3.963379
3.936246
-3.129771
-3.924159
3.853162
3.967399
3.747203
-1.969598
3.821655
-3.703651
3.966689
-3.916778
3.900886
3.961203
-1.815942
3.976286
-3.165078
3.222304
3.958814
3.974283
3.987362
-2.904243
-3.521558
3.986838
-3.900392
3.918944
-2.620551
3.980140
3.983533
3.964833
-3.952759
-3.743921
1.805542
-3.864874
3.972958
3.683854
-3.954905
3.969786
-3.949789
3.644643
1.817933
3.906880
-3.824027
3.911337
-3.834715
3.631635
3.976899
3.883922
3.871723
-3.837924
-3.941463
3.938173
3.744886
3.579866
3.970239
-3.843472
3.984885
-3.556375
3.925371
3.602213
-3.615645
3.668039
3.950972
3.931123
3.621684
3.734816
3.953334
-3.933264
0.881583
3.949205
3.066164
-3.905687
-3.687875
3.873993
-3.971719
3.867954
3.951449
-3.962883
-3.967663
3.506791
-3.723435
3.695002
-3.951612
2.071852
3.965468
-3.957445
-3.671287
3.892541
3.979316
3.969251
-3.027277
-3.972004
3.967184
3.971692
3.976236
-3.225216
1.934735
3.944678
3.435685
-3.983585
-3.996602
-3.962337
1.769438
1.796034
-2.975278
3.995016
3.892384
-3.695089
-3.972481
-3.823103
3.963244
-3.945406
3.938473
-3.896874
-0.769566
3.760109
3.458919
3.975588
3.972951
3.539456
3.904425
3.829554
3.629657
3.973199
3.974925
-3.961903
3.737561
3.799291
-3.968817
-3.477718
3.945419
3.419559
-1.911246
3.739387
3.929237
-3.949791
-3.961563
3.751491
3.806036
-3.890430
-3.968518
3.454691
-3.928842
-3.910505
-3.483955
-3.759746
3.970806
3.009855
-3.914045
-2.191062
3.960601
3.599804
3.868473
-3.958900
3.974034
3.554245
-3.821215
3.763208
3.948083
-3.947982
-3.939825
3.913514
-3.940022
-3.836740
-3.885849
3.964167
3.869620
3.925432
3.901157
3.876704
-3.818932
3.918628
-3.887500
2.001971
-2.425115
3.952234
3.958269
-3.918303
3.997133
3.996755
3.976241
-3.919524
-3.962788
-2.314033
2.122650
-3.901538
-2.252069
-3.965459
-3.930951
3.926010
3.919474
0.050041
0.058609
3.772441
1.349464
3.981515
3.981711
3.662762
3.824395
-3.968171
-3.969932
3.940532
2.417917
-3.033759
3.815843
-3.889477
-3.925090
-2.936901
3.980751
3.951423
-3.046856
-3.905881
-2.638164
3.932557
3.918568
3.973436
3.924809
-3.963274
3.961534
2.600382
-3.958206
0.142970
-0.168690
3.929953
3.924243
3.968571
-3.961803
-3.928373
-3.916792
-3.950302
-3.223454
3.880507
3.947260
3.964191
-0.660484
3.783460
3.712563
-2.964266
3.761879
-3.970098
3.868128
3.958130
-3.752326
-2.308167
3.901688
-3.960389
-2.353481
3.098315
-3.937854
-3.831668
3.879398
-2.509455
-3.919295
-3.982261
3.906254
-3.703218
-3.948042
3.147060
-3.984444
3.956873
2.477706
-3.976013
-3.964461
3.960971
3.941710
3.869311
3.970362
3.518923
-3.951528
3.854256
3.969698
-3.845465
3.336971
3.897632
3.929065
3.969775
-3.933388
1.032482
3.957716
-3.958093
-3.962867
-3.959758
-3.941512
3.962662
-3.846475
3.361395
-2.153209
3.996947
-3.613809
3.865471
-2.812965
-3.919719
3.984452
0.428667
-3.422008
3.872686
3.965184
-3.951936
-3.791053
-1.930126
3.737348
-3.500644
3.889916
3.951755
-2.865653
-3.907551
3.963305
-3.825884
-3.935048
1.836190
-3.927357
3.944472
3.996770
-3.929989
-3.802505
3.979172
3.774756
-3.954994
-3.784519
-3.847274
3.950310
1.006340
3.973625
3.966346
3.985554
1.210068
-3.891952
-3.274312
3.975592
3.675608
3.849539
3.345758
3.851047
-3.974588
3.930345
-3.711693
0.775700
-3.967074
3.975764
-3.924264
-3.943281
-3.917300
-3.962532
-3.951216
-3.525922
3.982852
-3.808913
-3.940599
3.967850
-3.946923
-3.344809
-3.882105
-3.932080
3.944841
3.972982
3.751520
-3.894019
-3.927375
3.862861
3.492695
-3.934546
-3.968819
3.958458
3.891845
3.997118
-3.965307
3.973521
2.773937
3.972951
3.891740
3.100477
3.928698
-3.973336
-3.906544
-3.864418
-2.840854
-3.728052
-3.819690
3.968759
3.972800
3.906567
-3.980586
3.915822
-3.866515
2.617074
3.968268
-3.955209
3.975142
2.960587
-3.963271
-3.889140
3.910630
3.973251
-3.742866
-3.976134
-3.977975
-3.670500
2.214967
-3.978478
-3.978908
3.939986
3.972704
3.764315
-3.859719
3.891631
3.971518
-3.516395
3.945044
3.968182
-3.912949
3.808298
-3.950669
-3.941900
0.364737
-3.974256
3.975839
3.950661
3.930779
-3.878820
3.979877
3.020099
-3.442519
0.473275
-3.964586
-3.943892
-3.937778
3.791621
3.948201
3.979227
-3.931344
3.674456
-3.851660
-3.397366
-3.978439
-1.879217
1.471167
-3.887287
3.893250
-1.181647
3.867442
3.971965
3.965264
3.933662
3.768652
-3.813552
3.967287
3.997179
3.948542
-3.271502
-3.958386
-3.969553
-1.752431
3.131882
3.976404
-2.654617
-3.969894
3.975701
-3.945612
3.865286
1.909564
3.974971
3.805128
-3.942766
3.978378
-3.973823
-3.967469
2.074350
3.471994
3.955487
3.947582
3.834309
3.577689
3.828384
3.968339
-3.285388
3.920819
3.876978
3.897089
3.964951
3.979154
0.307600
-3.901755
3.963526
-3.972170
3.976719
3.980463
3.916226
-3.692211
-3.663757
-3.973129
-3.996841
-3.936736
-3.914297
3.968845
-3.990125
-0.383311
-3.556955
-3.636667
-3.803072
3.975504
-3.941241
-3.948653
-3.946264
0.338760
-3.785255
-3.955400
-3.978265
-3.997094
3.985764
3.660157
3.947075
-3.889421
3.876714
-3.834403
-3.782147
1.700899
1.998080
-3.466336
-3.971375
-2.086565
-3.950295
2.366197
3.994202
3.972749
-3.134667
3.901362
1.669385
3.961288
-3.941027
3.655927
3.970870
3.980083
3.949097
3.637359
-3.976414
3.968384
3.977483
3.876907
-3.943799
3.976767
-3.970101
-3.978787
-3.916758
-3.964236
0.525231
3.944024
-3.947759
3.498240
3.654459
-3.811568
3.828517
3.888978
-3.979424
-3.489554
-3.944391
3.996011
-3.875990
-2.818498
3.996310
3.944421
-3.777675
3.674200
-3.892272
3.896503
3.509933
3.997132
-3.967304
3.962199
3.896165
3.975471
2.874639
-3.359295
3.979267
-3.778381
3.859185
-3.086768
-3.937428
3.008675
3.996998
3.604480
3.819659
3.975727
3.971154
-2.283118
3.747345
-3.316987
3.975021
-2.318728
0.145666
-3.901611
0.291397
-0.830083
-3.960066
3.957386
-3.830592
-3.900231
3.068662
3.961038
-3.927895
3.977042
-3.931369
3.985396
-3.320039
3.890514
3.934172
-3.840621
3.945819
-3.929343
3.997023
3.995076
-3.958073
3.962346
-3.186877
3.984639
3.734636
-3.967171
-3.953105
-3.969528
-3.958122
3.956534
3.541842
0.700488
3.389487
-3.939735
3.972998
3.985013
-3.965369
-3.814506
-2.928532
3.934786
0.028775
3.959161
0.688205
3.323116
3.973409
-3.975692
3.954563
3.548670
3.914379
3.960334
3.698636
3.658173
3.830757
-3.881686
3.976220
3.953978
-3.876917
-3.960899
3.912533
-3.819084
-3.970400
0.268776
-3.959561
-3.899271
-3.761851
-3.885084
-3.941902
-3.772668
-3.939482
-3.944963
3.606949
-3.948544
-3.845669
3.972383
-3.270813
3.973533
3.956361
-3.118813
-3.957699
-3.952263
-3.923417
0.558732
-3.766505
-3.891017
2.012881
3.954885
-3.547695
-3.930721
-3.849550
3.976816
-3.973143
3.852235
3.948183
3.976138
3.986486
3.966789
-3.971425
3.954085
3.933617
3.970667
-3.964020
1.304618
1.391856
3.957181
3.985555
3.977207
-3.772796
-3.933508
-3.956654
3.973951
-3.952010
-3.919643
3.912203
3.934598
3.947828
3.963540
1.537387
3.920728
1.953899
3.834929
3.945670
3.962675
-3.917567
-3.842209
3.957188
-3.166387
2.524965
3.933004
3.118309
3.952073
1.711712
-3.946082
-3.775310
3.935977
3.978059
-3.963353
-3.798192
-3.817583
3.930365
3.981063
3.981992
-3.374032
-3.969649
-3.876924
3.935003
-3.830488
3.996789
-1.288882
-3.982226
-3.963273
-3.913616
-2.984019
-3.901931
-3.966394
3.898532
-3.961788
-3.965650
3.978515
-3.948168
-3.865002
3.946858
3.886644
-3.907068
-3.909489
3.987791
-3.980478
3.967500
3.971198
3.947090
-3.958094
3.882332
3.599523
3.978977
0.986920
-3.952796
-3.553086
-3.927929
3.954080
-3.960632
3.893960
-3.880918
-3.874945
-3.959953
-3.961007
-3.921304
3.972060
3.970021
3.982251
-3.953297
-3.976577
-3.974425
3.969654
0.398638
-3.950386
3.908829
3.953236
3.958207
-3.746233
2.930584
3.970271
2.899491
-3.968110
-2.671807
-3.820040
-3.953873
-3.961914
3.935902
3.751998
3.909474
1.564101
3.977580
3.975651
-3.972045
-3.939102
2.863560
-3.216008
2.083220
2.455217
-3.636261
-3.952071
-2.637513
1.272285
-3.851253
-3.974434
2.161481
3.979262
-3.942668
-3.848312
3.968378
3.840789
-3.950359
-3.928195
3.963841
3.774414
3.967730
-3.974780
3.751669
3.968568
3.840636
3.963490
3.996353
3.871702
-3.964394
3.963403
-3.842126
-3.411214
3.973345
3.929159
3.677800
-3.958145
-2.759512
-3.933303
3.967600
3.936958
2.631143
3.852193
3.937139
-3.942274
-3.660278
3.930778
-3.959440
-3.950388
-3.351638
-3.711382
3.874719
3.962146
-3.944507
3.984560
3.958850
3.972753
-3.749250
-3.894630
3.965727
-3.948758
-3.966662
3.675310
-3.937720
3.754737
-3.861914
-3.831273
3.928223
-3.968445
3.675898
-3.871791
3.939102
-3.778425
3.779646
-3.203900
-3.641953
3.986166
-2.820486
3.943005
-3.842247
3.962370
2.104364
3.935957
-0.716616
3.789201
3.656601
-3.724104
-3.893772
3.942272
3.911848
3.961802
-3.965955
-3.093121
-3.976967
3.969345
3.228247
-3.753112
-3.943003
-3.904016
3.487718
3.979454
3.816787
3.963064
-3.951023
-3.683805
3.977201
-3.978803
3.965924
-3.787056
-1.722761
-3.944242
-3.917740
3.790991
3.943451
3.956758
2.006494
-3.901155
-3.927573
3.983180
3.947055
-3.960458
3.954686
-3.379314
-3.051804
-3.894230
3.818086
-1.102230
-3.854367
-3.963116
3.962720
3.952432
3.286722
-3.908820
3.060771
3.967299
3.968660
3.615827
-3.897261
3.904186
3.912001
-1.397548
3.960955
-3.940293
3.967177
3.511708
3.910903
3.878806
3.974101
2.769606
-3.954878
3.855941
3.773187
-3.665755
-3.928037
3.315768
3.771681
-1.893734
0.294414
3.997089
-3.909510
3.755876
-3.904169
3.793018
-3.700512
3.928196
-3.968509
3.979132
1.121696
-3.965055
-3.923875
-0.163777
-3.921015
3.967392
3.977530
3.987147
3.976216
3.904592
3.853506
-3.970948
-3.313661
3.767370
-3.964706
-3.908550
3.919599
2.527481
3.931412
-3.773065
-3.943065
3.924119
3.931365
-3.978699
-0.490172
-1.989862
3.977806
-0.401502
-3.969511
-3.738658
-3.930837
1.000347
3.961174
3.935858
3.890932
3.834500
-3.844912
3.873244
-3.961649
-3.422000
-3.976926
0.147341
-3.940210
3.432416
-3.822623
3.962612
3.960146
-3.984022
-3.239917
-3.949774
-3.951363
-3.949161
3.958317
3.748994
3.916716
-2.899153
-3.975276
3.887562
-3.897139
-3.907618
-3.965571
3.944763
3.837283
3.973142
3.983313
3.957253
-3.997180
-0.541016
-3.959929
2.955612
3.441045
3.959150
3.925839
-3.968739
3.966815
-3.904536
-3.976334
-3.933195
-3.946098
3.929623
3.586604
-3.170163
-3.762892
3.953847
3.996903
3.973353
3.975527
-3.947094
3.791970
-3.953570
2.734042
3.802849
-3.967463
0.735012
3.961704
-3.973428
-3.914183
-3.969306
0.742868
-3.991763
3.985180
-3.904985
-3.302350
3.969890
-3.786534
1.498587
3.944823
3.938370
-2.605789
3.966217
-3.076970
-2.198135
-3.966125
-3.873669
3.982313
3.978182
-3.575237
3.976181
-3.538934
0.072865
-1.219042
3.977617
1.747736
3.955444
3.982698
3.649928
-3.242978
3.831664
-3.947238
-3.959368
-0.947266
2.191020
-1.714679
-3.156192
-3.957802
3.840519
3.960187
3.921029
3.925206
-3.631810
-3.949908
3.947380
3.948721
-3.938317
3.971700
2.526391
3.869697
3.965042
-1.635957
3.924268
3.970956
3.902703
-3.941579
-3.943868
3.945938
-3.996052
3.971076
3.972634
2.783741
3.984686
-3.423877
-3.951615
3.906422
-3.671226
-1.111667
-3.167536
-3.938749
3.981834
3.947912
-3.968991
3.958836
-3.957774
-3.958282
3.875770
-3.982266
-1.253997
-3.947126
-3.926953
-2.774376
3.955630
3.969423
-3.322186
-3.745776
-3.788681
3.808722
3.912383
3.960736
3.968626
-3.939449
-3.930266
-3.931449
3.969561
-3.960371
3.960471
-3.916211
-2.492347
-3.968492
3.981961
-3.962610
-3.917176
-3.957786
3.900928
3.961179
3.941372
3.909154
3.834395
3.990721
-3.873459
3.808189
2.156145
-3.969827
-3.838011
-3.596521
3.967722
3.552454
3.953138
-2.734735
-2.288945
3.884022
-3.962052
-3.918770
3.980806
3.618551
3.521687
3.985654
-3.884673
3.975747
-3.906792
3.744224
-3.977198
-1.022198
-3.945513
-3.753504
-3.969928
3.872758
-3.871869
-3.907598
-3.918660
-2.287664
-3.404532
1.153836
-3.966904
3.850176
-0.106765
-3.634501
3.997131
3.939090
3.962725
3.818658
3.951074
3.743680
-3.982846
0.277627
3.955995
-3.787599
3.940601
-3.853457
-2.599976
-3.972143
3.774917
3.361154
3.813342
3.996289
3.996943
-3.914457
3.898318
3.918665
3.973862
-3.931960
2.912719
3.862643
-3.952931
-3.963183
3.953749
-3.921017
3.839631
3.917095
-3.912133
3.965661
-3.951691
3.987064
-3.963918
-3.938400
3.957708
3.376219
-3.936253
3.929947
3.975540
-3.960399
-1.688137
-3.968665
3.965488
-3.954889
-3.870075
-3.472443
3.248527
3.915377
-3.953183
-3.802427
-3.996419
-0.428954
-3.329928
-3.955597
-3.626183
-3.893835
3.996128
-1.292457
3.948912
3.983814
-3.916658
3.982711
2.182526
-3.668098
-1.316477
3.995649
-3.940449
-3.943923
3.620605
-3.805142
1.534232
-3.942757
3.966970
3.180662
-3.546303
3.021762
-3.631617
3.723160
-3.565626
-3.572694
3.965180
-3.975910
3.865585
3.945867
-3.666556
-3.837224
-3.827088
3.252548
-3.742093
3.950941
3.926005
-3.981314
-2.572096
-3.935223
3.913663
3.972817
3.962059
-3.831984
-3.915870
-3.892820
-3.958527
3.949512
-3.876288
-3.750004
-3.984944
2.033340
-3.920258
-3.922789
-1.493384
-3.933793
-3.957055
-1.001503
-3.798625
-3.903489
3.966682
3.908992
-3.831501
3.973005
-3.964032
-3.831965
-3.933488
-3.907246
-3.473923
3.776357
3.841331
-3.238342
3.959860
3.880784
3.878633
3.996546
2.614472
3.685816
3.875844
-3.686479
3.106019
-3.856745
-3.969711
-3.875598
3.736539
3.985770
-3.936910
-3.965128
3.891413
0.671675
3.940752
3.130052
-3.794284
-3.966249
1.714041
3.930691
3.873000
2.873372
1.990496
3.968386
3.638964
3.986631
3.980561
3.967288
3.959013
3.997030
-3.783415
3.816897
-3.969666
3.676914
3.977724
-3.956550
3.943506
3.967161
-3.229576
-3.816294
3.715787
3.980913
-3.967620
-3.933926
-2.048660
-3.970652
3.845397
3.981261
-3.941693
1.212489
3.885055
3.987560
-0.505099
3.973438
-3.959365
3.977286
-3.962755
2.900327
3.983136
-3.863798
3.970821
3.663947
3.546706
-1.616932
-3.967406
3.879874
3.845777
-3.956174
3.946355
3.978131
-2.791659
3.996875
-3.968995
-3.856766
-3.500677
-3.876787
3.979819
3.173270
2.679681
3.764749
-3.938851
-3.972551
-3.917926
3.935048
-3.944149
-3.937118
3.960980
3.874696
3.954332
3.960421
1.629870
-3.973374
-3.822680
-3.974474
3.883138
-3.735270
3.944775
1.847391
3.944736
-0.457308
-3.947467
3.969655
3.052073
-3.905858
3.920438
-3.918264
-1.985232
3.839905
3.974004
-2.711615
3.982625
3.888870
-3.892059
3.947424
2.934712
-3.972437
3.974302
3.983315
-3.831727
-3.804696
3.975710
3.830832
-3.791245
-3.229020
3.967845
3.786405
-3.713962
3.985588
3.722788
3.967351
-3.838501
3.627683
-3.244793
3.977457
3.919745
3.939023
2.356774
-1.040571
-3.915239
-3.826302
3.878802
1.957289
-1.987930
3.972016
3.969497
3.956675
3.641431
2.795190
-3.935490
-3.911614
2.129282
-3.862808
1.497858
3.119312
-3.818124
3.401781
3.971534
-3.942924
3.937935
3.849771
3.946130
3.934837
-3.996904
-3.968889
-3.946312
-3.794015
-3.920210
-2.899107
3.776452
-3.958968
-3.679658
1.397675
-3.952628
3.844801
-3.951211
3.654252
3.871407
1.778352
3.975071
3.971781
-3.974380
-3.951315
3.957627
-3.954345
-3.935232
-3.200291
-3.956150
3.826365
-3.844493
-3.961422
3.878324
3.938739
-3.902938
3.769267
-1.555939
3.931217
3.747621
3.960044
-3.635789
3.982144
3.967953
3.884132
3.974187
-3.942408
-3.737346
-3.854983
3.875882
-3.841133
3.496443
3.834054
-3.928203
3.903589
-3.383613
3.973056
-3.967348
-2.614237
3.975166
3.954267
3.975889
-2.073836
-3.970339
3.966834
3.923473
2.977418
3.975197
1.730997
3.974326
3.974452
-3.483515
-3.976711
1.725073
-3.499261
-3.949235
3.977054
3.849321
3.806089
3.972495
-3.839415
-3.969185
3.602401
3.973360
3.963522
3.786028
-3.471059
3.775188
-3.940531
-3.920701
3.898334
-3.961060
3.957701
3.470341
-3.010464
3.907614
-3.982241
3.814616
-3.729032
-3.872016
-3.954821
3.950278
3.942293
0.443602
3.956685
3.871373
3.762934
3.905102
-3.964111
-0.585434
-3.966749
3.953838
-2.947827
3.950287
-3.866968
3.956842
-3.973712
-3.962182
3.961910
-3.997071
-0.222839
3.352840
-3.965236
3.443545
3.830254
-3.976911
-3.967598
-3.834481
-3.954121
-3.944500
-3.935587
3.630788
3.981478
3.975716
3.289490
-3.974769
3.972493
3.982526
-3.977390
-3.920736
-3.953306
3.948289
-3.884879
-2.221525
-3.975679
-3.947535
3.943642
3.838478
-3.870777
-3.943696
3.992722
3.947030
-2.362080
-3.855603
3.980590
3.976031
-3.896020
3.979664
-3.795089
-3.984902
3.974058
3.892654
3.949184
-3.799109
-3.965985
-3.549561
-3.945087
-3.739346
-2.109222
-3.853842
3.703330
3.945143
-3.882147
3.969311
3.924611
-2.955143
3.964510
3.980986
3.878005
1.925933
3.396376
3.952609
3.962527
-3.977802
-3.977515
-3.075212
3.873789
3.701526
3.912839
-3.614129
3.931913
-3.954668
3.849128
0.049801
2.500522
3.952128
3.975353
3.828727
-3.098953
3.996810
-3.968296
3.719607
-3.963311
3.982164
3.894527
-3.965743
3.965422
3.995475
-3.939324
-3.481364
-1.742279
-3.897768
-1.542157
3.927070
3.340557
-3.754689
3.956312
3.981771
3.958734
2.370388
3.945367
3.188964
1.893570
-3.875133
0.214410
3.758401
3.949159
-0.041851
2.733362
-3.830037
-3.876460
3.658666
3.412293
-3.976381
3.996608
3.830253
-3.606806
3.970799
-3.971780
-3.975605
-3.883419
-1.906286
3.979305
3.985709
3.959169
-3.929735
-3.704976
-3.962228
3.972114
-3.960849
3.362371
0.314096
-2.216835
-3.966545
3.955376
-3.788936
3.817944
3.955413
-3.579429
3.804798
3.970700
-3.942285
3.962054
3.919773
-3.924914
3.951514
3.802047
3.977621
-3.948811
3.995573
3.933645
-1.120067
3.945520
3.929940
-3.962628
3.912149
3.960727
3.937684
-3.927506
3.923259
3.976674
3.961224
-3.970652
3.969751
-3.936946
-3.826227
-3.755379
2.605704
3.972456
-3.921712
3.974926
3.423530
-3.975907
3.772633
-1.733713
3.860613
-3.997021
3.361938
-3.760278
-3.961663
-3.925316
3.926633
-3.840395
3.524981
3.931039
0.627268
3.952992
3.937768
0.879020
0.514892
-2.661322
3.727251
-3.982525
-3.899983
-3.967700
3.753595
3.946684
3.033812
-3.931260
2.794995
3.747833
-3.782010
-3.953111
-3.951598
3.932474
3.916078
3.893252
-3.914636
-3.674752
3.532280
3.636774
-3.956703
-3.964104
3.800613
-3.068693
3.960862
3.984104
3.804797
3.038274
3.960315
3.852759
3.789175
3.976072
-3.652656
3.801153
3.948231
-3.187485
-3.797044
3.909027
3.941081
3.870505
3.589923
3.975816
3.971767
3.990042
-3.969383
-3.997048
3.996753
-3.907436
2.685086
-3.748391
-1.092952
3.787538
3.908717
-3.866210
-3.955324
3.951025
-3.960529
3.826337
-2.342425
3.986125
-3.983283
-3.996872
3.729801
-3.876793
-3.829094
-3.821048
-2.434898
3.940145
3.571720
-3.874435
3.975949
3.919367
-3.914025
3.977905
-0.364324
-3.966230
3.980707
-3.376399
-3.978079
-3.930079
-2.021912
-3.962481
-3.949178
-3.587929
-3.943949
-3.888380
3.954513
3.961872
3.756069
-3.946448
-3.894240
-3.495887
-3.599650
-3.853084
-3.109494
-3.073756
3.738312
3.608049
3.960473
-3.921388
3.831313
-3.955793
3.018301
-3.969914
-3.629378
1.510159
-3.969045
3.976327
-3.770330
-2.913844
3.431737
-3.918947
3.927318
-3.949108
-3.243982
-3.749718
3.965053
3.966439
-3.199301
3.947899
-3.967959
3.969389
-3.954385
3.947514
-0.417194
3.977944
3.965415
3.949694
-3.835820
-3.938173
-3.979778
3.868831
-3.967249
-3.955079
-3.979839
3.983790
3.920828
-3.972448
3.954015
-3.582666
3.915904
3.978579
3.868991
3.755323
3.970201
3.983396
2.540028
3.177048
3.848645
3.958829
-1.081716
-3.938320
-3.958903
-3.521396
-3.469386
-3.868044
3.788190
-3.951667
-3.927670
3.967590
3.548135
3.984158
3.944694
3.950363
-3.720893
-3.950708
-3.957898
3.910631
3.559084
0.705543
-2.746489
3.977927
-3.161761
3.955684
3.147652
3.933969
3.976658
3.934727
-3.754750
-3.966250
-3.894247
-3.800898
-3.737347
-3.319773
-3.961341
-3.944918
-3.938716
3.954407
-3.720731
-3.847080
-3.679517
3.581414
3.975271
-3.952971
3.940960
3.781840
-3.413162
3.997263
3.972528
-3.003935
-0.478912
-3.959058
-3.947427
3.913411
3.995686
3.839488
-3.973858
-3.968174
3.975965
-1.368689
3.962935
3.831446
-3.560139
3.974156
3.691171
2.464065
-3.347896
3.862562
-3.952340
3.979182
3.777398
-3.971505
-3.858759
-3.975282
-3.419931
3.972700
3.970511
-3.926548
-3.583980
3.993368
-2.534643
-3.922945
1.982304
-3.906327
3.809490
-3.963302
-3.962989
3.969040
3.983632
3.940461
-3.863934
3.959926
3.908774
-3.888747
3.852079
3.966123
3.617280
-3.974845
3.947246
3.930508
-3.817222
3.551341
-3.786206
1.355576
-3.923599
3.972111
3.970906
3.977056
3.954039
3.857099
-3.582259
-0.220207
3.968260
-2.001161
3.970906
3.973249
-1.389949
3.964773
3.755128
3.877549
3.960880
-3.954700
-3.791236
-3.943066
-1.014940
3.963334
-3.495217
-3.923668
-3.040301
-3.959773
-3.923571
3.981264
3.944617
-3.918400
3.973489
3.968823
-3.933583
3.661804
3.963811
-2.329819
-3.948618
3.922468
3.792001
-3.835307
2.939996
3.874732
3.966781
-3.980942
-3.481885
1.569557
3.751904
-3.916479
-3.930313
-3.966137
3.945806
-0.674425
-3.229498
-1.695396
3.865114
3.932189
-3.956949
-2.439209
3.975325
3.888005
3.959272
-3.958666
-2.745236
3.946889
3.939396
3.975963
3.946875
3.964363
3.825461
3.842471
-3.483277
-3.719740
0.062383
-3.838510
-3.985655
-3.934414
-3.793316
-2.945970
-0.751484
3.911103
3.167213
-3.916193
-3.960489
3.967038
-3.936442
-3.977404
3.986661
-2.534257
-3.931810
3.430039
-3.917331
-3.928386
3.969274
3.431236
-3.913787
2.504286
3.926006
-2.840438
-3.964803
3.947419
-3.941414
-3.820410
3.992684
-3.877027
3.977483
-3.738565
3.865347
-3.996565
3.968928
-3.610161
-3.954368
3.936606
3.525329
-2.341170
3.933108
3.811284
-3.340062
-3.954275
3.907422
1.430146
-2.744746
-3.895578
-3.900289
-3.888692
-3.373272
3.962805
-3.304700
-2.034490
-3.968515
-3.963354
3.890102
-3.939056
-3.497765
-3.943909
3.832495
3.723358
-3.996949
-3.972538
-1.856676
-3.980166
-3.916834
3.876241
3.908476
-3.237183
-2.020791
-2.543374
2.348502
-3.952946
3.929837
3.812083
3.968657
-0.561032
-3.974956
-0.959515
-3.750095
-3.874212
-3.777806
2.188361
3.908725
3.531309
3.977044
3.968545
3.955418
3.974720
-3.384310
-3.500464
3.908638
-3.996290
3.970833
-3.963330
-3.938028
-3.978671
-3.966919
3.955008
-3.973071
1.677810
-3.939294
-1.054741
-3.929211
3.978428
-3.964446
-2.092481
3.980843
3.984066
3.978214
-3.914871
-3.701273
-3.965517
3.921497
3.900996
3.968893
3.595369
-3.940053
3.980196
3.558032
3.952899
3.952552
-3.671863
-3.417645
-3.897798
-3.945988
3.978995
-3.694559
3.996693
-3.961714
-0.365180
3.928580
-2.654954
3.933881
3.951069
3.927157
-3.876912
-3.846264
-3.955737
3.962913
-3.969649
-3.778036
-3.038265
-2.703216
-3.969957
3.971773
3.949012
3.959251
-3.956207
3.833833
3.973116
-1.394363
-3.258815
3.893521
-3.921638
-3.948965
-3.913830
-3.852810
3.955491
1.277660
-3.928266
3.960180
-2.557931
0.289070
3.894664
-3.948671
-3.789907
-3.954791
3.894764
-3.311558
-2.484127
3.957369
-3.851205
-3.872362
3.928299
3.950416
3.987892
3.974836
-3.929524
-3.970093
-3.916535
-3.898992
-3.938090
1.154356
-3.944877
3.746054
3.970924
-3.973384
3.962605
-3.904798
3.307402
-2.980378
-3.953494
-3.862633
-3.893232
3.984131
3.973215
3.913043
3.980301
3.941934
3.969966
3.900304
-3.961953
3.948371
3.976169
-3.807027
1.789330
3.982475
-3.931477
-2.840776
-3.974687
1.196299
-3.944116
3.978040
3.953758
-3.956472
-3.962360
-3.965843
3.934634
2.813847
-3.972154
-3.977748
3.671289
3.866839
-3.925329
3.674077
-3.950809
3.792480
3.974534
3.971379
-3.543540
-3.760010
3.982279
3.964180
3.943624
-3.964832
-0.283486
3.910487
-3.960863
-3.936318
-3.995344
-3.885636
3.964690
3.942733
-3.914061
3.897988
3.970580
-3.600568
-3.963927
-3.939104
-3.752785
3.983834
3.975748
-3.960424
3.973627
-3.790346
3.924976
-3.382489
3.954120
3.971897
3.981599
-3.959957
3.794878
3.939403
3.404386
-3.849745
-3.969721
-3.827867
3.978475
3.973256
3.974261
-2.460073
3.926181
3.976086
3.933410
3.946980
-3.912887
-3.885194
-3.978042
3.580286
3.959643
-3.955070
-3.997193
3.873701
3.975682
3.985312
3.933585
-3.381982
-3.974584
3.885766
-2.975770
-3.713006
-0.818746
-3.967088
-2.721191
-3.971600
-3.946431
3.880126
-3.934204
-3.878472
3.932582
3.983361
3.958530
2.597468
-3.972658
3.928417
-3.710380
3.966697
-3.984791
-3.512299
3.982940
3.937429
-3.959291
-0.093375
-3.949926
3.447859
-3.931149
-3.835622
3.984140
-3.980257
2.050327
3.944540
3.967973
-3.938671
-3.431033
-3.829609
-3.955667
3.977889
3.973768
3.874612
-3.971244
-3.992654
-3.785348
3.904237
-3.950790
-3.954537
2.975754
-3.941076
3.600647
-2.045940
3.969577
-1.862419
-3.941579
3.814535
3.587519
2.818392
-2.890211
-3.879698
3.941150
-3.042858
3.827278
3.415711
3.973731
3.723026
-3.865448
3.606036
-3.940975
3.952586
3.921450
3.983761
3.819080
-3.803944
3.958925
-3.698466
-2.944925
1.845618
-3.932243
-3.639242
3.801139
3.017001
-3.963822
3.966851
-3.502684
-3.971342
3.996801
-3.995624
3.555129
-3.415284
3.969131
3.933325
3.982570
-3.973440
3.949185
3.982509
3.911369
-3.974687
3.946055
-3.785715
2.272330
3.973070
3.479751
-3.487998
1.176541
3.943239
-3.955139
-3.855619
-3.765861
-3.974287
3.967838
2.925278
-2.795562
-3.960860
-0.604267
3.965911
3.825664
-3.950157
3.975765
-3.976773
3.960383
-3.967440
3.173676
-3.997019
3.853346
-2.990948
3.935472
3.947906
-3.918379
3.280269
3.977516
3.942891
-3.384305
-3.958633
3.889192
3.965851
-3.974543
-3.485702
3.973936
-3.940875
-3.912124
-3.956869
-3.408442
-3.914067
3.842426
3.940589
3.962940
3.907719
3.146375
3.963095
3.945568
-3.942620
3.927700
-3.957086
-3.976587
3.941103
-3.943263
3.946337
3.967685
-3.666572
-3.909617
3.968150
3.971683
3.841177
3.925093
3.996989
-3.881750
-3.928546
3.996894
-3.753062
3.983312
3.939437
-3.699684
0.717396
3.862167
-2.900285
-3.888136
3.759445
0.051733
3.979449
-2.610625
2.820616
-3.943988
3.860806
3.975286
-3.691532
-3.867469
3.963215
3.952758
-3.975885
3.962940
3.671232
-3.979252
-3.982236
3.980144
-3.330612
0.802814
-3.915044
-3.960247
-2.585505
3.857984
3.949680
0.643538
-3.945825
3.974876
-3.950272
-3.971791
-3.974270
3.927438
3.701795
-3.840600
3.974266
3.974463
3.413033
1.058855
-3.963950
-3.534662
-3.941254
3.783296
-1.577946
3.930005
-3.983680
3.970882
3.975415
3.971327
3.965163
3.995762
-3.903004
-3.975110
-2.633931
1.633927
-3.333856
3.910342
-3.957251
-3.972594
-3.630429
3.654353
3.672758
-3.942295
-3.982123
-3.916237
3.951667
-3.907500
-3.954977
-3.923866
3.968436
3.970506
3.741398
-2.844374
3.895906
-2.126663
3.958834
-3.899976
-3.946163
3.916686
3.972622
-3.845247
-3.943489
-3.970819
3.959511
3.924061
3.954142
-3.144404
-3.881922
-3.960254
3.874593
3.971641
3.976202
-3.929860
2.681011
3.890021
3.966600
-3.944530
-3.880080
-3.069779
3.889643
-3.887358
-3.968410
3.996917
-3.972792
3.444401
-3.835724
3.561324
-3.948996
3.962780
-3.505434
0.982076
3.987056
3.595579
-3.926708
3.936188
3.994229
3.971666
3.956179
-3.936337
3.974700
3.548508
3.806932
-3.952116
-3.966589
3.917134
-3.978794
3.901601
3.980572
3.971828
-3.915150
3.930753
-3.959335
-3.948611
-3.937428
-3.683843
-3.513152
-1.067321
-3.900838
-2.137539
3.342302
3.917950
3.931265
-1.576902
-1.122867
3.853877
3.959888
-3.027316
3.711801
-3.969572
-2.259824
3.940714
-3.933389
-3.836601
3.911330
3.972725
-3.188337
3.940663
-3.955863
-3.036499
-3.931072
-3.455507
-3.956516
0.900888
3.904862
-3.821214
-3.961978
3.926038
-3.995502
3.956485
3.473265
3.969384
2.552407
3.996305
-3.864156
-3.805625
-3.799351
-2.314908
-3.880038
3.342091
-3.905522
3.967500
-3.690889
-3.650203
3.997040
-3.940061
3.824946
3.967540
3.052943
3.558281
3.964151
3.893128
3.965818
-3.963932
3.969046
3.720886
-3.980813
3.713383
-1.023190
-2.695135
-3.966621
-3.959038
1.132753
3.956584
-3.693492
3.972373
-1.373566
3.881945
-0.055161
-3.996921
-3.979378
2.763064
3.984622
3.963377
-3.528807
-3.966845
3.965563
3.390735
3.963187
3.983727
3.812551
3.824027
-3.967837
3.932746
0.224278
3.981500
-3.955702
3.948030
3.902049
3.983929
3.964992
3.613869
3.881512
3.951250
-3.979607
3.876225
-3.921624
-3.959829
-3.463478
3.814944
-3.963332
3.948617
3.339555
-3.932551
3.991024
-3.959842
-3.972235
3.969923
-3.843042
3.964988
-3.856539
-3.983223
3.976840
-3.884482
1.650578
-3.965695
3.997012
0.174764
-2.688446
3.907511
-3.882524
-3.968287
3.959065
1.627857
-3.965102
3.935942
3.904167
-3.931231
3.943833
3.976849
3.945132
3.903578
0.063326
3.417830
-1.144720
3.200335
-3.935096
3.776111
-3.771315
-3.953310
3.957299
3.952017
-3.968023
3.976725
3.968009
3.896381
-3.947310
3.959619
-3.964538
-3.097229
-3.979904
3.920098
3.118065
-3.862205
-3.578310
-3.823693
-3.941142
-3.935032
-3.929290
-3.977379
-3.929752
-3.925639
-3.916574
3.909706
3.943944
-3.996907
3.984199
-3.895648
-3.954308
3.946102
3.996819
-3.881933
-3.077031
-3.768888
3.950408
-3.914040
1.812329
3.969341
3.967308
-3.862919
-3.930655
-3.569363
-3.952177
1.536192
3.962094
3.977506
3.854870
3.919080
-2.930192
1.718047
3.987188
-3.933053
-3.721667
-3.984818
2.712330
-3.904044
3.847844
3.983467
-1.499507
-0.307636
3.286120
3.957249
-3.761880
-3.983511
-3.901401
3.967507
-3.947331
3.973281
3.968954
-3.892182
2.968075
3.950704
-3.426378
3.997050
-3.965272
3.906289
-3.955385
-3.652625
3.970130
3.802962
3.918226
3.862001
-2.681509
3.965338
-3.972590
-3.580838
2.873623
-3.780037
-3.956991
3.716795
3.673933
3.986988
3.974225
3.406263
-3.752452
3.959271
-3.921774
-3.672483
3.782450
-3.969197
3.977026
-3.650780
-3.971721
0.967234
3.942725
-3.933826
-3.919498
3.966664
-3.954460
3.960233
-3.670540
-3.797989
-3.692724
3.982201
3.954861
-3.914771
3.971673
-3.804170
3.978885
-3.805073
2.841112
3.435297
3.916792
3.966608
3.953075
-2.065170
-3.936614
3.926865
3.908898
-3.906575
3.519215
-3.947524
-3.923135
-3.961085
-3.785963
3.958242
-3.962271
-3.950295
-3.136409
-2.022504
3.934357
2.426058
-3.838564
3.961167
-3.968374
-3.774635
3.971908
-3.927587
3.094263
3.977171
3.939129
-3.877705
3.925656
-1.894157
-3.973865
-3.960264
2.764624
-3.925482
-3.959416
2.673832
3.772570
-3.852755
-3.927633
-3.887196
-3.984838
3.977685
3.978777
3.822586
-3.581289
-3.888329
2.622543
-3.847610
-3.903689
-3.955914
3.850033
3.938433
-3.821532
-3.963277
3.929418
-3.286250
3.624060
3.940075
3.961390
-3.948500
3.980106
3.962346
-3.876166
-2.415645
-3.960684
3.971939
-3.910516
-3.670278
-3.973198
-3.948283
-1.074192
-3.266216
3.979245
3.971779
-3.982262
-3.644515
-3.777228
3.959263
3.906332
3.855028
3.975531
-3.978138
-3.867030
-3.613750
-3.957957
-3.963898
3.904857
-3.949399
3.683785
-3.724913
-3.949052
-3.944401
-3.927678
3.794375
-3.968501
3.859378
-3.918935
0.837078
-3.005784
-3.672176
3.974790
-3.971442
3.969616
3.902738
3.847155
-3.831814
3.956812
3.912585
3.970278
3.938796
3.798323
-1.258225
-3.865071
3.721758
-3.952894
3.974600
3.959468
-3.963275
3.929310
-3.866028
3.660667
3.559835
3.244831
3.964375
3.996412
2.526254
3.958598
2.165204
-3.944167
3.967166
-3.997043
-3.957219
3.922667
-3.861785
3.944311
3.974983
3.819846
-3.961021
3.966977
3.941212
-3.958309
-3.968817
3.906039
-3.735910
3.981396
3.968653
-3.783254
3.565105
-3.957371
0.078666
-3.873698
-3.965418
3.326111
3.418601
3.963695
-3.149711
-3.270477
-3.972114
-3.876865
3.974143
-3.870300
3.533571
3.892520
3.926010
3.330844
-3.950456
3.974916
3.981744
3.963947
3.969799
-3.984958
3.968006
-3.765659
-3.974860
-3.183482
3.910691
-3.667591
3.934430
1.873417
3.148226
3.356313
3.903559
-3.947742
-2.996565
3.862758
-3.926817
-3.234129
3.689711
-3.635154
-3.828098
3.944641
3.945420
-1.503860
3.987140
-1.775630
3.960063
3.968687
-3.949232
3.160468
-3.901858
-3.966025
-3.966694
-0.075717
-3.624257
-3.971067
-3.978882
3.843346
3.904707
-3.925720
-2.671036
3.970849
-3.960576
-3.917208
-3.582917
-3.955956
3.976336
-1.784574
3.939236
-3.913938
3.996931
3.974102
-3.591754
-3.953252
3.962090
3.505975
-3.558918
3.974384
3.972901
-3.959853
-3.867609
3.888322
3.952304
-3.953711
-1.360748
-3.819306
-3.791693
-3.878716
2.853032
-3.900372
3.660081
3.939543
-3.956519
-3.439918
3.975533
-3.973664
3.959542
-3.961477
3.979874
-3.949755
-3.947657
-0.999536
-3.902189
3.516657
3.967752
-3.882418
3.979411
-3.969626
-3.947987
3.973623
-3.939005
3.977559
-3.837546
-3.921332
-3.924319
-2.835566
-3.969342
-3.920073
-3.601308
3.858982
3.975886
-0.428238
-3.982074
-0.257582
3.977445
-3.943499
3.969151
-3.941103
-3.962377
-3.951070
3.715982
3.955584
3.787158
3.704834
3.670653
-3.966730
0.531356
3.979426
3.849098
-3.933620
-3.814403
-3.870688
3.536688
-3.522361
-3.940605
3.987427
3.979954
-3.908274
-3.961361
3.924129
3.837095
3.964937
-3.527657
-3.714985
3.980809
-1.444360
-3.367452
3.967996
-1.197427
3.383553
3.987266
3.967301
3.958569
3.177827
-3.972818
2.370972
-3.922855
-3.926698
-3.819302
-3.917679
-3.623717
3.929727
3.994106
3.930528
-3.616962
-3.987212
1.669954
3.709129
3.977669
3.839200
-3.936409
-3.751262
3.974874
-2.392047
-3.670444
-3.726970
-3.969162
3.975593
3.718063
-3.928188
1.123526
-3.880224
3.926691
-3.895693
-3.937822
-3.959748
-3.431521
3.981024
0.290598
-3.835441
3.913053
3.970543
-3.974616
-3.711478
3.246015
-3.211319
3.704177
-3.840266
3.983442
2.362213
3.988797
2.885563
2.433698
-3.818386
-3.939975
3.949170
3.978534
3.935216
-3.970891
-3.946623
-3.942751
-3.971940
3.840408
2.525341
-3.686577
-3.938879
3.304088
-3.841776
3.981474
3.962107
3.904195
3.983179
-3.728430
-3.940027
3.873216
3.947994
-3.971872
-2.998263
3.996907
3.961052
-3.299700
3.953227
3.774986
3.966864
3.992285
2.473260
-3.165710
3.974628
-3.951200
-3.964392
-3.975997
-2.684184
1.351573
-3.970332
-3.912635
-3.959734
3.957517
3.972362
-3.881469
-3.923566
3.083444
3.953956
3.881365
3.964073
-3.724585
3.972274
-3.775813
-3.995326
-2.225413
3.965743
3.503437
3.980559
3.972074
-3.942263
-3.971177
-3.746809
3.979407
-3.952245
-3.562223
1.164590
3.680845
3.229392
-1.922358
0.567321
3.970606
3.426862
3.934000
3.979286
-3.952567
-0.225597
3.959910
3.893810
-3.922655
3.964167
3.966228
-3.155864
3.438066
-3.954898
3.546722
3.972802
3.940304
3.992845
3.801594
-2.979558
-3.954087
-3.447632
-3.965552
0.114765
3.934412
3.934915
3.976505
-3.946339
-0.883284
3.971867
3.878770
-3.870334
-3.947112
3.982154
-3.833214
3.969595
-3.948353
-3.980838
-3.781285
3.976544
3.519192
-0.119393
-3.504548
3.994765
3.929738
2.898833
3.976798
-3.752882
3.364434
0.169165
-3.834766
3.980686
1.150102
-3.830331
3.694964
3.955620
-3.933519
3.897518
3.947302
3.941722
-0.006129
3.981552
-3.962939
3.903031
3.980094
-3.996411
3.974856
-3.963426
3.548723
0.519689
-2.837181
3.943774
-3.980614
-3.787435
-3.703146
3.948869
3.973117
0.054507
-3.451045
3.997064
3.980639
-3.905700
-3.937577
0.940966
-2.010827
3.976346
2.222461
3.943257
-3.925517
3.948318
3.272212
-3.965192
-3.951559
3.973086
-3.894629
-3.758832
3.959746
-3.955502
3.802751
-3.958319
-0.938948
-3.953821
3.968878
-3.055526
2.996339
-2.812011
-3.887436
-3.969770
1.534318
3.971056
3.317032
3.985660
-3.948773
-3.949810
-3.891924
3.874971
-3.949547
3.958591
3.653360
3.950293
-3.244895
3.944576
3.935814
-3.984444
3.868435
-3.933367
3.840548
1.555576
3.976237
3.943807
3.969247
3.965661
3.734856
2.931417
3.263995
3.919638
-3.615750
-3.893282
-3.759609
3.962067
-3.911093
-3.940644
-3.735447
-3.941348
-3.993399
3.973202
-3.973423
-3.921330
-3.600594
3.969263
-1.084001
3.966452
3.939106
-3.964601
-3.919414
3.981003
3.711678
3.955444
3.902564
-2.949715
-3.205949
-3.943579
3.962628
-1.879968
3.936823
3.891959
3.924734
-2.906305
3.973442
-3.959522
3.963205
3.543373
3.197869
-3.655551
3.956560
-3.911022
3.452470
3.484004
2.567982
3.476528
3.996697
3.967815
-3.692690
3.922832
3.897896
3.937460
3.921238
-3.860103
3.971905
3.933212
1.005585
-3.971731
3.940893
-3.972674
1.018611
-2.986882
3.945309
-3.852667
3.973155
3.949599
-2.370121
-2.973523
3.691363
-3.970381
-3.719453
3.979808
-2.574111
3.932296
3.800538
-3.945883
-3.542590
3.875688
-3.791214
3.840979
3.880243
3.940544
-2.355708
-3.151854
-3.954302
2.188301
3.960003
3.865955
3.939425
-3.927319
-3.966822
-3.894376
3.965986
3.958198
3.972019
-3.964040
3.849101
3.961472
3.736824
3.054314
-3.979862
2.182217
2.310973
-3.830925
-3.936207
1.458050
3.634743
-3.412082
-0.168704
3.959388
3.983459
-3.932511
3.962646
3.969874
-3.954493
3.683247
-0.091572
3.769689
-3.947016
3.971795
2.278701
-1.383719
-3.947649
3.971353
-3.856554
3.821131
3.984082
3.964074
3.977826
3.728862
3.975363
-3.975451
3.992181
-3.875495
3.946329
3.970545
-3.918408
3.272256
-1.078885
-3.941212
-3.873156
-1.420972
-3.762222
-3.952340
3.957002
3.974841
3.983258
3.975309
0.839279
-3.966554
3.957727
-3.860600
3.882581
3.970036
3.957724
2.697307
3.942478
-3.985254
-3.968421
-3.868983
-3.937614
-3.953563
3.659570
-3.384379
3.980249
-3.935623
2.465193
3.951162
-3.879517
-3.946103
-0.122206
-3.959994
3.941416
3.947483
3.902303
2.689007
-3.936445
-3.964087
-3.954031
3.788471
3.985989
3.782734
3.944859
3.971468
3.839369
-3.894383
-2.720565
3.790024
-3.972662
-3.955616
-3.762502
-3.848253
3.960427
3.963776
-3.856623
-3.893549
-3.980765
3.648437
1.583051
-2.742062
3.943549
-3.504367
3.884360
-3.544263
3.895844
2.108557
2.221964
3.975898
-3.968128
-2.212042
-3.904275
3.950764
-3.895818
-3.893499
3.968427
3.968461
1.965336
3.967092
-2.571550
3.913347
-3.967183
-3.921786
3.967583
-1.885703
3.496003
3.725674
3.952780
3.980450
-3.997043
-3.893888
3.903361
3.981994
-3.777947
3.856080
3.399159
-3.909589
3.716401
-3.942927
3.378536
3.974783
3.974471
-1.750154
-3.949725
3.984456
3.968115
-3.992574
-3.378383
-3.192104
-3.956177
-3.919361
3.961154
-2.562838
2.608584
3.587348
3.972768
3.944207
3.970605
-3.980534
-2.973476
3.956366
-3.946430
-3.966486
-3.916907
3.968125
-3.906321
-3.945049
-3.844915
3.951995
3.952461
3.975183
3.747260
-3.668151
3.996740
-3.958850
3.972111
-0.269334
-3.814759
-3.982421
3.916559
-3.145619
3.960616
-3.970189
3.960225
3.952983
-2.157809
-3.959032
3.710894
3.968869
-3.952272
3.974628
-3.549067
3.969400
-3.196242
3.777348
-3.324453
-3.267328
3.986824
3.461934
3.969290
3.776432
3.590046
3.975320
-3.974802
-3.895221
3.935236
-3.286640
3.827123
3.911836
3.903817
3.881156
3.979227
3.932032
3.866759
1.707476
3.896420
-3.728643
3.327072
3.965494
3.968968
3.600196
-2.824768
-3.817331
-3.764229
3.963450
-3.969598
3.976915
-3.944598
3.986933
-3.365487
3.962742
-3.363498
0.141527
-3.810150
-3.954791
-3.959833
0.868337
-3.661578
-2.068847
3.969568
-3.952823
3.899296
-3.610829
3.971147
-3.977238
3.603211
3.897719
2.157899
3.965943
3.945594
-3.938736
-3.996061
-3.966078
-3.918095
-3.906865
3.982812
-3.952010
3.901579
3.907979
-3.748538
-3.901657
-3.776702
3.908585
3.981870
3.961222
3.956899
3.390864
3.982345
-3.875908
-3.628050
3.997093
-3.916797
-3.972907
3.982705
-3.967770
-3.635772
1.444153
-1.656476
-2.869231
3.883680
-3.663656
-2.719087
3.973937
3.984607
-2.663067
-3.965451
3.921738
3.942273
0.957252
-3.863302
-3.844698
-1.812864
-3.919484
-3.818927
0.626215
-3.360339
-3.071344
-3.947246
-3.863388
-3.220939
-3.972758
3.950891
-2.980799
-3.724070
-3.943012
3.970912
3.963647
-3.972864
3.798745
-3.933850
-3.938531
-3.938588
-3.931930
3.911305
-3.905963
-3.943347
3.915880
3.948760
-3.051171
3.967788
3.899670
3.867368
3.959315
2.249523
-3.774531
-3.974083
-0.276519
-3.956043
3.977583
3.957496
3.936541
-3.792101
3.938346
3.371108
-3.919221
3.854798
3.978980
-3.884204
-3.890839
3.973545
3.860021
3.899222
3.659210
3.932298
3.953663
-3.657382
-3.968472
3.811292
-3.602731
-3.956720
-3.946476
3.975374
3.946817
3.962115
3.791142
3.953242
3.881074
3.956819
-3.920216
3.982454
3.937181
3.970400
3.977020
-3.941275
2.764504
3.970375
3.651966
-3.961162
3.870141
-3.978260
3.272832
3.141007
-3.888359
3.934612
-3.939289
-3.956517
3.980311
3.980414
3.649177
3.978448
-3.079923
3.974506
3.973796
3.983023
-3.910171
3.552068
2.181545
3.903735
-3.890933
3.944318
-3.942286
3.944465
3.970690
-3.813507
3.873150
-3.717655
3.800954
-3.276980
3.902691
-3.953457
3.832483
-3.344749
3.883400
3.981827
-2.813287
3.904850
3.951425
-1.295987
0.554927
-3.960739
3.863550
-3.960649
3.413830
3.807824
-3.944008
3.963053
3.953622
-3.975186
-3.973700
3.978255
3.764859
2.579054
3.962706
3.607147
3.958660
3.911713
3.962249
3.958813
-3.871067
0.875489
3.996246
3.517918
-3.952999
-3.913766
-3.672860
3.972225
-3.949916
-3.932342
-3.895743
3.913636
3.976698
3.952087
3.985123
3.800019
-3.974615
3.282786
-3.135720
3.969101
-3.735193
-3.523633
-3.983813
-3.828398
-1.013936
3.941427
3.970746
3.692922
3.965768
3.938831
-3.350803
3.938843
-3.895559
3.975985
3.808212
3.918478
3.978068
-2.881393
-3.899704
3.443972
-3.972960
-3.968124
-3.623500
-3.533306
3.997125
-3.852536
3.909954
-3.971512
-2.875116
-3.963837
-3.879953
-1.424511
-2.894114
3.954934
3.966925
-3.175283
3.997017
3.941434
3.737679
-1.743590
-3.951191
3.936159
3.959317
3.978526
-3.963691
-3.957499
-3.733060
2.152271
3.972050
-3.906360
-3.975253
3.964319
-3.957032
3.996932
3.934493
-3.960580
-3.964799
3.931022
3.896104
3.987850
3.986310
3.994307
-3.932257
-3.961750
-3.930461
3.972356
3.622687
3.942200
-2.478741
3.997008
3.997054
3.959712
3.890587
3.848465
-3.772668
3.977293
3.980102
3.947638
3.677598
-3.943549
-3.903496
3.734711
3.802348
3.973238
-3.405597
3.977498
-3.958859
3.919638
3.969864
-3.866251
3.495202
-3.908413
3.940797
3.918214
3.973554
3.538460
-3.086044
3.951432
-3.883636
3.943212
-3.958414
3.964547
-3.955395
3.952004
3.945634
3.941176
-1.284994
3.957742
2.675381
3.943405
-3.956103
-3.961616
-3.977575
-3.656645
-3.971385
-3.963082
-3.982977
-3.689187
3.926530
3.979342
3.895720
1.901021
-3.789642
3.965687
3.978874
-3.965879
-3.890711
-3.965293
-3.997062
3.938242
-3.966160
-2.842124
3.625863
-3.923619
-3.910246
-1.194427
3.958776
3.982870
3.968216
3.973821
3.979487
3.969230
-3.854847
3.865151
3.996259
-3.340135
-3.903449
-3.948093
-2.637148
3.983727
-3.975952
3.948241
-3.950720
3.941500
-3.980177
-3.863983
-3.917747
3.984037
3.973290
3.700469
3.926839
-3.981471
-3.948308
3.953345
3.997144
3.909648
3.983182
3.977995
3.943178
-3.954863
3.914712
-3.158704
3.888544
3.938736
3.726822
3.936154
3.975956
3.941168
3.321614
-3.913848
3.977078
3.182686
-3.607675
-3.919665
-3.666143
-2.849219
-3.845221
3.958748
3.915933
3.957861
3.958325
-3.927045
-3.965955
3.971111
-2.461685
3.869066
-3.967476
3.692312
3.576280
-3.853446
3.923444
3.958955
-3.940418
3.984423
3.642162
3.951063
-3.909578
3.958557
3.982633
3.826511
3.311247
-2.373616
3.945030
-3.949123
-3.914806
-3.485223
3.893514
3.953765
3.964410
-3.950086
-3.877436
-3.962773
3.925568
3.913290
3.861488
3.549109
3.967642
-3.954577
3.870476
1.800495
-3.938063
-3.922219
3.963732
2.181145
-3.962525
3.744947
3.961051
3.970230
3.944861
-3.822756
-2.168888
3.940535
-3.977913
-3.928735
-3.901855
-3.971621
-3.903682
3.728844
3.728011
-3.927797
-3.963340
-3.711460
3.981004
3.970588
3.860210
-3.602355
3.904163
3.964584
-3.882221
3.967329
3.997002
-0.266036
3.919498
-3.413161
-0.062980
3.829639
3.622408
3.885300
-3.253130
3.915080
-3.603884
2.948164
-2.780505
-3.975133
3.971398
-3.949552
3.954529
3.985598
0.587934
-3.961924
3.956559
-3.976535
0.777861
3.969040
3.982173
-1.457517
0.916609
3.960414
3.985330
-3.810791
-3.946024
-3.965746
3.977002
3.678326
3.961885
3.909363
-3.966654
3.987599
-0.296775
3.977652
3.974373
-3.973975
-3.040463
3.941080
-3.958123
-3.098366
-3.357781
3.972943
-3.751495
3.979568
-3.865383
3.323201
-3.749438
3.934192
-2.867369
-3.972657
2.944496
0.761367
3.926659
-3.872647
3.997050
-3.941118
3.958659
3.962589
-3.558038
3.983114
3.314511
-0.974970
-3.799827
-1.873411
3.946266
3.830145
3.967813
-3.835755
-3.788731
-3.454935
-2.803356
-3.965340
3.845722
-3.855370
3.966906
3.971901
-2.076196
3.962798
2.674461
-3.963409
3.816844
-2.997946
3.960000
-3.854703
3.965051
3.973466
3.963294
3.937779
3.955359
3.937100
-3.171807
3.971501
-3.596085
3.684434
3.922521
-3.978418
2.336537
3.915596
2.197344
3.981980
3.633487
3.950833
2.502460
3.948837
3.953945
3.958630
3.976610
-3.903421
-3.681145
3.838158
-3.965021
3.943196
3.013217
3.996432
3.921607
3.971434
2.961467
3.996784
3.939619
-3.952911
3.876777
-2.309420
3.653187
3.859413
3.942281
3.964143
-3.717032
3.946256
3.756791
3.955527
3.986783
3.966636
-2.987724
3.997117
-3.956834
3.860870
3.906620
3.996816
-3.946743
3.979017
-0.711934
1.428928
3.982713
-3.780907
2.381738
3.959854
3.721489
1.565404
-3.654582
-3.923125
-3.968512
3.395669
3.967574
-3.963104
3.179554
-3.720375
0.514232
3.975528
3.980399
3.841508
3.877581
0.891379
-3.957745
-3.907454
3.968283
2.389433
-3.379203
-3.996528
3.970195
-3.955555
3.971607
-2.948217
3.845358
-3.976981
-3.966733
-3.946505
-3.948030
-3.881893
3.881006
3.996890
3.950055
2.549685
3.344254
-3.949742
-3.975855
3.970343
3.964938
3.093568
3.965796
3.936937
3.976227
-3.784235
-2.410835
-3.970411
0.853428
3.958668
-3.420443
1.953937
3.976050
-3.964945
3.966653
-3.917796
-0.096036
3.941407
3.959606
-3.618275
-3.907810
3.978295
-3.940898
3.943715
1.837910
-1.938051
3.989845
-1.737921
3.416518
3.970124
3.963912
3.972055
2.812374
3.140025
3.762617
-3.947081
1.609716
3.260043
3.936130
-3.948320
-3.797055
3.927984
-3.860757
-3.940466
2.086731
3.515494
-3.997029
3.639120
-3.924914
3.910218
1.966176
3.795876
-3.932541
-3.922399
-3.960064
-3.970779
-3.940472
3.907606
-3.950801
-3.887863
-3.946323
-3.870245
-3.917271
3.724313
3.932140
3.899490
3.979892
3.903395
-3.912461
-3.958306
-3.883558
2.371013
3.176820
-3.983428
-3.925339
2.591830
-2.939991
-3.896254
-3.919465
3.790859
3.947453
2.663899
3.997067
3.997027
-3.642539
-3.914827
3.983765
3.840280
-3.918808
-3.974923
-3.913650
3.967418
-3.961501
3.801025
-3.903462
2.511660
3.979647
-3.721530
-3.947975
3.997110
-3.965825
3.970231
-3.977429
3.965352
3.916250
2.905652
3.953486
3.660032
3.941763
3.938364
3.964861
3.891669
-3.534482
3.976484
-2.386831
0.582388
3.982681
3.931301
0.033979
3.985766
-3.531864
-3.307365
3.964261
3.972984
-3.970584
3.958614
-2.157932
3.925418
3.912314
3.976563
-3.372063
3.962099
-3.953291
-3.933528
-3.942876
-3.972739
3.958123
3.973578
3.966123
3.799314
3.272245
-3.907229
3.839223
3.920808
2.480383
-3.981568
3.862044
1.325590
3.956868
3.865819
-1.619833
3.985028
-3.706562
3.355165
3.912587
3.962264
2.308366
3.986054
-3.822028
3.891388
3.975416
2.925120
-3.980696
3.934572
3.978806
3.297536
-3.943378
3.688245
-3.832179
3.922081
2.901891
-3.907853
3.258883
3.942911
3.907439
-3.918695
-3.824446
-3.875276
3.996970
0.324293
3.765104
3.931160
-2.104105
3.979103
-3.777265
-3.720797
-3.817880
3.927999
-0.153467
0.786256
-3.979705
-3.890361
-3.389335
-3.823796
3.894951
-3.962759
-3.480831
-3.403633
-3.905416
-3.797753
3.861654
0.908772
-3.978554
-3.953931
-3.903247
3.945301
3.915618
-3.975121
3.673337
3.980221
-3.964845
-3.904389
3.981656
3.963969
-3.800524
3.958067
3.976349
3.970935
3.651963
-2.719860
3.944154
3.976545
-3.941526
0.659620
-3.605073
-0.291782
3.970082
3.953936
3.947907
-3.936152
3.964280
3.984475
-0.420746
-3.944136
-3.924214
-3.842448
-2.963545
-3.952451
2.629442
-3.911950
2.888581
-3.695381
3.987931
-2.642875
-3.806908
3.890005
-3.960402
3.931147
-3.196857
-3.939402
0.888483
-3.953001
3.804072
-3.942856
3.875933
3.955482
-2.441905
3.982074
-3.967289
3.964833
-1.821367
3.984518
3.868629
-3.668203
-3.517877
3.461830
3.882136
-3.889780
-3.927281
1.536764
3.936534
-3.922378
3.110788
3.988866
1.569461
3.774528
3.996991
-3.955356
-3.984346
3.979145
3.361823
-3.902013
3.932277
3.968849
3.963646
3.975211
3.892611
3.151206
3.985752
-3.917659
3.636179
-3.919794
3.817622
-1.630215
-3.973501
3.984959
3.984743
-3.950494
-3.969086
3.976374
3.976187
3.995323
-3.961020
-3.899501
-3.931447
3.164671
3.969135
3.616491
-3.945761
3.821091
3.959806
-3.920612
3.972170
3.946131
3.962221
3.970113
-3.834897
-3.927348
3.919329
-3.972134
-3.956090
3.960380
-3.928046
1.040879
3.698284
-2.618250
-3.972019
1.134491
1.810449
3.913546
2.228377
-1.989008
3.913024
3.975697
-3.995979
-3.949257
-3.934649
-3.936801
3.955571
0.090963
-3.772101
3.655845
-3.967942
3.559614
3.979797
3.934482
-3.966346
3.966485
3.980649
-3.901390
0.555989
-3.892452
-3.477120
3.623958
3.977194
-3.631325
-3.006929
-3.532877
3.966529
-3.948149
-3.959657
-3.759264
0.960318
-3.947108
3.919461
-3.960766
3.950627
-3.959121
3.968788
3.960714
3.917275
-2.086926
-3.954503
3.965835
3.969806
3.898442
1.177177
3.610897
-1.233291
-3.937403
-3.954709
-3.967582
3.986634
-3.996985
3.903810
-3.196364
-3.616137
3.652950
3.970493
-3.970477
3.972361
3.980219
-3.965541
3.940346
-3.618011
-1.822105
-3.951296
2.825426
-3.915184
3.941578
3.981198
3.934842
3.978701
-3.925406
3.974237
3.162347
3.903123
-3.961194
3.620685
3.945927
3.969862
3.899433
3.981903
-3.944378
-3.718685
3.973806
3.947323
3.958619
3.948600
3.968138
-2.574440
-3.409896
-3.959396
-3.961510
3.952114
-3.938222
3.926644
3.950343
3.969238
3.959417
-3.908287
-3.965497
-2.526482
3.979872
3.996860
-3.959672
3.905928
3.964097
3.946071
3.864745
-0.951962
-3.934394
3.953042
3.972809
2.839253
3.933385
-3.948112
3.966350
3.925660
-3.917790
-3.941290
-2.193062
0.992369
-1.693161
-3.956861
3.970500
-3.933068
-1.356903
3.245595
-3.930733
3.983086
3.954291
3.973817
-3.945785
-3.938535
-3.826371
2.605712
3.912694
-3.484789
-3.898969
3.997127
-2.837484
-3.967016
-3.980982
3.971751
-3.888293
-3.663532
3.929348
-3.695589
3.951226
3.400796
3.925765
-3.971100
3.812079
-3.936964
-1.482076
3.899833
3.970836
-3.923916
3.954891
3.629468
-3.640948
-3.869101
-3.965351
3.991076
-3.950143
3.852406
-3.894560
-3.153277
-3.880568
-3.952596
-3.903230
-3.644422
-3.950169
1.374985
3.346154
3.285772
-3.176304
-3.692724
2.545739
-3.955063
-3.584441
3.926258
3.916740
3.965073
3.996970
-3.893323
-0.264945
3.976605
-3.049600
-3.539257
-3.953249
3.980531
3.945114
3.968407
3.928215
-1.897733
-3.941232
-3.949609
3.917434
3.550931
3.968790
-3.782605
3.797951
3.765672
-3.877147
-0.485400
3.960926
-3.970933
3.955803
3.976760
-3.966130
3.920339
3.970937
3.529826
-2.769827
-3.619157
3.994992
-3.970113
3.662473
-3.911152
-3.975315
3.916569
-3.948033
3.977039
3.942925
3.876904
-3.844894
3.978067
3.797347
-3.937070
-3.786353
-3.511757
-2.041601
3.889806
-3.750945
3.881452
3.551105
-3.968052
-3.963511
-3.939779
2.811328
-3.541394
-1.986220
-3.334288
-3.936381
-1.544012
3.504173
3.972966
3.927951
3.975531
3.923899
-3.973756
-3.940404
-3.973284
-3.910892
-3.912988
-3.961529
3.972783
3.889997
1.242162
-1.231518
-3.939436
3.964283
-3.960110
0.153234
-2.764281
-2.848108
-3.974239
-3.944286
-3.013438
3.974013
-1.426732
3.983387
3.983613
3.978458
-3.803622
-3.944466
-3.931297
-3.931036
-3.902040
-3.761419
3.979300
-3.951605
3.948105
-3.981005
2.096430
3.971353
3.676819
3.982662
-3.939384
3.969254
3.938770
3.818461
3.653007
-3.761211
-3.872275
-3.273613
-3.296826
-3.921216
-3.903533
3.996895
3.964977
3.950908
-3.965199
-3.973917
-3.959049
3.956585
2.877122
3.977271
-3.966565
-3.940488
3.975561
-3.957780
3.923905
3.736862
-3.948310
-3.975008
-2.037835
3.910109
-3.700893
-3.901801
3.970271
3.890843
-3.959555
-3.956215
-3.919339
3.966502
3.955677
3.936855
3.977879
-3.815882
-3.959301
-3.680098
3.832114
3.899341
3.904688
3.899116
3.957885
-3.119232
-3.830071
-3.885334
3.531947
3.970622
-1.170741
-3.929213
-3.366215
3.969191
-1.956710
-3.927186
3.651331
3.162059
-3.112363
3.988640
3.932720
2.587503
-2.236505
-3.141637
-3.909545
3.387763
3.570089
-3.388072
-3.925908
-3.957580
-3.915994
-3.770601
-3.804701
3.985468
-3.962470
3.978617
3.844707
3.868292
3.961657
-2.611116
3.959887
3.696745
3.961585
1.043146
3.917874
-3.944488
-3.963715
-3.906662
-3.553804
-3.896808
-2.215452
-3.285317
3.965158
-3.996660
3.969469
3.098079
3.978309
3.962554
3.969403
3.956716
-3.698845
3.821758
3.961565
3.975693
3.405363
-3.982957
-3.289119
-3.980353
3.982167
3.964937
3.920841
3.732031
-3.516812
3.938170
3.976897
-3.518060
1.500145
-3.765529
-3.852532
3.973946
-3.933071
3.880302
-3.958010
-3.864014
-3.543760
2.499054
-3.844303
3.949255
3.928727
3.947295
3.975203
3.956156
3.932666
3.949728
-0.684211
-3.971426
3.799220
3.829897
-3.909605
-3.953100
-3.798421
-3.904664
3.974769
3.965780
-3.967787
3.806018
-3.967160
3.509175
-3.964403
-3.954171
3.946027
-3.857782
-3.902157
-3.977239
3.850700
-3.947894
-2.162188
-3.857232
0.822912
-3.952477
3.782140
-2.672780
3.979943
-3.740082
3.953492
-3.003079
3.828218
-3.220254
-3.887900
3.648501
3.743278
-3.951164
-3.865400
3.941620
-3.298294
2.494842
-3.903010
3.959061
2.034127
3.156165
-3.943827
-3.914483
-2.302383
-3.953443
3.973773
3.926416
-3.854237
3.690236
-3.953466
3.771387
-3.916502
3.979150
3.858782
3.979035
3.950348
-3.921789
3.964229
3.965997
-3.943735
3.846666
2.788687
-3.936491
3.977133
3.938461
-3.912609
-3.951689
-3.955912
-3.871972
3.932276
3.909030
-3.950556
-3.955244
1.781919
-3.828409
-1.772907
-3.784960
3.961177
-3.961629
-3.815099
3.706593
-3.914988
-3.930943
2.307010
2.444333
3.632421
3.988035
-3.953109
3.831864
-3.974987
-2.478748
3.599913
-3.789250
-3.977822
-3.942103
0.170880
3.857153
2.752939
2.893955
-3.882973
-3.889300
-3.646466
-3.956413
3.886492
3.969828
3.731842
3.955417
2.523908
3.949018
-3.951500
-3.625407
0.511756
-3.905617
3.557787
-3.781668
-3.946979
-3.772267
3.976720
3.997201
3.968414
-3.901508
3.972763
-3.871290
-3.954699
-3.895214
3.092857
3.972053
-3.507403
-3.812440
3.939916
-3.951064
3.925261
3.897582
2.950780
-3.981692
3.929958
-3.923988
-3.952506
3.949715
3.808813
-3.969512
-3.933751
-3.968550
3.981042
2.804751
-3.946428
-3.956963
3.964677
3.978735
-3.825500
-3.447990
-3.973091
-3.903019
3.986552
-3.907896
-3.909113
-3.855282
3.738650
3.878385
-3.938154
-3.975287
-3.970785
-3.832922
3.952781
-3.976897
-3.951297
3.941513
-3.935565
3.776444
3.972808
-3.879176
3.967326
3.972293
-3.315120
3.985474
3.974436
-3.845739
-3.889498
3.920663
3.979631
3.976683
-3.937473
3.955580
2.678625
3.937992
-3.908424
-0.817134
-3.943397
-3.836087
-3.935855
-3.761746
3.932287
3.951308
-3.965576
-3.784492
3.704619
0.654241
-3.680027
-3.208615
-3.922676
-3.942382
3.947029
-3.396696
-2.727781
3.854969
3.863135
3.465642
-3.939297
-3.969194
-1.053615
3.849153
-3.934304
-3.956049
3.996483
3.965985
3.788358
3.964745
-3.650345
3.979730
3.949265
-3.970904
-3.787460
3.969435
-3.784088
-3.954591
-3.923577
3.910584
-3.951222
3.976979
3.971936
-3.982416
-3.963075
3.749752
-3.606103
3.978232
2.289823
-3.798720
-3.993051
3.969149
3.705741
3.985868
3.647227
-3.977394
3.987574
3.978721
-3.826074
-3.619456
1.882999
3.928596
1.623331
3.964414
3.994451
3.981619
3.967916
2.787914
3.824960
-3.266075
3.972110
-3.659757
3.935069
-3.945533
3.969765
-3.905319
-3.972813
-3.955547
3.978589
3.924329
3.953667
-3.780665
3.953531
-3.952967
3.996910
-3.921365
-3.931422
3.986347
3.969060
3.941536
2.730560
-3.751572
3.947941
-3.403648
-3.932796
-1.135578
3.673079
-3.950926
3.932842
-2.248073
-3.950984
3.904925
-3.936861
-3.437810
-3.909765
-3.056757
3.952261
-3.939358
3.995645
0.098683
3.965490
-0.117637
-3.976246
3.937635
3.938187
-3.949855
3.984207
3.984381
-3.904058
3.335201
-3.996369
0.782234
3.947597
-3.968256
-3.930522
3.840592
3.983543
3.980629
3.968363
-3.928668
3.954843
-3.719639
3.924127
3.942386
3.966756
-3.836408
3.919449
3.362260
1.217554
3.849797
3.940309
-3.971791
-3.475767
-3.962807
3.980336
-3.965623
3.952849
3.788441
-3.973208
-2.833025
1.015666
-3.667395
-3.857428
-3.972978
-3.898849
-3.871561
-3.965231
-3.091971
-3.779087
-3.894438
3.703898
2.448370
-1.075005
3.977504
3.996599
-3.961939
3.968067
3.947706
2.921494
3.909630
3.916326
0.978429
3.961023
-3.786971
3.964142
3.618722
3.966927
-3.949819
3.980613
3.919265
3.959353
3.911084
0.799788
3.948988
3.965892
3.468163
-3.052342
-3.914874
3.760911
3.982684
-3.791058
-3.631408
3.963625
3.923438
3.968667
3.759300
-3.954904
3.967814
-2.847444
-3.771694
-3.949271
1.396195
-3.948985
-3.941181
3.919124
3.930249
3.966434
-3.924617
-3.996871
-3.943131
3.826774
3.793972
3.974182
2.718458
-3.964611
3.964237
3.924719
-3.846821
-3.931595
3.963722
-3.957245
3.907824
3.588822
3.996932
-3.937517
-3.938805
3.971398
-3.974073
-3.914262
3.667387
-3.867718
3.938934
-3.969615
3.900853
-3.962584
-3.957436
3.939152
3.954814
3.950132
-3.926910
3.562093
3.971892
-3.977231
-3.666683
3.982420
3.898667
-3.915052
-3.381432
-3.936713
3.949550
-3.966291
-3.950163
-3.484280
-3.680124
3.945080
3.894096
3.934313
3.957573
-3.957397
-3.922872
-3.811844
3.997206
3.848424
-3.834618
-3.961973
3.925453
-3.899235
2.924124
3.564818
-3.897273
-3.648957
-3.907124
3.702550
-3.939563
3.950298
-2.390560
-3.890874
-3.905849
-3.981669
-3.871778
-3.430858
-0.916054
-3.901365
-1.123149
-3.941278
3.975838
-3.952941
3.895815
-3.908843
-2.984098
-3.997159
3.974276
-3.923929
3.965255
1.928846
3.977706
3.552059
3.365140
3.934615
-2.712497
2.814459
3.971535
3.256021
3.979918
3.971803
0.693033
3.730661
-0.577155
-3.890935
3.333419
3.252077
-3.856873
3.985282
-0.373304
3.918735
-3.085642
3.813683
-3.996490
-3.948553
-3.978741
-3.939888
3.892372
-3.946483
3.967345
-3.649413
-0.410648
-3.846680
3.960650
3.980402
-3.458877
3.946932
3.290301
3.951748
-3.977922
-3.945377
3.808717
3.976038
3.968615
3.111233
3.951469
1.920085
3.960643
3.972716
-3.962025
3.632132
3.004487
3.459013
3.960146
3.885598
3.983668
3.842642
-3.663209
2.513683
-2.901686
3.983926
-3.976748
3.971741
3.972395
-3.478217
-3.914178
-3.569139
2.570831
-3.924972
3.971249
3.973021
-3.958666
3.280661
-3.755454
3.958024
-3.887998
-0.298430
-3.970264
3.896150
3.532559
1.918746
2.263763
-3.711621
-2.594629
-3.965725
3.970993
-3.282096
-3.831859
3.892478
-3.902702
1.172653
-3.933737
-3.851368
3.930056
3.970091
3.907432
3.678928
-3.356777
-3.958709
-3.984102
-3.935947
-3.974240
3.944041
3.966294
3.937435
-3.957059
3.630072
3.926988
3.953345
-3.969817
-3.979490
3.959431
-3.951399
-3.919540
3.883666
3.646602
-0.145644
3.967954
3.931034
-3.981177
-3.882077
3.968082
2.304342
-3.949906
3.966115
3.979603
-3.666206
-3.971841
-3.870302
-3.966561
3.983224
3.774621
-3.833775
3.982623
-3.960562
-3.237239
-3.401884
-3.963115
3.973913
3.969517
-3.648660
3.620936
-3.979286
-3.891049
-3.974879
-3.941752
-3.460422
-3.042167
3.772617
-3.952352
3.986812
-3.325345
-3.961289
3.966627
3.977501
3.965062
-3.921414
-3.568296
3.953520
-3.687317
3.967748
-2.485303
3.433796
3.695195
-3.715666
3.979773
3.937288
-3.948663
-3.807929
1.987933
3.966097
3.836412
3.935526
-3.455552
-3.640362
3.458938
-3.979196
-3.676055
-3.965890
3.948720
-3.941820
-3.851271
-3.281545
-3.905677
3.987087
-3.567443
-3.924724
-3.974359
3.962480
3.931229
-3.678397
3.964892
-3.884422
-3.854594
3.628845
3.949094
3.958973
3.988751
-3.946779
-3.959636
3.997043
-1.869906
3.881663
-3.618092
3.969089
-3.864805
3.944679
3.953922
-3.432048
3.581697
3.950542
3.989592
-3.501766
3.982466
3.636637
-3.973783
-3.966874
3.885960
3.968044
-3.959822
3.870505
3.904216
-3.947620
3.970040
-3.968493
3.669421
-3.971804
-3.965920
0.755794
3.955390
-3.968517
3.693050
-1.754757
3.872497
3.915656
0.985225
3.516275
3.878579
-3.881426
3.941605
3.894518
3.966441
-3.932450
3.854558
-3.736267
3.976177
3.832989
-3.979330
-3.947389
3.909693
-3.928045
3.950306
-1.152845
-2.835613
-3.112238
-3.906491
3.717833
-3.728336
3.977538
-1.194834
3.966373
3.943549
-3.919055
-3.968144
-3.784525
-3.639487
-3.813922
1.110698
-1.811040
3.933793
3.906874
-3.970119
3.980676
3.031858
3.934209
3.582404
3.953013
3.959608
-3.530508
-3.545100
-3.894273
-3.965714
3.969218
-3.711077
3.971988
3.981857
0.189101
2.657422
3.892803
3.997100
0.289731
3.969033
3.987099
3.969240
3.962419
3.969364
-3.912382
-3.996912
3.975016
-1.471501
-3.970368
3.961970
3.140628
3.964655
3.929402
-3.953980
-1.291063
-3.982644
3.866326
3.742150
3.831185
-3.868892
-0.965655
3.965610
3.965376
3.994287
3.967721
-3.861463
3.973852
-3.980798
-3.952691
3.997048
3.408335
3.955468
-3.958279
-3.364420
2.250530
-3.913397
-3.880902
-3.672886
-0.479351
3.938798
-3.626328
3.808996
3.964178
-3.355107
-3.977462
3.983127
-3.942211
3.983693
-3.807822
3.715556
3.930864
-3.723737
-3.951836
0.784627
-1.622028
-3.955397
3.978306
2.674606
-3.781449
3.323445
-3.939518
-3.961475
2.460037
-3.965328
3.952520
2.806090
3.908063
3.271474
-3.925999
-3.935503
-3.954203
-3.965799
-3.873796
-0.949699
2.026707
-3.572447
-3.838343
3.957235
-3.968294
3.908047
3.980122
-3.932791
3.986431
-3.941485
-3.964103
3.971642
3.980931
3.956395
3.907966
-3.707609
2.302242
-3.850991
-3.973086
-3.603280
-3.891269
-3.328533
-3.964362
3.948149
3.959315
3.943271
-2.964118
3.944270
-3.653451
3.965351
3.935916
-3.818505
-3.114805
3.951925
-3.969719
-0.420787
3.959455
-2.873828
3.958371
-3.947452
-3.861007
3.204175
-3.755630
-3.956427
3.823449
3.866200
3.978176
3.973780
3.972579
-3.941704
3.975781
3.920423
-3.701537
3.259373
3.866875
-3.964216
3.916536
3.976434
3.838076
3.811491
0.127165
3.952706
-2.642941
3.877788
-3.934409
3.976904
3.027804
-3.943409
3.988466
-3.965748
3.946031
-3.961608
3.973769
-3.620960
-3.965896
-3.519048
-3.965797
-3.975754
-3.976515
3.890830
3.964379
-3.930743
3.946730
3.882716
3.955236
3.981947
-3.937231
-3.974815
3.970584
-3.882536
3.992069
3.933908
-3.779995
3.535891
3.965406
3.972426
-3.586515
3.762632
-3.418039
-3.578282
3.976151
3.968296
0.534287
-3.940199
-3.948733
-3.973660
3.979256
2.637417
-3.962980
3.930628
3.954299
1.596788
-3.996578
-3.733988
-1.292938
3.942002
-2.589709
3.446746
3.830821
3.977329
-3.958112
2.947088
3.824109
3.908979
-3.629116
3.936009
-3.822222
3.997154
-3.953835
-3.968782
3.972267
3.050135
1.015638
-1.911462
3.739088
-3.946541
2.958900
3.997137
3.688672
-3.977868
-0.695885
3.963110
3.829238
3.955101
-3.961039
3.961697
3.946279
3.947952
-3.979313
3.970770
3.957892
-3.885087
3.189085
3.710063
-3.940435
-3.943148
3.997137
3.573480
3.939087
-3.959554
-3.976518
-3.932256
-3.971654
3.768459
3.945688
-3.953213
3.985899
3.965821
3.964969
1.772721
-3.652641
3.964517
3.973632
3.983620
3.955153
-3.816789
3.930055
3.984812
-3.961885
-3.965534
-3.913526
3.936766
-3.896610
-3.933255
-3.907183
-3.947245
3.958549
3.970924
3.924024
-3.856449
3.904755
0.445178
0.806116
3.949810
3.355793
-3.982196
-3.951120
-1.830469
-3.952821
3.974821
-2.048584
-3.815052
-3.951492
3.972898
3.976315
3.953553
3.728906
3.519957
3.967380
3.985194
-3.889155
3.966486
-1.651882
-3.699362
-2.618611
-3.877995
3.790997
3.654560
3.641430
3.701454
-3.979516
-3.935904
-3.962426
-3.418016
3.963662
3.763366
3.950690
-2.240790
3.969416
-3.884282
3.930147
-3.973143
3.065968
3.946203
-3.976879
3.986135
-2.171827
3.971780
3.936419
3.966610
0.278413
-1.363690
3.981891
-3.930047
-3.960034
-3.297430
3.969540
-3.961727
3.973480
3.267020
3.035613
3.922083
-3.971246
-3.056658
3.803833
3.978439
3.982449
3.767395
3.945952
3.907048
-3.972337
3.997199
3.980848
3.944147
-3.967401
3.821051
3.606149
-3.935311
-1.164652
-3.727672
3.887225
-3.959148
-3.863393
0.588717
-3.946235
-3.087561
1.731541
3.974562
-3.885782
3.813069
3.972726
-3.967525
-3.873987
3.946639
3.944920
-3.323917
3.869683
-3.573485
-3.633512
3.977327
-3.961288
-3.962234
3.963004
3.952950
3.939398
-3.969740
1.505328
-3.714773
-2.997431
-3.959327
2.572649
3.971174
3.901213
3.858374
-1.735763
3.939325
2.945983
-3.917955
3.959575
3.217599
-3.963967
3.890604
3.475915
-2.293850
-3.923187
2.095420
2.918438
-3.971207
3.981422
3.936087
2.804586
3.941131
-3.939734
3.629733
3.831679
3.929471
-3.967604
1.298103
3.917671
-3.903818
3.872075
-3.584037
-3.996382
-3.886474
3.966264
3.965461
-3.907245
3.835565
-3.872833
3.560656
-3.977967
3.970872
-3.452103
3.236614
-3.851908
-3.892248
3.976879
-3.713582
-0.390471
3.977358
-2.928568
-1.410698
3.915068
-3.967554
3.468025
3.960952
3.939152
-3.918639
-3.950350
3.964697
1.001080
-3.967509
3.953153
-3.968753
-3.752581
-3.829911
3.965432
3.964907
-3.882548
-0.723371
-3.960570
-0.180231
-3.953080
3.964109
3.980293
-3.967367
-3.649934
-3.937121
-3.626753
3.975368
-3.897255
3.982994
-2.757860
3.980039
-3.995998
3.477052
3.244046
-3.958951
-2.682551
-3.967420
3.965306
3.996958
-2.718990
3.787211
3.968642
-3.975207
3.949211
-3.944920
3.961519
-2.094330
3.970086
-3.979175
-3.958505
-0.591367
3.975782
3.632521
3.972108
3.968830
3.974547
3.956046
-3.937710
3.902809
3.682317
3.968740
-3.754644
-0.195699
3.930917
3.960121
3.979916
-3.873737
-3.874207
-3.979701
3.546155
3.996557
3.907118
3.848616
-3.960561
3.962896
3.739686
-3.971616
3.942135
3.911729
3.940001
-3.688162
3.973715
-3.965250
3.959940
3.972740
3.948854
3.541588
3.963004
-3.850087
-3.964903
3.977254
-3.627892
3.893872
3.954157
3.865534
3.927101
-3.949849
3.997133
3.972051
3.951858
3.988807
3.942629
3.872180
3.973970
3.745504
3.996798
3.568384
-3.926816
-3.853706
3.173376
3.762785
3.870918
3.556819
3.965535
-3.957099
3.963680
3.997039
-1.697770
3.928345
-0.093758
3.881202
-3.772156
-3.983985
3.705235
-3.474877
-0.041124
-3.950510
2.729021
-3.552858
3.899224
3.935569
3.974085
-3.919243
-3.917568
3.927209
3.732385
3.958927
-3.964712
3.782634
-3.978177
3.950903
2.890992
0.871686
-0.227187
3.866698
-3.909963
-3.839085
3.959758
-3.943564
3.971292
-3.871500
3.428031
-3.968453
-3.953952
3.631878
-3.966897
3.774544
-3.894370
3.974849
-3.934740
-3.812446
-3.975688
3.886831
3.544631
3.387115
-3.891153
-3.593848
-1.850321
3.632872
3.943600
3.892993
-3.861834
-3.913013
-3.904505
-0.341694
-1.000495
-3.974593
-3.841523
3.981608
3.965778
-3.935191
3.731660
-3.967367
3.925112
3.983665
3.978458
3.996876
3.915981
3.897829
-3.940067
3.924573
-3.975685
3.966234
1.431119
-3.932780
-3.980603
2.836918
-3.913964
3.824174
3.957457
3.809934
3.962941
3.931077
3.876394
-3.958265
3.981292
3.980771
3.960343
3.635507
-3.812328
3.974333
3.851769
-3.945764
3.933713
-0.715857
3.926317
-3.930410
-3.906812
3.976040
-3.774194
-3.989124
-3.919710
3.958057
3.977813
3.988076
-3.786409
-0.481273
3.980623
3.970279
-3.930261
-3.947863
2.488534
-3.923480
3.932653
3.588703
-3.899244
3.633566
-3.754013
-3.480344
3.922920
-3.446164
3.930005
-2.375586
3.949874
3.980821
-3.955384
-3.750960
3.869133
1.399621
3.865293
3.996901
3.966503
3.772942
-3.919137
3.954132
-3.884255
-3.316798
-3.940380
2.961090
3.954781
-3.903846
3.969812
3.934499
-3.949824
3.987727
3.930950
3.986342
-3.970023
3.927703
3.976944
-3.785245
-3.974736
-3.807838
3.955047
-3.953602
-3.535220
3.976446
-3.820208
-3.935237
-3.820518
3.879045
-3.700311
-3.757125
3.946675
-3.966509
3.971806
-3.961912
-3.728597
-3.964519
-3.532620
-3.087829
3.981308
1.761003
3.791772
-1.217888
2.011310
-3.249838
-3.817368
0.918785
-3.909933
-3.867000
3.952288
-3.966621
3.708812
-0.645819
3.831009
-3.969566
-3.739771
3.996974
3.898905
-3.819081
-2.023241
-3.891282
3.970258
3.989150
3.971772
3.965977
