8.000000	1.000000	50	0.100000	ARCHIVOS_REDES\ER\ER_631.txt
0.199920	7.843557
-4.534531
-7.901731
-7.987268
7.991889
7.983344
-7.991810
3.336149
7.984635
-7.994069
7.995745
-7.976755
7.994524
7.983412
7.972114
7.986750
-7.961597
-7.975294
7.992578
7.981997
-7.915341
-7.992245
7.840565
7.950348
4.778077
-7.993280
7.950027
7.993952
-2.916217
-7.996284
7.990831
-7.983914
-7.980627
-6.127506
-7.991766
-7.981860
-7.977050
6.714713
-7.988544
7.991629
7.979811
-1.786071
7.992776
-7.859366
7.994453
7.986846
-7.970010
-7.983185
-7.991529
7.860177
-7.993698
-7.471562
-7.988108
-7.992170
-7.944011
-7.984035
7.984944
7.973163
7.833416
7.988757
7.949138
-7.988305
7.916657
7.976774
7.987864
-7.874454
7.987584
-7.987058
7.989638
-7.994701
-7.996533
-7.987848
7.995593
7.983058
7.990268
7.980973
7.985116
7.983064
-6.589386
7.985808
7.987522
-7.985369
7.992558
-7.994689
7.957542
7.743188
7.984187
-7.995011
-7.983678
-7.979855
-7.945188
7.994061
-7.853399
-7.967203
-7.990309
-7.992385
7.985013
-7.974600
-7.996546
-7.999998
-7.983032
-7.971236
7.987254
-7.994288
7.991936
7.993277
-7.956957
-7.992280
7.988712
5.341927
7.973884
7.989144
7.994324
7.993340
7.990201
7.988422
-7.972643
-7.913537
7.990440
-7.990452
-7.990661
-7.517349
-7.986946
-7.987722
7.988794
7.988950
-7.954547
-7.987256
7.958319
7.989393
-7.989620
7.992204
-7.990472
-7.987882
7.938793
7.988918
-7.975163
-7.994308
-3.813191
7.986835
7.978082
7.989155
7.987107
7.977954
7.990129
-7.971644
-7.993440
7.987085
7.989220
7.976609
-7.992792
7.958243
7.992529
-7.992283
7.979980
-7.991678
-7.915129
7.991267
7.982905
7.996300
7.895504
7.982511
7.987916
-7.996495
7.985803
-7.984035
7.995432
-7.995478
-7.985226
7.988928
-7.999998
-7.987809
-7.994682
7.991344
-7.987798
7.989041
-1.058741
-7.994257
4.374968
-7.969490
-7.991262
-7.988846
7.991127
-7.985883
7.979895
7.352185
-7.983269
-7.970177
7.992025
-7.975835
7.995312
-7.996293
-7.969121
7.976516
-7.971127
-7.988978
7.989585
-7.985595
7.849733
7.973536
7.954111
7.991176
7.994042
-7.989454
7.931983
7.992459
7.991802
-7.987865
-7.991441
-7.989117
-7.973101
-7.425490
7.999998
-7.984339
7.999998
-7.976717
-7.991610
-7.986980
7.987937
7.986448
-7.961637
-7.982228
-7.771025
7.975588
7.992005
-7.988577
-7.989634
-7.969998
-7.990082
7.999998
-7.988044
-7.988438
7.989883
7.872197
7.990068
7.992042
-7.985588
7.988949
7.990410
-7.583340
-7.987520
7.990235
7.949700
-7.974774
-7.955115
-7.988459
-7.987733
-7.975876
-7.955119
7.995565
6.364139
7.994895
7.989746
-7.990914
-7.993079
-7.958244
7.973615
-5.091851
-7.864385
7.989013
7.949181
-7.992556
7.898946
7.993517
7.987126
7.663425
7.980228
-7.982209
7.973739
7.065087
-7.996023
7.994352
-7.975818
7.989891
-7.988764
7.994435
4.241801
-7.994456
-7.986193
-7.991191
7.985456
7.971483
-7.983020
7.949264
-7.987887
7.985901
7.990930
7.784748
-7.974816
7.982825
-7.978606
7.994875
7.988431
7.984129
-7.981696
5.541377
-7.994136
7.991565
7.805690
-7.852968
7.992055
7.996220
-7.927304
-7.988075
7.990772
7.812558
7.980139
-7.984441
-6.555767
-7.989561
-7.987496
-7.941581
-7.990859
7.987998
-7.966161
7.986164
-7.952957
7.991468
7.955138
-7.982525
-7.999996
7.995355
-7.937888
7.989424
7.995374
7.991367
-7.980462
-7.985792
7.941635
7.995162
7.984540
-7.984701
-7.954554
7.988369
7.995087
7.997485
-7.964947
-7.991573
7.981349
7.950355
7.991057
7.990367
7.971455
7.978685
-7.992654
7.993730
-7.989741
-7.928910
7.989238
-7.996402
4.478003
7.992340
7.980217
-7.989778
-7.991581
7.979301
-7.970829
-7.999998
-7.987972
-7.994062
7.987297
-7.982574
7.974079
7.966688
-7.992392
-7.994044
-7.977848
-6.257357
-7.983655
-7.982802
7.982048
7.981632
7.990874
7.996326
7.989725
-7.989631
7.954050
7.982995
7.981250
7.961541
-7.895747
-7.977791
7.999998
-7.961597
-7.979511
-7.991227
7.987631
7.993748
-7.987244
7.981327
7.987003
-7.984272
-7.988963
7.999998
-7.974490
-7.986522
-7.986502
-7.982204
-7.990291
7.991257
7.984524
-7.996433
-7.990517
7.982396
-7.993731
7.994391
-7.989099
7.988757
-7.901281
7.986315
7.990731
7.992587
7.989275
-7.872094
-7.979477
-7.988459
7.984100
-7.763278
7.986812
7.995065
-7.991765
-7.992677
7.992452
7.995707
7.970083
7.990053
-7.970542
-7.996734
-7.960117
7.988085
7.993006
7.996218
7.992128
-7.993699
7.989675
-7.977290
-7.992152
-7.984791
7.993581
-7.955628
-7.988653
2.584628
4.196237
7.955341
7.917519
-7.969736
7.971330
0.326305
-7.985830
-7.993120
7.959518
7.959025
7.988127
-7.936236
-7.981698
-7.978802
-7.985933
7.989352
7.988735
-7.999992
7.743620
-7.982870
7.987215
-7.989916
7.985671
7.995182
7.991885
-7.991424
7.920923
7.986967
-7.932675
7.990852
-7.992788
-7.996955
7.979079
-7.976983
-7.771316
7.987433
-7.984444
-7.982306
7.946974
7.996348
7.989593
-7.449027
7.847843
-7.967663
7.971529
-7.991032
7.989318
-7.983371
-7.991819
7.991301
7.993061
7.913155
-7.991014
-7.882699
7.977802
-7.971770
7.986187
7.999998
-7.993115
7.991157
7.962539
7.753980
-7.985101
7.996716
-7.991179
7.968373
7.981448
-7.999998
7.982987
-6.023605
-7.909209
-7.993910
-5.306903
-7.926818
-7.990086
7.982795
7.971578
7.999998
-7.984655
-7.942621
7.957242
-7.825349
-7.976067
-7.990318
-7.993193
7.995609
-7.990567
-7.916974
-7.984743
7.990725
7.983299
-7.985652
7.994388
7.980169
7.968736
7.996134
-7.956512
4.166735
-7.990728
7.982979
-7.994187
7.988177
-7.986146
7.993904
-7.971421
7.986557
7.995150
7.973732
-7.989711
-7.976599
7.980692
-7.987494
-7.978129
7.995385
7.972459
-7.995812
-7.995775
-7.987505
7.599073
7.996501
-7.941764
7.994338
-7.999998
7.954584
-7.984439
-7.980928
1.614099
-7.987114
-7.965203
7.992594
-5.752183
-7.970583
-7.999998
7.996931
-7.984407
-7.986152
-7.978897
-7.991636
-7.978400
7.980038
-7.990268
-7.992636
7.988724
7.994223
6.902380
-7.968473
-7.994914
-7.991176
-6.649127
7.959389
-7.796031
-7.972864
-7.989953
7.987429
-7.976971
7.985755
-7.926512
7.994156
7.991188
7.990462
-7.997368
-6.767264
-7.753207
-7.931720
7.987354
7.930980
7.991261
-7.984319
7.994400
-7.969831
-7.967134
3.540608
7.994858
-7.965455
-7.987641
-7.830592
7.988646
-7.988864
7.996363
7.987804
-7.965652
7.981186
-7.983054
-7.997171
7.996085
-7.972843
-7.990021
7.936897
7.991203
-7.924369
7.533749
-7.988302
7.986659
6.944138
-7.993832
7.996206
7.979897
-7.954056
-7.986877
7.938644
7.956573
-7.972719
-7.991067
7.980463
7.992922
7.980109
-7.991484
7.977753
7.979284
2.757903
7.981633
7.969717
7.967401
-7.988437
7.996823
7.983194
7.885496
-7.973734
7.999978
-7.981062
7.990161
-7.995584
-7.403451
-7.988656
7.978918
7.989092
7.971705
-7.944239
-7.982270
7.979856
-7.984010
-7.978702
-7.874281
7.990956
7.983193
7.992128
7.975646
7.968828
7.990136
7.873204
7.994408
-6.703086
-7.968589
-7.999996
-7.001890
7.993873
7.498682
7.989184
7.991388
7.955273
-7.985694
-7.995166
7.986721
-7.978497
7.989219
7.989285
-7.984376
7.989068
-7.977485
7.958469
-7.826268
7.990690
-7.986825
7.993796
-7.974393
-7.980425
-7.994547
-7.990978
7.988059
-7.983755
7.981748
7.201211
7.992302
-7.989567
7.988591
7.993044
7.960161
-7.989768
-7.994312
7.992514
7.930875
-7.967908
-7.981507
7.884514
7.964086
7.956541
-7.926397
-7.991416
-7.979893
-7.521308
-7.957185
-7.976800
7.991554
-7.969073
-7.993575
-7.984435
7.941433
7.967595
-7.986239
7.992275
-7.983547
7.999998
-7.977298
7.988355
7.827557
7.971074
-7.982286
-7.981316
-7.983386
7.950165
7.843297
-7.982338
7.985400
7.905935
7.989827
7.991164
-7.989397
7.988120
-7.980295
7.981557
-7.980301
7.986314
-7.995234
7.983993
-7.993883
7.971413
-7.994832
7.991466
7.993111
-7.953327
-7.981766
-7.981265
-7.990630
7.978418
7.994007
-7.995729
7.981633
-7.980409
7.975782
-7.989518
-7.989371
-7.926028
-7.988766
7.984716
7.989745
-7.978152
-7.987648
7.993460
-7.966621
7.988625
7.983242
-7.919741
7.939383
7.996180
7.948757
-7.984993
7.990751
-7.960033
7.994501
-7.994291
7.982939
7.984632
7.968222
-7.987898
7.993041
-7.988371
7.983933
7.964960
7.979156
-7.967099
7.968417
7.989737
7.985814
-7.921050
-7.955834
-7.982128
-7.989168
-7.958436
-7.991453
-7.993903
-7.949103
-7.984222
-7.984249
7.990508
7.853673
-7.983631
7.977074
-7.989911
-5.580873
-7.987963
7.990354
-7.689194
7.989768
7.996032
7.988232
7.996411
7.981253
7.982503
-7.991443
7.977829
-7.990552
-7.978730
-7.990921
-7.999998
-7.853656
-7.982744
7.986779
-7.990581
7.993171
7.979198
7.993588
-7.983979
-7.918633
-7.957824
7.986076
7.985188
7.994386
7.981370
-7.982520
-7.980947
7.935832
-7.980484
-7.569665
7.995656
7.988897
-7.989233
7.994956
-7.981810
7.994292
5.767009
-7.660362
-7.981282
7.991924
-7.994233
-7.988161
7.117960
-7.991095
-7.997387
7.988738
7.984605
7.986606
7.988248
7.978549
-7.976429
-7.996360
7.993641
7.951387
7.909370
-7.988227
7.974260
-7.821152
-7.918094
2.002916
-7.987026
7.992144
7.993562
-7.989842
7.983708
7.985610
-7.946924
7.987424
7.986950
-7.993628
7.990389
-7.991296
7.984038
7.994929
7.999801
7.985322
7.981305
-7.975169
7.989231
7.993597
7.991411
-7.979929
-2.293244
-7.988065
7.987327
7.990634
-7.993126
-7.975534
-7.987818
7.986964
-7.991771
7.992335
-7.977550
7.988105
-7.980444
7.983124
-7.988165
-7.994761
7.995489
-7.981729
-7.959205
-6.568328
-7.987536
-7.989439
7.987887
7.988322
7.952676
-7.996139
7.991913
3.696228
-7.993100
7.989172
-7.992518
-6.769929
7.996786
7.981172
-7.993883
4.055757
7.955366
-7.990882
7.982105
7.994728
-7.978011
1.012520
-7.993194
-7.983593
-7.960588
7.982883
-7.986207
7.977174
-7.988634
-7.955906
-7.993383
7.986351
7.983481
7.992098
7.965029
7.991211
7.909194
-7.984804
-7.992268
-7.994797
-7.993606
-7.968965
7.990358
-7.995080
-7.977278
-7.974711
-7.990416
-7.991012
-7.987167
-7.997118
7.996055
-7.942460
-7.984915
-7.981309
-7.968904
7.975885
-7.835786
7.989448
-7.996633
-7.987984
-7.982102
7.967217
7.993884
-7.994817
7.981915
7.982794
-7.979311
-7.994656
7.201308
-7.983896
7.983318
7.724168
-7.992285
-7.999998
-7.989753
-7.979632
7.985094
7.992503
7.988623
-7.989782
7.996333
-6.084671
7.997376
-7.958364
7.987277
7.990532
-7.993837
7.959413
7.965576
-7.985305
7.989318
7.995963
-7.990780
-7.993277
7.987955
7.955284
7.989109
-7.990932
7.996383
-7.988478
-7.930211
7.986465
-7.990895
-7.990829
7.990113
-7.991970
-7.972864
-7.986908
7.991858
7.978207
7.988887
-7.989448
7.993499
-7.989414
-7.975155
7.950108
-7.990260
7.974028
7.990966
7.981929
7.987371
7.995025
-7.984944
-7.962531
-7.980854
7.991628
7.570653
7.843788
7.991408
-7.569797
-5.178985
-7.961193
-7.989955
7.964599
7.987343
-7.460779
7.986928
7.995453
7.977372
-7.986116
-7.991362
7.904119
7.995177
-7.982509
-6.902303
-7.669785
7.984187
-7.989574
-7.976955
-7.983183
-7.989221
-7.991414
-7.290862
7.991421
7.770882
-7.992258
-7.989727
7.991533
7.990927
7.996752
7.933449
7.985662
-7.916893
7.984529
-7.980272
7.967582
-7.988337
2.775791
7.981293
5.144589
-7.993663
-7.994612
-7.999998
-7.933995
2.723530
7.968815
-7.992572
7.848934
-7.986799
7.984117
-7.982009
7.902202
-5.927106
-7.989851
7.988575
-7.989617
-7.999998
-7.972670
7.987817
-7.986797
7.970938
7.984106
7.987733
-7.994963
7.992604
7.985876
7.986697
7.990345
-7.970879
7.979647
7.991085
-7.988894
7.995546
-3.740560
-7.970938
7.872182
7.913748
7.960152
-7.541113
7.993668
7.574758
-7.923529
7.985722
-7.978220
7.993115
-7.987514
7.990177
7.981094
7.996757
7.983508
5.876607
7.991413
-7.985589
7.975246
-7.990959
7.992069
7.991047
-7.982650
-7.984656
7.977038
-7.968903
7.969053
7.989591
-7.984796
7.996417
-7.991215
7.988639
7.995467
7.974984
-7.993795
-7.995106
-7.985777
7.910224
7.919274
7.967414
7.982484
7.970421
-7.809613
7.994442
-7.993166
-7.878429
-7.995114
-7.991796
-7.974894
-7.894420
-7.947975
-7.992663
7.981791
-7.999998
-7.987626
7.984965
7.869563
7.991211
7.941717
-7.980432
-7.988997
7.988486
7.971444
7.991859
7.988924
-7.962062
-7.976246
7.927535
7.969842
7.991540
-7.982589
-7.990452
7.988393
-7.978569
-7.984092
7.961597
-6.626146
-7.994803
-7.978892
7.983647
-7.991059
-7.316917
7.982468
-7.962910
-7.992947
-7.985835
3.761540
7.971354
-7.986786
-7.990134
7.991234
7.803563
7.969290
-7.865683
-7.815877
-7.989057
7.659075
7.977164
-7.971024
-7.996385
5.083200
-7.976290
7.992552
-7.991708
-7.972189
-7.975482
7.985037
7.989894
7.989650
-7.977032
-7.999998
-4.799144
-7.968007
-7.993218
7.971186
7.983413
-7.978891
-7.969308
7.564588
-7.992150
7.990294
-3.007314
7.995604
-7.919230
-7.986560
7.789733
-7.989420
-7.981488
7.972469
-7.975605
-7.987844
7.991291
7.980830
7.990458
7.957166
-7.989392
7.995207
7.990373
7.989224
7.844176
7.991642
7.985898
-7.994996
-7.986315
7.991943
7.991748
-7.981446
-7.988412
7.985793
7.995288
-7.905001
7.999998
-7.994020
-7.969212
-7.996251
7.958201
7.991297
-7.973112
-7.992384
7.515018
-7.991779
7.995282
7.989459
7.980948
7.983636
7.992586
7.988099
7.992857
7.989915
-7.990797
-7.992868
-7.967394
-7.981090
7.952479
-7.986162
-7.995105
7.971212
7.991249
7.986591
7.993287
-7.980390
7.988219
-6.442660
7.938835
6.190056
-7.989865
-7.992802
-7.989655
7.970328
7.775003
7.989539
3.804987
-7.966246
-7.994885
-7.943264
-7.992424
7.984335
7.947538
-7.988652
7.995729
7.577182
-7.383207
7.914897
7.574481
-7.969055
7.994001
7.992934
4.856767
7.993228
7.995071
7.973661
-7.991820
7.877111
-7.994032
7.994108
7.950810
7.978930
7.873675
-6.228011
-7.934699
-7.973119
7.987757
7.976594
7.992190
-7.994325
7.993624
-7.787128
-7.971600
-7.982767
-7.987039
7.967862
7.979457
-7.990573
-7.975731
-7.991404
7.389893
-7.978505
-1.885198
7.986164
7.990827
7.996227
-7.942376
-7.776041
-7.971515
-7.987970
7.965817
-7.994839
-7.991750
7.988747
-7.995282
7.996556
-7.991882
-7.993920
7.992723
-7.999997
-7.989360
-7.989729
-7.995959
7.982850
-7.992794
7.999998
-7.355738
7.971829
7.988439
-7.990114
-7.013233
-7.988808
7.986519
7.989748
-7.990294
7.990513
7.981816
-7.990514
7.986157
-7.989958
7.986813
-7.997693
7.975334
7.996620
7.991278
7.957907
7.953793
-7.994121
-7.486475
-7.928746
7.950499
7.972069
7.978060
-7.987135
-7.991653
-7.985891
6.372052
-7.985520
-7.993891
7.997875
-7.983724
-7.993624
-7.981028
7.980700
7.994141
-7.978725
-7.907461
-7.988708
-6.569855
7.996101
-7.985707
-7.983761
-7.976958
7.991146
7.903000
-7.981882
-7.989098
5.227589
-7.996496
-7.994019
7.992803
-7.979890
7.980935
7.990759
7.970564
-7.987709
7.989656
7.991164
7.996958
7.987529
7.971131
-7.965145
7.988898
-7.798677
7.987692
7.960040
7.759614
-7.979617
-0.818922
-5.392702
7.997632
7.978077
7.967005
7.921248
7.983645
7.988063
-7.967482
-7.978198
-7.969547
-7.940086
-7.995228
-7.997649
7.952456
7.985029
-7.999998
7.986435
7.992314
-7.974230
7.979683
-7.985433
7.986448
-7.985649
-7.540830
-7.955322
-7.968628
-7.994487
7.981615
-7.987334
-7.975967
7.985430
7.925818
-7.979370
7.995367
-7.951969
7.999998
7.987758
-7.980116
7.973896
7.990492
7.990004
7.995515
-7.984830
-4.953083
7.977487
7.957783
-7.984454
-7.988358
-7.988762
7.983055
-7.984037
-7.967583
-7.993260
7.997261
7.986049
7.953578
-7.693947
7.956414
-7.987545
-7.960681
-7.992845
7.985626
7.997531
-7.981234
7.976950
7.955904
-7.986706
7.979633
7.993088
7.992178
7.995254
-7.983819
7.953859
7.952646
7.990773
7.978465
-7.991526
-7.978294
-7.995523
-7.993529
-7.986745
-7.847205
7.971492
7.924207
7.990294
-7.980153
-7.991773
-7.959609
7.930510
7.981070
7.990663
7.992733
-7.970892
7.949426
-7.991041
-7.979709
7.981431
7.980117
-7.981685
-7.999998
7.719386
-7.997122
7.784963
7.988584
7.999998
-6.278034
-7.994898
7.993848
7.989012
-7.979291
-7.987750
7.990307
-7.989724
-7.980882
7.975248
-7.981373
7.949293
7.971951
-7.973987
-7.993174
7.990643
-7.974293
7.965909
-7.328441
-7.976516
4.194009
7.829231
-7.982406
7.848896
-7.907482
-7.225344
7.999998
7.986957
-7.983135
4.080588
0.081275
-7.973024
-7.981197
-7.992588
-7.992839
2.141756
7.989482
7.987688
-7.991309
-5.970955
-7.995712
-7.918875
-7.987260
-7.992337
-7.903571
4.888592
-7.990973
7.990771
-7.997304
-7.977277
7.976002
7.986147
7.972415
-7.986462
7.989414
-7.977637
7.784731
-7.995738
-7.985893
7.992126
-7.637846
7.980046
-7.995213
7.993859
-7.963513
-7.975819
7.987648
7.897070
-7.965925
7.338595
-7.998094
1.926321
7.978784
7.999858
7.974971
-7.995456
-7.990280
-7.986873
-7.983400
7.932511
7.487349
-7.967381
7.991628
-7.974657
7.989728
-7.987050
7.981275
-7.991264
7.978716
-5.122272
-7.940640
7.993797
-7.987504
-7.969976
-7.982179
7.965718
-7.990210
7.996244
-7.945297
7.991904
-7.964227
-7.992015
7.995032
7.987089
-0.413101
-7.929616
-7.957647
-7.922362
-7.984816
7.988853
7.974091
-7.977025
7.995025
7.985759
7.991727
-7.971152
7.980526
-7.990004
-7.985755
7.997239
-7.966914
-7.986031
7.951993
7.984675
7.979583
7.999998
-7.984617
-7.993842
-7.980368
-7.944411
-7.979081
7.977100
7.991160
7.956221
7.995870
7.992526
-7.990943
7.992366
-2.195365
-7.996217
7.995497
7.990638
-7.974130
7.982726
7.988072
7.993439
-7.981496
7.930484
7.950429
7.979696
7.996232
7.995710
-7.986460
-7.990837
-7.938631
-7.947154
7.992958
7.990355
7.989392
7.988113
7.941983
7.980606
7.973954
-7.993942
7.989017
7.945033
-7.991492
7.985570
7.960711
-7.994235
7.994509
7.984106
-7.984478
7.994412
7.990050
-7.982234
7.985314
7.746208
-7.271962
7.966710
-7.999998
-7.990454
-7.989603
-7.992518
7.992005
7.984206
7.941505
-7.980409
-7.982109
7.992553
-7.948733
7.993181
-7.971333
7.991365
-7.991108
7.982288
7.980354
-7.990712
7.976845
2.560765
7.985451
-7.992768
-7.979216
-7.981020
7.656470
7.970879
-7.984147
-7.850915
7.972150
0.465300
-7.889052
7.980953
7.988456
-7.990803
7.980630
7.988301
7.999998
-7.994393
7.991033
7.977008
-7.983093
-7.991222
7.916656
-7.957517
7.983750
7.988691
-7.992088
-7.796053
7.679466
-7.988494
7.994937
7.983327
7.990633
7.996068
-7.964723
7.996206
-7.996954
7.937307
7.978678
7.971629
7.974922
-7.981720
7.993955
7.987267
7.979224
7.974908
7.980925
7.986871
7.972176
7.952258
-7.999998
7.787640
7.971490
-7.992982
-7.990307
-7.993553
-7.962707
7.992162
-7.773743
-7.962549
-7.876346
7.980618
7.988283
7.986259
-7.960460
-7.989916
7.992967
-7.987485
7.990915
-7.981266
7.993864
7.980543
-7.995714
-7.971966
-7.980230
7.462942
-7.956413
-7.980973
-7.992707
7.982587
6.824309
7.978857
7.971847
-7.943301
7.983012
7.993789
-7.792410
7.999998
7.985600
7.993516
-7.980793
7.978783
-7.992798
-7.978062
7.986467
7.995695
-7.992807
-7.981764
7.986316
7.986192
-7.990543
7.985365
-7.976767
-7.987168
7.996861
7.978023
7.985953
-7.982996
-7.939799
-7.986337
7.985758
7.976152
-7.999998
-7.953012
7.977874
-7.979545
-7.957777
-1.655515
-7.991534
-7.986888
7.992497
7.993876
7.991245
-7.989265
-7.987059
7.982791
7.978884
7.995410
-7.923285
-7.981443
-7.968795
7.980355
7.995281
7.995919
7.959220
-7.991231
7.979607
7.993502
-7.974017
-7.994559
7.992492
7.977482
-7.995808
-7.992535
-7.971935
-7.989623
7.986890
7.989472
7.994807
-7.930013
7.989968
-7.986659
1.545715
7.981209
7.986892
-7.989483
-7.987566
7.983832
-7.980768
6.958626
7.956197
7.991526
7.987374
4.936096
7.993266
7.991492
-7.991266
7.991043
-7.978617
7.866631
7.988849
-7.989286
5.277513
-7.987903
7.978771
7.991208
-7.978658
-7.990324
7.215736
7.993044
7.973399
7.992541
7.933052
7.996637
7.989157
-7.961893
7.988810
-7.989896
7.971543
7.983649
7.972887
7.990284
-7.993852
-7.990664
7.992072
-7.796556
-7.977885
-7.999982
-7.990452
7.983837
-7.970204
-7.989613
-7.986159
-7.993210
-7.979807
-7.897127
7.987443
7.905888
-7.981079
7.889369
7.985322
7.978601
-7.975641
7.987679
7.986451
7.557097
7.990294
7.974323
7.987720
7.988601
-2.074062
-7.967492
7.977476
-7.997497
-7.984315
7.988476
-5.342306
-7.782471
-3.441434
7.990047
7.991163
7.985626
7.984835
7.988275
7.990615
7.989945
-7.960522
-7.995616
7.989822
-7.991720
-7.991758
-7.675935
7.988572
7.994554
7.977404
7.984839
7.994400
-7.999998
7.975946
7.994266
-7.992044
7.981340
7.995208
7.989962
-7.983725
-7.988026
-6.354091
-7.985083
7.991359
7.982354
7.982551
-7.612590
-7.984686
-7.995234
-7.989606
7.980203
-7.873224
-7.981117
-7.991185
-6.977517
-7.912144
-7.977367
7.997624
7.966249
-7.873537
7.996067
-7.981077
7.944261
-7.988790
7.985180
7.975093
7.927456
-7.982208
7.992832
-7.480208
7.970966
7.986714
7.994918
7.313085
7.988886
7.979665
-7.992007
7.994241
7.984088
-7.997348
-7.993308
-7.987772
-7.969854
6.671047
7.978898
-7.993088
-7.962083
7.993361
-7.653554
7.990940
-7.969576
7.991433
7.983035
7.964270
7.965738
-7.979886
-7.990761
-7.999998
7.991728
7.987996
7.989366
7.982149
7.992811
7.839233
7.994906
-7.967305
-7.986789
7.996631
7.985622
-7.982535
-7.979463
-7.991698
-7.976227
7.927882
-7.985056
-7.978178
-7.968467
7.931761
-7.991826
7.979252
-7.979426
7.846924
7.958456
-7.959580
7.977059
-7.916769
-7.983611
7.985991
7.989922
-7.996332
7.958674
-7.999998
-7.990336
7.994461
7.986311
-7.892673
-7.982239
-7.989897
7.958098
-7.990488
7.992164
-7.978153
-7.982753
7.999998
-7.987805
-7.969131
-7.975812
7.990675
7.995233
-7.989005
7.983826
7.562835
-7.921039
7.690678
7.965749
-7.981238
7.987232
7.985865
7.987534
7.968718
7.993821
-7.988338
7.988101
-7.602318
-7.963131
-7.930251
7.975541
7.955072
7.953649
-5.316877
7.983079
-7.926711
-7.916396
7.987512
-7.986986
7.988127
-7.999998
7.993168
7.978966
7.969194
-7.991375
7.990849
-7.985293
7.977531
7.971675
7.989148
-7.078440
-7.897287
7.975461
7.952706
-7.984232
-6.375450
-7.993926
7.980636
-7.922537
-7.988859
-6.216552
-7.982705
-7.955135
7.980046
-6.626704
-7.997369
7.984645
7.994745
-7.995214
7.994643
-7.982734
-7.987225
7.984015
-7.985792
-7.982530
-7.982135
7.984132
-7.952729
-7.988365
-7.976078
-7.939422
-7.985736
6.224292
7.990797
7.989556
7.987553
-7.973441
7.990606
-7.925987
-7.961987
7.990787
7.971810
7.984295
-7.989974
7.972386
7.988200
-7.992447
7.973504
-7.882979
-7.972942
7.975965
-7.993503
7.972852
-7.981991
-7.970465
7.961999
-7.551543
7.989083
7.980004
7.991761
7.994427
-7.989266
7.992280
7.992685
7.991490
7.948898
7.955786
-7.980753
-7.991377
-7.988328
7.956168
7.984630
7.989244
7.991817
7.984045
-7.903707
-7.990230
7.991701
7.975361
7.983662
-7.991515
7.954056
-7.970052
7.984852
7.988241
7.990746
7.992159
7.988969
-7.987726
-7.988932
7.979073
-7.987673
-7.987206
7.061955
5.619186
7.956786
-7.983885
-7.989647
7.990384
-7.991044
7.989956
7.991791
-7.973313
7.993093
7.985599
-7.993906
-7.900079
-7.996499
-7.994660
7.986067
7.999998
7.982262
7.989685
7.979528
-7.995196
7.926793
7.981460
-7.988214
7.991946
-7.999998
7.857453
7.988039
1.423682
-7.984016
6.868072
-7.980170
7.990300
-7.974559
7.996166
-7.980573
-7.983119
-7.959346
7.971709
-7.895793
-7.985182
-7.895345
7.991604
7.957850
7.991055
7.983216
7.986324
7.985104
-7.279672
7.993679
7.946401
-7.985963
7.829025
7.434602
-7.950685
6.820217
7.999998
6.475753
-7.991063
-7.990300
7.989982
7.870661
7.999998
7.968107
7.984375
-7.971415
7.976815
-7.990854
7.988202
-2.812303
-7.994874
-7.992225
-7.947662
7.999998
0.682988
7.991620
-7.931896
-7.938349
-7.999998
7.991049
7.981936
7.984808
7.999998
-7.967743
-7.919200
-7.988263
7.970984
7.990836
-7.995771
-7.976931
7.842176
-7.973211
7.979748
-7.990983
7.992004
-7.967360
-7.991932
-7.991542
-7.995898
7.947883
7.991435
7.989595
7.986934
-7.992669
-7.990195
7.993715
-7.996651
7.988179
-7.991638
7.987138
-7.921411
7.992110
-7.988704
-7.959545
7.993373
-7.986131
7.994104
7.762308
-7.997323
-7.995367
-7.992588
7.992324
-7.971796
7.950526
7.993238
-7.990307
6.771499
7.984856
-7.983860
7.980318
-7.983822
-7.969749
7.983520
-7.973383
-7.993271
-7.986475
7.982028
-7.992578
7.854918
7.950318
-7.988570
-7.993602
-7.959850
7.837852
7.579026
-7.944005
7.711866
-7.991748
-7.989324
-7.995286
7.980993
3.971746
7.991855
7.983186
7.986663
7.927819
-7.991816
-7.983018
7.995173
-7.990739
7.979817
7.988847
7.985241
-7.918448
7.991701
-7.697317
7.984846
7.982145
-7.991042
-7.993663
7.960544
-7.986802
-7.988887
-7.982542
-7.964141
-7.989981
7.990501
-7.948097
-7.987227
7.988946
-7.987485
0.917905
7.652598
7.987623
7.987328
-7.969947
7.992700
-7.989480
-7.983704
7.987415
-7.937057
7.981170
7.983442
7.982741
7.912897
7.996918
-7.990856
-7.988183
7.987761
-7.985039
-7.990985
-7.993697
7.994332
7.850291
7.991948
-7.988933
6.558503
-7.900956
-7.989791
-7.848877
7.991087
7.981958
-7.559462
-7.995059
-7.980100
7.989413
7.959702
-7.994939
7.991623
-7.997124
7.798349
-7.988208
7.967062
-7.994907
-7.971184
-7.986726
-7.989308
-7.984250
-7.986315
-5.435836
7.959825
7.990806
-7.982631
7.988567
-7.990602
-7.989804
6.124354
-7.958131
-7.971677
-7.973444
-7.987287
-7.983881
7.970113
-7.964539
-7.914858
7.991943
7.965992
7.881720
7.984928
7.987173
-7.967862
7.980052
-7.567565
7.993922
7.981487
-7.999998
-7.994621
-7.974742
6.835172
-7.971273
7.991209
7.994160
7.984067
-7.971156
7.977713
7.981731
-7.845000
7.990680
-7.974435
7.987828
-7.983780
7.976893
7.974680
7.978874
-7.960184
7.994165
7.982138
-7.986436
-7.775393
7.986762
7.979900
7.920736
-7.984843
7.971417
-1.259476
2.243390
7.982678
7.988125
-7.990264
-7.721353
7.954402
7.974906
7.984619
-7.996072
7.989190
7.980494
-7.691052
-7.989794
-7.955183
7.993594
-7.989807
7.186358
7.985077
-7.984580
-7.837215
7.861004
7.992723
7.963329
7.920588
7.482051
-7.989992
-7.984029
-7.980761
7.896488
7.983021
-7.990275
-7.469210
-7.883735
7.974942
-7.986360
7.987727
-7.863116
-7.159409
7.989409
-7.991981
7.992182
7.943920
-7.994234
7.988312
-7.995428
7.993019
-7.880502
7.881827
-7.982519
7.983008
7.992025
7.991914
7.979979
7.957412
-7.984628
-7.995569
7.967797
-7.854402
-7.978368
7.991605
7.943076
7.985630
5.195296
7.994346
-7.952116
-7.985992
-7.989303
-7.983950
-7.502438
7.982785
-7.999995
-7.972859
-7.990234
7.751013
-7.978774
-7.992100
-7.984714
-7.982248
7.995720
7.954020
7.984845
-7.993071
-7.973177
-7.989337
-7.619965
7.991075
-7.838129
-7.987146
7.989044
-7.970859
-7.834776
-7.993382
-7.964587
7.977957
7.997377
7.993190
-6.512018
-7.976587
7.999998
7.999998
-7.796627
7.972476
7.990607
-7.992970
7.993826
-6.450332
7.989629
7.989972
7.996861
-7.992240
7.993737
7.977821
-7.989116
7.988411
-7.994782
7.988412
7.983702
7.984057
-7.965020
-7.988524
-7.949570
7.714911
-7.991048
-7.980679
-7.994660
-7.987314
-7.993353
7.999998
-7.991290
-7.988004
7.940212
7.979552
7.952845
-7.965681
-7.988656
-7.987361
7.986820
7.943632
-7.988975
7.912877
-7.980126
7.991336
-7.979306
7.986554
7.992304
-7.986395
7.978138
-7.990924
7.992503
7.988767
7.992382
-7.985790
-7.993201
-7.992922
7.993019
7.989079
0.404259
7.979172
-7.987089
-7.993039
-7.992658
7.999998
7.988619
7.981104
7.987951
7.994105
7.882595
7.990845
-7.983429
7.999998
-7.860295
-7.970401
-7.941406
7.977839
4.579492
7.971631
-7.989514
-7.973256
-7.990459
6.066517
7.981187
7.987882
7.986100
-7.984499
7.988634
-7.983021
-7.981223
-7.977508
-7.992985
-5.455045
-7.869205
7.991030
-7.983426
-7.992236
7.942654
7.983374
7.992470
7.986140
-7.988128
7.995298
-7.987965
-7.999997
-7.994275
-7.990240
-4.811707
-7.992998
7.981542
-7.340236
7.999990
-7.995345
3.426905
7.988420
7.778756
-7.967752
7.985888
-7.986826
7.993928
7.921875
-7.987885
-7.967628
7.989525
7.983893
7.973782
7.992239
-7.993359
-7.987863
7.984435
7.978572
7.979726
-7.975445
-7.991965
2.416312
-7.981833
-7.994265
-7.993940
7.974863
7.981244
7.985038
-7.979230
-7.991654
7.970105
-7.984161
-7.956923
7.992448
-7.995797
7.984130
-7.920418
7.980257
-7.971113
7.995615
-7.961728
-7.920507
-7.988570
7.980892
-7.901378
-7.966133
-7.983507
7.991555
7.996220
7.957901
7.993932
-4.271936
7.987708
-7.995809
7.986537
7.984213
-7.975938
-7.989209
7.965414
-7.752891
-7.991647
7.974630
-7.988714
-7.790006
7.984784
7.995454
7.955766
7.979264
7.994548
7.992475
7.965677
7.985733
7.980185
-7.984705
-7.985332
-7.988580
-7.984748
-7.993099
-7.997451
-7.996019
7.992290
7.994706
7.992622
-7.982606
7.993166
7.993013
7.989124
-7.950190
-7.996810
7.999998
7.920489
-7.969967
-7.993071
7.968606
7.991742
7.994790
-7.947799
7.987165
7.992141
7.995228
7.990690
7.979003
-7.992773
7.988212
7.983266
-7.918652
7.982656
7.972923
7.989788
-7.994998
-7.985745
-7.984162
-7.981629
-7.304803
7.992780
7.968007
7.996451
-7.989414
7.974801
7.872401
7.980919
7.991714
-7.942362
-7.982943
-7.993416
-7.980477
-7.986381
7.983371
-7.981913
-7.859133
-7.994749
7.995697
5.636833
-7.987219
-7.310772
7.986267
-6.838957
-7.975142
-7.971299
-7.981717
7.987736
-7.984501
7.965382
7.209981
-7.940453
-7.939162
7.992528
-7.983316
7.987001
7.994495
-7.987583
7.991027
7.976696
7.972667
7.989159
7.986269
-7.988361
-7.976921
7.941505
7.979850
-7.996830
-7.979188
-7.989977
7.985623
7.990526
7.975587
-7.972213
7.953703
-7.777030
-7.980050
7.975412
-7.991516
7.988923
7.989776
-7.976627
7.977763
-7.984136
-7.893148
7.983371
7.993708
-7.990003
-5.930037
-7.996350
7.931852
-7.992987
7.988556
7.980014
7.971599
-7.986374
7.988044
-7.992907
7.724413
-7.940385
-7.999998
7.961897
7.988692
-7.859438
-7.992559
-7.990823
7.972146
-7.749826
-7.974832
7.952987
7.997481
-7.991262
7.950210
-7.992466
7.989109
7.990405
7.768125
7.992473
-7.966776
-7.988250
7.790145
-7.996750
7.991703
7.947769
7.990064
-7.986799
-7.989120
-7.993652
-4.635508
7.869252
7.964401
-7.955578
7.992939
-7.967829
-7.910347
7.996431
-7.985348
7.916655
-7.985628
7.988713
7.987461
7.988745
7.986496
7.993192
-7.989427
-7.981724
7.988506
7.988476
7.992498
7.994438
-5.801317
-7.987700
-7.960382
7.986489
-7.985373
-7.991698
7.908476
7.982944
-7.986031
-7.954897
7.958064
-7.987355
7.991052
4.476124
-4.479934
7.949065
7.984316
2.791018
-7.990039
-7.975533
-7.989427
7.931708
-7.978221
0.000000
7.997243
-7.982866
7.991103
-7.995366
7.995342
7.943781
7.982029
-7.989235
7.805341
-7.986974
-7.616724
7.963724
-7.855119
-7.981136
-7.986525
7.989315
-7.963981
-7.805776
-7.976729
-7.688535
7.948171
7.970781
7.988335
7.992106
-7.981032
7.987834
-7.608073
-7.987252
-7.967679
-7.992898
7.973814
7.988819
7.989572
7.981618
-7.980433
-3.403821
-7.980030
7.918163
7.987596
7.991523
7.999998
-7.988332
-7.993788
7.991401
-7.901238
7.991310
7.986235
-7.992056
7.983765
-7.992965
-7.992429
-4.564945
7.992865
7.958882
7.990410
7.990025
-7.692770
6.036664
-7.964794
7.996367
7.985558
-7.988610
-7.524084
-7.916285
7.961816
-6.792384
7.942173
7.993683
-7.990841
-7.949035
-5.615461
7.965947
7.976744
1.212962
7.991573
7.976213
-7.988500
6.854402
-7.979510
-7.968646
-7.825828
7.958065
-7.986268
-7.963396
-7.983342
7.981700
-7.969348
7.989475
7.983350
7.729254
7.974412
7.979850
7.997128
7.988923
7.954982
7.986360
7.990081
-7.989852
-7.999998
7.995996
-7.994620
7.988463
7.987155
-7.995575
-7.946926
-7.990398
7.218143
-7.992784
-7.997105
-7.993091
-7.986356
7.984444
7.523223
7.992471
-7.984910
-7.981316
-7.992363
-7.939185
7.980325
-7.991614
-7.994304
7.992073
7.982037
-7.922619
-7.988534
7.990306
7.992068
-7.993107
-7.981339
-7.973191
-7.977926
7.995311
-7.989065
-7.989627
7.988476
-7.994269
7.996678
-7.994967
-7.995831
7.991193
7.991661
-7.990145
7.811951
7.985987
-7.990631
-7.987950
7.990248
7.983287
7.936108
-7.912428
7.993078
-7.910273
7.993299
-7.811961
7.992455
-7.988393
-7.988070
7.993999
7.995609
-7.983602
-7.984868
-7.987769
7.991707
7.988132
-7.996650
-7.989121
7.977104
7.983778
-7.988498
-7.991970
-7.986864
-7.994809
7.984493
7.985611
-7.982471
-7.992035
7.993780
-7.991932
7.991659
7.999998
7.993632
-7.988820
-7.093592
-7.975150
5.994236
-7.228305
-7.997349
-7.977128
7.984751
7.988601
7.969833
7.944732
7.991337
-7.991115
7.967875
7.987676
7.992329
-7.986724
7.993035
7.973678
-7.987674
-7.984513
-7.818976
-7.989381
7.986641
7.988817
-6.718912
7.992534
7.899118
-7.340795
-7.977677
7.848672
7.958249
7.987512
-7.989515
7.981706
7.989675
-7.991847
7.992479
7.994820
7.984036
-7.990158
7.947156
-7.991039
7.996609
-7.991801
-7.996668
-7.983141
7.994953
-7.987864
7.994975
-7.974923
7.992267
7.994457
-7.979864
-7.953845
7.989454
7.979309
7.984928
-7.982443
-7.989049
7.992875
7.987278
-1.916251
-7.988171
7.988234
-7.981794
-7.993242
-7.993033
-7.999998
7.990559
-7.982877
7.990784
7.810209
-7.999998
7.993344
-7.991511
-7.975242
7.995704
-7.981755
-7.973901
-7.975181
7.990756
-7.987502
-7.991575
7.991490
7.987870
-7.985738
7.968069
7.976581
-1.751617
-7.992726
-7.982699
-7.999998
-7.947226
7.982034
7.990306
-7.991827
-7.945695
7.986750
-7.977666
7.985775
7.992354
7.991697
-7.995065
7.989806
-5.978366
-7.982109
-7.980332
7.983737
7.823526
7.991779
7.983768
4.557443
-7.994042
-7.549375
7.989381
-7.987424
7.939877
-7.982900
7.964958
-7.964191
7.988114
7.464086
-7.995436
7.592743
-7.991810
7.994441
-6.187614
-7.993092
7.988523
7.972505
7.978524
7.989432
7.988002
7.987273
7.990480
-7.991888
-6.567284
-7.990861
-5.873397
-7.994136
7.999998
-7.992538
7.990133
7.989044
7.888177
7.990164
7.962962
7.990033
7.497425
-7.987459
7.923192
7.989882
-7.989012
-7.996654
7.991781
7.993427
7.993792
-7.990039
7.984529
7.987493
-7.993998
-7.941384
-7.971893
7.992834
-7.988166
7.970432
-7.964055
-7.682500
7.990852
7.302965
-7.761130
-7.987298
7.980234
7.984570
-7.989374
-7.990780
-7.996370
-7.981839
7.980354
7.985345
7.960676
-7.990707
-7.987089
7.960015
-7.997188
-7.824246
7.969814
7.613996
7.979062
-7.886642
-7.988264
-7.999541
7.997031
7.992051
7.996976
7.986017
7.866205
-7.982781
-7.891187
-7.984211
-7.977536
-7.987866
-7.975636
7.984236
-7.995884
7.992274
7.992001
7.994897
7.993452
7.622875
-7.982117
-7.981867
7.985314
-7.989602
7.984760
-5.071404
-7.985792
-7.994625
7.987064
7.987757
7.989832
-7.976538
7.989959
-7.869383
7.820391
7.989833
-7.960128
-6.008568
7.992447
7.949725
2.728178
7.481191
-7.961906
7.956148
-7.994416
-7.984537
6.293532
7.996705
7.984801
7.993974
7.994294
7.982457
7.893824
-7.995298
7.979541
7.981788
-7.989579
-7.977149
-7.994176
-7.994438
7.007241
-7.947682
-7.979406
-7.978497
-7.949718
-7.991566
7.974024
7.989980
7.954750
7.538303
7.922462
-7.942352
7.984512
7.989295
2.246148
-7.976073
-6.964997
7.988011
-7.962657
7.988161
7.965355
1.353186
7.990968
7.945435
-7.986951
7.983513
7.904074
7.971637
7.545950
7.979609
-7.995693
-7.987245
7.344637
7.846656
-7.987348
7.996023
-7.987913
7.996903
-7.993089
7.952378
-7.996810
-7.965697
7.989966
-7.985350
7.986866
7.990100
-7.989985
7.996283
-7.995402
-7.999998
7.985966
-7.913825
-7.979231
7.916285
-7.981394
7.965371
-7.989316
7.990747
7.989942
7.986269
-7.987891
7.993241
6.405979
-7.724624
7.999998
7.989351
-7.994934
7.991477
7.949511
-7.986039
7.106289
7.972173
-7.993119
7.980293
7.992429
7.969982
-7.972195
4.176040
7.935590
7.995420
-7.997260
7.988251
-7.991711
7.994028
7.976745
7.980588
-7.979996
7.978975
-7.987049
-7.996382
7.992724
-7.986671
-6.999968
-5.796531
-7.994142
7.988598
7.970363
7.991095
7.983166
7.988018
-7.980314
7.956100
7.994344
7.993183
-7.978118
7.952645
-7.982971
-7.991956
-7.977053
7.985399
-7.986276
7.993449
-7.983766
-7.175622
7.940803
-7.999998
-7.984861
-7.982022
7.985264
-7.978663
0.318999
1.635504
7.974769
7.988511
-7.978253
-7.982815
7.980843
7.990728
-7.990814
-7.978837
7.986719
-7.987548
7.977036
7.965637
7.996107
7.983793
7.992714
-7.992490
7.989609
-7.972660
-7.970062
-7.993958
-7.993657
7.992496
7.523862
7.994066
-7.983645
7.955075
7.938371
7.988690
7.997036
7.309245
6.215746
-7.985602
7.988740
-7.978368
-7.983610
7.886841
7.930175
7.886773
-7.984849
-7.983358
-7.995592
7.989616
7.936114
7.181335
7.937784
7.981251
-7.985596
7.989007
7.985885
7.986127
-5.184200
7.997851
7.967353
-7.977183
-7.995698
-7.975346
7.987714
7.802917
-7.977985
-7.991590
-7.978436
7.988996
7.965483
7.986530
-7.970911
7.994012
-7.972288
7.992320
7.994312
7.990015
-6.087764
-7.994130
-7.993358
7.971380
7.908171
7.515923
-7.983944
7.990559
-7.993416
-7.976186
-7.949419
-7.937333
7.994553
-2.186865
7.968318
-7.989364
7.988264
7.976304
-7.942704
-7.982675
7.985853
-7.971239
7.995514
-7.984422
7.981688
7.996997
-7.970201
7.986527
-7.978876
7.991643
-7.983756
7.980699
-7.986538
-7.990111
-7.988166
-7.983159
-7.979749
7.921375
7.989784
-2.526798
-7.992644
1.227011
-7.996178
-7.207269
-7.985718
7.985314
-7.995950
-4.673128
7.989965
7.984563
7.996736
-7.965475
7.989028
7.988850
-7.984023
7.713972
7.979932
7.906027
-7.979625
7.342655
-7.987756
-7.989629
7.985193
-7.957563
7.830543
3.119174
-7.999998
7.984046
7.989412
7.983032
-7.985952
-7.990953
-7.936086
7.991684
7.984768
7.987479
-7.874026
7.964602
7.941762
7.994453
-7.934862
7.817803
7.781545
-7.975341
-7.990319
0.597508
7.987344
7.992815
-7.978881
-7.976206
7.973299
7.992058
-7.329118
7.992464
7.994227
-7.988309
7.984801
-7.992601
7.982212
-7.978767
-7.963505
7.989478
7.986202
7.995480
7.977327
-7.979909
7.983588
-7.988458
-7.977134
7.999998
7.991373
7.832811
7.992830
-7.987722
-7.987644
-7.987268
7.990944
-7.756165
7.981451
-7.989737
-7.810887
-7.991642
-7.981646
7.843123
-7.744776
-7.994961
-1.052134
-7.981860
-6.313593
7.995025
-7.805618
7.999998
-7.983783
-7.959241
-7.986148
7.929750
7.816390
-7.990213
7.990906
-7.999998
-2.420145
-7.972793
5.407699
-7.981041
7.986723
-7.974635
-7.993144
-7.958596
7.991032
7.999998
-7.989043
7.968257
-7.991828
-5.051235
7.993531
-7.978243
-7.977475
-7.991487
6.768394
-7.987680
-7.989676
-7.991811
-7.994457
-1.749124
7.977934
7.982150
-7.988470
-7.973867
7.987452
7.951777
-7.738072
7.925787
-7.979247
7.944488
7.902532
-7.993877
7.858566
7.971792
-7.867274
7.986831
7.996745
7.990273
-7.984358
-7.976900
7.536460
-7.964375
7.978031
7.992174
-7.983073
7.980595
-7.970197
-7.986624
-7.951865
7.978697
-7.986282
7.992502
4.824886
7.990027
-7.947645
-7.992927
7.977287
-7.983124
-7.635214
7.992043
-7.990843
7.994324
7.988722
7.980432
7.987478
7.978444
-7.992833
7.934205
-7.984231
7.990206
-7.990833
-7.985101
-7.989831
-7.974273
-7.965370
-7.974322
7.986427
-7.988713
7.976016
7.988003
7.989459
7.987281
7.978333
7.985538
-7.976407
7.811093
3.656247
7.990274
-7.965929
-7.995663
-7.986333
-7.949080
-7.986722
-6.873504
-7.537441
7.979464
-7.999998
7.994091
7.990591
7.982929
7.307040
7.988589
7.979028
7.983757
7.991861
7.922430
-7.993907
-7.990932
7.976902
-7.994586
7.985093
-7.912719
-7.974551
-7.990856
7.989498
-7.988347
7.994963
7.975241
7.884398
7.996010
-7.984206
7.999998
-7.978719
-7.990522
7.991652
-7.979558
7.994811
-7.957675
7.999998
-7.982761
7.990921
-7.987516
7.952061
-7.975143
7.974056
-4.037949
-7.985126
7.992369
7.994516
-7.990193
-7.938655
-7.992613
7.989089
-7.999998
7.808162
7.993330
7.988941
-7.982869
7.947124
7.985098
-7.891387
7.989469
7.987123
-7.986632
-7.984669
7.987106
7.994933
7.954198
7.989722
7.940000
7.984455
7.967877
-7.991985
-7.982434
-7.994264
7.992301
7.725268
7.991720
7.988805
7.994798
-7.994549
7.981045
7.994532
7.912943
-7.993705
7.806769
-7.861249
-7.996755
-7.994902
7.991356
7.984715
7.727822
-7.992244
-7.965795
7.992443
7.953504
-7.982784
7.997223
-7.999998
7.980297
-7.983451
-7.991022
7.989474
7.980435
-7.976966
-7.986245
7.975653
7.980698
7.984949
-7.985004
7.987085
7.973831
-7.977547
-7.992810
7.986508
-7.993372
7.980783
7.988266
7.992428
7.992803
7.999706
7.990636
-7.991202
-7.992393
-7.952428
-7.971858
-7.926886
7.984610
7.961600
7.987651
7.984854
7.995410
7.908559
-7.984777
-7.988744
7.993269
-7.987327
-7.768231
7.963582
-7.986047
-7.984415
-7.999981
-7.988422
7.974069
7.988625
7.986276
7.415310
-7.995726
-7.991654
-7.974502
7.987520
7.987882
-7.987008
-7.588328
7.991934
-7.987683
7.992375
7.982491
7.985929
7.988190
-7.990885
-7.927182
7.992733
-7.993457
-7.831555
7.988718
-7.989885
7.299768
-7.990334
7.988935
-7.949272
7.990079
-7.999972
-7.896850
6.995872
-7.979920
3.552409
-7.988495
-7.973315
7.992138
7.506357
-7.912419
-7.993979
-7.985462
7.985155
-7.987992
7.983633
-7.988164
-7.999971
-7.996209
-7.972787
7.972590
-7.986266
7.982617
-7.994574
-7.932117
-7.980364
7.983568
7.977766
-7.960439
-7.992006
7.981816
-7.987192
7.986649
7.994704
7.995817
7.970694
-7.976372
7.987668
-7.989841
7.993263
7.985619
7.964159
-7.986257
-7.992534
-7.982417
-7.883791
-7.977855
7.414664
7.985130
7.991035
7.980797
4.528745
7.968252
-7.983973
-7.986280
7.988631
-6.670731
-5.785182
-7.978804
-7.989926
7.970605
7.982710
-7.930803
7.995067
-7.988262
7.987032
7.977423
-7.992817
-7.963596
7.989018
7.979879
-7.986050
-2.265828
-3.525398
-7.994366
7.929642
7.996828
7.984861
7.945946
7.996389
7.996071
-7.990731
7.993178
7.980144
7.978236
-7.994337
-7.974272
6.728122
7.997062
-7.987587
-7.934318
7.984617
7.991133
-7.993525
7.986982
7.982186
-7.987263
7.985625
-7.979893
7.992515
-7.982854
7.989086
-7.991378
7.986535
-7.978971
7.990560
-4.527053
-0.389674
7.970632
7.988635
-7.972210
-7.977400
-7.993458
-7.985322
7.759462
7.993572
7.992244
-7.975586
7.999899
7.985093
-7.985124
7.944150
-7.971220
-7.980140
-7.991439
7.617436
7.989702
7.989921
7.986186
-7.975336
7.862428
-7.936383
-7.993625
7.984613
-7.976840
7.905885
-7.990578
-7.996590
-7.978756
-7.973925
-7.986411
-7.986288
7.994161
7.988973
7.991238
7.986030
-7.989274
-7.982801
7.992337
-7.993539
7.982221
7.968858
-7.996604
7.967344
-7.993293
7.944458
7.983568
7.992297
7.996330
-5.055390
-7.986224
-2.180535
7.803522
7.988981
7.993853
-7.989086
-7.981575
7.976076
-7.975022
7.989533
-7.985246
7.968693
7.987715
-7.999998
7.987161
-7.954518
7.959762
7.842275
7.980599
-7.994683
7.894611
7.990992
7.993133
7.976747
7.990360
7.993028
-7.974666
-7.480813
7.987372
7.994720
7.987673
-7.977956
7.986191
7.980809
4.656488
7.982887
7.987309
7.982584
7.991705
-7.996437
7.985961
-7.981231
7.987345
7.836973
-7.989290
-7.989360
-7.706936
7.934292
-7.985331
7.992381
-7.982571
7.996079
-7.991191
-7.990008
-7.952510
7.734686
-7.987424
-7.973968
7.985712
7.949384
-7.980641
-7.991665
-7.983940
5.547076
7.961454
-7.992506
7.984581
7.742523
-7.989748
7.980958
7.942158
-7.985665
-7.995005
-7.987192
-7.979902
7.991800
7.983096
-7.989268
-7.971710
-7.821399
-7.958254
-7.978885
-7.994922
-7.981909
-7.978513
7.988069
-7.991488
7.984496
-7.984093
-7.934780
7.988791
-7.992734
-7.990261
-7.990389
7.989307
-2.436896
-7.946971
-7.979152
7.989031
7.988020
-7.987309
7.999998
7.878225
7.994693
-7.985304
7.993308
7.924240
-6.148225
-7.995817
7.958078
-7.982225
-7.986039
7.999998
7.987605
-7.982427
7.987667
-7.988774
7.996607
7.985980
-7.976978
-7.987825
-7.984522
7.997212
-7.990647
7.991746
7.993334
-7.987076
7.959807
-7.875332
7.986811
-7.985679
7.975736
6.128530
-7.985883
7.992993
7.993826
-7.945607
-6.114505
-7.993800
-7.980507
7.964690
-7.984815
-7.984084
-7.985321
-7.985813
7.976598
7.966340
7.994576
7.988715
7.969034
-7.975450
7.994051
7.990217
2.319615
-7.979013
-7.965806
-7.989647
-7.991269
-7.024317
-7.999998
7.943472
-7.631397
-7.978482
-7.960542
7.988067
-7.994219
-7.985375
-7.989500
-7.987155
-7.983796
-7.773089
-7.956462
7.943288
7.984864
-7.983561
-7.967221
7.992472
7.983849
7.999998
7.809403
7.991899
-7.984391
7.994033
-7.982244
7.988707
7.977775
-7.994610
-7.993551
-7.991632
-7.995785
-7.986198
6.873754
-7.984482
-7.982799
-7.990475
7.963040
-7.802017
-7.985398
7.995313
-7.967381
7.943043
-7.990072
-7.990733
7.990062
-7.937883
-7.993464
-7.987261
7.900858
-7.992318
-6.961555
7.984177
-7.976340
7.995765
7.983712
-7.983931
7.974162
7.991610
-7.957541
7.994874
-7.972153
7.982501
-7.918869
7.979349
-7.961768
7.990625
7.985345
-7.982896
7.993359
7.970620
7.995495
-7.983647
-7.988161
7.999998
7.983714
7.992496
7.771598
7.986051
7.990374
-7.982069
7.977003
7.994952
-7.993778
-7.993916
7.989810
7.992136
7.986496
-5.506002
-4.796783
7.973666
7.995902
7.999998
7.996547
7.993762
-7.996919
7.984411
-7.995540
7.992192
7.999933
7.975962
7.978859
-7.991625
7.262310
-7.999998
7.984264
7.986862
7.991864
-7.983741
7.991727
-7.987888
7.861693
-7.993629
-7.987787
-7.991172
-7.990851
7.996187
7.990600
7.985439
7.988898
7.980347
7.965007
7.987663
7.308964
-7.990101
7.995465
-7.990338
7.983619
7.987491
7.991503
7.994556
7.993580
7.870901
-7.966109
7.987365
-7.989293
7.987811
7.988940
7.982874
-7.984099
7.991035
7.970691
-7.987365
7.994601
7.958131
-7.988853
7.977940
7.989047
-7.993912
-7.995812
7.990723
7.988934
-7.976182
-7.989711
-7.995888
7.988299
7.961074
7.987452
-7.989320
7.865509
7.992795
-7.982010
7.990498
-7.985265
-7.971024
7.981179
-7.994043
7.913231
-7.870340
2.181802
7.990552
7.987496
-7.981146
7.991200
-7.986689
7.987371
7.994597
7.728637
7.971914
-7.977380
7.841143
-7.992929
-7.993719
7.988172
7.915387
-7.851071
7.235477
-1.166590
-7.977057
-7.985395
7.990585
7.987191
-7.975246
7.993765
-6.882584
7.489882
-7.988204
-7.988488
-7.979012
7.942554
-7.974921
7.964614
-1.050039
-7.986366
7.985487
-6.795163
-4.942947
-7.976567
-7.989163
7.977317
7.988772
7.995222
7.993455
7.992823
-7.996338
7.991761
-7.992319
-7.974939
-7.986429
-7.991477
-7.948504
-7.983593
7.987094
7.913068
7.961630
-7.991668
-7.993505
-7.832244
7.976930
-7.976328
-7.945945
-7.976351
-6.087942
7.988765
7.990793
-7.986608
7.982684
7.972749
-7.944079
7.986914
-7.996174
7.999998
7.989169
7.990437
7.991392
7.968302
7.996228
-7.989408
-7.990892
-7.980390
-7.999998
-7.947625
7.997135
7.950097
-7.962516
7.997512
-7.995301
-7.981002
7.964023
7.994459
7.995898
-7.953200
-7.991201
-7.983834
-7.993012
-7.919973
-7.985641
7.828998
-5.759625
-7.980185
-7.987091
7.928130
-7.994691
7.984151
-7.987354
-7.935238
-7.976830
7.969147
7.981652
7.984395
-7.984274
7.994154
7.675095
7.992613
-7.828389
7.984999
-7.983339
-7.933522
-7.991946
-7.986710
7.976664
-7.986788
7.987408
7.981876
7.816175
7.992858
-7.981475
-3.503044
-7.988249
7.967351
6.306582
-7.961282
-7.984666
-7.927476
7.992928
7.996040
7.991262
7.977559
-7.988740
-7.993133
7.988967
7.988932
-7.993065
6.977623
7.988506
-7.992498
7.949505
7.979374
-7.969334
7.932941
7.987815
-7.997850
-7.977799
7.941577
-7.955216
7.985996
7.999998
7.790082
-7.968605
-7.986850
7.989601
7.992385
-7.967869
-7.989879
7.996733
7.856605
-7.990380
-5.040239
7.983251
7.828904
-7.972220
-7.791248
7.995207
7.995168
-7.993743
7.989715
-7.989755
7.982991
-7.993586
7.999998
-4.322010
-7.985461
-7.986588
7.994552
7.987577
-7.976375
-7.999998
7.973671
-7.986783
-7.980552
7.989779
-7.712267
7.992083
7.979373
-7.993276
2.047948
7.987461
-7.992408
-7.988207
-7.991714
-7.988614
7.958452
7.980112
-7.977940
7.911275
-7.989954
7.985350
-7.974629
-7.946266
7.993973
7.993400
7.980614
-7.972624
-7.967111
7.986147
7.990873
7.987231
-7.984942
-7.985327
-7.990872
7.989560
-7.925121
7.988366
-7.986815
7.990480
-7.986588
-7.993622
-7.985322
7.888964
-7.984169
7.981949
-6.012112
-7.413291
-7.995336
-7.992745
7.990332
7.964737
-7.763891
-7.855799
-7.980054
7.994150
7.993065
-7.946174
-7.964794
-7.992802
-7.986472
-7.931235
-7.995378
7.987406
7.993433
7.986855
7.977668
-7.912170
7.808826
-7.991506
-7.984216
-7.993172
-7.970260
7.989272
-7.983750
7.995194
7.986750
-7.983288
-7.968885
7.996324
-7.996347
7.973389
-7.978188
-7.987235
7.982000
-7.854361
-7.812787
7.999998
7.994496
-3.277213
-7.991824
7.992150
7.971519
-7.987371
7.983668
-7.978663
-7.977373
7.987601
-7.995294
-7.992947
-7.981556
-7.983800
7.985036
7.974407
7.991740
-7.970707
-7.989505
7.994480
7.989535
7.994820
-7.993337
7.986833
7.990033
-7.948759
7.859528
-7.993016
-7.990111
7.995319
-7.995012
-7.978003
-7.981757
-7.808409
7.980918
7.991402
-7.993408
7.991617
-7.991331
-7.472804
3.558722
-7.987264
7.975101
-7.975141
-7.982723
-7.994364
7.988599
-7.990889
7.982591
-7.986096
7.972382
-7.980323
7.953863
7.991597
-7.995890
-7.974636
7.996353
-7.992148
-7.992310
-7.993504
7.987730
7.994135
-7.992489
7.990330
-7.993020
-7.981143
7.981760
-7.955106
-7.963358
7.980837
-7.971568
7.983523
7.976252
7.985597
7.806224
-7.979046
7.982352
7.988790
-7.988711
7.991125
-7.894022
-7.973165
7.746005
-7.963777
7.934716
7.988040
7.982901
-7.986493
7.989708
-7.985761
-7.985310
7.962242
-7.768024
7.994955
7.985282
-7.991928
-5.694949
-7.983734
7.939786
-7.985084
6.019415
7.988814
-7.991910
-7.903510
7.993363
7.967413
-7.971626
-7.991450
-6.709420
7.987101
7.989084
7.990459
3.657612
7.966973
-7.984764
7.992647
-7.996286
-4.463582
7.990820
-7.747580
-7.959198
7.993503
-7.985844
7.980652
7.978096
-7.992034
-7.991621
-7.997768
-7.988743
-7.993699
-7.991778
-7.989826
-7.981799
7.994441
7.988266
-7.984897
7.993957
7.989502
-7.103652
-7.992354
7.990179
-7.995216
7.997539
-7.974944
7.985943
7.975111
7.981822
-7.980771
-7.969145
-7.991203
-7.971891
3.223105
7.992823
-7.988875
-7.990108
-7.992076
-7.986485
7.985920
7.991472
7.986688
-7.999998
7.990935
7.966218
-7.995172
7.986582
-7.861583
-7.989083
-7.980261
-7.969759
-7.984070
-7.974530
-7.987151
-7.978148
-7.991334
7.985173
7.985407
7.964119
-7.848519
-7.980667
-7.972564
7.999643
-7.965261
-7.925853
-7.981585
7.865211
7.990790
-7.940807
-7.987767
7.991899
-7.987379
-7.771329
3.617504
7.979599
7.993002
6.457305
7.996539
7.982723
7.992196
-7.991568
-7.989336
-7.981508
-7.986184
4.358764
-7.996649
-7.983376
7.990884
-7.992232
-7.982637
-7.985728
-7.975907
-7.981948
7.982718
-7.865763
7.988938
7.993856
7.938327
-7.983748
7.980515
7.952646
7.992649
7.984947
7.991212
-1.303774
-7.936388
7.987930
-7.991580
7.996263
-7.989853
-7.991446
-7.981659
-7.963166
7.976742
7.935492
7.978804
-7.969269
7.968307
-7.992020
7.948797
-7.986417
-7.975483
7.984575
5.285829
7.759027
-7.994213
7.990280
-7.989489
7.983382
7.986629
-7.985956
-7.986867
-7.988014
-7.960313
7.992799
7.994393
-7.992341
-7.986914
7.933974
-7.981712
7.983402
7.796803
-7.989781
-7.989339
7.993447
7.972164
7.968096
7.953425
7.992379
-7.995949
-7.987389
7.988694
4.681313
-7.973535
7.989305
7.993767
-7.990144
7.964857
-7.990193
7.985848
-7.994358
-7.988393
-7.985254
7.771747
7.985516
7.995389
-7.990954
-7.991181
7.995908
-7.975955
-7.985813
7.995605
-7.984587
-7.470926
7.985407
-7.979032
7.980953
-7.988367
7.978059
-7.969608
7.993756
-7.961077
7.984309
-0.534897
-7.979147
7.994264
7.977321
-7.991094
7.981962
-7.960960
7.990604
-7.995005
7.972606
-7.988576
7.986035
7.973749
-4.243416
7.992956
-7.982525
7.981244
7.984544
7.970112
-7.993470
7.994991
7.982691
7.986851
7.983209
7.984538
-7.972183
7.986372
7.977055
-7.977488
-7.991930
-7.992613
-7.964660
-7.997304
7.991356
-7.984168
-7.988629
-7.990819
-7.984579
-7.986497
-7.985150
-7.797203
7.994236
7.988837
-7.969020
-7.990960
-7.983422
7.965354
7.972085
-7.991584
7.992437
-7.980722
-7.988249
-7.964857
7.994123
7.985697
7.956297
7.973385
-7.789998
7.994412
-3.329655
-7.988229
-7.989884
-7.977758
7.949756
7.988426
-7.987655
-7.631549
-7.990098
7.982914
-7.980721
7.989993
-7.974980
-7.991360
-7.977160
7.993067
-7.979931
7.992610
7.991336
7.986238
-7.988591
-7.966576
7.981455
7.986892
7.991917
7.984169
-7.991396
7.947559
-7.991404
-7.993354
-7.956367
7.987134
7.988863
7.987936
7.995878
-7.992107
-7.976856
7.997139
-7.978913
-7.989350
-0.446572
7.988457
7.995981
-7.986296
7.967427
-7.986029
-7.990400
-7.748472
-7.978057
-7.583706
7.968329
7.984521
7.988211
-7.987270
-7.903036
-7.989165
7.992944
7.984546
-7.984643
7.997523
7.991047
7.991488
7.989713
-7.982774
7.963336
7.993215
-7.987652
7.898494
-7.993235
7.990656
-7.976944
7.986102
7.990579
-7.984506
-7.894892
-7.978757
7.981196
-7.979477
7.984648
7.988155
-4.091345
7.984090
-7.981680
-7.989727
-7.987041
7.991518
7.994489
-7.999998
7.979320
7.993571
7.973392
7.971880
-7.993062
7.983151
7.948674
-7.983983
7.900008
-7.995430
7.965219
-7.987056
7.979527
7.988865
-7.948341
7.989001
7.965446
7.986841
-7.928927
7.980424
-7.710988
-7.983291
-7.991022
-7.985928
7.991314
3.390471
-7.983679
-7.990674
-7.952985
-7.996909
7.982994
-7.984896
-7.989493
7.999998
-7.981765
-7.980380
-7.984059
7.996909
7.992037
7.990847
-7.988909
-7.993395
7.990195
7.990349
-7.991921
-6.937793
-7.982433
-7.987549
7.983752
7.990244
7.982074
7.993321
-7.993694
-7.989526
-7.996905
-7.986752
7.990945
-7.989905
7.978413
-7.969258
7.981726
-7.991343
7.983262
7.983330
7.993894
-7.986477
-7.950984
7.996330
-7.984662
-7.989722
7.987451
-7.990152
7.993002
7.990762
-7.999998
-6.790768
-7.992520
7.996801
-7.989137
6.474771
-7.968503
7.878107
7.920980
-7.988265
-7.983683
7.982042
7.994360
-7.929049
-7.990478
7.952857
7.989254
-7.993146
-7.999998
7.996504
7.955575
7.982069
6.942671
7.993837
-7.984458
0.392135
-7.989662
-7.980519
7.986018
7.974704
7.988311
7.995331
-7.985162
-7.970836
-7.981399
-7.988128
7.986851
-7.982665
-7.989586
-7.997312
7.980192
7.953660
-7.668929
-7.982609
7.992965
-7.971305
-7.970862
-7.990731
7.978832
5.354516
-7.992230
7.987776
7.991127
7.994054
-7.961073
-7.987230
7.994802
-2.065938
7.982729
7.988554
7.988347
7.991884
-7.986742
7.813363
-7.993684
-3.908199
-7.633701
-7.978411
-7.993229
-7.989726
-7.970498
7.983029
-7.842604
-7.989028
7.988190
7.992108
-7.995798
-7.333384
-7.988691
-7.971988
-7.995425
7.974113
7.975221
7.972758
7.984970
7.995412
-7.887012
7.980180
-7.986791
7.994894
7.989091
-7.991139
7.989268
-7.995079
-7.980683
-7.745858
-7.968319
7.999998
7.973530
7.988932
-7.995437
7.986092
7.967442
-7.981722
7.991271
-7.991065
-7.993622
-7.587141
7.985592
7.990938
7.989784
7.975979
7.994840
-7.989124
7.296312
-7.827520
-7.985356
-7.992847
-7.922327
-7.981858
7.638475
7.988291
-7.981739
7.994939
7.990473
-7.987173
-7.970445
-7.986108
-7.505503
7.977798
7.995781
7.869956
7.985099
-7.860263
7.070078
-7.972272
-7.990852
-7.753265
7.989258
7.994900
-3.778481
7.976578
7.984768
7.993206
-7.930250
-7.976188
7.981917
7.983103
-7.929951
7.988545
7.997014
7.994333
-7.991776
7.981760
-7.993525
7.977225
-7.988947
-7.953180
-7.969187
-7.968690
7.990501
7.987899
7.985881
7.999998
7.980290
7.845616
7.993046
7.989511
7.970700
7.984700
-7.982989
-7.993628
7.986150
7.992706
7.975032
-7.983049
7.982313
7.989228
-7.907441
7.982044
7.990987
-7.993056
-7.990981
7.987929
-7.999998
7.987654
7.991411
7.978741
7.989541
7.944911
-7.980546
7.996908
-7.995846
7.992998
-7.977373
-1.362091
7.991208
7.978131
-7.988655
-7.963922
-7.993766
7.984265
7.995831
7.990718
7.989652
-7.986358
7.987210
7.988279
-7.971234
7.927542
-7.998102
7.911259
-7.995169
7.987056
-7.993706
7.982888
-7.988973
7.975011
7.739411
7.987304
7.992605
-6.819970
-7.982660
7.991968
7.996674
7.988843
7.989185
-7.985013
-7.975767
-7.986808
7.962314
7.990867
7.997229
-7.993614
-7.979872
-7.985350
7.987530
6.386867
-7.977987
7.993748
-7.958045
-7.986622
7.996079
-7.972855
6.509673
7.952172
-7.972160
-7.951676
-7.987915
-7.981322
7.979968
-7.807231
-7.984930
7.984450
7.960937
-7.985765
-1.254695
7.995264
7.942317
-7.996205
7.988143
7.009521
7.980693
-7.996025
-7.990335
7.973995
7.992185
7.986101
-7.984682
7.959779
-7.992243
-7.999998
7.879181
7.628431
-7.978469
-7.996449
-7.991012
-7.994703
7.978449
-7.985209
7.965184
7.993825
-7.973091
-7.987106
-7.990433
-1.779927
7.961129
7.993140
7.993188
-7.989962
7.991072
7.988640
7.990136
7.988895
-7.976935
-7.937605
-7.982604
-7.972932
-7.979633
7.988355
-7.988177
7.994189
7.990611
7.996667
7.994509
7.984332
-7.986828
-7.999998
7.992346
7.992023
-7.974442
-7.972901
-7.982167
-7.986025
7.989600
7.985105
7.971858
7.987881
7.989132
-7.990023
7.988053
7.988881
-7.951077
7.995377
-7.984651
-7.986591
7.961224
7.967692
7.980298
-7.995343
7.989802
7.987497
7.972550
-7.804463
7.979905
7.985649
7.985770
7.989054
-7.130571
-7.991462
7.996575
-7.976760
7.980163
-7.993279
-7.992379
-7.990394
-7.979977
7.992902
7.982770
-7.982692
-7.989834
7.983933
-7.588784
-7.992524
-7.996154
-7.981570
-7.995996
-7.985638
-7.988539
7.966957
-7.986779
-7.992419
-7.964883
7.994377
-7.983309
-7.977870
7.990847
-7.969382
-7.986905
-7.985482
5.824774
-7.991943
-7.968357
-7.989025
7.982239
-7.811321
7.976100
-7.913314
-7.986742
-7.995763
-7.988470
-3.298276
7.964309
-7.969357
7.921775
7.983282
-7.987578
-7.994558
-7.993157
7.987498
-7.925719
7.993073
7.974789
-7.986927
7.993060
-7.987276
1.859730
-7.993722
-7.983056
7.986387
7.973224
7.984201
7.974310
7.968672
-7.967044
7.980633
-7.989151
7.995274
7.977334
7.982635
7.985548
7.972419
7.988770
7.869017
-7.974778
-7.991436
-7.975188
-7.989160
7.875601
-7.986389
-7.991163
-7.992574
-7.926943
7.995728
-7.999998
7.981657
-7.978875
-7.988577
7.981851
-7.987633
7.992552
-7.959526
7.971710
7.984806
-7.987203
7.979668
-7.986124
7.970744
7.982413
7.972789
-7.822237
7.995776
-7.993338
7.990409
-7.983298
7.993412
-7.987154
-7.979795
7.977517
-7.991772
-7.988876
7.986376
-7.966331
7.982957
-7.954273
-7.990893
-7.986140
-7.964442
7.990855
7.989117
7.989383
-7.873724
-7.947053
7.989236
-7.759917
7.988062
7.999998
7.846659
-7.989891
7.994828
7.988649
-7.986137
-7.988936
-7.890627
-7.985734
-7.996694
-7.971638
-7.967146
-7.987038
-7.991049
7.986948
-7.989460
-7.987630
7.213001
7.988039
7.985844
7.979650
7.984900
-7.957990
-7.996467
-7.982684
-7.990472
-7.987070
-7.919550
7.983018
7.887359
7.980313
7.983859
-7.913602
7.977396
-7.986814
7.985600
7.999997
-7.974736
7.920247
7.984039
-7.988255
6.136773
7.989103
7.853991
-7.992989
-7.990839
6.802849
-7.969656
-7.990336
-7.982471
-7.990305
7.733024
-7.978015
7.990111
-7.989261
-7.991280
7.959752
7.962075
-7.942653
-7.986890
7.983576
-7.996407
-7.997029
7.996281
7.989038
7.940807
-7.976294
7.900903
7.959246
7.986915
-7.104726
-7.993301
7.530806
-7.995314
-7.488807
7.988587
-7.791450
7.993976
-7.981356
7.999998
7.987212
7.995116
-7.985843
7.986021
7.979830
-7.985480
7.984126
2.772565
-7.954783
-7.952086
-7.995924
7.950774
-7.976738
7.989884
7.956199
7.722885
7.985594
7.982386
-7.986794
-7.971084
7.843275
-7.972780
7.984729
-7.960384
7.970036
7.991217
-7.989388
-7.993063
7.941601
-7.650979
7.985401
-7.989739
7.984974
7.833840
-7.989834
7.988377
7.931776
-7.980426
7.995107
-7.979146
-7.993321
7.991995
7.999998
-7.999998
-7.974712
-7.966259
7.987370
7.991694
-7.980794
7.977070
-7.851684
-7.979848
7.996056
-7.993612
-7.990483
7.985369
-7.988588
7.977256
7.984838
-6.732724
7.987817
7.996003
7.960663
7.989494
-7.960212
-7.928554
7.987665
-7.990611
-7.725674
7.992419
7.986814
7.977011
7.996947
-7.980000
7.962311
-7.964763
7.983358
-6.244347
2.781670
7.972578
7.851503
7.985975
-7.958883
-7.986736
-7.974732
7.985751
-7.991931
-7.999998
7.999998
-7.986237
7.736684
7.990621
7.986849
-7.992929
-7.988858
7.999579
-7.985193
-7.979408
7.989248
7.990086
7.989015
7.974905
7.998042
6.315729
7.993622
7.986048
7.609518
-7.984382
7.988096
7.985612
-7.997258
-7.992849
-7.992366
7.987490
7.993793
-7.991575
7.992937
-7.896577
7.964423
7.986201
7.985094
-7.978251
-7.978477
7.967938
7.994992
7.985056
6.914766
7.950143
7.992159
7.990166
-7.994414
-7.999998
-7.254367
7.989667
-7.988217
-7.984119
-7.929966
7.987909
-7.964521
7.995125
7.952783
-7.995194
7.983108
7.944612
-7.987493
-7.995584
7.991310
-7.996447
-7.994633
7.994714
7.978933
7.913973
7.947633
7.992228
7.983642
7.969679
-7.981263
-7.999996
7.994979
4.684170
7.989580
7.987501
7.991821
-7.987849
7.992927
7.990260
7.992600
7.989597
-7.990594
-7.989840
7.698502
7.994960
-7.992171
-7.987135
-7.986861
-7.846834
7.985371
-7.314000
7.985943
7.995942
7.985322
-7.978388
7.992442
-7.993590
7.981097
-7.989858
-7.961187
7.915609
-7.990587
-7.986384
-7.983181
7.995529
-7.992429
-7.989549
7.992269
7.986459
7.987878
-7.991067
7.992347
7.986204
-7.955980
7.994550
0.545661
7.985678
7.985117
7.992004
-7.989746
7.982262
7.968234
-7.984430
7.982708
-7.995591
7.986569
7.990924
-7.985987
7.992601
7.973488
7.994784
-7.994699
-7.965230
7.985976
7.985949
7.951843
7.983803
-6.762662
7.984141
7.994083
7.980793
-7.918822
-7.972512
7.382916
7.932523
7.930217
7.994950
-7.966517
7.989545
7.522406
-7.987560
-7.987063
-1.518742
7.996461
7.988020
7.986648
7.978798
7.990111
7.984369
-7.994543
7.991950
7.995003
-7.990746
-7.859124
-7.880968
-7.987898
-7.988237
-7.990221
7.985019
-7.999998
7.988236
7.990931
7.967864
7.968020
-6.298001
-7.918567
7.941067
7.995344
-7.983476
7.975986
-7.993206
-7.556894
7.990019
-7.928675
7.989173
7.993826
7.982811
-7.991948
-7.831665
-7.989680
7.911614
7.987439
7.931095
-7.991725
-7.985896
-7.971556
7.973434
-7.229623
7.980471
-7.986203
-7.999998
7.991319
-7.992015
7.993981
7.988515
7.878564
-7.944755
7.989745
-7.985631
-7.986871
7.925754
7.969964
-7.984989
-7.929256
-7.989809
-7.989993
7.993994
-7.990348
-7.990465
7.980027
7.982695
-7.950213
-7.989743
7.991371
-7.986442
-7.918550
7.957556
-7.978399
-7.993191
-7.995188
-7.989589
7.927595
7.995244
-7.991817
7.989167
7.985363
7.990043
-7.914153
-7.937334
7.990565
7.969909
7.991043
-7.985981
7.995075
7.984959
7.988369
-7.992213
7.993767
-7.991599
-7.994917
7.984235
7.765612
7.935135
-7.994326
-7.975448
7.994535
7.972608
-7.988130
7.987880
-7.991408
-7.964374
7.970321
7.993190
7.991683
-7.991273
-7.979585
7.989872
-7.980669
7.990058
-7.989241
-7.996911
7.988952
-7.988959
7.990006
-7.984280
7.993047
7.974099
-7.985175
7.975227
7.928492
7.983730
-7.993434
7.985775
7.954462
-7.983096
7.974866
7.973040
-7.604959
-7.995373
-7.979528
-7.986528
7.980183
-7.995414
-3.222944
7.995719
-7.986219
7.985895
7.986245
7.972869
7.989571
7.975119
-7.981448
-7.945215
6.678029
-7.987121
-7.989660
7.988515
-7.884343
7.982599
-7.991220
-7.976749
7.986708
7.949936
-7.986383
-7.988257
7.995517
-7.989930
7.650069
7.962223
7.991813
7.980311
6.673159
7.982973
7.991526
-7.953724
-7.986944
7.717235
-7.978442
-7.991444
-7.937370
7.996081
7.981351
-7.987083
7.983059
7.985517
7.969019
-7.979548
-7.980102
-7.990151
-7.985606
7.983793
-7.949032
-7.982930
-7.985408
1.469213
-7.976800
7.992988
-7.992000
1.894249
7.964375
7.985899
7.992461
7.993002
-7.984137
7.988999
7.982502
7.980116
7.993151
7.977601
1.172989
7.996715
-7.984210
7.739379
7.989135
-7.986334
7.991639
-7.975294
-7.990223
7.981008
-7.987522
7.982192
-7.848231
7.849724
-7.877695
-7.898805
7.987908
7.989986
-7.961926
7.987909
-7.978042
-7.985169
7.994207
7.990432
7.989094
-7.977149
-7.975628
7.993000
7.994127
7.944697
-7.987967
-7.988840
-7.988625
-7.973507
7.982451
-6.741038
-7.987047
-7.980605
7.994560
7.968224
7.991988
-7.987219
-7.976580
7.985622
7.992975
7.993559
-7.985852
7.995934
1.977230
7.991398
7.981612
7.949259
-7.977603
-7.980795
-7.982512
7.984330
7.981689
-7.973222
-7.999691
-7.590426
-7.962509
-7.974684
-7.874970
7.987289
7.990923
-7.976841
-7.994728
7.996008
7.987829
-7.977902
-7.987667
7.962924
7.986054
7.901436
7.978789
7.993143
-7.167297
7.992457
-7.980740
7.985674
-7.990049
7.991451
7.999998
-6.120651
-7.787925
-7.972195
6.811565
-7.986159
7.993418
-7.978696
-7.995675
3.427235
7.957205
-7.969308
7.981242
-7.993696
-7.984672
7.961347
7.987089
7.449037
7.845302
7.995836
-7.104235
7.963649
-7.987749
-7.982980
7.938868
7.987634
-7.982906
7.993983
-7.992693
7.990027
-6.280761
-7.976315
7.969765
-7.984861
-7.900968
-7.980456
-7.987487
-7.979021
7.972346
-7.989318
7.828338
-7.981395
-7.984669
7.994223
7.992690
6.974691
-7.986390
7.985722
7.994529
-7.983950
7.991472
7.986323
-7.992884
7.992763
-7.988748
-7.017257
7.986576
7.977485
-7.970568
-7.992478
-7.999997
6.732235
-7.983171
7.985027
-7.991091
-7.979074
-7.260548
-7.447895
-7.966772
7.785789
-7.977792
-7.961794
6.489692
7.979892
7.971128
-7.989271
0.904455
7.974807
7.989261
7.990375
-4.305428
-7.978833
-7.979787
7.964601
7.996294
7.990541
-7.991371
-7.861814
7.987378
7.986112
-7.988609
7.986966
-7.992622
7.996579
7.969205
0.183864
-7.990420
7.196283
7.986987
7.981005
7.314409
-7.989873
-7.996066
-7.991297
7.984338
-7.997889
-7.987472
-7.983298
7.993076
-7.979097
-7.948492
7.967725
7.988232
7.988905
-7.981086
7.995355
-7.971909
7.980923
7.992237
-7.994418
7.991126
-7.974864
-7.996536
7.930897
-7.979537
7.992108
7.991765
-7.989548
7.993857
-7.992980
7.918031
7.946733
7.992316
7.986764
7.983899
-7.985735
7.993565
-7.988525
7.983606
7.944957
7.991243
-7.989691
7.994134
-7.988493
-7.987538
7.404209
-7.973378
4.551579
7.889430
-7.963446
-7.988372
-7.936355
7.989148
-7.988590
7.146228
-7.980246
7.992833
7.995512
7.986661
-2.786065
7.974658
-7.970592
7.993643
-7.945425
6.999420
-7.930555
7.993655
-7.989023
-7.989497
-7.988754
-7.993596
-7.865471
-7.970995
-7.946809
-7.981535
7.993581
-7.986134
-7.988866
7.985197
7.993106
7.990184
7.991322
7.990618
-7.770406
-7.803230
-7.985843
7.967249
7.994921
-7.991488
-7.993375
-7.988139
7.990488
-7.995594
7.984994
7.991972
7.989240
-7.992513
7.926221
7.922542
0.952579
7.989861
-7.994198
7.995016
7.990040
7.982370
7.970901
7.983405
7.681042
-7.984046
-7.993963
-7.971958
7.991033
7.992909
7.985734
-7.997175
7.994869
-7.991349
7.997843
7.995894
7.984118
-7.985031
7.987230
7.981601
-7.992965
-7.984604
-7.982541
7.958055
7.986277
-1.646167
-7.986795
-7.993005
1.223415
-7.994693
-7.974786
-7.602149
-7.945120
7.988468
7.969691
7.983541
-7.997237
-7.971164
7.978348
-7.989541
-7.979548
-7.980678
-7.986781
7.985498
-7.988558
-7.993634
7.993634
7.983245
7.996042
-7.985945
-7.989228
4.126684
-7.994004
7.981488
-7.987256
-7.969174
7.981607
-7.975592
7.989980
-7.991548
-7.980456
-7.973193
7.993923
-7.984340
7.634283
-7.985347
7.979285
7.993942
7.959302
7.523420
-7.991833
-7.981474
-7.993101
-7.992604
7.992652
7.991780
7.992982
-7.975445
7.979266
7.995718
-7.986815
-5.999825
-7.982409
-7.125503
7.994955
7.991676
7.985677
7.987847
-7.996790
7.997402
-7.984500
-6.762422
7.885639
7.993589
-7.993850
-7.983347
7.871040
-7.982042
7.948570
7.989103
7.993615
7.981232
-7.993692
-7.861027
7.978319
-6.686131
7.959133
7.994583
-7.993878
-7.979722
7.974184
7.987765
7.995511
-7.992017
-7.976012
7.987107
-4.486230
-7.986392
7.966821
-6.438392
7.991042
7.992541
-7.972317
7.452413
-7.962280
-7.981790
7.988425
7.990501
7.809400
7.991832
-7.988531
7.984613
7.993269
7.972474
7.978701
-7.976353
-7.974718
7.991950
-7.984452
7.984817
7.992695
7.996519
1.425543
-7.956820
7.941536
-7.993217
-7.979430
-7.986889
-7.984599
-7.977738
7.993137
7.994155
-7.992218
7.996204
7.988455
7.994362
-7.989818
7.947062
-2.242458
-7.981662
-2.467608
-7.986872
7.992847
-7.979579
7.994500
7.989230
-6.891922
6.492589
7.991910
7.980122
-7.985811
-7.988126
-7.976020
7.990090
7.979128
-7.984970
7.989994
7.900229
-7.986972
-7.984120
7.981734
7.978517
-7.974056
7.961971
-7.996442
3.143618
-7.994647
-7.913037
-7.760749
-7.986042
-5.893514
7.992815
2.267881
7.991317
-7.994861
-7.997733
7.984567
7.989685
-7.979377
-7.970357
-7.990862
-7.977533
-7.992625
-7.993930
7.991743
7.987744
7.979760
-7.987434
7.996311
-7.987913
7.990334
-7.990600
-7.988850
7.988820
-7.988971
-7.990830
-7.925355
-7.962819
7.991570
-7.990931
-7.981230
-7.963689
-7.964660
7.939235
7.990560
7.991318
-7.981887
-7.918980
7.820007
-7.990208
7.992936
-7.994950
-7.991879
7.992552
-7.979391
7.979967
-7.940612
-7.982483
-7.983135
-7.978670
-7.991347
7.991615
7.994847
-7.985303
-7.964628
-7.981627
-7.948464
-7.944575
7.059221
-7.984284
-7.953621
-7.866158
7.990375
7.986405
7.980929
-7.991442
7.988936
7.988434
-7.361272
-7.999998
-7.992449
7.993773
7.983620
-3.451749
-7.671752
-0.573907
-7.999984
-7.987795
-7.984343
-7.988475
-7.922745
7.988280
-7.990026
-7.975901
-7.959564
-7.985434
7.992593
-7.989731
7.935890
7.999998
-7.988118
7.985741
-7.995624
7.986043
-7.981863
-7.996227
7.840078
7.991874
7.982632
7.999998
7.988798
-7.967420
-7.985595
7.965871
7.925603
7.983680
7.997516
7.978110
7.978072
-7.982985
-7.987891
7.985307
-7.999998
7.967942
5.864228
-7.961941
7.989814
7.974876
-7.986725
-7.992473
-5.183015
7.989289
-7.986214
7.854106
-7.844277
-7.993918
-7.932354
-7.967215
-7.992969
7.991364
7.988017
-7.949159
7.990470
-7.982347
-7.995866
-7.988307
7.958859
7.980133
-7.990941
7.992012
7.978998
-7.972108
7.983973
-7.978267
7.989094
-7.967908
7.972800
7.983528
-7.994101
-7.981216
-7.972403
7.991203
7.992170
7.992065
7.993515
-7.949826
7.981261
-7.617217
7.985838
7.910840
7.967524
-7.993546
7.996054
7.997520
-7.987631
7.932167
7.986038
-7.953503
7.986076
7.978430
7.976109
7.975640
7.990100
-7.992620
7.995175
6.595999
-7.983726
-7.991745
-7.941347
-7.981355
-7.978507
6.549829
7.993085
-7.894883
-7.988056
-7.982961
-7.952148
7.989896
7.983779
-7.960732
-7.984442
-6.732819
-7.983230
7.989754
7.992890
-7.964254
-7.979609
7.977291
7.957759
7.992950
-7.987457
-7.999998
-7.899309
7.194856
-7.984196
-7.971739
-7.915543
7.989084
7.968902
-7.985216
-7.990532
7.984535
-7.988191
-7.986424
-7.965014
-7.956559
-7.983265
-7.986276
-7.984517
7.968675
2.699621
-7.919142
-7.605810
7.991319
7.990255
-7.993753
7.991861
-7.962234
-7.990137
-7.973701
7.979538
7.989273
-7.974947
-7.645514
-7.980887
-7.982309
7.979144
7.966606
-7.995432
7.988113
7.980699
7.985409
-7.975669
7.972438
7.994962
7.971262
7.941705
7.991483
7.086737
-7.942482
7.986994
7.698310
-7.979596
-7.933544
-7.995276
7.989926
7.986665
7.989755
7.980398
-7.989071
7.990681
7.989151
7.966576
7.968249
-7.956557
6.804691
7.993796
7.989846
-7.994399
7.961349
-7.990678
7.988209
-7.968464
-7.992464
-7.985654
5.578705
-7.961459
7.999998
7.995251
-7.987183
7.990957
-7.946438
7.989077
-2.618802
7.986584
7.987373
7.999994
-7.992633
7.986713
7.992344
7.979433
7.988039
-7.983182
7.985822
-7.904984
-7.990342
7.999997
7.966722
-7.993100
7.991818
7.980053
-7.903779
7.995783
-7.990735
7.988569
-7.992021
-7.933587
7.985618
7.974944
7.996810
7.989180
7.991009
7.982817
7.950156
-7.981109
7.104447
7.991511
-7.989595
7.969012
-7.843538
-7.974471
7.964650
-7.968856
6.102674
-7.986537
7.990722
-0.675612
7.992678
7.986944
-7.992163
7.989768
-7.819738
-7.808836
7.951961
7.991928
-7.991147
7.993731
7.966716
7.993150
5.575823
-7.988391
7.968141
7.990445
7.984692
7.479400
-7.991954
7.972310
-7.987130
7.996494
7.987840
-7.964591
-7.977909
4.682493
7.982283
-7.978371
-7.955335
7.988750
-7.990147
-7.895511
-7.974534
7.479482
7.984264
-7.980473
-7.992176
7.982360
-7.992362
7.965244
-7.657449
7.987409
-3.254390
7.956509
-7.888968
-7.997335
7.987133
7.868285
7.996122
7.991226
-7.975451
7.365754
-7.970735
7.990567
7.987981
-7.999998
7.877807
7.999998
7.995343
7.986150
-7.984956
7.999998
7.991831
-7.984035
-7.990202
7.994244
-7.986318
-7.986132
-7.867311
-7.988026
-7.985073
-7.993635
7.971649
7.876490
7.995772
7.986757
-7.999998
7.989307
-7.986418
-7.991902
7.974410
7.988184
-7.960858
7.992084
-7.964865
7.985711
-7.985054
-7.969485
7.961260
-7.989074
7.982122
-7.990084
-7.992254
-7.991365
7.930171
7.999998
-7.976673
-7.983721
7.984937
-7.978456
-7.987789
7.983329
7.981479
7.991383
7.999998
7.990351
7.990148
-7.970076
-7.994640
7.991780
-7.977698
-7.988830
-7.978273
-7.992587
-7.990995
7.972242
7.974040
-7.989562
-7.382372
7.868806
7.985009
-7.983867
7.986508
-7.991624
7.990611
7.991340
7.999998
-7.993135
7.977548
-7.971047
7.987919
-7.977290
7.975412
-7.986701
7.991540
7.988149
7.982958
7.994018
7.987423
7.996970
7.982271
-7.999740
7.992934
7.980933
7.989152
-7.817618
-7.983524
-7.978679
-7.622480
-7.992362
-7.202380
-7.939490
-7.990871
-7.743077
7.978229
-7.986771
-7.968398
-7.994082
-1.211689
-7.150410
-7.984059
7.981580
-7.939008
6.508473
-7.960459
-7.996158
7.994889
7.995548
-7.963882
7.955186
7.968121
-7.983812
-7.992396
7.992553
0.127920
-7.989467
-7.840817
7.997125
-7.989963
7.989425
7.983766
7.991442
7.284120
-7.999998
-7.983970
-7.975067
7.999998
7.980211
-7.994153
-7.995287
7.973421
-7.923931
-7.986935
-7.955986
7.999998
7.990232
7.989032
-7.989612
7.984036
-7.979591
-7.917851
7.988179
7.989171
7.988549
7.974405
-7.974763
-7.977934
-7.993572
-7.943211
-7.993659
7.999998
-7.989688
7.984087
7.989544
7.991357
-6.935332
7.992523
-7.984848
-7.545733
7.967053
7.989323
-7.983312
-7.976862
-7.987995
4.965456
-7.979398
7.999943
-6.310297
7.979899
-7.994810
7.997438
7.991621
7.990455
7.988552
7.925077
7.982118
-7.967263
7.987093
7.981873
7.807481
-7.991766
-7.990314
-7.999998
-7.935711
-7.989557
7.943222
-7.988729
-7.890445
-7.983144
7.825186
-7.980713
7.989703
-7.993429
-3.553091
7.994960
-7.908388
-7.539365
7.974269
-7.582876
7.992639
7.929505
-7.884271
-7.991571
7.878275
-7.994066
7.990329
-7.990670
-7.990426
7.631917
7.667266
-7.963024
7.983174
-5.848381
-7.987522
7.984697
-7.980501
-7.993535
-7.971180
7.989426
7.973991
7.968150
7.869560
-7.989911
7.993038
7.970371
-7.985553
-7.990048
7.994251
-7.991178
7.986021
7.956854
7.985598
7.990788
-7.982753
-7.966701
7.988566
7.993917
-7.986180
7.999980
-7.990546
7.982742
7.981677
7.987174
7.974274
7.857418
-7.962430
7.984204
-7.972784
-7.988714
7.983767
-7.982976
7.977650
-7.993264
7.984090
7.960220
7.978806
7.988849
3.879700
7.988662
-7.986866
4.729659
-7.986692
-7.985232
7.957259
-7.999998
-7.995363
-7.971008
7.986741
7.984332
7.996894
7.992335
-7.859357
-7.977433
7.992074
7.681352
7.827154
-7.988458
7.995369
-7.982436
-7.991267
7.954906
-7.985589
7.988315
-7.991540
-7.983366
-7.992204
7.987257
-7.985243
-7.992298
7.979145
7.983859
-7.367222
-7.985204
5.895689
7.995073
-7.980887
7.990704
7.720371
7.989590
-7.918398
-7.974819
7.978026
7.991285
-7.987654
-7.987625
7.993562
7.988366
-7.991029
-7.974218
-7.986914
-7.991782
7.942131
-7.989019
-7.956772
7.749932
7.982898
7.995805
-7.995627
-7.991877
1.926051
-7.973330
-7.988623
-7.988824
7.952356
-6.471032
-7.984574
-7.890331
7.984578
7.621160
7.995878
7.984238
-7.985549
7.968985
-7.981301
7.984375
-7.901039
-7.979257
7.989059
7.995040
7.994703
7.916909
7.987784
-3.584205
7.991594
7.987856
7.985014
-7.717819
-7.992101
7.985567
7.989165
7.933787
7.994384
7.981456
-7.992384
1.044466
-7.994629
-7.990319
7.992686
7.995291
7.951198
-7.985972
7.989503
7.986120
-7.984983
7.444856
7.237375
7.979944
-7.505619
7.987760
7.991421
7.999998
7.719287
7.992656
7.971179
-7.973667
7.987264
-7.978334
-7.985916
7.986205
7.974684
-7.981297
7.857844
-7.986648
7.976101
-7.989915
-7.992436
7.974022
7.996478
-7.966499
7.994539
-7.991864
-7.991431
-7.973602
-7.474560
-7.981247
-7.967087
7.993287
7.996769
7.993567
7.992548
7.993726
-7.985500
-7.996395
-7.699277
7.980123
-7.904335
-7.996639
-7.960169
7.977822
7.556370
-7.847221
-7.984139
7.978347
-7.986881
-7.976537
-7.985982
-7.990737
7.989837
-7.976297
-7.985849
7.984557
-7.999998
-7.978221
7.975305
-7.993989
-7.985539
-7.993740
7.992904
-7.980215
-7.999998
-4.278493
7.820084
7.988400
-7.991464
7.991820
-7.992652
-7.695222
7.985700
7.987478
-7.979543
7.995907
-5.252421
7.970364
7.991773
7.979902
7.991865
-7.995571
7.986135
-7.956968
-7.990843
-7.956087
7.991486
7.902140
-7.960661
-7.987386
7.994314
7.999998
7.912358
7.985965
-7.954342
7.992821
7.654084
-7.975947
-7.935077
7.925621
-7.990236
7.988355
-7.954042
-7.987440
-5.781403
-7.991151
7.920097
-7.979360
-7.976128
7.992158
7.994708
7.953689
-4.664482
7.991672
7.979504
-7.977408
-7.983970
7.993456
7.964910
-7.997034
7.964262
4.935037
7.979147
-7.961529
7.992333
-7.991539
-7.984062
-7.974946
-7.610243
7.992108
7.992886
7.986162
-7.993519
7.990627
-7.999998
7.997137
7.986849
-7.988500
-7.640555
-7.991059
-7.987814
7.990757
-7.827725
-7.990710
7.953069
7.832551
-7.991417
7.995270
-7.985262
7.978599
-7.987773
7.982878
7.441599
7.947332
7.985719
-7.984982
7.982358
-7.980139
-7.993183
7.986236
7.978242
-7.987142
7.972785
-7.992832
7.992679
7.993679
-7.993445
-7.992691
7.992885
7.917822
7.974234
-7.936473
-7.981077
7.977856
7.981472
7.985393
7.995427
7.978097
7.988340
-5.244202
7.989968
-7.977364
-7.993129
-7.991714
-7.895363
7.425608
7.991214
7.999998
-7.992272
-7.988512
7.988612
-7.988748
7.992202
7.990091
-7.449845
-7.986097
7.943804
-7.995673
-7.997468
7.984906
1.134328
-7.977589
-7.991551
-7.844977
-7.988271
7.975518
7.992796
4.934588
7.981061
7.993768
-7.990740
7.976185
7.990305
-7.310614
-7.990247
7.975174
-7.991809
7.995349
7.994857
-7.995869
7.986653
-7.988525
7.989314
-7.986521
-7.726938
7.968926
-7.931313
7.975999
7.990227
-7.995901
7.997278
7.979160
7.989329
7.981455
7.968961
-7.988567
-7.980923
-7.980655
-7.851099
-7.996799
-7.990028
-7.991585
7.990024
-7.982681
-7.993948
-7.991849
7.950377
7.995312
-7.996144
7.986321
7.999998
7.994752
-7.985411
7.989631
7.987306
7.989922
-7.987307
-7.996683
-7.899669
-7.989749
7.992807
7.978621
-7.986527
-7.801467
-7.989353
7.924931
-7.983240
1.638522
7.984142
7.989204
-7.965587
2.278474
-7.923306
-7.989113
-7.089960
-7.994890
7.990953
7.993073
7.968160
6.179678
-7.984078
7.291050
3.956511
7.964022
-7.987758
-7.987694
7.933328
-7.994546
7.890955
-7.991411
7.950270
-7.992235
-7.987095
-7.987528
7.990280
-7.989101
-7.669130
7.986455
7.942028
-7.993698
-7.990662
-7.983463
7.971432
-7.984907
7.985857
7.991370
-7.988140
7.958237
7.979399
-7.987650
7.982171
7.988849
7.990239
4.520779
-7.982007
-7.988469
-7.990565
7.981353
-7.994648
7.972064
-7.988251
3.764169
-7.982747
7.992581
7.995112
7.994133
-7.990821
-7.993635
-7.986454
-7.984206
7.991733
7.992757
-7.984468
7.952911
7.988647
7.981273
-7.957052
-7.983332
7.979399
7.993894
7.980819
7.990809
7.990929
7.999171
7.991415
7.864224
7.963618
7.986739
-7.989440
7.986940
7.993310
7.985207
7.994623
-7.989575
7.991135
-7.995158
7.987838
-7.983573
-7.986052
7.972317
-7.988020
-7.970169
7.986659
7.988579
7.992169
-7.982781
-6.123639
7.961278
-7.987783
7.970734
7.990159
7.985618
7.990323
7.886980
-7.947475
7.978979
-7.965426
7.990083
-7.989265
-2.408646
-7.977214
7.990971
-7.923191
7.989447
7.993355
-7.994242
7.980413
7.987368
-7.993558
7.993484
7.996814
7.988854
7.955536
7.987115
5.773850
-7.976028
7.814949
-7.999989
7.979040
-7.961997
7.978924
7.981392
7.985925
7.973086
6.753679
7.990304
7.986147
7.989710
-7.984262
6.656106
7.996625
7.982147
-7.960637
7.988301
7.983335
-7.960750
7.876015
7.992839
-7.978314
-7.978684
7.993408
7.984461
0.493090
-7.976983
7.944073
-7.989217
-7.999998
7.996283
-7.980695
-7.990654
7.985285
-7.921833
7.994826
7.967210
7.988470
7.987276
7.996009
7.997137
-7.986260
-7.971195
7.995343
7.976176
7.053635
7.990003
-7.990367
-7.992742
7.989651
-7.976410
7.986147
7.991885
7.995828
-7.991572
7.994915
7.977823
-7.979223
-7.907618
-7.991952
-7.992097
7.968128
7.988034
-7.992267
-7.981925
-7.989470
7.868975
7.972641
-7.986382
-7.986775
7.985254
7.997036
-1.106909
7.811857
-7.988235
-7.992130
7.986285
-7.989836
-7.978065
-7.980733
7.971793
-7.987079
7.999998
-7.988167
7.988462
-1.155051
7.989057
-7.989008
-7.993701
7.997256
-7.970728
-7.742843
7.992751
7.974777
-7.923306
7.991329
7.783843
7.924436
7.992883
7.996315
7.983184
7.985494
-7.981913
7.990742
-7.988636
7.953770
7.993141
7.983872
-7.958216
-7.992640
-7.982788
7.991477
7.978971
-7.731778
7.983067
7.987263
7.985415
7.950485
7.996172
-7.967987
7.990388
-7.974711
7.988408
7.980989
-0.839776
7.987216
7.986710
-7.976631
7.980323
-7.975125
7.988846
-7.972880
-7.992401
7.997479
-7.992198
-7.978194
-7.978744
-7.991499
-7.311563
-7.996953
7.985608
-7.991452
7.995159
-7.992942
7.991190
7.996129
7.973164
7.910216
-7.985188
-7.984913
7.513892
-7.983620
7.866371
-7.987671
-7.920719
-7.968156
7.989111
-7.999998
-7.979192
-7.994334
7.807041
7.990392
-7.989560
7.980638
-7.985937
-7.880286
-7.978006
-7.978185
-7.966740
7.948366
7.981949
7.993081
-7.972541
7.991529
-7.988429
-3.582107
-7.979476
-7.987002
7.989477
7.989406
-7.370162
7.991552
-7.970135
7.984457
7.993679
-7.988210
-7.944581
7.973868
7.926407
7.978747
-7.972703
7.975584
-7.991106
7.994064
-7.939016
-7.984179
7.986433
-7.975077
-7.986246
-7.974833
-7.982488
-7.984570
7.995333
7.924560
7.999998
7.988831
7.913410
7.984465
-7.952002
7.974629
7.975617
7.928001
-7.962101
7.987661
7.990706
7.982797
-7.991732
-7.996124
-7.992474
7.981844
-7.993552
7.979155
7.988164
7.995309
-7.968089
-7.951431
7.988944
7.993773
7.985369
-7.983688
7.999998
-7.975442
7.989307
-7.988678
-7.937596
-7.987372
7.971478
-0.554186
-1.864523
7.986410
7.981342
7.993090
-7.989302
-7.983988
7.997581
7.965338
7.958493
7.641590
-7.977601
-7.996798
7.971623
-7.990556
7.929550
7.986618
-7.813368
-7.959165
-7.973838
7.963622
7.985609
-7.987796
-7.985114
-7.969673
-7.987953
7.775757
-7.994975
-7.981129
-7.996721
-7.995503
7.999262
-7.976551
-7.977444
7.987770
-7.988557
7.978915
-7.939447
7.989833
7.953434
7.992630
-7.988214
7.992529
-7.992975
-7.990109
7.752634
7.990700
7.992098
-7.980750
7.995686
7.970025
-7.720051
-7.995587
-7.964213
7.991982
-7.955486
-7.932306
7.982655
7.977670
7.981646
7.992581
7.999883
-7.976969
-7.983345
-7.992308
-7.983807
7.967985
7.990041
-7.992133
7.987010
-7.990686
7.991904
7.967420
-7.993489
7.993195
1.104859
-7.597754
7.999908
7.992484
-7.990366
2.713115
-7.975986
-7.975595
-7.991753
7.959231
-7.985755
7.942260
7.990017
-7.953188
7.989664
7.994340
-5.884416
-7.978930
7.988511
-7.981920
-7.947063
-7.972308
-7.978125
7.992653
7.946956
7.994370
-7.758022
-7.985828
7.985604
7.987331
-7.986527
-7.959977
-3.297086
7.970069
-7.127071
7.990814
7.971270
7.972505
7.988508
7.982541
-7.699988
-7.993369
7.993392
7.966587
7.809326
-7.988427
-7.995445
-7.943593
7.996774
7.899404
6.603487
-7.913132
7.991980
-7.990794
7.994257
-7.991799
7.994057
-7.987670
7.988485
-7.981722
-7.972626
-7.959259
7.988703
-7.987924
7.994566
-7.805026
-7.986641
7.965358
7.990234
-7.985707
7.988028
-7.997165
-7.990358
-7.993205
-7.986095
7.983127
-7.994320
7.977375
-7.997295
7.490651
7.991444
-7.986794
-7.989897
-7.991517
7.990569
-7.994135
-7.983008
-7.987067
7.910980
7.996730
-6.715076
7.993596
-7.992576
-7.991252
7.994442
-7.988681
-4.575348
7.988509
-5.569535
7.752775
7.990781
-7.986380
-7.977065
7.991958
7.976897
-7.993012
7.924135
7.988773
7.988261
-7.992597
-7.986027
-6.482908
7.968841
7.983001
-7.976808
-7.992104
7.956398
-7.988960
7.980498
-7.988373
7.994716
7.990787
7.976484
-7.642005
1.690015
-7.999998
-7.962160
7.999998
7.999998
7.982805
-7.993451
7.997409
7.417389
-1.066232
-7.976450
-7.988797
-6.853037
-7.979005
7.995226
-7.989776
7.983837
7.985930
7.994613
7.987022
7.987927
7.992916
7.986932
7.979961
-7.990676
7.973944
7.994108
7.997930
7.995408
-7.992203
-7.900409
7.951215
-7.961417
-7.736739
-7.988886
7.991483
-7.966731
7.876175
-7.964021
-7.982151
7.992215
7.954007
7.876743
-7.983082
-7.922347
-7.985978
7.930290
-7.325065
7.995657
7.983857
-7.965326
-7.999998
-7.984302
7.985554
7.966699
7.984168
7.973858
6.986840
7.990149
7.992928
-7.992572
7.990260
-7.987133
-7.981867
7.972780
-7.981794
7.973135
-7.992714
7.991441
7.990251
7.992599
7.990148
-7.999998
-7.990914
7.988433
7.991812
7.877291
-7.967307
-7.985490
7.977350
7.991785
-7.984417
7.993887
-7.986314
-7.993332
-7.233341
7.984731
7.723420
-7.970254
7.984796
-3.845412
7.994654
7.924427
7.983509
7.999998
7.122230
7.989905
7.842488
-7.995145
-7.986799
-7.986107
-7.989082
-7.994351
-7.984547
7.861569
-7.986372
-7.983029
-7.979872
-7.969904
-7.981244
7.985331
7.992367
7.982774
7.938303
7.898362
7.995445
7.990140
7.990433
-7.983760
-7.988319
-7.991063
-7.052657
-7.990304
7.975288
-7.947278
7.990750
7.995970
7.983341
-7.934851
7.991740
-7.985182
7.991551
-7.991952
-7.985327
7.980887
7.969909
7.999998
7.994102
7.982468
7.981138
7.991777
7.948217
7.988564
7.991380
-7.967790
-7.981179
7.999995
-5.078114
7.983389
7.999998
-7.139239
7.980235
2.766616
-7.990988
-7.989982
7.993660
7.993661
-7.968485
7.988194
-7.992977
7.977731
-7.985801
7.991015
-7.993294
-7.966489
7.991580
-7.987210
7.922812
-7.997462
4.604596
7.996801
7.980995
7.996859
7.984088
-7.832702
-7.989117
-7.997283
-7.955821
7.983817
7.960064
-4.863123
-7.965197
-7.990541
7.983810
7.990541
-7.990883
-7.989203
7.988138
-7.989976
-7.991124
7.982740
7.987913
7.991909
7.988309
7.991922
-7.989780
-7.991221
-7.978584
7.734396
7.992151
-7.981917
-1.797292
6.937435
7.985114
-7.970942
7.965458
6.913111
7.986165
7.994005
7.493187
7.994036
7.979993
7.980752
7.979964
7.960953
7.988485
7.992253
7.990720
7.959315
-7.993741
-7.991232
-7.991340
7.970193
7.954341
7.999972
4.347095
7.994894
7.988623
7.970066
-7.976805
7.997369
-7.970383
-7.966246
7.978417
7.990133
-7.965742
7.980931
7.605681
7.990614
-7.980055
7.992622
-7.951130
-7.966170
-7.866071
-7.974320
7.996039
-7.977134
7.987050
-7.971139
-7.911170
-7.988514
7.940650
-7.999998
-7.986431
-6.684074
7.988949
-7.987927
-7.973933
-7.987845
7.988646
7.990369
7.973844
-7.993087
-7.987923
-7.992621
7.976382
-7.987958
-7.993307
-7.967995
7.947278
7.985743
-7.991010
-7.995532
7.989264
7.984528
7.993319
-7.991533
-6.896286
7.999998
7.981384
7.928424
-7.989979
-7.978093
7.912276
7.964849
7.988861
-7.992092
-7.992781
-7.987624
-7.962547
7.995544
-7.973320
-7.990137
-7.990211
-7.954016
-7.392924
-7.990176
7.999998
-7.991377
-7.964950
7.999998
7.940996
-7.985148
7.985637
-7.995580
-7.978535
-7.931690
-7.992757
-7.994895
7.996372
7.983614
7.744073
7.982852
7.997707
-7.952988
-7.969435
7.958522
-7.981071
6.752182
-7.988582
7.993386
7.980943
-7.937772
7.995135
-7.994425
7.972736
-7.976830
-7.977636
7.995152
-7.992427
7.956742
7.989848
-7.974694
-7.986508
7.993955
-7.983829
7.930644
-7.963873
7.735012
-7.968916
7.940520
7.984419
7.960499
7.980728
7.974817
7.603661
7.960969
7.980288
7.983395
-7.856547
-7.983379
7.999998
7.991567
-7.977324
7.978766
7.979859
7.985385
7.982297
7.967100
-7.991904
-6.525419
-7.857280
-7.987302
-7.963198
7.965922
7.990485
-7.992857
-7.978542
7.966388
-7.987489
7.995487
7.991253
-7.982753
-7.946829
7.981523
7.989398
-7.973043
7.940286
7.991767
7.975777
7.987401
-7.953333
-7.994023
7.951884
-7.978728
-7.979631
-7.983134
-7.989522
-7.987671
7.990756
7.988330
7.957102
6.044986
-7.989667
6.736066
-7.996556
-7.977987
7.951044
7.960631
7.887891
0.874231
-7.965523
-7.978963
-1.204867
7.995458
-7.999998
7.991933
7.940265
-7.990737
5.328927
7.989575
-7.977713
7.995294
7.987214
3.930041
7.989476
-7.754893
-7.979964
-7.975271
7.994707
2.499709
-7.561341
7.991596
-7.972241
-7.989460
7.989348
-7.371238
-7.803068
7.999998
-7.988890
-7.964434
7.979823
7.986041
-7.981774
7.774462
7.974645
7.988411
7.983701
7.991004
-7.962738
-7.987438
-4.237998
-7.623722
-7.990064
-7.987647
7.973169
7.918658
-7.991143
7.976000
-7.981398
-7.988326
7.969304
-7.985599
-7.991416
-5.873163
-7.989455
7.985489
-7.990420
-7.996985
-7.992758
0.655290
7.935319
7.996683
-7.986448
-7.990214
-7.993494
-7.991702
-7.990550
-7.983108
7.995620
7.988008
7.969533
7.976154
7.987570
7.982819
7.984476
7.988975
-7.669381
-7.988644
-7.991843
7.992587
-7.989914
7.993066
7.989652
7.989991
-7.989331
4.278825
7.973149
7.988992
7.835264
-7.986104
-7.980368
7.982469
7.988745
-7.983419
7.989077
-7.924760
-7.970212
7.961476
7.990730
-7.990000
-7.992254
-6.741311
-7.997038
-7.994416
-7.988257
-7.988913
7.985479
7.993700
7.991776
-7.916792
-7.973641
-7.956523
-7.977828
7.906900
7.989492
7.989618
7.991182
7.994627
-2.128119
7.988133
-7.087224
7.996209
-7.992092
-7.993427
7.982600
7.973519
7.985255
7.990083
-7.979808
-7.981650
-7.987416
7.990917
7.975193
7.988964
4.768034
7.995708
-7.993465
-7.929322
-7.984472
-7.976807
-7.996009
-7.976727
7.976834
7.995261
-7.990985
7.977482
-7.981763
-7.986844
-7.991713
-7.961230
-7.983051
-7.981171
7.985378
7.980725
-7.987623
7.985996
7.995945
-7.974638
7.992637
-7.894888
-7.984811
7.991856
7.988632
-7.990883
-7.987654
-6.738784
-7.959323
7.961862
7.944170
-7.964691
-7.963302
-7.990692
7.990889
-7.980794
-7.985164
7.995827
7.990011
-7.950355
7.994706
7.981919
-7.985982
2.720942
7.978941
7.978117
-7.987215
-7.982233
7.975204
-7.992087
-7.981185
-7.854622
7.999998
7.989508
7.968385
-7.986838
7.988294
-7.990411
7.884546
7.910274
-7.962396
-7.945760
-7.974999
7.929050
5.263373
-7.987631
-7.982751
-7.986077
-7.991790
2.633242
7.993854
-7.987294
7.988797
-7.996720
7.981161
7.830835
7.994572
7.992831
-7.980781
7.999998
7.981152
7.987502
-7.983516
7.991259
-7.990988
7.989690
7.992221
7.996537
7.989609
7.993621
7.963969
-7.979390
7.987539
-7.982941
7.992469
7.993242
7.958420
-7.985986
-7.927627
-7.983886
7.928293
7.985945
-7.989189
7.995837
7.987872
-7.999998
-7.993847
7.974990
-7.990007
7.988727
7.983715
-7.980266
6.993998
-7.979687
7.981757
-7.991884
7.890086
-7.992255
-7.935875
7.989234
-7.950803
-7.991469
-7.995068
-7.968224
7.544874
-7.978708
-7.917564
7.973277
7.955528
-7.987761
7.985025
-7.933103
-7.947618
7.999998
7.988175
-7.989949
-7.984865
-7.990050
7.967077
-7.960193
-7.984820
-7.983344
-7.986565
-7.975026
7.973316
7.985192
7.977032
7.990163
-7.985343
7.986352
7.981188
7.693334
-7.982903
7.931384
7.852271
-7.674697
7.987499
-7.989781
-7.986923
-7.991174
-7.970978
7.983447
4.375444
-7.209644
-7.978625
-7.983836
7.990001
-7.997330
7.995831
7.967317
-7.970223
7.960617
7.984490
-7.989917
7.983242
-7.990699
7.991662
7.940878
-7.490132
6.941707
4.772304
-7.991314
-7.968873
7.830232
-7.978115
-7.990383
-7.941938
-7.986279
7.955322
-7.980045
-7.986712
7.964903
-7.989552
7.989215
7.990653
6.884485
-7.991495
-7.981659
7.989691
7.987795
-7.992004
-7.971174
-7.980938
7.972676
-7.983780
-7.979080
7.994325
-7.990621
7.995081
-7.959633
7.977831
-7.995104
-7.872775
7.959741
7.990721
-7.784864
-7.965760
-7.985028
-7.941208
-7.920249
7.990109
7.969985
7.982672
-5.694959
-7.959527
7.983126
-7.988189
7.995946
-7.990717
-7.982348
7.993716
-7.987924
-7.989168
7.989625
7.958833
7.999998
-7.987254
-7.974482
7.866998
-7.986762
7.473296
7.993805
7.990406
7.985407
7.976685
7.988363
-7.965560
-7.985366
-7.977764
7.989429
4.444032
7.945176
-7.979766
-7.984739
-7.992293
7.991273
7.785537
7.991793
-7.989718
-7.932350
-7.994522
7.994141
-7.986900
7.975348
7.988333
7.991300
7.924497
-7.989988
7.982317
6.688570
7.992090
-7.987033
7.983272
-7.939181
-7.964016
-7.928294
-7.991148
7.979442
7.947830
-7.938368
7.072056
-7.961074
-7.988918
7.990758
7.996832
-7.973921
7.959020
-7.980876
5.701164
7.983028
7.965408
-7.954485
-7.965676
-7.992332
7.979209
7.628007
-7.990710
7.977649
6.946621
7.988735
-7.992679
7.989053
7.986299
-7.987186
-7.986588
-7.991874
-7.970829
-7.982456
7.988236
-7.983816
7.990386
-7.974663
-7.989174
-7.982692
7.981443
-7.989449
-7.987874
-7.974349
-7.991833
-7.971684
-7.993849
7.989097
-7.984884
7.984027
-7.989772
-7.989480
7.726113
7.990324
-7.957005
7.999998
-7.935528
-7.888738
-7.988114
-7.986055
-7.973318
7.980220
-7.981182
7.953200
-7.974833
7.964396
-7.982292
7.989721
7.989745
-7.980371
-7.917920
-7.991496
-7.987490
-7.911821
7.989653
-7.994198
-7.961613
-7.997714
-7.950553
-7.991501
7.989182
7.983578
-7.997234
7.987400
-7.997436
7.988487
-7.989166
-7.989187
-7.970209
7.986727
7.994714
-7.975442
7.989910
7.977884
-7.928153
-7.994372
-7.905668
-7.984964
7.990692
-7.854402
-7.994386
-7.113251
-7.908403
-7.530828
-7.997006
-7.994286
-7.983312
7.991498
7.985196
7.765339
7.994584
7.982735
7.925946
7.981146
-7.756151
-7.914888
7.993121
-7.912923
-7.786746
-7.430222
-7.609566
-7.986346
7.987236
-7.985626
7.532010
7.991875
7.972163
-7.994104
-7.999163
-7.790467
-7.988146
7.937182
7.739154
-7.979192
-7.996600
7.983023
-7.985370
-7.813168
7.982564
7.992342
-7.962179
-7.931971
-7.990909
-7.993627
-7.996428
7.988333
7.995122
-7.989979
7.981933
7.987319
-7.961033
7.763061
7.991538
7.989001
-7.896701
2.178348
7.966728
-7.993991
-7.990289
-7.995404
-7.989906
7.990076
7.927903
-7.990546
7.994310
-7.963919
7.992121
7.987884
7.996058
7.961852
7.989949
7.981989
7.985167
7.984937
-7.932958
-7.622073
-7.986909
-7.862151
7.981019
-7.987318
7.988650
7.999998
-7.971376
-7.971381
-7.990469
-7.993795
-7.986549
-7.705731
-7.980646
-7.951237
7.981281
-7.986636
7.975230
-6.004804
-7.995853
-7.945169
-7.985428
-7.989234
-7.982271
-7.984866
-7.991522
-7.983435
7.988140
-7.993233
-7.963237
7.995583
-7.999998
7.541717
7.993859
7.977376
7.999998
-7.980127
7.847135
7.968552
7.988182
-7.987131
-7.989414
-7.898507
-7.986141
-7.984673
7.989847
-7.987456
7.989085
-7.994116
7.971152
-7.991104
7.984650
7.987553
7.990097
-7.969883
7.990166
7.986343
-7.976806
7.993855
7.986333
-7.974786
-7.989530
7.994277
7.984447
-7.988645
7.991493
7.991981
-7.972903
7.984989
7.987685
7.976521
7.444292
7.989267
-7.943428
7.958623
7.995432
-6.183800
-7.972766
-7.985993
-7.994622
7.986168
-7.997606
7.976144
7.950595
7.987820
7.964185
7.990018
7.989973
7.989889
-7.991797
7.993045
1.053372
7.996379
-7.869501
7.986154
-7.984575
-7.922014
7.855585
-7.981530
-7.883086
7.986247
7.986098
7.992509
-6.952306
7.968490
7.989800
7.996288
-7.988878
-7.957850
-7.989866
7.993738
7.975491
-2.696252
-7.979022
7.973077
7.977648
7.987084
-7.972630
7.985549
-7.983635
-7.994443
7.987524
7.984603
7.988109
7.980431
7.994110
-7.969314
7.996699
-7.944131
-7.988641
-7.999998
-7.933323
7.967551
7.992464
7.990250
-7.944580
-7.976996
-7.991459
7.989129
7.989768
7.987127
-1.244344
-7.992195
7.979404
-4.994102
7.995179
7.968921
-7.994551
-7.976486
7.982241
-7.968579
7.981432
-7.984661
7.992387
-7.856161
7.958316
-7.991363
7.986768
6.885426
7.972417
7.990959
7.983016
7.976471
7.991209
-7.972112
7.987294
7.979770
7.963415
7.991608
-7.986509
-7.966350
-7.993851
7.983792
-7.996137
-4.492647
-7.973012
-7.991625
7.993758
-7.990837
7.953070
7.986853
-7.969038
-7.981632
-5.389013
7.988357
-5.706525
7.986783
7.939839
-7.987805
-7.996392
-7.992601
-7.982894
4.927712
-7.982187
7.986859
7.982344
-7.975723
-7.862777
7.994578
-7.994389
7.951906
-7.982295
-7.976460
-7.976731
7.990126
-7.982695
7.971799
7.999998
7.974256
7.891899
-7.977036
-7.982948
-7.954150
-7.985368
7.996220
-7.578931
-7.999888
7.939833
7.981120
-7.999998
-7.993810
-7.979088
7.992561
-7.991073
7.967307
-7.983660
-7.983484
7.992880
-7.975414
-7.985137
7.993891
7.990064
7.981945
-7.990658
6.734213
-7.488204
7.988385
7.988029
7.988199
7.990905
7.985381
-7.988529
-7.989356
-7.988015
7.893852
7.990626
-7.985473
-7.985779
7.743276
-7.986435
-7.994858
-7.991932
7.984764
7.913320
7.994307
7.977831
-7.990337
-7.990960
-7.980102
7.969453
-7.981265
-7.990963
-7.988451
-7.974758
7.975897
7.966089
-7.988069
7.978267
-7.986553
7.996095
7.878402
7.993166
-7.993140
-7.993570
-7.986783
-7.996810
-7.984097
-7.987698
-7.993555
7.987061
7.988234
-7.990729
7.982214
7.978037
7.987483
7.985067
-7.993112
7.993036
7.989188
-7.981549
-7.988408
7.986765
-7.986273
7.987510
7.985012
-7.989201
-7.888905
7.992983
7.976329
7.982541
-7.991299
7.992317
7.995809
-7.990311
-7.859592
7.993795
7.988503
7.976774
-7.996210
-7.942916
-7.986516
-7.986450
7.968041
7.994799
7.993081
-7.440637
7.993188
-7.913366
-7.968018
-7.828777
-7.991993
-7.993746
7.994634
-7.979322
7.947130
7.989623
7.983595
7.993969
7.988544
-7.290944
7.973993
-7.977584
-7.992585
-7.950910
-7.891185
-7.988614
7.999998
6.164577
-7.977196
-7.993160
-7.991886
-7.982046
-7.993580
7.962330
7.987818
-7.986382
7.991850
-7.968123
-7.953998
7.992383
-7.987384
7.999998
-7.996830
-6.376926
7.985851
-7.992266
7.971932
-7.995491
7.957652
7.995167
7.985098
7.996023
7.983092
7.996370
-7.984390
-7.990667
7.868514
-7.990319
7.973086
7.994603
7.996934
-7.988421
-7.986473
7.989210
7.991074
7.990785
7.991419
7.914213
-7.971953
7.988989
7.763868
7.995345
-7.994390
7.901643
7.974111
7.992983
-7.988840
7.974213
-7.991623
-7.984568
-7.994604
7.982857
-7.843965
7.993319
4.327778
-1.114553
-7.981483
7.993485
-7.988970
5.775985
-7.903183
-7.989856
-7.982867
-3.501270
-7.979999
7.990119
-7.988285
7.981480
-7.986491
-7.983448
7.974306
-7.977498
-5.964423
7.985086
-7.992772
7.982937
7.989823
7.985378
7.994676
-7.982838
-7.994160
-7.841635
-7.992351
-7.989783
7.992017
-7.966158
7.994837
7.989161
7.986106
-7.973632
-7.677801
-7.982759
7.982988
5.909221
-7.799825
7.990569
7.984815
7.989328
-7.991637
-7.965063
-7.994358
7.986503
7.972378
-7.988433
7.840232
-7.967220
7.988888
7.996368
-7.448084
-7.992968
-7.973754
-7.978170
4.550852
7.985584
-7.991807
-7.950561
-7.973882
-7.985384
7.964907
7.956414
-7.990703
-7.777632
7.999998
7.985525
-7.982679
-7.964190
-2.441437
7.992138
7.993120
-6.496707
-7.999998
7.968804
7.985197
7.989906
7.993151
-7.988670
7.992833
7.938231
7.997251
7.980467
-7.999998
-7.939985
-7.599459
-7.958648
-7.932934
7.977191
7.996069
7.990791
-7.975809
-7.972989
-3.799704
6.894497
-7.749490
-7.990978
-7.991534
-7.992051
7.967881
7.977831
7.996578
7.988431
-7.981865
-7.979510
-7.994504
7.989176
-7.972400
-7.991938
7.989395
7.988019
7.975201
-7.990244
7.983248
-7.962995
2.699262
-7.972287
-7.988369
7.990430
7.990430
-7.951111
7.984068
7.990720
7.996728
7.976001
-7.988432
-7.948163
7.995145
-7.204873
7.929343
-7.994196
-7.995037
-7.930081
7.993780
-7.991999
7.991474
7.964456
7.980096
-7.899987
7.883146
-7.994972
-7.814304
-2.125051
-7.983662
7.989403
-7.993375
7.954343
-1.752153
-7.984885
7.988887
7.986526
-7.986446
7.999997
7.994770
-7.662276
7.989708
-7.990449
7.996644
-7.993384
-7.984220
-7.986640
5.449965
7.992159
7.984075
7.987220
-7.988975
-7.986579
-7.941456
7.952370
-6.584958
6.763567
-7.989226
-7.969614
7.992431
-7.986271
4.340434
-7.967681
-7.988379
-7.999998
-7.916462
7.984824
-7.986210
7.985997
-7.987014
7.981621
-7.988405
-7.995407
7.819750
7.977399
7.993294
7.972459
7.992873
7.986957
-7.984345
0.462184
-7.987274
-7.712998
-7.956685
7.992055
7.235355
-7.091004
7.986298
-7.992978
-7.966493
7.994330
-7.991357
-7.992459
7.987352
7.990549
-7.992188
-7.951241
-7.985030
-7.992367
7.993661
