5.334000	50	0.100000	ARCHIVOS_REDES\ER\ER_778.txt
-9.900133	0.775595
-9.997491
-9.987789
-9.992833
-9.951205
-9.999893
-9.999940
-9.995068
-9.999985
-9.933605
-9.999999
-9.875945
-9.681825
-9.999978
-9.842652
-9.999724
-9.999941
-9.902562
-9.996119
-9.995562
-9.976236
-9.999996
-9.984584
-9.950156
-9.997781
-9.975078
-9.970314
-9.999990
-9.981817
-9.999030
-9.817450
-9.999977
-9.998415
-9.996010
-9.965720
-9.999884
-9.999992
-9.999982
-9.999863
-9.593549
-9.815708
-9.999994
-9.981054
-9.843338
-9.900310
-9.999795
-9.999994
-9.996092
-9.964511
-9.999969
-9.954191
-9.999989
-9.948538
-9.926193
-9.997846
-9.999990
-9.986673
-9.547720
-9.985168
-9.987443
-9.999964
-9.287796
-9.928553
-9.997414
-9.995891
-9.967982
-9.960762
-9.999986
-9.864915
-9.998599
-9.999996
-9.993995
-9.996283
-9.999994
-9.992602
-9.999716
-9.958097
-9.997323
-9.999647
-9.999992
-9.984886
-9.999627
-9.999246
-9.999719
-9.999967
-9.999714
-9.999986
-9.971114
-9.994446
-9.964348
-9.999989
-9.790526
-9.973129
-9.999995
-9.996524
-9.966872
-9.999995
-9.999981
-9.999515
-9.999896
-9.999976
-9.891985
-9.961181
-9.999965
-9.994274
-9.998417
-9.992893
-9.967866
-9.999989
-9.939243
-9.996859
-9.948327
-9.926898
-9.984604
-9.984861
-9.314336
-9.999763
-9.996847
-9.999992
-9.999976
-9.671454
-9.977493
-9.958019
-9.963260
-9.999087
-9.992293
-9.767897
-9.972877
-9.994896
-9.989625
-9.999995
-9.983994
-9.998855
-9.992446
-9.996772
-9.960577
-9.968170
-9.999992
-9.999994
-9.909238
-9.978256
-9.617732
-9.940222
-9.985757
-9.999972
-9.999990
-9.995833
-9.999997
-9.999978
-9.982788
-9.951070
-9.983700
-9.998562
-9.950036
-9.999841
-9.999779
-9.999641
-9.999999
-9.991128
-9.993295
-9.999994
-9.934561
-9.999985
-9.911861
-9.994134
-9.860309
-9.984942
-9.998878
-9.881118
-9.985300
-9.995302
-9.999419
-9.979926
-9.999192
-9.997514
-9.999678
-9.999994
-9.986356
-9.999987
-9.999318
-9.999916
-9.998089
-9.999971
-9.996120
-9.999987
-9.753451
-9.999803
-9.994059
-9.999290
-9.997459
-9.961555
-9.999491
-9.949942
-9.952985
-9.999936
-9.997389
-9.998281
-9.999991
-9.989725
-9.638283
-9.989850
-9.955307
-9.999990
-9.889810
-9.999268
-9.980358
-9.999906
-9.987182
-9.638690
-9.998778
-9.978477
-9.999970
-9.999990
-9.923555
-9.884354
-9.993026
-9.999700
-9.986919
-9.992219
-9.999833
-9.999839
-9.996880
-9.999338
-9.999998
-9.989286
-9.989018
-9.992118
-9.999638
-9.999739
-9.986885
-9.962323
-9.991028
-9.942062
-0.000000
-9.999991
-9.998325
-9.999964
-9.789883
-9.950194
-9.967780
-9.999996
-9.999935
-9.999996
-9.999979
-9.948026
-9.981067
-9.999266
-9.999872
-9.784042
-9.952634
-9.890983
-9.995568
-9.998466
-9.998954
-9.903691
-9.996675
-9.998123
-9.999287
-9.998275
-9.997538
-9.985113
-9.999985
-9.999985
-9.985410
-9.999901
-9.991406
-9.999913
-9.999983
-9.668688
-9.997887
-9.928313
-9.999950
-9.989208
-0.000000
-9.999994
-9.989752
-9.966515
-9.789405
-9.931502
-9.982259
-9.921069
-9.293878
-9.999955
-9.997806
-9.890913
-9.999997
-9.976371
-9.743705
-9.978543
-9.994905
-9.999541
-9.616604
-9.999948
-9.993276
-9.999990
-9.995970
-9.985289
-9.999989
-9.999997
-9.858629
-9.999997
-9.999255
-9.980357
-9.973147
-9.881678
-9.854338
-9.985025
-9.999995
-9.999915
-9.935580
-9.999985
-9.993811
-9.995548
-9.971830
-9.989359
-9.995711
-9.992206
-9.374122
-9.871165
-9.979763
-9.999948
-9.962636
-9.989541
-9.781189
-9.980387
-9.999996
-9.943540
-9.357867
-9.986167
-9.990591
-9.974738
-9.994061
-9.997786
-9.999721
-9.985532
-9.946871
-9.999989
-9.997704
-9.999925
-9.920070
-9.999992
-9.996891
-9.983878
-9.999985
-9.996379
-9.977465
-9.804074
-9.999983
-9.999987
-9.999993
-9.977496
-9.988551
-9.967605
-9.999772
-9.981531
-9.982782
-9.973992
-9.988354
-9.991246
-9.984356
-9.842073
-9.874824
-9.973552
-9.999009
-9.995067
-9.999997
-9.978099
-9.994839
-9.680336
-9.999997
-9.999561
-9.999998
-9.982143
-9.999800
-9.999996
-9.999975
-9.996539
-0.000002
-9.999950
-9.997165
-9.998512
-9.999979
-9.993565
-9.998070
-9.992935
-9.861828
-9.962853
-9.958899
-9.974014
-9.985036
-9.999992
-9.999995
-9.977062
-9.928664
-9.931647
-9.999497
-9.999515
-9.999997
-9.974163
-9.961928
-9.964844
-9.994717
-9.999775
-9.989444
-9.999283
-9.956553
-9.993300
-9.999972
-9.889885
-9.999960
-9.887393
-9.998403
-9.999986
-9.837282
-9.951003
-9.999589
-9.980696
-9.920283
-9.937661
-9.970995
-9.951530
-9.926497
-9.971234
-9.829536
-9.999593
-9.805330
-9.999998
-9.985825
-9.999985
-9.997071
-9.999995
-9.999419
-9.988679
-9.999989
-9.999897
-9.999816
-9.999995
-9.994247
-9.997999
-9.960292
-9.999920
-9.999873
-9.894808
-9.999990
-9.941070
-9.997031
-9.981609
-9.990535
-9.879105
-9.844839
-9.819017
-9.986111
-9.997065
-9.999987
-9.998353
-9.997980
-9.994317
-9.859703
-9.993239
-9.922324
-9.999747
-9.943864
-9.478549
-9.999681
-9.929718
-9.995762
-9.745774
-9.999995
-9.999496
-9.999982
-9.998387
-9.998485
-9.976913
-9.998972
-9.988954
-9.999325
-9.987079
-9.999841
-9.526793
-9.987592
-9.999996
-9.979230
-9.999993
-9.999994
-9.863761
-9.791211
-9.869743
-9.991486
-9.984698
-9.993549
-9.871767
-9.915789
-9.989544
-9.999939
-9.989658
-9.992295
-9.945165
-9.999130
-9.999277
-9.994146
-9.995413
-9.971588
-9.799954
-9.688151
-9.996187
-9.732869
-9.678554
-9.989931
-9.997011
-9.994127
-9.951759
-9.966026
-9.969184
-9.987533
-9.999772
-9.998129
-9.970665
-9.998034
-9.944646
-9.996562
-9.818809
-9.999892
-9.990313
-9.916052
-9.999975
-9.971033
-9.999989
-9.998435
-9.949336
-9.992325
-9.992392
-9.932755
-9.999993
-9.952631
-9.463068
-9.997837
-9.993574
-9.942339
-9.999971
-9.954526
-9.968809
-9.999750
-9.999337
-9.961847
-9.999995
-9.977396
-9.999934
-9.174253
-9.982912
-9.999753
-9.999121
-9.999996
-9.994960
-9.999996
-9.993010
-9.999979
-9.999619
-9.999700
-9.996179
-9.974175
-9.985152
-9.997452
-9.999911
-9.998163
-9.999430
-9.998570
-9.886705
-9.987946
-9.903186
-9.999772
-9.982302
-9.996546
-9.919223
-9.999999
-9.999882
-9.997109
-9.974423
-9.862815
-9.982058
-9.986709
-9.980548
-9.999766
-9.944881
-9.914370
-9.984712
-9.999651
-9.941002
-9.982494
-9.933998
-9.999995
-9.996648
-9.999649
-9.962298
-9.922153
-9.992059
-9.994457
-9.999994
-9.906170
-9.905674
-9.999975
-9.980117
-9.991922
-9.999097
-9.999988
-9.427405
-9.895907
-9.955977
-9.985528
-9.999990
-9.943449
-9.999933
-9.999961
-9.999946
-9.999993
-9.999935
-9.999990
-9.999473
-9.998774
-9.979527
-9.918648
-9.999996
-9.992701
-9.913160
-9.999861
-9.999992
-9.985221
-9.939885
-9.999997
-9.993231
-9.994975
-9.975653
-9.962862
-9.980694
-9.999970
-9.970370
-9.999861
-9.998537
-9.374451
-9.997185
-9.999895
-9.982645
-9.999298
-9.999992
-0.000002
-9.986288
-9.997934
-9.868380
-9.977137
-9.907567
-9.996141
-9.999958
-9.556266
-9.999996
-9.971657
-9.999496
-9.999947
-9.997663
-9.989365
-9.999293
-9.999716
-9.950470
-9.998728
-9.999995
-9.999998
-9.997926
-9.999838
-9.988237
-9.983817
-9.999778
-9.968703
-8.754293
-9.995993
-9.986429
-9.999102
-9.984463
-9.999020
-9.907392
-9.997786
-9.992571
-9.991090
-9.997422
-9.937294
-9.998928
-9.998806
-9.941488
-9.849029
-9.874824
-9.999965
-9.999847
-9.999996
-9.989337
-9.999906
-9.979884
-9.999911
-9.971317
-9.999610
-9.999959
-9.463266
-9.985982
-9.999958
-9.999728
-9.999037
-9.989751
-9.863061
-9.996972
-9.999062
-9.990476
-9.610390
-9.935776
-9.994185
-9.999997
-9.999994
-9.997594
-9.999996
-9.999853
-9.999997
-9.998750
-9.980838
-9.999995
-9.980179
-9.996668
-9.999667
-9.999992
-9.912405
-9.994443
-9.928467
-9.999906
-9.999545
-9.885137
-9.997511
-9.553822
-9.965286
-9.999966
-9.972442
-9.989885
-9.980968
-9.999038
-9.996402
-9.999937
-9.999979
-9.938955
-9.999659
-9.995297
-9.965650
-9.989924
-9.999997
-9.963719
-9.993078
-9.999123
-9.840882
-9.860269
-9.981605
-9.999758
-9.949949
-9.999965
-9.951009
-9.824081
-9.998409
-9.998336
-9.992322
-9.998333
-9.999376
-9.999708
-9.997640
-9.999997
-9.999984
-9.973004
-9.871658
-9.890522
-9.935129
-9.999989
-9.999457
-9.959967
-9.585759
-9.999651
-9.973406
-9.997531
-9.999978
-9.984347
-9.995649
-9.999276
-9.999459
-9.969615
-9.999944
-9.975834
-9.999955
-9.932312
-9.974251
-9.983418
-9.941751
-9.967612
-9.999922
-9.936644
-9.999954
-9.996411
-9.809682
-9.939116
-9.999998
-9.999918
-9.998682
-9.999968
-9.999996
-9.999862
-9.947881
-9.663135
-9.933907
-9.946744
-9.998997
-9.999989
-9.983278
-9.999987
-9.999797
-9.999993
-9.826179
-9.946443
-9.987478
-9.996393
-9.999960
-9.998966
-9.999786
-9.981315
-9.999037
-9.980901
-9.995351
-9.999994
-9.997138
-9.999931
-9.996562
-9.999239
-9.996205
-9.916149
-9.999998
-9.999997
-9.870348
-9.994856
-9.998002
-9.999734
-9.927632
-9.918279
-9.999820
-9.960554
-9.999569
-9.997121
-9.997366
-9.997954
-9.938631
-9.973371
-9.998026
-9.999090
-9.987220
-9.993295
-9.999911
-9.994903
-9.994506
-9.999979
-9.999943
-9.854782
-0.000003
-9.962945
-9.976374
-9.999995
-9.999943
-9.967918
-9.999941
-9.998104
-9.999682
-9.889064
-9.902191
-9.998123
-9.992447
-9.963649
-9.996820
-9.996474
-9.969090
-9.875303
-9.994530
-9.951538
-9.995157
-9.904832
-9.532942
-9.999974
-9.999994
-9.978931
-9.988838
-9.998210
-9.976083
-9.995765
-9.919062
-9.994027
0.000002
-9.886313
-9.999997
-9.988891
-9.997860
-9.921813
-9.862199
-9.999136
-9.951336
-9.999848
-9.913724
-9.896402
-9.999998
-9.999987
-9.993660
-9.998608
-9.999909
-9.999974
-9.999292
-9.999975
-9.972524
-9.963566
-9.960780
-9.999950
-9.999950
-9.999995
-9.998917
-9.947488
-9.999943
-9.984210
-9.999915
-9.999562
-9.999258
-9.999394
-9.842166
-9.999643
-9.989531
-9.998729
-9.999936
-9.978394
-9.969902
-9.986668
-9.986737
-9.999743
-9.954277
-9.999415
-9.985654
-9.999996
-9.994823
-9.981932
-9.996747
-9.996966
-9.995039
-9.999997
-9.999997
-9.995904
-9.982203
-9.997584
-9.999166
-9.979802
-9.993769
-9.996704
-9.999992
-9.982989
-9.995680
-9.899951
-9.934869
-9.992282
-9.999817
-9.954658
-9.993724
-9.999765
-9.940377
-9.999991
-9.995617
-9.996799
-9.995244
-9.818902
-9.999960
-9.999991
-9.616661
-9.999998
-9.999994
-9.963826
-9.999826
-9.994132
-9.909921
-9.999737
-9.980179
-9.999935
-9.966755
-9.999440
-9.950289
-9.998788
-9.999992
-9.999999
-9.999494
-9.999902
-9.999991
-9.999997
-9.990559
-9.999993
-9.993237
-9.989889
-9.959003
-9.999834
-9.963203
-9.999785
-9.998183
-9.975342
-9.832999
-9.984023
