10.000000	1.200000	50	0.100000	ARCHIVOS_REDES\ER\ER_678.txt
-0.294285	9.957006
9.989168
-9.998418
-9.994765
-9.997726
-9.997794
-9.999234
-9.995182
-9.997982
9.983248
-9.994178
-9.986653
9.996838
-9.992207
9.989769
-9.995114
-9.994826
-9.990939
-9.994405
-9.994388
-9.994946
-9.994157
9.995900
9.234540
-9.997755
9.996300
9.989939
9.995119
9.995993
9.993358
9.996842
9.998397
-4.734291
-9.994301
-9.995750
-9.994186
9.997904
9.990365
9.994115
-9.989717
9.997111
-9.990502
9.997326
-9.992942
9.985818
9.995580
9.995011
-9.998658
-9.998995
-9.986924
-9.998143
9.995628
-9.997848
-9.997195
-9.996108
-9.995494
9.989221
-9.926109
-9.947306
-9.988715
-9.997375
-9.997982
9.994607
-9.994037
9.992837
-9.995624
-9.976585
-9.996420
9.996276
-9.996729
9.995699
-9.992997
-9.998499
9.996995
-9.997589
-9.995832
-9.997202
9.986884
-9.942767
9.996196
-9.996004
-9.993884
-9.997100
9.989196
-9.997079
9.997325
-9.994024
-9.976969
-9.997821
-9.997806
9.994965
9.988996
-9.995555
9.991702
9.987606
10.000000
-9.995259
9.997963
9.834338
9.994957
-9.997558
-9.991509
-9.996805
-9.998839
-9.992077
9.995329
-9.996039
9.983789
-9.995548
-9.998159
-9.994413
9.990264
-9.994099
-9.995585
9.999032
-9.997590
9.986901
9.995204
-9.992107
-9.996290
9.996246
9.998913
-9.998539
-9.993383
-9.994516
9.995858
-9.997499
-9.994134
9.996491
-9.989957
-9.996136
-9.882717
9.989400
9.975366
9.992020
-9.993121
-9.993768
9.989086
-9.994670
9.994277
-9.973711
-9.998100
9.996663
-9.995666
-9.997023
-9.991126
9.997974
-9.988034
-9.975802
-9.994188
9.995250
9.989158
-9.995386
9.993546
9.997185
-9.992254
-9.999999
9.996351
9.951736
-9.998287
9.989855
-9.991940
-9.984732
-9.992779
-9.996889
-9.995455
9.996057
-9.998578
9.994052
-9.991780
9.996269
9.988804
9.996673
-9.995519
9.998812
-9.995919
9.996235
-9.998590
9.997688
9.997496
9.997623
-9.697094
9.997243
-9.996972
-9.998199
-9.998163
-9.997611
9.993941
9.995453
-9.989194
9.997400
9.994400
9.998761
-9.994431
-9.997758
-9.955727
-9.996665
9.982100
9.996808
9.996601
-9.998326
-9.996986
9.998442
9.995625
-9.997601
-9.995067
-9.993978
-9.995841
-9.993304
9.996640
9.987002
-9.999355
-9.995647
9.998564
9.997944
-9.996904
9.996786
9.974774
-9.998393
-9.996757
9.990559
9.996292
9.998053
9.977620
9.997635
-9.998101
9.995944
-9.994192
9.996409
-9.995527
-9.998086
-9.995563
-9.996247
9.997409
-9.997539
-9.997267
9.996008
9.989309
9.998630
-9.992902
9.998271
-9.996451
9.987412
9.993602
9.996196
9.995280
9.973368
-9.993713
-9.998793
-9.995066
9.995842
9.999999
-9.996638
9.996377
9.997869
-9.987257
9.997424
9.997118
-10.000000
-9.995253
9.995696
9.889575
9.993891
-9.992169
-9.992374
-9.993300
-9.995965
9.993223
9.996319
9.992833
-9.994576
-9.997468
9.997152
-9.990197
-9.995614
9.996397
9.994356
9.991078
-9.995586
-9.993246
9.997799
-9.998162
-6.674243
9.984604
-9.997355
9.998679
-9.992581
9.980613
-9.997325
-9.979907
9.997844
-9.992878
-9.992778
9.990154
-9.992691
9.996578
9.981811
9.993833
-9.993639
9.993978
-9.997326
9.995484
9.992932
10.000000
9.992853
-9.993885
9.992936
-9.995015
-9.998924
-9.995896
9.990789
9.998491
9.991969
9.995675
9.994478
-9.989428
9.990752
9.997914
9.994979
-9.996651
-9.980296
-9.998564
9.991580
9.994579
-9.995184
-9.998568
9.990828
9.982196
9.995562
-9.997661
-9.994126
9.992903
9.993395
-9.994993
9.996568
9.995902
9.996319
-9.996484
-9.999007
9.995411
9.996269
-9.997290
-9.994135
-9.996857
-9.995498
9.996710
9.968459
9.986617
9.995602
-9.993030
9.998646
9.989933
9.968116
-9.989438
-9.994014
9.989623
9.995641
-9.991085
-9.995349
9.994655
-9.997174
9.996774
9.997625
-9.988393
-9.999999
9.996608
9.997308
9.999172
9.995977
-9.995900
9.999097
9.987660
-9.994268
-9.996478
9.976039
9.996989
-9.981466
-9.993847
-9.996656
9.990888
-9.996776
-9.998528
9.994444
-9.996362
-9.996228
-9.998973
9.985770
-9.997728
-9.996128
9.995840
9.994342
9.998292
9.992568
-9.994472
-9.993817
9.996871
9.997531
-9.983752
9.996399
-9.999120
-9.996375
-9.995891
-9.996944
-9.998868
-9.989272
9.998160
9.991055
9.998514
9.998558
9.994865
-9.992659
-9.993986
9.950400
9.992326
9.994307
-9.995114
-9.996907
9.989374
9.995361
9.996457
-9.996562
9.997399
9.994202
9.991592
9.997618
-9.998551
9.995847
9.994749
9.995552
9.995763
-9.998728
9.996255
-9.995174
9.992385
9.998672
9.998107
9.996442
9.995462
9.996752
9.995483
-7.320249
9.996667
9.995636
9.997727
5.245839
-9.998433
-9.995891
-9.992131
9.991962
-9.997118
-9.996735
-9.994735
9.996121
9.989081
9.998710
-9.998894
-9.995903
-9.989994
9.986309
9.997770
9.994597
9.996482
9.992208
-9.997262
-9.989150
-9.996068
9.993320
9.996284
9.997400
9.997301
-9.997304
9.996308
9.978717
-9.964952
-9.997101
9.993021
9.999999
9.997236
-9.998280
9.996373
9.965679
-9.995268
-9.993097
9.993807
9.995379
-9.994181
9.990994
-9.996930
9.996597
-9.992554
-9.997050
9.995267
-9.993145
9.973610
9.995850
9.997143
-9.996480
-9.996061
-9.996376
9.997071
9.998122
9.904958
-9.987161
-9.998078
9.994846
-9.998150
-9.994640
-9.999315
-9.994573
-9.997799
-9.986733
9.995433
-9.999123
9.995452
-9.996744
9.319344
9.995125
9.996146
-9.996664
9.992573
-9.995600
-9.997971
-9.995206
9.998409
-9.996202
-9.993954
9.984546
-9.985248
-9.997700
-9.948413
9.997002
-2.403968
9.993148
9.975257
-9.993354
9.996417
9.976597
9.982749
9.979675
-9.996000
-9.967067
-9.994082
-9.998876
9.981922
9.996458
9.995913
9.985261
-9.971333
9.995705
9.989317
8.347991
-9.999354
9.996360
-9.994264
-9.997043
-9.998186
-9.993725
-9.998171
-9.997669
-9.995312
-9.996575
9.979828
-9.996914
-9.999331
9.996502
-9.991648
-9.995525
-9.995910
9.601480
9.994096
-9.995534
1.189259
-9.992051
9.987086
-9.993416
-10.000000
9.994354
9.958955
-9.997595
9.996766
9.992135
-9.994210
9.988805
9.996814
-9.997274
9.996000
9.994688
-9.989339
-9.994620
9.996099
-9.998769
-9.997195
9.996312
9.994281
9.998603
9.997650
-9.994381
-9.998237
9.991761
9.996394
-9.997131
-9.997556
-9.997246
-9.976452
9.994521
-9.996164
9.992673
-9.996633
-9.994595
9.994380
-9.988019
9.994106
-9.964686
-9.977052
-9.996859
9.994522
9.866063
-9.996364
9.995805
9.994854
-9.996794
-9.995935
9.992931
9.992467
-9.986870
9.998877
9.997806
-5.820890
9.997705
-9.989557
9.993295
-9.997537
9.997670
-9.983867
-9.980961
9.996214
9.995581
-9.996381
9.991377
-7.357331
9.997049
-9.997774
-9.997446
-9.997293
-9.995801
9.994099
-9.988394
9.992272
-9.996658
9.995411
9.999112
9.996262
-9.993628
-9.997334
-9.992506
9.997559
-9.994469
-9.998117
9.995526
-9.997185
9.998449
-9.999060
-9.994009
9.998135
-9.996686
9.992232
9.996467
-9.992454
9.996156
-9.994025
9.995400
9.990360
-9.996153
-9.997719
9.993186
9.999012
9.996921
9.995202
9.987160
-9.995312
-9.996549
9.993568
-9.997389
-9.989560
9.995451
-9.997283
9.998361
-9.998412
-9.995652
9.987128
9.995656
9.984236
-9.993295
-9.998809
9.995699
-7.633384
-9.999994
-9.996331
-9.993711
9.997366
-9.998800
9.998618
-9.992970
9.999005
-9.994998
9.995419
-9.993117
-9.996649
10.000000
-9.997264
-6.825002
9.988305
9.996080
9.993472
9.995358
-9.994846
9.995436
-9.994489
-9.994464
9.914492
9.999109
9.994115
9.995790
9.995544
-9.995974
9.997773
-9.995374
-10.000000
-9.995889
9.993613
9.999218
-9.992821
-9.996726
-9.997113
-9.982020
9.997082
9.997656
9.997137
-9.996693
-9.950042
9.995130
-9.997819
9.992038
9.995187
9.977999
-9.996930
9.995526
9.992190
-9.995373
9.991124
9.997883
9.996758
-9.995463
9.996255
9.988184
9.996995
9.991713
-9.997545
9.998658
9.997822
-9.997238
9.995435
-9.998988
-8.869788
-9.998423
-9.994791
-9.997555
-8.768431
9.983470
-9.996306
9.996873
9.992295
-9.994020
-9.997030
9.991866
-9.998429
9.998445
9.997837
9.998181
9.996313
-9.995425
9.994645
-9.996686
-9.996818
-9.996104
9.995057
9.997908
9.987380
-9.642191
-9.999349
9.998757
9.993838
-9.996399
9.993109
-9.992744
-9.999255
-9.999086
-9.996443
-9.997038
9.988780
-9.995596
9.995628
9.991760
9.998111
-9.996017
-9.990061
9.997338
9.985695
9.978543
9.997244
-9.994759
9.975561
-9.985129
-9.999004
-9.995904
9.986511
9.990091
9.999999
-9.997848
-9.997768
-9.992306
9.995879
9.992600
9.995960
9.997429
-9.980388
10.000000
10.000000
-9.997893
-9.990243
-9.890379
9.991321
9.997143
9.994520
-9.998160
9.994307
-9.998564
9.994667
9.994260
9.921582
9.993660
9.995590
9.998512
-9.991423
-9.996373
-9.995975
-9.997356
9.994081
9.997185
9.996843
-9.995202
-9.992113
-9.991760
9.752193
9.997052
-9.995469
9.992817
-9.997268
-9.997818
9.995649
-9.991221
9.996207
9.993956
-9.937686
-9.995177
9.997351
9.995417
-9.994616
-9.993888
-9.994213
-9.990779
9.994505
9.995873
9.996461
-9.992729
-9.994274
9.996121
9.991290
-9.997880
9.992609
-9.990332
-9.996407
10.000000
9.996692
9.997226
-9.994295
9.997568
-9.978602
9.996542
-9.996115
9.992631
-9.997486
-9.985940
9.994141
-9.996879
-9.992981
-9.994441
-9.740806
-9.998519
-9.994364
-9.995616
9.986155
9.995877
-9.996855
9.998847
9.997100
9.997692
9.994961
9.982852
9.978908
9.997152
-9.994578
9.992989
9.995201
-9.999284
-9.997772
-9.998035
-9.998749
-9.988972
-9.978891
-9.995500
-9.998558
9.997289
-9.994421
9.996545
-9.994144
-9.995013
9.996944
6.965029
-9.996057
-9.994444
9.984951
-9.824505
-9.995507
9.997386
9.994355
-9.998786
-9.994989
9.987770
9.998750
-9.991432
9.995224
-9.996974
-9.996047
9.995026
-9.981553
9.996649
-9.996031
-9.998278
9.998160
9.998240
-9.996595
-9.997187
9.996752
9.994019
9.996473
9.994850
-9.998610
-9.987509
9.998855
9.994034
-9.997506
-7.002850
-9.995396
9.997059
9.990102
-9.997001
-9.998762
-9.994448
9.993535
9.997372
10.000000
9.996492
9.995132
-9.996419
9.992165
-9.997430
9.999984
-9.997391
9.997877
9.995394
9.997387
9.997694
-9.986414
-9.989676
-9.997003
9.354630
9.995654
9.995101
9.996383
-9.994023
-9.995178
-9.991547
-9.996841
9.988770
9.991868
-9.997368
-9.995197
9.980890
9.995169
-9.996860
-9.997238
9.996841
9.998373
9.995960
-9.983996
-9.989772
-9.996321
-9.994491
9.996392
9.995683
9.987849
-9.997449
-9.988696
-9.998199
9.996556
-9.994897
-9.991646
-9.993896
-9.985923
-9.995769
-9.996618
9.996317
-9.996957
9.994405
-9.997184
-9.998164
9.997902
9.997223
9.998198
-9.995842
9.978186
9.994940
9.994109
9.996838
9.995498
9.994205
-9.998031
-9.992930
9.997291
-9.998153
9.994770
9.980689
9.709449
9.993360
9.996464
-9.995089
9.995819
9.996262
-9.988063
-9.999424
-9.996273
-9.992887
-9.994521
8.257082
9.967119
9.998441
-9.994198
-9.997541
9.995142
9.998112
-9.994924
9.995633
9.996821
-9.998194
-9.985318
9.989421
-9.994535
-9.996395
-9.994693
-9.995837
9.995738
9.991142
9.993645
-9.974769
-9.995580
9.986810
-9.999999
-9.913120
9.995395
9.995148
-9.993941
9.994239
9.988554
9.995902
-9.992620
-9.996864
9.995345
-9.996765
-9.989786
-9.997704
9.987778
-9.986669
-9.985690
9.994729
-9.988307
9.996894
-9.997227
9.993132
-9.995374
9.986516
9.994895
10.000000
-9.994049
-9.996821
-9.996729
-9.996342
-9.997764
-9.996148
10.000000
9.966295
-9.997729
-9.996723
-9.996234
9.996725
9.996458
9.995324
-9.984505
-9.994391
-9.993822
-9.995024
-9.999046
-9.990311
9.992629
-9.999462
-9.980997
-9.999173
-9.997651
-9.992107
9.994857
9.995981
-9.997109
-9.905419
9.915228
9.995928
-9.993465
9.997153
9.992836
-9.995098
9.993564
9.991857
9.995086
-9.998227
9.997377
-9.987664
-9.999014
-9.999328
9.997637
-9.996367
9.998739
-9.997045
9.995509
9.996223
-9.997235
-9.994641
9.995965
-9.992301
-9.990398
9.950470
4.070870
9.997613
9.990854
9.996447
9.997146
9.996077
-9.997106
9.996642
-9.974685
-9.985716
-9.997585
9.998126
9.994208
9.997204
-9.996088
9.993576
9.978399
9.984377
9.996104
-9.994163
9.996337
-9.910909
9.991753
9.983305
-9.998446
9.997208
-9.996976
-9.996657
-9.997554
9.990897
-9.991084
9.996934
-9.998118
-9.993569
-9.998029
-9.990926
-9.997471
-9.996750
9.993593
-9.494834
-9.997214
9.998153
9.996361
9.710582
9.993106
9.992572
9.988103
-9.997219
9.990094
-9.998166
9.989349
9.995071
10.000000
-9.997295
9.976259
-9.994141
-9.998031
-9.992743
9.967894
-9.998748
9.993465
-9.996410
-9.997014
-9.996311
-9.993992
9.993601
9.996202
-9.987141
9.996451
-9.997880
-9.998471
-9.992519
-9.995430
-9.995250
-9.686985
9.985331
9.997907
-9.998435
-9.985047
9.989055
9.997166
-9.995843
9.995927
9.991369
-9.995695
9.995322
-9.995541
-0.075423
-9.994600
9.995457
9.996355
-9.996631
9.995601
-9.996737
9.997412
9.996810
-9.994166
-9.994326
9.994203
-9.994123
9.870209
-9.993973
-9.998162
9.989500
-9.998362
-9.998473
9.997778
9.994604
-9.994203
9.997274
9.996407
-9.996027
-9.992481
-9.996228
9.994961
-9.922728
-9.998045
-9.922980
-9.997055
9.995601
-9.996667
-9.997157
9.998478
9.957803
-9.995794
9.991307
6.044564
-9.971849
9.997278
-9.995044
9.993507
9.994397
9.995490
-9.988663
9.998294
-9.989893
9.985996
9.990813
-9.995179
-9.996231
9.995883
-9.997923
-9.983041
9.995831
9.991706
-9.996318
-9.998304
9.994454
-9.995160
9.992261
9.996531
-9.998171
-9.998182
-9.976756
9.998747
-9.997222
-9.997142
9.998129
-9.993886
9.996397
-9.985786
-9.991535
-9.999243
9.985819
9.998363
9.994218
-9.994641
-9.739043
10.000000
9.997590
-9.989235
9.996211
-9.994577
-9.996550
9.995541
-9.994006
-9.994085
9.995787
9.991354
-9.995021
-9.998341
9.992902
9.999181
9.985727
10.000000
-9.996183
9.995711
-9.996507
-9.997793
-9.997449
9.996839
9.996392
-9.978689
-9.993081
-9.987975
-9.997332
-9.992859
-9.995811
-9.994447
-9.978421
9.990554
-9.999118
9.994608
9.998484
9.993339
9.992582
-9.997998
-9.986256
10.000000
9.998363
-9.996707
-9.992842
-9.998854
-9.998560
9.966710
-9.994164
9.998975
-9.996747
9.994432
-9.998384
-9.991783
-9.996278
9.995182
-9.996789
-9.996111
-9.996988
-10.000000
-9.997211
9.978753
9.999048
-9.999088
9.994236
-9.998207
9.990115
-9.998465
-9.990159
-9.994211
-9.997729
-9.992474
-9.996034
9.990132
-9.995973
9.990766
9.997989
-9.990931
9.992895
-9.997721
-9.978550
-9.997850
9.995096
9.995650
-9.998163
-9.995416
-9.995878
-9.995172
9.992737
-9.996440
9.979517
9.996586
9.995420
-9.996359
9.991482
-9.997261
9.998008
9.978196
9.994127
-9.996593
-9.995578
-9.994214
-9.987042
9.994626
9.997874
-9.998142
9.994969
-9.999233
-9.998869
-9.994276
9.977742
9.990425
-9.996333
9.994452
9.978258
-9.759109
9.996684
-9.994530
9.989131
-9.999381
9.994393
9.998427
-9.994610
-9.997527
9.988982
-9.998116
-9.991588
9.998425
9.998780
-9.997280
9.995649
-9.998133
9.994471
9.946363
9.995881
9.996480
-9.992615
9.992376
9.994878
9.998615
-9.995921
9.997308
9.992975
9.998680
-9.995113
9.995915
9.996824
-9.993201
-9.993846
-9.996543
9.995269
9.995992
-9.988594
9.999435
-9.995210
9.995397
9.988554
-9.962098
-9.997838
-9.994517
9.997515
9.996494
9.995571
9.996573
-9.996010
9.991144
-9.996323
-9.997828
9.994871
9.995633
-9.996639
-9.994169
9.998068
9.997822
-9.994230
-9.996775
9.992105
-9.992164
9.995889
-9.993550
9.997876
9.978406
9.996481
9.998132
-9.994196
-9.997483
-9.996354
9.515532
9.979511
-9.992271
-9.997938
9.984229
-9.990122
-9.995198
-9.987501
-9.992255
9.996120
-9.997051
9.995450
9.972849
-9.996497
8.778083
10.000000
9.987945
9.880842
-9.990462
-9.995180
-9.995398
9.996280
-9.977810
-9.998044
-9.996357
9.994470
9.995487
-9.993822
-9.989439
9.987178
-9.711054
9.994315
9.992931
-9.999147
9.992701
-9.997214
9.994801
9.994224
-9.996049
-9.997380
-9.997963
9.978427
9.996209
-9.999427
-9.998837
-9.998815
9.995003
9.964187
9.974590
-9.996558
-9.991908
9.994868
-9.998427
-9.992569
-9.997763
-9.996526
-9.994436
-9.997399
-9.993848
-9.991668
-9.994833
9.998710
9.996299
-9.994233
-9.997328
-9.998032
9.900373
-9.997337
9.994314
9.995501
9.995815
-9.982771
-9.991117
9.992231
9.995505
-10.000000
9.996346
9.994205
-9.998510
9.998150
-9.995514
9.998428
9.975597
-9.997769
-9.991124
9.993568
-9.996896
-9.991631
9.992339
-9.996094
-9.995077
-9.994670
-9.995262
-9.966667
9.993033
9.994402
-9.993900
-9.990310
9.998431
-9.997791
-9.998055
9.994470
-9.996149
9.995680
9.994149
9.995457
9.991928
9.992488
-9.997782
-9.994437
-9.991448
-9.992370
9.992787
-9.998196
9.993355
-9.995814
9.981454
9.995817
-9.991137
9.994999
-9.987404
-9.996851
-9.997298
9.998644
9.994007
-9.992162
9.996110
9.997513
9.917156
9.991021
9.994847
9.995758
9.990996
-9.993612
-9.998774
-9.995476
-9.990442
-9.994198
-9.993926
-9.880840
9.992952
9.995720
-9.996327
-9.995105
9.996625
-9.993139
9.990860
9.997236
-9.996420
9.997190
9.998643
-9.995429
9.989807
-9.995375
9.996748
-9.994429
-9.993687
9.995905
-9.996614
-9.996326
9.992495
-9.995931
-9.995876
9.985917
9.997948
-9.986017
9.999287
9.997831
-9.996888
9.989480
9.995405
9.974954
9.992740
-9.976600
9.998194
-9.997351
9.995855
-9.998304
-9.995191
9.992554
-9.995455
-10.000000
-9.990656
-9.975362
9.996521
-9.997071
-9.995956
-9.999218
-9.998987
-9.994180
9.998641
-9.994321
9.980567
-9.873982
-9.987417
9.995911
9.990411
9.997785
9.996714
-9.997250
-9.997551
-9.996326
-9.996031
9.953699
-9.996490
-9.996330
9.997755
9.996158
9.998274
9.984656
-9.997761
9.995561
9.965515
-9.991858
9.995301
9.998374
-9.990827
9.998771
9.996526
-9.993012
-9.998054
9.980518
9.997110
9.983989
9.073522
-9.993273
-9.997791
-9.993157
9.996535
9.988035
9.996555
9.994484
9.973164
-9.995588
9.997073
-9.996081
-9.997033
-9.994154
9.996870
9.989718
9.997739
-9.998394
9.997299
9.996674
9.998488
-9.996821
-9.997349
-9.995500
9.996118
9.272265
9.929642
9.995298
-9.994913
9.904775
-9.997028
9.999391
9.983757
9.935779
-9.998859
-9.998798
9.998311
-9.986079
-9.995975
9.983636
-9.989734
9.993004
-10.000000
-9.995857
-9.997120
-9.996769
-9.997275
-9.997510
9.978947
-9.990384
9.991136
-9.984141
-9.993230
-9.995278
-9.944167
-9.994238
-9.997481
-9.990795
-9.999992
-9.991982
9.998783
9.996290
9.971834
-9.995996
9.995523
-9.997241
9.995471
-9.997762
-9.997945
9.935243
9.997208
-9.991288
-9.998868
9.998295
9.996274
-9.998951
-9.986054
-9.989760
9.995011
-9.999079
9.994491
-9.993630
9.992243
9.986309
9.996959
9.994578
9.984997
9.997043
9.996893
9.993344
9.996789
9.984451
-9.986104
9.991941
9.994710
-9.994102
-9.991376
9.995403
9.989853
-9.994140
-9.997656
-9.997233
9.996400
-9.992611
-9.997011
-9.996147
-9.994321
9.996016
9.991263
9.991724
9.990869
-9.996893
-9.995927
-9.996928
9.995829
-9.998953
9.995524
-9.997264
9.994243
9.982315
9.987214
-9.998753
-9.995528
-9.996358
-9.994188
9.994140
-9.998147
9.996486
-9.996178
-9.990066
-9.986899
-9.997688
-9.992179
9.996944
9.995189
-9.997834
9.998121
-9.996613
9.996435
9.994345
9.997442
-9.978508
9.992925
-9.848618
-9.986780
9.997818
9.995282
9.995937
-9.995736
9.997683
-9.997363
9.999155
9.993314
9.996179
-9.997323
9.994191
-9.993524
-9.992894
9.948330
9.994292
-9.998649
9.995944
9.998329
9.995212
-9.994774
9.997151
-9.997241
9.988586
9.998356
9.997276
-9.992150
9.992119
9.996725
-10.000000
-9.996347
-9.329832
-9.979934
-9.995329
-9.996802
-9.998262
-9.997647
9.998334
9.990701
9.993923
9.995268
-9.996967
-9.994909
9.985519
-9.990713
-9.998125
-9.997261
9.997312
9.993169
9.982010
9.995965
9.995245
-9.996389
9.996710
-9.998001
9.996995
9.996201
9.990296
-9.997089
9.994583
9.996991
9.996629
-9.997058
-9.995048
9.990807
-9.994328
-9.995988
9.996103
9.996002
9.988844
9.997309
9.998639
9.994566
9.997587
9.962442
9.996732
9.984619
9.950261
-9.995904
10.000000
-9.996263
-9.996846
-9.973874
-9.994361
-9.987762
-9.995292
9.997716
9.996191
-9.997355
-9.994963
9.995511
-9.998194
9.991288
9.994821
9.993224
-9.995395
9.997715
9.991562
-9.998928
9.995871
9.993851
-9.991722
9.990980
-9.997950
9.994453
9.996338
9.997389
9.995520
9.996738
-9.998214
9.998274
-9.994337
-9.996703
-9.975933
-9.998047
-9.994176
9.997261
-9.993796
-9.997373
9.994239
9.993129
-9.996062
-9.995014
9.995202
9.994984
9.995468
9.983461
9.994301
9.995766
9.994406
9.997568
-10.000000
-9.996964
9.998113
9.995912
-9.859457
-9.992928
-9.996480
-9.996758
9.994768
-9.997456
9.993095
-9.990737
-9.993874
9.996046
9.999124
-9.991401
-9.997522
-9.998013
-9.999245
-9.982868
9.996642
9.999326
-9.998116
9.995670
9.998787
-9.999321
9.999321
9.986667
10.000000
-9.996618
-9.998199
-9.997462
9.995836
-9.994260
9.075423
9.994684
-9.995795
9.997606
9.991278
9.996566
-9.995696
9.994664
9.997149
-9.996272
-9.993994
-9.998767
-9.997777
9.995961
-9.998919
-9.993111
9.986654
-9.997642
9.975799
-9.996827
9.996721
9.989786
9.996345
9.996681
9.995325
9.990562
-9.992906
-9.994259
-9.995341
-9.997800
-9.991291
9.997556
-5.049129
-7.361914
-9.995516
-9.997291
-9.998064
-9.997115
-9.997556
9.995415
9.996070
-9.995638
9.997420
-9.990259
-9.999276
9.999162
9.996541
9.994681
-9.996088
-9.998447
-9.995970
9.994325
9.994858
9.958723
10.000000
9.996296
-9.992032
9.995944
-9.996865
-9.998105
9.993071
9.986573
9.995811
-9.985871
-9.997308
5.588553
10.000000
9.999209
9.994161
-9.995017
-9.993945
9.987413
9.996967
9.996396
-9.994696
-9.996945
9.990561
-9.997914
9.995846
-9.989828
-9.995376
-9.994845
-9.995210
9.995489
-9.998069
-9.999159
9.995812
-9.995065
9.998185
9.992957
-9.997318
-9.990324
-9.989651
9.991871
9.996744
-9.996694
9.994513
9.998296
9.996335
-9.995423
9.998044
-9.994378
-9.720579
-9.995109
9.988051
-9.985111
9.998348
9.997243
-9.995645
9.996554
9.989290
9.843228
-9.989149
-9.996984
-9.995510
-9.994721
-10.000000
9.996686
9.992791
-9.995804
-9.996791
-9.997783
-9.992741
-9.985787
-9.995983
9.992374
9.997503
9.994947
-9.990284
9.997070
-9.997955
9.993961
9.998808
10.000000
9.996457
-9.996858
-9.461889
-9.990585
9.994503
9.980861
9.997218
-9.994821
-9.998586
9.996830
9.991277
-9.991556
-9.996659
9.980199
9.993803
-9.986522
-9.999999
9.994570
9.998276
9.986580
9.995680
9.917825
9.995215
-9.995726
9.996927
9.994141
9.995746
-9.990073
-9.996234
-9.984751
-9.996392
9.998650
9.989712
-9.997987
-9.983232
9.995387
-9.994216
-9.996955
-9.995596
-9.997346
-9.995686
9.997092
-9.995105
-9.999359
9.996245
-9.997707
9.996139
9.999078
-9.998422
-9.994660
-9.999159
-9.995583
9.980914
-9.992188
9.984408
-9.996002
-9.998176
-9.997884
-9.999233
9.995399
-9.981462
-9.998840
-9.994049
9.992306
-9.996290
-9.998499
9.992462
-9.997555
9.993967
9.998313
-9.996784
9.995586
-9.962574
-9.997781
-9.991720
9.993270
9.994702
9.993269
9.995583
9.994869
-9.997122
-9.996600
9.997221
-9.995500
-9.996556
9.995645
9.998378
-9.989582
-9.996214
9.975837
-9.991642
9.992076
-9.993697
-9.995722
-9.995951
-9.996428
9.982740
9.994517
9.997527
9.996966
-9.996264
-9.997758
-0.924734
9.982732
9.995479
9.993734
9.982970
9.994680
9.992109
-9.798265
-9.996638
-9.998371
-9.992494
9.997543
9.993171
-9.994608
-9.995809
-9.998337
9.951102
9.990256
9.982891
9.991619
-9.982518
-9.983443
9.995093
9.996696
-9.998475
9.991836
9.991239
7.784224
9.997677
-9.996837
-9.997287
-9.996990
9.890540
9.987881
9.996769
9.977971
-9.978198
9.996815
9.987384
9.991137
9.991721
9.996328
-9.997271
-9.994476
-9.988024
9.997266
10.000000
9.995206
-9.995254
-9.998524
-9.255109
-9.995226
9.997891
-9.998103
9.995356
9.994352
9.997219
-9.970049
-9.939952
-9.997791
-9.991848
9.952150
9.963330
9.988740
-9.997926
-9.986517
-9.996552
-9.995358
9.994182
-9.995452
-9.997667
-9.927371
9.979222
9.996138
-9.994139
9.983692
-9.997690
9.994911
9.998495
-9.997814
9.995900
-9.999204
9.998588
9.992115
-9.994318
9.998024
9.996944
-9.996506
-9.995037
-9.998987
-9.992576
9.994168
9.992660
-9.991365
-9.998028
9.997246
9.986446
-9.996736
-9.992642
-9.999091
-9.990772
-9.989869
-9.995107
-9.994215
-9.993521
9.989021
-9.983308
-0.000000
-9.997090
9.975187
-9.994083
9.995903
9.996084
-9.997774
9.998989
9.995350
9.993924
9.987656
-9.997744
-9.989172
-9.994196
-9.994226
-9.995457
9.995875
-9.996656
-9.990622
9.996850
-9.993593
9.995679
-9.997731
-9.998016
9.995740
-9.992046
-9.998844
9.992453
9.996367
9.982692
-9.997480
-9.995939
9.993068
-9.991695
9.996637
-9.991907
-9.823548
-9.985536
-9.995882
-9.996158
-9.998307
9.998028
9.992975
-9.986299
9.994218
9.997542
9.993136
9.997419
-9.998770
-9.992045
9.992107
-9.993375
9.997358
-9.987287
-9.994281
9.996961
9.997869
-9.994374
-9.994090
-9.994601
9.990889
-9.118903
-9.997231
9.991470
-9.558245
9.997348
9.988159
9.989639
9.992576
9.977180
-9.994392
9.998687
-9.986487
-9.999188
-9.997543
-9.990768
9.997830
10.000000
-9.995898
9.985459
-9.998009
9.981798
-9.993929
9.998702
-9.990418
9.992179
-9.987005
-9.986224
9.995381
-9.998077
-9.988643
-9.997803
-9.998151
9.996245
-9.997519
9.998378
9.995839
9.907823
9.994663
9.996248
9.990521
-9.997622
9.995560
9.376744
9.987577
-9.994172
9.995405
9.996054
-9.997400
-9.994860
-9.997802
-9.997070
-9.998383
-9.997755
9.995160
-9.987875
-9.997125
-9.993988
-9.995707
-9.994078
-9.999137
-9.994103
9.990750
9.997915
9.998469
-9.996746
9.988394
9.995452
9.997160
9.997026
-9.994804
-9.998361
9.994917
9.997747
-9.995866
9.997910
-9.995931
-9.978420
-9.997086
-9.998025
9.987454
-9.981082
-9.994018
9.996058
9.996841
9.997527
-9.996593
9.998599
-9.995096
9.995935
9.996443
9.998717
9.997228
9.994100
-10.000000
-9.954733
-9.994593
9.998957
9.998496
-9.994047
9.997865
9.994393
-9.995647
-9.993538
9.983066
9.981074
9.996485
-9.994582
-9.996537
-9.993119
-9.995533
-9.995922
-9.972282
9.995158
9.993663
-9.998168
9.994199
-9.997380
-9.995407
9.999100
-9.992786
9.994846
9.994680
9.995558
-9.997738
9.995482
-9.996133
9.985913
-9.993920
-9.984083
9.999999
9.997626
9.998891
9.986568
-9.994323
9.994526
9.993987
9.991186
9.994556
-9.997557
9.897144
-9.998435
-9.990336
9.988939
9.995015
-9.989771
9.986064
-9.998656
-9.997118
-9.998222
-9.994521
9.993341
-9.996680
9.993316
9.992932
-9.967074
-9.996836
-9.995591
-9.994409
-9.994138
9.995424
-9.992439
-9.990498
10.000000
-9.994942
-9.999159
-9.999071
9.995598
9.995834
-9.997340
-9.996837
9.994217
-9.996899
-9.992864
9.993319
-9.986628
-9.996953
-9.996432
-8.466854
-9.997299
-8.392117
-9.996762
9.997843
9.992305
-9.996749
-9.998803
-9.995250
9.991421
9.999249
-9.999287
-9.995064
-9.998951
9.994377
9.993936
9.949448
9.986276
-9.977799
-9.997208
-9.481868
9.995622
9.996679
-9.996450
-9.996257
-9.996404
-9.987969
9.997414
-9.985413
9.988835
9.995979
10.000000
9.990984
-9.995750
9.993060
9.987486
-9.997162
9.996500
-9.997531
9.990283
9.997313
-9.990069
9.996345
-9.996047
-9.997151
9.981277
-9.969767
-9.996576
-9.985288
9.994483
-9.999090
9.990393
-9.995593
9.996593
-9.996820
9.994592
-9.995518
9.994416
-9.991473
9.993020
-9.989995
9.998170
9.995293
-9.996643
-9.989360
9.940582
-9.996490
-9.997334
9.995098
-9.995500
-9.996980
-9.998607
9.998561
-9.986596
-9.997499
9.987976
-9.997391
-9.998168
-9.994552
-9.965465
-9.994075
-9.991721
9.996070
9.997191
-9.997838
-9.993628
9.995772
-9.996398
-9.995211
-9.984882
9.997277
-9.997902
-9.994251
-9.994809
-9.997689
-9.994827
9.997736
-9.997844
9.994968
9.962701
9.965320
-9.986076
-9.997551
9.994266
-9.991343
-9.997686
9.996212
-10.000000
9.997482
-9.996249
9.995702
-9.997545
-9.996360
9.995623
-9.997501
9.995262
-9.990752
-9.991307
9.987869
-9.996370
-9.989917
9.993659
-9.990938
9.996651
-9.996025
9.997729
9.997736
-9.997558
-9.997577
9.996810
-9.998368
-9.996927
9.997648
9.935975
9.996686
9.997879
5.868175
-9.996889
9.994435
-9.997518
9.983052
9.999110
9.996723
9.983060
9.994522
9.995687
9.874043
9.997750
-9.999173
-9.987549
-9.978218
-9.983301
-9.985186
9.993332
-9.990846
9.996081
9.990090
-9.999263
-9.998952
-9.996589
-9.993785
9.996073
9.995871
9.997972
-9.943781
-10.000000
9.995066
9.996145
9.987149
-9.993996
-9.997053
-9.999160
-9.993672
-9.999123
-9.999308
9.998612
9.993200
-9.785707
-9.993578
9.988704
9.986353
-9.994333
9.996110
9.993433
-9.758401
9.989055
-9.997736
-9.996791
9.994556
-9.991263
-9.997204
9.994792
-9.994823
9.994195
-9.996059
-9.998034
-9.988764
-9.984258
-9.996186
-9.994444
9.996569
-9.993939
9.998794
-9.992058
-9.996736
9.997378
9.988264
-9.992601
-9.988528
9.998510
-9.998135
-9.997657
-9.997295
-9.997178
-9.996768
9.995417
-9.998478
9.996606
9.994019
-9.994517
9.997211
-9.994277
9.987196
-9.998000
-9.996217
-9.998676
-6.502805
9.995713
-9.988930
9.987884
-9.990971
-9.996349
10.000000
9.986411
9.994878
9.996240
9.997299
9.994244
9.995133
9.996249
9.996216
9.996895
-9.996540
9.984862
9.870717
9.998271
-9.994389
-9.637454
-9.997168
9.995135
9.953214
-9.984171
-9.998830
9.995400
-9.996337
9.992439
9.996337
-9.995964
-9.995131
-9.997470
9.993577
-9.991436
-9.997190
9.999322
-9.991720
-9.995525
9.997836
-9.995859
-9.995154
-9.992623
9.993395
-8.047012
9.994296
-9.997372
9.994355
9.995796
-9.993885
-9.990526
-9.994852
9.947958
-9.992042
-9.996986
9.993732
9.990767
8.981433
9.993099
-9.991889
-9.997438
-9.997899
-9.997236
9.997971
-9.995913
-9.984483
9.974767
9.996007
-9.998501
-9.995166
-9.995584
9.994531
9.362648
9.996549
-9.995852
-9.998201
9.998523
-9.996615
-9.998555
9.988071
-9.998289
9.997561
9.992717
-9.996145
9.995346
9.996107
-9.995828
-9.997342
9.998772
-9.998087
-9.994108
-9.998530
-9.997040
9.996791
-9.982702
-9.996556
9.993517
9.996399
-9.986787
-9.994819
-9.991654
-9.999437
-9.997494
-9.997028
6.318336
9.997580
9.994077
9.994300
9.993062
-9.996824
9.996683
9.995599
-9.990881
9.996555
-9.995603
9.983356
-9.991319
9.997360
9.995184
-9.998284
-9.997238
-9.995441
-9.996395
9.985036
9.997492
-9.998750
-9.997740
-9.993455
-9.996641
-9.993560
-9.995580
9.990346
-9.995877
5.947071
9.985405
9.995445
-9.998082
9.994511
-9.996789
-9.994171
-9.994086
9.997737
-9.982555
-9.996521
9.652051
9.996831
-9.990241
9.995585
9.954085
-9.998360
9.998121
-9.995732
9.996786
9.997358
-9.997694
-9.998280
9.992654
-9.997117
-9.996319
-9.997730
-9.993312
9.996617
9.997339
-9.995546
9.993949
9.988482
8.910268
9.992808
9.994308
9.997770
-9.993405
9.997234
9.988477
-9.985247
-9.999172
-9.995947
-9.997760
-9.996885
-9.994554
-9.994003
9.985876
9.995668
-9.998546
-9.995027
-9.993799
-9.995783
-10.000000
9.993832
9.997143
9.999086
9.990772
-9.997627
9.997506
-9.996118
9.998941
9.990339
-9.996242
-9.985892
9.996618
9.993551
9.995702
9.997136
9.999046
9.995727
-9.995513
9.993299
-9.993408
9.995196
-9.994078
9.998219
9.997344
-9.997356
-9.998460
-9.995491
-9.987988
-9.994990
-9.995694
9.996119
9.994394
9.986231
-9.992445
-9.985317
9.996688
-9.996113
-9.988390
-9.991711
9.994583
9.988930
-9.997951
9.293702
9.994430
-9.993535
-9.995322
-9.997053
5.562092
-9.981637
-9.995208
-9.994231
-9.998084
-9.997400
-9.975040
-9.993869
-9.996043
9.968794
9.997218
-9.998200
9.994953
9.994629
9.978850
9.994511
-9.998264
9.912553
9.986122
-9.996413
-9.949134
-9.996790
9.994279
9.966048
-9.997443
9.994421
9.976482
-9.993225
9.994806
-9.976465
9.981808
-9.993426
9.995622
-9.988366
-9.995069
9.995593
-9.997238
-9.989793
-9.987391
-9.995620
-9.995137
9.993523
-9.991275
-9.947210
-9.998246
-9.984502
-9.990457
9.970727
9.997702
-9.997732
9.996684
-9.996988
9.998934
-9.994169
-9.997181
-9.999035
9.996606
9.996925
9.995807
9.997504
-9.995758
-9.992139
-9.997566
-9.996588
9.990327
9.993789
-9.981574
9.995422
9.997957
-9.996793
9.984384
9.995318
-9.993018
-9.994239
-9.993338
-9.990568
-9.996801
-9.996399
-9.997006
9.990415
-9.997566
-9.992078
9.997975
9.993378
-9.991478
9.998160
10.000000
-9.996395
9.996635
9.985872
9.996668
-9.989631
9.985796
9.988842
9.997152
9.995628
9.989939
-9.995441
-9.993984
9.991978
9.992197
-9.998555
-9.995963
9.998882
9.998875
9.997760
-9.995435
-9.954812
-9.997450
9.978968
9.998102
-9.992284
-9.997813
-9.994095
9.996206
-9.995327
-10.000000
-9.997449
-9.996056
-9.996790
9.995633
-9.996995
9.993609
-9.943440
9.991554
9.990778
-9.997308
-9.990669
-9.988835
-9.998783
-9.995642
-9.994991
-9.995013
-9.996529
5.399590
-9.999999
9.986200
9.984639
9.994790
9.997849
9.999258
-9.994187
-9.998796
-9.993828
-9.985586
-9.994335
-9.998474
-9.998634
-9.994087
9.994016
9.983900
-9.984567
-9.986120
-9.991754
9.996324
9.991807
-9.991856
9.981819
9.930285
-9.993913
9.992040
-9.995804
-9.996253
9.996835
9.995366
-9.985921
-9.996179
-9.994054
9.994172
9.992054
9.997585
-9.997498
-9.994579
9.997587
6.039937
-9.965192
9.987912
-9.997949
-9.993324
9.995612
9.997615
9.990428
9.997787
-9.996239
9.995168
9.994316
9.996775
9.994817
-9.995531
-9.997840
-9.995399
-9.996502
9.992741
-9.992252
9.962234
-9.992191
-9.998396
-9.992129
-4.691934
-9.987502
9.996957
-9.989218
9.997186
-9.997975
9.998085
9.991935
9.986591
-9.997120
9.996431
-9.998319
9.992167
9.998692
9.995384
9.998484
-9.995818
9.996551
-9.976053
-9.995907
-9.544121
-9.995146
9.994265
9.986862
9.991848
9.986638
-9.995382
9.985954
-9.992348
-9.996853
-9.996256
-9.997291
9.996640
-9.998295
-9.998447
-9.997389
9.968820
9.988135
-9.992209
-9.995890
-9.993638
9.995278
9.992171
9.995259
-9.994288
-9.986858
9.997285
-9.990419
-9.996190
9.997994
-10.000000
-9.994988
9.996587
-9.998255
-9.995496
-9.990450
-9.999064
9.996658
9.998798
-9.993722
9.996184
9.996600
9.984875
9.994733
9.964098
-9.992093
9.998367
9.994654
9.995934
9.996810
9.995275
9.993635
9.995373
9.996077
9.995618
-9.996872
9.997834
-9.995779
9.996028
-9.994063
-9.987297
-9.995556
-9.997310
9.992805
-9.998311
-9.996138
9.992696
-9.990963
9.667964
9.983014
-9.996976
9.992247
-9.994656
9.989285
9.997285
-9.997949
-9.995407
9.992816
-9.998244
9.996536
9.998419
9.987944
-9.993959
9.996569
9.944906
9.994944
-9.996708
9.995877
-9.997278
-9.995432
-9.997750
9.779011
-10.000000
-9.993577
9.990203
-9.994821
9.975343
-9.996147
9.998902
-9.988793
9.995765
-9.996451
9.996124
-9.971618
9.870699
-9.998125
-9.994122
9.958330
9.997309
-9.997749
-9.996748
-9.989127
9.989817
9.987877
-9.992688
-9.997162
-9.977758
9.989627
9.992603
-9.996464
9.995938
9.996420
9.997088
9.876382
-9.996343
-10.000000
-9.998732
-9.998874
-1.215909
9.997180
9.995916
-9.993903
9.997908
-9.995768
9.998618
-9.996144
-9.994704
-9.998978
-9.994578
-9.993832
9.274806
-8.784407
9.997979
9.998794
9.991269
-9.989561
9.993215
9.997421
9.990236
9.994012
-9.995979
9.995832
9.992977
-9.996745
9.996771
-9.996859
-9.994193
9.995820
9.996678
-9.984377
9.991870
9.994197
-9.993944
9.982756
9.995596
-9.994704
9.996902
-8.320940
9.985015
-9.991672
9.996617
-9.995596
9.996509
-9.998082
-9.996576
9.997423
8.860480
-9.997822
9.996812
9.995608
-9.999999
-9.965572
9.982285
9.993687
9.996417
-10.000000
-9.995787
-9.995695
-8.681114
9.994408
9.987451
-9.997223
9.997170
-9.997256
-9.998898
-9.994727
9.986566
-9.993630
-9.998868
9.991776
-9.996859
-9.996039
-9.994630
-9.983891
-9.998106
9.990066
-9.995569
-9.991053
-9.991941
-9.995279
-9.995497
-9.998845
9.994127
-9.997581
-9.998272
-9.993642
-9.992562
-9.993815
-9.983188
9.997125
9.993740
-9.991452
9.987728
-9.996007
9.971250
9.996320
9.991826
9.995427
9.995597
9.998101
-9.980324
9.988312
9.985374
9.995126
9.997044
-9.995974
-9.993410
-9.985016
-9.992465
-9.996329
-9.996347
9.993516
-9.998530
-9.997730
9.996200
9.998160
9.987938
9.999345
9.904876
-9.997364
-9.996023
9.982795
9.994262
-9.994205
9.981545
10.000000
-9.996425
9.987086
-9.995818
-9.996612
-9.998373
9.995521
-9.687098
9.996973
9.993528
-9.995117
9.995737
9.998526
-9.992208
9.995967
-9.997382
9.997179
-9.996814
9.991556
9.996762
-9.997374
-9.997336
-9.996541
-9.997263
-9.996861
-9.993618
9.996568
-9.995862
-9.997498
-9.985642
-9.977514
9.996999
9.991284
-9.996511
-9.997227
-9.996177
10.000000
9.994601
-9.994400
-9.996236
-9.993719
9.995391
-9.996441
-9.998622
9.995940
9.994339
9.998593
-9.974781
-9.994113
-9.993597
9.998245
9.991940
-9.998089
-9.991974
9.995483
9.994441
9.938731
-9.978277
9.997750
9.997275
-9.997568
9.987403
9.995937
-9.995049
9.995517
9.997578
-9.988964
-9.995289
-9.998980
-9.997823
9.995015
9.906877
-9.999212
-9.996783
9.995878
-9.996772
9.998456
9.997336
9.995539
-9.996254
-9.996829
9.995031
9.996895
-9.943750
9.995854
-9.993056
-9.994648
-9.996715
9.994326
-9.988560
9.957875
-9.468168
-9.997880
-9.992368
-9.999999
-9.994219
9.996523
9.994413
-9.997577
-9.995626
9.994507
-9.998522
-9.980660
-9.995772
9.994924
-9.992041
9.992414
-9.995300
9.983464
-9.993978
-9.991485
9.993001
9.996632
-9.998589
9.996757
-9.999264
9.984934
9.995093
9.991322
9.995559
-9.995502
9.993217
-9.998888
9.995664
9.996327
-9.421165
-9.996659
-9.998015
9.994252
9.992755
9.995917
-9.997177
9.979428
-9.993069
-9.993741
-9.989208
9.996485
-9.997662
9.993983
-9.998295
-9.990970
9.998053
9.991785
-9.998786
9.973412
-9.991081
9.989381
-9.997549
-9.991512
-9.990941
-9.996061
9.995303
9.995806
-9.998244
-9.976508
-9.997611
9.995948
-9.998041
9.995922
-9.992024
-9.907540
-9.994483
-9.996610
9.993981
-9.998643
9.984942
-9.994068
-9.995404
3.427402
-9.999019
-9.993903
-9.963082
9.992146
9.996631
-9.994097
-9.993771
9.984872
9.996050
9.991833
-9.990718
9.996386
9.998294
9.993998
-9.989228
-9.984951
-9.999295
-9.997439
9.995399
9.988827
9.989781
9.995626
9.993707
-9.988339
9.997701
9.994559
9.997813
9.981433
-9.995824
-9.997749
9.995393
9.996778
-9.997804
9.994399
-9.994079
-9.981269
-9.994327
-9.997223
9.996674
9.997605
9.876549
9.997449
-9.994028
9.993434
-9.991289
10.000000
-9.997741
-9.981029
-9.995055
-9.995677
-9.989095
-9.997193
9.994325
-9.985413
-9.998709
9.994265
9.984129
9.985722
9.985427
9.992849
9.996871
9.999109
-9.995776
-9.998244
-9.986666
-9.989481
-9.992618
9.996133
9.987586
9.993396
9.983398
9.994395
-9.998822
9.995919
9.998781
-9.994041
9.996588
-9.987759
10.000000
9.996331
-9.995932
-9.984597
9.995460
9.994039
9.996836
9.997918
9.996923
9.995142
9.995397
-9.995970
-9.986690
-9.997163
-9.996327
9.995515
9.965858
9.996423
-9.998051
-9.997064
9.989093
9.999352
-9.993434
9.989340
9.997171
-9.990991
-9.996650
9.997226
-9.998452
-9.993775
9.997255
9.990238
-9.991998
9.997304
-9.999999
9.993528
-9.993889
9.994293
9.997897
9.997530
9.994401
9.997062
9.996703
9.992815
-9.984116
9.999211
9.981349
9.996692
9.995110
9.997785
9.965899
9.988191
9.997361
10.000000
9.994405
-9.995102
9.994719
-9.976045
9.995931
-9.997214
9.917361
-9.997295
9.995859
9.990682
9.995856
-9.995292
9.997009
-9.997128
9.997638
-9.996888
-9.993676
-9.978894
-9.995524
9.993095
-9.989584
-9.981641
9.995850
9.996287
-9.995926
-9.998867
9.994360
9.995651
-10.000000
-9.982374
-9.995717
-9.994228
9.995049
9.996205
9.994507
9.997454
-9.997973
-9.997713
9.997578
9.999198
-9.997799
9.998947
-9.996241
-9.996190
9.993498
-9.990948
-9.995222
9.992879
-9.997080
9.992251
-9.997231
9.986074
-9.995627
9.996788
-9.999119
-9.991632
-9.996774
-9.996490
9.996040
-9.995784
-9.995627
9.998114
-9.996931
-9.995049
9.995730
-9.993231
-9.988496
-9.992334
-9.985060
9.998031
9.997636
9.990620
9.998226
-9.982213
-9.994278
-9.986066
-9.996042
-9.993995
9.995930
-9.998056
9.997532
-9.998029
-9.997588
-9.979879
-9.998863
9.998217
9.994155
9.999999
9.995525
9.998034
9.990809
9.977042
-9.889631
-9.998623
-9.990421
9.990966
-9.993386
9.996558
-9.996933
-9.997280
-9.996375
9.997847
9.998356
-9.999839
9.986203
9.996316
9.987690
9.994596
9.995572
-9.985393
-9.995140
-9.992659
9.993635
9.992762
-9.996744
9.996276
9.997415
9.990126
-9.997606
9.995887
-9.996649
9.997533
9.996432
-9.994262
-9.996775
-9.999847
9.997113
-9.614926
-9.995270
-9.987522
9.991636
-9.993666
-9.986992
-9.991628
-9.998419
-8.262764
9.987239
9.992672
9.995555
-9.997865
9.994683
-9.996126
-9.994391
9.995859
-9.955269
-9.997250
-9.993880
-9.996267
-9.963233
-9.995057
9.995515
-9.995590
-9.985294
9.998880
9.997570
9.995273
-9.998284
-9.997056
9.996317
9.996648
-9.871160
-9.997747
-9.996267
9.996790
9.994212
9.996236
-9.998539
9.995635
-9.994922
9.996817
-9.997465
-9.997500
-9.993858
9.750749
-9.992852
9.996455
-9.995590
9.988040
9.996531
-9.958653
9.996658
9.998721
9.991933
9.997191
9.997252
-9.998794
-9.999256
9.997596
9.996135
-9.994512
9.989981
9.998138
9.995987
9.996890
-9.976745
-9.995659
9.995387
9.987273
9.998168
-9.997225
9.985760
-9.994184
9.962612
-9.998775
9.996754
-9.994284
-9.995158
9.983183
9.996337
-9.992213
-9.998886
9.994105
9.996982
9.982956
-9.996201
-9.998697
-9.977128
9.996203
-9.989645
9.990013
-9.998619
-9.992815
9.988714
-9.997979
-9.997988
-9.993195
-9.992632
-9.996181
-9.999258
-9.994207
9.996194
9.991853
9.988780
-9.994799
-9.996746
9.995544
9.995565
-9.996284
9.898115
9.976651
-9.995702
-9.997906
9.989488
-10.000000
-9.995795
-9.996681
9.995136
9.997756
-9.778221
9.996575
9.997816
-9.994090
9.998566
9.996316
9.992814
-9.991520
-9.992829
-9.996130
-9.988087
9.994357
9.995445
-9.994073
9.997080
9.998012
9.994541
-9.997848
-9.992125
-9.998806
9.993209
9.991866
9.998770
9.996543
-9.998879
-9.994083
-9.995221
-9.994469
-9.967418
9.992252
9.989934
-9.978689
9.995144
9.998735
9.963916
-9.994150
9.995019
-9.995187
9.997521
9.989669
-9.991995
9.996387
-9.989612
-9.996488
-9.995453
9.998232
-9.998087
-9.997796
9.996799
-9.997229
-9.996421
-9.997006
9.997252
-9.995543
9.993640
9.985410
-9.996422
9.995047
-9.991920
9.963654
-9.990359
9.994858
9.993990
9.991909
9.995620
9.995353
9.994359
9.998385
-9.991183
-9.994186
9.994072
9.997054
9.727586
9.994595
-9.995413
-9.990119
9.997360
9.993465
-9.997227
9.978164
9.997201
-9.993994
-9.991660
-9.979003
-9.993666
-9.993770
9.996196
-9.993396
9.996435
-9.981409
-9.998810
9.997199
-9.992142
9.993356
9.998402
9.996937
9.430138
-9.995098
-9.997910
9.996770
9.994358
-9.996294
9.994234
-9.997950
-9.994782
-9.996566
-9.994350
-9.997821
9.995602
9.995673
9.997465
-4.069042
9.993287
9.986979
-9.995586
9.997067
-9.994827
9.996477
9.997463
9.995426
9.997332
9.997246
-9.995769
9.974627
-9.997565
-9.995937
-9.989214
-9.997113
-9.994126
9.998985
9.994124
9.994915
-9.994158
9.993152
9.995181
-9.991687
-9.997525
-9.995717
9.994072
-9.997309
9.996797
9.998742
9.994670
9.992723
-9.996475
9.996519
-9.995870
-9.985354
-9.998565
-9.998993
-9.994812
-9.998600
9.998523
9.994391
-9.998063
9.951416
9.997405
-9.968177
9.997817
-9.996207
-9.992459
9.996272
9.985846
9.997149
9.987682
-9.997269
-9.998792
-9.991210
9.992731
-9.995590
-9.997228
-9.998319
-9.995554
-9.994225
-9.997050
-9.989380
-9.997840
-9.998396
-9.997717
-9.994000
-9.996763
-9.993363
-9.998529
9.999323
-9.989785
9.996287
-9.994115
-9.983774
9.964264
9.998627
-9.970091
9.995801
-9.996205
9.996645
-9.996320
-9.992717
-9.998571
9.959774
-9.993753
-9.996655
-9.999095
9.996427
-9.996320
9.997123
9.634707
-9.994015
-9.997224
9.977191
9.992014
9.992578
-9.995391
-9.995203
-9.993578
-9.995656
-9.986255
9.991918
-10.000000
9.996192
-9.997197
-9.805113
9.983680
9.994690
9.996658
9.997166
9.997758
-9.996599
9.985080
9.985811
7.166232
-9.999043
-9.998143
8.858297
9.993723
-9.996695
9.997328
-9.996495
9.994411
9.996373
-9.996342
-9.996322
-9.997789
9.996939
-9.997892
9.999999
9.994369
9.996846
9.996621
-9.991426
9.991308
9.995402
-9.994792
-9.996171
9.996697
-9.998106
9.977986
-9.998094
9.994452
-9.994179
-9.996851
9.996765
9.997603
9.994313
-9.998128
9.995316
9.996376
9.992872
9.989429
9.996857
9.997932
9.990827
-9.991644
9.995495
9.998820
-9.994985
-9.990521
-9.988757
-9.995547
-9.995272
9.998074
9.994145
-9.992360
-9.996306
-9.996567
9.990686
-9.985102
9.996087
9.990412
9.997324
9.997163
-9.989363
9.994863
-9.998151
-9.998162
9.998454
9.993962
9.999974
9.994234
9.995022
-9.992059
-9.991239
9.995500
-9.999045
-9.998126
9.991080
-9.997680
-9.995008
-9.994292
-9.994672
-9.997396
9.979688
9.995237
-9.996714
-9.989915
9.997734
9.995607
9.996333
9.934406
-9.996538
-9.998477
-9.990300
-9.998082
-9.994541
9.979224
9.995765
-9.997470
9.997621
-9.997337
9.990562
9.992991
-9.996398
9.984885
9.993980
9.995398
9.997513
-9.995485
-9.995595
9.993048
10.000000
9.996757
9.989924
9.978787
9.997184
9.989190
9.996222
9.997469
-9.999041
-9.998677
-9.998260
9.983965
9.957211
9.997196
-9.998508
9.993842
-9.994452
-9.995802
-9.991688
-9.997231
9.996792
-9.994185
9.982298
-9.997271
9.996842
9.991677
9.998113
9.997607
-9.994679
-9.996364
-9.999128
-9.996725
-9.995151
9.999013
9.990949
-9.994369
-9.998077
9.999011
-9.998498
9.995274
9.995985
9.987352
-9.974213
-9.990779
9.992303
-9.996717
-9.994602
-9.996516
-9.998596
9.997549
9.997356
-9.994968
-9.995614
9.994249
-9.997816
10.000000
9.975402
9.994730
-9.998309
9.991050
-9.995315
9.997303
-9.996790
9.983841
9.984642
9.976413
-9.987256
9.994198
9.985725
9.997688
-9.985573
-9.996404
9.867900
-9.992855
-9.997236
9.994068
-9.990592
-9.995321
9.996488
9.994894
9.981822
9.998162
9.997099
-9.688443
9.990137
-9.998185
-9.982521
9.994212
-9.998061
-9.996185
9.998509
9.989497
9.995767
-9.995778
-9.995531
9.964361
9.992241
-9.996297
9.996545
-9.997181
9.994193
-9.995914
-9.989705
9.985741
-9.995405
9.994645
9.989085
-9.996423
9.991426
9.996546
9.997024
9.980856
-9.993883
9.832951
-9.994943
-9.993453
-9.998639
9.995222
-9.989928
-9.996831
9.965555
9.996458
-9.991160
-9.993947
-9.998157
9.996843
-9.998008
-9.995211
-9.991391
-9.995498
-9.994206
9.996872
-9.994340
-9.989692
-9.997089
9.987927
-9.998998
-9.996782
9.996802
-9.990800
9.993817
9.995499
-9.998847
9.995983
-9.905471
9.995396
9.998244
-9.996952
9.998825
9.995577
-9.993851
10.000000
-9.996473
-9.997144
-9.994325
9.995319
9.998104
-9.994832
-9.995003
-9.995902
-9.991381
-9.997521
-9.997877
-9.994633
9.995389
-9.996945
9.998288
9.996920
-9.993594
9.998465
9.998548
9.995380
9.992723
9.988149
9.996754
9.984647
-9.995861
9.995919
9.994669
-9.978407
9.980208
-9.995443
-9.976018
9.984746
-9.996752
9.993346
-9.995453
9.996091
-9.998218
9.991491
-9.994421
9.998563
9.998062
-9.995152
-9.993195
10.000000
-9.994298
-9.991407
-9.997384
-9.995605
-9.990730
-9.991084
9.989822
-9.996372
9.996165
9.989772
9.993905
-9.998478
-9.994834
-9.993976
9.993941
-9.993797
-9.995182
9.992655
-9.997808
9.868097
9.998465
9.993876
9.998606
-9.994615
9.996416
9.994343
-9.995262
-9.983408
-9.997280
-9.984156
-9.997687
9.994759
-9.997787
9.997531
9.990097
-9.996388
9.994214
-9.979772
9.996811
-9.997492
-9.994593
9.998854
-9.995865
9.995900
9.993090
9.999998
-9.997361
-9.969850
9.998548
-9.994988
9.979065
10.000000
-9.988255
-9.996802
-9.994452
-8.095393
-9.993522
-9.994198
-9.998340
9.996765
9.995817
-9.996932
9.997020
-9.995897
-9.998512
-9.997378
-9.997040
-9.996631
-9.992129
-9.995816
-9.992483
9.988532
-9.995753
-9.644734
9.994721
9.994235
-9.999240
9.990202
9.988245
-9.994472
-9.996167
-9.988048
9.998873
-9.998829
-9.997214
-9.991947
9.994499
9.996336
-9.995065
9.996671
9.994543
9.996788
-9.995088
-9.997289
-9.994214
-9.998311
9.987661
-9.996109
9.997154
-9.602379
9.977616
9.994528
-9.997170
9.998393
9.994791
-9.996825
9.989237
-9.989559
9.999173
9.992175
9.996643
-9.994100
9.998482
9.997663
9.992408
-9.991385
-9.984705
-9.998311
9.997353
9.996077
9.994485
9.994719
-9.995697
-9.984721
9.993568
-9.992043
-9.997213
-10.000000
-9.998006
-9.999242
10.000000
9.996332
-9.979205
9.976977
9.995831
9.989235
9.995105
9.993528
-10.000000
9.996523
-9.997325
9.992861
9.993921
-9.996358
-9.995029
9.996267
9.997260
9.996089
-9.997131
9.995305
9.997475
9.992763
-9.996572
9.997141
10.000000
9.995221
-9.993683
-9.997429
-9.998635
9.995038
-9.993696
9.992517
9.029691
-9.992976
-9.996211
-9.981703
-9.995730
9.994145
-9.995179
-9.991537
-9.999109
9.996864
9.992802
9.991395
9.988999
-9.996635
9.996189
-9.998739
9.991375
-9.952835
9.994691
9.998533
-9.996013
-9.995554
-9.994535
9.997188
9.995896
9.996058
9.997098
-9.998515
9.996611
-9.993009
9.994978
9.997250
-9.994178
9.995416
-9.982797
9.997318
9.994536
9.976895
9.994694
-9.998513
-9.992869
-9.997875
-9.986014
9.996363
-9.997255
-9.998539
9.987140
9.994579
9.993579
-9.995587
-9.997271
9.994568
9.977541
-9.989445
9.998034
9.994220
9.994563
9.998348
-9.994531
9.990200
-9.997222
-9.996872
9.994513
-9.998660
9.995462
-9.995972
9.998613
-9.997928
-9.993640
-9.994956
9.990364
-9.995662
-9.993756
9.989857
-9.997793
-9.994175
9.995250
-9.997678
9.996976
-9.995943
9.994861
-9.999185
-9.994023
9.990589
-9.994566
-9.997794
-9.997575
-9.995540
9.993152
-9.932616
-9.993051
-9.996552
9.998669
-9.992512
-9.996251
-9.992640
9.997238
9.987374
9.995012
-9.997769
9.983920
9.990802
-9.992396
9.997875
9.996546
-9.994166
-9.992567
9.996179
9.994072
-9.973942
9.997609
-9.996587
-9.992570
9.997959
-9.998878
9.993842
9.990722
9.991368
-9.996880
9.995394
-9.979108
-9.997889
-9.997700
9.997063
-9.996580
9.995942
9.998548
-9.997286
-9.997830
-9.994063
-9.997612
9.994044
-9.987802
-9.984397
9.993101
-9.972773
9.995268
9.997166
-9.985711
9.990611
9.995002
9.991528
10.000000
9.831375
9.993986
-9.995050
-9.981640
-9.998887
9.998673
-9.998049
9.998178
9.990792
9.995207
9.991079
-9.994589
-9.980133
-9.995446
9.978958
-9.996461
-9.995217
9.975441
-9.988358
9.995219
9.991864
9.997510
-9.999064
9.949927
-9.992516
9.997377
9.997302
9.997266
9.993724
9.996248
9.994619
-9.994330
9.994387
-9.998453
9.998773
9.993685
-9.994158
9.992516
-9.983231
-9.995773
9.995289
-9.995487
-9.995102
9.989379
-9.996094
9.997356
-9.996682
-9.978306
9.988866
-9.990098
9.996314
9.994334
-9.995684
9.997755
-9.997098
-9.993972
-9.995902
-9.997459
9.994407
9.985158
9.998184
9.992935
9.999262
-9.994731
9.981689
9.991247
9.996575
9.994859
-9.997311
9.993936
9.989378
9.998512
9.997860
9.991815
-9.994074
-9.990273
9.998928
-9.995929
-9.993281
9.984270
9.996975
9.994246
9.996291
-9.997941
9.986725
9.989543
-9.982885
9.994531
9.995841
-9.991173
9.995270
-9.995088
9.995784
9.996383
-9.997123
-9.991956
-9.995914
-9.996396
-9.997289
-9.998997
-9.996026
10.000000
-9.987749
-9.983922
9.998269
-9.996323
-9.996930
-9.997328
9.995126
9.996631
-9.999347
-9.996871
9.998706
-9.995136
9.997666
-9.992379
-9.999105
-9.993777
2.123038
9.995652
9.993042
9.992594
9.997349
-9.997252
9.996643
-9.994156
9.995787
-9.996363
-9.996640
9.996451
9.999332
-9.996375
-9.996764
9.995585
-9.997394
9.981293
-9.996555
-9.983255
-9.994983
9.995564
-9.970961
-9.996268
9.996642
-9.995965
9.995627
9.996810
-9.992917
9.997200
9.994267
-9.997593
-9.998510
-9.997542
-9.989759
-9.996634
-9.997850
-9.999177
-9.997966
9.987807
9.995676
-9.995687
9.995893
-9.997289
9.997301
-9.999069
-9.998013
9.992842
9.997956
9.823239
9.997764
-9.994412
-9.992962
9.997266
-9.997648
-9.997085
-9.995004
-10.000000
-9.958282
-9.994256
-9.988937
-9.991509
9.995539
9.975647
9.995559
-9.996247
9.980055
9.992179
9.995456
9.995183
-9.996886
-9.989374
-9.996419
-9.988886
-9.996161
-9.958011
9.997596
-9.996169
9.996290
-9.992264
-9.995024
-9.998521
9.995503
9.994394
-9.975995
9.997215
9.997772
9.994574
9.988838
9.986967
-9.994383
9.997897
-9.989578
9.994592
-9.997682
9.999124
-9.995029
-9.969411
-9.997181
-9.998879
9.991665
-9.992283
9.994450
9.993728
9.997392
-9.993616
9.991503
9.996266
-9.996616
9.996068
9.995074
-9.984014
9.998205
-9.992450
9.988348
-9.993200
-9.995620
-9.992411
-9.996196
-9.998324
-9.995911
9.996322
-9.997685
-9.994998
-9.996314
9.995137
9.996095
9.994336
-9.993944
-9.996199
9.964354
-9.994114
9.997254
9.981436
-9.997565
9.989950
-9.996676
9.995230
-9.984700
-9.996399
-9.995479
-10.000000
-9.995736
-9.999046
9.995097
-9.986666
-9.994931
-9.992531
9.997045
9.995891
9.997123
9.994509
-9.998382
-9.992782
9.995933
-9.991860
-9.996390
-9.995442
9.994305
9.999061
-9.997829
9.997859
-9.998215
9.997768
9.995669
-9.991651
-9.995395
9.994531
-9.997127
-9.996140
-9.996852
-9.998985
-9.996874
-9.995993
-9.995630
9.997465
9.996681
9.996165
-9.996587
-9.993510
9.995351
-9.997360
-9.991905
9.994909
-9.988205
9.985972
-9.996332
10.000000
-9.994467
9.995937
9.998497
9.990454
-9.998347
9.996146
9.998008
9.998330
9.998098
-9.994602
9.993001
-9.993214
-9.996341
9.996587
-9.992712
-9.987930
-9.997616
-9.993967
-9.998838
9.981399
9.994024
9.993441
-9.997747
-9.996254
9.991084
-9.993224
9.998093
-9.988756
-9.994317
9.994180
-9.992275
-9.992194
-9.994014
-9.957284
-9.997459
-9.996192
-9.997997
9.987625
9.995329
9.992576
-9.998194
9.978630
-9.997402
-9.997174
9.998415
9.993300
9.999455
9.995554
9.996815
-9.994699
9.994293
9.996078
-9.994608
9.997740
-9.986668
-9.997703
9.642385
-9.999213
-9.995092
9.995062
-9.994796
9.994321
-9.989648
-9.998146
-9.997904
-9.981097
-9.995935
9.996124
9.997211
9.995945
-9.993556
9.994196
-9.996221
9.994896
-9.996843
9.998440
9.989540
9.993729
9.993969
-9.994195
-9.999117
9.996412
9.993881
-9.997388
-9.997117
-9.994946
9.996387
9.992743
9.998179
-9.996501
9.994215
-9.986063
-9.999215
9.980542
9.997244
-9.994938
9.992874
9.997474
-9.992076
-9.985916
9.989514
9.986571
-9.996407
-9.990520
9.995599
-9.997010
8.545806
-9.998963
-9.996012
9.997623
-9.987843
-9.998334
-9.989209
9.995843
-9.998329
9.987154
-10.000000
9.995112
10.000000
9.990189
-9.996672
-9.995513
-9.994905
9.994464
-9.992147
9.986706
-9.945445
9.995659
-9.998142
9.996230
9.996658
9.996114
-9.998049
9.996145
-9.995131
-9.998923
-9.997920
-9.997102
9.984900
9.989193
9.995880
9.995418
-9.999998
9.993190
9.999097
-9.998519
10.000000
-9.996015
9.992399
-9.998059
-9.992670
-9.995609
9.993999
9.996298
-9.995296
-9.991275
-9.995719
-9.974756
-9.995123
-9.985120
9.995661
-9.997776
-9.990795
9.996280
-9.956400
-9.996649
9.994062
-9.996366
9.998831
-9.997856
-9.995862
-9.996589
-9.990926
-9.993723
9.997877
9.996000
9.998236
9.999085
-9.995195
9.995264
-9.997116
-9.993094
-9.993814
-9.998794
-9.994196
9.998027
-9.998910
-9.992456
-9.998431
-9.994614
9.997872
-9.997475
-9.993446
-9.998866
-9.998664
-9.996196
9.997912
-9.995656
-9.995917
-9.987632
-9.995338
-9.996955
9.994343
9.995367
9.997403
9.989928
8.508126
9.994874
9.995897
9.995415
-9.994041
9.994569
-9.996378
-9.992127
-9.995745
-9.997557
-9.995561
-9.990110
-9.995257
-9.999360
9.995045
9.996545
-9.995673
-9.996066
-9.995701
-9.997703
9.996775
-9.997360
9.991340
9.992882
-9.996144
-9.998570
-9.995370
-9.996616
-9.992357
-9.996881
-9.996961
-9.998437
9.997023
-9.996713
9.995591
9.994431
9.996784
-9.996443
-9.996069
9.998098
-9.997707
9.994119
9.994368
-9.992473
-9.987057
-9.984381
-9.998341
9.997695
-9.993224
9.995837
9.997193
9.996255
9.993780
-9.999100
-9.996344
9.988934
9.996225
-7.016980
9.989558
-9.995202
9.993281
-9.991903
9.994130
9.994286
-9.992968
-10.000000
9.996976
-9.995126
-9.996785
-9.989251
-9.995635
-9.994190
9.998850
-9.998766
-9.998961
-9.995532
-9.990778
9.994070
-9.996728
9.998760
-9.992157
9.997214
9.997399
9.993731
-9.991597
9.994153
-9.998141
-9.998067
9.979697
9.988776
9.996308
-9.994313
9.996236
9.996990
-9.996584
9.988433
-9.994008
-9.997206
9.992729
9.996800
9.999079
-9.992006
-9.997213
-10.000000
9.996141
9.995520
9.996192
-9.996558
-9.994235
9.990738
9.995495
-9.993328
-9.987312
-9.996555
-9.997583
-9.997674
-9.996877
9.998525
-9.997794
-9.997524
9.997440
9.997730
-9.991666
-9.994970
-9.997863
-9.996149
9.996343
-9.997817
-9.994156
9.995983
-9.996662
9.992410
9.992602
9.997137
-9.998065
9.994909
9.996779
9.990927
-9.998558
-9.998399
9.934473
-9.992181
-9.997361
-9.993892
9.998366
9.989225
9.994430
9.954413
-9.994634
9.996691
9.996442
-9.977171
9.265039
9.997915
9.997240
9.995080
9.994108
9.993683
-9.989864
-9.991801
-9.995481
-9.996545
-9.991476
9.994538
-9.997171
-9.996009
9.996319
10.000000
-9.998190
9.995447
9.991742
-9.994230
-9.989925
9.992237
9.994050
-9.995845
-9.991765
-9.993554
9.995275
9.993839
9.989931
9.988905
9.993132
9.995246
-9.997260
-10.000000
-9.997935
9.996111
9.992924
-9.974349
9.998846
9.982608
9.998713
9.997657
-9.997429
9.995720
9.993835
-9.998990
-9.975548
-9.997940
-9.996856
9.987904
-9.978221
9.980546
9.995161
-9.996489
9.990322
-9.993824
9.996490
9.986208
9.996984
-9.997319
9.993648
-9.995143
9.995164
9.992494
-9.996985
-9.995083
-9.997776
-9.994778
9.999259
9.997099
9.990612
-9.920066
-9.998016
9.994560
9.987722
-9.996087
-9.991558
-9.997336
9.997052
-9.996989
-9.994804
9.954480
9.989776
-9.996556
9.997983
-9.995025
-9.996029
9.993763
9.995336
9.998400
9.995725
-9.998536
-9.978586
9.994817
-9.995884
9.991213
9.993071
9.994851
-9.998141
-9.996347
-9.998092
-9.996927
-9.959290
-9.996396
-9.971909
-9.976792
-9.998215
-9.981923
-9.989935
-9.991781
9.963585
-9.997521
-9.996847
9.997687
9.990240
9.992777
9.991956
9.995656
9.999242
9.995249
9.996643
9.996491
9.994883
-9.994375
9.997236
9.995784
9.994990
9.985137
-9.991681
9.998233
9.992831
9.996229
-9.993989
-9.994254
-9.991909
9.993936
9.997488
9.992822
9.999165
9.994348
9.995890
9.933135
-9.992523
-9.997685
-9.993980
9.995124
9.969501
9.994608
-9.967797
9.997143
9.992445
-9.996631
9.990317
9.997726
9.997861
-9.994332
9.996601
9.996688
-9.994672
-9.993882
9.999005
9.995800
9.996221
9.995145
9.996441
9.994602
9.999193
-9.993214
-9.979353
-9.997145
9.995829
9.997266
-9.998746
-9.998206
9.991254
-9.936499
-9.998039
-9.997600
-9.998292
-9.951027
-9.963581
-9.995475
-9.973764
-9.994286
-9.991158
9.995869
-9.996601
9.999097
9.997158
9.460147
9.984546
-9.997587
9.997725
-10.000000
9.992550
-9.999964
9.998386
-9.997418
-9.993338
-9.985963
-9.996427
-9.996671
9.995220
-9.996818
-9.994889
9.992049
-9.992641
-9.996233
-9.996381
9.993703
-9.996071
9.994644
9.995651
-9.985227
9.998437
-9.997244
9.996475
-9.997869
9.994184
-9.996507
9.996637
9.995976
-9.997815
-9.999010
9.994725
-9.996906
9.995048
-9.997002
9.996839
-9.984323
9.997407
-9.995036
-9.997702
-9.998057
-9.999173
9.996247
9.958693
9.998168
-9.998986
9.994417
9.999295
9.993252
-9.988023
-9.996369
9.998102
9.996220
-9.989877
7.128912
-9.994231
9.997836
9.995847
-9.989082
-9.982714
9.994936
9.990439
-9.993504
9.994098
-9.997743
-9.991586
9.990233
9.982893
-9.994272
9.994274
-9.998458
-9.996419
9.995659
-9.998617
9.992121
-9.994946
-9.998136
9.986772
9.996004
9.983194
9.996822
9.995870
-9.997665
-9.997633
9.998160
-9.986543
9.995493
-9.995595
-9.994199
-9.989114
-9.992993
9.994216
-9.994091
-9.993913
-9.985404
-9.998349
9.997160
9.997045
9.994122
9.990772
9.996821
9.993490
-9.990484
9.994013
9.996125
-9.996364
-9.993044
-9.996307
-9.992437
-9.995982
-9.997159
-9.959074
9.999220
-9.987802
9.991638
-9.997205
-9.991838
-9.911768
-9.996471
-9.996700
9.995722
-9.997664
9.998421
9.996749
-9.994356
9.995922
9.992733
-9.996000
-9.975405
9.992371
9.996003
9.996425
9.986020
9.994883
9.987333
-9.995112
9.950481
9.997027
-9.993848
-9.997080
9.996005
-9.995779
-9.996232
-9.995592
9.971969
9.998420
-9.983811
9.993891
9.990129
-9.997275
9.990332
-9.975873
9.956865
9.997965
9.992974
-9.990398
9.996105
9.994394
-9.992420
9.996164
-9.994453
-9.977170
-5.541871
-9.991481
-9.991690
-9.995855
9.991152
-9.996706
9.998164
-9.972023
-9.993835
9.996335
-9.999047
9.996976
-9.974213
9.987608
9.994878
9.995498
9.997241
9.991354
9.996695
-9.991681
-9.993073
-9.848784
-9.993997
-9.998597
9.996621
-9.994560
-9.994112
9.993240
9.997961
-9.990309
9.994041
9.998764
9.998802
-9.994303
-9.992901
-10.000000
-9.994713
9.998204
-9.990776
9.990992
-9.992307
9.992968
-9.997453
-9.981399
-9.997856
-9.994994
-9.991139
-9.995961
-9.998853
9.990952
-9.996708
-9.996962
9.997344
-9.996842
-9.991402
9.984138
9.995880
-9.998136
9.991765
-9.997479
-9.994848
9.995747
-9.998120
-9.998032
-9.997285
9.991717
-9.995872
-9.997926
-9.998262
9.064724
9.995122
-9.997694
-9.998350
-9.993001
9.996141
9.995916
-9.817100
9.703504
9.985417
9.997797
9.995219
-9.667622
9.999137
9.992172
-9.989611
-9.995576
9.997402
-9.993303
-9.993817
-9.996492
9.979106
9.995709
-9.995245
9.994339
-9.996528
-9.997148
-9.998836
9.982724
-9.996223
-9.991437
-9.997245
9.993986
-9.998430
-9.998155
9.911781
-9.998189
9.997689
-9.994941
-9.999209
-9.995041
-9.991659
-9.997936
-9.999999
-9.990181
-9.996475
9.995750
9.993867
-9.997544
9.995665
9.994343
9.994220
-9.997559
9.995825
-9.994030
-9.619678
9.997347
9.992326
9.997349
-9.997306
9.991876
-9.953140
9.987460
-9.981005
-9.996574
-9.995287
-9.991456
-9.996659
9.996853
9.997356
9.787529
9.997505
9.998823
-9.995858
9.996668
9.996665
9.993154
9.998648
9.991702
-9.994372
9.996449
9.997664
-9.997511
9.993154
-9.961807
-9.996592
-9.994130
9.995406
9.994559
9.995246
-9.991965
9.951086
9.997653
-9.998223
-9.996634
-9.996908
-9.996751
-9.997984
9.994518
-9.987901
9.976602
-9.998503
9.985174
9.994603
9.992153
-9.995850
10.000000
-9.995649
9.992640
-9.996619
-9.997625
9.996446
9.994052
9.968768
9.996635
9.995672
-9.860088
9.993940
-9.976870
9.996818
9.995397
-9.995390
9.997597
9.993962
9.996122
9.996314
-9.993158
-9.993125
9.972420
-9.997424
9.994839
-9.995864
9.993259
9.996383
9.995552
-9.995554
-9.996876
-9.995159
-9.995465
-9.994114
-9.993065
-9.986471
9.999015
9.998323
9.989415
-9.991022
-9.995000
9.996621
9.997993
-9.995146
9.996138
-9.994287
9.995573
-9.992071
9.991030
9.992871
9.998598
9.998659
9.992649
9.997294
9.989955
-9.979415
9.994141
-9.995966
-9.997164
-9.990850
-9.998932
9.994284
-9.997922
9.998119
9.994443
-9.992289
-9.998119
9.996865
9.998482
9.658664
-9.998605
9.996703
-9.994660
9.998022
-9.999098
9.996296
-9.994769
-9.999382
-9.993290
9.997518
9.893425
-9.995204
-9.996488
9.977443
-9.998876
-9.996289
-9.995979
-9.997777
9.996338
9.989352
-9.995907
9.983823
9.997080
9.996005
9.998267
-9.997044
9.992138
9.992762
9.997575
9.993832
9.994698
-9.787758
9.997083
9.990996
-9.996698
9.990411
9.992459
9.998052
-9.991687
-9.994362
9.993125
9.996424
-9.994604
9.993069
9.997226
9.996281
-9.995591
9.996382
9.998440
9.996258
9.996337
-9.994610
-9.998104
-9.994142
-9.996880
9.996457
9.996226
9.995500
-9.999351
9.992889
9.998124
9.997526
9.971433
9.985296
9.996473
9.997822
-9.994442
9.995093
9.986200
9.991250
-9.994542
9.992664
-9.994544
-9.986060
-9.996700
9.997363
-9.998450
9.994159
-9.996197
9.931019
-9.997136
9.996825
9.997129
9.997619
9.994234
-9.997385
9.988634
9.996346
9.995680
9.997117
9.998221
9.990348
-9.997339
9.991713
9.997665
-9.936693
9.998519
-9.993456
-9.994937
9.996545
-9.996982
9.995812
-9.975402
-9.997564
-9.987374
9.995930
-9.996881
9.995912
-9.998792
9.998440
-9.993105
9.993093
9.995372
9.989093
9.997315
10.000000
-9.994304
9.997849
9.991721
-9.994716
-9.999560
-9.996928
9.998348
-10.000000
-9.991484
-9.994700
9.996275
9.994550
-9.994573
-9.997205
-9.999997
9.982308
9.994514
9.991740
9.997847
-9.993261
9.995609
-9.998903
9.992307
9.994088
9.983704
9.995115
-9.996052
-9.995037
-9.993863
9.994199
-9.995355
9.998403
9.992432
9.997309
-9.989487
-9.994059
9.994591
-9.995245
-9.995955
9.995391
9.991097
9.994208
-9.998093
-9.995214
-9.989948
9.986241
9.998097
9.995805
-9.998332
-9.997253
9.993962
-9.997621
-9.997819
9.989090
-9.997298
9.996454
-9.999941
-9.996402
9.994799
9.997835
9.996450
9.995696
-9.991714
-9.996222
-9.997238
9.994272
9.996485
-9.994294
-9.982741
9.978054
-9.992800
9.995597
9.996530
-9.993834
9.994663
9.996027
9.996522
-9.996521
9.990363
-9.998197
-9.995753
-9.993984
9.996182
-9.989730
9.997137
9.998329
9.998997
9.997405
-9.995543
9.995938
9.997594
-9.981749
9.995086
-9.995257
-9.997216
9.997057
-9.993988
-9.996343
-9.995855
-9.995656
9.996878
9.941413
-9.997197
9.994037
9.993381
-9.998160
-9.995515
9.998902
-9.996069
-9.731902
-9.997356
-9.995933
-9.997871
9.997843
-9.989354
-9.994094
-9.994461
-9.982234
9.995132
9.995159
9.992632
-9.996436
9.997660
-9.998545
9.997260
9.566742
9.980253
9.907948
-9.997201
9.995607
9.995546
-9.993881
10.000000
5.015062
9.993874
-9.997486
9.987472
-9.987921
9.960021
9.992452
-9.991674
-9.997734
9.991969
-9.990423
-9.996238
-9.990671
-9.991194
-9.996312
-9.996486
9.998084
-9.999124
-9.978562
9.996223
-9.995437
10.000000
9.988218
9.994627
9.996793
9.994578
-9.993097
-9.996746
9.997464
9.995103
-9.999304
-9.993682
-9.994385
9.992719
-9.993888
-9.992278
-9.990433
-9.998858
9.994568
9.993117
-9.991762
-9.996440
9.995628
9.996438
-9.991497
10.000000
9.996385
9.997615
9.996390
9.983460
-9.997125
9.997333
-9.996196
9.992240
-9.994188
9.997057
-9.992676
-9.998755
-9.998002
9.996383
-9.986359
9.992320
9.995233
9.937260
-9.996731
-9.996789
-9.986066
9.991995
9.995596
9.983172
9.989247
-9.511861
-9.980082
9.995748
-9.986437
9.992073
9.999984
-10.000000
-9.995862
9.992034
-9.985273
9.987810
9.991540
9.995705
-9.996643
-9.994380
9.996770
-9.993906
9.996554
9.995092
9.978725
-9.998103
9.985573
9.996824
-9.997458
-9.997215
-9.986063
9.995613
-9.984979
9.996389
9.996059
-9.991889
-9.995571
-9.998535
-9.989453
-9.997222
9.988046
9.997001
-9.997769
-9.995565
9.997894
9.997391
-9.991028
9.993993
-10.000000
-9.997960
9.994129
9.991471
9.996397
-9.913645
9.991589
-9.995213
-9.991388
-9.996528
9.993152
-9.998572
9.855201
9.997933
-9.985686
9.995517
9.991070
-9.994517
9.994658
9.994317
-9.999303
-9.995662
9.993197
9.992932
-9.995971
-9.997362
9.996341
-9.994535
-9.997790
-9.998054
9.997735
9.999323
9.986569
9.994904
-9.995864
-9.992262
-9.996114
9.996892
9.995936
-9.997882
9.991624
9.994869
9.995461
-9.997814
9.916565
-9.991564
-9.995526
-9.992982
9.978353
9.993805
9.994635
-9.995543
9.992767
9.995940
9.996912
9.996567
-9.999074
-9.984881
-9.994306
-9.711187
9.998978
9.997609
9.997642
-9.996471
9.995735
-9.996340
-9.996169
-9.992735
9.985024
9.994523
9.998803
9.988052
9.990950
9.997851
9.995629
-9.997295
-9.992644
9.995502
-9.997883
9.997594
9.997422
-9.992483
-9.997553
-9.992441
-9.994749
-9.997175
9.991357
9.994236
-9.994757
-9.996489
-9.996672
-9.997324
-9.992359
9.995077
-9.975942
-9.995675
9.992714
-9.984292
-9.992839
9.994444
9.996601
-9.997829
9.995735
-9.983411
-9.994848
9.993734
9.997400
-9.993161
9.989299
9.995424
9.996136
9.998904
9.996829
-9.995173
9.994104
9.997445
9.988940
-9.991173
-8.770494
-9.997758
-9.995796
9.997652
-9.991997
-9.992851
-9.993974
9.993448
9.995734
9.998095
9.996146
9.939452
-9.986450
9.984998
-9.990268
-9.996128
-9.991775
9.997509
-9.998277
-9.997153
-9.993260
-9.982244
9.994657
-9.998327
-9.995094
-9.996455
9.995598
9.986547
10.000000
9.993398
-9.989040
-9.986834
-9.996019
-9.988252
-9.996343
-9.995973
-9.995242
-9.989964
-9.993603
-9.999102
-9.994726
-9.985078
9.984714
-9.985249
9.992705
9.997451
-9.995146
-9.997518
-9.997414
9.992388
-9.998673
9.998205
-9.991899
9.994167
9.997584
9.997655
-9.997542
9.997592
9.987274
9.996550
9.992181
-5.922847
-9.998399
-9.998105
-9.995871
-9.979644
9.998386
9.997637
-9.997602
9.992681
-9.997788
-9.996939
-9.997140
9.997849
-10.000000
9.994969
9.988642
9.996904
9.995707
-9.997454
9.987162
-9.998854
9.996801
-9.987377
9.992917
9.970278
-9.997556
9.991093
-9.994998
9.992750
9.995962
-9.998546
-9.997976
9.999232
9.998334
-9.994044
-9.995397
10.000000
-9.963495
-9.884896
9.980808
-9.995809
9.997529
-9.998732
-9.996266
-9.995172
-9.985221
9.997069
9.995926
-9.997146
-9.995956
9.941465
9.989711
9.974027
-9.994344
9.998205
-9.987429
-9.998100
-9.996305
-9.995629
9.997689
-9.996670
-9.996656
-9.996272
9.998173
9.996870
-9.995322
9.994081
-9.996659
-9.996974
-9.993667
9.996400
9.995558
-9.997586
-9.996526
-9.995021
-9.998296
9.978715
9.996766
-9.996747
-9.998954
9.945517
-9.995934
-9.998585
9.992542
-9.986156
9.996862
-9.995137
9.998361
-9.975911
0.424727
9.990932
-9.995332
-9.993830
9.992031
9.992876
-9.989792
-9.989899
-9.987188
9.995260
-9.992258
-9.991276
9.989296
-9.993845
-9.999126
9.997190
-9.991772
9.996619
-9.982245
9.998285
9.992252
9.993033
-9.992930
-9.997890
-6.175340
9.998862
9.991714
9.995434
-9.994502
9.995824
9.986901
-9.990035
-9.997757
-9.992145
9.996179
-9.992671
-9.991577
-9.992573
9.996874
-9.994969
-9.994412
-9.997825
-9.992273
-9.996046
9.994190
9.993420
9.997092
-9.995281
-9.997267
-9.997428
-9.996339
-9.994155
-9.997717
-9.994365
-9.988054
-9.998046
-9.949811
9.974003
-9.996916
-9.994063
9.987515
-9.996653
-9.987723
9.994968
9.991184
9.991518
-9.995555
9.994124
-9.989624
-9.995597
9.962679
9.995453
-9.998713
-9.992428
-9.994257
9.994381
-9.988609
-9.994483
9.994502
9.999147
9.996264
-9.993826
9.997574
-9.998180
9.990488
-9.998537
-9.998662
-9.995504
-9.997699
8.194715
-9.980189
-9.998095
-9.985324
9.998374
9.995682
-9.997288
-9.998858
9.996630
-9.996230
9.997587
-9.966670
-9.996188
9.996595
-9.992749
9.997244
9.996583
-9.995341
9.997385
9.992268
9.994656
-9.994489
-9.997842
9.996014
9.997589
9.998077
-9.994016
-9.994180
9.993732
-9.991471
-9.995275
9.993240
-9.993284
9.989538
-9.999076
-9.992210
9.985318
9.971795
-9.992312
-9.996294
9.992235
-9.997540
9.986909
9.995478
9.995922
-9.995704
-9.988706
-9.997892
9.996161
9.993806
9.995111
9.999109
9.996256
9.992510
-9.992916
-9.994000
-9.930836
9.991979
-9.998257
9.994924
-9.991467
-9.995718
9.996591
9.997026
-9.907473
-9.998073
-9.997007
-9.996136
9.988613
-9.988326
-9.996126
9.989292
9.997958
9.995703
9.993935
9.994722
9.996960
-9.995326
-9.406172
9.996611
9.988384
-9.997611
-9.998085
-9.998812
-9.996999
9.968206
-9.994127
-9.997563
9.987567
-9.997029
9.997937
-9.985992
9.995317
9.994135
-9.998998
-9.997789
-9.996464
9.997733
-9.998278
-9.997116
-9.997370
9.995395
9.997697
-9.992062
9.997941
-9.992449
-9.897422
9.994548
9.993083
9.976091
9.993671
-9.997984
-9.993424
9.996798
9.992980
9.991998
-9.988089
9.992050
9.997656
-9.991262
9.995316
-9.994277
-9.998864
9.993958
-9.998859
-9.997568
9.997842
-9.994360
-9.994380
-9.993669
-9.981224
-9.995735
-9.991344
9.996534
9.991428
-9.996347
9.997931
9.994527
9.984253
-9.995222
-9.993972
9.995020
-9.995442
-9.994430
9.995716
9.997603
9.995388
-9.988414
-9.996190
-9.995921
-9.992142
1.500120
-9.996691
9.978075
9.991934
-9.996474
-9.997678
-9.981684
-9.994895
-9.997328
9.995525
-9.994323
-9.983109
9.986178
9.993582
9.980903
9.987576
9.991493
9.998283
9.993227
9.996981
-9.994843
-9.998412
9.987951
9.994155
9.996501
9.963999
-9.996289
9.996011
9.994324
-9.995685
9.989744
9.995803
9.978591
9.996479
9.995657
9.993766
-9.989842
9.994102
-9.994122
-9.993372
9.994746
-9.992959
-9.992528
-9.996325
9.996382
9.995837
9.998114
-10.000000
9.997565
-9.996114
-9.996625
-9.999358
-9.986089
9.996564
10.000000
-9.996607
-9.996647
9.990819
9.996613
9.994899
9.990660
9.993947
9.997298
9.997076
9.994137
9.995582
-9.996985
9.998172
9.958855
9.992456
9.996986
-9.995663
9.984958
9.986044
-9.996712
-9.993993
9.997932
-9.997252
9.981592
10.000000
9.988614
-9.989460
-9.995099
9.998334
-9.998046
-9.994113
-9.998594
9.904419
-9.995873
9.989087
-9.993930
-9.998931
9.995195
9.990963
-9.995680
9.995790
-3.857821
9.995813
-9.997337
9.997841
-9.995774
9.986711
-9.998123
-9.990906
9.994206
-9.990528
9.991074
9.995891
9.983916
-9.985212
9.997620
9.993720
9.979546
-9.997544
-9.996088
9.998905
9.986114
9.998185
9.985115
-9.983175
-9.995555
-9.995707
-9.992686
9.990520
-9.996754
-9.994070
9.993156
9.988293
9.994373
9.997592
-9.993465
-9.992601
-9.997784
-9.995404
-9.929774
-9.995800
-9.994766
9.994243
9.985735
9.993800
10.000000
9.997605
-9.992862
9.996202
-9.996608
-9.996175
9.992735
-9.991550
-9.993844
-9.998088
-9.985149
-9.995941
-9.996142
-9.996474
-9.998386
-9.974856
-9.998255
9.994870
-9.990280
-9.996594
-9.997061
9.996363
9.982109
9.994140
-9.999257
-9.999479
-9.994043
-9.995641
9.994938
9.998608
-9.997100
-9.983341
-9.998373
9.983835
-9.995237
-9.996743
9.991269
-9.996057
9.996880
-9.997307
-9.988443
-9.986961
-9.995554
-9.994122
-9.995639
-9.997596
-9.994387
-9.974036
9.994909
9.992257
9.994321
9.994230
-9.996687
-9.993979
-9.988315
-9.997219
7.673760
-9.995924
9.996090
-9.989484
-9.994367
9.994267
-9.997838
9.984091
-9.996821
-9.995239
9.997279
-9.998060
9.997222
-9.997277
-9.993375
9.991407
9.993995
9.997578
-9.997512
9.040778
-9.995810
-9.996338
9.997808
-9.997302
9.996485
-9.995741
9.982121
-9.995490
9.844696
9.998304
-9.994089
9.998732
-9.997701
-9.996487
9.982453
9.998576
9.996518
-9.996437
9.995362
-9.995408
-9.977895
9.995300
9.996017
-9.997911
9.994694
-9.998358
9.996281
9.998239
-9.995632
-9.996663
9.985029
9.988036
9.994209
-9.979234
7.482768
9.997054
-9.994379
9.996696
-9.624957
9.998660
-9.989623
-9.997234
-10.000000
9.997658
-9.991494
9.973838
-9.986966
-9.327434
9.996455
9.989962
-9.997291
-9.995617
-9.998857
9.996834
9.988084
9.990753
-9.996933
-9.913882
-9.949633
-9.984387
-9.995935
9.995698
9.991955
-9.997720
-9.988604
-9.999256
-9.996852
-9.991584
9.995215
-9.987939
9.995704
-9.994664
-9.992054
9.978894
9.931622
9.973725
9.936086
-9.996661
9.984868
-9.998715
9.988836
9.994289
9.224278
9.994579
-9.995633
-9.996010
9.994099
-9.998100
-9.990637
9.997514
-9.993659
-9.974388
-9.998604
-9.997440
-9.997618
-9.996301
9.995990
9.994458
-9.990580
9.992628
-9.997218
-9.997294
7.680220
9.993105
-9.996694
-9.996213
-9.990693
9.995908
9.989742
-9.989260
-9.980272
-9.987710
-9.978358
9.997463
9.995504
9.996870
9.991346
9.980389
-9.997029
9.979898
-9.993842
9.992620
9.997244
9.995938
-9.996971
-9.995743
9.996338
9.995249
-9.995791
-9.998868
-9.996744
9.998788
-9.997464
9.992575
-9.997324
9.992369
-10.000000
-9.996703
-9.997265
-9.996023
-9.987335
9.972187
-9.991796
-9.997599
-9.994290
-9.997119
9.991926
9.926180
-9.998356
-0.258510
-8.666717
-9.994372
-9.994574
9.995685
9.995318
-9.996206
-9.996720
9.994755
9.990842
9.984248
-9.997165
9.995963
-9.996054
9.985781
9.996124
9.997190
7.184599
9.732016
9.995767
-9.991497
9.997411
-9.995736
9.973870
9.985304
-9.996063
-9.997486
-9.998082
9.997971
9.996083
9.995655
-9.997288
-9.994377
9.990057
9.994080
-9.997190
-9.997810
9.996808
-9.996369
9.994841
9.996411
9.993025
9.993218
-9.995375
-9.996101
-9.994271
-9.996016
9.998181
9.998812
9.996999
9.996411
-9.998139
9.996142
9.991075
9.999183
9.998406
9.999148
9.987602
9.996430
9.970373
-9.997249
-6.681667
-9.997863
-9.997884
-9.994498
9.996440
9.168339
-9.993459
-9.997186
-9.983248
-9.996497
-9.994143
9.996834
9.998053
9.995913
-9.993061
-9.990118
-9.995312
-9.996473
-9.992917
-9.998194
-9.991901
-9.998267
9.997198
-9.997324
-9.974669
9.997256
9.995436
9.990590
-9.995540
-9.994662
-9.997902
-9.990471
-9.987301
9.994891
-9.992878
9.989477
9.999035
-9.996588
9.982933
9.993290
-9.994259
9.994258
9.995699
-9.997240
9.994974
9.998958
9.999999
-9.997806
9.992913
-9.997631
9.998087
10.000000
9.996172
-9.995948
9.998214
9.975222
9.994439
9.994528
9.996395
9.999155
-9.990944
10.000000
-9.995485
-9.992124
9.995813
-9.990966
9.998678
-9.999271
-9.997066
-9.998705
9.989783
9.987282
-9.998174
9.997027
9.993007
-9.991884
9.993819
-9.997177
-9.998177
-9.994200
-9.985780
9.998077
9.997942
9.996080
9.986581
9.994445
9.995227
9.996600
9.971744
9.996287
9.992049
9.996158
9.996622
9.994291
-9.992884
-9.998095
9.995208
9.995761
9.997484
9.993094
9.996515
-9.989046
9.989800
-9.993942
-9.996013
-9.996569
9.991270
9.992753
-9.994204
-9.995988
9.997121
9.998631
9.995667
-9.997288
-8.861777
9.997718
9.995861
-9.999098
-9.992784
9.996331
-9.997232
9.996602
-9.997450
-9.991690
9.995358
9.997046
-9.993911
-9.993779
9.994440
9.984419
-10.000000
-10.000000
-9.996328
9.988484
-9.987334
-9.993996
9.995187
-9.999038
9.942090
9.997307
-9.997304
-9.998275
9.990888
-9.998351
9.997102
-9.980421
-10.000000
-9.998854
-9.996669
9.984551
9.987146
-9.997126
-9.989121
9.998574
9.986534
-9.994549
-9.996547
9.998006
-9.994087
-9.998283
-9.992031
-9.995989
-9.998467
9.996797
-9.994888
-9.995356
-9.997661
-9.998047
-9.995890
-9.995736
9.997496
9.998427
-9.996433
-9.994181
-9.997313
9.996626
-9.992284
9.996426
-9.997899
-9.997486
-9.995072
9.992212
-9.995132
-9.989444
-2.260731
9.993263
9.994181
-9.997142
-9.998734
9.997995
-9.995424
9.996723
-9.996543
9.998174
9.994999
9.994996
9.998804
9.993142
9.994670
-9.998204
9.995973
-9.996082
9.998870
-9.994906
-9.998676
-9.996796
9.995551
-9.997097
-9.994042
9.995975
9.997756
-9.997819
9.995618
-9.984952
-9.993722
9.992502
9.994419
9.993890
-9.997021
-9.991721
9.996891
9.986958
-9.988202
-9.997436
9.986995
9.992274
9.991066
-9.995305
-9.992856
10.000000
9.995657
-9.984280
-9.990512
9.996148
-10.000000
9.997145
9.997171
-9.988743
-9.998277
9.997701
-9.989435
-9.999433
-9.993328
-9.995703
9.996861
9.995444
9.994096
9.993724
-9.997439
-10.000000
-9.996742
-9.989704
9.995406
9.998257
-9.995520
9.986372
-9.991473
9.994696
9.998092
-9.993971
-9.992640
-9.997039
-9.993378
9.994275
9.651870
9.995498
-9.996211
-9.993827
9.996009
-9.996382
-9.992066
-9.997002
9.999115
-9.992005
-9.997288
-9.995220
-9.998898
9.996626
9.995150
-9.997241
9.993536
9.997539
-9.995399
-9.989845
-9.994235
-9.997281
9.997342
-9.991639
9.993074
9.995381
9.991614
9.996576
9.994957
9.992288
9.998368
9.997358
9.992795
-9.995679
-9.996620
9.996653
-9.992771
9.988441
9.994073
-9.997374
-9.995917
9.980616
9.995736
9.989701
-9.997246
-9.998347
-9.996839
-9.994376
-9.997924
-9.997476
9.996806
-9.991407
9.990162
-9.998621
-9.993626
-9.996255
-9.997312
9.996968
9.993153
9.986323
-9.998842
9.992131
9.995492
9.996503
9.994250
-9.993305
9.993561
10.000000
-9.998306
9.994881
-9.991783
-9.995916
-9.992505
-9.996684
9.999046
-9.995968
9.994755
9.997179
9.999999
9.990318
9.990444
-9.997979
-9.995084
9.990195
9.996671
-9.994025
-9.991124
-9.996826
9.995872
-9.990354
-9.998386
1.363447
9.992065
-9.996246
-9.997090
-5.516633
-9.994035
9.991288
-10.000000
9.989145
-9.995168
9.995341
-9.931335
9.997974
-9.985420
-9.990271
-9.997959
9.998382
-9.950687
9.992519
-9.997952
-9.990324
-9.998839
9.963034
5.942242
-9.995375
-9.996183
-9.995821
9.988571
-9.990561
9.997247
-9.991726
-9.996077
9.989892
-9.996883
-9.994404
-9.998408
-9.999091
-9.952817
9.989220
9.993551
9.997518
-9.996373
-9.993930
-9.997620
9.985613
-9.998607
9.995921
-9.996431
9.994685
9.986278
-9.995101
-9.996133
9.982054
-9.997195
-9.995686
-9.996767
-9.986533
-9.996715
9.989368
9.988478
-9.993820
-9.980970
9.993510
9.990991
9.987198
-9.997762
9.997091
-9.995200
9.994074
9.998354
-9.998394
9.985695
9.997922
-9.997801
-9.995662
-9.996241
-9.997465
9.995519
9.997087
-9.996511
-9.996178
-9.997599
-9.992275
-9.985257
-9.994008
9.996661
9.991010
9.992873
9.988096
9.995486
9.995189
-9.997563
9.995260
9.992743
9.380055
9.997263
-9.958739
-9.985464
9.998801
-9.998359
-10.000000
9.991378
-9.997814
9.630982
9.993904
9.998714
9.992043
9.996247
9.997275
9.994616
-9.996284
-9.994258
-9.990840
-9.995502
9.997485
-9.998028
9.998060
9.994451
9.994985
-9.992719
-9.990419
-9.993722
-9.994000
9.996036
-9.991220
-9.996992
-9.993389
-9.994145
9.994399
9.989517
-9.995646
-9.994559
-9.996519
-9.995259
-9.994406
-9.997202
-9.993709
-9.996278
9.995845
-9.993341
-9.994261
-9.997699
-9.997732
-9.997701
-9.994404
-9.997050
9.997085
-9.993782
-9.895573
9.992156
9.995419
-9.999331
-9.995794
-9.996769
-9.994327
-9.996409
9.990088
9.995570
9.996931
9.998041
-9.996525
-9.998429
-9.989470
-9.996572
9.994636
9.997114
9.990827
9.995660
-9.997545
-9.997654
-9.995992
-9.993729
-9.995922
-9.995791
-9.993589
9.996438
-9.995010
-9.995921
9.996399
-9.998694
-9.998302
9.997145
9.997415
-9.994461
9.997787
-9.996282
9.996861
9.995149
-9.997529
-9.996811
9.998524
-9.992688
-9.987111
-9.998806
-9.982679
9.997750
-9.999112
9.995230
-9.984165
9.994853
9.993896
-9.991505
10.000000
9.950227
-9.997107
9.995824
9.991929
9.995581
-9.999062
9.985843
9.996203
-9.997389
9.997491
-9.542694
-9.999278
-9.986232
9.936693
-9.996312
-9.985602
9.992812
-9.997600
-9.991270
9.993987
-9.997853
-9.998080
-9.994173
-9.998188
9.980610
9.989526
9.944226
-9.996305
-9.997189
9.993592
-9.985733
-9.999227
9.992051
-9.992377
-9.987729
9.996120
9.996712
-9.995847
9.995897
9.993247
9.995802
-9.998367
9.996312
-9.997074
9.995116
-9.998022
9.992888
-9.994344
9.989325
10.000000
9.996682
9.993455
9.992180
9.996474
9.996933
-9.996224
-9.997107
-9.998097
9.997713
9.998779
-9.994127
-9.941597
-9.992541
-9.993209
9.996850
-9.995923
9.999124
-9.994965
-9.996457
9.958357
9.997565
9.994006
9.997700
9.973970
9.995027
-9.999385
-9.999022
9.994151
-9.999011
9.989509
9.996274
9.996260
-9.999160
-9.996651
-9.997317
9.991927
-9.994202
9.997228
9.995053
9.996427
-9.992658
9.995977
-9.998492
-9.987201
-9.994403
9.974832
-9.995218
9.996563
9.993303
-9.996418
-9.991816
9.987384
-0.380177
-9.986867
9.997998
-9.996602
-9.996590
9.994553
9.997067
9.993835
-9.997607
-9.995920
9.986504
-9.998410
-9.996741
9.998751
9.994387
9.995241
-9.989843
9.995186
9.991666
-9.994657
-9.997146
9.997220
-9.998118
-9.995923
-9.996679
-9.995622
9.979025
9.996016
9.997126
9.997434
-9.988198
-9.998578
-9.992159
9.989262
-9.996941
9.999358
9.998547
-9.996540
-9.995982
9.998573
-9.995983
-9.993414
9.996390
9.994237
9.995316
-0.501827
-9.985020
-9.997596
9.982125
9.991121
-9.997399
9.995744
-9.996558
9.988270
-9.990124
9.996883
-9.986933
-9.994171
-9.992665
-9.992485
-9.989921
9.996918
-9.991799
-9.998609
9.997162
9.994170
-10.000000
9.994180
9.995960
9.996256
-9.994227
9.997306
-9.997153
9.996491
9.993903
-9.997610
-9.997086
-9.986649
9.998736
-9.997135
-9.999162
9.995158
-9.991609
9.995103
9.994156
-9.985918
9.995889
9.999021
9.989218
-9.993517
-9.994288
-9.996128
9.995291
-9.990793
9.995542
-9.996953
-9.997253
-9.995339
-9.998968
8.262169
9.990892
9.976180
9.994399
-9.998343
9.981685
9.997005
9.975662
-9.986515
9.993582
9.999104
-9.995587
9.997554
9.758921
10.000000
-9.983524
-9.998627
-9.992584
9.962796
9.997989
-9.997836
9.997092
9.992412
-9.996459
-9.996356
9.998516
9.995777
-9.997148
-9.994356
9.997913
9.992408
-9.993795
9.997338
-9.997538
9.991608
9.995771
-9.998317
9.991503
-9.995137
-9.992775
9.993781
-9.997386
-9.997456
9.997496
-9.996887
9.993888
9.996573
-9.997108
9.993925
9.996073
-9.994331
-9.998167
9.997366
9.997489
-9.981124
9.995659
9.995586
-9.998787
9.991629
-9.991796
-7.284486
9.990346
9.998726
-9.996235
9.992154
9.996548
9.975820
9.998099
9.994092
-9.996726
9.994866
-9.996450
-9.971028
-9.997734
-9.998017
9.996969
9.996334
9.998545
9.995257
9.997092
9.996547
9.994273
9.994793
9.987369
8.982019
-9.993973
-9.994574
9.991241
-9.994187
-9.996093
-9.993317
9.942658
9.994475
9.993557
-9.998953
9.995056
-9.991142
-9.999599
9.992558
9.995399
9.988915
9.995217
-9.988959
9.996038
9.997667
9.998260
-9.996122
9.990055
9.993941
-9.997437
-9.998561
-9.995423
9.995982
-9.994434
-9.995964
-9.990470
-9.997579
-8.691306
-10.000000
9.995159
9.993151
-9.995860
9.997351
-9.984585
9.997520
9.950970
9.989787
-9.995293
-9.998880
9.998709
6.861768
9.995189
9.992085
-9.997239
9.992143
-9.986837
9.994064
9.992660
9.992223
9.997171
9.999329
-9.998437
-9.995832
9.995413
9.995289
-9.866909
9.988729
-9.998953
-9.998612
9.990962
-9.994198
9.987425
-9.997231
-9.996951
9.997025
-9.996297
-9.989097
-9.998594
9.996259
-9.997173
9.987057
-9.991897
8.016254
-9.989494
-9.992685
-9.999087
9.995783
-10.000000
-9.999257
9.990167
9.997689
9.998331
-9.990431
-9.991282
-9.996393
9.412167
9.996115
9.995426
-9.995279
-9.997695
-9.999073
9.998344
-9.987517
9.997766
9.995836
9.992063
-9.995782
-9.997141
-9.994234
-9.970406
9.985990
-9.994223
9.996247
-9.991414
9.990812
-9.995211
9.966458
9.971641
-9.995580
9.993877
-9.995562
9.995371
9.991796
-9.997587
9.991728
-9.994319
9.998119
-9.997038
9.988511
9.996548
9.997397
-9.976257
9.995202
-9.992293
-9.898708
-9.997460
9.991286
9.995554
9.990808
-9.994018
-9.995746
9.998543
-9.996648
9.994942
9.996449
-9.985628
-9.981809
-9.994652
9.989667
9.995104
9.997709
9.995513
9.991234
-9.997256
-9.994434
9.999061
-9.997121
9.995575
9.930929
9.994527
-9.998966
9.995887
9.998945
9.995935
-9.996835
-9.997079
-9.985436
-9.994725
-9.993970
9.990767
9.989374
-9.997229
9.996322
9.979345
9.995360
9.995909
9.996481
-9.928896
-9.997924
-9.991262
-9.996743
-9.995042
9.994389
9.994730
9.991059
-9.994377
9.992529
-9.997837
9.996543
9.989880
-9.999319
9.991145
-9.992997
9.993351
9.991131
-8.691563
9.981904
9.996895
-9.996839
-9.994120
9.994636
-9.980308
-9.996607
9.793867
9.996246
-9.997978
-9.991840
9.994296
9.998083
-9.998864
10.000000
10.000000
-9.996582
-9.995400
9.996148
9.998417
-9.998097
9.993607
-9.996712
9.994336
-9.997288
9.997878
9.997019
-9.994626
9.997410
9.994297
9.995237
-9.993353
-9.996985
9.996177
9.996064
9.996251
9.978136
-9.995599
9.988255
-9.996207
9.993943
9.997375
9.996647
-9.997207
-9.997620
-9.997362
9.995631
9.994218
9.996670
9.993905
-9.998937
9.986791
-9.995119
-9.997692
-9.993412
-9.996488
9.995759
9.994453
-9.996193
9.992273
-9.995637
9.997805
-9.993949
9.994280
-9.995535
9.993934
-9.994528
-9.996034
-9.996857
-9.998708
-9.995179
-9.993611
-9.979293
-9.893862
9.996888
9.991741
9.994306
9.994340
9.993611
9.997203
-9.998726
-9.996252
9.994067
9.989768
-9.996207
9.992095
-9.995784
9.998977
9.994922
9.995247
-9.997032
9.999009
-9.996004
9.988324
-9.988409
9.987782
9.998656
-9.997189
-9.991654
-9.997132
-9.995314
-9.354712
-9.987747
-9.996081
9.995802
9.970848
-9.996395
9.989083
9.996277
-9.993938
9.996473
-9.999072
9.989841
9.995318
-9.993279
-9.994914
9.996613
-9.998880
9.991668
9.997716
-9.992301
-9.994463
9.994132
9.990182
-9.994358
-9.997529
-9.988174
-9.996265
-9.998644
9.993965
-9.997246
-9.999258
9.997318
-9.988289
9.999230
9.998733
9.998466
9.993239
9.998597
9.977442
9.997080
9.984983
-9.998609
-9.993967
-9.994311
9.995147
-9.907723
9.993005
-9.996426
-9.997525
-9.992647
-9.998708
9.992346
-9.995606
9.996132
9.988143
9.994926
9.995157
-9.990692
-9.998067
9.994092
-9.995738
9.990770
9.996078
-9.994825
9.996156
9.994528
9.994613
-9.994233
9.995742
-9.995453
-9.998468
9.997616
9.986228
-9.990264
9.997150
-9.995320
9.996667
-9.995623
9.995233
-9.992195
9.993981
-9.994674
-9.999263
-9.994333
-9.998752
-9.993683
-9.992484
9.987515
-9.993148
9.995252
-9.993972
-9.998391
9.992776
-9.998740
9.993105
9.994109
-9.992365
-9.994985
-9.989933
9.245070
-9.875799
9.998195
9.997236
-9.994905
9.982305
9.997529
-9.986118
-9.996005
-9.996672
-9.993373
-9.993569
-9.997975
-9.997923
9.995881
9.996783
-9.996710
9.991116
-9.987682
9.994630
-9.995775
9.997492
-9.997840
-9.995178
-9.993828
-9.994064
9.995958
9.997856
-9.998475
9.997244
9.998366
9.995934
9.996688
9.996695
9.994464
-9.925758
-9.998131
9.995734
-9.997239
-9.998516
9.997197
9.998073
9.924545
9.998066
-9.995621
9.997438
9.996718
-9.999996
-9.998749
-9.998285
9.995940
-9.996808
-9.997257
-9.997915
9.992188
9.998575
-9.998838
-9.988649
-9.996944
-9.995781
9.994858
9.995756
9.996778
-9.994815
9.990954
-9.996742
-9.997805
-9.997726
-9.994820
9.995501
-9.999028
-9.976999
-9.996387
9.993944
9.997417
9.995416
-9.997374
9.994030
9.987540
9.995754
9.992661
-9.995295
9.996213
-9.998215
9.994095
-9.990989
9.977351
9.994295
9.995670
-9.995780
-9.969624
9.995709
-9.998910
9.997734
-9.991287
-9.990597
9.998486
-9.992927
9.996950
9.996382
9.947683
9.978503
9.996323
-9.989751
-9.994523
9.995412
-9.994755
9.995813
9.990690
9.996401
-9.998232
-9.930651
9.996948
-9.995894
-9.995475
9.997992
-9.977391
-9.995557
9.992893
9.962146
9.991885
9.998006
-9.998808
-9.997414
-9.997989
9.996173
9.994508
9.993268
9.995051
9.999075
-9.993722
-9.997534
-9.684369
-9.996594
-9.988542
-9.997034
9.982193
9.995951
-9.990452
-9.995856
9.998943
9.745311
-9.998777
-9.995650
-9.976743
9.997045
-9.996181
9.996692
9.994880
9.997990
9.997415
9.996460
9.993327
9.998367
9.994097
-9.994600
-9.996425
9.994439
9.996473
-9.998003
-9.996553
9.996931
-9.997541
-9.993505
9.998505
9.994162
-9.998969
-9.997474
-9.968758
9.993929
-9.972435
-9.983536
9.996080
9.959465
-9.995891
10.000000
9.998173
-9.991615
-9.991959
9.996937
-9.994361
-9.997690
9.996281
-9.996864
-9.995425
9.997752
9.991913
-9.996413
-10.000000
-9.994741
-9.978175
9.991562
-9.938557
9.996934
-9.992633
-9.978919
9.996802
9.997580
-9.726859
-9.998231
9.985411
-9.997837
9.993035
-9.997481
9.995638
-9.995902
-9.996960
-9.994115
-9.994138
-9.995967
9.994859
9.996175
9.996389
-9.996754
9.994391
-6.557167
-9.997673
9.994402
9.991809
-9.998524
-9.994529
9.997561
-9.995923
9.991200
9.993576
-9.995027
9.995149
-9.974348
-9.998175
-9.997856
-9.997010
9.975740
9.979792
9.996450
-9.993747
9.998013
-9.995596
-9.997631
9.948804
9.997437
9.957314
-9.994223
-9.997374
9.930366
-9.997660
9.991545
9.996319
-9.991695
9.978364
-9.998520
9.998104
9.994503
9.993690
-9.995171
-9.995790
9.992934
9.997713
9.994920
-9.997503
9.994514
9.998760
-9.996088
9.992263
-9.998808
9.967454
9.996689
-9.992147
-9.990636
9.996611
9.996294
9.989101
9.997601
-9.994246
9.994502
9.990207
9.995237
-9.997082
-9.996079
-9.998715
-9.998797
9.998135
9.996115
-9.993391
-9.996998
9.993725
-9.995519
-9.979090
-9.999134
9.993903
-9.998800
9.997605
9.996095
-9.993048
9.991137
-9.998726
-9.997253
-9.996321
-9.984407
9.996856
9.997181
-9.991859
-9.999289
9.230386
9.986139
9.996704
9.994203
-9.996328
9.995331
-9.997377
9.990244
9.989809
9.997602
9.999373
9.994333
-9.997297
9.979602
10.000000
-9.992773
-9.995584
-9.990291
9.996667
9.985152
9.996940
-9.996696
-9.997223
9.995488
9.999329
9.994257
-9.983237
-9.989117
9.978681
9.996536
9.994725
9.996739
-9.994578
-9.999235
9.999028
-9.992218
9.997130
9.996969
-9.998864
-9.991684
9.991650
-9.998511
-9.998414
9.996354
-9.998135
9.934159
-9.996837
-9.996513
9.997342
-9.995707
-9.997370
9.980604
9.989946
-9.997355
-9.997333
-9.988285
-9.995593
-9.997022
-9.897330
-9.996174
9.996858
-9.993648
9.995804
-9.996679
-9.997103
9.995426
9.992640
9.996109
9.999228
6.072095
-6.422052
-9.977855
-9.996091
9.996954
9.995010
-9.999130
-9.993811
-9.989182
-9.991995
-9.999127
9.997320
-9.995740
-9.992830
-9.992748
-9.997002
-9.988469
9.996997
-9.975963
-9.990022
9.998609
9.994492
9.996856
9.994215
9.962811
9.991266
9.995072
9.993659
9.995222
-9.990059
-9.992677
9.996163
-9.991675
9.994474
9.990558
-9.990015
9.996035
9.995292
-9.996671
9.992620
9.996730
-9.994208
-9.993970
-9.997648
9.993999
-9.990835
-9.995973
-9.993068
-9.991181
9.992782
-9.997710
9.994348
-9.997867
9.995291
-9.992543
-9.993750
9.993746
-9.994960
-9.992866
9.994173
9.998059
-9.988111
-9.997767
9.868323
-9.998078
-9.997912
9.997157
-9.991115
9.997766
-9.991733
9.993905
-9.996493
-9.996265
-9.997143
-9.992264
-9.994699
9.989055
-9.996468
9.994298
3.602647
-9.996038
-9.994379
-9.996371
9.994583
9.996758
9.981194
9.994964
-9.997848
9.999209
8.190227
9.996789
-9.988472
9.997676
9.993962
-9.997354
-9.994186
-9.973404
9.995695
-9.997588
9.961513
8.014023
-9.996614
-9.997985
9.995720
-9.996203
9.991293
-9.992049
9.995597
-9.997584
9.994514
-9.994399
-9.993452
-9.997742
9.997534
9.999350
9.990034
-9.997156
9.997583
9.995907
-9.998144
-9.992171
9.997272
-9.994112
9.994556
9.998524
-9.990231
9.995750
9.992033
-9.994137
9.997172
9.988306
-9.996204
-9.996331
9.996456
-9.995738
-9.997557
-9.996008
-9.998834
-9.990843
9.988585
-9.998262
-9.996165
-9.996912
-9.997994
9.998501
9.999388
9.991604
-9.998192
-9.998273
-9.998039
-9.996886
-9.994206
9.992529
9.994230
9.995283
9.996634
-9.992212
9.995496
9.977070
-9.990168
9.994812
-9.996940
9.990651
9.995272
9.995727
9.998171
-9.993597
9.973597
9.991898
-9.994735
9.071556
9.995793
-9.998352
9.995631
-9.994226
9.997121
9.999086
9.995085
-9.996124
-9.995841
9.987571
-9.987215
9.998363
9.986413
-9.988985
9.994123
-9.994899
9.985236
9.996670
9.987512
9.997699
9.996326
-9.997743
9.830368
-9.989613
-9.993463
9.994248
-9.994267
9.997820
-9.997141
-9.995387
-9.998016
9.999143
-9.999109
9.998352
-9.997026
9.991037
-9.997000
-9.998043
9.992358
9.997660
9.995478
-9.992358
-9.999150
9.995460
9.994213
9.977719
-9.995702
9.997109
-9.992381
-9.988780
-9.991321
9.997146
9.993682
-9.997798
9.995684
-9.998319
9.990007
-9.990692
-9.997217
-9.995989
9.994520
-9.997172
9.988014
9.982944
-9.992393
9.998086
9.994223
-9.996432
9.980380
-9.996057
-10.000000
-9.977274
9.992113
9.998128
-9.984041
-9.450886
-9.998080
9.997128
-9.990983
-9.998127
-9.996562
-9.993974
9.998138
-9.991499
-9.994762
9.998256
-9.997786
-9.992845
-9.987918
9.996830
9.990226
-9.995958
9.997356
-9.995110
-9.996139
-9.996433
-9.999999
-9.995692
9.995089
-9.996458
9.903380
9.997078
-9.995958
-9.996841
-9.998423
-9.991380
9.997237
9.994496
-9.990737
-9.997458
9.996949
9.998009
-9.998881
9.997591
9.997292
9.997187
-9.996632
-9.997034
-9.989342
-9.997366
9.996765
-9.999998
-9.974968
-9.995988
9.995053
9.994224
-9.994161
9.996173
-9.987938
9.995935
-9.997218
9.988162
-9.986622
-9.996142
-10.000000
9.996000
9.993838
-9.997040
9.993662
-9.996304
-9.995421
9.994842
9.958461
9.997723
-9.978987
9.942131
7.109150
9.992375
9.991974
9.992831
9.994342
9.996771
9.995600
9.996888
-9.998041
-9.994941
9.991121
-9.999228
9.993179
-9.998055
9.994398
9.979697
-9.993809
-9.997288
-9.995763
-9.998214
-9.996320
-9.998314
9.992900
9.994397
-9.996911
-9.994226
-9.997980
9.993972
-9.973365
8.897964
-9.994824
9.996327
9.990130
9.995634
-9.997452
9.997242
9.989545
9.997656
10.000000
9.920367
-9.988102
9.996338
9.985228
9.993020
-9.987060
9.996806
9.999457
9.998563
-9.998541
-9.989871
9.994291
-9.994327
-9.995715
9.993895
10.000000
-9.996600
-9.998695
-9.995983
9.996407
-9.981251
-9.997090
-9.996906
9.998460
9.994389
6.569510
-9.987299
-9.996400
-9.987694
-9.992672
-9.994210
9.989527
9.998309
-9.996309
-9.997773
9.992219
9.997524
9.996505
-9.994217
9.998204
-9.997546
-9.978292
9.999077
9.991932
-9.970680
-9.984329
-9.995773
9.991269
9.997875
9.987735
-9.996080
9.994233
9.995208
-9.998459
9.994310
-9.997171
9.997498
9.992696
9.991948
9.998747
-9.998036
9.995554
9.996452
9.997134
-9.998213
-9.997841
-9.996024
9.992603
9.996319
9.994144
9.994391
-9.996578
-9.995357
9.964337
9.997489
-9.995921
-10.000000
-9.992830
9.992448
9.991205
-9.989735
-9.972457
9.998819
-9.995156
9.997767
9.987808
-9.995257
-9.996928
-9.995829
9.999158
9.996904
9.994519
-9.995867
9.995951
9.987385
-9.994942
9.995879
9.994214
9.997309
9.988430
9.994178
9.987091
-9.997926
9.987346
9.997056
9.994510
9.994626
-9.996854
-9.998797
9.993421
-9.991519
-9.994240
9.997157
9.990343
-9.996839
-9.997196
9.996587
9.996824
9.993713
-9.995634
-9.987995
-9.998981
-9.988083
-9.994045
9.990981
9.994048
-9.998635
-9.998126
-9.997157
-9.996248
9.996832
-9.988579
9.996467
9.996587
9.989095
9.994391
-9.996729
-9.996378
-9.998087
9.994381
9.995460
-9.993903
9.995026
-9.997143
-9.998764
-9.996356
-9.994812
9.994700
-9.998237
-9.995590
9.996936
9.995387
-9.996021
-9.989605
9.996324
-9.995291
-9.994221
-9.993207
-9.997224
-9.996843
-9.987789
-9.996980
-9.994636
-9.985690
-9.994387
9.996633
9.990441
9.994721
9.992962
-9.996849
-9.996915
-9.997188
9.996331
9.996916
9.995947
-9.996039
0.292862
-9.996569
-9.933453
9.991940
-9.989031
9.994557
9.996853
-9.996697
-9.994230
9.995615
8.510730
-9.993945
9.997634
-9.997192
9.991093
-9.996435
-9.991202
-9.995389
-9.985757
-9.998870
-9.996666
-9.996766
-9.996829
9.993832
-9.996075
-9.994416
-9.986586
9.995892
-9.988023
-9.996813
9.997142
-9.993942
-9.991893
9.996605
9.995164
-9.997236
9.992755
9.996037
9.995651
9.996011
-9.994404
-9.997501
-9.995378
-9.996134
9.995721
-9.994023
-9.988367
9.998160
-9.990919
-9.990345
-9.993864
9.989950
-9.995262
-9.996861
9.998115
9.983910
9.997474
9.997154
9.983734
-9.986076
-9.988758
9.995355
9.165774
-9.994076
9.992207
-9.995792
-9.995362
-9.997306
9.973799
9.995735
9.998043
9.905681
9.995410
-9.993964
-9.994977
-9.996275
-9.992064
-9.995575
9.961521
9.997238
9.314221
9.998494
-9.998223
9.996784
-9.997740
-9.980812
-9.995294
9.967763
-9.997145
-9.832970
-9.997276
9.992182
9.993047
9.998577
9.980298
-9.997794
-9.994320
-9.996374
-9.986454
9.990080
9.992700
9.984310
-9.995104
-9.997336
-9.991437
9.995858
-9.995739
9.992542
-9.996238
9.994188
-9.995370
-9.996356
9.995229
9.985150
9.998021
9.997719
9.996097
-9.991244
-9.926057
-9.995449
-9.995581
9.989115
9.996735
9.991938
9.992337
9.998118
-9.995502
-9.992263
9.993873
-9.997286
-9.994043
9.994396
9.995457
-9.995884
9.994227
-9.995456
9.996351
-9.996434
9.993285
-9.996854
9.996151
-9.992796
9.994093
-9.993393
-9.994839
9.986206
-9.988352
9.968103
9.996994
-9.998654
9.997320
-9.997231
-9.997581
9.996377
-9.999198
-9.744595
-9.995118
-9.997130
-9.996819
-9.978436
-9.997281
-9.992392
-9.994446
-8.485178
-9.989967
9.992115
-9.998435
9.986224
-9.997956
-9.992353
9.994511
-9.997018
9.988315
-9.997585
9.989889
9.996798
-9.968491
9.998426
-9.998971
4.886586
9.997235
9.992972
9.995230
-9.996975
-9.998050
9.996093
9.993903
-9.991899
9.995210
9.995896
-9.988448
-9.936482
9.993672
9.994180
9.974950
-9.994041
-9.996967
-9.998163
-9.995887
-9.998527
-9.993224
-9.996309
-9.996619
9.983836
-9.991773
-9.996197
-9.994274
9.996862
9.994075
-9.990846
-9.997906
-9.997278
-9.994937
-9.999129
-9.983333
-9.997012
9.994181
9.971969
-9.976354
-9.994001
-9.996328
-9.992773
-9.982250
-9.996209
9.995490
-9.996731
-9.994915
-9.991421
9.997310
-9.994111
-9.992106
-9.993602
9.997941
-9.996314
-9.997429
9.970997
9.978476
9.996586
-9.993474
9.997595
9.996688
-9.995179
-9.994435
-9.997783
9.988392
9.994926
9.995671
9.985303
9.997175
9.991767
-9.996662
-9.996296
-9.994113
-9.996920
-9.997429
-9.998575
-9.997182
9.994087
-9.996717
-9.989262
9.998088
9.976479
9.990611
-9.997507
-9.991638
9.998293
-9.996209
-9.995008
-9.988954
9.993602
9.994341
9.995167
-9.997484
-9.998666
9.991245
9.995232
9.995667
9.990326
9.993503
9.988326
9.997202
-9.993052
-9.988322
-9.977183
9.996116
-9.998349
-9.995624
-9.993531
9.995839
-9.992397
9.994613
9.999234
-9.994846
-9.998481
-9.996218
-9.995999
9.995764
9.993628
9.997015
-9.998110
-9.993186
9.996851
-9.991806
9.954079
-9.996699
9.994236
9.994085
-9.947528
-9.992396
9.992328
-9.993232
-9.995444
-9.991177
9.991170
9.995813
9.998080
-9.995270
-9.997155
9.991782
-9.997876
-9.995695
-9.995038
9.997812
9.998480
-9.998738
9.998214
-9.996123
9.996369
-9.997584
-9.997141
-9.996371
9.997706
-9.996829
9.998394
9.991935
9.997076
-9.991172
-9.997184
-9.995014
-9.993248
-9.995795
-9.997289
-9.995808
-9.994251
9.996343
-9.998162
-9.995602
10.000000
-9.988449
-9.997458
8.668369
9.995391
9.998525
9.995488
