5.000000	1.400000	50	0.100000	ARCHIVOS_REDES\ER\ER_668.txt
0.057808	4.943859
4.973654
4.990961
-4.984498
-4.979188
-4.991635
4.990432
4.981193
-4.970614
4.980455
-4.983427
-4.968221
4.988483
4.991315
4.962582
-4.982203
4.976241
4.994615
4.984545
-4.963281
4.977480
4.941965
-4.982291
4.944719
4.974861
4.983867
-4.971338
-4.992069
4.994020
4.976927
-4.859551
-4.978893
4.959013
4.965621
-4.969308
-4.958342
4.950672
-4.928261
4.970582
-4.956808
4.974141
4.983523
4.964560
-4.931526
-4.989428
4.981807
-4.987914
-4.947908
-4.925347
4.953441
4.993796
4.982280
-4.975973
-4.978182
-4.979876
-4.982955
-4.988602
4.949576
-4.983328
-4.973653
-4.953919
-4.969647
-4.969753
4.965357
4.990057
4.997471
2.769299
4.959470
4.945341
4.958050
4.984499
-4.979747
4.992137
-4.926809
-4.973834
4.977127
-4.982588
-4.966185
-4.971917
-4.971700
4.989691
4.977173
-4.823049
-1.254700
4.987238
4.992221
-4.962016
-4.959572
4.984861
4.977315
-4.980025
-4.980792
4.975291
4.957211
-4.967419
4.978030
4.924426
4.984016
4.981996
-4.988284
4.973229
-4.980740
4.973479
-4.505666
-4.966567
4.993034
-4.994376
-4.983154
-0.675356
-4.981725
-4.984449
-4.950165
-4.964463
-4.982436
4.957909
-4.980837
4.991150
4.964858
4.972385
4.986210
-4.977288
-4.994713
-4.954945
4.956281
4.636365
4.964312
-4.987054
-4.980319
4.958122
4.962775
4.978324
-4.995627
4.981202
4.990260
4.987168
4.969054
-4.930561
4.974582
-4.979557
-4.988089
-4.934576
-4.975276
4.965244
4.405970
-4.971598
4.965456
4.978283
4.956966
-4.944240
-4.966418
4.956770
-3.285198
4.948437
-4.995741
4.961050
4.985636
-4.964317
4.971066
4.964751
4.988450
4.995225
4.982220
4.972242
-4.610467
-4.966604
-4.983919
4.996312
4.993684
4.987114
4.982952
-4.977451
4.992970
-4.988815
4.976747
4.974374
-4.955184
4.942604
-4.953829
4.988585
4.955519
-4.966349
-4.974829
4.992600
-4.973980
4.969399
-4.987186
-4.972754
4.965025
-4.989765
4.950190
4.969879
4.975326
4.963662
4.970550
-4.988669
4.991850
4.981546
-4.964491
-4.976158
-4.967387
-4.978111
-4.964100
4.950155
-4.909836
4.930992
4.971490
-4.894175
-4.978570
4.972067
-4.988360
4.951070
4.989173
-4.963328
4.993981
4.975290
4.956614
-4.977479
4.982865
-4.989547
-4.993198
-4.721777
4.989143
-4.993279
4.984132
4.986477
-4.976958
4.961851
4.908032
-4.993002
-4.995803
-4.945533
4.385015
4.976925
-4.986611
4.978167
-4.989202
-4.967309
4.990261
4.920616
-4.369454
4.994493
4.969932
-4.990365
-4.968048
-4.957846
-4.964184
4.975230
4.975722
-4.940743
-4.960398
4.960283
-4.994554
-4.958491
4.990009
-4.988577
4.963939
4.966889
-4.969375
4.947185
-4.980693
-4.952135
-4.982322
4.972162
-4.965299
-4.981679
4.973634
4.957492
4.984982
4.997555
-4.976163
4.968822
-4.993106
4.975927
4.979175
-4.978479
-4.976860
4.943827
-4.987659
-4.957503
4.978505
4.970169
4.969903
4.027768
4.989216
4.452761
4.966581
4.979118
4.956255
4.966770
4.997745
-4.934529
4.955232
-4.990477
4.968536
4.975259
-4.989669
-4.994437
-4.976890
4.984505
4.977768
4.994477
-4.891313
-4.990638
4.991253
-4.968894
-4.982196
4.994469
-4.966357
4.039507
4.979244
-4.988320
-4.969487
-4.972330
-4.983313
4.986388
4.984039
4.971793
4.884936
-4.966440
4.989974
4.981854
-4.983327
-4.974575
4.898260
-4.968134
-4.974461
-4.762515
-4.986753
-4.971601
-4.970710
-4.983426
-4.932851
4.984791
-4.966698
4.979957
4.942458
-4.980508
-4.991315
4.976655
-4.974787
-4.984717
4.987220
-4.506803
4.988866
4.988811
4.984549
4.930336
4.988813
4.995031
-4.929660
-4.977878
4.992755
4.866438
-4.978090
4.983922
-4.993611
-4.965957
-4.962450
4.991110
4.955125
-4.954917
-4.987263
4.988228
-4.906395
4.968402
-4.980046
4.956699
4.980996
4.980807
-4.695136
4.967692
-4.969474
-4.918366
4.979734
4.984578
4.982906
4.920706
4.233887
-4.569043
-4.960641
-4.974751
4.977035
-4.956487
-4.966026
4.968027
-4.967696
-4.989311
4.971266
-4.963708
4.982730
-4.938355
-4.923948
4.958954
-4.950863
4.856949
-4.985099
-4.985369
4.956298
-4.942626
4.963894
-4.928704
4.982136
4.986873
4.986299
4.965115
4.973755
4.969563
-4.985865
-4.983078
4.965648
-4.985166
4.977115
-4.977275
4.993520
4.974557
-4.974943
4.975514
-4.925139
-4.982536
-4.944642
4.988074
4.940012
-4.915622
4.983070
-4.931289
4.875056
4.584197
4.954603
-4.958586
4.977903
-4.956991
4.962089
4.990155
-4.936652
-4.991359
-4.993005
-4.964794
4.995282
-4.960471
-4.981906
4.978316
4.988076
4.985428
4.972830
-4.985515
-4.979848
4.953732
4.985889
4.982636
4.960970
-4.982876
-4.975833
-4.957381
-4.993405
-4.958275
4.966030
-4.964583
-4.953044
4.971544
4.985347
-4.957421
-4.899280
-4.987085
4.941013
4.959660
4.965002
4.964635
-4.969951
4.979791
4.970943
4.975671
-4.939569
-4.977055
-4.983438
4.962943
-4.980003
4.966454
4.977160
-4.935719
4.965866
4.977697
4.958836
-4.983485
-4.942008
4.976163
-4.979459
-4.975000
4.976747
-4.994126
4.966812
4.988439
4.993770
-4.970927
4.860843
-4.975686
-4.970108
4.983920
4.989541
-4.987791
4.975388
4.908151
4.979534
-4.968559
4.973170
-4.975110
-4.935352
4.970495
-4.967116
4.961702
4.970484
4.866280
-4.989243
4.992441
-4.806184
4.975177
-4.956462
4.987305
4.979541
4.967212
4.962036
4.966867
4.948357
-4.989987
-4.988315
4.982085
-4.692637
4.992874
-4.981872
4.971381
-4.989125
-4.964567
4.983786
4.949143
-4.980394
-4.560673
4.955739
4.991255
-4.983677
-4.916916
4.990780
-4.966539
-4.963428
4.982598
-4.972228
4.965828
-4.958677
4.933141
-4.976892
-4.990028
-4.968379
4.987673
4.967156
4.970546
-4.980569
-4.966880
-4.974347
-4.949843
4.966347
-4.965616
-4.976294
-4.981094
-4.986804
4.976564
4.938240
4.900318
4.983859
4.968895
-4.988578
-4.970873
4.957531
4.967124
-4.979360
-4.977117
-4.985904
4.977615
-4.983837
-4.970531
-4.980254
4.978729
-4.994133
4.993218
4.980998
4.955274
4.986277
-4.899926
-4.988049
4.980414
-4.964820
-4.997681
-4.981797
-4.980729
-4.984767
4.962540
4.951570
-4.968917
4.984660
4.965223
-4.953887
-4.952068
-4.962870
4.933567
4.985993
-4.974209
-4.968609
-4.966682
-4.972829
-4.979784
4.966736
-4.956999
-4.933268
-4.956219
4.948809
4.939891
-4.977376
-4.985370
-4.945537
-4.981728
4.988549
4.962632
-4.716408
4.982008
4.974247
-4.973256
-4.942829
-4.952239
-4.977991
-4.919698
-4.981859
4.936348
4.947527
4.985418
4.975150
4.974740
-4.987468
-4.989369
-4.995262
4.980257
-4.944748
4.991505
4.970332
0.009675
-4.761629
4.946431
4.980347
-4.817408
4.961881
4.961553
-4.968070
4.963835
-4.980184
4.938811
-4.979013
4.993431
4.950678
4.978057
4.988819
-4.990412
4.980490
4.983447
4.985906
-4.992506
4.975084
4.931994
4.953886
-4.989548
-4.963289
-4.981012
4.948935
4.987482
-4.987183
4.874598
-4.968259
4.984205
-4.968877
-4.944570
4.979664
-4.981267
4.961366
-4.960198
-4.964891
-4.974307
4.990927
4.980037
4.965955
4.975692
-4.981159
-4.423747
-4.969600
4.950490
4.983102
4.965297
4.962230
4.992885
-4.955066
4.891181
-4.977391
4.983771
-4.951814
4.899824
4.988392
4.983915
-4.993361
-4.961209
-4.897651
-4.975109
4.962172
4.984382
4.983205
4.964303
4.942282
4.963157
-4.978939
4.907157
-4.942901
-4.981246
-4.962969
-4.978092
-4.965526
-4.887090
4.989885
4.975706
-4.950541
4.960374
-4.991395
4.981481
-4.982917
-4.954472
4.973664
4.987575
4.962398
4.966329
4.980679
4.974001
4.961024
4.963270
4.959692
4.973918
-4.987150
4.971809
4.869026
4.952597
-4.995498
4.959397
-4.993271
-4.990250
4.956285
4.966500
-4.981848
-4.989438
4.984213
-4.978919
4.988192
-4.988916
-4.989440
-4.988559
4.981531
-4.989433
4.984209
4.887220
-4.988563
4.995284
-4.984127
-4.947990
4.955800
-4.982641
-4.987060
-4.988224
-4.932882
-4.868726
4.990993
4.996037
-4.968294
-4.986844
4.977509
-4.979221
4.962938
-4.967223
4.968565
-4.963012
4.989759
-4.974568
4.970615
4.973838
4.927511
4.993690
4.997559
4.931836
4.986933
4.978907
-4.991244
4.991146
4.992995
-4.984148
-4.983819
-4.975933
-4.987039
-4.778839
-4.991592
-4.968778
-4.983352
4.973412
-4.980461
-4.740813
4.988606
-4.980952
-4.967894
4.976011
-4.990614
-4.957600
-4.970463
4.997758
4.991970
-4.985468
4.957974
4.932477
-4.570952
4.975187
-4.971782
4.982538
4.847882
-4.963665
4.966208
4.988943
4.977967
4.970738
4.985806
-4.965044
-4.987710
-4.790983
-4.973432
-4.982717
4.955883
-4.974830
-4.950571
4.911688
-4.930134
4.985932
-4.953950
-4.989135
4.972528
4.963909
4.961450
-4.951438
-4.987526
-4.987467
-4.969379
-4.988479
-4.938411
4.972066
-4.990839
-4.972904
4.971076
4.980034
4.975758
4.979681
4.985092
-4.973222
-4.980783
4.975168
4.979546
-4.977830
-4.972773
4.918650
-4.976286
4.979648
4.948303
-4.961694
4.979002
-4.520871
-4.975434
4.988068
-4.991148
-4.971897
-4.980119
4.951960
4.988623
4.959907
4.975481
-4.990181
-4.969268
-4.862976
-4.984697
-4.970234
4.981687
4.967558
-4.989048
-4.991591
4.977615
-4.949236
-4.963041
4.991910
-3.947167
4.986237
4.962575
4.934805
-4.975493
4.972913
4.988539
4.981623
-4.960832
-4.967845
4.952225
4.967699
4.949283
-4.982451
-4.967757
-4.953138
4.974356
-4.957385
-4.983998
4.981029
4.983373
-4.963081
-4.934247
-4.984119
4.980455
4.983406
-4.961050
4.966535
-4.989355
-4.972130
4.959602
4.985461
-4.991804
4.982539
-4.958414
4.980364
4.946523
-4.963148
4.962900
-4.886277
4.956268
-4.940964
4.971926
-4.953954
-4.989078
-4.949329
4.983449
-4.989615
4.929067
-4.967510
-4.978558
-4.994832
4.956442
-4.993208
4.949758
4.963142
4.985371
-4.959758
4.958642
4.962651
4.956162
4.972924
-4.985520
4.956084
-4.972894
-4.959302
-4.395355
-4.979612
4.981136
-4.985647
4.928196
4.964993
4.954025
4.981528
-4.977162
-4.940141
4.952485
-4.954300
-4.980880
4.979014
4.963605
-4.966379
4.972397
4.992394
4.956543
4.980101
-4.974564
4.951256
-4.968842
4.978565
-4.961401
-4.963148
4.964457
4.983994
-4.970504
4.877842
4.991195
4.964499
4.965274
4.983642
4.979350
-4.918458
-4.966724
-4.979025
4.974767
4.975753
-4.976575
4.953218
4.972172
-4.933982
-4.933242
-4.959171
4.984678
4.989258
4.975069
4.965653
-4.971289
-4.913558
-4.978785
4.971298
-4.992449
-4.926911
4.986465
4.962141
4.978348
4.977357
4.971849
-4.980871
4.967602
4.964649
-4.976750
4.946803
4.958031
4.991336
-4.986345
4.984432
-4.983841
4.967554
4.890801
4.684590
4.941712
4.992460
-4.958935
-4.979153
4.984402
-4.887910
-4.982371
-3.414960
4.897150
-4.970428
4.978237
4.966428
-4.973847
4.980333
4.979264
4.967733
4.994323
4.964460
4.995362
-4.975086
4.964500
4.988119
4.990824
-4.990390
4.978598
4.981617
-4.964953
4.986603
4.948018
4.981341
4.969931
-4.977816
4.955439
-4.990661
-4.966762
-4.982564
4.981048
4.957752
4.989451
4.978876
-4.997195
-4.953819
-4.963518
4.991267
-4.987333
-4.980422
-4.970157
-4.981291
-4.980901
-4.957067
-4.967130
-4.954537
-4.919666
-4.948054
-4.935919
-4.988613
-4.990440
4.926974
4.968833
-4.989075
4.957404
4.993580
-4.980337
4.964497
4.981931
-4.965956
-4.982036
-4.981455
-4.979257
4.987855
-4.982492
-4.966938
4.969640
4.856428
4.990434
4.959846
-4.970468
-4.973455
4.983677
-4.980516
-4.983970
-4.982934
4.979876
4.996158
-4.940390
4.956993
-4.966838
4.970145
-4.940777
-4.988895
-4.950539
4.984836
4.980242
4.912179
-4.951918
4.975997
4.975669
-4.984501
-4.974362
4.986741
-4.993348
-4.982716
-4.963425
-4.954812
4.953191
-4.988702
-4.977459
4.953165
-4.949680
-4.945367
-4.954082
4.851915
4.984106
-4.965039
-4.992517
4.981096
-4.990937
-4.974776
-4.780783
-4.926048
-4.960251
-4.950289
-4.948170
4.856473
4.969756
-4.992588
-4.964878
4.975150
-4.975155
4.901494
4.969364
4.953970
4.965462
-4.991130
4.964112
4.969270
-4.985048
-4.987947
4.976788
4.971794
-4.972452
4.977672
-4.982359
4.975912
4.985264
-4.972073
4.964159
-4.894630
-4.972171
4.972826
4.993123
4.991343
4.994382
-4.993785
-4.964663
4.960458
4.980249
-4.974652
-4.960784
4.982453
-4.902423
-4.953914
-4.965994
4.975744
-4.983006
-4.976717
-4.988881
-4.967197
-0.175590
-4.978028
-4.975230
-4.972403
4.982567
-4.995480
4.972985
4.976104
-4.909355
-1.084329
4.988129
-4.988378
4.966629
-4.976242
4.967246
-4.962828
4.981196
-4.979182
4.970822
4.967868
4.992161
-4.953879
4.982971
-4.962476
4.960178
4.977680
4.990236
4.979995
4.970143
-4.942717
4.802889
4.942185
-4.910724
4.882691
4.972151
4.988547
4.753365
4.967155
-4.963673
-4.983930
4.988151
4.984329
4.569572
4.969088
4.968675
-4.991384
4.977024
-4.984318
-4.962100
2.710164
-2.378203
-4.979174
-4.982389
-1.230653
-4.943880
4.957417
4.964289
4.986077
4.956024
-4.984291
-4.966907
4.803362
-4.964034
4.958292
4.956199
4.684747
4.967939
-4.962414
4.982421
4.960847
4.975985
4.982392
-4.944370
4.985380
-4.987166
-4.973410
4.983554
-4.954948
4.995016
4.996401
-4.988774
4.931034
-4.983022
-4.991440
-4.955432
-4.993974
4.973056
-4.940663
-4.967434
-4.988995
-4.957477
4.978776
4.964446
-4.975706
4.982458
-4.970965
-4.984989
4.964048
-4.973993
4.981995
4.986076
-4.987455
-4.943305
4.997084
4.987125
-4.986175
4.980468
-4.977784
4.963620
4.964710
-4.990820
4.966359
-4.988299
-4.962867
-4.992411
-4.975710
-4.958284
4.980293
-4.983749
-4.960983
-4.981643
-4.993945
-4.967562
4.966189
-4.989946
-4.955539
4.861574
-4.991220
4.974732
4.994015
4.982883
4.947833
-4.986521
-4.950888
-4.991676
-4.984343
4.971960
-4.973013
4.992142
4.974658
-4.982488
-4.965149
4.978751
-4.961956
-4.956028
4.974194
-4.957579
4.983458
4.972567
3.842260
4.992467
4.973465
-4.991427
4.950831
4.953568
-4.984651
-4.970557
-4.995164
-4.942010
4.996598
4.976913
-4.980744
-4.981788
-4.951926
-4.974314
4.975009
-4.988102
-4.981394
4.973512
-4.975945
4.981449
4.967229
-4.950776
4.981519
4.971569
4.981007
4.982697
-4.970860
4.828465
4.971496
4.967762
4.993131
4.933956
4.988373
4.985097
-4.985531
4.981522
4.972467
-4.963665
4.963864
4.979231
4.975011
-4.952432
4.972808
-4.848848
-4.988797
-4.991145
4.970505
4.979978
-4.983866
-4.958561
-4.981689
4.925637
-4.992076
-4.966591
-4.968052
4.913526
4.965923
-4.961791
4.957410
-4.962351
4.950510
4.964429
4.990863
4.958609
4.918990
4.972017
4.954442
4.992952
-2.832738
-4.992340
-4.885630
-4.961052
-4.967817
-4.966689
4.985358
-4.983680
4.979881
4.960730
-4.915577
4.982328
-4.969870
-4.992140
4.971357
4.970678
-4.978336
4.967327
-4.979285
4.982114
4.975419
4.941108
4.971010
4.914693
4.964455
4.970989
-4.973464
-4.987034
4.989226
4.968558
4.975166
4.976860
-4.898337
4.968041
4.984156
-4.906795
-4.834499
-4.955908
-4.968392
-4.980567
-4.959270
4.974820
4.974258
4.992215
4.948488
4.985484
-4.992231
4.979019
4.952791
4.977788
-4.979221
4.982249
4.967289
4.992425
-4.978257
-4.969289
4.991416
4.979286
4.930015
4.995550
-4.993469
4.917467
-4.987176
4.978117
-4.983441
4.974129
-4.984197
4.973905
-4.952319
4.979295
-4.966864
-4.950830
-4.970796
4.980212
4.981256
4.880263
-4.968186
4.981755
4.945859
4.993288
-4.987454
-4.958261
4.986000
-4.962453
-4.988134
4.982496
4.977879
4.991985
4.873740
-4.981297
-4.941841
4.980882
-4.914462
-4.962885
4.979997
-4.983828
4.863414
4.909778
4.963862
4.978240
-4.947626
-4.976937
4.980151
-4.985488
4.932759
-4.985412
4.930319
4.976814
-4.969112
4.991812
-4.971140
-4.970419
4.979817
-4.986461
-4.970447
4.967466
4.958265
4.969990
4.969504
-4.982169
-4.975760
-4.988927
-4.991629
-4.989510
-4.950089
-4.900839
-4.964689
-4.991594
-4.972081
-4.838093
-4.677008
4.981956
4.915263
-4.941437
-4.986113
-4.989690
-4.931658
-4.986908
4.883564
-4.984061
4.974767
4.973364
-4.962656
-4.946017
4.963884
-4.991201
4.977850
4.968194
4.971286
-4.983628
-4.982147
-4.968811
-4.975329
-4.982190
4.923583
-4.994864
-4.957106
-4.982071
4.979206
4.981216
4.997039
4.976970
-4.961829
-4.976383
-4.948047
4.985489
4.991228
-4.969421
4.902745
-4.932845
-4.978172
4.972458
-4.941595
-4.981780
4.974838
4.982593
4.968800
-4.946579
-4.971494
-4.967887
4.958613
-4.966670
4.968596
-4.948890
-4.983130
-4.993324
4.948628
-4.985081
-4.983909
4.984728
-4.981567
-4.967283
-4.975305
-4.978006
4.985682
-4.968295
-4.986503
-4.937089
-4.977524
-4.989020
4.989044
-4.948884
-4.976122
-4.931147
4.954683
-4.939721
-4.982169
4.807404
-4.987213
-4.961959
4.974513
-4.953975
-4.968703
-4.982234
4.947287
4.979215
4.967515
4.964975
-4.975350
3.983406
4.920983
4.958865
-4.989032
4.988602
4.972750
-4.990595
-4.980530
-4.973618
4.980525
4.983937
4.984900
4.982116
-4.967743
4.989049
-4.994020
4.949768
-4.969552
4.990984
-4.951266
4.975301
-4.963832
4.926661
4.968055
4.979852
4.961015
4.972035
-4.959260
4.948897
-4.977876
4.950947
4.983044
-4.986007
-4.986136
4.975745
4.982697
4.981466
4.983581
-4.976251
-4.997268
4.978570
4.982546
-4.992076
-4.947000
4.970666
-4.972595
-3.028748
-4.985419
4.962932
-4.984100
4.975056
4.992448
4.977328
4.984698
-4.987311
-4.995783
-4.979852
4.718734
4.952423
4.971803
4.930550
-4.991903
4.613034
4.974632
-4.980662
-4.938901
4.982666
-4.990737
-4.931777
4.978061
4.945504
4.976959
-4.977621
4.971230
-4.977288
-4.987727
-4.956092
4.966007
4.932838
-4.981712
-3.125739
-4.968315
4.979584
4.979844
-4.988934
4.953395
4.925257
-4.949518
4.982524
4.967494
4.992527
4.976548
-4.969224
-4.970023
-4.959630
4.981897
-4.964665
-4.993395
-4.966328
-4.984506
4.989132
-4.961258
-4.969115
-4.985862
-4.980374
4.957726
4.978680
-4.970501
4.990916
4.967217
4.960655
4.987887
4.996787
4.977112
4.973077
4.981556
-4.987344
-4.975522
4.982496
-1.490491
-4.967715
4.992405
4.975297
4.900971
4.966073
4.958953
4.978950
-4.973073
4.966609
4.970933
4.714136
4.981417
-4.948223
4.976584
-4.960896
4.983502
-4.983975
4.988747
-4.994274
4.976086
-4.985749
-4.990612
-4.970634
4.943223
4.960963
4.981641
-4.976603
4.901400
-4.978090
-4.945026
4.982582
4.989620
0.996077
4.960439
4.953759
-4.971186
4.988026
4.981690
-4.968066
-4.967499
4.986103
-4.977656
4.980546
-4.917599
4.940544
-4.987829
4.973379
-4.961759
-4.955550
4.987379
3.881830
4.973585
4.977386
-4.979855
-4.989447
-4.931439
-4.986390
4.852948
4.970931
4.989597
4.915443
-4.973652
-4.964361
-4.993852
4.979333
4.975279
-4.977102
4.964128
4.954506
4.943920
4.854643
-4.979777
-4.969211
-4.958542
4.955716
4.993777
4.233659
4.972061
-4.967122
-4.975363
-4.966422
-4.991525
-4.942321
4.979658
4.104703
-4.975848
4.963006
4.991418
4.970274
4.983289
4.986874
4.996728
-4.987877
-4.993232
4.966863
-4.953230
4.985913
-4.977016
-4.973225
-4.975443
4.995137
-4.974876
4.959440
-4.978130
4.984041
4.974734
-4.979729
4.976389
4.617741
-4.995713
-4.973680
-4.955146
4.978592
-4.944149
-4.993053
4.973174
4.962705
-4.986586
-4.950785
4.969475
4.972668
4.980813
4.951958
4.965419
4.988253
-4.980453
-4.991493
4.976470
4.984060
4.970640
4.982236
4.976999
-4.978524
4.966909
4.961613
-4.971818
4.968017
-4.987838
-4.993085
4.957274
-4.936233
4.970891
-4.989616
4.971415
4.979577
4.974187
-4.923822
-4.973701
4.983715
-2.352000
-4.983376
4.976243
-4.988279
-4.960275
-4.976235
4.556176
-4.993179
4.933472
-4.954110
-4.991845
4.960004
4.989470
-4.980702
-4.979646
4.974793
-4.942864
4.967091
-4.967831
-4.982322
4.970543
4.970466
-4.992586
4.958854
-4.970170
-4.966545
-4.960835
4.967092
4.964720
-4.982420
-4.982891
-4.972253
4.984673
4.951082
4.997511
4.971496
4.986690
-4.977927
4.993614
-4.985219
4.945706
4.990696
4.964441
4.989148
4.976850
-4.981864
4.983505
-4.972795
4.952659
-4.981867
4.993369
4.975693
-4.987841
4.973935
-4.988626
4.989270
-4.962066
-4.953176
4.990783
4.987676
-4.992842
4.984563
-4.953977
-4.966191
-4.966939
-4.969319
4.974878
4.975412
4.979935
-3.252651
4.981683
4.996263
4.919245
4.937179
4.988017
4.989311
4.991154
-4.984287
4.972544
-4.987337
4.957225
4.962296
4.992896
-4.961970
4.299174
-4.961529
4.872899
-4.957648
-4.979630
-4.949415
4.984792
-4.970284
4.970077
4.970080
-4.966547
-4.972673
-4.981871
-4.972416
4.948145
4.802303
4.961943
-4.942743
-4.982915
-4.980121
4.944177
-4.967964
-4.948427
-4.992055
4.963636
-4.968703
-4.863355
4.960088
-4.960968
4.968558
4.967464
-4.975417
-4.952203
4.947475
4.976841
4.978225
4.968870
-4.966394
4.969969
4.978087
4.971075
-4.979828
4.906887
4.969904
-4.982426
-4.944552
4.988047
-4.962109
-4.978944
4.977733
4.995730
-4.974797
4.969055
4.978986
4.976398
-4.984059
-4.978735
4.971135
-4.982834
4.980298
4.970781
4.970236
4.946231
-4.969168
-4.978486
4.956815
4.992181
4.995302
4.965340
-4.980430
4.984670
4.974441
4.987328
4.972953
4.972361
4.993231
4.984734
4.979108
4.964620
-4.973278
-4.990245
4.980794
4.954419
4.977405
-4.963633
-4.958367
-4.543130
-4.966392
-4.942227
4.951508
-4.958006
-4.899643
4.963104
-4.977681
4.977004
-4.975394
-4.966247
4.955917
-4.979631
4.951632
4.959073
4.934412
-4.978868
4.930961
4.970683
4.978283
4.942512
4.980620
0.961425
-4.988487
-4.973960
-4.985030
4.942418
-4.986604
4.977731
4.983650
-4.977387
4.958438
-4.981680
4.962371
-4.973945
-4.987675
-4.958813
-4.978552
-4.982056
-4.938922
-4.955374
-4.972735
-4.989980
-4.983481
4.966458
4.991509
-4.982329
-4.967929
-4.987293
4.978016
-4.982559
4.954705
-4.938720
-4.961613
4.937411
-4.971865
-4.949249
4.972022
4.972744
-4.967169
-4.972601
-4.992469
4.947554
-4.971924
-4.441681
4.973530
-4.944018
4.984739
4.964915
-4.980999
4.951362
4.985822
4.950634
-4.937091
-4.959289
-4.981315
-4.985091
4.961350
-4.990681
4.931716
-4.963483
4.959368
4.523657
-4.924078
-4.959194
-4.964388
4.974004
4.988989
-4.993509
-4.976919
4.969214
-4.989417
-4.967287
-4.972991
-4.987428
4.952561
-4.987156
-4.964078
-4.971628
4.969694
4.965200
-4.972550
-4.967352
4.970959
4.972558
4.995214
4.988134
-4.938773
4.995070
-4.975812
4.955799
-4.985683
4.969135
-4.981785
4.980516
4.961283
4.965951
-4.968291
4.983574
4.976677
-4.967547
-4.989440
-4.990966
-4.278143
-4.975522
4.968765
4.986696
-4.996037
4.963682
4.958181
-4.962829
-4.982451
-4.804623
-4.977331
4.938988
4.986223
4.976036
-4.978032
-4.937440
4.990666
4.483347
4.955530
-4.997072
4.974479
4.929792
4.980804
-4.973070
4.974738
4.975536
-4.949213
-4.952336
4.957068
4.946895
4.985547
4.987314
4.932478
4.959762
-4.965745
-4.958383
4.943624
4.967059
-4.966671
-4.979424
4.959496
-4.967702
-4.962275
-4.968388
4.984871
4.973750
-4.987441
4.974888
4.962728
-4.957546
-4.972558
-4.982916
-4.950691
-4.991238
-4.978969
-4.992663
-4.975438
4.952012
-4.979267
4.985046
4.965091
4.960804
4.976305
-4.982390
-4.971564
4.990057
4.994305
-4.991731
-4.992404
4.977534
-4.787449
4.983027
4.990068
-4.972564
-4.988665
-4.985568
-4.990252
-4.980427
4.828767
-4.974039
-4.978869
-4.982699
-4.950424
-4.991936
-4.717765
4.962395
4.970093
-4.965309
4.977436
4.966599
4.979439
4.989788
-4.956567
4.959976
-4.984772
4.971873
4.924452
-4.965388
-4.948292
-4.988233
4.940164
4.980080
-4.987128
-4.602805
4.955032
-4.974742
-4.979091
-4.978570
-4.984916
-4.989333
-4.971046
4.978213
4.979583
4.938460
-4.964760
4.984982
-4.977464
-4.543088
4.971069
-4.970734
-4.959119
-4.978661
-4.960685
4.984559
-4.941603
-4.970963
-4.993626
4.977248
-4.968341
4.967628
-4.966645
-4.974132
-4.971093
4.972459
4.984458
4.892489
4.949299
-4.971317
4.976295
-4.966146
4.968487
-4.521362
4.988826
4.987740
-4.986076
4.984438
4.980727
-4.956231
4.959636
-4.978744
-4.961981
4.973774
4.981499
4.972888
-4.971868
4.987225
4.769812
4.985813
4.981641
4.963779
4.985004
4.978588
4.892182
-4.972763
-4.930135
4.990013
4.895061
4.969584
4.890009
-4.957753
-4.949677
-4.988549
4.983390
4.978259
-4.970436
4.974186
-4.977041
-4.989983
4.992768
-4.954110
4.972225
4.961720
-4.945800
-4.996456
4.789441
4.944221
-4.970695
4.982121
-4.971743
-4.906750
4.988170
-4.838101
4.968005
-4.976776
-4.987419
4.963632
-4.981309
4.982260
4.974190
4.948673
-4.974503
4.975968
4.975858
-4.853259
4.920471
-4.979835
-4.991439
-4.962964
-4.939804
-2.806485
4.989243
-4.948327
-4.995164
4.970333
-4.931687
4.965883
4.976410
-4.972107
4.958279
4.953182
-4.982563
-4.956573
4.996869
-4.977314
4.974458
4.968990
4.952111
4.967085
4.947734
4.897297
4.975585
4.919820
-4.986555
-4.986267
4.977975
-4.994837
-4.991057
-4.985190
4.928105
-4.858619
-4.957081
-4.976288
4.992650
-4.932735
-4.966190
-4.977316
4.958717
-4.949031
-4.985776
-4.987612
4.989911
-4.983784
-4.966795
-4.984604
-4.990627
-4.978303
4.971531
-4.973087
4.991447
-4.968790
4.967976
4.983656
-4.992999
4.967987
-4.980565
4.982402
-4.994059
-4.977984
4.978646
4.962534
-4.986872
4.989294
-4.974837
4.979624
4.987152
-4.976719
-4.960887
4.952359
4.988469
-4.950171
-4.983130
4.973538
4.976402
4.962179
-4.990960
4.975655
4.914292
-4.990600
-4.977092
4.983596
4.843937
4.963623
-4.965378
4.985814
4.993761
-4.984079
-4.957990
-4.944426
4.978537
-4.996493
-4.981176
-4.965660
4.952414
4.967273
-4.948067
-4.984611
4.995678
-4.887002
-4.985320
-4.943954
-4.969883
4.703066
4.988355
4.967317
-4.974796
-4.989271
4.976808
-4.732389
-4.966070
4.967212
4.618700
4.982668
4.971833
-4.985853
-4.990619
-4.743862
4.973621
4.995558
-4.787888
4.974946
-4.979791
-4.936850
-4.972029
4.955137
-4.962209
-4.986043
-4.980569
4.970186
4.966577
-4.963923
4.975575
4.974097
4.972009
-4.904327
-4.944578
-4.979679
4.971899
-4.976991
4.975553
4.958601
4.961220
4.868543
-4.962461
-4.255159
4.992541
4.939860
4.987927
-4.983527
4.810341
-4.959822
-4.987953
4.961876
-4.999143
-4.940013
-4.965685
4.966927
-4.951199
4.930669
4.960782
4.976990
-4.989376
-4.981916
4.993607
4.985303
-4.931204
4.948743
4.991535
4.930885
4.870669
4.980514
4.981804
4.967498
-4.968292
-4.893795
-4.972368
4.989640
4.963775
4.980521
-4.968174
4.959848
4.929336
-4.956113
4.951588
4.995310
4.993988
-4.993120
4.973717
-4.968620
-0.917617
-3.643717
4.820143
4.971020
-4.965220
4.952361
4.884278
4.972133
-4.986631
4.976303
4.976020
4.971231
-4.989544
-4.980087
4.946870
-4.975137
-4.983929
4.972753
-4.989387
-4.966410
4.988897
-4.968372
-4.983288
4.975142
4.995075
4.974750
-4.995518
4.966225
4.910921
4.988251
4.991676
4.990659
-4.983270
4.980631
4.984651
-4.961108
4.965368
4.989853
4.970976
-4.967605
-4.974330
4.983099
4.986085
4.954923
4.975939
4.888987
-4.991898
4.972157
4.988474
-4.975588
4.975361
4.990328
-4.973719
-4.989830
-4.990071
-4.987031
-4.957633
-4.940236
-4.963519
4.961484
-4.986810
4.991195
4.965449
4.980507
4.797376
-4.991184
4.980221
-4.974815
4.988169
-4.980568
-4.978677
-4.990578
4.984047
4.976049
-4.976495
4.978090
4.972212
-4.959604
-4.984406
4.936341
4.873515
4.959963
-4.951791
4.958420
4.980916
4.974385
4.981022
4.967915
-4.958083
4.969954
4.991231
4.956914
-4.978828
4.980381
4.976046
4.976039
4.982715
-4.974808
4.971733
4.947782
4.990942
-4.884798
-4.976830
-4.991865
4.987833
-3.246576
-4.971046
-4.954603
-4.984839
-4.972269
4.977350
-4.253770
4.974895
-4.977593
4.979495
-4.980182
4.973039
4.977443
4.991449
4.975139
-4.954620
-4.987259
4.990104
4.960575
-4.974905
4.969663
4.989445
-4.913981
-4.996524
-4.955500
-4.990231
4.962513
0.248076
4.936114
4.966950
-4.971337
4.951578
-4.817886
-4.965314
4.984493
4.879847
-4.988559
-4.990005
4.990796
4.966087
4.955940
-4.971900
-4.963761
4.954062
-4.992519
4.860278
-4.918289
-4.948968
-4.991759
4.988146
-4.965162
-4.993984
-4.972713
4.969104
4.983646
4.992391
-4.969599
4.957453
4.977401
-4.976072
4.979282
4.976096
-4.957893
4.971389
4.971825
-4.905518
4.990456
4.947388
4.955681
-4.988871
4.969883
4.973048
-4.922000
4.965365
-4.980150
4.985770
-4.958224
-4.945006
-4.993376
-4.976344
4.977837
-4.969077
-4.978692
-4.976309
-4.975845
-4.982177
-4.981410
-4.968124
4.978825
-4.957080
4.980749
-4.991779
-4.971810
-4.916002
-4.967660
4.960733
4.986109
-4.987811
-4.918211
-4.791277
-4.980685
-4.976083
-4.974017
-4.793850
4.942328
4.992383
4.984659
4.979123
4.976966
4.990377
4.988984
4.948499
-4.977352
-4.944362
-4.976727
-4.979127
-4.922626
4.956908
-4.976392
-4.987126
4.975092
-4.965839
-4.979070
4.951262
-4.946881
-4.957716
4.966324
4.787635
4.941962
4.984748
-4.975242
-4.983569
3.933220
-4.693431
-4.920582
-4.943867
-4.961668
4.990742
-4.977466
-4.967421
-4.981613
4.973587
-4.969579
4.981256
-4.995828
4.974998
4.988569
4.924393
4.898058
4.984906
-4.965033
4.962297
4.979748
4.974374
4.972575
4.955922
4.952984
4.984497
-4.956645
4.962171
4.971587
4.977190
-4.982052
-4.964576
-4.888403
-4.969652
-4.981556
-4.976563
-4.993584
-4.940525
4.960759
-4.967610
-4.980325
-4.972704
4.962724
4.989136
4.961357
4.957467
4.988731
-4.949600
-4.986466
4.975026
4.940770
4.995150
-4.968341
4.957650
4.962662
-4.983255
4.964995
4.988276
4.935902
-4.988822
-4.983388
-4.967920
-4.966590
-4.971601
-4.973242
4.978805
4.974198
4.962239
-4.872461
4.957051
-4.950224
4.970716
4.957984
4.985474
-4.982321
-4.975897
-4.975446
-4.978855
4.986252
-4.983569
-4.950938
-4.953553
-4.966913
4.985894
-4.952410
-4.975919
-4.995123
-4.984735
4.987600
-4.970297
-4.954156
4.987727
-4.964695
-4.990286
-4.944636
4.972707
-4.985148
4.990923
-4.981332
-4.970383
4.444862
-4.982428
-4.964731
-4.987477
-4.984410
4.958329
4.925419
4.938793
-4.982657
-4.990885
4.966735
4.992032
4.972695
-4.979669
4.959261
-4.949818
-4.766939
-4.984013
-4.973459
-4.979495
4.971725
4.977395
4.940538
-4.960093
4.992188
-4.850638
4.960733
4.986740
4.994136
4.982302
-4.973128
-4.987418
-4.975017
-4.991204
4.973486
-4.989410
4.961310
4.977391
4.994230
4.978697
4.980785
4.949535
4.968006
4.971380
4.963330
-4.950559
-4.987302
4.988077
-4.936690
-4.975891
4.956332
4.977856
4.968879
4.977224
4.936735
4.991155
4.949656
-4.876127
4.990092
4.983151
4.985391
4.971620
-4.984989
4.976830
4.976382
4.969815
-4.983593
4.966711
4.994143
-4.978286
-4.991140
4.988160
4.989899
4.982403
-4.987679
4.911178
4.974664
4.964556
-4.979249
-4.971474
4.953774
-4.970615
-4.911888
4.954621
4.966549
4.962268
4.969807
4.963235
-4.987687
-4.966192
-4.984409
4.994585
4.991098
4.990769
-4.976117
4.982294
4.987543
4.926279
-4.994880
-4.988003
4.971995
4.830742
-4.962708
-4.963371
4.979882
-4.914672
2.799253
4.987152
-4.984585
4.938806
4.992451
-4.968742
4.987552
2.284009
-4.891591
-4.846329
-4.971243
4.968508
-4.989546
4.983465
4.987561
4.980028
4.913427
-4.984083
4.990115
-4.986276
4.895922
4.979254
4.943224
4.991458
-4.987861
-4.970128
-4.966562
-4.992783
4.714013
-4.980529
4.974642
4.973530
4.977023
-4.984778
-4.964005
4.983433
-4.988441
-4.988422
4.961199
-4.991896
4.959205
-4.987282
4.993632
4.976738
-4.968374
-4.967916
-4.918542
-4.960893
-4.985082
4.950456
-4.961171
4.980339
-4.985902
-4.979636
4.973468
4.528711
4.970079
-4.989328
4.988415
4.682503
4.970643
-4.963572
4.972880
-4.941749
4.938385
-4.951908
-4.952602
4.983227
4.974541
-4.971452
-4.932588
-4.981447
4.994917
-4.942748
-4.986603
-4.960716
4.994656
4.958236
4.979869
4.985069
4.992328
-4.989110
4.994237
-4.986984
-4.989440
-4.979035
-4.917167
4.992118
4.968941
-4.963721
-4.556437
4.994736
4.984579
4.937287
-4.973243
-4.962565
-4.984947
4.912419
4.933248
-4.933487
-4.988124
4.987997
4.891672
4.973076
-4.985062
4.956810
-4.970704
-4.974565
4.977294
4.989099
4.957302
-4.987566
-4.967496
-4.977486
4.962303
4.959991
-4.980784
-4.972609
4.976929
4.953212
4.950859
-4.976629
4.980132
4.871871
3.878323
-4.981094
4.988803
4.977804
-4.974153
4.885411
4.984783
-4.981960
4.941769
4.936735
-4.968809
-4.981003
-4.948005
-4.956784
4.975714
-4.959000
-4.984502
4.952356
4.962243
-4.980938
-4.969969
4.981518
-4.984218
-2.108004
4.836463
-4.979511
4.993494
4.979141
-4.943172
-4.978414
-4.938379
4.972722
-4.965953
-4.600334
4.967416
4.976893
4.981078
-4.948499
4.994457
-4.983270
-4.994639
4.971750
4.979444
-4.986064
-4.960184
4.994378
-4.982278
4.974665
-4.988318
4.994957
4.869442
4.964861
-4.929090
-4.939858
-4.901883
4.968394
-4.972604
-4.963890
-4.962292
4.974605
-4.975116
-4.954992
-4.965567
4.973069
-4.983430
4.956908
-4.954733
4.964656
4.957764
4.959229
4.983198
4.959481
-4.988622
-4.991710
4.974782
-4.982386
-4.950291
4.946087
-4.981668
4.964440
-4.954456
4.992422
-4.986995
4.944469
-4.959059
4.971665
-4.947648
-4.983082
4.952843
4.973250
4.962337
-4.973686
-4.883961
4.979771
-4.980592
-4.865753
4.968025
-4.964091
-4.978415
4.956987
-4.978684
-4.989079
-4.954398
4.980591
4.971019
4.989193
-4.972214
4.987942
-4.990204
4.971188
4.936859
4.960743
-4.994591
4.965309
-4.951144
4.970788
-4.989483
4.964555
4.978473
-4.950949
-4.953192
4.982492
4.990320
4.988375
4.979230
4.975131
-4.767271
-4.992473
-4.964454
-4.987502
4.986118
-4.986011
-4.982927
4.974858
-4.936264
-4.988315
-4.959901
4.947348
-4.980135
4.990831
4.971632
-4.960372
-4.970588
-2.044930
4.891657
4.988226
-4.972813
4.976572
-4.976622
-4.982241
4.958738
4.959218
4.980180
4.971072
4.937701
4.963696
4.961857
-4.972481
4.975207
-4.978226
-4.962035
-4.953840
4.990094
4.987789
4.969705
4.969540
-4.967314
-4.975140
4.987213
-4.981862
4.960671
4.961177
-4.945020
4.993332
4.960713
-4.987572
4.971607
4.966977
-4.967781
4.944027
4.966094
-4.991867
-4.971821
-4.976228
-4.985070
4.983520
4.968406
4.947523
-4.974029
4.965674
-4.968157
-4.977685
-4.973384
-4.981055
-4.964249
4.849873
4.978401
4.992797
-4.966832
4.984510
4.981466
-4.985051
-4.969419
4.975330
-4.966543
-4.982727
-4.990223
-4.971812
4.992672
4.948664
4.986408
-4.982057
-4.951987
1.924327
4.975558
4.991781
4.977676
-4.990503
4.969928
4.988028
4.771003
4.987022
-4.968333
4.746034
-4.972494
4.993804
-4.979785
-4.950387
-4.988800
-4.962763
4.854809
-4.990030
-4.974164
-4.980234
-4.949229
-4.993749
-4.956358
-4.987318
4.912698
4.980770
4.952305
-4.973505
4.971293
4.984630
4.862906
4.962958
-4.971919
-4.957105
4.974620
4.976097
4.962744
4.969224
4.990292
-4.919640
-4.972291
4.982307
4.982196
4.959567
-4.981412
-4.948246
-4.970506
-4.973636
4.962292
4.940515
-4.943831
-4.971573
4.979797
-4.977533
-4.980249
-4.988585
-4.979121
4.952585
-4.981438
-4.977857
-4.941810
4.994044
-4.966938
-4.983338
3.244743
-4.932369
-4.962841
-4.965886
-4.974816
4.977470
4.997726
4.911188
-4.945407
4.965295
-4.980791
-4.980320
4.931963
4.935075
4.969389
4.980959
-4.973415
4.991817
4.971158
4.961444
4.994942
4.976065
-4.936073
-4.971546
-4.930799
-4.985255
4.974699
4.987083
4.968129
4.982871
-4.976964
-4.984385
-4.980719
4.946627
4.992408
4.974453
-4.977478
4.982183
-4.982397
4.964548
-4.994898
4.974093
4.991393
-4.799384
4.976969
4.970003
-4.963666
4.929437
4.981609
-4.954991
4.973149
-4.944586
-1.871723
4.962962
4.963111
4.972595
4.987845
-4.972762
4.954431
4.984317
4.960052
4.879172
-4.986861
-4.977322
-4.949269
-4.945806
-4.989920
4.944793
4.983856
4.952270
4.987125
-4.976557
-4.968041
-4.976982
-4.940865
4.982442
4.970112
-4.962813
-4.986630
-4.989215
4.953383
4.908228
-4.990194
4.984093
-4.977339
-4.969683
4.990031
-4.971957
-4.932517
4.995215
4.984284
-4.990742
-4.967728
-4.965679
-4.988409
-4.982700
4.894769
4.939032
4.979681
4.981990
-4.957592
4.990841
4.987666
4.983636
-4.990209
4.944377
4.965394
-4.989299
-4.962880
-4.980214
4.971306
4.972917
-4.988294
-4.984345
4.972447
-4.987662
-4.988737
-4.976176
4.982979
-4.967997
4.974639
4.987026
4.954174
4.988327
4.976234
4.970989
-4.970560
-4.969997
-4.935212
4.967309
4.974757
1.191752
-4.992372
-4.950135
4.948309
4.964604
-4.972257
-4.964148
-4.958729
4.966473
4.975316
-4.964709
4.972554
-4.929194
-4.959601
-4.978725
-4.980577
4.969807
-4.991273
-4.931427
4.941654
-4.966575
4.966545
4.936478
-4.978802
-4.965787
4.968145
-4.966586
4.974985
-4.948321
4.970070
-4.972103
-4.981336
4.972773
-4.992551
4.974371
4.970555
-4.975383
-4.955091
4.975314
4.993152
-4.962563
-4.979195
-4.989341
-4.970852
-4.987101
4.987255
-4.983374
4.981324
-4.982611
-4.968677
4.962338
-3.375294
4.964424
4.986589
4.975373
-4.991363
-4.973274
4.974555
4.991812
-4.957269
4.960647
-4.961008
-4.959616
4.976538
-4.986846
-4.960835
4.981018
4.960186
4.977476
4.773640
-4.988185
-4.960459
-4.973718
4.993536
-4.983348
-4.957920
4.715401
4.993916
-4.947062
4.956905
4.979404
-4.963647
4.981921
-4.965372
4.982270
4.947371
4.945504
-4.979677
4.987901
-4.958262
4.963295
4.970564
-4.957418
4.982245
4.976206
4.981477
-4.972258
4.958641
4.996323
-4.975387
-4.982218
4.976461
-4.965971
4.951394
-4.971524
4.983452
-4.955351
-4.943888
4.969984
-4.935866
-4.990446
4.985407
-4.955154
4.989088
-4.984353
4.976077
-4.978933
4.991798
-4.988849
4.979049
4.970940
-4.949023
-4.967935
4.969689
4.978624
-4.998003
4.964769
-4.980407
-4.955536
4.978249
-4.972973
-4.978627
-4.965440
-4.969623
-4.983677
-4.987548
4.988292
4.985575
4.990407
4.992380
-4.977335
-4.965837
4.971687
-4.902750
4.974545
4.976610
-4.992003
4.977852
-4.954814
-4.960188
-4.968796
4.985490
-3.305358
-4.983680
4.962924
4.962214
4.987632
4.987307
4.953744
-4.991319
-4.984161
-4.987020
-4.973626
-4.988674
-4.980984
4.983966
4.984909
-4.989782
-4.993002
-4.977155
-4.957427
4.976607
4.946558
-4.975221
-4.991973
4.949359
-4.975384
-4.977341
-4.979743
4.986900
-4.962088
-4.979431
-4.985073
4.985344
4.963088
4.962468
-4.973814
4.957007
4.969852
4.835313
-2.695379
-4.984993
4.971996
-4.945709
4.969515
4.986381
4.971989
-4.989146
4.950154
-4.955585
-4.986143
4.977866
-4.982577
4.969224
4.972044
4.938397
-4.980409
-4.983535
-4.992555
4.970164
4.966603
-4.963463
4.953472
-4.972301
4.983762
-4.989546
-4.988256
-4.955220
4.967950
-4.989654
-4.986641
-4.957370
4.970196
-4.962379
-4.988122
-4.982046
4.985992
-4.971119
-4.938195
4.879929
-4.943767
4.974128
4.965518
-4.960258
4.978936
4.984497
4.986905
4.965234
4.988961
-4.884769
4.987813
-4.975229
4.988578
-4.986331
-4.994357
-4.981823
-4.974715
-4.948293
4.985033
4.955611
4.982331
-4.956215
4.984926
4.969795
-4.959166
4.991947
4.964527
4.948266
4.985619
-4.982999
4.942462
4.990802
-4.962941
-4.986434
4.983957
-4.964930
-4.963841
-4.710127
4.977571
-4.987488
-4.963038
4.981375
4.969543
4.985351
4.965024
-4.956138
4.973863
-4.962076
-4.981647
4.974877
-4.887649
-4.981477
-4.966467
4.968269
-4.986230
-4.980199
4.992174
4.984663
4.977684
-4.969855
4.994584
-4.970539
4.992935
4.970000
-4.933416
-4.991186
-4.986554
-4.976380
-4.973693
4.962393
-4.989579
4.973232
4.982287
-4.980689
4.949231
4.972204
4.981239
-4.977579
-4.979086
-4.988772
4.988482
4.986945
-4.977199
-4.960888
-4.969817
4.913719
4.976929
-4.965353
-4.982524
4.962957
-4.974726
4.972748
-4.990590
-4.952474
4.993230
4.985619
4.981668
4.975065
4.973991
-4.970716
-4.975904
-4.966404
4.989068
-4.965774
4.981144
4.994591
4.982654
-4.991859
-4.988997
4.932051
4.989105
4.944705
-4.978335
-4.968576
-4.992942
4.988672
4.979838
-4.977474
-4.992769
-4.977185
-4.963395
-4.972276
-4.962565
4.979731
4.974762
4.993196
-4.964791
4.975116
-4.972503
4.968037
4.945077
-4.964808
-4.964250
4.981018
-4.978154
4.993160
4.974152
-4.940996
-4.982573
-4.981041
4.902670
4.983470
4.988354
4.970617
4.992547
4.964743
-4.991121
4.916185
4.928951
-4.971264
4.977995
-4.990649
-4.995896
-4.842696
-4.952213
-4.983224
-4.973966
-4.975076
4.937164
4.982158
4.954846
-4.980753
4.893617
-4.991886
4.982629
-4.972375
4.948272
4.983418
-4.963452
4.959163
-4.955027
4.958333
-4.976521
-4.981988
-4.972676
4.985962
-4.967235
-4.975350
3.579833
4.942407
4.975385
-4.984518
4.972166
4.963224
4.968306
4.993033
4.952256
4.975449
4.958543
4.965303
4.976151
4.979353
-4.987110
4.990447
-4.988718
4.967589
-4.913129
-4.984573
4.964966
4.985506
-4.937550
-4.983956
4.966639
4.970574
-4.968759
4.972011
-4.968774
4.984658
-4.972731
4.960554
-4.910114
4.958620
-4.959257
-4.965331
-4.994412
-4.993053
4.984376
4.954910
-4.982043
4.981831
-4.944389
-4.987683
-4.983866
4.986277
-4.956771
-4.971502
-4.722222
-4.970435
-4.975620
-4.980400
4.979414
4.943872
4.928139
-4.966744
4.987624
-4.937512
-4.976990
-4.987563
4.970743
4.972031
-4.980254
-4.985565
4.886378
-4.967423
4.970058
-4.968884
4.982635
4.962311
4.984522
-4.971101
4.976921
-3.178797
4.974781
4.968648
-4.992135
-4.962156
-4.980772
-4.974467
4.968093
-4.948827
-4.961525
-4.972132
4.309590
-4.934864
-4.983006
4.966557
-4.965814
4.662800
4.974553
-4.981951
-4.969755
-4.963932
4.947535
-4.983315
4.988820
-4.982566
-4.966756
4.981853
-4.981131
4.985346
-4.969183
-4.982775
-4.977324
4.974706
4.938923
-4.990417
-4.978383
-4.987655
-4.983154
-4.971649
-4.973022
-4.982835
-4.941941
-4.944316
4.974401
4.979786
4.949585
-4.978776
-4.990762
4.958222
-4.993127
4.975067
4.959862
4.968654
-4.971125
4.961073
-4.975131
-4.961584
4.991354
-4.967187
4.989141
4.753928
-4.691942
4.964987
-4.979433
-4.952891
-4.961552
4.992897
4.976329
4.970332
-4.977870
-4.964705
4.953598
4.992985
4.971431
-4.970748
4.975013
-4.964418
4.996270
4.980807
4.986787
-4.978540
4.964386
4.953682
-4.991316
4.929653
4.974726
4.992845
-4.975443
-4.972154
-4.982448
-4.972222
-4.979382
-4.984717
4.978425
-4.978800
4.990240
4.979287
4.972462
-4.988885
4.970798
4.924948
4.929667
-4.981739
-4.979860
4.976773
-4.985510
4.973116
-4.988906
-4.973686
-4.978915
4.977764
-4.947915
-4.969454
-4.982421
4.975319
-4.967392
4.985482
-4.957207
4.956519
4.990716
-4.980460
-4.970787
4.963174
-4.968416
4.706850
4.967308
4.979122
-4.950075
-4.930334
-4.459919
4.970840
4.950771
4.989278
4.977605
4.932430
4.950154
4.970140
4.969340
4.969975
-4.972786
4.980213
4.931474
4.972634
4.943706
-4.982365
-4.989615
-4.987627
-4.969786
4.980118
-4.865674
-2.669662
4.976791
-4.992526
4.963911
4.988287
-4.952525
4.987311
4.988563
-4.979448
-4.980993
-4.990748
4.990631
-4.985346
-4.978424
4.983062
4.994796
4.995482
4.966092
4.929476
4.973402
-4.983510
-4.975720
-4.971233
-4.984916
-4.982030
4.974568
-4.973981
-4.976016
-4.969841
-4.979760
-4.937789
-4.972756
-4.881967
-4.994682
-4.969773
-4.966621
4.980603
-4.990773
4.962028
-4.978777
4.951703
4.986407
-4.996120
4.961894
4.954807
4.971447
-4.980192
4.986067
-4.976239
4.969857
4.965539
-4.981041
-4.990429
4.979677
-4.991457
-4.977994
-4.960329
-4.849569
4.981228
4.991694
-4.990656
-4.946483
-4.969894
4.968523
4.958833
4.956387
-4.984080
-4.932499
-4.976710
4.959404
-4.989524
-4.955185
4.983958
4.985318
4.928727
-4.990631
-4.988506
4.987577
4.955580
-4.991246
-4.993441
-4.973889
-4.938472
-4.967432
4.975874
4.954016
4.987992
4.980731
-4.943872
-4.968922
-4.487068
4.993912
4.978022
-4.988371
-4.979698
-4.965241
-4.967484
4.963592
4.973033
-4.920547
4.977194
-4.956527
-4.619123
-4.977505
4.977436
4.957959
-4.976611
4.956367
-4.987430
4.950841
-4.977721
4.969877
-4.989416
4.944668
-4.189452
4.982108
4.968930
4.955197
4.951477
-4.930582
4.984268
4.964387
-4.982525
4.990054
4.981135
-4.975022
4.991330
-4.992400
-4.987040
-4.978627
-4.973626
-4.959309
4.963917
4.977823
4.973777
4.992959
-4.941223
-4.977435
-4.970061
-4.934389
4.994435
-4.967828
-4.963889
4.965351
-4.973398
4.975495
4.988699
-4.974354
4.960833
-4.950480
-4.962498
4.986106
-4.984893
-4.972993
4.973387
-4.973805
4.996544
4.994487
4.983417
4.968130
4.938485
4.990841
4.967825
4.985103
-4.992801
-4.968556
-4.979240
4.970854
4.234589
-4.988072
4.970517
-4.969596
-4.985681
-4.972041
4.986542
-4.947127
-4.965893
4.962026
4.991906
-4.988117
4.982364
4.980450
4.964290
4.941985
-4.972082
4.957262
-4.990785
-4.983493
-4.947416
-4.991939
4.966693
-4.963902
4.992102
4.694660
4.958154
4.983918
-4.958536
-4.968596
4.979791
-4.982699
-4.992983
4.972187
-4.985108
4.947991
4.953107
-4.979375
4.966181
4.975995
-4.977625
-4.994857
4.987579
4.974866
-4.969606
-4.985483
-4.954368
-4.991483
4.974144
4.984971
-4.979701
4.993373
4.985991
-4.967551
4.987762
-4.953614
4.984918
4.969293
4.957495
4.981601
-4.975768
4.968731
4.967319
4.978145
4.971648
-4.981765
-4.982232
4.970667
-4.974175
4.980499
4.985540
-4.980698
4.976683
-4.974075
-4.993091
-4.956414
4.921125
4.992844
-4.951618
4.984364
-4.963443
4.956728
4.957313
-4.941153
-4.986053
-4.941448
-4.988912
4.974587
-4.964009
4.983669
4.750007
4.991415
4.990717
4.988380
-4.973495
-4.973084
4.964159
-4.974429
-4.983303
4.891404
-4.976035
4.972855
4.991954
-4.961824
4.980335
4.984035
-4.980600
4.979276
-4.951498
-4.988331
-4.965289
-4.923279
-4.980296
4.955007
4.986577
4.960240
4.994860
-4.983304
-4.973809
-4.970014
-4.983619
4.943779
-4.958941
4.970505
4.979099
4.988042
-4.947195
-4.983482
-4.980430
4.962131
-4.979948
4.946165
-4.979832
-4.984711
4.943894
-4.972029
4.975061
-4.938019
4.965155
4.978729
4.950741
-4.994164
4.974303
4.979616
4.977341
-4.977155
-4.977983
4.965971
-4.980825
-4.991730
-4.955467
-4.959324
-4.975804
-4.985903
-4.920347
-4.984972
4.979656
-4.871928
4.985655
-4.954070
4.987142
-4.983689
-4.977620
4.988297
-4.948093
4.955263
4.948976
4.952731
4.978028
-4.973395
-4.970108
4.980849
4.965381
-4.958376
-4.964656
-4.992500
4.986135
4.960940
4.983631
-4.977872
-4.918730
-4.984590
-4.967487
-4.968746
4.980837
4.985309
-4.991739
-4.941772
4.977282
-4.995665
-4.903133
4.960741
4.991056
-4.979822
4.993267
4.876553
4.980801
4.977107
4.975115
-4.947186
4.940373
-4.982425
-4.979802
-4.979363
-4.901510
-4.975341
-4.976550
4.904052
4.974874
-4.948928
-4.963261
4.971632
-4.960273
-4.976178
-4.894040
4.980223
4.974113
4.989477
-4.987085
-4.984819
-4.987356
-4.971701
-4.993687
4.959977
4.953721
4.968069
4.967954
4.962781
-4.935535
-4.981912
4.965458
4.984843
4.990344
4.975901
4.992252
4.972828
-4.990812
-4.983552
-4.969185
-4.956082
-4.980227
-4.976464
-4.981788
4.951270
4.971354
-4.970198
-4.964861
-4.993079
4.672004
-4.956955
-4.969648
4.991563
4.977968
4.994983
-4.994501
-4.976566
4.982690
4.960890
4.983367
4.964726
-4.955270
-4.962277
-4.972011
-4.957987
4.987181
4.977927
4.992614
4.976095
-4.983766
4.985046
4.990593
-4.974160
-4.991460
-4.968107
-4.993831
-4.452704
-4.985884
4.961346
-4.981701
-4.973827
4.970204
-4.986115
-4.958752
-4.950920
-4.968979
-4.984513
-4.970324
4.904789
4.970952
4.954445
-4.988474
-4.944176
-4.977284
4.946918
4.993195
-4.921406
4.957748
-4.960117
-4.965845
4.950521
-4.939999
-4.985555
-4.973309
4.954379
-4.961285
-4.993694
-4.991325
4.973952
-4.988419
4.985902
4.972816
4.992600
-4.963574
-4.964870
4.972609
-4.991546
-4.992310
-4.989771
-4.956167
-4.952831
4.962651
4.969077
4.976721
-4.964714
-4.974214
4.984005
-4.980949
-4.973734
-4.980224
4.990236
-4.976939
4.988939
4.221568
-4.979699
4.974860
-4.945102
-4.955756
-4.953148
4.989058
4.910458
-4.773802
4.966302
-4.980435
4.972408
-4.987377
-4.980119
-4.958041
-4.976702
-4.991619
-4.982995
4.978422
-4.964141
4.961984
-4.981833
4.982761
4.962568
-4.952416
4.974562
4.967127
-4.978441
4.985987
4.919937
-4.958105
4.976167
1.482979
4.862230
4.975073
4.989546
4.976798
4.975835
2.282568
4.994907
-4.959854
-1.500889
-4.976435
-4.964785
4.976075
4.990010
-4.981827
4.993684
-4.949675
-4.976440
4.984350
4.981788
4.954827
4.976962
-4.976418
4.955854
-4.961612
-4.980404
-4.969103
4.990244
4.982436
4.936128
4.803658
-4.974498
4.990498
-4.944351
-4.984735
4.981345
4.967454
4.989223
-4.750995
4.979245
4.990339
-4.981879
4.977122
4.982918
4.973711
-4.988037
4.988716
4.989466
-4.939445
-4.962523
-4.967661
4.984639
4.953902
-4.986026
4.963804
4.983317
-4.994885
-4.991859
4.978368
-4.984821
-4.979288
4.972659
4.792935
4.980677
4.897071
-4.985679
-4.864077
-4.914621
4.957213
4.982014
-4.984333
4.985533
-4.977366
-4.986123
-4.989297
-4.974291
-4.967544
4.995415
-4.989529
-4.743828
-4.937433
4.970665
-4.962663
-4.952367
4.960525
-4.966003
-4.973993
-4.982096
-4.987609
-4.971740
-4.857568
4.979516
-4.945775
4.987047
4.978669
4.993263
4.957157
4.904285
-4.966109
4.963436
-4.984847
-4.965827
4.988026
4.990806
4.961207
-4.977972
4.960131
4.977229
-4.970469
-4.987156
4.987557
-4.961780
4.986595
4.973774
-4.978075
-4.990705
-4.948762
4.976047
4.969903
-4.977330
-4.969828
4.966991
-4.981325
4.996098
4.973762
-4.944451
-4.979520
-4.990974
4.978241
-4.992265
-4.952911
4.977401
4.983072
-4.977343
-4.965761
-4.980463
-4.985754
4.988247
-4.990921
4.989654
4.976708
4.987884
-4.949422
-4.951344
-4.938998
-4.962354
-4.963358
4.979003
-4.975939
4.974203
-4.961153
-4.877186
4.970679
4.995136
-4.968196
4.976881
4.927529
4.984187
-4.964825
4.940854
4.983773
4.814389
-4.984792
4.963987
4.997332
-4.996925
4.963576
4.969280
-4.977737
-4.933641
4.970111
-4.989956
-4.961147
-4.969359
-4.969139
-4.982251
4.985790
-4.961157
-4.990518
4.974852
4.982213
4.993439
4.945533
4.988037
4.985069
4.970471
-4.981897
4.979007
4.980842
4.995761
-4.993049
-4.855768
-4.970499
-4.986402
4.975916
4.986667
4.937309
-4.964200
4.973980
4.963398
4.957830
-4.930013
4.936093
-4.989118
4.976917
4.984135
4.929567
4.994950
-4.968804
4.972837
-4.983888
-4.981520
4.971615
4.972518
4.929812
4.971007
-4.991574
-4.968117
4.951704
-4.967488
-4.974722
4.972407
4.994294
-4.992517
4.978548
-4.968674
-4.990333
4.983156
4.983085
-4.972345
-4.987167
-4.949985
4.979254
4.989027
4.977527
4.960951
4.965048
-4.980988
-4.990228
4.995190
4.981808
-4.830245
-4.988859
-4.964324
4.970237
4.964890
4.996944
4.987124
4.994335
-4.932088
4.944416
4.875325
-4.971888
4.965255
4.968806
-4.941122
-4.990181
4.937651
4.984878
4.985464
-4.957621
4.974166
-4.971890
4.978491
4.365121
4.991522
4.976249
4.990002
-4.979101
4.919062
-4.966269
-4.989542
-4.955983
-4.970228
4.973451
-4.976784
4.972817
4.993619
-4.955309
4.957660
4.982650
4.994194
-4.972745
4.929288
4.873265
4.974830
4.939711
4.952902
4.989046
-4.970359
-4.978965
-4.969218
-4.987017
4.964987
-4.896840
-4.529159
4.982440
4.968316
4.983694
-4.966723
4.963319
4.960627
-4.981809
4.937899
-4.987696
-4.995468
-4.983968
4.987453
4.977197
4.989090
-4.975775
-4.993165
-4.975355
4.587999
4.718496
4.993402
4.969473
4.975518
-4.947773
4.950559
-4.981918
4.985267
4.963780
-4.962427
4.977206
-4.972682
4.942896
-4.986197
-4.985368
4.976975
4.913731
-4.966013
4.971902
-4.961178
-4.947617
-4.840857
4.987011
4.962646
-4.985108
4.974154
-4.971920
-4.964744
4.971762
4.990041
4.976397
-4.988673
-4.993968
4.937223
-4.974040
4.972826
4.954397
4.983920
-4.983647
-4.978252
2.616310
-4.985528
4.959432
-4.973647
-4.968154
-4.950079
-4.972465
-4.973339
4.978823
-4.882767
4.992076
4.987620
-4.960925
4.974627
4.986449
-4.977379
-4.995236
4.966897
4.972713
4.979124
4.982563
4.958243
4.987890
4.977064
4.987351
4.993939
-4.943625
-4.954474
-4.978459
-4.947581
-4.960358
4.968340
-4.991336
-4.981315
-4.969712
-4.973309
4.988784
4.961083
-4.978274
4.982831
-4.965584
4.981755
4.985707
-4.925654
4.950899
-4.948739
-4.983063
4.968468
-4.987277
4.977770
-4.952544
4.974036
-4.980301
-4.984161
-4.958669
-4.965706
4.953336
2.433024
4.919896
-4.988642
-4.986949
4.969252
-4.975088
-4.984551
-4.945689
4.989977
-4.953845
4.979831
4.958268
4.948400
-4.984147
-4.966004
4.983499
-4.982611
-4.991461
-4.981792
4.994273
4.988370
4.970798
4.983342
4.990685
-4.969212
4.988020
-4.984787
-4.972356
-4.979337
4.968157
4.987123
4.987303
4.984087
-4.966863
-4.965573
-4.969090
-4.961545
4.983975
-4.971487
-4.973285
-4.995032
4.970037
4.963948
4.954025
4.967451
-4.988468
4.985797
-4.968151
4.985823
-4.976288
4.968636
-4.960229
4.975051
-4.988518
4.959283
-4.959227
-4.990598
4.982879
4.356329
4.917430
-4.896333
-4.898074
-4.989643
4.966679
4.938390
4.966618
4.968051
4.969428
-4.994610
-4.991821
4.916508
-4.977604
-4.981217
4.983770
-4.960424
-4.969733
-4.974432
4.959370
-4.937161
-4.978120
4.963922
4.983489
4.986243
-4.964928
-4.988618
4.996550
-4.960051
4.976435
-4.964156
4.963300
-4.983375
-4.983335
-4.963585
4.980882
-4.975611
-4.973528
-4.988169
4.986440
4.993819
-4.974200
4.972704
4.977754
-4.968695
4.591535
4.946860
4.958827
4.963450
4.980840
4.994741
4.989768
4.982120
-4.968834
4.988699
4.976616
-4.974662
-4.733943
4.918965
-4.981976
-4.950477
4.961359
-4.971017
4.985164
4.988775
4.977371
-4.983646
4.986860
4.946203
-4.968261
-4.986598
4.968119
4.967213
4.931139
-4.992167
-4.989289
4.963681
-4.954993
-4.961864
4.962223
4.933561
4.954044
-4.358008
-4.934533
4.984785
-4.496617
4.981375
4.960435
4.979916
4.994137
4.980093
-4.985345
-4.979841
-4.963702
4.947948
4.985773
4.970964
4.985815
4.977264
4.987887
-4.993607
-4.945620
4.919194
-4.976503
4.957056
-4.900081
-4.977521
4.988648
-4.994674
4.976982
-4.874786
-4.971830
4.957956
4.972466
-4.985354
-4.960887
-4.966561
4.991911
4.972145
4.855053
3.204084
4.978265
-4.989878
4.984520
-4.995357
4.958934
4.981351
4.989879
-4.964549
-4.981484
-4.971518
-4.977761
-4.975295
-4.985681
-4.979854
4.968056
4.983375
-4.899109
-4.979122
-4.973780
-4.946690
-4.969497
4.986331
4.967417
-4.958375
4.932229
-4.988369
4.990690
4.967586
-4.985142
4.838146
-4.975966
4.960115
-4.960312
4.979898
-4.961984
4.963017
-4.993769
4.971871
4.979252
4.977516
4.984491
-3.434298
-4.989421
-4.973818
-4.984111
-4.983704
-4.932357
-4.901785
4.959627
4.962767
-4.956040
-4.994717
-4.985935
4.980712
-4.977443
-4.950096
4.969345
4.991791
4.989053
4.683744
4.978453
-4.756781
4.968810
-4.959412
4.977208
-4.986849
-4.986665
4.975478
4.975465
4.987566
-4.986795
2.508989
4.967720
4.962388
-4.986673
4.973671
4.978538
4.954534
4.996418
4.971396
4.919710
-4.920635
-4.969769
4.951717
4.969673
-4.963420
-4.949221
4.973275
4.981445
-4.973551
4.963792
4.980093
-4.975009
4.957189
-4.985763
4.987769
4.976381
4.984390
-4.968561
-4.989790
-4.977130
-4.984575
4.971737
-4.963440
4.967039
4.955846
-4.982740
-4.971276
4.971749
4.966177
-4.968275
4.969802
4.978013
4.979761
-4.984876
4.981642
4.941106
-4.983572
-4.969512
-4.969687
-4.958640
4.984885
-4.965094
-4.969821
-4.918333
-4.956615
4.945587
4.973495
4.996742
-4.977574
4.962629
4.988158
-4.987132
-4.996478
-4.970979
4.951562
-4.961875
-4.990179
-4.964054
-4.967517
-4.986148
-4.992637
4.990591
4.987488
-3.971396
-4.994660
-4.994367
4.966242
4.973846
-4.981070
4.954865
4.899415
4.967879
4.978064
-4.982602
-4.973511
-4.955572
4.956720
-4.980683
-4.968104
4.990665
4.979533
-4.987363
4.989503
-4.942641
-4.961994
4.981169
4.961647
4.946251
-4.989474
-4.961172
-4.974907
4.955709
-4.947213
-4.977632
4.977432
-4.983770
-4.965769
-4.967020
4.944622
4.709750
-4.988582
-4.965868
-4.980626
-4.972520
4.977554
-4.992129
4.943299
4.987258
-4.954481
-4.965130
-4.974532
3.360179
4.977298
4.953155
-4.988167
-4.972823
-4.882899
4.975869
4.965051
-4.954070
4.986041
-4.966373
-4.983761
-4.983907
4.117550
4.984903
4.982228
-4.951748
4.986337
-4.984764
-4.947948
4.954663
4.993327
-4.912874
4.953026
-4.942105
-4.948329
4.960824
-4.982759
-4.992659
4.979619
-4.962008
4.991952
4.987460
4.988198
-4.958789
-4.975952
-4.970495
-4.960388
-4.982671
-4.961890
4.989882
4.990628
-4.967223
4.963551
-4.962502
-4.973621
-4.990347
-4.979883
-4.973127
4.969960
4.958098
-4.928120
-4.959546
-4.938739
4.988405
4.903279
-4.764349
-4.988731
4.974628
-4.981385
-4.942007
-4.966420
-4.958059
-4.966013
4.957867
-4.979780
-4.982395
4.983732
4.991158
4.964356
4.977986
-4.970297
-4.970062
-4.927420
-4.970407
4.987669
-4.975081
-4.974748
4.969477
-4.951517
-4.952056
-4.981043
-4.969946
4.994654
-4.974387
-4.987739
-4.995582
4.993520
-4.891920
-4.985520
-4.989723
-4.972752
4.960701
-4.931476
-4.989042
4.988057
-4.962326
-4.980810
-4.966359
-0.500969
4.984513
-4.966051
4.985947
4.979207
-4.955087
-4.978185
-4.951555
4.976744
4.972721
-4.965699
4.965769
4.992646
4.979163
4.993810
4.962444
-4.973447
-4.989574
-4.989737
4.984820
-4.993430
4.981099
4.957325
4.972616
4.962336
4.992190
4.958355
4.975626
4.961471
-4.971675
-4.424144
4.959346
4.994859
4.985699
4.985968
4.971401
4.968358
4.968675
-4.978946
-4.952340
-4.990038
-4.884842
-4.983096
-4.932201
4.955564
4.953213
-4.888374
-4.923533
-4.949013
-4.994647
4.994906
-4.978445
4.988945
-4.951974
-4.993211
-4.971523
-4.978769
-4.970019
4.984249
-4.974165
-4.939995
4.970106
-4.960721
-4.957484
-4.975476
4.994276
-2.101097
-4.986564
4.971381
-4.963782
4.969718
4.988700
4.985062
-4.978093
-4.887092
4.970438
4.976741
-4.979476
4.954140
4.974705
4.982932
-4.974072
-4.728008
-4.971639
4.991025
4.981680
4.976180
-4.984207
-4.968517
4.981883
4.986199
-4.989283
-4.980175
4.995405
4.992740
4.976116
4.978026
4.983567
-4.973274
-4.955593
4.970148
-4.953238
4.993641
4.984364
4.987372
2.636994
4.989044
4.975386
-4.912819
-4.983370
-4.982185
-4.961325
-4.993402
-4.957915
-4.974460
-4.991041
-4.978190
-4.972231
4.971563
-4.946404
-4.961466
4.990130
-4.989534
-4.986488
4.976831
-4.977901
-4.973274
4.968935
4.965960
4.981644
4.905376
-4.989890
-4.982234
4.971504
-4.976197
4.886881
4.979311
-4.981689
-4.966879
4.990135
-4.939232
4.982377
4.988480
-4.974412
-4.971951
4.982090
4.951278
4.930525
4.981322
-4.963483
-4.970651
-4.319532
4.967784
4.988689
4.965773
-4.939846
4.984589
4.969296
4.895017
4.991331
-4.984820
-4.973868
4.977431
4.979232
4.988144
4.939358
-4.972557
4.985906
4.969740
-4.976649
-4.975458
-4.966580
-4.909037
-4.964664
-4.994835
4.951898
-4.986390
-4.992411
-4.957063
4.979935
-4.987202
4.983269
-4.963330
4.969724
-4.961159
-4.968222
4.985299
4.971344
4.987268
-4.941409
4.970643
-4.968379
4.992318
-4.984030
-4.981591
-4.968094
-4.983610
-4.989006
4.977155
4.758131
4.981199
4.979905
-4.975262
4.991236
4.985938
-4.434420
-4.991267
-4.987722
-4.950386
-4.969519
4.990860
-4.995040
4.903101
-4.944538
4.992960
4.974771
-4.976854
4.986879
-4.966337
4.971049
4.976870
4.967903
4.963128
-4.966769
4.818609
-4.976756
-4.978295
4.970178
-4.951158
-4.982739
-4.961272
4.945420
-4.976919
-4.986978
-4.964576
-4.980587
-4.984094
4.978444
4.968223
-4.993706
4.973557
4.983137
4.988501
-4.971922
4.958239
4.968689
-4.922102
4.951793
4.965487
-4.968700
-4.975391
4.971817
-4.961635
4.985088
4.983256
-4.979624
4.977989
-4.984909
4.989600
-4.969222
4.991635
4.967956
-4.994407
-4.972074
-4.983158
-4.950183
4.985851
4.967133
4.973484
4.974383
4.978448
-4.965188
4.949484
4.967524
4.963788
4.974894
-4.981126
-4.927012
-4.971768
4.809187
4.947676
-4.960719
4.974196
4.947744
-4.957805
4.983074
4.981996
4.980004
-4.966623
-4.988577
-4.977762
-4.991930
4.983238
4.964494
4.973152
-4.982996
4.965637
-4.965195
4.946612
-4.960589
4.993494
4.955539
-4.979619
3.123534
-4.965432
-4.967816
-4.989780
4.886649
4.976165
-4.970031
-4.985150
-4.977273
4.972019
-4.984191
-4.948350
-4.969663
-4.985691
4.975726
4.820904
-4.958614
-4.980333
-4.964234
-4.977544
-4.967500
-4.981960
-4.991719
4.957793
4.976089
-4.973400
4.987676
-4.968783
4.932058
4.988918
4.960684
4.984929
-4.986688
-4.953785
4.964852
4.991658
-4.984375
-4.963295
-4.975627
-4.987739
4.959531
-4.975358
4.981036
-4.963252
4.993562
-4.971683
4.985575
4.976726
4.991715
-4.953506
4.989972
-4.989583
4.978710
4.987114
-4.983334
-4.980659
4.974947
-4.978173
-4.966014
-4.987803
4.984717
4.963100
-4.993528
-4.940900
4.937001
4.954100
4.982129
4.960796
4.943034
-4.965739
-4.983405
-4.969255
-4.982799
-4.977030
-4.979386
4.990421
-4.901991
-4.973020
-4.973373
-4.986740
4.984071
4.970213
-4.953550
-4.965214
4.986867
-4.982399
4.974745
4.990060
4.964426
4.880457
-4.981879
-4.978515
4.970827
-4.972249
4.983553
4.707715
-4.985862
4.987670
4.983483
4.989130
4.907757
-4.982298
-4.972855
4.972179
-4.958356
4.986057
-4.985004
4.964765
4.983566
4.985783
4.961417
4.905801
4.932868
-4.969607
-4.982187
-4.977740
4.980544
-4.972653
-4.980320
-4.967600
-4.996307
4.969644
-4.983023
-4.984914
-4.939629
4.972514
-4.971904
4.962328
-4.987367
-4.713280
4.960302
4.961236
4.981063
-4.989429
-4.960080
4.994785
4.962351
4.961992
4.991930
-4.992281
4.975728
-4.982357
-4.885010
-4.992032
4.980952
4.961966
4.957522
4.983050
-4.965779
-4.944052
-4.968847
4.949027
4.987126
4.966889
4.954138
4.987403
-4.952297
4.956360
4.991722
4.967581
0.025880
-4.991774
4.992344
-4.971299
-4.972243
-4.986606
-4.867857
4.986973
4.991936
4.971420
4.968873
-4.957881
4.975806
4.965609
-4.969884
4.992308
4.977504
4.967937
4.970726
4.986295
-4.991446
4.988674
4.977421
-4.952911
4.956146
-4.972014
-4.972480
4.962114
-4.967552
4.972609
-4.984444
-4.988502
-4.988558
4.988291
-4.995234
-4.907660
4.992023
-4.982080
-4.982046
4.977181
4.812165
-4.346595
4.981550
4.988062
-4.968989
4.965333
4.986094
4.884451
4.942930
-4.942476
-4.964710
-4.950985
-4.980276
-4.949810
4.976452
4.979936
4.966183
-4.962149
4.958881
4.930130
-4.753391
4.969561
4.986564
4.968693
4.955816
4.991855
-4.979488
4.964591
4.947109
4.969001
4.992143
4.959812
-4.952149
-4.930891
4.970847
-4.941946
-4.991114
4.987091
-4.982576
-4.985330
4.990577
4.990740
-4.974482
4.959940
-4.908612
-4.974024
-4.914639
4.924032
4.990563
-4.949693
4.992035
4.981442
-4.977211
-4.985547
-4.976883
-4.960280
4.983256
4.994137
-4.860905
4.936895
-4.988871
-4.994829
-4.957005
4.985179
-4.986339
4.809032
4.971523
4.985508
-4.969354
4.964786
-4.969434
4.985933
-4.975526
-4.975178
-4.954102
4.970959
-4.980042
4.996051
-4.974808
4.960592
4.980935
4.980885
4.977218
-4.971315
-4.972070
-4.964098
4.991344
-4.990892
4.962149
-4.961364
4.973982
4.983079
4.967552
-4.966182
4.970628
-4.992692
4.969656
-4.926387
-4.992730
-4.991489
-4.993481
-4.991509
4.935895
4.958685
4.991429
4.979149
-4.972141
-4.942174
4.991935
4.959790
4.972929
4.976384
-4.992527
-4.856416
-4.963420
-4.990478
4.974483
-2.291290
-4.940673
-4.977651
-4.965183
4.972842
-4.972798
-4.993208
-4.979251
-4.986481
4.965612
4.987342
4.988334
4.977379
-4.978405
-4.960157
4.968649
4.994639
4.970852
-4.975697
-4.937465
4.971088
4.990573
-4.984590
-4.986738
-4.978467
4.976990
-4.978536
4.389756
4.972730
4.977363
-4.992611
-4.994905
-4.972113
-4.966211
4.963057
4.974826
4.972922
4.965766
4.951375
4.978939
-4.984755
-4.985058
-4.978869
4.982243
-4.993798
4.990808
4.939619
-4.981144
4.976234
-4.981265
-4.979994
-4.990222
4.991638
4.981113
-4.984333
4.930958
-4.992188
4.939331
-4.966118
-4.966437
-4.997448
4.963776
-4.976030
4.988310
4.954091
4.972432
-4.978666
4.953664
-4.982635
4.988917
-4.791306
4.963896
4.963909
-4.984998
4.978325
4.960530
-4.987832
-4.960998
4.965987
4.966717
4.944475
-4.973737
-4.967018
-4.987407
4.969349
-4.954359
4.967849
3.225621
4.985157
4.960654
-4.985485
-4.977086
4.983020
4.977573
-4.983564
-4.963370
4.885839
-4.962999
4.934085
4.991060
-4.972882
4.974730
4.849936
-4.967853
-4.956349
-4.985576
-4.976564
-4.991767
4.971032
4.986834
4.960870
-4.948697
4.945694
4.953328
-4.990784
-4.972253
4.961849
-4.972359
4.971783
-4.892534
4.975373
4.976795
-4.961041
4.983323
-4.979440
4.968429
4.954342
4.968835
4.990749
4.969181
-4.959324
4.988255
4.948201
-4.920819
-3.731782
4.985181
-4.967381
-4.989160
4.950738
-4.921564
-4.988641
4.856798
4.965124
-4.985414
4.985125
4.917660
-4.977227
4.987305
4.994207
-4.958971
4.976271
4.975467
-4.971617
4.162764
4.987390
-4.989878
4.986752
4.981513
-4.958255
-4.996976
4.981398
4.960440
4.933549
4.974677
4.971405
4.975834
4.955830
4.970749
4.980233
4.975939
-4.964301
4.926794
4.742681
4.629786
-4.953507
4.954510
-4.960977
4.988769
4.956427
-4.984688
4.993597
4.961834
4.977656
4.991943
-4.972657
-4.994684
4.974505
-4.977539
4.973670
4.965731
4.988114
-4.975966
4.985471
-4.984003
-4.991589
-4.985023
4.956431
-4.976034
4.971158
-4.944829
-4.991548
-4.970189
-4.984547
4.960919
-4.972720
-0.863160
-4.967594
4.932116
4.985549
4.962012
-4.985066
-4.965590
4.845737
-4.949740
-4.930586
-4.981919
-4.964291
4.964067
-4.975941
-4.985250
-4.983314
-4.969430
4.976554
4.980953
4.986916
-4.495311
4.995536
4.980819
-4.955946
-4.981497
-4.983335
-4.991859
-4.989873
-4.611379
4.984732
4.992782
-4.961472
-4.962252
-4.932604
4.963773
4.963854
-4.973644
-4.965615
-4.970579
-4.984183
4.957790
4.841754
4.979577
4.955239
-4.975877
-4.921386
4.990050
4.971115
-4.969644
4.950093
-4.992077
-4.972191
-4.990295
-4.969444
4.809981
4.953326
4.970549
4.981314
-4.978781
4.972873
4.980225
-4.964723
-4.902557
-4.993907
-4.964177
-4.957779
4.949842
4.993838
-4.947129
-4.976112
4.988042
-4.986429
4.983289
4.979479
4.818626
4.990905
0.581671
-4.978164
4.935135
4.975357
-4.967110
-4.988018
4.952032
4.972990
4.973839
-4.966073
4.925718
4.963093
-4.983146
4.407969
4.972176
4.981515
-4.979153
4.581841
4.975866
-4.976032
-4.983010
4.798878
4.918918
-4.942512
4.986075
4.967944
-4.976794
4.989779
4.368227
-4.968172
-4.933307
-4.963737
4.985746
4.992424
4.976322
4.967238
4.962849
-4.991212
4.947077
-4.961816
-4.981118
-4.988062
-4.990585
4.961331
-4.934112
4.977734
-4.976256
-4.983517
-4.398777
4.994904
4.977202
4.962140
4.956462
4.962436
4.957223
-4.966164
4.972159
-4.995006
-4.987577
4.982363
-4.971878
-4.974761
4.988831
-4.971912
4.994723
4.984943
-4.782201
4.984960
4.979566
-4.957761
4.987365
4.962953
-4.938531
4.987509
4.967788
4.953957
4.976913
4.946839
4.995950
-4.947377
4.995994
4.991028
4.889117
-4.983585
4.974272
4.982056
-4.974717
4.964194
4.991077
-4.980597
4.963418
4.981356
4.957208
4.967021
4.890099
-4.973377
4.978232
3.663842
-4.967167
-4.981171
-4.952455
4.935489
4.961424
-4.907936
-4.954992
4.960850
-4.898738
4.966703
-4.950745
4.986207
4.956979
-4.977928
-4.978916
4.979185
-4.982154
4.959866
-4.974708
4.987703
-4.850847
4.992085
4.979621
-4.972751
-4.990986
-4.981752
4.978784
-4.969111
4.987441
4.978377
4.958222
-4.974578
-4.987889
4.978116
-4.983037
4.966995
4.981287
-4.971191
-4.957690
-4.989361
-4.974644
4.982881
4.974660
-4.971555
-4.992013
4.977317
-4.986303
4.980966
-4.980197
-4.976584
-4.957961
-4.989056
4.967048
-4.963702
-4.946925
4.844801
-4.958135
4.951138
-4.986397
4.993302
4.987028
4.991948
4.970725
-4.976199
-4.861007
-4.964445
4.990115
-4.986496
-4.972495
4.965914
-4.978724
4.982246
-4.960197
4.963610
-4.771956
-4.954351
-4.979256
4.990697
4.974157
-4.970376
-4.898257
4.950020
-4.939510
4.961974
-4.981132
-4.978125
-4.963833
-4.953591
4.937790
-4.990060
-4.969955
4.703415
-4.991995
-4.976604
-4.980534
-4.969330
-4.974189
-4.969629
4.985659
4.971875
4.961941
4.981406
4.976698
4.963345
-4.696769
-4.970855
-4.896658
-4.984034
-4.969937
4.969420
2.456636
4.971110
-4.994790
-4.983804
-4.974089
-4.969532
-4.979845
-4.982529
4.989449
-4.969643
4.975676
-4.917916
-4.985432
-4.978960
4.958184
-4.966073
4.968487
4.955220
-4.987119
4.967432
4.925600
-4.988654
-4.956750
4.990226
4.950191
-4.988966
-4.965336
4.987697
4.985791
-4.955767
-4.976168
-4.990626
4.995885
4.979886
4.964206
-4.971838
4.986277
-4.967307
4.968525
-4.967912
-4.982547
4.961632
-4.963159
4.953384
-4.992930
-4.976498
4.960161
-4.981294
4.972402
-4.976181
4.883490
-4.996158
4.922132
-4.976999
-4.976455
-4.959228
4.990697
4.976728
-4.981861
-4.966496
4.992089
4.975903
-4.971360
-4.973006
-4.970234
-4.975786
-4.949811
4.958032
-4.964680
4.977039
-4.937716
4.986092
-4.975073
4.985126
4.875098
-4.947202
-4.987867
-4.976425
-4.983912
-4.981184
4.966872
4.979646
4.951710
-4.985537
-4.949966
-4.922085
-4.990148
-4.988154
-4.958267
-4.989733
4.950060
-4.964491
-4.987566
4.971763
4.961029
1.987051
4.975465
-4.927754
-4.969058
-4.981555
4.976238
-4.980106
4.977732
-4.947185
-4.833159
4.939884
-4.937339
-4.951022
4.946304
4.995267
4.978389
4.972325
-4.986935
4.897243
-4.956025
4.977917
4.965560
4.971495
-4.974558
4.962220
4.970669
4.971759
-4.954841
4.976400
4.955013
-4.973791
4.966555
4.941598
4.978230
-4.986658
-4.967093
-4.913481
4.983572
-4.977643
4.968292
-4.985169
4.968085
-4.965558
-4.968167
4.989217
-4.987598
-4.988775
-4.970399
-4.968783
-4.949626
4.984889
4.952897
-4.985733
4.927694
4.964495
-4.990371
-4.982979
-4.961996
-4.983453
4.966876
4.975811
4.984870
-4.975204
4.951877
-4.985119
-4.990206
4.994833
4.684542
-4.973095
4.947956
-4.916698
-4.990168
4.737458
-4.966161
-4.990691
4.965423
-4.986938
-4.984051
-4.987932
4.968158
-4.986324
4.954853
-4.981229
-4.945506
4.988916
4.981352
4.971201
4.971311
-4.963935
4.986793
-4.966960
-4.984230
-4.965354
4.968391
4.978742
-4.992252
4.988716
4.991405
-4.966593
-4.969918
4.965672
-4.942434
4.948109
-4.932820
-4.979504
4.942425
-4.976833
4.975496
4.978365
-4.976072
-4.974275
-4.992224
-4.979182
4.982856
4.951545
4.986047
4.985905
4.963553
4.964528
4.019581
-4.958734
4.967163
-4.975364
4.958025
4.979171
4.980006
-4.979978
-4.980911
4.984669
4.978997
-4.911215
-4.994270
-4.939486
-4.965805
-4.978227
-4.986547
-4.971842
-4.978318
-4.951477
-4.979708
-4.978019
-4.954116
-4.945406
4.500178
4.978795
4.977751
-4.979719
-4.928002
-4.965474
-4.978540
-4.982588
-4.991099
4.656403
-4.965832
4.968971
-4.950755
-4.968689
4.972372
4.977970
-4.926744
-4.987631
4.994217
-4.965438
-4.913734
4.959169
-4.986835
-4.977372
-4.944276
4.960396
-4.980564
-4.989699
4.977909
-4.986065
4.983598
-4.990335
4.944133
4.986174
-4.965781
4.962072
-4.958829
-4.964190
4.956925
4.945167
4.953668
4.955835
-4.959710
4.964137
4.305851
-4.980593
-4.981672
-4.972265
-4.996419
-4.954742
4.972030
4.943638
4.970890
4.956129
-4.980559
-4.985318
4.963738
-4.969716
-4.993602
-4.985708
-3.812027
4.981298
4.987719
-4.966922
-4.982085
-4.960052
-4.984055
4.819747
-4.974285
4.975105
4.985258
4.991838
-4.977647
4.968552
4.981005
4.970336
-4.961819
4.947785
-4.927899
4.851028
-4.961195
4.970563
-4.992999
-4.971254
4.928050
-4.870426
-4.975767
-4.974495
-4.332737
4.969766
-4.986779
-4.984061
-4.955479
4.989177
-4.979670
4.975109
-4.985174
4.987456
-4.980566
4.971144
-4.944373
-4.975726
-4.970208
4.975725
4.954563
4.994997
-4.983698
-4.989506
4.986264
-4.931402
-4.985835
4.986992
4.942541
4.990140
4.961278
-4.963413
-4.972583
-4.979408
4.977335
4.944130
-4.968809
-4.974229
-4.980733
4.982757
4.750183
-4.976987
-4.980292
-4.928002
-4.970898
-4.956342
-4.965853
4.993152
4.989050
-4.665212
-4.982825
-4.984712
4.978442
4.991881
4.977550
-4.986914
4.980617
-4.991128
4.959576
-4.980920
4.981138
4.962359
-4.991836
4.981174
4.954214
4.966576
-4.987944
-4.937806
-4.962755
4.974085
-4.986631
4.985733
4.983975
-4.922016
-4.967062
-4.992625
4.962629
-4.969431
-4.971856
4.975019
4.996830
4.884789
4.954050
-4.977604
-4.928033
-4.958303
4.991022
4.995638
4.976355
4.972155
-4.978288
4.970976
4.976785
4.994941
-4.953619
4.969362
-4.971847
4.989854
-4.994241
-4.898793
4.913540
4.982647
-4.980818
4.965835
-4.950485
-4.979141
-4.977385
-4.970774
4.971668
-4.990247
4.948624
-4.919482
-4.951446
4.914853
-4.964616
4.966568
4.952429
-4.974295
-4.964896
4.936873
4.989888
4.975682
-4.977177
4.809544
-4.959153
4.857134
-4.964417
-4.989377
-4.970319
-4.973396
4.921330
4.984365
-4.959739
4.949800
-4.980815
4.976957
-4.944943
4.975425
4.970190
4.992770
4.986776
-4.974628
-4.971805
-4.945179
4.966336
-4.991123
4.955164
-4.980387
-4.857442
-4.965166
-4.978027
-4.968644
-4.922539
-4.968317
4.985956
4.977611
4.940309
4.983168
-4.968282
4.941342
-4.991222
4.990086
-4.990249
-4.991169
4.955117
4.984259
-4.967427
-4.976969
4.982131
4.965838
4.958078
4.992118
4.984693
-4.975794
4.974713
4.988463
-4.964158
-4.937838
-4.975862
-4.968962
-4.988101
4.952536
4.990323
-4.969416
-4.938353
-4.954858
4.950554
4.955430
4.964526
4.978915
4.985781
-4.959062
4.848760
4.989796
4.978685
4.976088
-4.956556
-4.979978
-4.969137
-4.515996
-4.994824
4.987910
-4.979145
4.991756
4.978779
-4.976012
-4.972782
-4.899555
-4.984034
-4.986592
4.985506
-4.989882
4.986687
4.693896
-4.953239
4.992166
4.978552
-4.974091
-4.985526
-4.980548
-4.978951
4.977396
4.961334
4.857209
-4.965417
-4.980903
-4.968855
4.930853
-4.982147
-4.994354
-4.973111
-4.970278
4.988080
-4.979556
-4.979429
-4.965309
4.946781
-4.974492
4.965116
2.144992
4.978072
4.991307
-4.973507
4.990363
-4.888790
4.983715
-4.960442
-4.940503
4.976630
-4.927732
4.921479
4.994328
-4.937710
4.949155
4.992289
4.946688
-4.964850
4.733512
-4.970830
-4.975931
-4.967461
4.957667
4.986359
-4.956262
4.995787
-4.995272
-4.960453
4.853386
-4.953078
-4.951413
-4.949036
4.992979
-4.987661
4.993409
-4.951606
4.254157
4.968347
-4.992833
4.971759
-4.973434
-4.971473
-4.985802
-4.346331
4.984670
-4.649824
-4.954156
4.945109
4.995735
4.974189
4.976171
-4.978099
4.929824
4.976734
4.973384
-4.977097
-4.982267
-4.975011
4.986398
-4.965402
4.968880
-4.978914
-4.177304
4.972443
4.950138
-4.866909
4.813691
4.985498
4.951768
-4.982304
-4.988269
-4.978072
-4.969613
4.963869
4.957877
-4.966090
-4.980346
-4.659560
4.984725
-4.945300
-4.963289
4.979106
4.982649
4.990814
4.989324
-4.979639
4.940700
-4.963260
4.972305
-4.981945
-4.977710
-4.985047
4.962294
-4.958507
-4.981135
-4.990043
-4.975849
-4.970698
-4.976189
4.994782
4.926033
4.960039
4.990905
-4.968253
-4.970441
-4.969015
4.966042
-4.976123
4.965579
-4.946316
-4.980211
4.994536
-4.969289
-4.988238
4.967321
-4.941451
4.974924
4.975721
-4.987348
4.967235
-4.976758
4.979280
-4.959952
-4.982815
-4.982526
4.956037
-4.987140
4.960323
4.968426
-4.990192
4.990926
4.977969
4.922992
4.987108
4.931578
4.993731
4.961002
-4.991959
4.983362
-4.969420
-4.924331
4.978707
-4.969650
4.978166
-4.954800
4.888401
4.950609
4.961180
-4.972310
-4.966902
-4.977673
-4.976858
4.989950
4.984933
4.971939
-4.978854
-4.988869
-4.991129
-4.968763
-4.963852
-4.968452
-4.966554
-4.981798
-4.970154
-4.961921
4.985517
4.957856
4.974200
4.975398
4.937255
-4.952166
4.975103
4.944715
-4.937843
4.989571
4.574309
4.973949
-4.973710
-4.977217
4.981936
-4.961516
-4.976604
-4.975463
-4.991197
4.982721
4.669067
4.966895
4.909177
4.970106
4.992895
4.980642
-4.969326
4.973544
4.951316
4.978940
-4.976274
-4.622918
-4.974560
4.953727
4.986107
4.973090
-4.991671
4.988489
4.991854
-4.984610
4.991704
4.968694
-4.830617
4.975909
-4.954484
-4.937841
-4.984486
-4.991959
-4.931752
-4.980790
-4.869169
4.982686
-4.972474
-4.969315
4.988540
4.989755
4.989006
4.969593
4.977542
4.989553
-4.969752
-4.981626
-4.974707
4.991762
-4.978444
4.960150
-4.975266
-4.976989
4.977666
-3.237470
-4.965161
4.983471
-4.953443
4.966007
-4.946376
-4.991902
-4.974533
-4.987823
-4.971317
4.988923
4.975075
4.930561
4.972336
4.972385
-4.972006
4.975843
4.954940
4.961154
-4.952636
-4.968108
4.949331
4.979723
-4.958797
4.986312
-4.984049
4.968918
-4.959204
4.947814
-4.983040
4.962605
4.979868
-4.979139
4.987743
-4.987104
4.986122
4.961812
4.965729
4.981034
4.980194
-4.963190
-4.986143
4.959489
4.973352
4.919993
4.942915
4.971430
-4.956601
-4.975284
-4.977869
4.982371
-4.977436
-4.992106
4.718941
4.963037
-4.989368
4.987271
-4.973763
4.985426
4.990329
-4.940717
4.989880
4.946195
4.955491
-4.961850
4.957554
-4.972190
4.989157
-4.973155
-4.971883
-4.974643
4.967959
-4.968193
4.910441
4.967552
-4.965839
4.991273
-4.969719
4.945230
4.988166
-4.970257
4.988702
4.981796
-4.927596
-4.966654
-4.969658
-4.626793
-4.964009
4.979500
4.968292
4.976507
4.974264
-4.992363
4.981586
4.904262
-4.984421
-4.965025
4.983662
-4.992255
-4.988026
-4.772637
4.959143
4.980226
4.943897
-4.989376
-4.987632
4.980343
-4.953577
4.974084
4.935994
4.992163
4.954628
4.975223
-4.988763
4.990949
-4.913141
4.991027
-4.982675
4.928047
-4.977595
-4.972962
-4.917010
4.968180
4.932905
4.981051
-4.974558
4.972737
4.990415
4.974284
-4.954448
4.977175
-4.897007
-4.951434
-4.987793
4.997266
-4.946632
-4.983687
-4.971967
-4.994112
-4.963873
4.990136
-4.975976
-4.991741
3.398492
4.980286
-4.955168
4.923545
4.978700
-4.978382
4.985095
4.927872
4.973426
4.990988
-4.953230
4.978515
-4.985380
4.979841
4.960747
-4.980757
-4.956303
4.974074
-4.981299
4.978697
4.954223
-4.963024
4.971006
4.954442
-4.979213
-4.926768
4.974720
4.977860
4.987099
4.992651
-4.993731
4.992466
4.975550
0.086490
4.981253
4.878117
-4.973212
4.957787
4.994122
-4.993660
4.987965
-4.975924
4.909244
-4.979787
4.983262
-4.984124
4.960012
-4.982464
4.676225
4.622950
-4.956110
4.972706
-4.983328
-4.954619
4.966811
-4.966326
-4.981365
-4.918712
-4.949300
4.987677
-4.951434
-4.930188
4.962228
4.990326
4.964623
4.971583
4.915229
4.984802
-4.918545
-4.962826
-4.986792
4.967233
4.993047
-4.953564
-4.993160
-4.948319
-4.972288
4.966572
4.993984
4.970219
4.994138
4.966615
4.971174
4.986033
-4.960132
4.991929
-4.992396
4.964578
-4.988338
-4.991516
-4.925573
-4.960528
4.962244
-3.935710
4.972491
-4.970689
-4.985794
-4.983660
-4.938457
-4.963981
4.989920
-4.979004
-4.901572
-4.970865
-4.983328
4.984690
-4.957542
-4.977239
-4.988190
-4.989614
-4.888536
4.976784
-4.994351
4.997751
4.983545
2.996101
4.982863
4.970525
4.986256
-4.976709
-4.987490
-4.969950
-4.961666
-4.968797
-4.989328
4.994018
-4.973130
4.993215
-4.965636
4.966198
-4.931511
4.990997
-4.988373
-4.959264
4.484339
4.956138
-4.962195
4.967164
-4.986196
-4.981206
4.986589
-4.930641
4.967301
-4.927334
-4.957277
4.985666
4.977251
-4.962218
-4.989644
4.985877
4.970063
4.966472
4.979386
4.986198
4.951944
4.963468
4.976590
-4.950257
-4.966937
-4.968605
4.971933
-4.963990
2.701592
-4.970332
4.952146
4.982559
-4.969246
4.961899
-4.983481
4.986520
4.935027
-4.994291
4.925202
-4.984635
-4.971286
-4.968031
-4.977798
-4.981713
-4.987300
4.971468
4.939514
-4.939769
4.910305
-4.967803
4.971185
4.990206
-4.989026
4.975293
-4.982616
-4.975206
-4.948146
-4.954596
-4.934861
-4.946210
4.971910
4.969865
4.989457
4.991289
4.912585
4.948600
4.977337
-4.968333
4.943673
4.961808
4.749156
4.964523
-4.964628
4.952401
-4.963006
4.382674
-4.975415
-4.935090
-4.977295
-4.967637
-4.982039
4.838761
-4.972884
4.971629
-4.995652
-4.987289
-4.996729
-4.959762
4.990127
4.966405
4.975782
4.972344
4.978503
-4.991572
4.859900
4.981536
-4.913935
-4.872406
-4.974373
-4.979080
4.937138
0.022852
4.989732
-4.985161
-4.947705
-4.974378
-4.989654
-4.990556
-4.951262
4.972023
-4.958063
-4.944160
4.962293
4.983296
4.981154
4.994252
-4.988887
-4.976551
4.989067
4.988606
-4.970075
-4.991495
-4.993018
4.946903
-4.957829
4.979285
-4.990820
-4.978341
-4.973814
4.969982
-4.980513
4.997375
-4.986972
-4.979839
-4.969831
-4.975007
4.977018
4.987834
4.944514
4.970164
4.931563
4.935962
-4.993007
-4.990220
-4.979078
-4.982172
-4.964448
4.884212
4.989571
-4.962286
-4.971375
-4.961195
4.982046
4.964677
-4.920949
4.963324
4.990306
4.989191
-4.976171
4.983483
-4.963711
4.985516
4.955978
4.963684
-4.988971
4.948779
4.970712
-4.915448
4.960675
4.961485
-4.981378
4.991130
-4.969869
-4.991328
-4.961227
-4.963246
4.986400
-4.962163
4.953692
4.977180
4.966471
-4.964138
-4.927600
4.984589
4.977249
-4.956311
4.974631
4.974111
-4.974319
4.866646
4.995129
-4.991477
4.987451
4.968707
-4.974345
4.958808
-4.974160
-4.964930
-4.952775
4.961722
-4.961116
-4.957708
4.966264
-4.978849
-4.968865
4.980686
4.991422
4.946199
4.961522
4.978533
4.948365
-4.994420
4.937043
4.966054
-4.975364
4.944818
-4.989893
4.987941
4.981571
4.977681
4.973890
-4.990927
-4.990254
4.970061
-4.966899
-4.968938
-4.958082
-4.964006
-4.965301
4.938883
-4.981057
-4.938165
-4.967737
-4.967596
-4.981191
4.980128
4.957976
-4.972023
4.969726
4.738389
-4.974736
4.990279
-4.928872
-4.980074
4.747468
-4.970251
4.938143
-4.968476
-4.987728
4.989947
4.957409
4.996723
4.809088
4.976738
-4.947455
4.966015
4.949471
4.992145
4.949109
-4.961980
4.974168
-4.947174
-4.979773
-4.969655
-4.889913
-4.977350
4.987623
4.979481
-4.977929
-4.923520
4.991627
4.968854
-4.984114
-4.971516
4.979578
-4.964829
4.987696
4.979851
-4.983782
-4.936662
4.987039
4.947454
-4.977825
4.978918
4.978244
-4.984454
4.969594
4.970222
-4.982626
4.975250
4.966814
-4.996304
4.973827
4.902774
4.993042
4.961730
4.980110
4.958315
-4.989717
-4.994748
4.983061
4.980273
-4.987373
-4.978454
4.941747
4.964484
4.896856
4.968284
4.969266
-4.995866
4.929986
4.965271
4.944268
4.992007
-4.966808
4.959491
-4.986376
4.991924
4.984234
4.981790
-4.979470
-4.985680
-4.974850
-4.961401
-4.978935
4.989819
4.990582
4.993859
-3.251466
-4.984969
4.971832
4.975801
4.964323
4.983991
4.948064
4.985298
4.965913
4.954421
4.985705
-4.928781
-4.952555
-4.982126
-4.964745
4.960082
4.973814
-4.970400
-4.958272
0.515537
4.967370
-4.976347
4.941884
-4.959837
4.934013
4.933712
-4.978248
4.970711
-4.950893
4.960658
4.973323
-4.991415
-4.966474
4.946977
4.917205
4.970856
4.994865
-4.975608
4.983052
4.958760
-4.993428
4.974323
-4.971588
-4.928527
4.971097
-4.959810
-4.967637
4.988857
4.981907
-4.973262
-4.981687
-4.990756
4.988409
4.971458
-4.933201
4.974454
-4.971060
4.972454
4.991143
4.995779
-4.968693
-4.984901
4.969829
4.933994
-4.964887
-4.962283
-4.517891
4.964663
4.865076
4.985330
-4.991322
4.978762
-4.978194
-4.974445
-4.980763
4.976587
-4.977568
4.938417
-4.980714
-4.968344
-4.970197
4.963050
4.991118
-4.984974
4.972895
-4.980272
-4.956076
4.964539
4.949407
-4.983744
-4.963473
-4.972616
-4.969223
4.990238
-4.948807
4.977255
-4.976908
-4.992525
-4.976614
-4.964636
-4.969944
4.977586
4.992627
4.986569
4.992998
4.962184
4.983457
-4.903864
4.992821
-4.968221
4.818822
-4.975320
-4.993138
4.979388
4.958937
4.972641
4.976818
4.995665
-4.986699
-4.973845
-4.969113
-4.984448
-4.973641
-4.986385
-4.974947
4.959140
4.976004
4.952082
-4.982030
4.968915
4.982749
-4.970644
4.970995
-4.982418
4.983111
4.993485
4.986066
4.987668
4.966993
-4.945956
4.976324
-4.994274
-4.975072
-4.984312
-4.990834
4.969538
4.961101
-4.978242
-4.988261
4.746218
-4.975174
4.971947
-0.897930
4.783354
4.985375
4.971285
-4.982875
4.981252
-4.982489
-4.992362
4.991622
-4.942592
-4.991604
4.993912
-4.976746
-4.955890
-4.968149
-4.933817
4.934498
4.952386
4.989313
4.986510
-4.990904
-4.960481
-4.967025
-4.987941
4.963370
4.989609
4.981695
4.990644
4.978417
4.985202
-4.997082
-4.964752
-4.913036
4.991023
-4.980828
-4.985436
4.979659
4.974769
-4.980523
-4.971558
4.954605
-4.985697
-4.990740
4.978608
-4.962977
4.872333
4.987280
-4.970652
-4.976046
4.985870
-4.953745
4.945186
-4.985439
4.984586
-4.982836
-4.909061
-4.973499
3.416932
4.971735
4.967098
-4.952706
-4.972864
-4.935805
-4.981242
4.931986
-4.977242
4.973132
4.889138
-4.964579
-4.967478
4.990466
4.980619
-4.635033
4.930390
4.961416
4.978703
-4.981143
-4.988646
-4.985326
4.960798
-4.900701
4.978819
-4.968754
-4.952523
-4.986473
4.971998
-4.980123
-4.978693
-4.937581
-4.955894
-4.971826
4.982358
4.960916
-4.963787
-4.501833
-4.940045
-4.991089
4.950190
4.973720
-4.987504
-4.970357
4.994357
4.973456
-4.981134
-4.987803
4.972182
4.990532
4.957340
-4.974558
-4.985426
4.971753
4.973485
4.975470
-4.724473
4.898322
4.981275
-4.987581
4.970467
-4.972623
4.954328
4.981134
4.930277
3.793574
4.992538
4.986263
4.960729
4.977037
-4.991081
4.981581
-4.563871
-4.973897
-4.974115
-4.989043
4.976224
-4.824864
4.982592
4.926517
4.964348
4.976842
4.990355
4.970588
4.971004
-4.964985
4.981525
-4.989478
4.951657
-4.984925
4.974623
4.965661
4.957503
4.984189
-4.964544
-4.992362
-4.976399
4.934149
-4.981908
-4.994187
4.985662
4.984754
4.960705
4.977339
4.977657
4.982311
-4.987783
4.958628
4.695313
4.990350
-4.973763
4.974391
4.964435
4.910194
-4.977804
4.958262
4.984567
-4.464470
-4.985425
4.986696
4.964118
-4.994867
-4.956054
4.775524
-4.983634
-4.966435
-4.973163
-4.985649
4.905040
4.952907
4.970213
4.983223
4.977980
-4.961683
4.961093
4.986224
-4.837940
4.979754
-4.979838
-4.995278
-4.988046
-4.991386
4.925727
-4.981191
4.967895
-4.963567
4.991651
-4.928958
-4.968166
-4.978635
-4.981398
4.961133
-4.985224
4.959766
-4.985146
-4.993956
-4.962845
4.982455
4.933758
-4.989341
4.978232
4.973700
4.985468
-4.979707
-4.981402
-4.976153
4.967283
-4.989071
-4.990103
-4.953595
-3.409891
4.991906
-4.978686
-4.875009
-4.980592
4.891605
-4.896769
-4.984743
-4.977886
-4.980789
-4.986340
4.987665
4.990476
4.946202
4.979136
4.961131
-4.964634
4.947726
4.912915
4.968927
4.930640
-4.977544
-4.987343
-4.959462
-4.923832
-4.969628
4.949569
4.982480
-4.978739
4.979593
4.533509
-4.992547
4.976451
4.973362
4.982998
-3.676394
4.976774
4.984033
4.991553
-4.978348
4.968607
4.955255
4.991873
-4.471600
-4.953714
-4.961103
-4.987783
-4.956394
-4.978824
4.966236
-4.974840
4.906535
-4.983243
4.958648
4.982129
-4.949378
4.955150
-4.970091
4.975346
-4.468304
4.970932
-4.973544
4.949463
-4.972970
-4.984810
4.979446
-4.980414
4.960281
4.972234
-4.981284
-4.990069
-4.944001
-4.985075
-4.973853
-4.966481
-4.942421
-4.961816
4.898262
4.967238
4.960605
-4.988293
4.965115
4.972111
4.977837
-4.984789
-4.951334
4.979141
4.973508
4.994279
-4.949024
4.990659
-4.961566
-4.984730
4.976684
4.988055
4.972161
-4.922510
-4.962842
-3.649396
4.987801
4.977844
4.947396
-4.984520
-4.965354
4.969822
4.951560
4.962161
-4.970256
4.977080
-1.288080
-4.977440
-4.966747
4.959181
-4.991111
4.981771
4.986894
-4.982170
4.930845
-4.981375
4.982890
-4.967804
-4.508591
-4.973063
-4.982886
-4.989006
-4.965717
-4.964496
4.964564
-4.961966
4.995741
4.990320
-4.963020
4.981254
-4.946671
4.965154
-4.959066
-4.980570
4.980561
-4.976792
4.888507
4.993904
-4.986724
4.975089
4.967740
4.983666
4.959388
-4.976558
-4.987363
-4.906653
-4.984666
-4.965196
4.955324
4.960161
4.962963
-4.980852
4.973146
-4.967781
-4.983085
4.977622
4.967316
4.966171
-4.939544
-4.980395
4.998809
-4.972624
4.982694
4.985154
4.972189
4.983422
4.994860
-4.983947
4.968411
4.914316
-4.978653
-4.958179
4.994950
4.982349
4.968650
-4.984065
-4.960451
4.991030
4.981911
4.969798
4.919170
4.971620
-4.933189
-4.990043
4.987097
-4.968701
-4.990151
-4.951210
-4.969697
4.959582
4.987254
4.989551
4.987807
4.932356
4.954153
-4.971716
-4.953759
-4.989539
-4.968150
4.988861
-4.979957
-4.966877
4.977108
4.983001
4.951914
-4.984113
-4.017805
-4.928530
4.974114
4.978235
4.983996
4.867165
-4.989066
-4.979215
-4.958504
4.984164
4.992474
-4.928552
-4.980115
-4.950293
-4.974971
4.983480
4.929000
-4.957466
-4.993094
4.984054
-4.977381
4.975848
-4.988547
4.844955
4.974288
4.964366
4.981805
-4.922462
-4.980122
-4.979814
4.985718
-4.980204
-4.960230
-4.967849
4.966912
-4.976800
4.916578
4.960846
4.984649
-4.975784
-4.975865
-4.971257
-4.968853
4.993320
4.948567
4.974605
-4.991575
-3.231723
4.982360
-4.975862
4.974145
4.990794
-4.983457
4.992233
-4.986943
-4.978343
-4.936061
-4.204260
4.973010
4.981428
4.977639
-4.901411
-4.992652
-4.992486
-4.984604
4.971098
4.964551
4.970106
-4.966857
4.985896
4.944258
4.978989
4.986065
-4.963030
-4.901829
-4.960764
4.988311
-4.970255
4.966653
-4.986635
4.933775
4.966170
4.984508
-4.973266
4.920554
-4.986369
4.977139
-4.987733
-4.966530
4.984585
4.973540
-4.978171
4.989750
4.982397
4.984471
4.928816
-4.978020
-4.991998
-4.988497
-4.941581
-4.969688
-4.984968
-4.993331
4.985481
-4.966641
-4.986560
-4.936547
-4.946086
4.990385
-4.973439
-4.979595
4.956674
4.961929
4.973256
4.960057
4.967330
-4.992800
-4.983750
4.973164
4.981319
-4.956855
-4.972274
4.970255
4.964620
4.988307
-4.864256
4.967553
4.974330
-4.972726
-4.974979
-4.962883
4.984347
4.962426
4.995162
4.937024
4.988929
-4.941951
-4.986141
-4.979856
4.979714
4.992519
-1.549748
-4.990567
-4.983902
-4.971171
4.977018
4.964597
4.969257
-4.980607
4.979505
-4.974015
4.973835
-4.971167
-4.973703
-4.977263
4.976719
4.987041
-4.987942
4.963193
-4.977388
-4.888517
4.957296
-4.939968
4.869152
4.947035
4.941905
4.952359
-4.980810
4.964407
-4.952348
4.942641
-4.908067
4.990878
-4.977282
-4.950643
4.968794
4.967625
4.966779
-4.947611
4.990043
4.966128
-4.985146
-4.988146
4.979014
-4.956663
4.976438
-4.982294
4.979513
-4.962963
-4.966352
-4.547634
4.969980
-4.973158
4.981378
4.977983
4.095492
4.989320
4.975902
-4.957752
-4.962542
4.952025
-4.983005
-4.986145
-4.949134
4.937599
-4.970700
4.959452
-4.977519
4.976893
-4.983305
4.967079
4.984079
4.980613
-4.986141
4.962387
-4.928891
4.964020
-4.957956
-4.958581
4.938481
-4.974703
4.985776
4.957566
4.979280
-4.984908
4.981532
4.928722
-4.988534
4.969218
4.986091
4.994991
4.963648
4.983002
3.397440
4.965509
-4.943630
4.986821
-4.949296
4.987134
-4.967629
-4.944934
4.985011
-4.996009
4.983396
-4.953090
-4.954954
-4.964356
-4.964244
-4.975330
4.965062
4.939649
-4.969018
4.959119
4.980673
-4.973469
-4.954367
-4.961949
-4.974015
-4.996399
4.939266
-4.980317
-4.967075
-4.984501
-4.991877
4.997119
-4.987197
4.931824
4.981540
-4.980092
-4.982101
-4.139999
-4.994914
4.995298
4.979340
-4.986319
-4.965916
4.921560
-4.985819
-4.990538
4.965179
4.985369
4.969181
4.969965
-4.972201
4.963825
-4.961629
4.974844
4.984941
4.982733
4.964609
4.952118
4.992026
-4.987041
4.561730
4.824198
-4.980423
4.988492
-4.951574
4.994441
4.986446
-4.951299
-4.969678
-4.976687
-4.919079
4.828143
4.991755
4.973276
-4.922596
4.994573
-4.978547
-4.929833
-4.988251
-4.974623
4.976460
4.990172
4.975155
-4.888117
-4.977002
-4.107617
1.557797
-4.972974
-4.949177
-4.794040
-4.978009
4.991173
4.316291
-4.969589
-4.949907
-4.937340
-4.973443
-4.965104
-4.897819
4.944000
4.979011
-4.988451
4.842519
-4.983870
-4.967840
4.995053
4.986673
4.971235
4.986941
4.993654
-4.962371
-4.761147
4.961102
4.952953
-4.988240
-4.970143
4.910204
4.967268
-4.985497
-4.968670
4.973899
-4.957895
-4.964041
-4.980570
4.966197
-4.968296
-4.965912
4.958158
4.912616
4.932180
-4.972198
4.989367
-4.984563
4.970460
4.856945
4.965963
4.991227
-4.947671
4.990574
4.993565
4.976518
4.964243
-4.978449
4.959403
4.990592
-4.988916
4.971811
4.978180
4.975429
-4.973072
4.974277
-4.966728
4.967500
-4.947097
4.958391
-4.989778
-4.975790
4.984690
-4.962482
4.970250
-4.984648
-4.898838
-4.974103
4.902961
-4.970914
4.945722
-4.872599
-4.963645
-4.960655
4.969888
4.843485
-4.972662
-4.972633
4.963545
-4.968929
4.948722
-4.959252
4.930652
4.987930
4.966204
-4.935043
-4.956378
4.963322
-4.968574
4.979135
4.964323
4.962222
-4.967125
-4.966455
-4.967777
4.966318
4.988856
-4.959738
4.967322
4.988635
-4.983536
-4.978257
-4.983152
4.996211
4.987675
-4.982358
4.987780
4.964535
4.964744
-4.901391
-4.969325
4.941051
4.972607
4.931379
4.856771
4.977160
-4.981470
-4.919791
4.983547
-4.956680
-4.982508
-4.956353
4.906894
-4.982607
-4.993818
-4.963520
-4.975956
-4.975886
-4.965660
4.966148
4.970358
-4.983464
-4.962226
-4.983990
4.984669
-4.947161
-4.985740
4.954673
4.976143
4.960432
-4.985641
4.984716
-4.967872
4.985450
-4.973536
-4.987478
-4.977194
-4.974209
4.982985
-4.982401
4.943845
-4.964067
4.973028
-4.985650
4.980844
4.979875
-4.975621
4.970498
-4.715772
-4.675573
4.989774
-4.836657
4.975857
-4.954446
4.994363
-4.989475
4.957539
4.977006
-4.984730
4.973939
4.994658
-4.984749
-4.971315
4.969372
-4.964138
-4.970419
4.968361
4.961172
-4.976002
4.960718
4.963776
4.944926
4.993374
4.957530
-4.981080
-4.980641
-4.987421
-4.940491
4.978466
-4.971507
-4.978243
4.962925
-4.979618
4.692241
-4.987438
-4.976795
4.974631
-4.971511
-4.969409
4.994774
4.968091
4.962066
4.987236
4.994617
-4.985780
-4.992812
-4.989338
-4.983790
4.944418
-4.914089
-4.988743
-4.940887
-4.931198
-4.980724
-4.976932
-4.972888
4.972767
4.965498
-4.957974
4.871684
-4.968609
4.970590
-4.957751
4.956530
-4.966884
4.988478
4.974482
4.963219
4.925832
-4.983450
4.950346
4.957280
4.979451
-4.974019
-4.987524
-4.975031
-4.973294
4.962167
4.973027
-4.977159
-4.965045
4.977097
-4.990170
4.977476
-4.986346
-4.976892
-4.978396
4.978235
-4.981742
4.961454
-4.962088
4.975568
4.967381
4.970772
-4.965869
-4.954467
4.988204
-4.989060
-4.958717
-4.994637
-4.982741
-4.959199
-4.975075
-4.974898
-4.982129
-4.977059
-4.953996
4.957426
4.990803
4.931697
-4.946772
4.974150
-4.979347
4.979209
4.987644
-4.994502
4.978553
4.972070
4.989257
4.972764
-4.988230
4.897855
-4.975402
-4.988715
4.891766
3.847552
-4.987592
4.988992
4.959253
4.963841
4.841198
4.962711
4.990672
4.987878
-4.925896
4.981347
-4.957692
3.689966
-4.972427
-4.980143
4.936420
4.983466
-4.930398
-4.964451
-4.989443
-4.982707
4.988593
-4.995308
-4.991313
4.950080
-4.993695
-4.967831
4.981156
4.950518
-4.977982
4.967866
4.964815
-4.960227
-4.981010
4.989642
-4.991730
4.973005
4.971045
-4.971800
4.975660
-4.965174
4.968105
4.971676
4.976182
-4.993055
4.926552
4.983525
-4.870075
-4.986753
-4.975665
-4.985571
4.984856
-4.979824
4.978102
-4.980660
-4.832535
-2.849528
4.985873
4.932482
-4.947318
-4.986194
4.979451
-4.973849
4.913548
4.992139
4.962976
4.964042
-4.990703
4.960883
4.969788
-4.988768
4.991684
4.975834
-4.980002
-4.970277
-4.965222
-4.961666
-4.989230
4.989307
-4.977985
4.831038
4.995960
4.905157
-4.917455
4.978624
-4.982173
4.984551
-4.986455
4.968058
-4.981790
-4.989681
4.954285
-4.980617
4.950761
-4.970269
-4.980828
4.937034
4.972372
4.958451
4.965987
4.974549
4.961097
4.988565
-4.973993
4.971719
4.989921
-4.969567
4.991005
4.970964
-4.963670
-4.850971
-4.977038
4.985384
-4.981114
-4.955705
4.961629
-4.982584
4.169115
-4.958370
-4.932737
4.901839
-4.971435
4.981053
-4.965240
-4.976328
4.975815
-4.924733
-4.960917
4.981867
4.970121
-4.978855
-4.971318
4.983133
4.978065
-4.240422
4.983924
-4.966907
-4.952335
4.968633
-4.951441
4.970782
-4.970103
-4.987408
-4.990694
4.956748
-4.949657
-4.992016
4.879792
4.983247
-4.989689
4.994502
4.983687
-4.575033
-4.988506
4.928527
-4.976730
-4.983867
4.975270
4.959017
-4.982621
-4.987830
-4.995314
-4.962548
-4.972553
-4.954805
4.991699
-4.966620
4.965731
-4.934462
-4.979383
4.986224
-4.989796
4.995182
4.985674
4.966592
4.963341
4.975434
4.960963
-4.990333
-4.974728
4.945101
4.982895
4.987787
-4.976971
-4.974118
4.982243
-4.920362
-4.982882
4.971862
4.948863
-4.963696
4.949059
4.993412
-4.991673
4.963097
4.959822
4.962778
-4.981630
-4.956962
4.909948
-4.960537
-4.970991
4.971860
-4.994947
4.966456
4.975033
-4.989027
-4.992794
-4.969088
4.979190
4.826368
4.969787
4.986306
4.986855
4.984501
4.995318
4.962286
-4.854413
-4.973848
-3.480634
4.975494
-4.975775
4.950592
-4.976285
4.976237
-4.969104
4.949456
4.948836
-4.976911
4.947609
4.962545
4.952568
-4.964759
4.967734
4.953939
-4.978727
4.794825
4.978869
4.962227
4.983225
-4.977710
-4.981122
4.983232
-4.959467
-4.961446
-4.978580
-4.976477
-4.971062
-4.963225
-4.930929
4.976857
4.970762
-4.969111
-4.963198
4.955818
-4.981385
4.989738
4.976796
4.966454
-4.882718
-4.979809
4.977762
-4.991670
-4.748718
4.990762
-4.940638
4.990067
4.966898
4.961257
4.995394
4.986782
4.977525
-4.956907
-4.973329
-4.977853
4.974332
-4.969822
-4.994235
4.942191
4.992911
4.986368
4.975100
-4.986270
4.990939
-4.993593
4.981811
4.989125
4.970584
4.988530
4.972121
-4.977356
-4.978742
4.962117
4.985887
4.956922
4.968110
4.980339
-4.966361
4.986830
4.976187
4.979860
-4.971933
4.933633
-4.990019
-4.968802
4.976299
4.972923
-4.991577
4.947451
4.965757
-4.942616
-4.989629
-4.981598
4.971239
-4.951837
-4.974142
-4.953061
4.964371
4.982086
-4.976154
-4.961101
4.976473
-4.975353
4.077802
-4.923213
-4.970364
-4.966003
4.940965
4.986633
-4.992669
4.973147
4.980271
-4.981242
4.964916
-4.971917
4.986404
-4.975768
-4.953329
4.984405
-4.958284
4.931931
4.976878
-4.982142
4.975866
-4.861429
-4.929423
4.985104
-4.980682
-4.968976
-4.978268
4.983152
4.974530
-4.992728
-4.969745
4.953346
-4.989817
4.954770
4.960676
4.973142
4.984619
-4.982842
4.970447
-4.992546
4.983698
4.964515
-4.980973
4.955612
4.996023
-4.964181
-4.978939
-4.971083
-4.988351
4.929732
-4.961987
4.972423
4.971503
4.984143
4.981214
4.965667
4.941306
4.967767
-4.964928
4.984111
-4.947576
-4.962118
-4.987597
-4.982589
-4.978945
-4.992388
4.991518
-4.877256
-4.973646
4.962717
4.973996
-4.955001
-4.980040
4.987335
4.970887
-4.995024
-4.977579
-4.964991
4.984889
4.966762
4.960917
-4.961155
-4.943239
4.975209
4.957558
4.965432
-4.859875
-4.980257
-4.979608
-4.979998
4.967784
-4.984788
4.992635
4.958623
-4.979649
-4.988867
4.977964
4.987302
4.973038
4.971690
4.973675
-4.960379
4.965266
4.985193
4.968676
4.982617
4.972428
-4.970536
-4.959092
4.888111
-4.963482
4.965669
-4.960064
-4.983563
-4.940633
4.948477
4.974103
4.978304
-4.962671
4.972355
4.302379
-4.974900
4.992701
-4.959606
4.986851
4.973350
-4.980202
-4.936488
4.991246
4.970771
4.981883
-4.988357
-4.959449
4.973285
4.951189
-4.970905
-4.986750
4.979226
4.981261
4.983028
4.963526
4.965069
-4.995697
-4.969898
4.965971
-4.978239
-4.990253
4.451759
-4.256318
-4.943179
-4.988751
4.989844
4.993504
4.987610
4.990677
4.979881
4.984920
4.994607
4.972937
4.963854
-4.986650
4.963324
4.877137
4.970703
-4.982433
-4.975377
4.980279
-4.976657
-4.970151
4.976546
4.970455
-4.981367
-4.983733
-4.983914
-4.941404
-4.955172
1.761054
-4.932642
4.979618
4.982278
-4.971973
4.973657
4.989934
-4.989687
4.964798
4.967284
4.982524
4.973575
4.956187
-4.993083
-4.981005
4.969218
-4.998656
4.972818
4.987768
4.962263
-4.971434
-4.961365
4.990479
4.966691
-4.974978
4.963617
4.981550
4.983654
-4.977081
4.983134
-4.934697
-4.982107
-4.993967
4.984856
-4.946539
-4.958702
-4.928818
4.979314
4.971594
4.985601
-4.519078
-4.979744
4.982116
4.970087
-4.978099
4.963063
4.972518
4.980969
-3.499577
-4.951226
-4.965108
4.976756
4.979297
4.978315
-4.994598
-4.984759
-4.987319
4.942814
-4.986793
-4.963295
-4.988113
-4.943165
4.970252
4.990875
4.969846
4.780236
4.981763
4.958669
-4.981278
4.964154
4.971399
-4.928414
-4.949871
4.946797
-4.975224
4.237131
-4.970971
4.968458
4.989443
4.986653
-4.985053
4.991543
4.977520
4.974537
-4.989098
4.972284
4.920123
4.993631
4.983399
4.959365
-4.969743
2.069286
-4.976591
-4.985607
4.954780
4.979155
4.978844
4.990138
-4.997589
4.977297
4.981979
-4.955571
4.954029
4.964419
4.978200
4.995839
-4.995549
4.984077
4.960058
-4.983380
4.966038
4.966278
-4.957071
2.763415
-4.967957
-4.347683
-4.957450
-4.986433
4.959757
-4.968312
4.970299
-4.970176
4.980544
-4.941956
4.974259
4.972599
4.992784
4.988565
-4.943143
-4.955143
4.994194
-4.949422
-4.972588
-4.981638
-4.953722
-4.988697
-4.951007
-4.976362
4.980351
-4.977859
-4.987707
-4.954135
-4.955626
4.975506
4.964334
4.989447
-4.983454
4.962938
4.560112
4.971313
4.951117
-4.987331
4.971078
-4.971656
-4.984001
4.988567
4.973763
4.993691
4.974812
-4.969836
4.983919
-4.965876
4.978429
4.980540
4.938152
4.983599
4.967433
4.967326
-4.966733
4.926587
4.973565
-4.984280
4.982562
4.988298
4.868663
