9.000000	0.200000	50	0.100000	ARCHIVOS_REDES\ER\ER_685.txt
8.892142	0.195084
8.905860
8.999998
8.688950
8.990542
8.927357
8.978733
8.972627
8.937147
8.982910
8.869791
8.971949
8.854510
8.804656
8.936626
8.960434
8.850922
8.918261
8.973477
8.871204
8.997932
8.946477
8.978122
8.958037
8.820450
8.961889
8.570847
8.987245
8.945723
8.919311
8.774766
8.888454
8.911279
8.753128
8.992704
8.989617
8.944183
8.976485
8.999940
8.840752
8.558064
8.897215
8.997064
8.982832
8.995511
8.953858
8.760478
8.870965
8.999478
8.929720
8.989574
8.637165
8.994231
8.998060
8.802787
8.966987
8.839701
8.988213
8.866023
8.978302
8.944036
8.971792
8.686714
8.945428
8.984715
8.435650
8.636603
8.983904
8.923305
8.830571
8.959992
8.998355
8.786210
8.939018
8.985721
8.786909
8.996575
8.998780
8.578957
8.978685
8.999085
8.642259
8.980637
8.991541
8.963130
8.675557
8.998881
8.890853
8.999977
8.910672
8.995499
8.872784
8.977839
8.991211
8.688075
8.969543
8.970626
8.822508
8.999756
8.704459
8.842061
8.980713
8.969641
8.859612
8.969154
8.880814
8.676831
8.995832
8.675601
8.918797
8.956417
8.970542
8.999994
8.999988
8.875271
8.958097
8.528478
8.974998
8.797906
8.981968
8.997922
8.936221
8.848038
8.551109
8.872516
8.920523
8.978086
8.991231
8.999896
8.980270
8.987037
8.959188
8.965804
8.986622
8.829494
8.182140
8.981631
8.989012
8.885272
8.993012
8.996124
8.963860
8.999770
8.898821
8.832660
8.975597
8.995163
8.928132
8.930631
8.970568
8.999982
8.963024
8.995923
8.982793
8.511199
8.787671
8.811980
8.681540
8.905548
8.805753
8.967962
8.998368
8.907004
8.980035
8.994575
8.999999
8.992739
8.999999
8.942519
8.901005
8.901832
8.945016
8.499571
8.664966
8.789444
8.916407
8.914172
8.999209
8.989487
8.706818
8.975928
8.996692
8.973682
8.992446
8.990608
8.976806
8.782387
8.999993
8.630774
8.975455
8.999913
8.659022
8.482300
8.908790
8.940054
8.972645
8.986837
8.843207
8.923948
8.994142
8.964131
8.774040
8.968972
8.983209
8.961027
8.998672
8.887501
8.982915
8.695839
8.395394
8.992349
8.905659
8.837283
8.956427
8.759984
8.999637
8.979885
8.999997
8.998229
8.995808
8.930387
8.997755
8.796221
8.986575
8.945349
8.987780
8.992416
8.999621
8.898735
8.984553
8.604721
8.562243
8.928475
8.975180
8.874530
8.964184
8.964400
8.987544
8.972412
8.978088
8.959473
8.995368
8.999661
8.836960
8.904486
8.990124
8.890612
8.965398
8.952694
8.965939
8.902097
8.688782
8.970686
8.921994
8.751669
8.387972
8.963614
8.929504
8.901416
8.989309
8.981169
8.998812
8.973316
8.996702
8.782207
8.999984
8.881233
8.980146
8.988477
8.871684
8.428804
8.975789
8.879463
8.984129
8.559872
8.783086
8.969834
8.981863
8.616224
8.988124
8.851370
8.909269
8.981867
8.993357
8.995612
8.948788
8.972557
8.975777
8.989325
8.948999
8.983367
8.984405
8.845077
8.998500
8.962559
8.940001
8.934971
8.967933
8.869623
8.962349
8.645345
8.970762
8.902328
8.993088
8.999999
8.970038
8.897419
8.999197
8.999966
8.778421
8.922572
8.936531
8.991889
8.606393
8.929883
8.941033
8.932828
8.991474
8.974286
8.998076
8.802624
8.958918
8.927954
8.982177
8.916576
8.999998
8.703223
8.980080
8.899406
8.923333
8.982398
8.991198
8.830465
8.918394
8.967142
8.582515
8.937203
8.889179
8.951661
8.963074
8.831125
8.829784
8.917292
8.961007
8.979098
8.889909
8.934138
8.990956
8.986212
8.983248
8.964271
8.990413
8.892571
8.979210
8.874702
8.999973
8.409007
8.930148
8.815789
8.989946
8.998123
8.967371
8.987063
8.998391
8.993069
8.950934
8.757817
8.982541
8.968912
8.974798
8.991301
8.823785
8.920826
8.999623
8.741812
8.970832
8.363429
8.989315
8.492839
8.983844
8.976955
8.930588
8.712981
8.967247
8.910025
8.784820
8.973891
8.999824
8.999983
8.622284
8.997160
8.999873
8.965369
8.990423
8.989283
8.539226
8.811944
8.344496
8.993549
8.982334
8.750913
8.977998
8.960106
8.972544
8.999951
8.976618
8.853063
8.991840
8.952208
8.979422
8.273933
8.712974
8.980270
8.929421
8.877054
8.968691
8.585850
8.874858
8.951973
8.596862
8.707276
8.391721
8.881060
8.993453
8.981335
8.999999
8.999580
8.999614
8.793251
8.972201
8.924514
8.949165
8.934538
8.824058
8.769047
8.999897
8.964057
8.657424
8.993942
8.987361
8.985309
8.950810
8.996474
8.939898
8.829358
8.999901
8.994700
8.997821
8.797241
8.463790
8.998162
8.999003
8.984493
8.996033
8.925889
8.800431
8.966799
8.999999
8.948905
8.354638
8.852623
8.955820
8.999812
8.900230
8.790024
8.993131
8.991294
8.603445
8.999519
8.683166
8.933325
8.997660
8.961573
8.971242
8.737737
8.971673
8.894438
8.473091
8.980646
8.976184
8.999915
8.912166
8.981771
8.988716
8.553585
8.941252
8.993261
8.473719
8.967852
8.682324
8.961917
8.928359
8.862965
8.930095
8.924164
8.991353
8.999677
8.955948
8.388477
8.999238
8.762647
8.996428
8.968920
8.999980
8.567000
8.975293
8.996186
8.989798
8.942446
8.993668
8.976166
8.976144
8.861902
8.448981
8.961937
8.983484
8.859578
8.993933
8.964224
8.944831
8.449997
8.956411
8.980867
8.999939
8.847137
8.998521
8.973944
8.977931
8.822323
8.631069
8.850438
8.988041
8.981661
8.746990
8.902092
8.985811
8.954411
8.950005
8.893000
8.955817
8.999991
8.856541
8.851795
8.870923
8.963526
8.604758
8.849359
8.969336
8.843684
8.563861
8.995692
8.698279
8.995615
8.975921
8.927222
8.972580
8.901888
8.459194
8.900541
8.998856
8.984446
8.944018
8.999983
8.983750
8.995835
8.904472
8.955045
8.929560
8.995853
8.898572
8.859663
8.990589
8.975759
8.592295
8.918952
8.957954
8.981257
8.921890
8.999466
8.735620
8.931903
8.999215
8.753468
8.952264
8.682520
8.968535
8.828150
8.977786
8.882045
8.976369
8.984731
8.998079
8.970281
8.603609
8.588230
8.951970
8.999698
8.979945
8.951314
8.999646
8.851167
8.941476
8.587864
8.848059
8.492066
8.967619
8.905420
8.981954
8.999168
8.995059
8.077853
8.951270
8.874497
8.829580
8.961269
8.969052
8.908417
8.945151
8.998873
8.973693
8.999997
8.980000
8.786681
8.883927
8.962428
8.945199
8.978787
8.838347
8.951182
8.998209
8.958213
8.913048
8.906282
8.802527
8.983783
8.720467
8.938078
8.924532
8.870893
8.950377
8.934023
8.974064
8.974691
8.671729
8.354597
8.783190
8.997034
8.996686
8.941556
8.999996
8.769649
8.658893
8.984424
8.955210
8.984941
8.928866
8.995657
8.747322
8.977707
8.805951
8.956075
8.999993
8.944895
8.923033
8.019666
8.999247
8.886004
8.943106
8.938217
8.999778
8.981365
8.951674
8.995821
8.985938
8.959937
8.995856
8.809871
8.993666
8.966413
8.994312
8.991368
8.661529
8.702936
8.985872
8.999214
8.729324
8.994846
8.999842
8.940045
8.994649
8.956341
8.860131
8.949294
8.930158
8.983433
8.987248
8.852577
8.982630
8.997613
8.959402
8.495620
8.993115
8.707538
8.962807
8.984513
8.868617
8.996895
8.996095
8.814181
8.893493
8.790456
8.990563
8.999999
8.976838
8.495859
8.405670
8.910404
8.969456
8.952062
8.929023
8.984116
8.662838
8.969665
8.972239
8.998402
8.937206
8.941621
8.794091
8.089602
8.998344
8.975713
8.979957
8.978000
8.897827
8.999753
8.999999
8.990279
8.999955
8.968459
8.866318
8.717153
8.996510
8.981562
8.862622
8.971230
8.934208
8.963913
8.978202
8.889580
8.535810
8.970454
8.901669
8.973748
8.978197
8.770839
8.994793
8.646366
8.878506
8.998908
8.800053
8.948754
8.927102
8.897950
8.968885
8.999998
8.987281
8.882682
8.952901
8.957572
8.696944
8.983099
8.974897
8.953423
8.872553
8.999996
8.944229
8.720185
8.946822
8.857928
8.972136
8.981926
8.891550
8.964369
8.977254
8.952938
8.973345
8.971142
8.651009
8.980844
8.948911
8.857530
8.999819
8.562879
8.797474
8.988053
8.996335
8.906206
8.773381
8.959269
8.989418
8.999949
8.964646
8.965194
8.935969
8.956800
8.909185
8.975094
8.992653
8.916699
8.989786
8.815877
8.934344
8.775679
8.874316
8.948045
8.999816
8.998519
8.996457
8.963654
8.931832
8.804029
8.923747
8.876423
8.779377
8.999488
8.906084
8.999946
8.790198
8.730503
8.979439
8.972305
8.940057
8.996281
8.984689
8.975504
8.928749
8.980854
8.953658
8.882908
8.950679
8.965109
8.937515
8.999999
8.979521
8.820261
8.984633
8.870226
8.435844
8.834099
8.981058
8.970090
8.639752
8.980178
8.717824
8.340175
8.932588
8.960184
8.999086
8.879468
8.969637
8.489056
8.999999
8.999981
8.843998
8.999228
8.936276
8.987433
8.339346
8.999858
8.977096
8.961903
8.993348
8.664474
8.707468
8.942701
8.875445
8.514292
8.702391
8.959698
8.999667
8.997289
8.909081
8.983440
8.727680
8.987578
8.999987
8.961366
8.987905
8.693744
8.809080
8.953789
8.976073
8.968472
8.973887
8.954246
8.999998
8.744721
8.995468
8.440971
8.994857
8.824728
8.886810
8.950000
8.998259
8.938242
8.969555
8.950808
8.994498
8.975693
8.967487
8.923043
8.970261
8.707251
8.756745
8.595898
8.995423
8.992195
8.970538
8.940721
8.915189
8.844240
8.972964
8.893771
8.997813
8.986709
8.884790
8.703398
8.987662
8.979303
8.983475
8.991276
8.673752
8.994560
8.958740
8.935436
8.999891
8.999942
8.956373
8.933134
8.929857
8.958462
8.999991
8.996139
8.960288
8.937371
8.999583
8.976616
8.999975
8.969175
8.678604
8.870642
8.754944
8.999575
8.996548
8.957382
8.874476
8.994940
8.988273
8.954575
8.994396
8.999912
8.999788
8.977659
8.738240
8.631333
8.959398
8.842827
8.923206
8.553534
8.944215
8.584642
8.999382
8.877431
8.934120
8.914604
8.995777
8.981658
8.760812
8.500246
8.820141
8.999133
8.994921
8.862098
8.948982
8.999825
8.939873
8.942413
8.845600
8.867491
8.911955
8.998470
8.529145
8.665345
8.999714
8.943892
8.558858
8.847740
8.999634
8.781934
8.888847
8.738799
8.607064
8.941469
8.980341
8.961237
8.998585
8.961782
8.839880
8.948557
8.933703
8.932068
8.967849
8.969292
8.941599
8.954852
8.895854
8.903474
8.974479
8.891395
8.700559
8.943288
8.996806
8.483956
8.920073
8.886539
8.885801
8.993613
8.929073
8.263231
8.808983
8.720635
8.960311
8.866586
8.891038
8.603505
8.966878
8.953200
8.995227
8.985328
8.849549
8.904338
8.969626
8.992800
8.967635
8.999358
8.901868
8.989372
8.249278
8.748326
8.995638
8.953658
8.948544
8.989583
8.908462
8.531599
8.953612
8.968330
8.942118
8.876348
8.937454
8.715300
8.976717
8.999911
8.899491
8.957665
8.839888
8.588842
8.974490
8.755036
8.644988
8.842739
8.932725
8.875832
8.945546
8.999704
8.871397
8.897951
8.998311
8.685171
8.984022
8.999993
8.814513
8.941896
8.639977
8.961718
8.773989
8.814073
8.988373
8.999351
8.880942
8.887190
8.919340
8.997604
8.880146
8.975717
8.901406
8.999980
8.986516
8.946090
8.908301
8.552230
8.974150
8.961771
8.546945
8.999941
8.966421
8.924099
8.949829
8.999017
8.980130
8.860603
8.885069
8.997539
8.987449
8.900289
8.887131
8.973164
8.861597
8.966882
8.711996
8.878474
8.972653
8.843496
8.068454
8.990164
8.998135
8.883387
8.972785
8.802996
8.976351
8.943632
8.948587
8.945462
8.885961
8.995821
8.942586
8.943764
8.985175
8.891770
8.999125
8.535165
8.835203
8.993333
8.965410
8.961325
8.819873
8.333721
8.934803
8.986093
8.819274
8.999486
8.773571
8.662763
8.984177
8.949444
8.859961
8.990195
8.892620
8.999961
8.881005
8.875831
8.903220
8.999992
8.921273
8.978969
8.895439
8.495027
8.957212
8.988958
8.941354
8.834161
9.000000
8.893227
8.986000
8.933294
8.993767
8.635676
8.583574
8.996948
8.351056
8.909104
8.849937
8.999999
8.818294
8.992313
8.578658
8.996675
8.941246
8.973465
8.977794
8.586034
8.947154
8.905662
8.924492
8.887036
8.991886
8.961598
8.851496
8.963288
8.833056
8.888684
8.967406
8.997320
8.697089
8.689710
8.710570
8.977215
8.961256
8.907610
8.897279
8.823733
8.762202
8.848904
8.980573
8.827599
8.819712
8.850399
8.785026
8.994433
8.980697
8.999971
8.984524
8.982652
8.995843
8.825585
8.876030
8.999879
8.988409
8.926558
8.835404
8.577069
8.945036
8.709866
8.973624
8.969491
8.979971
8.952800
8.701844
8.805150
8.798946
8.697212
8.866699
8.996178
8.984279
8.858078
8.906946
8.747019
8.985167
8.903818
8.999263
8.960917
8.998659
8.990538
8.749309
8.999316
8.969555
8.890600
8.983622
8.802237
8.966428
8.999802
8.999806
8.950941
8.493990
8.913749
8.998626
8.954532
8.902862
8.986365
8.951929
8.969269
8.953612
8.995322
8.576671
8.960781
8.860252
8.730510
8.386252
8.820172
8.952243
8.913939
8.982830
8.991381
8.927358
8.972692
8.877711
8.978296
8.790655
8.892570
8.970658
8.980785
8.998727
8.697043
8.996073
8.945195
8.896580
8.949303
8.958697
8.934273
8.998496
8.989748
8.999517
8.630516
8.991269
8.998302
8.987164
8.968891
8.999953
8.959877
8.887158
8.937792
8.882953
8.936374
8.898431
8.984838
8.999982
8.978707
8.973057
8.946973
8.582667
8.945820
8.662813
8.964607
8.779571
8.970088
8.857554
8.734935
8.729354
8.994876
8.976974
8.946777
8.976259
8.857696
8.627508
8.745263
8.926444
8.998966
8.977538
8.951964
8.934492
8.999830
8.973918
8.999901
8.943194
8.955818
8.821500
8.921519
8.951690
8.994839
8.941501
8.889415
8.966179
8.889214
8.995421
8.978639
8.850265
8.953636
8.660311
8.938029
8.937051
8.953435
8.717845
8.903855
8.999995
8.927729
8.978707
8.665626
8.999980
8.833372
8.956097
8.617470
8.968224
8.987654
8.365161
8.934030
8.888216
8.980202
8.807119
8.988108
8.996689
8.999958
8.969770
8.985997
8.995250
8.996387
8.977921
8.358904
8.999685
8.822031
8.838416
8.901939
8.893139
8.980040
8.998895
8.880421
8.984135
8.996556
8.913328
8.992102
8.635858
8.894090
8.155924
8.992060
8.886194
8.970603
8.935752
8.925322
8.971282
8.907553
8.967176
8.843827
8.997047
8.914083
8.999977
8.781461
8.952794
8.872304
8.983759
8.938289
8.999177
8.848024
8.980110
8.986577
8.885591
8.972362
8.994926
8.978480
8.831307
8.883709
8.912218
8.983501
8.795049
8.968486
8.651564
8.378977
8.788651
8.876330
8.847822
8.957561
8.999242
8.838806
8.943770
8.880813
8.979914
8.760206
8.990994
8.997313
8.958536
8.999993
8.962328
8.962843
8.453513
8.945699
8.980095
8.930888
8.894416
8.723152
8.973932
8.999276
8.999419
8.999846
8.958170
8.961981
8.986171
8.923745
8.742423
8.760323
8.597995
8.730962
8.916086
8.750837
8.996992
8.993012
8.979215
8.743541
8.833417
8.952593
8.937069
8.962971
8.919717
8.959817
8.941482
8.967748
8.961417
8.982845
8.990765
8.998830
8.878563
8.904337
8.997361
8.739203
8.995290
8.844465
8.658259
8.974427
8.707508
8.853416
8.906099
8.971290
8.847269
8.780564
8.956071
8.945823
8.995639
8.957249
8.986681
8.989173
8.719890
8.989323
8.999982
8.964401
8.590124
8.962142
8.947667
8.984285
8.999764
8.959908
8.739895
8.993982
8.957377
8.652390
8.785906
8.999988
8.974286
8.917093
8.894964
8.988571
8.756191
8.820674
8.953720
8.996096
8.991687
8.835109
8.941266
8.926796
8.934554
8.966753
8.965515
8.957240
8.875103
8.919507
8.990618
8.846921
8.776689
8.972259
8.274810
8.678915
8.900430
8.990096
8.779977
8.687210
8.965463
8.653781
8.999986
8.999940
8.936451
8.982677
8.989329
8.854324
8.954696
8.923103
8.999995
8.999974
8.904794
8.640644
8.977873
8.862061
8.842761
8.921947
8.979515
8.999972
8.967997
8.915601
8.897919
8.993780
8.999998
8.995607
8.999924
8.889923
8.974195
8.992144
8.570718
8.999873
8.843219
8.990329
8.991237
8.999902
8.931710
8.934050
8.929326
8.949829
8.764505
8.924827
8.836646
8.947165
8.709064
8.999956
8.802930
8.841895
8.978586
8.770909
8.936765
8.779759
8.773869
8.915691
8.965268
8.963949
8.999997
8.982127
8.943115
8.896777
8.968135
8.599594
8.988612
8.999962
8.985199
8.921322
8.995977
8.969304
8.833752
8.920985
8.999531
8.901541
8.897280
8.928246
8.926923
8.768702
8.742145
8.956509
8.935579
8.984756
8.920940
8.783862
8.973164
8.844330
8.956804
8.815548
8.958808
8.989119
8.811721
8.427403
8.997793
8.996137
8.968673
8.903400
8.905806
8.985613
8.910633
8.972780
8.676855
8.953827
8.868601
8.981454
8.969740
8.999991
8.890880
8.481298
8.988195
8.933628
8.962057
8.876511
8.621875
8.928928
8.757910
8.909126
8.999999
8.998198
8.995588
8.979272
8.997526
8.947426
8.990979
8.984129
8.990530
8.999668
8.987882
8.982910
8.606722
8.999995
8.986088
8.974867
8.914752
8.957945
8.960479
8.999999
9.000000
8.928914
8.999993
8.911614
8.874528
8.984577
8.951214
8.933205
8.961930
8.954737
8.914501
8.997357
8.652342
8.651034
8.822702
8.886959
8.989454
8.888440
8.971277
8.991181
8.917088
8.952268
8.950834
8.808303
8.985877
8.413890
8.939429
8.974253
8.976281
8.952235
8.999991
8.808009
8.990759
8.938752
8.993481
8.937617
8.972620
8.681760
8.963580
8.971012
8.984566
8.933838
8.945495
8.616724
8.933707
8.999969
8.883347
8.921661
8.939585
8.900702
8.874953
8.965216
8.932418
8.999352
8.999640
8.969357
8.983849
8.433794
8.956189
8.922611
8.712392
8.982447
8.963603
8.617061
8.696762
8.947726
8.973400
8.970423
8.932388
8.762389
8.934270
8.984181
8.682426
8.425338
8.618185
8.938603
8.776433
8.955147
8.761928
8.991325
8.888989
8.971402
8.968876
8.992359
8.566470
8.894038
8.804964
8.999950
8.901845
8.737566
8.883470
8.804921
8.976921
8.867009
8.263939
8.999995
8.850983
8.466308
8.999073
8.842894
8.938874
8.983335
8.913827
8.997815
8.976978
8.938789
8.999702
8.916642
8.991170
8.987139
8.995079
8.961155
8.482807
7.972042
8.961234
8.960423
8.968864
8.999968
8.954668
8.942838
8.993191
8.921227
8.972341
8.818559
8.844511
8.996984
8.936315
8.840264
8.998079
8.999979
8.956761
8.986150
8.954578
8.904528
8.994763
8.952342
8.962455
8.900635
8.919509
8.999996
8.967549
8.936928
9.000000
8.917328
8.953660
8.952639
8.998696
8.935161
8.988035
8.980958
8.984311
8.976235
8.998321
8.988963
8.991723
8.842795
8.557663
8.965871
8.884545
8.714941
8.972522
8.700601
8.990231
8.933384
8.991244
8.949411
8.997805
8.702136
8.997786
8.999759
8.968925
8.972905
8.955597
8.999996
8.938968
8.897282
8.995611
8.827357
8.901020
8.918151
8.998766
8.948422
8.899499
8.999948
8.988138
8.990762
8.971463
8.996316
8.999997
8.943389
8.859340
8.713592
8.982061
8.919538
8.979096
8.963549
8.937138
8.967368
8.878011
8.809797
8.730266
8.934843
8.942667
8.946226
8.777789
8.982478
8.999037
8.917658
8.966786
8.826083
8.982253
8.990086
8.942149
8.815806
8.708792
8.874058
8.977403
8.683731
8.663987
8.740396
8.903043
8.930866
8.603826
8.959061
8.865671
8.950144
8.999627
8.995214
8.876066
8.968658
8.879530
8.862750
8.783842
8.890504
8.988680
8.883288
8.752659
8.996636
8.802654
8.999999
8.996016
8.964965
8.984080
8.638044
8.858986
8.871720
8.938192
8.977476
8.899802
8.999800
8.964976
8.672252
8.478061
8.915407
8.973554
8.983810
8.999118
8.979983
8.994459
8.889035
8.999507
8.989237
8.969635
8.795203
8.940080
8.559984
8.843146
8.975972
8.750587
8.698621
8.862601
8.962410
8.971814
8.916179
8.943509
9.000000
8.955550
8.636611
8.920881
8.954812
8.969544
8.915779
8.989403
8.983582
8.975376
8.917914
8.986212
8.593492
8.830665
8.516359
8.881423
8.948604
8.921780
8.945463
8.979257
8.976250
8.999145
8.366256
8.999999
8.961996
8.895964
8.231718
8.899966
8.709409
8.996015
8.925403
8.969793
8.855311
8.936228
8.980901
8.743225
8.892147
8.996696
8.967698
8.999997
8.946434
8.990834
8.924408
8.724626
8.826997
8.930948
8.980583
8.978740
8.989383
8.994835
8.955103
8.838833
8.605952
8.985760
8.962583
8.643874
8.990630
8.954906
8.976041
8.569352
8.929329
8.999879
8.897133
8.978398
8.978450
8.999997
8.992887
8.523587
8.949444
8.961243
8.999999
8.944538
8.999557
8.978812
8.999938
8.982937
8.959700
8.977270
8.968924
8.835285
8.998525
8.943827
8.972606
8.727425
8.772090
8.995468
8.999993
8.936692
8.996065
8.959769
8.970116
8.992244
8.180445
8.750946
8.668730
8.989705
8.969137
8.964984
8.976662
8.918008
8.893443
8.967734
8.596394
8.752509
8.932990
8.464073
8.992966
8.919116
8.955742
8.980160
8.892787
8.844786
8.898729
8.983807
8.997340
8.928395
8.993323
8.493010
8.917778
8.877624
8.976133
8.866014
8.985435
8.998164
8.990822
8.999970
8.963926
8.995605
8.999006
8.932762
8.962230
8.999998
8.751335
8.997670
8.376741
8.979815
8.998334
8.980879
8.838031
8.999998
8.724820
8.925646
8.997198
8.978950
8.995123
8.978389
8.988189
8.453942
8.762877
8.938295
8.958190
8.759453
8.999602
8.999993
8.995669
8.919521
8.987710
8.766526
8.925914
8.977709
8.938641
8.919536
8.998886
8.987443
8.999942
8.986301
8.999929
8.999920
8.999993
8.976117
8.826301
8.797028
8.910198
8.999890
8.996166
8.778558
8.962136
8.961112
8.867766
8.734529
8.952006
8.938966
8.999797
8.991467
8.995724
8.958925
8.537375
8.897929
8.960888
8.927887
8.955710
8.983197
8.376534
8.982790
8.791323
8.999943
8.954816
8.781985
8.953926
8.895976
0.000000
8.981986
8.983703
8.999877
8.587407
8.765598
8.774924
8.802826
8.595388
8.915451
8.959365
8.868543
8.961811
8.968461
8.994156
8.999498
8.994095
8.989404
8.903699
8.999998
8.909500
8.907748
8.991898
8.877438
8.786524
8.778959
8.951555
8.971403
8.999654
8.982139
8.991014
8.994826
8.976928
8.999629
8.965801
8.811354
8.963000
8.987301
8.994774
8.641417
8.998891
8.534657
8.919772
8.999999
8.970265
8.943210
8.971705
8.539394
8.826291
8.954481
8.999979
8.961728
8.848555
8.949111
8.715116
8.975005
8.529309
8.972462
8.940720
8.646380
8.889358
8.978712
8.991574
8.762768
8.997836
8.997726
8.817939
8.910908
8.983238
8.923345
8.594235
8.808421
8.925636
8.991751
8.724954
8.759725
8.999999
8.879592
8.986748
8.998644
8.999998
8.984190
8.486919
8.974032
8.999507
8.993748
8.918727
8.934059
8.921587
8.998050
7.811310
8.804529
8.993185
8.943468
8.958878
8.969043
8.973336
8.949297
8.974475
8.997827
8.982309
8.993302
8.999899
8.909785
8.640107
8.960111
8.924193
8.990955
8.827823
8.994868
8.919016
8.784707
8.988694
8.750505
8.396396
8.537795
8.999977
8.940518
8.942879
8.990275
8.999703
8.956201
8.996911
8.999940
8.955013
8.934249
8.982773
8.916421
8.915145
8.910289
8.997195
8.911723
8.780970
8.970133
8.408953
8.561697
8.999922
8.973344
8.999966
8.743402
8.999996
8.967127
8.873604
8.652228
8.879067
8.994410
8.996049
8.827941
8.950890
8.558568
8.661183
8.999994
8.996225
8.742397
8.912906
8.846552
8.841911
8.949222
8.362539
8.980341
8.958867
8.788201
8.970968
8.968251
8.974645
8.947581
8.965092
8.989906
8.662511
8.999952
8.995165
8.903433
8.988712
8.989055
8.987514
8.491928
8.934235
8.940654
8.897847
8.938342
8.693228
8.438073
8.901244
8.987308
8.879491
8.964835
8.959700
8.938478
8.669292
8.877504
8.985955
8.880455
8.999605
8.942654
8.999743
8.968072
8.992910
8.578779
8.999951
8.922140
8.912204
8.633767
8.583652
8.905986
8.999656
8.988597
8.924419
8.832136
8.951033
8.959976
8.999569
8.799898
8.819821
8.979924
8.999455
8.936901
8.887654
8.973353
8.943023
8.898833
8.997817
8.947647
8.606180
8.917239
8.950961
8.906744
8.925768
8.932396
8.965972
8.823352
8.665283
8.997342
8.965002
8.989412
8.813864
8.983920
8.999999
8.925594
8.999998
8.940856
8.991018
8.942155
8.814732
8.967240
8.985217
8.714647
8.988692
8.998072
8.673749
8.949738
8.917642
8.906789
8.919590
8.948790
8.959231
8.975970
8.973966
8.998768
8.825084
8.690791
8.973896
8.728632
8.926504
8.936797
8.990747
8.967118
8.999978
8.999991
8.965542
8.999954
8.969451
8.949808
7.879688
8.896987
8.970349
8.999818
8.999998
8.986358
8.999966
8.982556
8.830497
8.946079
8.842969
8.865510
8.982438
8.993582
8.999998
8.214718
8.637014
8.971315
8.996813
8.999773
8.976882
8.454458
8.906598
8.990804
8.597985
8.989378
8.993629
8.984821
8.846735
8.966422
8.924315
8.987023
8.974832
8.944579
8.857984
8.999999
8.807970
8.990373
8.855353
8.996329
8.999973
8.971229
8.876329
8.985273
8.959716
8.942831
8.945349
8.700386
8.997389
8.978348
8.998973
8.999194
8.959319
8.959508
8.982721
8.923844
8.949599
8.970155
8.999884
8.609467
8.708212
8.943859
8.995436
8.781275
8.966599
8.999453
8.993051
8.848978
8.933904
8.845380
8.756342
8.999554
8.851267
8.844879
8.966197
8.995532
8.978403
8.997990
8.996279
8.718128
8.999835
8.973590
8.850791
8.990408
8.947916
8.904175
8.908700
8.922186
8.956916
8.991889
8.976593
8.796169
8.972802
8.973015
8.485749
8.986637
8.987809
8.892569
8.931978
8.939464
8.746552
8.927250
8.945043
8.931046
8.906074
8.975340
8.971833
8.686818
8.941902
8.998920
8.832313
8.886110
8.999989
8.990861
8.880517
8.977379
8.925398
8.910826
8.987216
8.931207
8.999969
8.746624
8.997615
8.940373
8.520974
8.993326
8.931778
8.836569
8.968795
8.984670
8.905692
8.924359
8.967195
8.982145
8.978693
8.982940
8.654953
8.964837
8.852398
8.958024
8.852601
8.726119
8.994079
8.990401
8.908344
8.999999
8.986436
8.986322
8.999987
8.999991
8.892885
8.961106
8.968899
8.935998
8.989908
8.995835
8.999165
8.836910
8.945965
8.912778
8.568333
8.396349
8.975151
8.127508
8.998356
8.869630
8.960856
8.999807
8.943535
8.985950
8.976263
8.395030
8.971850
8.896174
8.978864
8.854455
8.709471
8.909487
8.998704
8.965203
8.745009
8.726653
8.952135
8.711464
8.244441
8.982512
8.905041
8.999999
8.522876
8.987686
8.933694
8.987797
8.946904
8.958450
8.999957
8.720367
8.896477
8.959295
8.939002
8.903340
8.916312
8.999999
8.999701
8.990743
8.825256
8.954188
8.602821
8.599481
8.701263
8.917762
8.953209
8.953292
8.806826
8.789041
8.971792
8.999096
8.969877
8.934972
8.980647
8.937856
8.969840
8.896630
8.779443
8.983247
8.999967
8.984529
8.979030
8.864160
8.924255
8.995319
8.979577
8.881778
8.988147
8.938479
8.836137
8.421472
8.941160
8.974955
8.955060
8.997769
8.803385
8.729303
8.827245
8.873287
8.969257
8.602899
8.966838
8.867194
8.840848
8.971099
8.920498
8.658641
8.923780
8.942990
8.977740
8.964793
8.892066
8.946090
8.699649
8.929748
8.982055
8.979758
8.953762
8.934110
8.992001
8.798896
8.999993
8.936860
8.973071
8.739450
8.946693
8.997397
8.993126
8.953402
8.353394
8.970407
8.850610
8.958845
8.954892
7.139689
8.958424
8.902069
8.942058
8.791238
8.949735
8.997258
8.385196
8.999975
8.950394
8.931933
8.887072
8.904565
8.821302
8.959300
8.981393
8.999897
8.971213
8.713636
8.799513
8.865782
8.716553
8.794223
8.841114
8.957847
8.835835
8.999987
8.952179
8.849119
8.866134
8.955853
8.494182
8.989121
8.973427
8.896059
8.950536
8.932465
8.962861
8.996804
8.997539
8.924140
8.937354
8.926735
8.925789
8.944221
8.989414
8.932968
8.999940
8.899890
8.997681
8.978071
8.999976
8.965478
8.962601
8.940551
8.944839
8.809553
8.999817
8.991712
8.998873
8.999997
8.936069
8.971170
8.937420
8.986261
8.977505
8.530226
8.983634
8.958509
8.907959
8.502065
8.911558
8.507335
8.998264
8.961217
8.972445
8.977035
8.929330
8.677952
8.999881
8.968625
8.976219
8.999991
8.921907
8.971252
8.990076
8.934669
8.940500
8.954115
8.946144
8.986930
8.937447
8.910824
8.943656
8.974408
8.964288
8.946220
8.916684
8.875911
8.999112
8.946109
8.911917
8.600496
8.714256
8.977190
8.865165
8.439006
8.998514
8.751440
8.950463
8.999995
8.900385
8.954980
8.915782
8.908932
8.973209
8.992626
8.978751
8.999886
8.803475
8.905526
8.974754
8.999342
8.684542
8.953976
8.971320
8.330031
8.911461
8.999997
8.819770
8.856798
8.999999
8.994304
8.806430
8.833543
8.937375
8.968904
8.739284
8.775746
8.818500
8.933562
8.920060
8.902602
8.997165
8.936056
8.913204
8.948859
8.959027
8.999657
8.998183
8.980179
8.984151
8.998960
8.715816
8.862236
8.743507
8.982764
8.983905
8.998430
8.948101
8.965079
8.793934
8.938759
8.905426
8.974241
8.964095
8.942619
8.999994
8.346158
8.996708
8.990450
8.970046
8.979190
8.999990
8.999215
8.948391
8.741778
8.900372
8.999998
8.992843
8.820737
8.919226
8.972157
8.405490
8.866982
8.342736
8.999574
8.901203
8.912408
8.998859
8.930416
8.639215
8.899281
8.561755
8.961900
8.958741
8.943848
8.827390
8.999999
8.917862
8.981141
8.339708
8.952449
8.988639
8.869963
8.714282
8.903390
8.819261
8.996120
8.631554
8.585116
8.988193
8.999994
8.999995
8.873038
8.993886
8.754677
8.581032
8.379131
8.976540
8.979523
8.378544
8.940009
8.999398
8.999981
8.605058
8.981940
8.984209
8.995404
8.956238
8.960832
8.950519
8.642931
8.988824
8.846052
8.926961
8.877284
8.964476
8.780030
8.997076
8.986995
8.983336
8.972677
8.767138
8.966037
8.935093
8.861897
8.980032
8.926251
8.969270
8.961575
8.974940
8.502200
8.934025
8.911251
8.971997
8.989219
8.829326
8.552253
8.967128
8.961087
8.983737
8.959102
8.953127
8.813853
8.983670
8.997555
8.999870
8.688133
8.999942
8.522240
8.999998
8.496897
8.962063
8.797878
8.874830
8.965034
8.888406
8.976825
8.521148
8.983338
8.993672
8.995996
8.999981
8.975801
8.419342
8.986517
8.446282
8.981207
8.999997
8.904189
8.977855
8.938239
8.942575
8.902174
8.982809
8.982188
8.995608
8.936724
8.960884
8.976787
8.994843
8.971528
8.989191
8.959462
8.956996
8.454835
8.989286
8.836412
8.929014
8.972934
8.967045
8.986812
8.969997
8.998798
8.860959
8.812907
8.867182
8.973957
8.950978
8.971742
8.949142
8.694876
8.912726
8.310295
8.985520
8.984432
8.982817
8.920378
8.940809
8.905802
8.999997
8.999999
8.979362
8.978484
8.949942
8.917187
8.932615
8.893568
8.943233
8.999596
8.916682
8.951435
8.999997
8.922070
8.975328
8.884102
8.947185
8.918905
8.745784
8.585565
8.925878
8.943951
8.998656
8.983898
8.999008
8.842184
8.795577
8.993592
8.788264
8.914742
8.946968
8.981434
8.801097
8.306051
8.855380
8.927525
8.951087
8.999999
8.983856
8.683520
8.724595
8.999938
8.999648
8.988548
8.984321
8.821068
8.893797
8.992348
8.859640
8.958841
8.745956
8.768949
8.994235
8.935797
8.981640
8.914344
8.963918
8.941502
8.613126
8.997262
8.997583
8.789276
8.932229
8.987217
8.913222
8.896374
8.921785
8.911106
8.987643
8.908001
8.927273
8.808240
8.956798
8.602487
8.712687
8.983489
8.980905
8.913304
8.683367
8.960606
8.823933
8.863696
8.995063
8.929643
8.619937
8.999552
8.999467
8.978233
8.751735
8.909769
8.954710
8.717653
8.243633
8.932859
8.963204
8.945093
8.961318
8.995964
8.977150
8.922756
8.799903
8.960745
8.999999
8.998994
8.952296
8.792032
8.973049
8.955545
8.986932
8.949624
8.673648
8.994918
8.552438
8.891716
8.561757
8.948853
8.781654
8.952377
8.983098
8.804471
8.922422
8.999727
8.999111
8.502260
8.924312
8.994111
8.935555
8.815246
8.954344
8.819516
8.921241
8.999396
8.991963
8.724075
8.998908
8.968040
8.919376
8.955666
8.942129
8.985640
8.979828
8.998187
8.997143
8.944779
8.999901
8.751718
8.697105
8.901742
8.902762
8.999990
8.664246
8.999988
8.997098
8.973260
8.479209
8.950059
8.944866
8.999995
8.949726
8.995874
8.862603
8.902420
8.951790
8.994275
8.972912
8.924559
8.870397
8.924240
8.914133
8.554004
8.979133
8.756082
8.953825
8.985699
8.879184
8.725117
8.581227
8.965017
8.992649
8.958458
8.987237
8.934941
8.992620
8.999926
8.496977
8.993463
8.995435
8.556499
8.959070
9.000000
8.921756
8.995513
8.917586
8.977873
8.873261
8.506066
8.930589
8.974430
8.943514
8.884198
8.991767
8.974300
8.986023
8.813355
8.759327
8.998111
8.969760
7.732790
8.747443
8.999983
8.929951
8.960841
8.499642
8.701109
8.894899
8.999996
8.980887
8.999995
8.918244
8.966340
8.981136
8.661873
8.921870
8.925898
8.994639
8.917681
8.956356
8.913944
8.126899
8.957633
8.898952
8.906408
8.952345
8.943406
8.923501
8.819593
8.985173
8.667601
8.968485
8.734277
8.836864
8.999973
8.976834
8.997672
8.981828
8.939638
8.624190
8.949315
8.757935
8.964527
8.994642
8.983182
8.960023
8.762148
8.823516
8.999955
8.841045
8.965937
8.582100
8.920186
8.916079
8.992994
8.911336
8.533962
8.627466
8.768937
8.996650
8.975363
8.917720
8.999871
8.897152
8.983822
8.991213
8.940285
8.822906
8.949696
8.889797
8.994977
8.770830
8.640036
8.869062
8.976337
8.818183
8.969800
8.838997
8.999289
8.640171
8.974524
8.852774
8.953037
8.763219
8.967933
8.838194
8.748007
8.907272
8.909368
8.963706
8.934713
8.971354
8.976291
8.939352
8.513422
8.988466
8.959743
8.478864
8.957099
8.985322
8.993798
8.182381
8.678504
8.990523
8.967519
8.817941
8.912140
8.865164
8.552179
8.933592
8.905702
8.949273
8.999603
8.946379
8.958192
8.966406
8.998943
8.990229
8.953882
8.880278
8.845658
8.852219
8.973027
8.916818
8.730257
8.775990
8.999701
8.940781
8.985955
8.999950
8.964831
8.994242
8.723223
8.800615
8.686789
8.936075
8.791152
8.932580
8.792873
8.999955
8.848253
8.994842
8.863391
8.988678
8.999493
8.803123
8.952116
8.899574
8.969101
8.982676
8.948893
8.931545
8.921154
8.997666
8.982069
8.973205
8.976727
8.998899
8.544382
8.986377
8.935821
8.854134
8.995580
8.996876
8.864478
8.861914
8.880026
8.927678
8.971199
8.959766
8.911998
8.597182
8.998249
8.790039
8.822640
8.981167
8.784039
8.905369
8.998140
8.882586
8.969434
8.999505
8.967017
8.999991
8.979891
8.999975
8.906692
8.994962
8.872538
8.946963
8.783039
8.829712
8.937796
8.969932
8.973939
8.996175
8.993041
8.974956
8.999953
8.999799
8.977473
8.947561
8.999942
8.990012
8.856144
8.763832
8.979956
8.992473
8.999999
8.888350
8.930734
8.947116
8.975220
8.848131
8.969472
8.685433
8.775214
8.903713
8.696365
8.885009
8.999820
8.705990
8.892604
8.925396
8.819346
8.998066
8.609312
8.960035
8.968430
8.510948
8.952604
8.971888
8.528489
8.967300
8.678164
8.978488
8.969653
8.998948
8.856713
8.954395
8.966642
8.996242
8.993139
8.987968
8.946927
8.950298
8.600423
8.993097
8.939942
8.740545
8.929629
8.990815
8.961024
8.981724
8.972984
8.940308
8.983408
8.967206
8.827130
8.982464
8.871689
8.980900
8.960301
8.757426
8.987165
8.962375
8.765479
8.999753
8.986213
8.999964
8.974329
8.943073
8.712429
8.968785
8.986434
8.903390
8.746128
8.579224
8.941857
8.938821
8.938151
8.906984
8.947643
8.995421
8.910776
8.995365
8.703680
8.980543
8.909394
8.999945
8.845540
8.933178
8.999967
8.933283
8.983866
8.915960
8.999899
8.548376
8.598500
8.972031
8.879039
8.985165
8.977926
8.999194
8.794587
8.949291
8.969576
8.927257
8.946394
8.925985
8.998947
8.935716
8.944772
8.951749
8.851375
8.873589
8.830485
8.856877
8.985316
8.926289
8.999945
8.920639
8.985931
8.999998
8.902934
8.997912
8.813070
8.914812
8.906838
8.994370
7.751706
8.994518
8.958644
8.755187
8.807853
8.958490
8.373509
8.914161
8.935426
8.999974
8.786266
8.999516
8.805161
8.928841
8.993322
8.922135
8.931478
8.981418
8.934006
8.976727
8.914297
8.999999
8.889321
8.992420
8.932121
8.895493
8.608105
8.861630
8.966252
8.985695
8.986076
8.984748
8.763943
8.958454
8.990498
8.801200
8.975810
8.984292
8.925569
8.974938
8.999998
8.948997
8.905063
8.812056
8.913702
7.675952
8.999979
8.988150
8.975137
8.912996
8.868740
8.983901
8.941446
8.621856
8.697525
8.999997
8.946504
8.999997
8.998729
8.940654
8.820562
8.994745
8.988743
8.980920
8.998249
8.972579
8.999744
8.973499
8.995080
8.994145
8.842553
8.979636
8.999999
8.999881
8.675515
8.998054
8.987323
8.999999
8.825827
8.831668
8.990861
8.900682
8.943061
8.818038
8.995380
8.998428
8.984921
8.990776
8.905816
8.866075
8.740627
8.999977
8.492810
8.943661
8.825760
8.990304
8.500134
8.941956
8.999997
8.845813
8.377462
8.704702
8.969239
8.338413
8.780957
8.999983
8.847702
8.934805
8.900552
8.989463
8.983871
8.972679
8.623585
8.903123
8.882516
8.994453
8.972324
8.663089
8.833055
8.724922
8.992297
8.967970
8.999513
8.837438
8.999753
8.974016
8.985669
8.943347
8.998671
8.999385
8.950901
8.972107
8.999997
8.946992
8.977342
8.995259
8.774248
8.958521
8.918042
8.662283
8.833612
8.938821
8.974278
8.929352
8.960595
8.927193
8.696298
8.991961
8.266893
8.664663
8.830605
8.992314
8.899913
8.973057
8.898864
8.861624
8.920070
8.717448
8.815690
8.928923
8.685289
8.994509
8.544044
8.853196
8.951389
8.976191
8.960006
8.999963
8.852310
8.985653
8.868020
8.753323
8.831197
8.909561
8.996190
8.991150
8.999414
8.955279
8.959038
8.616959
8.986266
8.959185
8.994160
8.828582
8.986542
8.842862
8.987638
8.999000
8.810315
8.945728
8.958553
8.635678
8.998872
8.905783
8.836371
8.919469
8.936946
8.652050
8.955842
8.920038
8.977544
8.821593
8.559452
8.963732
8.937043
8.994247
8.918048
8.940972
8.835001
8.997844
8.968569
8.910036
8.961297
8.858505
8.897698
8.985743
8.975981
8.871771
8.928462
8.999993
8.990774
8.980310
8.999999
8.948767
8.964568
8.984568
8.999995
8.975107
8.901577
7.703089
8.856568
8.950753
8.901584
8.981734
8.995028
8.946606
8.967230
8.990142
8.534000
8.343120
8.923204
8.985128
8.998940
8.993041
8.968904
8.999929
8.951225
8.483337
8.893940
8.769578
8.999995
8.855600
8.999852
8.999971
8.875538
8.971544
8.971867
8.999987
8.961574
8.978228
8.999141
8.721825
8.999986
8.993624
8.933423
8.924442
8.995900
8.733714
8.959263
8.979335
8.875308
8.906626
8.616975
8.952967
8.825533
8.941197
8.999991
8.777808
8.992122
8.738033
8.906706
8.969807
8.792390
8.894137
8.991559
8.998602
8.976023
8.796428
8.999540
8.963490
8.947356
8.606839
8.692963
8.993918
8.587715
8.967025
8.989751
8.932573
8.999677
8.944035
8.999632
8.659325
8.949960
8.770873
8.995554
8.947268
8.883611
8.801850
8.976534
8.747630
8.970900
8.987628
8.924924
8.905021
8.672694
8.928661
8.914478
8.965112
8.505292
8.955498
8.788398
8.999993
8.972326
8.998794
8.612865
8.999999
8.903700
8.998001
8.999869
8.999972
8.820353
8.999999
8.962833
8.854291
8.743173
8.999999
8.999957
8.998563
8.999996
8.930531
8.827925
8.999971
8.786026
8.989484
8.969223
8.910586
8.610549
8.850115
8.885593
8.885668
8.924273
8.986820
8.994805
8.999974
8.611557
8.967592
8.949856
8.994253
8.957626
8.954470
8.987844
8.963035
8.955372
8.997163
8.689757
8.934110
8.676633
8.980600
8.955261
8.982169
8.239964
8.956301
8.997467
8.992801
8.982301
8.999999
8.974640
8.854092
8.998128
8.999994
8.983539
8.451873
8.894357
8.809292
8.997868
8.412706
8.796694
8.966897
8.956294
8.948831
8.957788
8.968408
8.959741
8.860442
8.900575
8.998290
8.917885
8.893808
8.632354
8.932679
8.947643
8.946500
8.986410
8.560939
8.984892
8.656397
8.934958
8.778702
8.856080
8.932354
8.467859
8.942440
8.965300
8.989854
8.963905
8.994372
8.899366
8.949022
8.825585
8.469980
8.977754
8.893139
8.999904
8.948187
8.934074
8.956303
8.924931
8.990076
8.999976
8.882389
8.819608
8.992876
8.918591
8.780209
8.774153
8.946255
8.892059
8.999925
8.520715
8.999732
8.949328
8.975360
8.986610
8.949730
8.909059
8.876898
8.671739
8.980948
8.671339
8.746343
8.908435
8.816381
8.855894
8.999994
8.874267
8.989301
8.971149
8.999907
8.966893
8.989879
8.390815
8.920509
8.902115
8.879821
8.986138
8.875371
8.875977
8.921857
8.938260
8.925172
8.865067
8.575987
8.991695
8.930539
8.473636
8.380935
8.999996
8.940317
8.991531
-0.000000
8.989769
8.953022
8.888339
8.615263
8.830188
8.917194
8.878049
8.999945
8.643435
8.814813
8.990963
8.962129
8.999604
8.989267
8.959907
8.961542
8.958218
8.998302
8.999989
8.957676
8.984782
8.969865
8.997997
8.890657
8.982933
8.915503
8.991971
8.980466
8.981782
8.944093
8.999510
8.676650
8.999935
8.778218
8.788490
8.993714
8.996266
8.468746
8.647283
8.977370
8.702671
8.957824
8.798119
8.999804
8.942727
8.784563
8.990340
8.956801
8.940046
8.930413
8.999995
8.998055
8.955184
8.864913
8.961006
8.999998
8.869827
8.968985
8.823654
8.959219
8.966701
8.853635
8.842079
8.823159
8.999277
8.926674
8.954538
8.683163
8.993778
8.923488
8.980737
8.999983
8.999112
8.863056
8.897293
8.781431
8.959362
8.990201
8.981245
8.999953
8.816817
8.670195
8.924511
8.953601
8.967433
8.902151
8.969725
8.953149
8.933215
8.953491
8.950870
8.999847
8.625870
8.961578
8.998343
8.999696
8.966153
8.985258
8.999886
8.905162
8.999582
8.988667
8.984421
8.888750
8.917754
8.903043
8.958929
8.884468
8.944735
8.999764
8.963671
8.220612
8.769387
8.976463
8.991936
8.986184
8.841113
8.940081
8.627641
8.340138
8.934588
8.715676
8.819406
8.968303
8.546829
8.874529
8.946438
8.928064
8.949167
8.996849
8.727259
8.855319
8.960735
9.000000
8.987349
8.999775
8.762726
8.981608
8.956029
8.649990
8.997592
8.682939
8.999701
8.990150
8.989801
8.991492
8.769491
8.999891
8.994918
8.989895
8.975857
8.899202
8.874818
8.912309
8.930098
8.795550
8.463830
8.953421
8.942629
8.995501
8.728602
8.387029
8.915243
9.000000
8.969672
8.981215
8.397620
8.968219
8.739218
8.986279
8.998396
8.840901
8.954623
8.967473
8.577107
8.757436
8.994232
8.997984
8.985609
8.874161
8.950495
8.999498
8.983873
8.981402
8.967579
8.990244
8.905217
8.372114
8.964804
8.985829
8.968787
8.841171
8.989307
8.931313
8.999977
8.965655
8.994689
8.999760
8.995549
8.971442
8.990223
8.963983
8.516207
8.983282
8.942863
8.984293
8.800103
8.998372
8.664332
8.999999
8.728959
8.720542
7.755047
8.946686
8.973769
8.985573
8.634899
8.960670
8.915706
8.935896
8.925936
8.888398
8.967610
8.989302
8.972140
8.905708
8.867523
8.982845
8.968938
8.948530
8.960597
8.999993
8.941085
8.967678
8.796067
8.997473
8.990380
8.778156
8.912357
8.989236
8.988865
8.910603
8.988079
8.999920
8.775553
8.679823
8.999995
8.945618
8.999993
8.144028
8.986394
8.947656
8.627781
8.976667
8.996549
8.999024
8.997286
8.989109
8.922215
8.999755
8.942399
8.987731
8.802453
8.691507
8.618326
8.949096
8.925813
8.871838
8.917597
8.918835
8.965162
8.993888
8.974842
8.978249
8.757121
8.908093
8.941425
8.962772
8.989508
8.955573
8.835630
8.999526
8.819726
8.912760
8.998942
8.711779
8.908342
8.999921
8.984411
8.981979
8.900322
8.989419
8.564432
8.754992
8.423004
8.894332
8.990652
8.997989
8.909907
8.974126
8.528901
8.999884
8.944406
8.982321
8.870683
8.831439
8.991083
8.762550
8.895738
8.694641
8.918303
8.883527
8.874697
8.987914
8.436000
8.999855
8.425973
8.996366
8.923777
8.822039
8.833328
8.676457
8.801118
8.783203
8.477597
8.984394
8.948671
8.999990
8.444581
8.730051
8.969174
8.954921
8.954215
8.543857
8.979843
8.782142
8.943856
8.957743
8.999999
8.998091
8.974767
8.998570
8.956192
8.903878
8.995501
8.998318
8.992256
8.999997
8.932227
8.999770
8.614468
8.876706
8.981380
8.985851
8.800995
8.999992
8.939339
8.926080
8.854713
8.906398
8.883862
8.575499
8.945205
8.676194
8.999946
8.999695
8.975336
8.941789
8.994109
8.966651
8.997856
8.976384
8.995485
8.949937
8.999581
8.942864
8.976319
8.908495
8.667035
8.972189
8.937872
8.999545
8.977667
7.849485
8.970032
8.935568
8.999436
8.830717
8.998915
8.966706
8.970506
8.999999
8.950048
8.999052
8.985767
8.900361
8.915272
8.997811
8.947825
8.328012
8.923509
8.868435
8.999997
8.986293
8.473703
8.964557
8.997289
8.775915
8.966893
8.877165
8.928565
8.857242
8.988611
8.999997
8.997124
8.915519
8.992785
8.964064
8.974374
8.990081
8.943597
8.993350
8.964339
8.924712
8.954574
8.928787
8.849232
8.899658
8.950568
8.788085
8.921574
8.753174
8.999984
8.992679
8.999987
8.892732
8.890043
8.813543
8.999915
8.491799
8.974724
8.961466
8.787457
8.981488
8.686574
8.967530
8.974516
8.999937
8.994632
8.824551
8.996221
8.926828
8.958632
8.933891
8.984353
8.990047
8.986669
8.960800
8.981021
8.999326
8.987716
8.921529
8.633379
8.538713
8.967353
8.631540
8.755970
8.880686
8.971050
8.998632
8.997719
8.984752
8.999999
8.729240
8.691411
8.999766
8.999985
8.990856
8.975569
8.891456
8.955327
8.989104
8.930684
8.347604
8.972742
8.847095
8.954413
8.964225
8.748495
8.941859
8.731931
8.662075
8.949183
8.999987
8.995632
8.999992
8.988654
8.918342
8.992453
8.961795
8.817502
8.973903
8.973992
8.910054
8.947713
8.988654
8.997607
8.745460
8.844631
8.961645
8.998580
8.928997
8.643809
8.957450
8.563997
8.856621
8.158857
8.989073
8.920838
8.980356
8.999849
8.984555
8.978452
8.488157
8.755217
8.727240
8.859012
8.986804
8.998509
8.905950
8.984438
8.876469
8.998601
8.997196
8.748796
8.260310
8.946135
8.934396
8.786613
8.901799
8.941379
8.782115
8.994315
8.866746
8.931499
8.968145
8.881000
8.998747
8.977675
8.975348
8.955130
8.958524
8.976538
8.977961
8.960299
8.892916
8.993257
8.929961
8.685406
8.936677
8.528381
8.974357
9.000000
8.918139
8.999559
8.988374
8.988497
8.999968
8.945308
8.924377
8.987649
8.901044
8.687998
8.963414
8.989375
8.892536
8.998434
8.992068
8.962209
8.964802
8.993143
8.944576
8.908655
8.856076
8.998726
8.997667
8.826240
8.895257
8.899610
8.987513
8.930163
8.980219
8.679424
8.860206
8.891153
8.920070
8.958546
8.977400
8.732815
8.727161
8.970976
8.930528
8.982640
8.929762
8.997666
8.980986
8.868669
8.676929
8.985789
8.997715
8.966390
8.997494
8.949900
8.969335
8.957485
8.999989
8.488030
8.988422
8.999997
8.921592
8.887942
8.989258
8.982826
8.828254
8.527442
8.998313
8.997039
8.976456
8.946330
8.912329
8.956590
8.743290
8.974796
8.864539
8.777791
8.971584
8.909012
8.483094
8.990346
8.992393
8.842309
8.999997
8.991049
8.973227
8.968915
8.968878
8.944020
8.979230
8.791786
8.969606
8.846967
8.920315
8.846458
8.998269
8.893212
8.994536
8.984980
8.821109
8.989219
8.992009
8.985119
8.942105
8.999999
8.945761
8.926326
8.670443
8.986243
8.898478
8.280347
8.968472
8.842847
8.999987
8.993278
8.536736
8.911111
8.983483
8.979356
8.957189
8.993959
8.929461
8.966852
8.999030
7.715498
8.947487
8.981693
8.970253
8.936003
8.936950
8.984323
8.914353
8.818248
8.942970
8.757082
8.755150
8.510157
8.372218
8.800909
8.723667
8.964170
8.965307
8.965076
8.710903
7.915034
8.971950
8.981976
8.991278
8.857224
8.590439
8.985010
8.930598
8.983670
8.976129
8.966178
8.833783
8.999998
8.779620
8.973574
8.999697
8.999999
8.988582
8.510442
8.999906
8.961692
8.989047
8.897622
8.996216
8.998201
8.997558
8.996937
8.998129
8.972794
8.984928
8.933804
8.721746
8.654576
8.555351
8.999118
8.937920
8.999998
8.951434
8.999931
8.971872
8.651865
8.987855
8.921512
8.897982
8.990238
8.980819
8.958158
8.974192
8.829500
8.870825
8.814477
8.944668
8.932304
8.983030
8.962998
8.802075
8.967993
8.999913
8.875194
8.986590
8.963060
8.880764
8.930911
8.855367
8.982848
8.700734
8.961980
8.985282
8.930965
8.984910
8.994499
8.989949
8.949404
8.638954
8.911782
8.910291
8.768416
8.959123
8.589464
8.948785
8.999161
8.994990
8.969803
8.998756
8.950798
8.507232
8.999992
8.993650
8.896679
8.554555
8.882680
8.830320
8.975698
8.892341
8.983870
8.993709
8.997031
8.918621
8.883921
8.626515
8.755501
8.773493
8.974048
8.849489
8.999950
8.911473
8.947394
8.770219
8.947917
8.900009
8.968708
8.818116
8.922798
8.976152
8.735703
8.838219
8.998575
8.890554
8.874316
8.944167
8.999629
8.950507
8.990986
8.964285
8.957809
8.777862
8.999940
8.937833
8.980125
8.928404
8.999940
8.974914
8.997858
8.985007
8.993989
8.646174
8.999797
8.998800
8.999937
8.965342
8.802060
8.664156
8.983778
8.676073
8.959350
8.993658
8.877429
8.998439
8.868556
8.952971
8.928673
8.965338
8.945615
8.451487
8.758521
8.995658
8.909950
8.818994
8.901401
8.885445
8.959756
8.999688
8.897089
8.820999
8.994206
8.998593
8.934692
8.999970
8.931171
8.902181
8.901382
8.963389
8.997358
8.890365
8.994903
8.930218
8.704437
8.592682
8.832983
8.960984
8.989683
8.991535
8.999180
8.587533
8.938777
8.999991
8.975918
8.913729
8.982330
8.973087
8.955754
8.905035
8.908378
8.842486
8.704601
8.796337
8.800296
8.986971
8.741038
8.883181
8.921148
8.957351
8.913555
8.885012
8.990540
8.985235
8.969242
8.984506
8.664186
8.897699
8.753677
8.999715
8.970212
8.996754
8.999939
8.985003
8.942279
8.648516
8.959167
8.683442
8.941984
8.900338
8.405469
8.926442
8.896046
8.883915
8.999958
8.957412
8.897225
8.567136
8.971591
8.963437
8.762701
8.872632
8.803413
8.982065
8.999763
8.972443
8.990720
8.955818
8.999999
8.725105
8.999110
8.913176
8.998519
8.988605
8.984863
8.966915
8.993520
8.909457
8.866094
8.965870
8.964885
8.946054
8.974443
8.990736
8.798747
8.902116
8.713419
8.887507
8.947095
8.984285
8.888026
8.999999
8.966354
8.893950
8.722110
7.878512
8.870143
8.999995
8.713244
8.999963
8.955169
8.932093
8.999729
8.999863
8.828375
8.975231
8.630819
8.869445
8.990053
8.920576
8.522036
8.948961
8.696878
8.944395
8.711136
8.994916
8.975703
8.947046
8.979083
8.996438
8.594101
8.916715
8.931046
8.785564
8.979652
8.994656
8.969497
8.991218
8.916668
8.852635
8.917540
8.991044
8.999992
8.900247
8.866667
8.931476
8.655766
8.950008
8.917188
8.568048
8.900578
8.974490
8.891632
8.817568
8.313979
8.985297
8.999998
8.955909
8.683118
8.985247
8.975750
8.888800
8.935876
8.904632
8.969005
8.985977
8.955361
8.973202
8.937765
8.991271
8.989109
8.999929
8.952780
8.999449
8.999999
8.898498
8.945308
8.979318
8.952289
8.942416
8.998388
8.369749
8.971012
8.929688
8.999788
8.596463
8.959737
8.974627
8.986218
8.778174
8.986538
8.864804
8.763111
8.999994
8.998935
8.787472
8.969228
8.996577
8.992257
8.958592
8.835914
8.417635
8.962874
8.975647
8.449775
8.954025
8.839053
8.999454
8.670756
8.999984
8.983141
8.963306
8.860420
8.917560
8.219178
8.782060
8.647391
8.956621
8.974908
8.980567
8.944993
8.999102
8.893905
8.987556
8.963371
8.871880
8.718041
8.990709
8.896911
8.970047
8.809353
8.952784
8.942196
8.998846
8.969580
8.840213
8.964028
8.996463
8.898499
8.984932
8.799761
8.949192
8.937281
8.993359
8.990398
8.806327
8.962061
8.698903
8.999908
8.933500
8.999629
8.835725
8.933362
8.966278
8.979864
8.999048
8.963748
8.999927
8.803534
8.998135
8.929441
8.984563
8.941571
8.905414
8.972612
8.959657
8.987743
8.974753
8.939151
8.966896
8.495872
8.999505
8.989325
8.991465
8.928679
8.998284
8.889385
8.970678
8.992207
8.777659
8.625803
8.995949
8.947066
8.965456
8.999018
8.953808
8.920114
8.913481
8.925416
8.950525
8.945334
8.993241
8.995968
8.993463
8.981649
8.999999
8.923244
8.943164
8.780013
8.999987
8.994710
8.946157
8.461669
8.981292
8.947806
8.848849
8.986241
8.976752
8.999176
8.966266
8.868307
8.999995
8.978159
8.414697
8.993886
8.913424
8.966517
8.896045
8.816516
8.987537
8.957576
8.999997
8.437808
8.617822
8.927913
8.935446
8.994055
8.976323
8.934174
8.998201
8.947585
8.999904
8.898293
8.975676
8.977468
8.901515
8.705088
8.856153
8.981707
8.742593
8.812335
8.999498
8.965246
8.992474
8.975116
8.592093
8.920035
8.892325
8.750747
8.946888
8.583758
8.959911
8.975805
8.987777
8.999912
8.905858
8.985514
8.991144
8.999988
8.798764
8.963708
8.996276
8.969911
8.800014
8.999766
8.529126
8.960515
8.999998
8.975875
8.467018
8.514380
8.907080
8.926913
8.665214
8.908997
8.719624
8.993760
8.966857
8.619060
9.000000
8.909504
8.965554
8.999869
8.977914
8.797330
8.956203
8.924413
8.786156
8.788326
8.997514
8.998787
8.970634
8.957907
8.257232
8.962807
8.984068
8.942788
8.664994
8.967482
8.969972
8.602391
8.973074
8.957187
8.954850
8.983454
8.959026
8.813603
8.886483
8.999925
8.992856
8.999999
8.993201
8.904352
8.990081
8.974222
8.973340
8.791906
8.959229
8.822960
8.989344
8.911977
8.995596
8.838466
8.936080
8.336762
8.999997
8.999998
8.419379
8.980009
8.469104
8.999997
8.993967
9.000000
8.970515
8.837273
8.971044
8.948717
8.636476
8.442767
8.852817
8.963082
8.804781
8.981346
8.705232
8.998192
8.981673
8.955272
8.959602
8.918792
8.570599
8.744618
8.932626
8.966080
8.979418
8.933403
8.784292
8.981738
8.884135
8.997471
8.888633
8.882777
8.999997
8.952642
8.968902
8.917434
8.960322
8.924833
8.920166
8.941056
8.990642
8.999623
8.887789
8.887611
8.973050
8.793548
8.911867
8.991515
8.731627
8.945677
8.818692
8.898623
8.991788
8.565207
8.815478
8.927126
8.960989
8.609994
8.796849
8.758791
8.979163
8.960048
8.985686
8.846808
8.998752
8.529283
8.993628
8.987189
8.997887
8.998026
8.999732
8.980354
8.616730
8.943510
8.936344
8.999979
8.995798
8.523147
8.968125
8.999962
8.987051
8.947404
8.972844
8.945259
8.896717
8.999893
8.998319
8.998489
8.949953
8.943801
8.956572
8.924990
8.915122
8.771849
8.886550
8.922141
8.906354
8.968879
8.998838
8.906058
8.995301
8.690301
8.999886
8.968623
8.998860
8.897007
8.755948
8.997636
8.999998
8.504711
8.999535
8.930501
8.833020
8.999331
8.851979
8.990910
8.890367
8.941437
8.969963
8.999999
8.881859
8.973067
8.999893
8.997794
8.906721
8.952801
8.942668
8.994424
8.933004
8.888697
8.999974
8.999852
8.999790
8.909765
8.993658
8.800554
8.950919
8.993279
8.827712
8.946456
8.941731
8.958040
8.787858
8.943481
8.999976
8.724780
8.740745
8.696683
8.999460
8.848786
8.941954
8.930765
8.946357
8.896281
8.967575
8.975695
8.828339
8.828056
8.794059
8.753535
8.922443
8.933545
8.984809
8.941324
8.900512
8.975052
8.992857
8.770822
8.481352
8.843691
8.925632
8.912775
8.999886
8.984886
8.525875
8.709178
8.999551
8.930517
8.970482
8.949530
8.982018
8.832119
8.973887
8.887029
8.968289
8.999981
8.997852
8.935393
8.928773
8.999999
8.999236
8.900142
8.880194
8.989990
8.553258
8.990196
8.962493
8.978861
8.670687
8.979284
8.840075
8.675477
8.992636
8.958870
8.794405
8.967730
8.502534
8.750086
8.665845
8.955159
8.917075
8.942360
8.996699
8.967505
8.964239
8.992497
8.872815
8.963194
8.873716
8.795184
8.999972
8.984170
8.999969
8.972463
8.960212
8.997706
8.995234
8.943502
8.901240
8.736760
8.969258
8.387641
8.993483
8.999999
8.949573
8.802193
8.705149
8.902867
8.824153
8.609079
8.667198
8.983962
8.517142
8.999970
8.539490
8.991660
8.881503
8.805336
8.788592
8.931287
8.644902
8.989640
8.940031
8.982914
8.922143
8.791471
8.913983
8.972913
8.697091
8.924514
8.962021
8.999010
8.967193
8.999909
8.476543
8.955763
8.999556
8.853153
8.947476
8.884119
8.980908
8.969375
8.913909
8.926351
8.662681
8.945343
8.955515
8.938457
8.956515
8.904906
8.997313
8.918655
8.711797
8.979977
8.964287
8.859879
8.949881
8.788003
8.999999
8.841598
8.941334
8.992008
8.470278
8.936419
8.869883
8.741341
8.984864
8.994325
8.970492
8.934567
8.832930
8.807404
8.999555
8.212639
8.923290
8.958211
8.991144
8.785555
8.979248
8.870548
8.999535
8.999999
8.999578
8.849046
8.917789
8.973002
8.919294
8.991840
8.932751
8.994080
8.977499
8.999097
8.851866
8.826165
8.985952
8.999452
8.992714
8.469927
8.994184
8.995784
8.999454
8.876572
8.881860
8.990621
8.920141
8.610089
8.943005
8.962682
8.882545
8.931840
8.895616
8.997665
8.999437
8.639509
8.999995
8.925780
8.955322
8.707146
8.963595
8.863556
8.679487
8.999399
8.976528
8.940508
8.958584
8.954059
8.967685
8.976562
8.536845
8.863851
8.952460
8.995667
8.806688
8.558983
8.811214
8.992351
8.977743
8.989840
8.902016
8.778865
8.967287
8.869994
8.998789
8.994395
8.966630
8.907065
8.933275
8.954352
8.560499
8.944491
8.967187
8.989371
8.921814
8.958118
8.952880
7.699198
8.996028
8.921593
8.973712
8.850697
8.999680
8.987752
8.999903
8.567934
8.892168
8.597951
8.997626
8.970984
8.966110
8.630325
8.999998
8.989099
8.964860
8.885769
8.651777
8.646430
8.967524
8.909092
8.999415
8.569931
8.841960
8.644939
8.972779
8.805706
8.960108
8.928308
8.965691
8.967390
8.547386
8.983094
8.697250
8.989906
8.966228
8.737635
8.810697
8.999968
8.668991
8.986597
8.466206
8.778729
8.886881
8.999954
8.754699
8.999308
8.916466
8.978401
8.944775
8.970293
8.960994
8.959961
8.989351
8.385495
8.858298
8.969864
8.939946
8.964186
8.667656
8.999999
8.919229
8.767840
8.795866
8.966715
8.929900
8.999461
8.818092
8.911775
8.986357
8.723194
8.566640
8.775717
8.988869
8.988485
8.710676
8.999426
9.000000
8.823821
8.918749
8.962366
8.960052
8.820611
8.999996
8.936480
8.655184
8.999999
8.975086
8.796035
8.940003
8.981076
8.999755
8.935510
8.936838
8.921533
8.998513
8.862028
8.933925
8.977997
8.916841
8.911582
8.999852
8.949835
8.999971
8.672711
8.999999
8.972034
8.824319
8.953200
8.808150
8.674464
8.998676
8.895426
8.960466
8.986656
8.992958
8.538860
8.997544
8.937516
8.949173
8.760030
8.984950
8.999998
8.938641
8.915389
8.922359
8.922469
8.886467
8.996227
8.818075
8.977173
8.999999
8.986207
8.932714
8.854659
8.933317
8.992475
8.801707
8.899134
8.888854
8.985893
8.999765
8.925769
8.870365
8.965280
8.985219
8.722113
8.965231
8.979651
8.997374
8.969585
8.964046
8.957603
8.921826
8.999927
8.932158
8.816928
8.988762
8.973078
8.983073
8.986054
8.851806
8.954023
8.930869
8.999738
8.987806
8.920205
8.888391
8.459447
8.915247
8.894856
8.945665
8.986054
8.956931
8.931303
8.899822
8.992262
8.988824
8.995611
8.855305
8.982672
8.999993
8.850820
8.735645
8.954586
8.960987
8.948813
8.583240
8.944249
8.712048
8.999916
8.940043
8.959583
8.943046
8.993746
8.983080
8.999999
8.310281
8.993304
8.966591
8.998200
8.892998
8.965814
8.994854
8.986608
8.999770
8.951321
8.547318
8.984741
8.773105
8.828058
8.611028
8.946994
8.707517
8.211533
8.728861
8.317796
8.740195
8.976235
8.980008
8.981589
8.999533
8.999929
8.661863
8.947453
8.998100
8.197334
8.964956
8.999998
8.832148
8.886677
8.789017
8.448998
8.359197
8.997748
8.963793
8.778070
8.982172
8.820875
8.999978
8.882420
8.926235
8.834899
8.863763
8.977624
8.999988
8.996158
8.954637
8.973493
8.966109
8.994865
8.979261
8.948870
8.947699
8.856870
8.591213
8.963121
8.951306
8.951811
8.782930
8.999891
8.694780
8.920328
8.724447
8.957100
8.922397
8.969349
8.938267
8.975932
8.924975
8.977739
8.874104
8.972860
8.827776
8.998587
8.999999
8.999952
8.748789
8.905781
8.391644
8.998830
8.901886
8.988601
8.642330
8.937539
8.791452
8.973672
8.972327
8.999195
8.988612
8.998461
8.999985
8.928260
8.468062
8.999996
8.990346
8.992080
8.933171
8.927672
8.973771
8.966058
8.923989
8.925769
8.992218
8.944729
8.411374
8.905703
8.994015
8.999848
8.619577
8.942701
8.867537
8.970346
8.929606
8.435138
8.599517
8.999999
8.973153
8.780821
8.999845
8.801518
8.826329
8.862052
8.864457
8.956346
8.962290
8.963738
8.904817
8.915009
8.934367
8.997457
8.968570
8.818471
8.799464
8.942597
8.991717
8.994883
8.764855
8.913508
8.981550
8.998609
8.886006
8.396427
8.948482
8.999471
8.911818
8.999997
8.528361
8.600183
8.458202
8.994690
8.989471
8.931673
8.848644
8.975348
8.992604
8.545900
8.819168
8.994363
8.999998
8.864855
8.377407
8.992474
8.985640
8.674425
8.988727
8.999524
8.934113
8.885708
8.990516
8.939095
8.940086
8.601229
8.462344
8.997342
8.936273
8.980155
8.744315
8.918454
8.995769
8.895325
8.824778
8.993978
8.571997
8.877589
8.967204
8.894594
8.911191
8.956747
8.953984
8.882319
8.804883
8.475130
8.587548
8.707684
8.980910
8.999996
8.864543
8.888569
8.933849
8.996848
8.872940
8.854156
8.804356
8.996592
8.964712
8.988631
8.913456
8.550253
8.959117
8.673821
8.859486
8.999373
8.954546
8.999904
8.881637
8.999999
8.984263
8.905132
8.972085
8.906673
8.929446
8.775489
8.925905
8.989505
8.991716
8.992886
8.452303
8.993020
8.748871
8.984859
8.838499
8.974295
8.999985
8.999913
8.937254
8.639708
8.900889
8.980229
8.967305
8.965410
8.964862
8.981334
8.974722
8.996412
8.999999
8.966907
8.978198
8.963271
8.655254
8.980208
8.982709
8.991953
8.981685
8.939427
8.621187
8.874780
8.959699
8.956845
8.932831
8.952365
8.942291
8.918295
8.998339
8.963128
8.962817
8.591929
8.814467
8.427011
8.753083
8.999943
8.133031
8.953568
8.885547
8.965045
8.785234
8.942497
8.976282
8.766313
8.992955
8.585057
8.998823
8.997072
8.838122
8.967050
8.974874
8.874884
8.898411
8.896788
8.929993
8.922168
8.999641
8.850961
8.910225
8.986971
8.901560
8.849635
8.933612
8.994419
8.917548
8.993089
8.947790
8.953343
8.959354
8.845180
8.957555
8.948138
8.923817
8.973043
8.973960
8.758107
8.796724
8.998740
8.976726
8.998225
8.047082
8.986022
8.995159
8.948764
8.890613
8.993475
8.804502
8.930371
8.831843
8.878746
8.959094
8.971488
8.970514
8.977469
8.749144
8.990321
8.835789
8.990193
8.996819
8.891237
8.956076
8.976711
8.983596
8.968707
8.985235
8.999999
8.547671
8.979719
8.989996
8.987452
8.959152
8.999995
8.982007
8.941840
8.980208
8.999999
8.978759
8.999998
8.958572
8.960523
8.983340
8.836008
8.990584
8.999121
8.964667
8.902198
8.948884
8.953012
8.907191
8.982443
8.953587
8.943472
8.697197
8.953933
8.712571
8.909413
8.712947
8.883556
8.979905
8.986904
8.565685
8.997265
8.928661
8.885510
8.788289
8.972583
8.230311
8.972145
8.728265
8.986871
8.424619
8.921843
8.429281
8.999316
8.999987
8.551649
8.949749
8.999813
8.471119
8.988675
8.787445
8.217921
8.956162
8.971635
8.999929
8.901575
8.973953
8.576750
8.909918
8.932845
8.902477
8.934897
8.926051
8.935224
8.974052
8.389087
8.932487
8.939636
8.943166
8.551124
8.999765
8.970752
8.998166
8.956972
8.935613
8.905389
8.985155
8.830111
8.801036
8.932127
8.952027
8.918112
8.996905
8.937075
8.814851
8.963180
8.718521
8.999784
8.816047
8.921208
8.886315
8.966392
8.986054
8.974437
8.929091
8.860975
8.950980
8.980621
8.929384
8.602964
8.710312
8.956331
8.610420
8.908520
8.907809
9.000000
8.857419
8.863617
8.977339
8.981341
8.885881
8.999999
8.926626
8.759516
8.763818
8.971920
8.475784
8.950317
8.987327
8.941005
8.926167
8.969603
8.961000
8.985651
8.738522
8.965079
8.704715
8.761358
8.976256
8.506894
8.997769
8.813080
8.867016
8.994959
8.798505
8.919780
8.981817
8.667382
8.780524
8.999392
8.997891
8.628559
8.684237
8.998368
8.921608
8.532225
8.991845
8.943341
8.999981
8.981459
8.912071
8.919847
8.972949
8.953125
8.983616
8.991045
8.979729
8.967985
8.902798
8.587661
8.999172
8.558699
8.921217
8.481293
8.926706
8.999983
8.949439
8.891840
8.997093
8.969871
8.966649
8.665709
8.673365
8.935515
8.968725
8.723224
8.783078
8.999317
8.799771
8.999361
8.913856
8.972620
8.901755
8.809777
8.990766
8.982722
8.995255
8.992206
8.932389
8.950412
8.943418
8.998963
8.909352
8.866794
8.962576
8.996754
8.982711
8.858389
8.841921
8.915859
8.999789
8.816154
8.997348
8.998664
8.927709
8.870948
8.879019
8.975375
8.987823
8.974114
8.912891
8.654997
8.990074
8.974511
8.838048
8.967744
8.999960
8.989855
8.945208
8.984985
8.986080
8.916269
8.690884
8.561072
8.989399
8.890652
8.987660
8.999977
8.970596
8.993947
8.994810
8.939620
8.536723
8.782949
8.999244
8.969292
8.935495
8.998426
8.861247
8.934232
8.648862
8.908831
8.986761
8.408119
8.984108
8.512930
8.997381
8.945993
8.962326
8.812849
8.983971
8.988781
8.855570
8.949801
8.942734
8.998213
8.973348
8.974898
8.977257
8.893826
8.988764
8.956518
8.594096
8.895657
8.998943
8.960347
8.999920
8.992497
8.985062
8.628405
8.973446
8.974677
8.956049
8.838466
8.798317
8.999986
8.913114
8.992259
8.719292
8.980045
8.872642
8.895164
8.999857
8.970493
8.999211
8.763258
8.873727
8.840680
8.996114
8.949829
8.959289
8.958524
8.991087
8.949056
8.707243
8.712411
8.899889
8.570348
8.738968
8.941781
8.871958
8.947785
8.982084
8.999957
8.976124
8.956864
8.976111
8.993998
8.921457
8.999818
8.991700
8.988556
8.747297
8.967059
8.958987
8.940497
8.815802
8.380755
8.616607
8.959024
8.999386
8.991388
8.989415
8.638423
8.771669
8.993147
8.846805
8.986935
8.510912
8.740954
8.995070
8.641377
8.669802
8.950885
8.999460
8.909801
8.992289
8.964033
8.919598
8.588080
8.980196
8.957574
8.952749
8.998962
8.915022
8.446844
8.673950
8.995500
8.866400
8.593985
8.723109
8.837569
8.997459
8.716825
8.991712
8.941374
8.870421
8.772554
8.996769
8.995738
8.853712
8.908229
8.954153
8.646843
8.949137
8.976566
8.997477
8.919832
9.000000
8.982687
8.866687
8.989369
8.362204
8.979097
8.513219
8.858185
8.959707
8.920112
8.941736
8.996516
8.961413
8.869330
8.692887
8.946610
8.959168
8.973478
8.290241
8.999991
8.967555
8.896119
8.919828
8.952087
8.944310
8.880130
8.975060
8.767798
8.954363
8.842113
8.999992
8.889136
8.936188
8.999997
8.510340
8.867004
8.933402
8.864196
8.725563
8.400151
8.978944
8.969385
8.970435
8.806372
8.955217
8.877317
8.509144
8.958125
8.989910
8.543528
8.939026
8.950644
8.965768
8.863860
8.698173
8.666407
8.947852
8.657888
8.892238
8.975199
8.931314
8.925853
8.888068
8.947621
8.856290
8.996119
8.875405
8.928168
8.993638
8.999975
8.956569
8.845366
8.999999
8.885495
8.890023
8.908041
8.970544
8.922953
8.986220
8.999711
8.962692
8.996887
8.975437
8.996621
8.866522
8.470367
8.869966
8.806044
8.831147
8.940595
8.972534
8.954765
8.822604
8.825408
8.998343
8.855969
8.954131
8.967866
8.999618
8.365099
8.773787
8.710669
8.967244
8.995259
8.999412
8.997107
8.704502
8.957848
8.796260
8.988907
8.602294
8.637337
8.968913
8.926538
8.993426
8.999952
8.965197
8.873123
8.998766
8.999999
8.808271
8.903961
8.968560
8.888868
8.999996
8.999980
8.927862
8.999222
8.996126
8.988087
8.967551
8.957931
8.999940
8.990302
8.960787
8.884085
8.914996
8.633701
8.956335
8.405942
8.830586
8.486715
8.999998
8.996374
8.998889
8.965928
8.981422
8.968812
8.970156
8.953615
8.808795
8.969980
8.416266
8.999999
8.965052
8.901562
8.994409
8.922263
8.999994
8.810271
8.791066
8.991615
8.937546
8.999989
8.957086
8.999991
8.952884
8.989709
8.999679
8.996963
8.550437
8.884760
8.933929
8.999922
8.502874
8.965263
8.999989
8.995657
8.533399
8.999867
8.954824
8.995232
8.871748
8.999984
8.930415
8.955191
8.934891
8.994505
8.969735
8.952418
8.890358
8.977221
8.999686
8.888683
8.992902
8.999999
8.974161
8.886248
8.998591
8.884506
8.929178
8.736561
8.960757
8.979426
8.999988
8.998430
8.982306
8.998954
8.612967
8.908271
8.697658
8.924173
8.798764
8.869604
8.933103
8.569133
8.698806
8.959923
8.998004
8.999827
8.983024
8.998210
8.562568
8.971980
8.802460
8.914218
8.917862
8.829757
8.934751
8.979349
8.956314
8.979585
8.977897
8.866544
8.558431
8.914407
8.969307
8.910248
8.873283
8.860759
8.965411
8.984683
8.939152
8.701519
8.997878
8.984192
8.997778
8.685792
8.277069
8.997876
8.976930
8.998582
8.942059
8.969952
8.898782
8.975462
8.999987
8.845388
8.692259
8.969460
8.999984
8.937262
8.969822
8.998785
8.878045
8.108631
8.985818
8.975416
8.924241
8.949358
8.965914
8.998664
8.949040
8.991320
8.985900
8.984190
8.771234
8.791425
8.765661
8.996398
8.994207
8.995441
8.974531
8.915446
8.999924
8.966796
8.873846
8.951695
8.999554
8.972497
8.674203
8.890001
8.961388
8.982933
8.991992
8.984442
8.707732
8.946665
8.955071
8.937326
8.999999
8.906249
8.951287
8.996205
8.970353
8.955966
7.771698
8.962084
8.994132
8.950170
8.988117
8.979589
8.920241
8.961283
8.671817
8.999925
8.988022
8.985446
8.983943
8.992688
8.912594
8.960448
8.963994
8.995810
8.993100
8.994692
8.948151
8.806450
8.951819
8.636097
8.987628
8.877464
8.938377
8.363659
8.937122
8.992825
8.997970
8.922889
8.878926
8.704491
8.877996
8.977166
8.917069
8.518126
8.855015
8.950971
8.976872
8.958171
8.951846
8.981179
8.999996
8.523933
8.619875
8.999423
8.764815
8.894802
8.662225
8.928745
8.942198
8.980414
8.977584
8.964029
8.855916
8.971310
8.984379
8.981342
8.999964
8.992910
8.995090
8.968960
8.785776
8.926004
8.961204
8.969420
8.963317
8.891106
8.972849
8.449159
8.938550
8.694202
8.989729
8.999483
8.519565
8.707683
8.217085
8.917152
8.948369
8.875130
8.936993
8.994216
8.909997
8.978865
8.996107
8.913889
8.888390
8.967979
8.949605
8.994791
8.941856
8.976124
8.929418
8.777432
8.888332
8.825940
8.887804
8.993643
8.570847
8.963645
8.997240
8.495508
8.999939
8.936652
8.988171
8.977635
8.999999
8.966678
8.620491
8.842004
8.991434
8.999998
8.990711
8.987125
8.953435
8.955698
8.869986
8.932949
8.959433
8.923502
8.946549
8.794140
8.921633
8.980353
8.994567
8.925519
8.999996
8.999998
8.943690
8.994934
8.995261
8.973557
8.999998
8.950256
8.924768
8.704079
8.999472
8.675006
8.962342
8.942647
8.969802
8.633780
8.997165
8.870492
8.992762
8.845300
8.919354
8.955240
8.964956
8.872497
8.991262
8.939642
8.936408
8.980587
8.925056
8.985998
8.850815
8.638074
8.911289
8.996088
8.179979
8.980089
8.870952
8.562528
8.877736
8.982537
8.926699
8.993661
8.995252
8.990765
8.840176
8.963153
8.980106
8.999996
8.953979
8.901159
8.998861
8.796383
8.736161
8.952830
8.977045
8.965712
8.998216
8.929781
8.928845
8.925285
8.999946
8.918433
8.999388
8.737790
8.997107
8.967335
8.999957
8.944377
8.994644
8.972855
8.913190
8.937919
8.904054
8.999813
8.798088
8.987567
8.999865
8.862449
8.928966
8.999991
8.963554
8.968278
8.763752
8.991395
8.987680
8.322785
8.940840
8.846801
8.805362
8.971606
8.785368
8.988597
8.220785
8.984021
8.999822
8.954466
8.917434
8.983515
8.995891
8.912707
8.999970
8.805096
8.920674
8.573712
8.878948
8.933669
8.986725
8.987894
8.899035
8.999499
8.959007
8.696034
8.937550
8.888226
8.999222
8.996196
8.999999
8.994446
8.825901
8.894787
8.748945
8.747445
8.974949
8.976277
8.850315
8.944156
8.999996
8.930317
8.929342
8.988626
8.865737
8.925937
8.925031
8.826425
8.999888
8.999932
8.943323
8.954642
8.707028
8.964792
8.784032
8.416181
8.962402
8.799611
8.840849
8.934182
8.924626
8.983557
8.999999
8.990913
8.921944
8.955268
8.943001
8.985149
8.988286
8.999346
8.708246
8.986616
8.968895
8.885593
8.936354
8.974085
8.950633
8.624459
8.756723
8.998814
8.475802
8.998839
8.999983
8.959419
8.909453
8.999960
8.950072
8.999481
8.967647
8.996577
8.540510
8.990243
8.858876
8.972966
8.945797
8.955605
8.988691
8.903209
8.992497
8.882349
8.925903
8.944724
8.962008
8.996517
8.988346
8.883393
8.895749
8.992919
8.929237
8.848822
8.949866
8.366191
8.984796
8.908348
8.999903
8.991445
8.953052
8.970251
8.946421
8.826635
8.973583
8.999944
8.942862
8.992231
8.838732
8.985960
8.986266
8.921887
8.680372
8.903070
8.848679
8.999853
8.921918
8.965395
8.974807
8.976231
8.999971
8.865501
8.638596
8.961058
8.982780
8.919259
8.982715
8.975959
8.892435
8.977712
8.954523
8.983136
8.976467
9.000000
8.929750
8.960620
8.951256
8.926477
8.928463
8.944824
8.999997
8.999846
8.849150
8.969114
8.975437
8.992626
8.999999
8.969419
8.963185
8.958571
8.994395
8.978746
8.999996
8.919655
8.994765
8.957921
8.911321
8.907061
8.993778
8.747206
8.924932
8.829167
8.530937
8.745790
8.999825
8.999875
8.489482
8.968327
8.999998
8.999730
8.982640
8.983691
8.968744
8.661489
8.999999
8.894259
8.997182
8.782131
8.879874
8.999967
8.973506
8.971953
8.985528
8.923221
8.962483
8.961905
8.843994
8.980794
8.908074
8.868183
8.999535
8.942983
8.884687
8.824362
8.910028
8.999985
8.913486
8.936011
8.969958
8.980338
8.830921
8.718000
8.968361
8.949251
8.731446
8.583818
8.902433
8.992964
8.880684
8.991017
8.999497
8.997043
8.779421
8.983177
8.993068
8.950254
8.856684
8.957745
8.205717
8.773954
8.974788
8.797431
8.888432
8.855751
8.943609
8.992191
9.000000
8.923670
8.867417
8.944001
8.974719
8.999305
8.925495
8.941797
8.996234
8.930014
8.925586
8.999585
8.954435
8.942084
8.846783
8.965634
8.516986
8.999182
8.962423
8.964085
8.998018
8.521617
8.959598
8.733928
8.971033
8.950144
8.966073
8.425430
8.987584
8.871542
8.983038
8.577034
8.897312
8.536607
8.998882
8.970140
8.997604
8.758641
8.991154
8.914455
8.999604
8.723542
8.919013
8.977564
8.977327
8.981230
8.211518
8.880994
8.879922
8.999902
8.999999
8.790040
8.783315
8.793976
8.902070
8.969139
8.987117
8.608684
8.994063
8.581198
8.919217
8.953582
8.946957
8.797717
8.930798
8.999541
8.971583
8.945626
8.839079
8.952281
8.995363
8.963558
8.896229
8.969024
8.968772
8.999999
8.941616
8.873801
8.820968
8.924227
8.890895
8.937842
8.998419
8.914987
8.892255
8.974347
8.987979
8.697066
8.943382
8.979152
8.851594
8.985623
8.976565
8.801407
8.985312
8.931212
8.980954
8.997541
8.908739
8.981711
8.998904
8.550910
8.934433
8.870921
8.976090
8.973354
8.974023
8.999338
8.999998
8.964970
8.990870
8.772155
8.619478
8.994061
8.830390
8.940567
8.924730
8.933668
8.997364
8.959131
9.000000
8.673209
8.993182
8.909974
8.744228
8.878699
8.864609
8.903220
8.879424
8.930780
8.799293
8.899341
8.862302
8.900844
8.915882
8.918015
8.919241
8.704552
8.844534
8.983643
8.908657
8.955629
8.999173
8.999891
8.798465
8.952584
8.998090
8.975423
8.975036
8.983533
8.974015
8.767752
8.994640
8.986765
8.909695
8.751197
8.961907
8.856029
8.961138
8.910765
8.996213
8.969984
8.653443
8.999532
8.882413
8.999925
8.909130
8.982812
8.908185
8.840192
8.904470
8.991190
8.931744
8.838314
8.219738
8.974119
8.982287
8.990208
8.497547
8.946744
8.991038
8.992359
8.964375
8.993383
8.999560
8.992528
8.933058
8.970095
8.942597
8.979822
8.657087
8.895247
8.982640
8.839331
8.909307
8.919250
8.995757
8.986146
8.988257
8.817113
8.612123
8.973340
8.999711
8.997208
8.809451
8.856666
8.728763
8.879065
8.653444
8.997249
8.989697
8.951267
8.963807
8.982642
8.785915
8.973962
8.991590
8.917775
8.912481
8.952241
8.893540
8.910205
8.826750
8.958601
8.961505
8.999934
8.998850
8.990925
8.913689
8.939451
8.995017
8.997968
8.500767
8.936302
8.582004
8.999987
8.553445
8.599878
8.909520
8.771823
8.981117
8.782962
8.992153
8.832416
8.965630
8.881833
8.997190
8.957141
8.953217
8.987326
8.944414
8.993102
8.990907
8.999999
8.995681
8.904846
8.999998
8.950182
8.956208
8.883021
8.939742
8.974108
8.961231
8.999982
8.255363
8.999424
8.910220
8.948229
8.772945
8.791403
8.950589
8.987728
8.987297
8.901899
8.999346
8.204836
8.864736
8.999711
8.973269
8.825304
8.987203
8.973460
8.978692
8.970292
8.898514
8.938384
8.996071
8.983245
8.967212
8.819480
8.994514
8.995315
8.946512
8.979059
8.931323
8.504603
8.908002
8.999996
8.930833
8.903869
8.647088
8.495981
8.977968
8.912000
8.999979
8.901339
8.982287
8.950467
8.950081
8.886160
8.925658
8.586782
8.947397
8.949051
8.932484
9.000000
8.998404
8.893415
8.964556
8.906355
8.960645
8.996620
8.916863
8.830908
8.959907
8.985383
8.999642
8.931001
8.837361
8.708493
8.749405
8.948666
8.502614
7.863736
8.342879
8.993648
8.977611
8.973552
8.949225
8.948366
8.879667
8.936530
8.997891
8.668500
8.714438
8.658549
8.967229
8.980835
8.997528
8.944556
8.890681
8.688332
8.946490
8.491534
8.408077
8.894193
8.861977
8.701714
8.653715
8.937414
8.983730
8.901068
8.967211
8.833102
8.999872
8.975091
8.992843
8.910674
8.961381
8.876098
8.993348
8.989633
8.980648
8.996419
8.991661
8.999953
8.943917
8.997293
8.975653
8.920152
8.740895
8.955743
8.704407
8.929810
8.920003
8.881534
8.572250
8.952788
8.968685
8.909125
8.922161
8.888606
8.933326
8.961189
8.931559
8.960993
8.993297
8.980833
8.712256
8.962163
8.999012
8.872004
8.964447
8.677092
8.998212
8.999618
8.954486
8.995193
8.549267
8.588084
8.975419
8.929515
8.953169
8.895037
8.930866
8.996307
8.963815
8.987095
8.986867
8.992747
8.617994
8.978831
8.864886
8.999864
8.980247
8.999814
8.997593
8.967524
8.890932
8.999080
8.929195
8.947421
8.849417
8.401806
8.831714
8.990539
8.918501
8.879798
8.791196
8.983503
8.941243
8.899968
8.847896
8.999965
8.820095
8.856513
8.938541
8.796864
8.994125
8.921987
8.662845
8.991934
8.993025
8.993315
8.986382
8.588117
8.907512
8.871041
8.973543
8.924770
8.986681
8.998910
8.938945
8.988380
8.991131
8.628189
8.452454
8.968646
8.934409
8.956290
8.984962
8.998642
8.987837
8.995959
8.900445
8.999994
8.971838
8.949596
8.952786
8.962072
8.988112
8.895349
8.716297
8.924878
8.937034
8.920713
8.978867
8.943527
8.920218
8.999997
8.954833
8.258514
8.937509
8.999999
8.976512
8.999996
8.906581
8.998773
8.839812
8.982008
8.910544
8.999492
8.229444
8.856602
8.949606
8.992794
8.625606
8.727670
8.999584
8.816103
8.997384
8.899676
8.825731
8.950820
8.728957
8.988156
8.999999
8.512871
8.999066
8.979201
8.999980
8.517088
8.994138
8.981522
8.921348
8.997478
8.994334
8.223509
8.963482
8.849790
8.793361
8.603307
8.898846
8.921595
8.986868
8.969228
8.999931
8.939334
8.957424
8.991352
8.997386
8.893019
8.963987
8.986110
8.984007
8.949642
8.979531
8.900994
8.740630
8.776809
8.999530
8.986636
8.996198
8.678028
8.950760
8.453595
8.803347
8.946760
8.931139
8.982863
8.987973
8.962899
8.796173
8.994363
8.966535
8.887979
8.999619
8.962003
8.999365
8.970235
8.977846
8.885597
8.941485
8.975284
8.996870
8.991185
8.997108
8.940951
8.756036
8.963238
8.990884
8.990345
8.910957
8.904282
8.973133
8.954379
8.968037
8.997485
8.657906
8.883056
8.752697
8.934724
8.853637
8.997137
8.768168
8.935350
8.883573
8.861110
8.969671
8.600385
8.882594
8.999333
8.953672
8.985534
8.953703
8.982150
8.636465
8.999970
8.890746
8.924687
8.894679
8.988894
8.807924
8.921466
8.999999
8.801474
8.791871
8.983994
8.999251
8.984375
8.974186
8.907685
8.986584
8.999922
8.954497
8.654567
8.875753
8.998751
8.914487
8.981668
8.870632
8.882958
8.999881
8.845890
8.958706
8.968873
8.971571
8.998868
8.952172
8.924224
8.835702
8.998703
8.967602
8.835488
8.956017
8.964058
8.385160
8.956339
8.929681
8.975342
8.989372
8.949378
8.972035
8.896456
8.984207
8.807086
8.909132
8.944731
8.635325
8.978460
8.934379
8.953661
8.825145
8.542193
8.923464
8.833119
8.996473
8.800630
8.949064
8.998905
8.983187
8.804177
8.781590
8.927199
8.999872
8.932149
8.962989
8.862347
8.971759
8.991025
8.999972
8.999998
8.925277
8.969405
8.487529
8.800583
8.980385
8.985990
8.977734
8.956842
8.961650
8.996510
8.753825
8.988593
8.982233
8.799499
8.617690
8.998558
8.157263
8.999161
8.641226
8.999998
8.969918
8.978962
8.838792
8.997718
8.860280
8.599420
8.999924
8.979201
8.943302
8.940293
8.987623
8.914580
8.947001
8.865213
8.999088
8.835176
8.729901
8.942174
8.977996
8.959616
8.999997
8.977406
8.976598
8.930792
8.987136
8.991659
8.999990
8.998655
8.995812
8.922013
8.922410
8.946867
8.709055
8.945611
8.887107
8.965260
8.746125
8.992186
8.970162
8.955315
8.279399
8.915967
8.923431
8.959763
8.773739
8.977275
8.583347
8.915653
8.919761
8.837885
8.930192
8.974638
8.872966
8.982827
8.990740
8.891680
8.999966
8.991678
8.999994
8.265712
8.994059
8.954792
8.990018
8.793351
8.853191
8.999801
8.999999
8.802459
8.954612
8.711253
8.670934
8.482215
8.950660
8.834305
8.999596
8.793502
8.993785
8.872547
8.961932
8.928145
8.999965
8.973024
8.916354
8.409487
8.741555
8.790552
8.999469
8.992368
8.987904
8.788560
8.745891
8.617835
8.518795
8.839531
8.864241
8.539092
8.984353
8.999972
8.894319
8.966188
8.972642
8.998572
8.958056
8.948814
8.910767
8.808119
8.982823
8.998934
8.999999
8.805363
8.694712
8.975347
8.547514
8.967172
8.553629
8.875719
8.759658
8.942437
8.960587
8.885157
8.995984
8.910050
8.998579
8.981769
8.991756
8.948116
8.898057
8.997040
8.999758
8.880896
8.491316
8.997467
8.697762
8.850950
8.992869
8.977109
8.972902
8.996198
8.999396
8.941642
8.999070
8.969729
8.999999
8.925300
8.968148
8.916161
8.817585
8.994975
8.760780
8.993665
8.944703
8.966526
8.974304
8.975840
8.991153
8.957933
8.957494
8.987107
8.956583
8.990030
8.897801
8.976758
8.769121
8.395032
8.999999
8.760831
8.958830
8.910047
8.985414
8.959672
8.991420
8.928779
8.782602
8.893335
8.939595
8.931813
8.600244
8.739749
8.715409
8.986950
8.933365
8.998142
8.991513
8.999991
8.999999
8.925713
8.999999
8.835471
8.994860
8.991266
8.999999
8.963372
8.897333
8.992074
8.999970
8.920899
8.846638
8.839511
8.999872
8.979272
8.797844
8.999142
8.669562
8.998492
8.938603
8.984353
8.886393
8.979873
8.937490
8.444923
8.912520
8.856479
8.928275
8.948717
8.542969
8.585801
8.938511
8.999997
8.980515
8.934279
8.994420
8.998678
8.987674
8.910131
8.997521
8.803433
8.984270
8.750163
8.986435
8.891801
8.987469
8.995861
8.460479
8.999993
8.920690
8.700784
8.915553
8.687491
8.806339
8.866700
8.999992
8.999999
8.931081
8.999893
8.999997
8.770165
8.504168
8.878034
8.995863
8.823087
8.970166
8.908309
8.980375
8.998813
8.999990
8.973781
8.928455
8.994483
8.562685
8.987756
8.977367
8.965745
8.997142
8.872208
8.999996
8.968374
8.996915
8.976162
8.964094
8.894870
8.611103
8.730335
8.960386
8.895409
8.717249
8.867882
8.990804
8.920913
8.806626
8.952222
8.999999
8.716925
8.935022
8.984706
8.966847
8.938591
8.909131
8.999839
8.921458
8.410088
8.996821
8.915185
8.795609
8.962909
8.507091
8.972408
8.977770
8.390005
8.880578
8.831826
8.926183
8.912392
8.823474
8.935266
8.996743
8.994151
8.690629
8.953896
8.986495
8.756132
8.789174
8.891337
8.987477
8.996764
8.708958
8.941566
8.637887
8.938080
8.951876
8.607358
8.908936
8.980794
8.827025
8.999797
8.586036
8.945170
8.988009
8.484321
8.999993
8.964094
8.984446
8.713108
8.995990
8.947776
8.982925
8.942301
8.918296
8.984286
8.990516
8.999970
8.974740
8.997734
8.992884
8.967846
8.922368
8.949152
8.919467
8.938489
8.678797
8.892493
8.923174
8.480025
8.874601
8.994756
8.734017
8.988813
8.995077
8.709474
8.991784
8.989291
8.904221
8.511821
8.683903
8.760593
8.949784
8.967299
8.947420
8.956317
8.997714
8.997248
8.999530
8.863655
8.944614
8.920088
8.990307
8.964956
8.967898
8.821115
8.955518
8.988947
8.845607
8.864717
8.937749
8.963407
8.543017
8.999983
8.921343
8.988436
8.997032
8.973559
8.977022
8.985005
8.880883
8.980382
8.706198
8.956901
8.874323
8.993847
8.945341
8.806511
8.995101
8.999964
8.968113
8.989800
8.982410
8.850348
8.996591
8.963854
8.940041
8.998314
8.965345
8.977308
8.909790
8.989455
8.988763
8.914356
8.999579
8.935067
8.921302
8.925137
8.637308
8.687394
8.802595
8.892641
8.947401
8.722009
8.997733
8.957247
8.935300
8.984712
8.943124
8.999985
8.997579
8.849161
8.959413
8.963275
8.943298
8.637807
8.864837
8.772425
8.869698
8.812867
8.938237
8.999871
8.995672
8.396886
8.993312
8.917199
8.996649
8.935231
8.970930
8.730939
8.999997
8.999998
8.943893
8.817653
8.763835
8.785927
8.989926
8.979015
8.999995
8.839006
8.888595
8.996335
8.987783
8.982825
8.988181
8.998749
8.978650
8.923247
8.883617
8.999787
8.990025
8.856562
8.941461
8.975366
8.972155
8.994065
8.998990
8.289990
8.999938
8.990228
8.962974
8.702641
8.792482
8.827613
8.975149
8.779163
8.937375
8.938313
8.604951
8.958233
8.829725
8.902921
8.989408
8.876868
8.962781
8.783847
8.982983
8.937349
8.834498
8.905297
8.724371
8.998747
8.995973
8.738635
8.999966
8.932694
8.950165
8.976566
8.999266
8.917559
8.999999
8.999768
8.911843
8.998731
8.590108
8.997139
8.854934
8.872521
8.971556
8.809925
8.976458
8.941829
8.826581
8.957808
8.892896
8.925451
8.999976
8.138806
8.983117
8.889789
8.905484
8.993182
8.800413
8.377376
8.907936
8.857618
8.888569
8.724758
8.999260
8.477536
8.942093
8.476921
8.961359
8.967339
8.979962
8.999402
8.993152
8.084760
8.794816
8.937914
8.977912
8.973483
8.982251
8.552368
8.958578
8.567655
8.922145
8.984251
8.902902
8.955092
8.935150
8.995059
8.974239
8.906153
8.971415
8.594550
8.934652
8.948305
8.920987
8.959164
8.940399
8.987933
8.994015
8.976537
8.798987
8.492275
8.923220
8.987938
8.936700
8.863113
8.965114
8.942315
8.997171
8.989098
8.820222
8.998123
8.961666
8.960493
8.963451
8.882292
8.996387
8.968455
8.925642
8.975172
8.876560
8.581233
8.903284
8.756041
8.944123
8.823456
8.879282
8.981208
8.888640
8.947187
8.746419
8.822672
8.569365
8.628750
8.950072
8.944897
8.889185
8.890380
8.889227
8.848276
8.998336
8.985016
8.956258
8.736532
8.773276
8.954152
8.946946
8.921191
8.800849
8.613157
8.968126
8.894281
8.984795
8.955356
8.983064
8.873633
8.938120
8.999799
8.852528
8.992740
8.990616
8.989032
8.805117
8.762215
8.614675
8.922087
8.943255
8.654466
8.968955
8.905526
8.988468
8.966749
8.852334
8.512625
8.993068
8.991557
8.996423
8.995086
8.972201
8.939029
8.918517
8.612285
8.979441
8.891402
8.642150
8.892463
8.760685
8.999994
8.826332
8.999984
8.960890
8.971020
8.998312
8.999340
8.966086
8.460790
8.678782
8.999886
8.909609
8.999573
8.525128
8.960702
8.911752
8.933012
8.982745
8.520434
8.872712
8.999277
8.988897
8.866556
8.895312
8.991043
7.896224
8.883812
8.932369
8.721538
8.994794
8.968143
8.916170
8.893992
8.922065
8.480987
8.939238
8.990147
8.919315
8.993885
8.977039
8.973503
8.961687
8.961722
8.803802
8.974322
8.474005
8.638245
8.732453
8.990412
8.999418
8.998851
8.985688
8.982911
8.967001
8.989616
8.992842
8.937969
8.991431
8.984896
8.979349
8.413420
8.869590
8.999999
8.663872
8.943681
8.991183
8.995572
8.997158
8.980213
8.961811
8.995897
8.966975
8.983324
8.983003
8.772327
8.933463
8.449737
8.956059
8.860934
8.924781
8.990210
8.959709
8.941660
8.976623
8.788785
8.999534
8.613633
8.989018
8.955587
8.558036
8.403219
8.911925
8.850110
8.927117
8.843187
8.995412
8.789274
8.958242
8.913639
8.848289
8.999436
8.997139
8.917928
8.932800
8.924997
8.921129
8.860781
8.987206
8.859310
8.916640
8.988714
8.999999
8.997940
8.848897
8.999986
8.999990
8.909404
8.993931
8.991637
8.998822
8.995086
8.874843
8.998911
8.774059
8.970417
8.729939
8.649293
8.976958
8.992648
8.864469
8.984150
8.951765
8.995046
8.971343
8.906878
8.719019
8.990295
8.344654
8.933171
8.999913
8.634413
8.997506
8.992560
8.977607
8.933902
8.623460
8.553333
8.999998
8.969889
8.975573
8.878863
8.999977
8.974858
8.768778
8.995330
8.944525
8.875794
8.960023
8.895596
8.890190
8.983024
8.999996
8.508596
8.877141
8.829481
8.926590
8.521131
8.886213
8.604631
8.999995
8.718414
8.947884
8.981300
8.954413
8.887511
8.988891
8.948513
8.998148
8.899249
8.861358
8.999999
8.960823
8.766222
8.911376
8.674769
7.945163
8.982650
8.995334
8.996530
8.980482
8.912075
8.832228
8.948811
8.922472
8.988905
8.758623
8.984643
8.823996
8.999999
8.990868
8.947539
8.990887
8.967586
8.770731
8.929301
8.916733
8.706795
8.986418
8.365787
8.999990
8.948314
8.955470
8.831285
8.921190
8.925079
8.984927
8.794123
8.719094
8.859840
8.468713
8.996954
8.652206
8.803119
8.934410
8.783039
8.982314
8.985629
8.957559
8.957240
8.978130
8.993830
8.757153
8.937746
8.975130
8.955631
8.997699
8.886985
8.862111
8.994776
8.871367
8.901747
8.987004
8.929973
8.786438
8.999873
8.999809
8.895930
8.992465
8.978524
8.999998
8.999851
8.978394
8.707076
8.928671
8.768919
8.841802
8.976886
8.999935
8.935678
8.946356
8.627811
8.884763
8.948169
8.958104
8.959980
8.998958
8.435810
8.991296
8.708276
8.999993
8.964557
8.897161
8.910784
8.709844
8.813043
8.962311
8.973463
8.791311
8.979498
8.979211
8.998288
8.999999
8.870576
8.989659
8.821403
8.975020
8.810842
8.839690
8.907642
8.962498
8.997619
8.976142
8.995164
8.903125
8.995471
8.945309
8.462243
8.563790
8.978963
8.999970
8.791464
8.903493
8.976053
8.990389
8.995539
8.754210
8.577215
8.507846
8.658556
8.992220
8.930600
8.857842
8.993308
8.988191
8.998594
8.926022
8.864316
8.724478
8.974400
8.988204
8.921084
8.950507
8.980233
8.906065
8.973332
8.652679
8.980694
8.999986
8.927773
8.909960
8.999846
8.628307
8.971482
8.970449
8.775139
8.965346
8.965090
8.993747
8.959453
8.848746
8.685129
8.999722
8.982516
8.974192
8.408681
8.950341
8.838480
8.972430
8.995786
8.967972
8.984764
8.987489
8.963863
8.999949
8.993244
8.998332
8.992416
8.993294
8.892586
8.994946
8.894102
8.671913
8.768658
8.993042
8.958551
8.947520
8.981730
8.997983
8.989343
8.308615
8.990968
8.881883
8.906314
8.999992
8.992745
8.968279
8.937594
8.459366
8.943727
8.946150
8.967569
8.405440
8.986496
8.688317
8.935033
8.970612
8.959099
8.999954
8.285315
8.969404
8.924910
8.989053
8.955220
8.991848
8.960730
8.999999
8.587008
8.834970
8.974706
8.952215
8.641110
8.865377
8.950304
9.000000
8.915414
8.180064
8.990387
8.960313
8.910207
8.969357
8.899516
8.983561
8.943185
8.992210
8.603930
8.868278
8.959144
8.999496
8.967882
8.598089
8.808978
8.743293
8.673853
8.681580
8.738572
8.920668
8.848858
8.994642
8.456303
8.978473
8.860581
8.999540
8.855324
8.993660
8.866645
8.940440
8.983500
8.954809
8.966601
8.585155
8.801567
8.980820
8.949715
8.978757
8.999966
8.986796
8.923295
8.950320
8.934508
8.988673
8.999659
8.489196
8.984385
8.925242
8.959446
8.951782
8.904995
8.992602
8.877761
8.921118
8.787074
8.924856
8.624608
8.917805
8.672676
8.896150
8.994479
8.921961
8.959800
8.896573
8.876419
8.936025
8.730840
8.866509
8.956974
8.984227
8.961288
8.983147
8.994114
8.996051
8.943585
8.960414
8.341444
8.954993
8.887008
8.874696
8.737895
8.950792
8.992820
8.825233
8.998685
8.936875
8.989632
8.973662
8.500929
8.995982
8.997383
8.500084
8.999993
8.999996
8.994263
8.978486
8.949244
8.948549
8.949808
8.628491
8.963359
8.992508
8.701022
8.979511
8.925599
8.981107
8.999998
8.992775
8.898386
8.999998
8.954303
8.968627
8.952204
8.694541
8.948980
8.902297
8.834493
8.953945
8.997255
8.991177
8.751982
8.889995
8.983843
8.704109
8.655113
8.703082
8.954834
8.979789
8.804890
8.977999
8.408968
8.999890
8.906638
8.942703
8.697647
8.965434
8.958539
8.984328
8.975254
8.913428
8.684389
8.754910
8.659467
8.873631
8.903143
8.940390
8.898228
8.386873
8.995119
8.700256
8.979179
8.870453
8.983023
8.919766
8.999502
8.953527
8.511840
8.985818
8.976322
8.936465
8.893047
8.945190
8.987208
8.749073
8.954780
8.995332
8.909868
8.920508
8.481637
8.998283
8.977766
8.999985
8.997581
8.639012
8.975981
8.966239
8.892771
8.997961
8.973395
8.040399
8.915331
8.635725
8.999700
8.866926
8.926568
8.957092
8.961764
8.848668
8.945038
8.985016
8.924834
8.882063
8.926547
8.875515
8.944781
8.627409
8.723579
8.964272
8.957379
8.781998
8.884977
8.962906
8.985993
8.932470
8.917706
8.967582
8.882339
8.982237
8.869797
8.964571
8.995481
8.973283
8.816007
8.963694
8.992349
8.413416
8.941948
8.922128
8.986244
8.587304
8.965385
8.756501
8.998851
8.981609
8.922793
8.892493
8.975001
8.876848
8.980688
8.906568
8.908511
8.992798
8.963678
8.986568
9.000000
8.960343
8.933179
8.915371
8.943298
8.856457
8.957022
8.886064
8.989767
8.877737
8.295993
8.994009
8.993084
8.944596
8.954359
8.974747
8.878773
8.854740
8.431538
8.696117
8.921512
8.947545
8.775011
8.951826
8.631017
8.502367
8.997623
8.970799
8.999780
8.994873
8.988425
8.993296
8.888109
8.879303
8.832352
8.999669
8.584476
8.921323
8.919379
8.954374
8.862744
8.903660
8.761047
8.843808
8.602817
8.888822
8.997597
8.999036
8.753578
8.961311
8.493957
8.999999
8.934467
8.948661
8.986788
8.994336
8.863230
8.945424
8.994651
8.952699
8.929981
8.994264
8.970255
8.676323
8.938594
8.818475
8.961212
8.836619
8.711024
8.999855
8.982608
8.987848
8.691495
8.811407
8.979319
8.999759
8.985518
8.935389
8.754389
8.988886
8.949796
8.941234
8.720117
8.990665
8.995815
8.954430
8.884389
8.999928
8.999913
8.990291
8.929730
8.991912
8.982518
8.968343
8.960414
8.917090
8.634841
8.999987
8.810352
8.834303
8.931370
8.999476
8.988763
8.973431
8.422092
8.986455
8.728916
8.981482
8.999986
8.785263
8.948354
8.910307
8.860049
8.961798
8.923718
8.999493
8.998436
8.954066
8.999673
8.967634
8.973423
8.694076
8.788745
8.902088
8.976733
8.956264
8.939527
8.921841
8.999573
8.991679
8.738151
8.943402
8.937306
8.843251
8.643214
8.961901
8.815554
8.898830
8.999999
8.975609
8.348732
8.986524
8.906061
8.943536
8.956985
8.998597
8.984828
8.847248
8.999903
8.532656
8.999681
8.980282
8.991220
8.922478
8.904516
8.853428
8.889881
8.737559
8.920293
8.962830
8.762448
8.747954
8.575907
8.999995
8.971076
8.939900
8.978928
8.984109
8.994971
8.852656
8.706710
8.607033
8.956152
8.979934
8.945406
8.999999
8.934209
8.561450
8.976061
8.997290
8.974439
8.914669
8.970037
8.984555
8.713035
8.883745
8.957648
8.994229
8.890846
8.959665
8.984900
8.463282
8.987628
8.981809
8.999986
8.873597
8.964768
8.985145
8.978921
8.999794
8.999902
8.791350
8.907659
8.947408
9.000000
8.988663
8.926538
8.991036
8.854842
8.911516
8.817740
8.894474
8.957390
8.988567
8.913176
8.842142
8.956008
8.952617
8.827329
8.997842
8.986988
8.999675
8.999633
8.656415
8.973534
8.962907
8.870729
8.973471
8.985370
8.996936
8.914085
8.916411
8.999999
8.843979
8.963228
8.549588
8.921347
8.999999
8.993147
8.998825
8.851179
8.574705
8.566302
8.942320
8.899045
8.999982
8.984517
8.901131
8.976888
8.997647
8.859353
8.716613
8.996648
8.986146
8.990136
8.959481
8.949528
8.982386
8.711018
8.490596
8.975749
8.557012
8.916139
8.865513
8.970365
8.871735
8.961208
8.970454
8.943934
8.993986
8.932597
8.569506
8.999997
8.999976
8.997731
8.952050
8.923306
8.942198
8.991663
8.865956
8.968189
8.567308
8.689292
8.985202
8.957106
8.985517
8.989597
8.964054
8.999999
8.936720
8.977504
8.976962
8.990384
8.895056
8.907914
8.940898
8.999971
8.999714
8.315332
8.892959
8.991492
8.943307
8.629077
8.963287
8.932558
8.554524
8.999828
8.892773
8.865003
8.956198
8.732814
8.993660
8.638709
8.934194
8.966776
8.908404
8.986665
8.979304
8.991701
8.908478
8.970979
8.997922
8.979382
8.892508
8.964508
8.868009
8.984562
8.845224
8.997967
8.768976
8.622915
8.959208
8.996398
8.828284
8.871420
8.605990
8.996909
8.859552
8.980965
8.945982
8.983351
8.374977
8.996093
8.695804
8.996369
8.991500
8.996577
8.810042
8.841242
8.976317
8.963363
8.732417
8.986513
8.954698
8.999960
8.931682
8.928295
8.999623
8.901181
8.917191
8.926307
8.999874
8.958004
8.982885
8.948405
8.488803
8.992690
8.940583
8.968080
8.987802
8.998239
8.832251
8.972028
8.942334
8.999951
8.976075
8.942479
8.916139
8.856152
8.999999
8.982940
8.328928
8.952163
8.965500
8.985745
8.918790
8.979700
8.385719
8.997288
8.454512
8.987875
8.847994
8.929879
8.929573
8.985403
8.998663
8.943917
8.930286
8.998813
8.985098
8.997163
8.974252
8.969747
8.857822
8.999795
8.925001
8.684964
8.997430
8.879166
8.968967
8.999991
8.949331
8.976773
8.999572
8.999888
8.948369
8.976836
8.976721
8.933813
8.994796
8.964090
8.982414
8.758556
8.858165
8.875890
8.980488
8.986224
8.988741
8.722373
8.957407
8.841443
8.950012
8.878427
8.977232
8.973252
8.953046
8.957625
8.976258
8.988428
8.999429
8.955222
8.987922
8.950675
8.931708
8.578578
8.789162
8.998996
8.944235
8.596602
8.999924
8.662289
8.999992
8.999757
8.780182
8.931117
8.574201
8.730394
8.957016
8.948370
8.989982
8.954892
8.967013
8.230765
8.929758
8.943993
8.663773
8.999979
8.972675
8.992984
8.917113
8.999992
8.926270
8.999509
8.917480
8.979554
8.973998
8.999963
8.989416
8.982078
8.913879
8.979025
8.928799
8.999997
8.990970
8.981277
8.999986
8.858266
8.999138
8.771660
8.971314
8.989966
8.960898
8.952139
8.973350
8.984358
8.885038
8.994970
8.999999
8.888180
8.925278
8.996932
8.844110
8.959283
8.980539
8.999902
8.892142
8.978947
8.888898
8.501305
8.961638
8.999510
8.586657
8.989835
8.900610
8.880745
8.988591
8.858726
8.757861
8.967315
8.990648
8.898951
8.999996
8.878948
8.963242
8.982545
8.913599
8.874691
8.474848
8.642659
8.730820
8.958667
8.828363
8.999451
8.968563
8.980143
8.999995
8.801005
8.905008
8.944002
8.966114
8.631683
8.926954
8.582496
8.982765
8.999697
8.997923
8.999484
8.979914
8.732871
8.998932
8.989496
8.974362
8.971293
8.998454
8.961552
8.891087
8.935832
8.917080
8.959273
8.973123
8.467449
8.898353
8.999996
8.863084
8.421067
8.822697
8.958993
8.757896
8.999772
8.819238
8.979305
8.927947
8.973161
8.975680
8.689679
8.934460
8.861194
8.785896
8.853621
8.906110
8.964434
8.936696
