2.000000	1.600000	50	0.100000	ARCHIVOS_REDES\ER\ER_686.txt
0.085567	1.901340
1.913942
-1.913467
-1.912549
1.910174
1.913120
-1.898603
1.910664
-1.908166
1.912507
1.902452
1.913901
-1.908045
1.913050
1.911097
-1.909091
-1.912333
1.913065
1.913345
1.912016
1.912394
1.914325
-1.908470
1.912779
1.914541
1.913948
-1.911289
-1.912892
-1.903413
-1.912375
-1.912915
-1.910973
-1.912138
-1.909666
-1.904558
-1.801255
1.754065
-1.898741
1.913696
1.911927
-1.913507
-1.906103
-1.910958
-1.907076
1.911130
1.910973
1.913446
1.902635
-1.912733
1.913043
1.911669
-1.911109
-1.907862
-1.913624
1.914243
1.913873
-1.908972
-1.908639
1.881458
1.882883
1.912424
1.913389
1.911910
-1.913829
-1.914249
-1.912470
-1.895406
-1.911142
1.913699
1.912176
-1.910552
-1.912351
-1.912084
-1.903332
-1.913897
1.893802
-1.913786
-1.910060
-1.908248
-1.911796
1.914076
1.913475
1.905953
-1.914067
-1.900585
1.910000
-1.903944
-1.914092
-1.912796
-1.904172
-1.913723
1.914125
1.883851
1.907373
-1.908474
1.912199
1.912114
1.910675
-1.910811
-1.913206
1.914413
-1.904769
-1.910615
-1.913065
1.913882
-1.911643
1.864926
1.905109
1.913908
-1.904312
1.912220
1.913185
1.910467
1.910183
-1.897769
-1.905832
-1.913062
1.912681
-1.905471
-1.912044
-1.912393
1.900260
-1.913925
1.911356
1.908955
1.908573
-1.912866
1.903594
-1.908433
-1.889363
1.905320
1.912728
1.907232
-1.911750
1.902693
-1.912597
-1.905899
1.913783
-1.908633
-1.913121
1.909021
1.770048
1.913863
-1.912974
1.913296
-1.913289
-1.897906
-1.913050
-1.913628
-1.911840
-1.911905
1.903817
-1.909806
-1.914463
-1.853870
-1.912120
1.910179
-1.909761
-1.911904
1.913544
1.914215
-1.911823
1.914099
-1.906678
-1.913484
1.910920
-1.911864
1.901046
-1.910377
1.899900
-1.909603
1.891997
1.914428
-1.885212
1.914463
1.914622
-1.914303
-1.908205
-1.913791
-1.909912
-1.909623
1.906752
1.912592
-1.884162
1.902100
-1.907254
-1.903792
1.912740
1.912037
1.913450
-1.912274
-1.910978
1.907316
1.912071
1.904751
1.913378
-1.913609
-1.909829
1.909222
-1.912796
-1.914206
-1.901048
-1.913830
-1.912294
1.904586
-1.911815
-1.910699
-1.912742
-1.906334
1.910616
1.909783
1.913229
1.893302
1.913143
1.906738
1.911125
1.913125
1.913451
1.913245
1.911937
1.881646
1.911700
-1.914165
-1.895787
-1.910375
1.914192
1.908603
1.912108
1.908271
-1.912516
1.903536
1.911992
-1.914228
1.913652
1.912266
1.911856
1.910114
1.912994
1.909721
-1.914163
1.914281
1.912327
1.829784
1.910507
1.914002
-1.905226
-1.912662
-1.908925
-1.913684
-1.913275
1.908256
1.913585
-1.914152
1.910174
1.893182
1.910926
-1.911656
1.912575
1.895766
-1.909296
1.893156
-1.912738
-1.902123
-1.910534
1.912228
-1.913824
1.912722
1.913011
-1.906572
1.909565
-1.914279
1.912132
1.913956
-1.897740
-1.887435
1.912703
1.913294
1.910919
-1.913643
-1.913186
-1.911837
1.907886
1.906150
-1.908801
-1.911276
1.912334
-1.910841
1.914174
1.907776
-1.914171
1.913196
-1.912596
1.913237
1.911559
-1.912979
1.910245
1.911623
-1.908615
1.822083
1.913865
-1.912885
1.911803
1.913263
1.912370
1.904838
-1.905122
1.911017
-1.911493
1.913291
-1.913163
1.914393
-1.910254
1.909458
-1.903360
-1.910370
1.911693
1.911610
1.910308
1.913768
-1.910253
-1.896662
-1.900399
-1.914015
1.913938
1.911761
1.907183
1.907463
-1.912542
1.910021
-1.912572
-1.906174
-1.909140
1.914470
1.901658
-1.909798
1.912635
1.914152
1.913628
-1.909420
-1.889913
1.904785
-1.912768
1.816498
-1.912608
-1.912542
-1.912342
1.914410
1.904061
1.913658
-1.906628
-1.898663
1.910258
-1.912901
1.898580
1.913160
1.910319
-1.903200
-1.913118
1.912520
-1.908294
1.911422
-1.913422
1.908399
1.913134
-1.911540
-1.911372
1.905798
1.839506
-1.900852
1.911234
1.914205
-1.914047
-1.911470
1.912621
-1.914173
1.911797
1.914383
-1.907575
-1.912373
-1.910089
1.913053
-1.907496
1.901496
-1.913296
1.913528
1.914052
1.913811
1.913040
-1.913761
1.910471
1.913156
1.913642
-1.904080
-1.910003
1.911864
1.913678
-1.913544
1.910372
0.075861
1.909688
-1.911949
1.907215
-1.901951
-1.908649
-1.912564
-1.911696
1.912028
-1.907876
-1.913470
1.883411
-1.909983
-1.851400
-1.912192
1.908340
-1.907042
1.904061
1.910512
1.913765
-1.909290
-1.913579
-1.909518
-1.912932
-1.913728
1.912343
1.911600
1.913699
-1.912698
1.910638
-1.913795
1.913886
1.911945
1.906682
-1.893884
1.914029
-1.913995
1.900420
1.911887
1.674336
1.911870
1.908975
1.914178
-1.903490
1.913086
-1.908259
1.895645
-1.912547
1.908873
-1.913524
1.853142
1.913686
1.889819
1.914298
1.913483
-1.893590
1.905332
-1.912604
-1.902536
1.903734
-1.913968
-1.913489
-1.911045
-1.914343
1.910383
-1.913303
1.790657
-1.914215
-1.914176
1.723854
1.912845
-1.905037
1.908262
-1.909914
1.909360
1.909861
-1.907504
-1.911783
-1.902245
1.911347
-1.913719
1.910174
-1.913322
-1.914012
1.910733
-1.913639
1.906185
1.913437
-1.906058
1.910911
-1.913335
1.914432
-1.914086
-1.912729
1.903659
-1.908907
1.904027
-1.907249
-1.911916
-1.913287
-1.911909
1.913505
1.887216
1.911462
1.912418
-1.913898
-1.911443
1.912355
1.912994
-1.902842
1.902311
-1.912487
-1.911051
1.904446
-1.913594
1.910577
1.910128
-1.913304
1.913058
1.902022
1.866912
1.913928
1.914369
-1.910355
1.912112
1.910041
1.867411
1.911849
-1.904691
-1.907959
-1.897256
-1.912285
1.911777
-1.822074
-1.912010
-1.894881
1.913943
-1.914041
-1.911061
-1.910001
1.911897
1.912242
1.911140
-1.912190
1.913332
1.910975
1.912065
-1.895582
-1.913701
-1.913127
1.914104
1.914081
1.914444
-1.913878
-1.904552
-1.909073
1.875036
-1.885732
-1.912563
-1.912978
1.913728
-1.906328
1.906026
-1.914065
-1.895103
1.908082
1.912574
1.914267
1.913918
-1.914043
1.913856
-1.913542
-1.913617
1.910134
-1.909964
1.910997
1.909945
1.914323
1.907995
1.908417
-1.912981
1.910220
-1.886897
1.913866
-1.910387
1.913987
-1.898391
1.913008
-1.914388
1.908735
1.913389
-1.908484
1.911429
-1.913756
-1.908999
1.913587
-1.912060
-1.913505
-1.913759
-1.914167
1.902278
1.893213
1.866720
-1.914233
1.908162
-1.847871
1.869699
1.913258
1.913671
-1.913873
-1.913081
-1.910546
-1.910075
-1.912714
1.913248
-1.908575
1.909950
1.914018
1.913606
1.909470
1.911289
-1.913719
-1.907983
-1.909793
1.913627
-1.913977
-1.913808
-1.895354
-1.913139
-1.911759
-1.902801
1.913591
-1.885233
1.914406
-1.907193
-1.911911
-1.907136
-1.913724
1.912983
-1.912750
1.912332
1.912005
1.910182
-1.910282
1.911348
1.914503
1.907108
1.911696
-1.913569
-1.912842
1.902467
-1.909623
-1.910140
-1.914158
1.913473
-1.909665
1.912039
-1.845515
-1.908541
-1.911850
1.912835
1.913389
-1.914281
-1.913911
-1.910161
-1.909865
-1.911656
-1.912937
1.880580
-1.910423
-1.910708
-1.914053
1.912940
-1.914070
1.913265
-1.910518
1.902222
1.902145
-1.905583
1.910706
-1.877652
1.905448
-1.907417
-1.911621
1.892611
-1.909888
-1.914001
1.911264
1.908655
1.913579
1.913252
-1.913105
1.160981
1.910388
1.911673
1.910021
-1.913011
1.914280
1.913064
-1.907394
1.912839
1.914379
-1.913074
1.911656
-1.912736
-1.913232
1.895838
-1.910083
-1.764540
1.872129
1.907141
1.911852
-1.905488
-1.892743
-1.910202
-1.912125
-1.912427
-1.902960
1.900933
1.909943
-1.909885
1.906612
1.908124
1.911212
1.910220
-1.912171
1.913920
-1.912409
-1.911908
-1.907484
-1.912643
1.900330
1.912612
-1.913787
1.912984
-1.913619
1.912330
-1.910212
1.912844
1.913664
-1.912134
1.911531
-1.912801
-1.912336
1.871543
1.906961
-1.900365
1.914521
-1.911586
-1.905370
-1.911957
-1.910831
1.913695
-1.912555
1.914133
-1.913515
1.909611
-1.911024
-1.913786
-1.913284
1.910099
-1.897868
1.904324
-1.875466
-1.904013
-1.913938
-1.912170
1.910366
1.911031
1.911906
1.888858
1.910579
-1.912547
1.913351
-1.896661
-1.910799
-1.912067
1.911327
1.908177
-1.912527
1.904414
-1.908333
1.914171
-1.910734
-1.895990
1.828973
-1.901429
1.913362
1.914103
-1.910975
1.911996
-1.914193
1.909874
1.912646
1.910519
1.912084
-1.913201
1.911572
1.913065
-1.913444
1.905722
1.894436
-1.907019
1.910232
-1.914086
-1.910757
-1.811215
-1.910908
-1.911408
-1.912704
1.913875
1.914061
1.910857
1.912760
-1.909483
-1.912226
1.913637
1.884867
1.913042
-1.907761
1.913400
1.910958
-1.910824
-1.905134
-1.910990
1.869423
1.913933
-1.909719
1.913887
-1.912297
-1.912364
-1.911728
1.908018
1.914346
-1.914107
-1.913018
-1.913719
-1.912130
1.887999
-1.912773
-1.914185
1.886163
-1.908914
-1.911917
-1.905534
1.903088
1.910208
-1.910221
-1.913691
-1.900837
1.912271
-1.913078
1.904552
1.900361
1.910162
-1.910235
1.913077
-1.851482
1.913733
-1.913732
-1.910486
-1.913612
1.914074
1.911123
-1.913538
-1.905413
-1.912660
-1.911502
-1.913753
-1.910586
1.911702
-1.912520
-1.913232
-1.908266
-1.912371
-1.911387
1.911654
1.912647
1.912433
-1.912999
1.907295
-1.912851
1.905795
1.912292
1.911682
-1.912993
-1.909769
-1.910106
1.913312
1.866584
-1.906679
1.913454
-1.912201
1.911942
-1.912925
1.913764
-1.914490
1.909115
-1.889619
-1.913336
-1.911768
-1.900166
1.911310
1.913317
1.913314
-1.912970
-1.908553
-1.911785
-1.910567
1.913189
1.911964
1.914595
1.914468
-1.912332
-1.911381
-1.912116
1.912955
1.910314
-1.906457
1.911711
1.897223
1.891770
1.865952
1.912541
1.914082
-1.907308
1.913320
1.909383
-1.913432
-1.913722
1.913048
-1.910866
-1.913028
-1.913426
-1.912130
-1.905294
-1.912962
1.911987
-1.911294
-1.892872
1.892734
1.912145
1.900407
-1.782327
-1.913181
1.879674
1.893864
-1.913034
1.909900
1.910654
-1.913340
-1.817048
1.913131
-1.894806
1.904753
-1.905878
1.910011
1.900317
-1.908849
1.911619
1.913473
1.913841
-1.914433
1.913592
-1.906062
1.909853
-1.911915
-1.910375
1.913994
-1.898295
1.912596
1.898280
-1.912635
1.912585
1.911464
-1.909925
-1.912788
-1.909370
-1.912719
1.893524
-1.912957
1.913493
1.911472
1.905801
-1.816301
1.910719
1.912679
1.903189
-1.911559
1.913779
-1.910380
1.501536
1.912131
-1.911428
1.910974
1.907484
-1.912546
-1.909676
1.889281
-1.912977
1.910104
-1.907471
-1.904403
1.911412
-1.907679
1.913200
-1.909126
1.913177
1.878578
-1.912582
1.912950
1.913745
-1.906265
1.914336
-1.910193
1.913940
-1.913518
1.913187
-1.905470
-1.908304
-1.914311
-1.911805
-1.908312
-1.912168
1.913344
1.912548
-1.911558
1.913965
1.912733
-1.903938
-1.913591
-1.899767
-1.910508
1.905399
-1.910597
-1.909878
-1.912641
-1.895771
1.906117
1.912468
1.913144
-1.913486
1.911959
1.913445
1.912913
1.913164
1.913081
1.912115
1.911098
-1.909863
1.913985
1.907562
-1.911568
-1.913371
1.890610
-1.913768
1.909622
-1.909804
-1.913290
1.909111
-1.913124
-1.912854
1.913910
1.913345
1.908068
-1.910436
1.911971
1.912183
-1.904616
-1.910020
-1.910205
1.913887
-1.909956
-1.912539
1.911977
1.914481
1.886024
-1.911297
-1.913753
1.912408
1.904112
1.910296
-1.913801
-1.905616
1.911779
-1.911512
1.912973
-1.903238
1.901254
1.896382
-1.906256
1.913693
1.909554
-1.912706
1.905053
1.904844
1.908885
-1.910941
1.908580
1.912695
1.913692
-1.912885
1.912642
1.913110
-1.911090
-1.906765
1.911643
1.907915
-1.905128
1.908206
1.904771
-1.911688
1.913966
-1.912722
1.913814
-1.910209
-1.895589
-1.893596
1.913077
1.913389
-1.913628
1.906802
1.913072
-1.911047
-1.913174
1.914124
1.912454
1.912774
-1.913972
-1.884092
-1.894066
1.886792
1.910345
-1.913676
-1.911905
1.848536
-1.912163
-1.909008
1.897577
-1.914436
-1.909716
1.911704
-1.914296
1.913952
1.913334
1.908551
1.914056
-1.913734
1.911426
-1.909062
-1.895233
1.913236
0.745852
1.910708
1.913390
-1.914300
-1.909112
1.901053
1.912816
1.908246
1.909867
1.910421
-1.904473
-1.912482
-1.913104
-1.912742
-1.906214
-1.911082
-1.913975
1.911461
-1.897770
-1.908447
1.907564
1.908553
1.907748
1.913981
1.913799
-1.912844
1.900531
-1.913682
1.914458
-1.911265
-1.843124
1.911194
1.912007
1.913200
-1.913578
-1.911399
1.899649
1.908201
-1.905429
-1.894045
1.895382
1.908118
1.910973
1.912097
-1.912319
-1.910176
-1.908055
1.912958
1.914286
-1.912036
1.880510
-1.909087
1.912896
-1.914584
1.910081
1.913574
1.904558
-1.911830
1.914397
1.912290
-1.911362
-1.911074
1.907688
1.892841
-1.908651
-1.911465
1.912883
1.912487
1.912824
1.904039
-1.913401
1.912972
1.913682
-1.909641
-1.912159
-1.913820
1.897563
-1.913288
1.913625
1.912198
-1.912666
1.909942
-1.910266
1.912554
-1.913960
-1.911142
-1.896801
-1.870630
1.900519
1.906214
1.911236
-1.909669
1.910459
1.911453
1.911117
1.911189
-1.769565
-1.904933
-1.914017
-1.913640
-1.911673
1.891722
-1.907871
1.913582
1.909260
-1.902424
1.912033
1.913345
1.912833
-1.909832
-1.912225
-1.913914
1.904955
1.911993
1.887596
1.909569
-1.914369
-1.911874
1.907674
-1.913477
1.913136
-1.908985
1.910594
1.908520
-1.913024
1.889112
1.913400
-1.913638
1.913914
1.913973
1.911354
1.910949
-1.909746
-1.913863
-1.912574
-1.910832
-1.908275
1.908115
1.910949
-1.912340
-1.912541
1.905913
-1.904020
-1.910286
-1.913973
-1.913104
-1.908391
-1.908999
-1.910886
-1.900480
-1.904871
1.906158
1.913733
1.914205
1.913359
-1.914237
-1.914272
-1.914357
1.912967
1.910602
-1.906695
1.911902
1.909952
1.896040
-1.913537
1.912978
1.912753
1.912865
1.904680
1.912183
-1.874377
1.905670
1.910471
1.904449
1.912150
-1.905444
-1.913027
1.911090
1.898777
1.911821
1.912332
1.908208
-1.910423
1.912843
-1.913137
1.913181
-1.909065
-1.912712
1.914224
1.913889
1.914034
-1.908546
1.912835
-1.905173
-1.909913
-1.913165
1.905629
-1.908229
1.911686
1.912941
-1.891070
1.910624
1.913528
-1.908560
-1.912517
1.905538
1.912587
1.911960
1.912561
1.912735
1.914062
1.908575
-1.907558
1.913463
1.911481
1.912007
-1.909619
1.910925
-1.911870
1.913412
-1.911643
-0.904446
1.911139
1.913212
1.912488
1.913403
-1.912471
-1.898180
1.910906
1.912796
1.910121
-1.912879
-1.914085
1.914203
-1.908053
-1.912364
1.904824
-1.913205
-1.911694
-1.914106
-1.890337
-1.910120
1.906588
-1.912120
1.909230
1.906599
-1.911527
-1.913030
-1.914147
-1.894382
-1.904381
1.902362
0.075607
1.913370
-1.780835
1.913977
-1.907121
1.898325
-1.904213
-1.889831
1.893610
-1.914662
-1.914233
-1.914392
-1.912209
-1.910295
1.912556
-1.908095
1.913474
-1.815442
1.914248
-1.885263
1.911472
-1.913426
-1.900604
-1.911903
-1.905399
1.910345
1.894419
-1.912653
-1.912628
1.909643
1.913065
1.907047
-1.910553
-1.906501
1.914176
-1.909888
-1.893955
-1.910739
-1.897827
-1.913155
1.911381
-1.910882
-1.890465
1.912234
-1.908629
-1.909760
1.807179
-1.912602
1.912175
1.905858
1.901760
-1.912917
1.912584
-1.913072
1.913512
1.913714
-1.907333
1.907613
1.913200
1.914183
1.911677
1.909597
1.883164
1.913735
-1.913776
-1.911263
1.909601
-1.914326
-1.913353
-1.910034
1.894667
-1.897818
-1.911621
-1.911493
-1.913940
-0.618564
-1.912573
-1.911345
-1.907511
1.913196
1.913890
-1.908008
-1.912008
-1.906212
-1.904697
1.912941
-1.910721
1.905799
-1.914349
1.909929
-1.909602
-1.911267
1.912964
1.906611
-1.912768
1.912793
1.913002
1.902045
-1.912141
1.913343
1.913106
1.853584
1.913788
1.906383
1.905066
-1.912249
-1.906087
1.903898
-1.611919
1.911986
-1.914127
-1.911012
-1.913673
-1.913534
-1.857969
1.909648
-1.913892
1.895621
1.901519
-1.907225
-1.913703
1.912845
1.914292
1.913252
1.911406
-1.912572
1.911437
1.871636
1.868843
-1.884312
-1.907635
-1.899573
1.911371
1.913840
-1.913075
1.910843
-1.898249
1.912897
1.615010
1.906141
1.913716
-1.907973
-1.911820
1.879183
1.912936
-1.913510
1.908643
-1.905485
1.913254
1.907943
1.906985
1.897119
1.903659
-1.904747
1.913391
1.910237
1.910403
1.911741
1.914353
1.904620
1.913479
-1.830734
1.912199
1.911419
1.910918
-1.908807
1.868046
-1.886957
-1.896901
-1.913725
-1.912021
-1.912243
1.912727
-1.906898
1.912363
1.910005
1.909769
1.914084
-1.911108
1.913690
-1.909702
-1.914321
-1.862623
1.912490
1.911921
1.912852
1.910678
-1.910853
1.912235
-1.912458
1.912886
-1.911821
-1.911525
-1.884151
-1.913142
-1.913499
-1.911443
1.913456
-1.909341
-1.913246
1.909476
1.914143
1.909605
-1.900944
-1.911893
1.908697
1.913140
-1.911286
-1.908162
-1.912635
1.894149
1.913643
-1.912736
-1.910111
1.913539
-1.909495
-1.913982
1.891661
1.914111
-1.884947
1.913306
-1.912647
-1.912673
-1.913315
-1.912827
1.913216
-1.912848
-1.913552
-1.913421
1.899081
-1.910837
-1.901060
1.913008
1.907745
1.911729
1.904854
1.912642
-1.909434
1.898840
-1.907304
-1.912031
1.912977
-1.906346
-1.913498
1.909620
1.913586
1.811588
1.905211
1.887206
1.910313
1.912246
1.913942
1.769909
1.912900
1.881447
1.908725
-1.911896
1.905507
1.905959
-1.905201
-1.910658
1.912729
1.913568
1.908915
1.914241
-1.910437
1.895822
-1.912372
-1.913088
1.913659
-1.854216
1.912314
1.901131
-1.894740
-1.914059
-1.914423
-1.913421
-1.906796
-1.913819
-1.905996
-1.912279
1.905180
1.908673
1.913969
1.914166
1.891046
-1.913055
1.909563
1.910300
1.912436
-1.909069
-1.897177
1.912834
1.913170
-1.900920
-1.913760
-1.909828
1.907349
-1.913716
1.910399
1.905375
1.913247
-1.910887
1.913455
-1.911712
1.913742
-1.907924
-1.910960
-1.913431
1.903123
1.911783
1.913998
-1.909622
1.912336
1.909162
-1.911326
-1.904725
-1.893294
1.910482
1.910672
1.912707
1.911283
-1.913735
-0.355965
1.911174
1.912229
1.911662
1.130216
-1.889543
-1.914191
1.906503
1.911330
1.912738
1.912040
1.906182
1.913816
1.912838
1.912838
1.902526
-1.897219
-1.903757
1.911518
-1.914099
1.912712
1.911949
-1.911567
-1.913321
1.914161
-1.912854
-1.913686
1.909708
-1.906477
-1.908932
1.908564
1.913281
-1.908379
-1.912443
1.904903
-1.912663
-1.896177
-1.914080
-1.910536
1.907611
-1.910834
-1.910105
1.911993
1.910876
1.913887
1.913726
-1.912941
1.902241
1.911332
1.907241
1.897667
1.884212
-1.910322
1.890322
-1.903265
1.910843
-1.910928
-1.912882
-1.910929
-1.908923
1.910069
1.911478
-1.910897
-1.903981
1.898436
1.912543
-1.912159
-1.892795
1.913443
1.906902
1.914119
-1.886178
1.914301
1.910673
1.908279
1.913777
-1.912117
-1.913217
-1.910883
1.912932
-1.910595
1.913407
1.911774
1.912203
-1.913233
-1.902106
1.912166
1.913159
-1.907797
1.912122
1.895838
1.912913
-1.911874
1.909747
-1.913409
1.914060
1.909560
1.878966
1.910670
1.912654
1.909222
1.913295
-1.904420
-1.911335
-1.913620
1.910598
1.908602
1.911057
-1.912852
-1.899596
1.912989
-1.906453
1.906065
-1.908806
-1.908368
1.850746
1.904701
-1.890870
-1.913971
1.907450
1.913811
-1.909291
1.868930
1.911980
-1.913942
-1.903224
-1.913786
-1.913442
1.908950
-1.910166
-1.680640
-1.911145
1.882113
1.910684
-1.913037
1.911904
-1.849575
1.910366
1.912395
-1.911147
1.903055
-1.913126
1.913494
1.903272
1.881136
-1.902812
-1.911547
-1.908200
-1.904719
-1.908243
-1.911758
1.912423
1.911166
-1.909200
1.891544
1.909122
1.913584
1.912439
-1.913853
-1.913771
-1.910207
-1.912303
-1.910727
-1.912149
1.911990
1.913265
1.910899
1.913561
-1.912646
1.912006
-1.914155
1.913769
1.908770
-1.911477
1.477808
-1.887696
1.911848
1.909260
-1.912680
-1.910875
-1.912907
-1.913174
1.912876
1.913970
1.911214
-1.912544
-1.909204
-1.912503
-1.910217
1.910727
-1.823055
1.911717
-1.901496
-1.911450
1.912141
1.912953
-1.886362
-1.790277
1.884522
-1.910276
-1.913216
-1.912827
1.905706
1.910972
1.912232
1.905678
1.911958
-1.908724
1.909648
-1.912362
1.914306
1.910487
1.911984
-1.913747
1.881525
1.901493
-1.913912
1.912813
-1.911457
1.887205
-1.905153
1.908923
1.904782
-1.911573
-1.907712
1.912139
1.910461
1.912665
-1.906933
1.908459
-1.911786
1.913758
-1.913065
-1.910666
-1.905480
-1.894044
-1.910671
1.911385
1.904859
-1.911465
1.898742
1.891500
1.910796
1.907356
-1.911704
1.912840
-1.901947
-1.914277
1.902255
1.906339
-1.913791
1.912959
-1.905925
-1.912135
1.910426
1.910740
1.913683
1.913711
-1.913877
1.913977
1.906290
1.914151
1.914135
-1.910854
1.913518
-1.909212
1.891240
1.914371
-1.906988
-1.912855
1.912651
-1.908525
1.912499
1.912931
1.904356
1.911051
-1.912958
1.911032
1.914068
-1.912384
1.910613
-1.909191
1.905448
1.913431
1.908211
1.913484
-1.893450
-1.913235
-1.910926
-1.910549
1.914388
-1.911602
-1.904537
-1.907021
1.877212
1.888220
-1.913135
1.907824
1.904202
-1.914318
-1.911680
-1.913086
1.911928
1.912524
1.911911
1.907413
1.912487
-1.904129
-1.898039
-1.912350
1.910711
-1.781569
1.903314
1.906871
1.914230
-1.910853
1.914081
-1.911011
1.911517
1.912400
1.906451
1.912480
1.910506
1.909141
1.911644
1.907292
-1.900336
1.913242
-1.913139
-1.912460
1.903295
-1.910169
1.880894
1.774498
1.914031
1.909955
-1.851470
1.910480
-1.890724
-1.908116
1.911793
1.862369
1.894463
1.914234
1.905155
1.911599
-1.912446
-1.905579
-1.908657
1.910812
1.825409
1.913381
-1.912554
1.901179
1.888382
1.912763
-1.912267
1.914421
1.912086
1.913003
1.911188
-1.904948
-1.910746
-1.906416
-1.913436
1.911934
-1.908874
1.913374
-1.909193
1.913477
1.912501
1.912760
-1.912077
-1.912433
-1.908586
1.913070
1.912790
1.910136
-1.910372
1.862719
1.909029
1.912503
1.910547
-1.908933
-1.903889
-1.914124
1.914108
1.904665
1.913329
1.868228
-1.913757
-1.900941
1.912662
-1.909883
1.871317
1.913761
-1.908889
1.912574
-1.909589
-1.902821
-1.911708
-1.888722
1.913211
-1.914229
1.882662
1.913776
-1.911748
-1.911864
-1.909593
1.912977
-1.912490
-1.910760
1.906730
1.908091
-1.878056
1.913837
-1.913589
1.912761
1.905392
-1.909588
-1.865892
-1.884857
-1.913182
1.910527
1.913439
1.907330
-1.913862
1.904778
-1.909513
-1.909187
-1.901535
1.911660
1.894068
-1.909246
-1.910093
-1.912228
-1.914676
-1.910484
1.889515
1.908230
1.913902
-1.908893
1.913736
1.910372
1.913391
-1.908422
1.913545
-1.909543
-1.913961
1.912643
1.905546
1.908210
-1.913731
-1.913774
1.904898
1.909243
-1.913822
1.908268
1.895047
-1.904104
-1.912265
1.892581
-1.908874
-1.911923
-1.912315
-1.914080
1.910526
-1.914181
1.909122
-1.913579
-1.908655
-1.914143
1.913414
-1.911809
-1.914033
1.909569
-1.912557
1.904900
1.912000
-1.910675
-1.909959
1.894469
1.908354
1.913989
-1.911011
-1.905672
-0.921531
-1.907054
-1.900200
-1.913595
-1.912998
-1.911847
1.914405
-1.911080
1.853263
-1.910343
1.883023
1.913208
-1.898312
1.914135
1.912139
-1.912112
1.909674
-1.913626
-1.907814
-1.907997
-1.897067
1.914202
-1.907087
-1.902659
-1.912803
1.913644
1.894390
-1.900578
1.913399
-1.913419
-1.912437
-1.910738
-1.913827
1.913371
1.913045
1.910490
-1.911389
1.908973
-0.903364
-1.912900
-1.860574
-1.912081
1.912347
-1.910550
-1.859741
1.914066
-1.909445
1.906301
1.912191
1.913963
1.908892
1.912289
-1.910247
1.904596
1.909844
1.912543
1.913113
1.910719
-1.911014
1.911802
1.895020
-1.914068
1.911634
-1.909515
1.909348
1.910966
-1.911102
-0.921313
1.909515
1.909245
1.911796
-1.913833
1.914141
1.911774
-1.910317
-1.914017
1.912813
1.914112
-1.911821
-1.848605
1.913526
-1.913370
1.911566
-1.913679
-1.908559
1.894872
1.913327
1.913676
-1.912888
1.909478
-1.911444
-1.901035
1.910580
-1.914028
-0.904529
1.897696
-1.899133
-1.909580
1.883411
-1.912920
-1.908412
1.900282
-1.911551
1.905211
-1.908767
-1.912409
-1.913980
1.913152
-1.912571
-1.910395
-1.909122
-1.899548
1.911561
1.913863
-1.741404
-1.911818
-1.911294
1.913508
-1.904026
1.912410
1.912742
-1.913026
1.913318
1.872774
-1.911133
-1.910045
1.912902
-1.901044
-1.912605
-1.906449
-1.912637
-1.908016
1.913005
-1.911763
1.912245
-1.913306
1.913437
-1.910056
1.893903
-1.910464
-1.900126
1.913553
-1.913341
1.912164
1.913561
1.912610
-1.913638
-1.913690
-1.912498
1.901975
-1.913612
-1.912610
1.866445
1.910346
-1.908240
1.826078
-1.911920
-1.913032
1.839751
1.913114
1.911710
-1.912983
1.909203
1.912722
1.908654
1.882713
1.912735
-1.912485
1.913243
1.912912
-1.906532
1.902166
1.913634
-1.910824
1.910637
-1.912612
-1.910282
-1.895963
-1.912831
-1.910487
-1.913254
1.911737
-1.913536
-1.910859
1.904838
-1.912402
-1.913049
1.910917
1.900752
-1.911768
1.911235
-1.911362
1.913787
1.912505
-1.912964
-1.913002
1.897394
1.846593
1.912278
-1.913487
-1.912574
1.904874
1.906327
1.913838
1.890708
1.900728
-1.908634
1.912632
1.910621
-1.912188
-1.908216
-1.911650
1.911972
1.907295
-1.911056
1.912999
1.911463
-1.910423
-1.901941
1.913471
-1.908211
-1.906044
1.913457
-1.904245
1.911829
-1.912111
-1.912921
-1.859792
1.910118
1.913081
-1.908973
1.913477
-1.911180
-1.909276
1.913344
-1.913586
-1.913649
1.913657
1.910292
1.913238
1.891833
1.909722
-1.907392
-1.912620
1.913806
-1.912766
-1.894601
1.903386
1.912279
1.913910
-1.913625
1.913545
1.910383
1.911768
-1.909578
-1.909824
1.905632
-1.909850
1.909024
1.908066
-1.909426
-1.908665
-1.908505
-1.909941
1.913593
1.913418
1.910405
1.912887
1.911607
1.909242
1.913889
-1.911503
1.912493
-1.907646
1.912429
1.914249
1.912562
1.908819
-1.906395
1.907707
1.902504
-1.871072
-1.906527
-1.905460
1.900417
-1.899848
-1.910286
-1.908873
1.910757
-1.913169
-1.907098
1.910735
1.909474
1.909278
1.904174
1.909220
-1.907225
-1.911363
-1.906371
-1.908124
1.908711
-1.912747
-1.909568
1.913532
-1.911556
1.913352
1.912778
-1.910918
1.909355
-1.911356
1.911578
-1.908705
1.848253
1.913087
1.913232
-1.910111
1.904878
1.912896
1.910850
1.914397
1.906708
-1.914143
1.913052
1.912828
-1.902140
-1.909264
-1.913343
-1.902583
1.911829
-1.913877
1.911622
-1.913869
-1.912911
1.910728
-1.911877
-1.912881
-1.908971
-1.912435
1.914031
1.913839
-1.912723
-1.910626
1.913730
-1.907361
1.911082
-1.895820
1.910814
-1.912560
-1.913258
1.902694
-1.913291
-1.913770
-1.913409
-1.908130
1.913358
-1.911709
1.913458
-1.904084
1.912385
1.911028
1.912045
-1.885871
-1.912668
-1.911777
1.912382
1.911498
1.901539
1.912426
-1.913576
-1.911381
-1.912563
1.913402
-1.906747
-1.914269
-1.907167
-1.897725
1.903921
-1.909584
1.894414
1.912642
1.911824
1.913447
-1.909132
1.912277
-1.913948
1.913835
1.905827
1.913029
-1.913126
1.908201
-1.913649
1.912794
-1.890253
-1.913603
-1.913016
1.913479
1.900996
1.910723
1.908618
1.892249
1.913759
1.906153
-1.914156
-1.904460
1.910103
1.906983
1.907224
-1.913056
1.911700
-1.899123
1.912464
1.891765
1.907275
-1.913771
-1.612507
1.909160
-1.906296
1.911489
-1.898764
1.913237
1.913391
-1.908361
-1.914000
1.913822
1.911908
-1.909441
-1.914316
-1.913057
1.912927
1.913730
1.913288
1.911752
-1.903808
-1.909494
-1.906855
-1.895381
-1.910222
1.900246
1.909704
1.911386
1.913730
1.908568
1.913338
-1.910933
-1.913165
1.912831
-1.906580
1.914302
-1.910179
1.911337
1.910959
1.908009
1.910604
-1.909561
-1.912483
-1.913666
-1.908269
1.912947
1.912990
-1.913781
1.914458
-1.912565
-1.878025
-1.914150
-1.899382
1.909000
1.914323
1.742466
1.912462
-1.913222
1.911749
1.913284
-1.913335
-1.889647
1.911330
1.913438
-1.893887
-1.903925
1.910603
-1.914422
-1.912619
1.912942
1.874651
-1.905893
1.910641
-1.910254
-1.911027
-1.482020
-1.897840
1.913807
1.914481
1.914149
1.912327
1.910670
1.912757
1.913419
1.913036
1.912358
1.907754
-1.913841
1.914161
1.911543
-1.910891
-1.914223
-1.909240
1.914217
-1.913657
-1.908072
1.906515
1.909709
-1.914050
-1.912220
-1.897042
-1.911596
1.913204
-1.899504
1.874613
-1.914274
1.906796
1.906811
1.913726
-1.908512
-1.912478
1.898433
-1.913432
-1.912112
-1.880725
1.882935
1.913104
-1.904247
1.912410
-1.909774
-1.907325
1.912785
-1.900281
-1.910566
1.913890
1.909287
1.912121
1.910567
1.913015
1.913383
-1.913102
1.907097
1.911675
-1.906781
1.910574
1.914146
1.911935
-1.912338
-1.910829
1.893938
-1.913235
1.839220
1.913293
1.912350
-1.913830
1.911981
1.910947
1.906690
-1.910672
1.890319
-1.911158
-1.911419
-1.882837
1.912219
1.913181
-1.909397
-1.912529
1.913333
-1.906922
-1.878034
1.911854
-1.714263
1.904561
-1.889072
1.912625
1.910816
-1.911990
-1.914139
1.910273
1.912936
-1.909763
1.914480
1.912109
-1.878173
-1.911989
1.912545
-1.910631
1.913402
-1.912601
-1.913023
1.913841
1.913656
-1.910945
1.913072
-1.913342
-1.912914
1.913254
1.913434
-1.903702
1.913966
-1.890775
1.911846
-1.911530
1.913068
1.912971
1.912156
1.909358
1.911995
1.910812
-1.912875
1.911430
1.913559
-1.913337
-1.909231
-1.913643
1.906199
1.910168
1.913906
1.909276
1.852472
-1.909306
-1.910253
1.913600
1.912943
1.913486
-1.900941
1.913523
1.906857
1.885454
-1.906063
-1.850984
-1.907342
-1.911514
-1.914314
-1.901166
1.830128
1.907753
1.912152
-1.910476
1.911630
-1.912773
1.910953
-1.906712
-1.905219
-1.910654
1.895381
-1.913380
-1.912385
-1.911692
-1.910650
-1.913153
-1.893959
1.910397
1.912619
-1.911801
-1.911244
1.912128
-1.910460
1.913925
-1.899295
-1.912858
-1.908144
-1.910405
1.904312
1.867805
1.914407
1.913852
-1.889319
-1.913194
-1.911846
-1.912999
1.912598
-1.914233
1.913498
1.912464
1.907418
-1.912477
1.908604
1.912963
1.907812
-1.914009
1.908475
1.909103
1.910259
-1.910006
-1.908282
1.911618
-1.907703
1.913592
1.911758
-1.912015
-1.911566
-1.910552
-1.913048
1.912821
1.914248
-1.904368
-1.908683
1.905974
-1.851203
1.913693
-1.913048
1.893739
-1.912593
1.913456
1.912880
-1.570384
-1.913653
-1.900476
1.914522
-1.911862
-1.911066
-1.912679
1.902284
1.909810
1.904769
-1.908154
1.909660
-1.913774
-1.912051
-1.659077
1.908057
-1.912110
1.913777
1.900683
-1.913716
-1.901386
-1.911302
1.912713
1.893760
1.025633
-1.892936
-1.900318
1.886800
1.911888
-1.912468
-1.913043
-1.908325
-1.913716
-1.873911
-1.912631
-1.910362
-1.913391
-1.909699
-1.911155
-1.911170
-1.910303
-1.898116
-1.912739
-1.902572
1.912829
1.910005
-1.912194
1.892056
-1.911695
1.913921
1.913355
1.901009
1.912243
1.913857
-1.910033
1.912748
1.914459
-1.910908
1.902589
-1.910359
-1.912291
-1.912611
-1.913289
-1.912079
-1.902370
1.913323
1.913331
1.909307
1.904874
-1.911015
-1.886308
-1.912773
1.906231
1.913949
-1.911963
1.913766
1.914003
-1.913875
1.901991
-1.914305
-1.913196
1.912349
1.909964
1.910979
-1.910731
1.905484
-1.850080
-1.907398
-1.912484
1.913682
-1.911903
1.911832
-1.904127
-1.910771
-1.913894
-1.912932
-1.910908
-1.911787
1.909342
-1.913750
1.912684
1.912875
-1.913285
-1.914069
1.913004
-1.913275
-1.913224
1.903043
-1.913238
-1.912702
1.887677
-1.909577
-1.910652
1.910305
-1.912494
-1.910534
1.912798
1.910213
-1.790290
1.910920
-1.912946
1.913594
-1.884722
-1.913223
-1.911793
-1.914229
1.912791
1.913492
-1.913923
-1.913644
1.908653
-1.908170
-1.827231
-1.655494
-1.914247
1.891830
-1.911328
-1.912820
0.912120
-1.909479
1.912589
1.879311
-1.913361
-1.902626
-1.914313
1.753936
-1.911196
1.907467
-1.910108
-1.913356
1.912844
1.913709
-1.912679
-1.912295
1.907358
-1.910483
1.912512
-1.912688
1.913888
-1.913833
1.869956
-1.901020
1.867550
1.912122
1.905480
-1.897787
-1.730364
-1.912610
-1.882676
-1.913001
-1.897591
1.900285
1.913882
1.912810
1.910279
-1.903820
-1.914266
-1.911816
1.913366
-1.911089
1.914218
-1.905315
1.897629
-1.914265
-1.907450
1.912431
1.885781
1.913532
-1.913583
-1.894575
1.911703
1.910089
1.908351
1.913062
-1.905773
1.910487
1.896852
-1.912237
-1.911394
-0.904274
-1.912410
-1.912976
1.911063
-1.912791
-1.910677
1.912563
-1.913099
-1.907170
1.913893
-1.903122
-1.914323
-1.910491
0.000244
-1.894119
1.913886
-1.913579
-1.655410
1.912562
-1.913497
1.901878
-1.912975
1.913180
1.906044
1.903823
1.887883
-1.906510
-1.910249
1.913465
-1.909252
-1.911490
-1.913042
1.913723
-1.910106
1.913512
1.912894
1.907507
-1.912492
-1.910344
-1.909533
1.903283
1.912031
1.912062
-1.911875
-1.854180
1.910696
1.911464
1.912567
-1.906454
1.913412
1.912870
-1.911993
-1.911386
0.635889
1.908057
1.913246
1.913001
-1.911445
-1.912084
1.912119
-1.904830
-1.911888
-1.913311
1.913423
1.912604
1.911709
-1.910249
1.908877
1.888671
1.910126
1.909790
1.912830
-1.912958
1.892034
1.912209
1.874696
-1.914266
1.878885
-1.912365
-1.912100
-1.908445
1.913422
-1.913817
-1.911115
1.909461
-1.912100
1.909285
1.867768
1.911673
-1.912476
-1.913039
-1.913629
-1.906828
1.910688
-1.909050
-1.912484
1.913008
1.909975
1.912298
1.912003
-1.913332
-1.913534
-1.904585
1.910368
-1.910520
-1.911235
-1.909133
1.913545
1.911881
1.903830
-1.899797
-1.913650
1.912278
-1.913820
-1.907755
1.912341
-1.911804
-1.911893
1.914391
1.912204
1.912091
1.914082
-1.908241
-1.909551
-1.911792
-1.914059
-1.909877
1.904349
-1.912509
-1.912135
1.914105
1.903077
-1.911802
-1.913101
1.912118
-1.661929
1.910936
-1.913050
1.897227
-1.913159
-1.911804
1.882411
1.911079
1.914146
1.846658
1.911989
-1.912473
1.912881
-1.912805
1.911786
1.910499
-1.909487
1.912985
-1.909802
-1.908580
-1.911832
1.913416
-1.910355
-1.913344
-1.865811
1.911399
-1.909532
-1.914197
-1.913834
1.913344
1.907424
1.912679
-1.911472
1.914168
-1.909201
-1.912864
1.913270
1.912829
1.911769
-1.909814
-1.869500
-1.912415
-1.912470
-1.913372
1.912653
1.913560
-1.913753
1.914040
1.905148
-1.909534
1.913195
1.910585
1.911722
1.911790
-1.907838
1.912295
-1.910092
1.912461
-1.912299
-1.913316
-1.912299
1.904601
-1.910860
-1.912217
-1.913292
1.795573
-1.912731
-1.907141
1.912592
1.911007
1.908507
1.911928
1.907623
-1.911648
1.912313
1.910413
1.912931
1.903666
-1.873229
1.910667
1.910887
-1.913848
1.913305
1.911959
1.912223
-1.908899
-1.898110
-1.890924
1.911493
-1.907301
1.913064
-1.884734
1.912051
-1.913021
1.914433
-1.910738
1.901577
-1.912735
-1.911525
-1.912728
1.911767
1.906250
1.912711
1.857138
-1.906110
-1.912506
1.909504
1.912457
1.909839
1.912992
1.904707
1.910739
1.913000
-1.913412
-1.909984
-1.913505
1.911836
-1.909968
1.893022
1.901626
1.911408
-1.893039
-1.913062
-1.913679
1.905064
-1.905639
-1.912998
1.912343
1.910816
1.913634
1.912820
-1.907850
-1.906990
1.911933
1.904188
1.909691
1.914087
1.913369
1.908562
1.911419
-1.908706
-1.913132
-1.898592
1.910998
-1.912376
1.901995
1.821934
-1.912632
1.907469
-1.911666
-1.911463
1.911625
-1.910805
1.908462
-1.910873
-1.911587
-1.913123
1.913016
-1.909764
1.912221
-1.914172
-1.863087
-1.914057
-1.910431
1.911504
-1.913348
1.907112
-1.905009
-1.913685
-1.913257
-1.907888
1.904830
-1.909392
-1.909279
1.868946
-1.912797
-1.907597
1.910307
1.913981
-1.904997
-1.913035
1.914297
-1.913491
-1.910254
1.913290
1.913027
-1.909391
-1.911923
-1.913659
1.913699
-1.911335
1.912970
1.902299
1.914360
-1.914157
-1.911655
1.911936
-1.909567
1.829467
1.907167
1.913010
-1.912344
1.912952
1.913321
1.914092
1.912893
-1.913497
1.913852
-1.911709
1.911640
-1.911182
1.910404
-1.912946
1.908766
1.913478
1.895447
1.912539
-1.913911
1.913559
-1.911491
1.913409
1.911887
-1.912669
1.912871
1.907761
1.912561
-1.862326
1.911814
-1.910204
-1.908026
-1.911793
-1.912501
-1.913005
1.910201
-1.913916
1.907874
-1.906938
1.913167
1.908762
1.913342
-1.908810
1.873311
-1.908472
-1.900841
1.912675
1.909535
1.906073
-1.912997
-1.851704
1.912090
-1.911744
1.903981
-1.913841
-1.908363
1.913134
-1.913263
-1.913113
1.906124
1.910403
-1.906244
-1.902753
1.913639
-1.907173
-1.892525
-1.910204
-1.912325
1.908554
-1.884866
-1.914123
1.912890
-1.912239
1.913725
1.913062
1.911706
1.914191
-1.914115
-1.912825
1.913571
-1.913170
-1.638248
1.912820
1.907394
1.903677
1.874846
1.905981
1.913015
-1.913520
-1.913324
1.914158
1.913683
1.829255
-1.908501
1.913350
1.906512
-1.913122
-1.907469
1.910873
1.913577
1.913278
-1.914168
-1.912862
-1.913599
-1.910752
1.911733
-1.912854
-1.913233
1.908162
-1.912608
1.839714
-1.912825
1.905325
-1.912386
1.907679
1.911247
-1.912363
1.909067
1.913311
-1.912528
-1.912939
1.912339
1.911301
-1.906596
-1.908286
-1.914005
-1.911957
-1.912476
1.912404
-1.911534
-1.903999
1.913924
1.913168
1.888702
1.911861
-1.903011
1.913744
1.911886
-1.913444
1.909290
1.908332
-1.912421
1.911613
-1.912451
1.837826
1.913058
-1.914244
-1.912688
1.911711
1.913445
1.912941
1.874850
-1.911958
1.913031
1.911897
1.912014
1.906157
-1.907544
1.912667
-1.912561
1.910836
-1.913267
-1.910898
-1.909193
-1.913745
1.913314
-1.911183
-1.913399
1.910785
-1.911789
-1.912468
-1.913941
-1.913921
1.913659
1.906306
1.913391
-1.908939
1.913807
1.904926
-1.910203
1.892627
-1.913673
-1.749476
-1.914421
1.912082
1.909197
-1.912377
-1.914376
1.911163
1.913232
-1.914560
-1.910024
-1.907599
-1.911370
1.911177
1.909069
1.913338
1.911387
-1.911499
1.911329
1.913945
1.904659
-1.911932
1.912537
1.909087
-1.912228
-1.913051
1.902796
1.912261
-1.911051
1.911615
-1.909700
1.894143
1.910587
1.912981
-1.912258
-1.908208
-1.912901
1.910250
-1.911826
-1.902871
1.910275
-1.896344
1.910793
1.912972
1.913206
1.891075
-1.910346
-1.913653
-1.897909
1.912227
1.907400
-1.910228
1.910099
-1.905204
-1.913267
1.911842
1.913878
1.913326
-1.911371
1.912993
1.910310
-1.908409
1.913735
1.906779
1.911773
1.902668
1.912854
1.912024
-1.912888
1.910461
1.807668
1.908606
1.909577
1.909785
1.907669
1.912174
-1.909843
1.912634
1.905878
-1.908449
-1.897919
-1.909410
1.911112
1.910180
1.907115
1.913538
-1.912835
-1.902718
1.911744
1.894011
1.893495
-1.913121
1.880131
-1.913708
1.909300
-1.912878
-1.910124
1.912596
-1.911941
1.913820
-1.909112
1.912822
1.913120
1.906968
1.907221
1.897760
1.911747
-1.912174
1.911671
1.913801
-1.908069
1.913821
-1.902611
1.913638
1.913483
-1.913511
-1.905956
-1.912870
1.912759
1.889282
1.911420
1.908555
1.913822
-1.913538
-1.910191
-1.907945
-1.912417
1.911532
1.910774
1.905056
-1.903717
1.912076
1.912051
1.913088
-1.912675
1.913702
-1.912482
1.912626
-1.911539
1.882063
1.912829
-1.815162
1.906631
1.909632
1.912601
1.913096
-1.913071
-1.908988
1.913913
1.901019
-1.899640
-1.895904
-1.913802
-1.908609
-1.909120
1.914186
1.912745
1.912737
-1.911660
1.886837
-1.911162
1.909835
-1.909668
1.910177
1.897862
1.882019
1.910666
1.907812
1.912817
1.909405
-1.913084
-1.913498
-1.905833
1.913709
1.911752
-1.910310
-1.909734
1.910316
-1.909255
-1.910294
-1.897861
1.909833
1.846658
-1.911060
-1.909012
1.908502
-1.911299
-1.911933
1.909905
1.909548
1.866701
-1.900331
1.912881
1.907534
-1.913910
1.912929
1.912219
-1.912446
1.913244
1.913465
-1.913284
1.910598
-1.912752
1.901224
-1.910162
-1.914047
-1.913313
1.913491
1.905874
1.911791
1.911857
1.911046
-1.904600
-1.904445
-1.909865
1.912834
1.911258
1.912540
-1.913817
-1.913374
1.886213
1.914556
1.913341
-1.912630
1.409253
-1.905367
1.908914
1.912761
1.911290
1.897775
1.910418
-1.912338
-1.907416
1.912634
1.900743
-1.911338
1.912223
-1.910197
1.913711
-1.913116
-1.913285
-1.897843
-1.901839
-1.913091
1.910396
-1.910538
1.900879
-1.893570
-1.913124
1.898807
1.910787
1.913720
-1.913577
-1.911111
1.908368
1.900740
1.910881
1.911110
1.911717
1.866804
-1.912019
1.913304
-1.913820
1.913582
-1.842705
-1.908222
1.910280
-1.913279
1.905134
1.913211
-1.913553
1.913505
1.908796
1.914101
1.910287
-1.913677
1.910680
-1.911791
-1.870231
-1.912317
1.910846
-1.912208
-1.912529
-1.910570
1.912578
-0.866839
-1.908007
-1.910600
-1.909818
-1.910776
1.913076
-1.905462
1.906449
1.906093
-1.908253
1.908905
1.910559
-1.910946
-1.910793
-1.901457
1.907860
-1.912214
-1.911672
-1.913464
1.912561
-1.909662
1.913596
1.905334
-1.907552
-1.897829
1.914659
1.912735
1.913177
-1.912003
-1.914107
1.901146
1.913644
1.837444
1.912887
1.908154
1.911509
1.908965
1.897745
1.912873
-1.912070
1.913237
-1.901082
-1.913558
1.912849
-1.912746
1.904965
-1.912232
1.914295
1.810211
1.913930
1.908413
1.908189
1.907652
1.883678
-1.911458
1.905689
-1.906127
1.910825
1.880793
-1.912140
1.851420
1.912895
-1.885190
1.912521
-1.913253
-1.913002
-1.896890
1.891407
-1.910176
1.911630
1.911842
1.913137
1.903299
1.914188
1.881667
1.907133
-1.911865
1.909206
1.908683
1.911974
1.908324
-1.904579
-1.904369
1.907378
1.910048
1.912689
-1.912223
1.912892
-1.910552
1.902178
1.912360
-1.912838
1.911328
-1.909213
1.913164
-1.908606
-1.859582
1.912515
1.902722
1.910115
-1.909593
1.726384
-1.880142
-1.910141
-1.913226
-1.910771
1.910740
-1.907426
-1.914124
-1.909783
-1.911944
-1.912459
1.838661
1.899487
-1.897634
1.909885
-1.909286
1.913046
1.910626
-1.912879
1.912177
-1.885118
1.913375
1.912457
-1.912523
-1.911245
-1.913005
1.912386
1.914113
-1.903696
-1.907391
1.902573
1.909658
-1.907538
-1.901663
1.911137
1.913902
1.912930
-1.913450
-1.913527
-1.914036
-1.910541
1.912844
-1.914054
-1.901405
-1.910661
1.894478
-1.885641
-1.910235
1.895740
-1.913107
-1.899277
-1.908223
-1.912374
-1.912728
1.911338
1.912791
1.907220
-1.913430
1.905384
-1.910356
1.913424
-1.910575
1.908725
1.904849
1.907582
-1.891698
-1.912215
-1.908057
1.911152
-1.914156
-1.909987
-1.913152
1.911599
1.914371
1.910589
-1.912858
-1.910787
-1.913369
-1.910426
-1.909997
-1.909258
-1.913883
1.903168
1.908996
1.913654
1.912250
1.910863
-1.912002
1.906936
-1.907049
1.913077
1.911994
1.904617
-1.911022
1.914265
1.913019
1.912126
-1.913201
1.912834
1.912325
-1.907763
-1.911753
-1.911887
-1.907478
-1.912314
1.909278
-1.910548
1.913514
1.908917
1.914023
1.913126
1.912959
1.902261
1.906108
1.907265
-1.914168
1.914351
-1.910189
-1.911535
-1.913794
1.912780
-1.912691
-1.904691
-1.911989
1.913341
1.909564
1.912323
-1.908186
-1.913735
-1.892309
-1.912524
-1.913914
1.911103
-1.912849
-1.913789
1.907018
1.830592
-1.912303
-1.914201
1.912944
1.914067
1.914179
1.914021
-1.907371
1.913018
-1.913750
-1.911165
1.913594
-1.909614
-1.912963
1.908683
-1.903966
-1.913356
1.909924
-1.911951
1.912429
1.911517
-1.913615
-1.911407
1.910941
1.912720
1.902907
1.913472
-1.904104
-1.913869
-1.912921
1.913234
-1.905614
-1.914169
-1.909509
-1.912104
-1.905473
1.911080
-1.818045
1.897393
-1.909952
1.912827
-1.913232
1.911475
1.895080
1.911782
-1.912789
-1.911911
1.908513
1.912990
-1.908291
1.771650
-1.909621
-1.914322
-1.910615
1.907942
-1.801649
1.913504
-1.912701
1.912946
-1.893461
-1.910315
1.910032
1.912139
1.904380
1.910336
1.911798
-1.914226
1.894040
-1.910288
1.912340
1.913007
1.910995
1.914091
-1.907922
1.909564
1.913527
1.911887
-1.913976
-1.899682
1.910021
-1.914502
-1.913515
-1.912974
-1.909341
-1.910226
-1.904507
-1.903742
1.912033
1.911042
-1.896010
1.912870
1.913596
1.912705
-1.909233
-1.906900
1.908233
1.913689
-1.570399
1.913669
1.913119
-1.910104
-1.902055
1.910388
1.908641
-1.913366
1.912593
-1.913784
-1.912434
1.908835
-1.909566
1.911097
1.909245
1.913410
-1.905521
-1.911592
1.913695
-1.913643
-1.913179
-1.910181
1.902497
1.913933
1.910266
1.894058
1.907216
1.913867
-1.911159
1.912348
-1.912028
1.873777
1.909230
-1.911539
1.912782
1.910878
1.910886
-1.913153
1.910740
1.875642
1.889332
-1.913047
-1.908043
-1.866086
-1.906022
-1.911766
-1.908719
1.913440
1.913003
1.913736
1.903767
-1.889943
-1.906380
1.911424
-1.910496
-1.910054
1.883407
-1.913857
1.906248
-1.910399
-1.910014
1.912839
-1.911834
1.893560
-1.912415
1.913423
1.869866
-1.909323
-1.895747
-1.911275
-1.883889
-1.912652
1.911258
-1.909824
-1.901734
-1.906294
1.913712
1.913565
1.912192
1.903353
1.911949
-1.910664
1.913554
-1.903056
-1.911817
-1.912886
1.906645
1.909263
1.913713
-1.911873
1.826056
-1.908451
1.913099
-1.906998
1.906016
1.896868
-1.909386
1.911919
1.907905
1.914184
1.913463
1.908835
1.912396
1.911760
1.913518
1.910150
1.913512
1.913047
1.768897
1.913462
-1.887265
1.865067
-1.902208
-1.904937
1.912551
1.911248
-1.481463
1.911761
-1.911886
-1.907288
1.911564
1.909991
1.912172
1.867768
1.912585
1.913115
1.913444
1.912332
-1.912641
-1.912910
1.910894
-1.911176
1.909597
1.912871
1.913068
-1.912522
1.910866
1.899149
1.905549
-1.911039
1.906949
1.887363
-1.912533
1.904906
-1.906521
1.905796
1.908168
1.912520
1.912762
1.905064
-1.912258
1.905947
-1.910578
1.913264
1.907446
-1.909796
1.914216
1.911931
1.909712
1.914301
-1.913790
1.895415
1.913890
1.913118
-1.911656
-1.912358
1.912864
1.912333
1.912207
1.913746
-1.913298
-1.913951
1.913015
-1.910893
1.909621
1.901684
-1.913980
-1.909519
-1.908473
1.914158
1.912809
1.913040
1.914046
-1.906168
1.912292
-1.910284
1.906192
1.909942
1.913628
1.913258
1.907957
-1.908723
1.908124
1.865504
1.911897
1.906946
1.900100
-1.912766
1.910845
1.913779
-1.912987
-1.884531
1.914597
1.912934
-1.912327
1.913533
1.914226
-1.912506
1.913724
-1.909291
-1.911857
-1.911468
-1.908443
1.913605
-1.892982
-1.908208
-1.911652
-1.911107
1.906574
1.913893
-1.907267
1.910804
1.913636
1.913373
-1.893082
-1.911257
-1.912611
1.912611
1.910326
1.911266
1.911117
-1.909253
1.913244
1.912787
-1.897759
-1.913876
1.912843
-1.912593
1.910418
1.912967
1.904226
-1.909731
1.907448
1.913205
-1.911705
1.912678
-1.912385
-1.913235
1.833773
1.912502
-1.912299
1.914095
-1.911834
1.909811
-1.911554
-1.914465
-1.912731
1.911245
-1.899448
1.912457
-1.914552
-1.912450
-1.909366
1.909196
1.904310
1.913591
-1.913182
1.910616
1.912889
1.914282
-1.912796
1.913302
1.909250
-1.908342
-1.828355
1.914361
1.907155
1.913046
-1.909053
1.911272
1.907674
1.914289
1.909448
1.881293
1.909550
1.912533
-1.913443
-1.893577
1.911747
-1.912845
-1.897750
1.906538
1.912874
-1.912928
-1.911031
1.910341
1.905790
1.911838
1.912631
-1.911916
1.912643
1.907852
-1.910413
-1.914082
1.902738
1.913468
-1.913868
-1.911371
1.906676
1.910197
-1.912790
1.906427
-1.913973
1.912950
1.900196
-0.617951
-1.902264
-1.879839
-1.887085
1.901204
1.909384
1.908530
-1.914272
-1.913105
1.879031
-1.854721
-1.912907
1.846716
-1.908833
1.910195
1.914225
-1.912450
1.912349
1.898812
-1.898582
-1.911318
-1.913705
-1.904282
-1.910691
1.912028
1.911430
-1.911122
1.913844
1.908662
-1.906899
-1.906676
1.909125
0.912585
-1.907844
1.912582
1.912609
1.912862
1.913848
-1.902090
-1.911625
1.913132
-1.911875
1.912823
1.742706
1.906465
-1.908319
-1.901819
-1.910678
1.913184
-1.912033
1.912853
-1.908473
-1.914435
-1.908809
-1.912625
1.912953
1.912649
-1.911245
-1.908437
1.912383
1.769937
-1.912849
-1.913176
1.900545
-1.912748
1.911436
-1.913157
-1.910486
-1.911583
-1.914053
-1.911323
-1.906437
-1.910182
-1.912420
1.905858
-1.912407
1.906937
-1.898548
-1.912182
-1.911904
-1.890780
1.908912
-1.893822
-1.912307
1.912168
1.902921
1.909835
-1.901053
1.913663
-1.912346
1.913922
-1.877912
-1.910481
1.911721
-1.914011
1.910536
-1.908675
-1.911448
1.912064
1.910168
-1.911936
1.895271
1.867883
1.905742
-1.909406
1.913303
-1.910762
-1.905114
-1.910604
-1.908437
-1.903166
-1.903518
-1.912729
-1.913628
-1.910639
-1.898984
-1.908116
1.911071
-1.911190
1.913427
1.910318
-1.912389
1.913188
-1.910450
1.894743
1.904615
-1.883912
1.913178
1.912321
-1.911707
-1.913800
1.911194
1.913596
-1.908189
1.912606
1.913117
-1.912230
-1.910452
1.906276
1.910632
1.912945
1.913012
1.913080
1.914171
-1.906902
1.910283
-1.912212
-1.913285
1.913921
-1.913524
1.913028
1.912106
-1.912191
-1.887825
-1.908005
1.911790
1.911728
-1.899371
1.902647
1.910107
1.911295
-1.907157
-1.912659
-1.912865
-1.910196
-1.912587
-1.911862
1.913571
-1.909768
1.913994
1.913650
1.913040
1.910731
1.911149
1.899102
-1.911458
-1.912954
-1.910778
-1.914032
-1.897011
1.908683
-1.911769
1.879999
-1.913024
-1.913947
1.913556
-1.912296
1.910017
1.912645
1.910638
1.909986
-1.782263
-1.913607
1.900296
1.913525
1.910511
1.901207
-1.911633
1.910418
1.913785
1.911717
-1.912800
1.912828
1.911812
1.913306
1.904353
1.911363
1.913402
-1.901625
1.911166
1.909453
-1.907927
-1.910118
1.912715
-1.910472
1.913895
1.901274
-1.914235
-1.900700
1.906204
1.911217
1.911720
-1.913503
-1.905543
1.913763
1.909888
-1.912051
-1.912163
1.913354
1.912897
-1.908574
-1.896981
1.908262
1.910376
1.913212
1.912564
1.913859
-1.913682
-1.910887
1.913629
-1.907842
1.909481
-1.911252
-1.913977
-1.896043
-1.902293
-1.912392
-1.892834
-1.912512
-1.913473
-1.912809
-1.913686
-1.913463
-1.913111
-1.895542
-1.913422
-1.913596
-1.898951
1.912923
1.913176
1.912188
-1.914051
1.912878
-1.909247
1.913174
-1.912091
-1.912275
1.862342
1.912402
-1.911529
-1.815216
1.913353
1.912185
1.912364
-1.904972
1.913019
1.913693
-1.911745
-1.908742
1.909170
1.912032
-1.914385
1.913627
-1.867624
-1.911257
-1.909694
1.911565
-1.911973
-1.907065
1.910941
-1.910584
-1.912979
-1.829571
1.907615
1.912974
1.910474
1.891107
1.909228
1.876260
-1.911844
1.910344
1.896657
-1.899169
-1.913532
1.909792
-1.914308
-1.910639
-1.913136
1.905187
-1.909462
-1.890902
-1.904701
1.887087
-1.909807
-1.914148
-1.910127
-1.907268
-1.901376
1.907377
-1.911116
1.873632
1.911364
1.913492
1.913825
1.913217
-1.913683
1.910727
-1.904754
-1.912313
1.911022
1.913180
-1.909847
1.909587
-1.906683
-1.911708
1.913185
1.914166
1.913373
1.913648
1.912923
1.913452
-1.912149
-1.887483
1.911018
1.914102
1.899421
-1.884441
1.910917
-1.908519
1.909273
1.885167
1.906044
1.911723
-1.911892
-1.910078
1.913302
1.904827
1.886301
1.914518
1.906127
1.902211
1.913915
1.910348
-1.914549
1.892014
-1.912468
-1.909914
1.913821
-1.857662
-1.911828
-1.899636
-1.911905
-1.909708
-1.894480
-1.913159
-1.910896
-1.910926
1.904665
1.908092
1.913102
1.910282
-1.905258
1.912946
1.912149
-1.910311
1.911945
-1.912234
-1.911137
-1.910761
1.905590
-1.913907
1.908734
-1.911667
1.913040
-1.906735
-1.911691
-1.912121
-1.913870
1.912841
1.907400
1.907434
1.912355
-1.913245
-1.914022
1.388600
1.912384
1.911550
1.907088
1.907550
1.910512
1.911428
1.910520
1.909680
-1.850956
-1.912962
1.912973
1.907741
1.913341
-1.913005
1.910446
-1.914427
1.911781
1.910295
1.909279
1.907119
-1.910388
-1.913249
-1.911737
-1.911453
1.912209
-1.902385
1.905251
1.912714
-1.910245
1.909200
-1.910142
1.913243
1.912123
1.912866
-1.912300
1.913453
-1.912140
-1.913918
-1.908184
-1.910457
-1.890422
-1.900898
-1.912296
1.914269
1.914074
1.910858
1.903275
-1.913559
1.869256
1.912654
1.913028
-1.911711
1.913892
1.907622
1.911161
1.904559
1.912773
-1.912803
1.912178
-1.911478
-1.908791
1.902497
1.910921
-1.913559
1.910452
1.909286
1.913073
-1.902096
-1.906215
1.903413
1.910103
1.907495
1.912962
1.913418
1.914028
-1.901432
1.911264
1.893030
1.900319
-1.912563
1.912097
-1.913780
-1.913109
1.847462
1.848196
-1.897508
1.910445
-1.912670
-1.910010
1.911994
1.913927
-1.911385
1.912060
1.912953
1.909720
-1.902320
-1.912643
1.910145
-1.908457
-1.910668
-1.914021
-1.913693
-1.912127
1.873208
1.914329
1.902334
-1.910954
1.907230
1.910898
1.909426
-1.911011
-1.913435
1.909243
-1.913021
-1.910320
1.865087
-1.905275
1.898441
1.905113
-1.901995
-1.912251
1.913593
1.909773
1.914349
-1.914085
1.911621
-1.901435
-1.910313
1.904886
-1.911707
-1.904378
1.912058
-1.910533
1.905538
1.913538
-1.913907
-1.907848
1.907547
1.909015
-1.913077
-1.913687
-1.909675
1.913018
-1.913341
1.904274
-1.913766
-1.912062
1.911429
1.909041
1.913803
-1.911561
-1.908468
1.909552
-1.909701
-1.910098
1.910058
-1.914259
1.910073
1.913331
1.912842
-1.907886
1.910189
-1.909565
1.911936
1.910035
1.911813
-1.912110
1.912858
1.912975
1.909010
-1.913921
-1.913394
1.898250
1.905507
1.905548
-1.909295
-1.861478
1.861863
1.910324
1.913153
-1.887025
-1.908036
-1.910495
1.912398
-1.908174
-1.911767
1.910494
-1.902225
-1.910566
1.912787
1.911134
1.910953
1.912516
1.907064
1.902703
-1.890852
1.913114
1.911562
1.912495
1.906212
-1.909926
1.890055
-1.911912
-1.914271
1.910514
-1.910602
-1.884318
1.912113
-1.914025
-1.913278
-1.913356
-1.903428
1.903023
1.909098
-1.914562
1.900726
-1.912890
-1.910333
1.910614
-1.909615
-1.909370
-1.910921
-1.913373
1.908598
1.908501
-1.909863
1.911470
1.911919
1.913202
-1.912408
1.912120
-1.911146
-1.801529
1.913772
-1.905773
-1.912261
-1.913725
-1.914175
1.913244
-1.900846
1.912770
1.910491
-1.909057
-1.912266
-1.909303
1.908219
1.913048
1.913159
-1.909540
1.914188
1.913316
-1.909953
-1.913726
1.913347
-1.913110
1.909081
1.913259
1.895564
1.909880
1.905969
1.907611
-1.906734
1.911101
-1.907329
-1.910269
1.877614
-1.910353
1.913636
1.913498
1.914152
-1.906863
-1.900828
-1.900057
1.913132
-1.894294
-1.907945
1.902601
1.909587
1.914401
-1.913975
-1.911260
1.909844
-1.912339
1.912186
-1.910550
1.885589
-1.912206
-1.911706
1.896390
1.911183
1.826467
1.910515
-1.912294
-1.906529
1.907123
-1.906767
1.883449
-1.912280
-1.913159
1.913510
1.913017
1.913348
-1.909943
-1.897854
1.912460
1.909169
-1.913223
-1.909458
-1.906679
-1.899159
1.911252
-1.912739
-1.912668
1.912618
-1.912838
1.912856
1.906211
1.913928
1.913023
1.895920
-1.909142
-1.913206
1.903133
-1.912383
-1.909433
1.908288
1.910078
1.869688
-1.913027
1.907152
-1.910672
-1.914306
1.914461
1.906873
-1.912750
-1.907783
-1.913333
1.913645
-1.912980
-1.904657
1.912211
-1.912697
1.911924
1.912282
1.908417
1.905114
1.911867
1.905782
1.911354
-1.886220
1.911286
1.913630
-1.913178
1.913622
-1.867465
1.905887
1.908208
1.913993
1.913305
-1.907894
1.910432
1.913687
1.912052
1.912698
-1.914547
-1.913503
-1.912948
-1.913378
1.837836
-1.909471
-1.913064
-1.909777
-1.914067
1.913742
1.907330
1.912787
1.911268
1.912101
-1.913718
1.833321
1.911781
1.904517
-1.913787
-1.913857
1.911972
-1.910874
-1.910493
-1.903590
-1.910143
-1.913603
-1.911892
1.909957
1.914184
1.911605
1.910506
-1.907476
1.883123
1.906235
1.912008
-1.912524
-1.912726
1.911757
1.913560
1.912991
-1.912983
1.914002
1.912285
1.833929
1.913958
1.913343
-1.913927
1.910065
-1.910938
1.912546
1.912338
-1.908221
1.909560
-1.911245
1.912103
1.910072
-1.910895
-1.913599
-1.899452
1.904203
-1.910789
-1.912632
-1.914008
1.913763
-1.909519
1.912662
-1.914152
-1.910528
1.912856
-1.913612
-1.900135
1.913438
1.889403
1.903345
-1.913363
1.912322
1.905440
1.913968
1.913078
1.911231
-1.912911
1.908190
1.906672
1.910670
1.912193
1.912395
1.909964
-1.913988
-1.912230
1.907346
1.910215
1.910971
-1.908085
-1.910721
1.911979
-1.913230
-1.875184
1.911757
-1.905654
-1.901344
-1.912446
1.912891
-1.904176
-1.886810
1.912771
1.912494
-1.907388
1.912847
-1.908373
-1.913372
1.899117
1.913280
1.909998
-1.814148
1.912069
1.913341
-1.905303
1.910771
-1.911317
1.904471
-1.906530
1.904562
-1.912661
-1.911569
1.914249
1.881100
1.911111
1.913624
-1.912641
-1.910879
-1.911907
-1.913133
-1.848365
-1.911707
-1.914287
-1.912725
1.914428
1.912421
-1.910877
-1.913964
-1.911341
1.910009
-1.913549
-1.914002
-1.912912
-1.911351
-1.911615
1.913811
1.912436
1.913849
-1.913757
-1.911256
1.913566
-1.911157
-1.906799
1.914379
-1.907169
-1.910053
-1.893784
-1.911202
1.908646
-1.909235
1.906696
-1.911293
-1.913653
1.912851
1.911031
-1.909916
-1.911493
1.913916
-1.910192
-1.909042
-1.910106
-1.912187
1.909728
-1.912812
1.911106
-1.909707
-1.912694
1.912523
1.913384
1.907920
1.861442
-1.911010
-1.905722
-1.910850
-1.912228
1.912218
-1.909514
1.912649
1.905682
1.913273
-1.910855
1.913193
1.911751
-1.913594
-1.910372
1.905608
1.913551
-1.851321
1.911819
1.867457
1.895045
-1.911528
1.912734
1.884809
1.879880
1.913554
1.909774
-1.813645
-1.897782
1.913853
-1.913493
1.881551
-1.913588
-1.914308
1.913923
1.884381
1.907147
1.912607
1.908891
-1.912671
1.904423
-1.913526
1.911787
1.911138
-1.912346
1.909798
1.822857
-1.895864
-1.913272
1.913327
-1.913379
1.911901
1.904799
1.908458
-1.912522
-1.913185
-1.913103
-1.910061
-1.912761
1.912707
1.906509
-1.908726
-1.912800
-1.910509
1.910701
-1.913982
1.913334
-1.910386
1.914195
1.868428
-1.912604
1.914126
-1.912261
-1.908362
1.911630
-1.910710
1.879664
-1.911382
1.913287
1.906442
-1.912951
1.891968
-1.907966
1.914184
1.909234
1.913246
1.910762
1.913208
1.904646
1.913353
-1.912252
-1.911176
1.913781
1.913019
1.899488
-1.913626
1.912926
-1.910060
1.908881
1.913368
1.910176
-1.913000
1.906019
1.911029
-1.909847
-1.896423
-1.911829
1.911902
-1.913382
1.904835
-1.913475
-1.912680
1.913221
1.913342
1.911893
1.906244
1.912926
1.909493
-1.911108
-1.901570
1.906505
-1.913138
-1.913939
-1.913886
1.913703
1.911542
-1.906549
1.911627
1.912327
-1.908320
-1.897348
1.909203
1.901390
1.880850
1.912109
-1.883121
1.889421
-1.911263
-1.908741
-1.911132
1.912065
1.902575
1.910651
-1.908657
1.911161
1.911094
1.913936
-1.914273
-1.913402
-1.911277
1.912198
1.912561
-1.907559
-1.912118
-1.913693
1.914004
1.910882
1.902314
-1.907334
-1.908713
-1.904388
-1.903801
1.908244
-1.914262
1.911690
-1.913335
-1.898108
1.907506
1.878631
1.909600
-1.912627
-1.911902
1.908635
-1.899022
-1.911946
1.875806
1.909519
1.907075
1.912639
1.912888
1.904822
1.914441
-1.911966
-1.914276
-1.902041
-1.913615
-1.914310
1.909691
-1.913337
-1.912171
-1.914346
1.906594
1.910901
-1.912009
-1.913284
1.905241
-1.914151
-1.914173
1.912991
-1.912572
1.912872
1.896067
-1.893040
-1.910282
1.903687
1.910743
1.911299
1.908234
1.911604
-1.913810
1.912745
-1.912947
1.914137
1.909045
-1.901442
-1.913060
-1.894778
-1.899281
-1.903574
-1.914041
1.913386
1.913748
-1.907899
1.892000
1.913760
1.754501
1.912675
1.910748
-1.907051
1.913537
1.913267
1.900510
-1.909853
1.904340
-1.913008
1.913059
-1.908555
-1.914033
1.910717
-1.910885
1.913371
-1.845134
-1.913643
1.913321
-1.913980
-1.912868
-1.912353
1.911172
1.912179
-1.913485
-1.910731
1.914603
-1.910470
1.914147
-1.913239
-1.909877
-1.908898
-1.911986
-1.911195
1.913490
-1.909352
1.910206
-1.913760
1.901487
1.816278
-1.612300
1.887007
-1.905659
1.913308
1.911742
1.906859
-1.911199
-1.912707
-1.907487
-1.911889
-1.910666
1.904517
1.913320
1.912496
1.910746
1.912962
-1.913554
-1.884373
-1.897562
-1.911472
1.891659
1.913013
-1.914605
1.912412
-1.904837
-1.910335
1.911483
1.910717
-1.910361
1.910330
1.913255
-1.910005
-1.908263
-1.913543
1.913272
1.913194
1.913896
-1.822857
-1.897120
-1.913659
-1.914140
1.911237
1.911738
1.912331
-1.912054
1.912803
1.906697
1.907663
1.911296
-1.909732
-1.910703
-1.913360
-1.897022
-1.910143
1.912034
-1.909853
-1.908497
1.912577
1.911270
1.912742
1.913008
1.912877
-1.897057
1.905118
1.896653
-1.914008
1.911025
-1.907677
-1.909787
1.911001
1.914112
-1.911993
1.912136
1.875863
-1.911864
1.912087
1.912772
-1.911580
1.905346
-1.866121
1.910073
-1.913541
1.911004
-1.913681
-0.905583
-1.896235
1.898930
1.912481
1.905940
-1.913085
1.906541
-1.912611
1.910745
-1.913609
-1.913787
1.911640
-1.912958
-1.911136
-1.889739
-1.912363
1.911309
1.909055
1.880520
-1.911897
-1.913429
1.906647
-1.910854
-1.907261
-1.907018
1.913415
1.912111
1.913352
1.913253
-1.900974
1.760337
-1.909030
1.909139
1.906197
1.912414
1.913937
-1.912028
-1.911455
1.913874
-1.913917
1.910967
1.912575
1.907894
-1.911140
1.912695
1.909151
1.908555
-1.911284
-1.904900
-1.910128
1.911702
1.911896
1.910477
1.913016
1.881165
-1.912766
1.911716
1.913160
-1.906658
1.901081
1.888166
1.911861
1.908691
-1.911925
1.913798
1.889088
-1.911790
-1.911016
-1.912296
1.911191
-1.908769
1.913678
1.910589
1.908532
1.910881
1.895980
-1.912919
-1.913105
1.912740
-1.901639
1.913797
-1.910667
1.913965
1.912259
-1.907141
1.912976
1.907851
-1.911949
1.907284
-1.910358
1.914066
-1.912346
-1.912420
1.913694
-1.910895
1.910473
1.913523
-1.911350
1.910008
1.911627
1.907725
-1.912297
1.903492
1.909006
-1.911065
1.907468
1.806912
1.903190
1.913944
1.909767
-1.889592
1.913652
1.913771
1.909502
-1.912069
1.912820
-1.910615
1.912648
-1.908630
1.912390
-1.911795
1.912743
-1.904959
1.905607
-1.902591
1.913203
1.910799
1.910899
-1.909253
1.913779
1.913936
-1.891347
1.911614
-1.907144
-1.908018
1.898301
1.910773
1.030239
-1.901042
1.908589
-1.913514
1.911861
-1.909149
1.912649
-1.896696
1.911428
-1.910825
1.914318
-1.908673
1.909331
-1.913828
1.909747
1.905514
1.913626
1.913823
1.911265
-1.913940
-1.913716
1.912412
-1.914237
1.901835
1.905705
1.894473
-1.914005
-1.910765
-1.845999
1.890507
-1.911006
-1.910595
1.907468
1.914220
1.909094
1.888737
1.904326
-1.913659
1.857365
1.912326
1.910634
-1.908284
-1.907730
1.911393
1.905493
-1.913599
1.912437
-1.912861
-1.911326
-1.914118
1.907313
1.913268
1.905749
1.912255
1.879927
1.910914
1.908147
1.910071
1.873436
-1.913882
-1.911482
1.911081
-1.912064
1.903687
-1.912994
-0.988855
-1.910645
-0.921474
-1.913686
-1.908518
-1.913103
1.907970
1.913449
1.900590
1.912888
1.913069
1.913816
-1.914691
-1.913977
1.911931
1.912987
-1.913365
1.907347
1.904657
-1.900273
1.912776
1.914306
1.912996
1.912977
1.911427
-1.909298
-1.913837
1.913546
1.913970
-1.821389
1.912377
1.910898
1.913299
1.912765
-1.908959
1.913272
1.913110
-1.911602
1.912325
-1.912997
1.913753
1.911782
1.913737
-1.903135
1.910689
-1.911305
1.912560
1.911549
-1.906095
1.889217
-1.811335
1.912114
-1.911643
1.910061
1.905331
1.913064
-1.913556
-1.910820
-1.912321
1.912804
1.914046
1.913023
1.911606
1.911732
-1.873599
1.891961
-1.913312
1.914398
-1.912782
-1.913658
-1.910037
-1.912369
1.740345
-1.912376
-1.911583
1.909374
1.913908
1.913897
-1.908884
1.913998
1.753346
-1.912607
-1.907598
-1.911969
-1.907420
-1.910824
1.912206
-1.910127
-1.907283
1.913085
1.911079
1.910501
1.910721
1.816527
-1.911647
-1.912615
1.901564
1.865080
-1.875746
-1.908397
-1.899500
-1.909888
1.910710
1.913893
1.911308
1.878780
-1.870581
1.907206
1.910379
1.910871
1.913639
1.914213
1.908756
-1.903224
-1.910889
1.911268
-1.912586
-1.911107
-1.909249
1.892957
1.908884
-1.877915
-1.913099
-1.912459
1.914020
-1.904114
1.913411
1.911912
-1.913045
1.912704
-1.912697
-1.911065
-1.914188
-1.913331
1.913706
-1.903638
1.912702
1.913272
1.906917
-1.913835
1.913094
1.911514
1.901559
-1.911296
-1.902687
1.906318
-1.912834
-1.913056
-1.886811
1.913082
1.912524
-1.895057
1.911748
-1.910588
-1.911455
1.913688
1.912464
-1.907798
1.908709
1.912680
-1.901671
-1.913911
1.907996
1.913692
-1.913993
1.912613
-1.909078
-1.912654
1.904335
-1.912445
-1.896304
1.030284
-1.892444
1.912442
-1.907191
1.909052
-1.912661
-1.912528
1.911981
1.913000
1.910374
-1.912203
1.912553
1.864763
1.913085
1.912442
1.913027
-1.912600
-1.910794
-1.914277
-1.913139
1.908381
1.912735
1.913938
1.899095
-1.913392
-1.848063
1.914425
-1.913285
-1.913664
1.903106
-1.878099
1.865983
1.914475
1.892020
-1.913261
1.914137
1.867691
1.903094
1.909829
1.898676
-1.911701
-1.902728
-1.910691
-1.913500
-1.912906
1.912491
1.911293
1.913269
-1.913576
-1.913191
-1.841994
1.913387
-1.912049
-1.907666
1.900232
1.897554
1.837695
1.908257
1.913728
-1.911436
-1.913126
1.910824
1.891897
1.907364
-1.911602
1.914241
-1.887301
-1.914261
-1.900354
-1.911987
-1.913577
-1.913035
-1.904552
-1.912626
-1.911432
-1.913565
-1.913872
1.913422
1.893132
-1.907449
1.910017
1.866317
1.912326
-1.895033
-1.907168
1.912962
-1.908798
-1.913760
-1.914380
-1.914244
1.909463
1.907890
-1.913672
-1.912365
1.914221
1.913523
1.911514
1.910651
-1.912319
1.911715
-1.913251
1.829491
-1.914104
1.887531
1.911486
1.912567
-1.911239
-1.913367
1.913231
1.911833
1.912609
1.909521
1.913144
1.911327
1.911617
1.905918
1.914081
-1.913864
-1.910643
-1.912518
-1.905614
-1.907117
1.867925
-1.910616
1.908290
-1.913273
1.902298
-1.911621
-1.886887
1.891447
-1.907011
-1.913145
1.914292
-1.910532
1.909671
-1.912688
1.904999
1.910133
1.914091
1.913868
1.912869
1.905366
1.913239
-1.913977
-1.913790
1.909067
-1.913103
-1.907342
-1.843072
1.912472
1.912843
1.908300
-1.912763
1.912749
1.910611
1.912711
1.908707
1.912036
1.909956
-1.912814
-1.913296
1.912737
-1.910317
-1.913995
-1.854720
-1.905910
-1.910556
-1.904277
-1.902328
-1.910255
1.914000
1.909643
1.914416
-1.910525
1.913573
1.911819
-1.913916
-1.900050
1.912481
1.909488
-1.911968
1.873456
1.895714
1.910510
-1.910174
-1.912947
-1.911033
-1.913793
1.908055
-1.908837
-1.910354
1.911422
-1.914049
1.914016
1.900225
-1.907678
-1.911252
1.913475
-1.911373
-1.910547
1.905519
-1.913042
1.914394
1.907191
-1.901432
1.913642
1.914278
1.905789
1.909287
-1.908793
-1.907104
-1.910944
-1.909989
1.902726
1.909412
1.905411
1.909843
1.911788
1.911431
1.912360
1.911961
-1.901950
-1.906461
1.912571
-1.910773
-1.910208
-1.909866
-1.913577
-1.914176
-1.914046
1.857369
-1.913821
-1.908408
1.914246
1.904259
-1.910328
-1.866909
-1.912369
-1.910964
1.880853
-1.911425
1.908701
1.909581
1.913353
-1.902395
-1.910725
1.861873
-1.912028
-1.890654
-1.911877
1.912838
-1.914096
1.911520
1.912801
-1.913583
-1.911639
1.909943
1.912118
1.874580
1.912351
1.911215
-1.912314
1.914548
1.911820
-1.912951
-1.913022
-1.911821
1.912947
-1.911385
1.913158
1.913834
1.912390
1.912619
-1.910717
1.914582
1.912603
-1.911982
-1.910806
-1.907552
-1.913889
1.913306
-1.912766
-1.914013
1.912061
1.911912
1.908642
1.913222
-1.909551
-1.911220
1.910715
1.905820
-1.912024
0.233784
1.910404
1.912966
-1.907226
1.867778
-1.908596
-1.912853
-1.909510
-1.914066
1.908636
-1.887986
1.897891
1.913908
1.913486
1.914275
1.913660
-1.910386
1.914200
-1.905738
-1.913091
1.896335
1.892898
-1.908490
-1.908420
-1.905039
1.908112
-1.870529
1.906249
-1.901380
-1.867749
-1.902370
-1.913852
-1.912707
1.911854
0.635745
-1.911683
1.912231
1.894485
1.912680
1.914137
1.909575
-1.911359
1.913710
-1.911921
-1.913625
-1.909064
1.913540
1.902584
-1.899909
-1.908700
-1.910517
1.908922
1.913690
-1.910070
-1.695182
-1.911928
1.913827
-1.912961
-1.909990
1.907284
-1.911953
-1.911486
-1.912304
-1.914346
1.910282
1.905985
-1.913792
1.913772
-1.912988
1.913967
-1.910712
1.910288
1.909753
-1.914246
-1.913942
-1.912492
-1.907338
-1.909697
-1.911366
1.910591
1.905099
1.910200
-1.913118
-1.901787
1.913328
-1.914346
1.913923
1.910808
1.910245
-1.900578
1.913333
1.912402
1.908296
1.910612
1.906157
1.907104
-1.910038
1.913437
1.914070
-1.901021
-1.911427
1.907231
1.913789
1.910711
1.911033
-1.912282
-1.911821
1.910921
1.912842
-1.913720
1.913524
1.913250
-1.911911
1.894570
1.913050
-1.913476
-1.912684
1.908972
-1.912158
-1.911200
-1.912438
-1.912984
-1.909110
-1.913985
-1.913673
1.912958
1.910239
-1.907017
1.912521
1.910372
1.912501
-1.902734
1.913731
-1.912931
-1.912938
1.911265
1.905683
-1.911750
-1.913746
1.911282
-1.907034
1.914388
-1.910168
-1.906167
-1.913070
1.913875
-1.893641
1.913739
-1.913386
1.908965
-1.913703
-1.913337
1.898920
1.913863
-1.912710
-1.903559
-1.902608
-1.910580
1.914398
1.912915
1.913621
1.912264
1.912231
1.913791
-1.911868
-1.906287
-1.910206
-1.913426
-1.911269
1.912461
1.913524
-1.905072
1.907033
-1.905116
1.913229
1.912367
-1.910792
-1.906769
1.913891
1.912243
1.910459
-1.882788
-1.906203
-1.911709
-1.904742
1.914193
-1.913361
1.895463
1.912850
-1.912445
-1.914359
-1.912945
1.912334
-1.903334
1.911325
-1.876240
1.911685
-1.912942
-1.912352
-1.911329
-1.910191
1.912607
-1.912483
-1.910743
-1.912299
1.912935
-1.912588
-1.885158
1.870345
-1.905864
-1.910588
-1.906150
1.809477
1.914235
1.913056
-1.913193
1.912968
-1.913964
-1.730256
1.910486
1.903122
-1.910668
1.883357
-1.911479
-1.906062
-1.912270
-1.910400
-1.911618
-1.912493
-1.909853
-1.913656
-1.909273
-1.909079
1.880864
1.914406
1.909700
1.875197
1.912155
1.903180
-1.908787
-1.907311
-1.912460
1.911426
1.902700
1.913363
1.909523
-1.911886
1.912183
-1.909829
-1.913249
1.912243
-1.901669
1.912032
-1.913959
1.913946
1.900935
-1.910090
1.910730
-1.910748
-1.912779
-1.905776
1.911095
1.913988
1.909304
-1.905741
1.910934
1.906440
-1.911734
-1.906615
1.911840
1.912249
-1.905401
-1.909097
-1.908467
1.912098
1.893541
1.912857
-1.908272
1.913795
-1.914224
-1.912069
1.909724
1.910725
1.900303
1.913701
-1.914193
-1.909812
1.914198
1.912725
-1.910467
1.913322
-1.914053
-1.892737
-1.910075
-1.910258
-1.913145
-1.910507
1.911697
1.913686
-1.913587
-1.911828
-1.912943
1.913688
-1.910987
-1.904089
1.909276
1.898785
1.912966
1.913284
-1.912933
1.911003
-1.905774
1.907502
-1.913771
-1.914378
1.912153
1.907567
1.909550
-1.910326
1.911230
1.910477
1.910109
-1.913150
1.911312
1.911440
1.913607
-1.909132
1.908802
-1.913155
-1.906774
-1.914147
1.913045
1.912788
1.912968
1.913686
1.885623
1.908945
1.914096
-1.904199
-1.912868
-1.908804
1.904275
-1.904989
-1.901292
-1.911665
1.913906
1.914219
1.912352
1.914371
1.901757
1.902289
1.907426
1.908260
1.905355
1.913727
-1.912233
-1.910683
1.779679
-1.899100
1.901039
-1.908607
-1.914564
1.909184
1.913208
-1.909255
-1.914241
-1.906718
-1.913064
-1.903454
-1.908732
-1.896365
-1.911085
-1.912504
1.910039
-1.914389
1.912078
1.913031
1.911894
1.913112
1.911097
1.911919
-1.898698
-1.897489
1.913390
1.911636
1.866592
1.900937
-1.913501
1.912574
-1.906615
-1.909593
-1.902548
1.913150
1.910308
1.901335
-1.904118
1.910126
1.913127
1.911344
-1.909399
1.912168
-1.912393
-1.913187
1.914296
1.898850
1.910918
-1.913176
-1.911609
1.912710
-1.912620
1.907152
-1.912712
1.912190
1.913307
-1.913855
1.909569
1.913624
-1.911994
1.909018
-1.913722
1.911225
-1.910465
1.909692
1.912451
-1.904949
1.912691
-1.910558
-1.654763
-1.913902
1.907502
-1.913235
1.910724
1.908730
-1.906359
1.913559
-1.906121
-1.910061
1.911410
-1.912749
1.913354
1.909592
-1.885172
-1.899192
1.899036
-1.913969
-1.817658
1.913314
-1.912394
-1.905505
-1.911835
1.911664
-1.913980
-1.912316
-1.730274
-1.903394
-1.913124
1.911720
-1.911582
1.913542
-1.913498
-1.912708
-1.914077
1.913713
1.913808
1.913847
1.911774
-0.356113
1.912631
-1.914037
1.907652
1.913842
-1.908509
1.893870
-1.913533
1.910290
1.912739
-1.912437
-1.913715
1.911293
1.911658
1.913925
1.913223
-1.910120
-1.911651
1.912403
1.913327
1.913258
1.909674
1.913782
1.897569
-1.912886
1.905643
1.904008
1.913282
1.909315
-1.910323
-1.847428
1.908186
-1.909622
1.914342
-1.910007
1.912773
-1.891935
1.913676
1.905230
1.914049
-1.911859
-1.911490
-1.907499
-1.694521
1.906940
1.913169
1.910595
-1.912633
1.912457
-1.912254
1.913860
1.902088
1.908391
1.913799
-1.911575
1.912984
-1.914049
-1.904881
1.904142
-1.912889
-1.913365
1.911346
1.906216
1.914334
-1.908177
1.911111
-1.909288
1.913752
1.910319
1.912624
-1.913592
-1.913535
-1.908461
-1.906867
-1.914414
-1.909344
1.913075
1.877047
1.902711
1.900507
1.905614
1.914246
1.911675
-1.914315
1.829063
-1.913881
-1.911497
1.873745
-1.905961
1.911605
1.912594
-1.910876
-1.904900
-1.910360
-1.890455
-1.909940
1.909701
-1.910701
-1.913430
1.912866
-1.910361
1.904212
-1.741793
1.905329
-1.911209
-1.912941
-1.912605
1.824975
1.912026
-1.914315
1.887684
-1.899177
1.911674
-1.911635
1.911218
-1.911253
-1.911353
-1.911778
-1.912050
-1.912115
1.911109
-1.910193
1.913195
-1.905897
1.909693
1.909410
1.909342
1.912802
-1.912672
-1.912812
1.913117
1.914312
-1.913065
-1.913709
-1.906692
1.904751
1.912986
-1.914154
1.912209
1.914309
-1.827557
1.914002
-1.902686
-1.913830
-1.901615
1.913567
-1.889963
-1.909696
-1.892785
-1.884778
-1.912765
1.905740
-1.912706
-1.912747
1.912921
-1.911880
1.905718
1.907662
1.903053
-1.884328
1.913190
-1.910880
1.913823
-1.909352
1.913205
1.903602
1.913153
-1.914180
-1.908551
-1.907778
-1.912532
-1.907964
-1.909644
-1.914408
1.911398
-1.914476
1.912934
-1.911767
1.913126
1.910369
1.904932
-1.910812
1.893233
1.908418
-1.902593
-1.899475
-1.900027
-1.904379
1.907094
1.913844
-1.906319
-1.908318
-1.913973
1.871667
-1.913204
1.501222
-1.907304
-1.899293
-1.907531
1.900823
1.909191
-1.895346
1.905144
1.904189
-1.913873
-1.913798
1.901713
-1.867610
1.906367
-1.911250
-1.909283
1.910269
1.913911
1.914005
1.912641
1.902441
1.905212
1.908930
-1.913223
-1.905154
-1.912288
1.911736
1.909219
-1.913958
1.910257
1.838612
1.912938
-1.903600
-1.912219
-1.908442
-1.908862
1.913729
-1.912783
-1.908981
1.909759
1.912744
1.913035
1.912872
-1.906905
-1.910995
1.910799
-1.885349
1.904117
-1.905499
1.913906
-1.905493
1.912012
-1.912197
1.911503
1.911675
-1.914064
1.912074
1.913543
-1.913068
-1.907156
-1.910280
-1.910175
-1.908353
-1.908427
1.913302
-1.910516
-1.906482
1.910923
1.911382
1.912053
-1.894417
1.913532
1.907019
1.904021
1.904802
-1.911792
1.905556
-1.914416
1.912824
-1.912524
-1.901880
1.905200
-1.905448
1.913566
1.893036
1.909386
1.909127
-1.914190
1.908725
-1.912425
-1.914090
-1.901170
1.912589
-1.908095
1.913761
-1.909744
1.910815
-1.912018
1.913276
1.906035
1.913023
-1.899550
-1.909878
-1.906719
1.883502
1.913224
1.911741
0.746027
1.913024
-1.911975
1.907904
-1.913060
1.914024
-1.911820
1.906262
1.913690
-0.404144
-1.913462
1.910514
-1.903438
1.913381
1.910756
1.904232
1.909857
1.905797
-1.913923
1.912764
-1.905292
1.910788
1.895429
-1.913017
1.913817
1.913730
1.914179
1.903441
1.913326
-1.908719
-1.912958
-1.907399
-1.909518
-1.914144
-1.886187
1.912256
1.908369
1.895504
1.913288
-1.904746
-1.913616
-1.878523
1.907159
1.901433
-1.908796
1.909411
1.913565
-1.906856
1.912050
-1.912662
1.912816
1.912929
1.904952
-1.913841
1.911281
-1.910468
1.906158
-1.912972
-1.912388
1.913814
1.912371
1.912015
1.911586
1.913552
1.914369
-1.890824
1.908634
1.900889
-1.909854
-1.893259
-1.912613
1.909176
-1.904935
-1.910988
1.912992
-1.894191
-1.907327
1.911319
-1.913646
1.905937
-1.910797
1.912278
1.854348
1.913577
1.795312
1.903026
-1.912861
-1.908402
-1.912739
1.912151
1.909392
-1.913093
-1.913985
-1.893754
-1.913197
-1.913910
1.908388
-1.912092
1.911297
1.906140
-1.913421
-1.910281
-1.911026
-1.913917
1.913528
-1.912578
-1.914052
-1.913723
-1.913212
1.890020
1.911992
1.913416
-1.897871
1.913428
1.913417
1.910380
1.912199
-1.912498
1.903495
1.905376
-1.911093
1.911355
1.913458
-1.909199
1.388383
-1.912488
1.911879
1.898990
-1.909223
-1.912356
1.846532
-1.904660
-1.893411
1.911325
1.911380
1.909525
-1.801305
-1.912083
1.912969
-1.907716
-1.893914
1.911588
1.912705
1.908781
-1.912733
1.913307
-1.906488
1.914339
1.903967
1.914239
-1.913915
-1.889787
1.900827
1.913561
1.888041
-1.913942
-1.901638
-1.912754
1.913029
-1.913714
1.912392
-1.909302
1.913590
-1.913689
-1.908525
1.912518
-1.910397
-1.908012
-1.897945
1.912224
1.910419
1.912252
1.913309
1.909873
-1.912504
1.908055
-1.908273
-1.911445
1.904776
1.913026
-1.910127
-1.911733
1.908913
-1.909240
1.912489
1.911107
1.910137
1.912165
1.912660
-1.907110
-1.886069
1.904631
1.912359
1.912558
1.913233
1.912290
-1.912415
1.911963
-1.905604
1.913677
-1.905485
1.912839
-1.912091
1.906953
-1.912946
1.912478
-1.906379
-1.907953
1.899917
-1.912086
1.910979
1.911268
-1.909668
-1.909068
-1.914180
1.913321
-1.911602
-1.913102
1.815871
-1.862027
1.909778
1.911032
-1.913110
-1.913277
-1.901993
1.913511
1.909154
-1.909410
1.913315
1.908351
1.905800
-1.912835
1.911939
-1.912617
-0.403926
1.912464
-1.910928
-1.910521
-1.913769
1.911963
-1.908381
1.912156
1.911918
-1.913396
-1.914095
-1.909669
-1.912165
-1.912793
1.911421
-1.910692
-1.914532
-1.908568
1.910842
1.911609
1.584973
1.913433
1.913718
1.904314
1.913623
1.907021
-1.899013
-1.909384
-1.913414
-1.909594
-1.906867
-1.911494
1.909039
1.907169
-1.911958
-1.906387
1.911909
1.908612
-1.912204
1.914109
-1.914137
-1.906892
-1.910511
-1.892862
1.912090
1.913992
1.910427
1.914251
-1.909073
-1.914282
1.911451
-1.914047
1.905394
1.914137
-1.908643
1.852997
1.910506
1.912164
-1.912283
-1.911878
-1.909552
1.913771
1.914120
-1.913469
-1.913098
-1.905385
-1.907817
1.909265
1.902420
-1.912572
-1.912444
1.913114
1.913357
1.913536
1.899722
1.905603
1.913178
-1.907205
1.911450
-1.894251
1.913441
-1.912607
1.908769
1.912183
-1.914177
1.910506
-1.910591
1.909110
1.907741
1.913739
1.909850
-1.906349
-1.895243
-1.907310
1.912297
1.912514
1.913834
1.907685
1.911293
-1.913738
1.913578
1.903663
-1.914144
1.904838
1.913418
1.908640
1.910972
1.910114
1.911182
1.912447
-1.908552
1.913086
-1.907179
1.913400
-1.913469
-1.890716
1.913758
1.913089
-1.911148
-1.913979
-1.913864
-1.908111
-1.903070
-1.906018
-1.902363
1.913836
1.913601
1.912362
-1.911058
-1.907763
-1.821893
-1.912496
1.912266
1.913317
1.913910
-1.911808
-1.902531
1.913776
-1.914217
1.913838
-1.913793
-1.913784
-1.912751
-1.910860
1.913415
1.810037
1.913010
-1.908991
1.903469
-1.914464
1.911772
-1.908827
-1.913887
1.912204
1.913789
1.914383
-1.911381
1.913263
1.909504
-1.909661
-1.909575
1.913672
1.913260
-1.905457
1.910910
1.913712
-1.913887
-1.913512
-1.903408
-1.912466
-1.913724
1.910105
-1.911053
1.913386
1.912576
1.909993
1.913608
1.909063
1.913071
1.913665
1.912860
1.767805
1.912932
1.841335
1.884749
-1.913780
-1.891028
1.913397
-1.913864
1.911966
1.912080
-1.913046
1.907255
-1.890900
1.907577
-1.913211
1.903550
1.914641
1.912868
-1.911874
1.868094
1.905234
1.905193
-1.913975
1.896172
1.907212
-1.913532
1.910439
-1.913107
-1.913341
-1.914223
1.809862
1.908518
1.900904
-1.901714
1.911329
-1.912045
-1.910499
1.913334
1.914039
-1.909932
-1.910006
1.911220
-1.903717
-1.913447
1.883737
-1.884073
1.910480
1.908623
1.910953
-1.912740
-1.912574
-1.909130
-1.899592
-1.910990
1.910489
-1.904133
-1.907949
1.909774
-1.884321
1.912914
1.880162
1.902442
1.903156
-1.914400
1.913194
1.909884
1.910228
-1.913483
1.909551
1.894358
-1.914059
1.911585
1.912670
-1.911061
1.913149
1.913108
1.906019
1.911619
1.910115
-1.908020
1.907311
1.904095
1.910947
-1.914056
1.914161
1.908236
1.912259
1.911423
-1.894088
1.913799
-1.914187
1.913457
1.912227
1.913784
1.912963
1.909155
1.909945
-1.914411
1.910732
1.903336
1.914269
1.907221
-1.913793
-1.911656
1.913396
1.910619
1.913706
1.912954
-1.912907
-1.912902
1.906045
1.823912
-1.905309
1.913066
1.833631
-1.909301
1.908781
-1.911269
1.911354
1.913407
1.911756
-1.914139
1.909339
-1.911207
-1.913280
-1.909808
1.903202
-1.912396
1.912684
1.913169
1.841512
-1.906626
-1.912406
1.913414
1.913065
-1.913025
1.912971
1.913800
-1.912711
-1.909896
1.913133
-1.889150
1.913157
-1.913583
1.914066
-1.894200
1.911414
-1.912169
-1.913529
-1.912047
1.910626
1.909813
-1.901027
-1.909992
-1.912071
-1.886623
-1.911421
1.910692
-1.909076
-1.914431
1.900924
1.908766
1.907594
1.912846
1.913668
1.911627
1.905851
1.913630
-1.909701
-1.911586
-1.910508
-1.906181
1.847668
1.913400
-1.909905
-1.911638
-1.914227
1.911398
1.913537
-1.912827
1.902903
-1.912385
1.910872
1.911828
-1.904130
-1.912331
1.904967
-1.894741
1.908400
1.911747
1.913567
1.913822
1.912509
1.902417
1.912232
-1.749854
1.909370
-1.912819
-1.912978
1.912614
-1.910867
-1.908648
1.913436
-1.913224
1.910802
-1.913758
1.896211
-1.913165
1.913390
1.914084
-1.914060
1.910445
1.911915
1.907594
-1.911557
-1.908518
-1.911309
1.913769
-1.910157
-1.910776
1.912112
1.902598
1.912358
-1.912302
-1.913310
-1.912848
1.898438
-1.910345
-1.910315
-1.910476
-1.908804
-1.910531
1.875515
-1.897833
1.907354
-1.911701
1.866100
1.913469
1.912359
-1.913477
-1.903899
1.871463
-1.913521
-1.903487
1.908964
1.912979
-1.913238
1.914087
-1.907829
-1.908741
1.904557
1.912272
1.909285
-1.898069
1.908268
1.910787
1.914526
1.913152
-1.897109
1.911787
-1.914549
-1.913511
-1.911613
-1.912501
1.885338
1.909837
-1.914004
1.910888
-1.913329
-1.912608
-1.914246
1.907156
-1.910604
1.906438
-1.913495
1.909782
1.907951
-1.912584
-1.908046
-1.912517
-1.911903
-1.904996
-1.893013
-1.893423
-1.910632
-1.910396
-1.910589
1.904143
1.901729
1.911512
-1.694692
1.913203
1.902027
1.913324
1.911844
1.906272
-1.911223
1.912342
-1.913888
-1.900797
1.913190
-1.910379
1.914503
-1.906989
-1.908554
-1.908509
1.896147
1.912952
1.909359
-1.910653
1.906736
-1.910802
1.905396
-1.914321
1.913471
-1.911540
-1.910335
1.912832
-1.912843
-1.912967
1.913038
-1.912575
-1.899936
1.912809
-1.911394
-1.906939
-1.905460
1.845542
-1.912063
1.912869
-1.891352
1.909954
1.911861
-1.913816
-1.911474
1.912865
1.909980
1.912733
1.868878
1.914030
-1.912991
-1.913415
-1.907024
-1.913691
-1.907436
-1.910436
1.873860
-1.910512
-1.908692
1.911951
-1.911057
-1.892794
1.913801
1.913921
1.912818
-1.913924
-1.909409
1.913911
-1.912247
1.913407
1.913157
-1.913829
1.913692
-1.912696
-1.907886
-1.910177
1.911947
1.912531
1.906047
-1.912531
1.912726
-1.912540
-1.904488
-1.907987
-1.913273
1.884747
1.914300
1.909497
-1.913805
-1.914039
1.388966
-1.903368
-1.909429
1.912592
1.913580
1.907174
1.909977
1.913302
-1.912357
-1.909970
-1.912052
-1.823387
-1.910778
-1.913515
-1.911410
1.911331
-1.905390
-1.910003
-1.912692
-1.913746
1.911170
1.911582
-1.896135
1.912697
-1.913118
-1.908315
1.906227
-1.914138
1.914085
1.908368
-1.912880
-1.913062
1.912350
1.902874
-1.913290
1.908591
-1.903851
-1.913136
1.906677
-1.654758
-1.901461
1.901484
1.904341
1.913904
1.914082
-1.912658
-1.905389
-1.914248
1.914099
1.913436
-1.908461
-1.901196
1.913699
1.911511
-1.914003
-1.912814
-1.911810
-1.909697
1.913882
1.906731
-1.911770
1.909439
1.914258
-1.896669
-1.913302
-1.911101
-1.911005
-1.910533
1.900274
1.906744
1.912270
1.913994
1.913871
1.914073
1.912926
1.909599
-1.914226
-1.906870
-1.913230
1.911798
1.905681
-1.913751
-1.912563
1.910747
1.909783
1.914282
1.913343
1.911387
1.912362
1.911555
1.907530
1.904890
1.913224
-1.909060
1.906269
-1.912288
-1.913485
-1.912728
1.909331
1.723865
1.890890
-1.913243
1.912919
1.909039
1.913566
-1.895997
1.913557
-1.904354
1.882511
1.912727
1.908976
-1.912575
1.912767
1.911108
-1.882024
1.894433
-1.911075
-1.911794
-1.913102
1.912597
1.914136
-1.913568
-1.914112
-0.905023
-1.910265
-1.912728
1.908923
1.913577
1.909206
-1.911696
-1.912116
-1.909690
-1.911971
1.913931
1.912164
1.913820
-1.907535
-1.905956
-1.911307
1.898073
1.900854
-1.910031
1.865218
1.913328
-1.910543
-1.914091
-1.911658
-1.913628
-1.873365
-1.911734
-1.913017
-1.911683
-1.913722
1.913127
-1.904898
1.869261
-1.905485
1.912411
-1.811216
1.913590
1.912868
-1.912937
0.964580
-1.912315
-1.910420
1.911987
1.913373
-1.913098
1.912820
1.868639
1.912351
-1.912291
-1.912425
1.911923
1.912728
-1.910720
-1.903963
-1.908016
-1.908144
-1.914151
-1.908584
1.874670
1.911521
-1.912298
1.897486
1.874669
1.908759
-1.914174
-1.913509
1.911373
-1.907061
1.913835
1.914228
1.907483
-1.913507
-1.908443
-1.912202
-1.912016
1.913500
1.910369
1.909714
1.911490
-1.908827
1.912466
-1.912710
-1.910108
1.906120
-1.906699
1.912973
-1.904964
1.913752
-1.906874
-1.913122
1.906996
1.910937
1.912522
-1.898977
1.867426
-1.913257
-1.912034
1.902614
-1.913145
1.910640
-1.908983
1.885101
-1.911191
1.912170
-1.884477
-1.909973
1.914064
-1.906848
1.909093
-1.905441
-1.884063
-1.907601
-1.913998
1.911161
1.911661
1.913170
-1.908891
-1.908335
1.907937
1.912529
1.910082
1.912835
1.911573
1.913468
1.910582
1.914053
1.900316
-1.912505
1.914250
-1.905007
1.912569
-1.908307
1.911394
1.913700
-1.912003
-1.913975
1.914449
-1.910698
-1.913400
1.905267
1.904217
1.895450
-1.913751
1.912252
-1.910760
1.911743
1.900277
1.914137
-1.893258
1.912533
1.912147
-1.913309
-1.909806
1.913326
1.913585
1.914071
1.908896
-1.902760
-1.900155
1.912086
-1.910133
1.906983
-1.909591
1.903469
1.913296
1.907642
1.912932
1.908544
-1.904527
-1.908072
1.913789
-1.905143
1.911436
-1.913700
1.909234
-1.905760
1.891600
1.912050
1.902591
1.909911
1.911668
-1.910947
-1.913825
1.913213
1.910414
1.912821
1.912601
1.913352
1.907363
-1.859508
-1.906814
-0.617476
-1.893446
-1.912909
1.911597
1.907153
-1.909202
1.913568
1.913771
-1.908657
1.911674
1.906230
1.902667
1.905572
1.912190
1.913927
1.899833
1.903753
-1.911844
1.904707
1.909567
-1.912624
-1.910032
1.912070
1.886936
-1.912481
1.906815
1.911940
1.912271
1.908523
1.911590
1.913015
-1.905899
1.894176
-1.907602
-1.899049
1.913193
1.911638
1.913980
1.913797
-1.905382
1.911665
1.911720
1.912525
-1.909521
-1.910104
1.911846
1.913199
-1.912803
1.912878
1.845232
-1.899848
1.912772
1.904603
-1.913304
1.912186
-1.911355
-1.908326
1.912897
1.912826
1.904505
-1.913863
1.913103
1.912193
1.912578
-1.913703
1.912742
-1.911860
-1.893582
1.910403
1.912746
1.910787
1.905934
1.912772
-1.912866
1.911053
-1.908715
1.858864
1.912208
-1.910743
-1.910136
1.909561
1.912727
-1.912839
1.913990
1.908983
1.907220
-1.909438
-1.908100
1.907251
-1.910663
1.912083
-1.911987
1.914453
-1.912943
1.913383
-1.895396
1.914102
1.891881
1.904883
-1.909506
1.880458
1.891314
-1.910845
1.896167
1.910151
1.911877
1.910122
-1.898472
1.902259
1.913583
-1.913985
1.911965
1.910601
1.908706
-1.903027
1.910910
-1.890603
1.908821
-1.911826
-1.912560
1.904324
1.911859
1.913385
-1.912762
1.911616
1.913155
-1.912723
1.912919
-1.911603
1.903414
-1.897520
1.910792
-1.910896
-1.912166
1.905858
1.910068
1.913473
-1.906693
1.913837
-1.900449
1.883910
1.914106
1.908878
-1.909498
-1.897405
1.898787
-1.913970
-1.913834
1.912623
1.914198
1.909527
1.912431
-1.912136
1.913891
1.912837
-1.913636
1.913582
-1.862329
-1.909005
-1.892885
-1.913144
-1.905439
1.908412
-1.764437
-1.913984
-1.911315
1.882473
1.914000
-1.911066
-1.911924
-1.910379
1.914331
1.912761
-1.907811
1.911252
-1.907563
1.911918
1.910149
-1.913464
1.910982
1.900806
1.912563
1.907180
-1.911471
-1.913432
-1.912372
1.910416
-1.909743
1.913668
1.914241
1.911758
1.911381
1.912969
-1.910817
1.912289
1.908510
1.902162
-1.659522
1.913360
1.910700
-1.911178
1.908455
1.913519
1.907257
1.912641
-1.914396
1.910853
-1.913073
-1.914073
1.913370
1.905802
1.901978
1.914072
-1.893648
1.910183
-1.913089
-1.913184
-1.913676
-1.912441
1.910027
1.900349
-1.910041
1.914212
1.910858
-1.906722
-1.899028
-1.913846
-1.913920
-1.910963
1.914264
-1.912541
1.912803
-1.911889
-1.912801
1.911498
-1.913160
1.912878
1.894437
-1.911277
1.912940
-1.913879
1.910815
-1.913802
-1.905600
1.908777
-1.911933
-1.911581
-1.908209
-1.909154
1.912558
-1.913162
1.911148
-1.913191
-1.911983
1.913716
-1.912314
-1.913814
-1.913671
1.913652
1.913448
-1.913190
1.907822
1.913175
1.909733
-1.885404
1.913725
1.908116
-1.904882
-1.912285
-1.914222
-1.910933
-1.912757
1.910771
1.906312
1.907880
1.912943
1.904675
-1.909248
1.910450
-1.909256
-1.897588
-1.909188
1.911996
1.913828
1.908502
1.912775
-1.911241
1.911771
-1.913757
-1.694587
1.913732
-1.910809
-1.912570
-1.909322
1.913464
-1.912226
-1.907374
-1.913928
-1.895995
-1.901852
-1.908703
-1.911133
1.912903
1.913860
1.901466
-1.912864
-1.909840
-1.913656
-1.914019
-1.907835
1.910788
1.913630
1.913155
-1.912033
1.912054
1.911347
-1.909249
1.909965
1.913591
-1.913353
1.913170
-1.911716
1.914088
1.914330
1.913132
1.911687
-1.911579
1.913809
-1.910791
1.909968
-1.900377
1.909368
1.910148
1.906814
-1.906731
-1.913267
-1.911314
1.906915
-1.913683
-1.907411
-1.899170
1.910600
-1.907590
-1.886253
-1.913609
1.911224
-1.823529
1.894970
-1.906409
-1.655605
-1.873554
1.913985
-1.903903
1.913269
-1.906083
-1.911433
-1.912898
-1.892734
-1.905526
-1.912166
1.912399
1.907648
-1.910096
-1.912765
1.912518
-1.904559
1.911145
1.907265
1.910995
1.909325
-1.824799
1.913931
-1.914100
1.912066
-1.913796
1.913502
-1.913492
-1.908304
1.913097
-1.913709
-1.909882
-1.913691
-1.882519
1.913548
-1.910015
-1.901947
-1.907349
-1.910546
-1.907853
1.911874
-1.911445
1.913305
-1.913687
1.912610
-1.906120
-1.910057
-1.912090
1.911564
1.912720
1.908202
-1.906879
-1.912941
-1.913612
-1.913201
1.909842
-1.877727
-1.913829
-1.912482
-1.910455
1.911907
-1.901966
-1.914067
1.913009
-1.909977
1.909859
-1.911892
1.913563
1.913973
-1.912944
1.829433
-1.914097
1.912827
-1.912313
1.906850
1.913979
1.914327
1.905187
-1.906269
1.914280
-1.913983
1.913093
1.913096
-1.911901
1.873821
1.912195
-1.912671
1.910061
-1.909040
1.910339
1.904470
-1.843169
1.897870
1.913009
-1.911854
1.909006
-1.913136
-1.897497
-1.912952
-1.908568
1.912775
1.909015
-1.913249
1.913319
-1.913542
-1.913854
1.911117
1.912292
1.913375
-1.913001
1.847027
-1.912881
-1.908671
1.908660
1.902860
1.911890
-1.909643
1.910383
-1.910246
1.911278
-1.912835
1.906062
-1.910323
-1.914475
1.905238
-1.911432
1.913433
1.913202
-1.912527
-1.913667
1.909839
-1.905425
1.910451
1.913194
1.890618
1.914068
-1.892272
-1.911660
1.913248
-1.913639
1.912518
1.894139
1.908411
-1.909302
-1.911185
1.905276
-1.910384
1.909240
1.912101
-1.893440
-1.913519
-1.912490
-1.913646
-1.901806
-1.913251
-1.884615
-1.912825
-1.881678
-1.913818
-1.913319
-1.912081
1.906380
1.914077
-1.911391
1.911665
1.913869
1.914211
-1.914129
1.873798
-1.909506
1.912023
1.904375
1.910632
1.900563
1.908503
1.913613
1.911488
1.910688
-1.913511
1.913310
1.908012
1.905116
1.913871
-1.912751
1.909676
-1.911145
-1.909794
1.905574
1.909684
1.911274
-1.913142
1.908681
-1.914460
1.888554
-1.913265
1.909736
1.898663
-1.782784
-1.914162
1.912404
1.912115
1.912796
1.906838
1.911644
-1.857677
-1.911722
-1.907602
1.911361
-1.913616
1.901452
1.912417
-1.823559
1.911068
1.894221
-1.913584
1.913856
1.913820
-1.907484
1.910568
1.912675
1.898929
1.913919
1.910980
1.909385
1.899330
1.908620
-1.912155
1.914010
1.913305
1.912469
-1.911327
1.909369
1.913500
1.909503
-1.911843
-1.910659
1.853244
-1.912307
1.903482
-1.910337
-1.898916
-1.911418
1.911874
1.911590
1.477658
-1.913627
-1.909816
-1.910253
1.895505
-1.878473
-1.908652
1.910381
-1.914315
1.908487
1.900577
-1.914412
1.912731
1.905440
-1.911208
1.909527
-1.911068
-1.910950
1.912680
-1.914199
1.914145
1.906428
-1.911828
-1.913607
-1.863469
1.913648
-1.913897
-1.900109
1.909925
-1.907627
-1.907272
-1.909092
-1.861508
-1.893407
-1.910234
-1.913609
1.900922
-1.913015
-1.909507
1.875820
-1.910281
1.913396
-1.912747
1.913364
1.910300
1.912778
-1.911695
-1.905116
-1.912841
1.903352
-1.910159
-1.907786
0.746217
1.914060
1.911461
1.898371
1.913658
-1.904146
1.914145
-1.911502
-1.913057
1.912637
1.913505
1.910096
1.912060
-1.913673
1.883576
1.913577
-1.913369
1.913207
-1.914169
-1.905016
-1.908890
-1.904790
1.913162
1.913143
-1.897935
1.912670
1.894502
1.913123
-1.912945
1.912306
-1.913705
-1.910079
1.878086
1.910385
-1.894793
-1.884625
-1.914020
1.911878
1.913342
1.911212
-1.910500
-1.885065
1.913760
1.907898
-1.913008
-1.909874
-1.893497
1.726226
-1.910138
-1.899179
1.909073
1.872596
-1.912522
1.913263
1.907439
1.913046
-1.912657
1.912406
1.911963
1.906772
-1.908989
-1.904168
1.906573
-1.911071
-1.913183
-1.909766
-1.910838
1.914159
1.913634
1.913473
1.902271
1.835952
-1.909949
1.910335
1.754020
1.889085
-1.899756
-1.895957
-1.912389
1.912776
-1.904946
1.905212
1.912494
-1.909551
1.912635
1.911308
1.912259
1.913117
-1.911998
1.908386
-1.911686
-1.893132
-1.911845
1.913845
1.861962
-1.909387
-1.908548
-1.907277
1.910951
-1.890091
1.913594
-1.909748
1.914221
1.865251
1.910526
-1.912887
-1.911857
1.900944
1.913119
1.911119
1.907920
1.913223
1.909495
1.911292
-1.913461
1.913252
1.910383
1.914096
1.914451
1.913145
1.913051
-1.912265
1.913058
1.912911
1.911421
-1.913680
-1.910282
-1.909484
-1.911974
-1.913417
-1.913071
1.914171
-1.911675
1.909953
1.912451
-1.894783
-1.908027
1.909616
-1.912277
1.913768
1.909537
-1.910590
-1.913680
-1.910643
-1.912730
1.905984
1.912064
-1.912522
1.910119
1.912816
1.911366
-1.912362
1.889000
1.910891
1.905418
1.912473
1.900667
-1.912717
1.914250
-1.908263
-1.905850
-1.911921
1.912918
-1.911241
-1.910990
1.913598
1.902352
1.911317
-1.904344
1.864977
1.913354
1.911967
-1.910725
-1.909685
-1.911438
1.913343
1.913769
1.888494
1.908966
1.900380
-1.910403
1.913539
1.911343
1.913419
0.513470
-1.912907
-1.911179
1.913786
-1.906272
-1.877295
-1.913916
1.912223
-1.907345
1.910534
1.912822
-1.905138
1.911039
1.909695
-1.913851
1.913772
1.874472
1.913152
1.912273
1.864688
-1.911879
1.913567
-1.912397
-1.913812
1.911376
1.913470
1.913044
-1.906735
-1.907823
1.911357
1.912789
-1.910960
1.913667
1.912739
-1.903256
-1.913615
1.913269
1.914597
1.906911
1.912010
1.914063
1.914296
1.913809
-1.911585
1.912646
-1.912150
-1.914296
-1.908970
1.914181
1.913381
-1.910905
-1.907450
1.912576
1.913447
-1.912417
-1.909153
1.893142
1.913486
1.913136
1.909688
1.907263
-1.904223
-1.908221
1.907797
1.913295
-1.912856
1.838013
-1.914021
-1.912237
-1.896263
-1.911729
1.910751
1.913747
-1.905747
1.890398
1.905923
1.913673
1.902531
-1.910918
-1.911877
-1.912938
-1.913311
1.913713
1.893200
-1.911918
1.905453
1.890987
-1.911657
1.914382
1.902028
-1.912584
-1.913262
1.913528
1.906739
-1.906478
-1.910239
1.914296
-1.908416
1.911503
1.909360
1.906708
-1.910080
1.911827
1.909522
-1.912627
-1.912223
1.912862
1.911873
1.907329
1.909472
1.914240
1.908089
-1.914297
-1.912229
1.908460
-1.910799
1.906563
-1.904403
1.911985
1.913957
1.913427
1.913312
-1.911330
1.911917
-1.912588
-1.904975
-1.832891
1.913544
1.906078
-1.905118
1.913261
-1.913817
-1.898912
1.914515
-1.914098
-1.901122
1.909161
1.905601
-1.905794
1.888759
1.911936
-1.092039
1.912932
1.907989
1.913296
1.906240
1.913105
1.914103
1.913812
1.909498
-1.906782
-1.910271
-1.899837
-1.913816
-1.908728
1.913107
1.903691
-1.913794
-1.914128
1.912205
1.913971
1.913565
-1.912907
1.912696
1.913859
-1.902968
1.913043
-1.902316
-1.914613
-1.912634
1.912931
-1.913583
-1.906810
-1.914149
1.913745
-1.913769
-1.911287
-1.911472
-1.843050
-1.906527
1.911998
-1.908170
-1.912547
-1.912922
-1.908858
-1.904878
1.912954
-1.911384
1.908503
1.912692
1.913238
1.911080
-1.911890
-1.884501
1.912134
1.892330
1.914189
1.912000
1.913204
1.910109
1.913832
1.912171
-1.913320
-1.902929
1.909472
1.906021
1.911835
1.868492
1.902234
1.913283
1.913141
-1.913893
1.913090
-1.898956
-1.911912
1.911210
1.914200
1.910423
-1.909859
1.897320
-0.988953
1.913260
1.910940
1.911615
-1.872079
-1.911692
-1.913914
-1.912604
-1.903095
-1.897457
-1.905076
1.912421
1.912784
-1.884498
1.912428
1.911740
-1.868007
1.913368
1.911229
1.911690
-1.913109
-1.892691
-1.823991
-1.892713
1.914250
-1.892814
1.911020
1.912915
-1.907683
-1.906176
1.913765
1.912629
1.896308
-1.912412
1.911909
-1.912454
1.911766
-1.845624
-1.910648
1.897199
1.911688
1.911833
-1.843190
1.910895
-1.908664
1.912450
1.900007
-1.912317
-1.802524
1.880927
-1.911835
-1.911366
1.910178
-1.911711
1.912229
-1.910926
-1.912389
1.910304
-1.892690
-1.909886
1.897902
1.910885
-1.912998
1.906317
-1.911998
-1.893016
-1.913272
-1.914315
1.914100
1.912457
1.909764
-1.884548
1.911033
-1.912899
-1.906027
1.913159
1.912152
1.909616
-1.913416
1.913393
-1.896010
1.910578
-1.909029
1.913765
-1.898028
1.911910
1.914005
1.910013
-1.913229
1.905974
-1.740846
1.911712
1.908102
1.913784
-1.888257
1.913534
-1.911718
-1.910237
-1.913804
1.910690
1.906899
1.913401
-1.910518
-1.912873
1.912668
1.911429
1.912813
-1.913002
-1.912024
1.906996
-1.909162
-1.909643
1.904100
-1.910122
1.906895
-1.912879
-1.913524
1.908621
1.912624
1.913290
-1.914192
-1.912685
-1.912266
1.913394
-1.910708
1.910193
1.913515
1.909745
-1.908788
-1.909751
-1.913705
1.911273
1.913639
-1.912754
-1.909723
-1.909018
-1.908996
-1.910904
-1.908221
1.912327
-1.911755
1.905262
1.880868
-1.911978
1.909320
1.911129
1.899854
-1.906948
-1.909432
1.912313
-1.908770
1.912675
-1.638144
1.867097
-1.910115
-1.888360
1.914128
-1.908163
1.905787
1.913077
1.911776
-1.913470
-1.913198
1.912613
-1.914261
1.913502
1.907832
1.904228
1.908897
1.913500
1.909178
-1.905621
1.907599
-1.912607
1.901983
-1.909596
1.905071
1.908933
-1.911597
1.913369
1.911808
1.913421
-1.912953
1.912532
-1.907281
-1.912703
-1.909697
-1.908274
-1.910512
1.913598
-1.914430
1.913976
1.913637
-1.913141
1.884025
-1.908889
1.911021
1.909378
-1.910849
1.913292
-1.912477
-1.910476
1.912892
1.908731
-1.904324
-1.914151
-1.912796
1.910645
1.899570
-1.913213
1.911489
1.910376
-1.913704
-1.912770
-1.859739
-1.911363
-1.902290
1.912835
1.913315
1.912024
-1.910118
-1.912080
-1.913021
-1.913068
-1.913368
1.905282
1.901948
-1.914051
-1.912641
-1.913555
-1.907605
-1.909503
1.909731
-1.909320
1.912625
-1.913661
-1.908435
1.913192
1.911271
1.912306
-1.910933
-1.910886
-1.913912
-1.898077
1.905128
1.908037
1.914147
-1.906099
-1.913246
1.858952
1.912170
-1.914084
-1.913426
1.889632
1.912887
1.912880
1.886094
-1.911863
-1.910703
1.910398
-1.910262
1.911175
1.907142
-1.887033
-1.902188
1.907508
1.903265
-1.911954
1.909408
1.902377
-1.914206
1.913624
-1.912557
1.912048
1.905409
1.910267
1.897307
1.912576
-1.913348
1.911355
1.912626
1.889632
-1.876628
-1.909800
1.908655
-1.884284
1.904283
-1.899933
-1.899011
-1.910220
-1.913173
1.905706
-1.911106
-1.908889
-1.902385
-1.908807
-1.911419
-1.913412
-1.907168
-1.913355
1.912260
-1.911589
1.913446
-1.904477
-1.902201
1.914507
-1.912497
1.908941
1.911418
1.912236
-1.913367
1.910580
-1.908186
-1.907757
1.908362
1.904970
-1.913062
-1.913891
-1.911617
-1.910624
-1.910401
1.908786
-1.913928
1.912120
-1.913790
-1.913973
1.912149
-1.909634
-1.911374
1.868101
-1.913881
-1.908239
-1.907484
-1.911461
-1.911374
1.913440
1.912930
-1.909992
-1.912836
1.909893
1.913266
-1.889732
1.914365
-1.911890
1.909229
-1.913693
1.912317
1.911924
1.913058
1.913630
-1.909690
1.914215
-1.900580
-1.913442
-1.908936
1.912852
-1.899145
-1.878765
-1.914262
1.912048
1.912661
-1.912832
-1.851518
-1.912268
1.909669
1.867405
-1.904889
1.908816
-1.914127
1.897176
-1.912322
-1.904772
-1.913246
1.911221
1.913735
-1.913605
-1.913969
1.877561
1.912672
1.912612
1.914515
-1.913316
-1.912521
1.913945
1.913275
-1.910134
1.913458
1.908725
1.891653
1.911254
1.911486
-1.913110
1.911589
1.913176
1.913981
1.912885
1.908822
1.913828
1.913105
1.908165
-1.912248
1.905215
-1.913947
1.893056
1.872885
1.911289
-1.913386
-1.911251
-1.896373
-1.909102
1.910014
1.913974
1.913054
-1.911979
1.909916
-1.904720
1.911370
1.910779
-1.910323
1.912535
1.914095
1.912778
1.913674
-1.901140
1.909141
1.900123
1.883664
-1.907064
-1.911657
-1.908127
1.911314
1.907972
1.898637
-1.909294
1.913322
1.907605
-1.913609
-1.911371
-1.884125
-1.801708
-1.911630
-1.906809
-1.822875
-1.912535
-1.911800
-1.905684
-1.910917
1.753609
-1.912774
-1.910236
-1.904576
-1.909894
1.909576
-1.912323
-1.913698
1.902493
-1.914080
1.914436
-1.913205
-1.913452
1.912179
1.909543
1.913542
1.894272
-1.914229
1.914321
1.912277
1.913366
-1.913983
-1.913296
-1.907958
1.913557
1.913838
-1.913444
1.908933
-1.910653
-1.903069
1.909524
-1.908584
-1.912624
-1.908932
-1.913682
-1.906910
1.914308
-1.911944
-1.907313
-1.910607
1.908819
-1.912794
-1.909754
1.906254
-1.910574
-1.910830
-1.914536
-1.912820
-1.912232
1.912718
1.913495
1.914467
-1.909409
1.914326
-1.900240
1.912786
-1.911186
1.913578
-1.913107
1.900336
1.912514
1.914172
-1.913948
1.912891
-1.889745
1.911601
1.913438
1.906565
1.913133
-1.912695
1.912750
1.913066
-1.911028
-1.912769
1.912482
-1.912890
-1.908672
-1.913184
1.913864
-1.911241
-1.913755
1.911176
-1.911479
1.912674
-1.907060
1.909589
1.907553
1.887490
1.911921
-1.911951
-1.913954
1.913172
1.913475
1.911602
-1.912704
-1.908969
1.912903
