4.000000	1.500000	50	0.100000	ARCHIVOS_REDES\ER\ER_629.txt
-0.001256	3.958557
-3.989055
3.989814
3.945440
-3.976173
-3.982500
3.983542
3.958740
3.981527
-3.977212
3.991589
-3.991119
3.958403
-3.981627
-3.967321
-3.978783
-3.965613
-3.981132
3.992957
3.976876
3.985004
3.983251
-3.979609
3.967953
-3.968511
3.987307
3.969511
3.954246
3.970267
3.942307
-3.971693
-3.990336
-3.971894
3.990096
-3.992831
3.975253
3.961237
-3.966769
-3.971268
3.979669
3.883299
3.990611
3.984540
-3.979276
3.983115
3.963923
3.980619
3.985023
3.987495
-3.978110
-3.984516
3.975869
-3.971980
-3.973471
-3.989337
3.983360
3.978987
-3.992063
-3.972212
-3.988190
3.979108
-3.970756
-3.976775
3.961971
-3.990013
-3.992853
3.959168
-3.991014
-3.976245
-3.931438
3.974743
-3.991260
-3.970077
3.976908
-3.985973
-3.977482
-3.971605
3.979920
3.984957
3.981271
-3.942823
-3.931210
3.987726
3.989130
3.977745
3.974390
-3.977178
-3.084515
3.958573
3.549758
-3.964891
-3.973746
3.987425
-3.981545
3.993261
3.991542
3.971539
-3.979404
-3.979369
-3.922633
3.970211
3.995165
3.963099
3.914104
3.949974
-3.985850
-3.979425
-3.970968
-3.990886
-3.969872
3.963650
3.990882
-3.954587
-3.969868
3.977620
3.943248
-3.989212
3.965790
3.978064
3.943208
3.977615
3.981745
-3.977513
3.992408
-3.988234
-3.989709
3.975552
-3.977056
-3.932411
3.976289
3.971068
-3.992065
3.971594
3.989010
-3.993448
3.991369
3.971798
-3.987678
-3.983517
3.974794
-3.981086
3.979187
3.977589
-3.982105
-3.977041
3.990406
3.977779
3.979985
-3.965718
3.987514
-3.973765
-3.992033
3.972259
-3.972712
-3.970336
-3.936253
-3.989526
3.990870
3.970855
-3.968199
3.982856
-3.859149
-3.977133
3.989389
-3.981873
3.991118
3.988700
3.945481
-3.984686
-3.125453
3.980467
3.989272
-3.952230
-3.942565
3.986015
3.981491
-3.971017
3.989323
-3.980541
3.863218
-3.989449
-3.972424
3.986416
3.972824
3.977907
-3.990504
-3.980629
-3.990651
3.954992
-3.980420
3.987922
-3.987218
-3.917322
3.983071
-3.951632
-3.920254
-3.977549
3.990046
3.988336
3.963834
-3.981589
-3.989015
-3.930365
3.981179
-3.978309
3.984571
3.981310
-3.979955
-3.980295
-3.981535
-3.968592
3.949763
-3.935801
3.984709
3.988779
-3.952942
3.954052
3.926303
-3.961008
3.976848
3.968902
3.974204
3.966015
-3.939356
-3.992772
3.955582
3.972293
-3.979355
-3.982462
3.981686
3.935682
3.970180
3.983095
3.982180
3.977734
3.983377
-3.985101
-3.981753
3.982862
-3.979012
3.983780
3.974894
-3.982482
-3.962581
-3.942991
-3.980290
-3.987787
3.985545
-3.992407
-3.987997
3.981438
3.956767
-3.991488
-3.910999
3.979379
3.981744
3.973923
-3.985266
3.986802
3.980119
-3.983278
3.849397
3.947195
-3.961180
3.932608
3.985144
-3.958168
-3.987912
-3.973930
-3.918153
-3.967139
-3.990601
-3.962063
-3.965475
-3.983981
-3.991643
-3.967742
3.729595
3.996222
3.960063
-3.992661
3.973805
3.982073
3.981012
-3.963420
-3.910889
-3.977936
-3.980215
-3.967605
3.973300
-3.884926
-3.960704
3.995540
3.985905
-3.968356
3.955576
3.985166
3.984638
-3.964513
-3.960771
3.993539
-3.980025
3.977152
3.971407
-3.986223
-3.972343
3.983970
3.973080
-3.978583
3.977905
3.987407
-3.994088
3.885421
-3.978525
-3.982105
3.988830
3.981674
-3.960427
-3.979331
3.958913
-3.973539
3.965810
-3.981766
-3.983883
3.970895
3.989020
-3.986396
-3.990029
-3.979301
-3.995085
-3.982770
3.986988
3.988635
3.984933
-3.988378
3.966988
-3.986973
-3.967928
-3.973542
-3.930202
3.922705
3.967362
-3.983056
-3.986176
-3.989385
-3.965398
-3.931674
-3.993250
-3.985295
3.967924
-3.993512
3.974355
3.996078
3.981277
3.993248
3.979548
-3.982636
3.967356
-3.971462
-3.943862
3.980451
-3.981290
3.982598
-3.995147
3.982327
3.971302
3.947541
3.984417
-3.992330
3.943105
3.951356
2.414423
3.991030
-3.980002
3.994419
3.973992
3.980424
3.965207
3.967687
-3.981861
3.979170
-3.981695
-3.974287
-3.979864
3.990900
3.983335
3.977301
3.982671
3.958639
3.989361
-3.992503
3.973187
-3.978764
3.976240
-3.970045
3.991524
3.976776
3.983990
-3.970971
3.991557
-3.958837
-3.985976
3.983118
3.979489
-3.982134
3.980902
-3.956005
3.983280
-3.975171
-3.990530
-3.966756
-3.992366
3.953917
-3.969745
3.971007
3.976185
3.990117
-3.972083
3.905548
-3.870609
-3.933424
-3.986754
-3.976056
3.964013
3.987983
-3.971545
3.983467
-3.934898
-3.972158
-3.982902
-3.980748
-3.968239
-3.982366
-3.988533
3.975699
3.982792
-3.974111
-3.983675
3.977778
3.941824
-3.923904
3.978865
-3.973420
-3.975309
3.986574
3.957053
-3.852629
3.993941
3.983022
3.984087
3.814515
-3.732307
3.956961
-3.985972
-3.988299
3.981564
3.995340
-2.901628
-3.991039
-3.899786
3.936059
-3.991134
3.992232
3.980013
-3.986207
3.954363
3.988394
3.988525
3.921604
3.975525
3.951302
3.979482
3.979298
-3.985085
-3.988958
3.969728
3.966360
3.988816
-3.984027
-3.966612
3.949495
3.854135
-3.903107
3.969568
3.994627
3.995675
-3.971991
3.942096
3.985322
-3.989025
3.978830
3.985081
3.979110
3.989166
-3.964856
3.948806
-3.967820
3.965849
-3.984689
3.983509
-3.996075
-3.977395
3.979269
-3.989387
3.660218
-3.960756
-3.922283
3.920330
3.986885
3.979997
3.967765
3.967437
-3.963334
3.956936
3.983478
3.959400
3.994481
-3.992496
-3.865183
3.989101
-3.963786
3.904823
3.983349
-3.990305
3.990711
-3.979895
3.988446
3.976311
-3.972801
3.978093
3.985745
3.994931
-3.977970
-3.980073
-3.975097
3.984080
-3.986919
3.939499
-3.969918
3.512680
3.904928
3.963779
3.948542
-3.950225
3.975850
-3.867134
3.978599
-3.985291
3.956962
-3.972313
-3.973831
3.992020
-3.989414
3.991346
3.968068
-3.955878
3.970470
3.979953
3.926982
3.988232
-3.972556
3.982952
-3.977995
3.978257
3.978105
3.979413
3.978258
3.991577
-3.964494
-3.960900
-3.968233
3.967469
-3.980915
-3.972194
-3.984567
-3.973309
3.979527
3.971394
-3.993725
-3.949762
-3.968680
-3.981756
-3.982819
-3.965997
3.994279
3.966285
3.980496
-3.983498
3.992632
3.988778
-3.985607
-3.992720
3.982494
-3.946537
3.910815
-3.983456
3.961745
-3.935893
3.963580
3.951619
-3.981349
-3.980630
-3.970421
-3.972922
3.976226
-3.982712
-3.992197
3.984198
3.984122
3.864459
3.934600
3.971857
3.980035
3.990742
-3.971514
-3.968302
-3.989744
3.974145
3.957276
3.989640
3.993358
-3.968604
-3.942088
-3.974927
3.992401
3.934425
-3.893814
-3.994867
-3.991540
3.900625
-3.983112
3.983825
-3.984770
3.976845
3.991580
3.984712
-3.912109
3.641983
-3.969787
3.940474
-3.987984
3.913217
-3.993770
-3.982732
3.988089
3.967089
3.950624
3.957138
3.972245
3.973108
-3.938629
-3.985540
-3.982102
3.989881
3.984919
-3.974405
-3.976681
3.939088
-3.969289
-3.990789
3.990188
3.987465
-3.989450
3.972431
3.988688
-3.979300
-3.942484
3.976840
-3.964413
-3.960116
3.966327
3.977437
3.983460
-3.983514
3.988252
3.978285
-3.987018
3.956555
3.981456
3.987223
-3.987466
3.968438
-3.943079
-3.973792
-3.926811
-3.986707
-3.982588
-3.967011
3.979538
-3.995363
-3.982491
3.981445
3.973048
-3.986718
3.961361
3.948175
3.948528
3.763882
3.984380
3.988769
-3.980102
3.984474
3.969484
3.970634
-3.993251
-3.994014
-3.974670
3.981817
3.991200
-3.975651
-3.943901
3.990771
3.984794
-3.968287
-3.992722
3.973074
-3.990010
3.961855
-3.954992
-3.900563
3.992190
-3.910987
-3.969852
-3.984029
3.946288
-3.973599
3.967569
-3.971553
-3.986902
-3.982433
3.988112
3.992131
3.936578
3.972637
3.968531
-3.992955
-3.993479
-3.971682
-3.986024
-3.965537
-3.981962
-3.987180
-3.982557
3.976004
3.978214
3.985287
3.981432
3.992632
-3.970853
3.936744
-3.959734
-3.982704
3.990978
3.957766
3.850837
3.927586
3.966114
-3.991175
3.968501
3.957664
3.992824
-3.975392
3.991164
-3.990057
-3.925726
3.994364
-3.971319
3.976192
-3.978774
-3.986588
3.977558
3.986958
3.974442
-3.966954
3.966378
-3.987308
3.907100
-3.989974
-3.986691
3.989158
-3.976765
-3.989472
-3.985578
3.967946
-3.980567
-3.956662
3.955879
-3.975577
-3.952481
-3.951220
-3.978576
-3.984967
-3.957415
3.980737
-3.983494
-3.964832
3.959983
-3.980442
-3.994413
-3.975748
-3.972455
3.981487
3.982966
3.943499
-3.967506
3.968576
-3.960608
3.983527
-3.977863
3.981561
-3.967108
-3.992508
3.994595
3.963352
3.982601
-3.993975
3.961200
-3.970425
3.989277
-3.978862
-3.991852
-3.980803
3.967099
-3.976717
-3.980558
-3.981652
3.978264
3.988146
-3.991125
3.969411
3.983477
3.983715
-3.977313
3.981842
3.965841
3.955633
3.948734
-3.987493
3.984275
-3.978739
-3.984759
-3.991415
3.980429
3.928131
3.971578
3.721264
3.970996
3.968293
-3.978358
3.990936
3.983338
-3.932233
-2.930329
3.965261
-3.930938
3.978493
-3.985276
3.968611
-3.906495
-3.995374
-3.960583
3.948361
-3.987576
-3.950787
-3.961318
3.991007
3.927971
-3.971093
3.919604
3.964861
-3.993146
3.969501
3.963506
-3.977669
3.918821
3.972959
3.973884
-2.373324
-3.988849
-3.980034
-3.958148
3.957869
3.963814
-3.979419
3.976007
-3.977302
3.959070
-3.983236
3.978614
-3.964092
-3.972987
-3.946840
3.966883
-3.963455
-3.791379
-3.939983
-3.988552
-3.987735
-3.971486
3.968181
3.941313
-3.958570
3.973338
-3.975683
3.973017
3.978004
3.892745
3.980063
3.964559
-3.968688
-3.989254
3.938542
3.965162
3.991829
-3.931188
3.969437
3.813765
3.984148
-3.971739
-3.987681
-3.942059
3.981854
3.973915
-3.973734
-3.985253
3.964799
3.975394
-3.987663
-3.896223
3.988126
-3.778886
3.947950
3.984472
-3.982754
-3.977432
-3.976233
3.960374
-3.980127
-3.980374
-3.981081
3.984316
3.975051
-3.993173
3.969432
-3.984426
3.947853
3.957484
3.993251
3.980628
3.979293
3.949609
3.990271
-3.971976
-3.961156
3.975462
-3.973034
-3.952348
3.985299
3.994113
3.974463
-3.978467
-3.964701
-3.980631
-3.976360
3.969071
-3.958418
-3.958290
3.971005
3.984723
3.967345
3.970642
3.977814
3.977596
-3.974796
3.686648
-3.973936
3.971289
-3.989774
3.989553
3.985933
3.954978
3.958615
-3.961126
-3.983169
3.969825
-3.980045
3.978739
-3.973689
3.985404
-3.979414
-3.978585
-3.988710
3.973266
3.968646
3.975580
-3.175501
-3.985504
3.992514
-3.982286
-3.947957
-3.982819
-3.989773
-3.977238
3.978955
3.988597
-3.972955
3.951255
3.988145
-3.971709
-3.982335
-3.972844
-3.884917
-3.982714
-3.986858
-3.945417
-3.970106
-3.987278
-3.964907
-3.975725
-3.973663
3.979538
-3.959484
-3.970808
-3.958355
-3.835946
-3.978822
3.988371
-3.984903
-3.972313
-3.971798
-3.983887
3.986289
-3.984627
3.981105
3.956829
-3.989599
3.977893
3.982217
3.953992
-3.961966
-3.966325
-3.948942
3.786221
-3.972136
3.423641
-3.907239
3.990737
3.980997
-3.972149
-3.939521
3.984411
-3.974411
3.991762
-3.974059
3.977260
-3.977115
3.961560
-3.980334
-3.982336
-3.989843
3.976047
-3.978779
-3.964042
3.961380
3.798329
-3.991219
-3.986338
3.972583
-3.984521
3.969082
-3.989781
-3.985690
-3.959135
3.982463
3.980769
3.968015
-3.979288
3.965546
3.951762
3.972327
-3.920272
-3.984909
3.965956
-3.976817
-3.955336
3.976373
3.754670
-3.969162
3.986245
3.987249
3.983009
-3.982240
-3.924135
-3.987692
-3.984751
3.984685
-3.984352
-3.986479
-3.972478
3.982263
-3.987351
3.992710
3.964566
-3.969077
3.963035
3.992483
-3.983475
-3.995256
3.984108
-3.991802
-3.978043
3.974301
3.970382
-3.971816
3.979608
3.946660
3.966796
-3.985796
-3.974126
3.974571
3.938158
3.978379
-3.979733
3.981741
-3.886414
-3.983723
-3.985567
3.974407
-3.901578
-3.989892
3.992417
3.985955
3.966701
3.963236
-3.762941
-3.930282
-3.981222
3.968484
-3.980817
-3.995888
-3.979705
3.978274
-3.989782
-3.983118
3.974960
3.963647
-3.966341
-3.956020
-3.539784
3.979168
-3.976934
3.955077
3.987586
-3.978456
3.988099
-3.980224
-3.991313
3.983866
3.971668
-3.990604
-3.981697
-3.848244
3.975740
3.991985
3.962305
3.925552
-3.981660
3.990703
3.969858
3.958842
-3.979300
3.960091
-3.986897
-3.980595
-3.949743
-3.986752
3.987463
-3.993297
3.926391
3.836347
-3.988902
-3.976673
3.994164
3.971276
-3.966892
-3.971267
-3.978511
-3.972111
3.960549
-3.972018
-3.987422
3.947194
3.988135
3.928742
-3.856719
3.974814
3.943630
3.975050
3.986613
3.968753
-3.961671
3.981191
-3.971720
-3.985034
-3.994416
3.966157
3.987134
-3.990290
3.974241
3.981443
-3.981959
-3.970223
3.956132
-3.983524
3.971205
3.979272
3.969953
-3.949220
-3.981842
-3.958045
3.324512
3.937864
-1.165302
3.983373
-3.988973
3.951200
3.987592
-3.965509
3.984111
3.983412
-3.989965
-3.991232
-3.966205
-3.967916
3.971395
3.942907
-3.989404
3.983009
-3.933367
3.962298
3.948334
3.993813
-3.993040
-3.958070
3.966644
3.958344
-3.987868
3.990918
3.961256
3.959324
-3.979315
3.955039
3.986980
-3.992497
-3.815594
3.983616
3.967312
-3.988539
-3.987619
3.983811
3.977578
-3.967374
3.966547
-3.983655
-3.986804
3.974077
-3.979338
-3.976207
-3.982520
-3.989696
3.976807
3.979397
-3.980512
3.979469
3.987273
3.978437
3.951307
-3.979485
3.954992
3.989559
-3.984116
3.973214
-3.871625
-3.979213
-3.982535
-3.980753
3.919354
3.991432
-3.975302
3.966845
-3.986992
-3.963675
-3.983259
3.982693
3.961115
-3.988787
3.978359
-3.983702
3.980509
3.985918
3.895370
3.989917
-3.975397
3.989009
3.987376
-3.968449
-3.967817
-3.990700
-3.986201
3.968855
3.950545
-3.985269
-3.957970
-3.921494
-3.982053
3.953649
3.949034
3.966244
3.987343
-3.989308
-3.979655
3.958460
3.913877
3.988074
-3.946217
-3.981432
-3.974210
3.990279
3.957883
3.949050
3.958808
3.976544
-3.956060
3.963678
-3.970724
3.972519
-3.968005
-3.983073
-3.984693
3.971478
-3.963454
3.988495
-3.977529
3.967357
-3.978203
3.686098
-3.986650
3.981063
-3.947210
3.988298
-3.972096
3.899999
3.990148
-3.979319
3.978170
-3.967113
-3.713338
-3.983732
-3.975135
-3.963178
3.941173
3.988748
3.980848
3.951111
3.971877
3.989473
3.980588
-3.963963
-3.990705
-3.984047
-3.959458
3.963919
-3.967281
-3.393234
3.984094
3.981789
3.879141
3.960417
-3.902939
-3.971014
3.974987
-3.956224
3.969997
-3.894006
3.981163
-3.977336
3.983697
-3.979431
3.992843
3.994511
-3.981016
3.965161
3.985936
-3.981355
-3.972674
3.983706
-3.970961
3.990467
-3.992471
3.991135
-3.902253
3.977812
3.975889
3.982945
3.977421
-3.982476
-3.962061
-3.971503
3.957042
-3.994155
3.990331
3.992167
-3.976781
3.994475
-3.972877
-3.977293
-3.974376
-3.973455
-3.899233
3.980655
-3.974455
3.991776
-3.942854
3.965348
3.968381
3.970181
3.977618
-3.985432
3.991724
3.978061
-3.960571
3.973114
3.964617
-3.972263
-3.977589
-3.985947
-3.978029
-3.989821
3.971083
3.980054
3.912599
3.985513
-3.928586
3.985914
-3.968382
3.974903
-3.918632
-3.985325
3.979243
-3.976543
3.992010
-3.982980
-3.985925
-3.960404
3.979700
3.984946
3.974217
-3.990159
3.952605
3.969695
3.984898
-3.974433
3.940816
3.972681
3.988329
-3.977202
-3.983806
-3.991174
-3.994204
3.923682
-3.821685
-3.977055
3.965114
3.966070
-3.979291
3.991428
-3.983962
3.977416
3.981263
3.995281
3.976953
3.976603
3.986395
-3.942164
-3.981608
3.955844
3.990251
-3.971931
-3.988379
-3.994270
3.974747
-3.973750
3.979080
3.971313
-3.846989
3.972556
3.977625
3.990251
3.977922
3.982898
-3.976060
-3.988020
-3.954621
-3.790873
-3.978788
-3.970458
-3.990860
-3.984778
-3.956873
-3.985533
-3.929193
-3.977777
-3.974328
3.979648
3.969551
3.987566
3.977710
-3.993356
3.977189
3.986418
3.986686
-3.977430
3.987604
3.976939
-3.968027
-3.882931
-3.864068
3.978050
3.961089
3.968202
3.934677
-3.973486
-3.988843
-3.978612
-3.982079
3.985820
3.829115
3.995059
-3.953120
-3.983350
-3.965382
3.986611
3.883273
3.979328
3.993734
3.988139
-3.992234
-3.965326
3.948857
3.982129
3.975406
3.979734
-3.956307
-3.953966
-3.995231
3.976266
3.967152
-3.966863
3.980497
-3.935326
-3.991020
3.995362
3.990178
3.966115
-3.977680
3.986119
3.991717
-3.958846
3.985186
3.941941
3.987193
-3.967549
-3.984707
-3.938615
3.990166
3.986602
3.987843
3.906772
3.969872
3.967328
3.979123
-3.982279
3.981983
3.982503
-3.983021
2.177222
-3.970478
-3.983263
3.983634
3.979452
-3.986293
3.987193
3.986755
-3.973350
-3.981569
-3.975015
-3.982687
-3.977381
3.976419
-3.938938
3.976073
3.981522
-3.978018
-3.985525
3.895601
-3.989854
-3.960976
3.978248
3.981310
3.995796
3.991241
-3.989875
3.984742
-3.989150
-3.991255
3.976469
3.934773
-3.960322
3.978641
3.951990
3.984765
3.977284
-3.978168
3.991903
3.836213
-3.973595
-3.941844
3.978940
3.990532
3.967144
3.974370
3.929316
3.976116
3.986507
-3.981571
3.993147
-3.960836
3.985317
3.976539
-3.958329
3.975416
-3.971630
-3.699343
-3.975594
3.986809
3.984140
-3.993971
3.980598
-3.969544
3.989877
-3.981385
-3.965497
-3.941877
3.979734
-3.949784
3.961650
-2.517198
3.680526
-3.976197
-3.991633
-3.966751
3.975515
-3.955522
-3.969298
3.966868
-3.995655
-3.961278
3.984569
-3.981502
-3.995433
-3.985358
3.962137
3.988922
-3.894401
-3.985893
-3.978333
3.966930
-3.953143
3.987301
-3.971696
-3.961417
-3.980567
-3.991136
3.974084
-3.989106
3.981647
-3.983374
-3.959771
3.974896
-3.973429
-3.993318
-3.974338
-3.987717
-3.747284
3.965906
-3.986083
-3.205111
-3.985949
-3.988235
3.967870
3.747509
3.991830
-3.988061
3.982583
3.979177
3.973184
3.947741
3.963139
-3.989398
-3.977667
3.983145
-3.977835
3.995742
3.963572
3.974136
3.952085
-3.956293
3.975355
-3.946369
-3.967699
-3.977839
3.909197
-3.983729
-3.982297
3.988523
-3.976511
3.990356
-3.982174
3.982228
-3.971531
-3.979029
-3.985557
3.930381
-3.967068
3.983330
3.964971
3.986325
-3.971609
3.956493
-3.988878
-3.979338
-3.967613
3.989467
3.959810
-3.954427
3.969626
-3.986129
-3.980458
-3.971644
-3.971593
-3.967697
-3.956282
3.979391
3.964235
3.986806
-3.988372
-3.980502
3.955975
-3.958190
-3.988724
-3.985722
3.988934
-3.978380
3.983168
-3.985765
-2.622896
3.952552
-3.852656
3.981785
-3.966610
3.976033
-3.956444
-3.971454
-3.996350
-3.982743
-3.970409
-3.985627
-3.960496
-3.962687
3.988618
-3.988621
-3.981678
3.975899
-3.954098
3.993835
-3.973110
3.967854
3.956657
-3.959178
3.968017
-3.976966
3.992048
-3.961564
3.975867
-3.990836
-3.974439
-3.991457
3.989911
-3.970459
-3.989865
3.870632
3.944688
-3.965067
-3.978034
3.974455
-3.970791
-3.948362
-3.970092
3.966874
3.973129
-3.986276
-3.985986
3.963383
3.723970
-3.981046
3.983430
-3.982465
3.962192
-3.923030
3.973483
3.958246
3.967253
3.980590
3.986437
-3.985800
3.850541
-3.972675
-3.961944
3.969686
3.962482
3.908797
3.900434
-3.988506
3.985289
3.965695
-3.984036
-3.948489
-3.976922
3.960533
3.890872
-3.951533
3.972763
-3.908612
3.970375
-3.973321
3.970978
3.966356
3.989306
-3.994239
3.959098
-3.969494
-3.986095
3.980487
-3.987560
-3.971842
-3.972267
3.993289
3.989498
3.970235
3.960514
3.954229
-3.981404
3.969417
3.961126
3.963595
-3.976325
-3.970682
-3.973878
-3.984311
-3.973253
-3.978793
-3.910030
-3.985433
-3.985428
-3.961539
3.976393
3.976523
-3.975267
3.982936
3.980442
-3.979626
3.983053
-3.971780
3.975505
-3.978945
-3.974045
-3.978346
-3.972785
3.986829
3.974385
-3.976583
3.971947
3.981563
-3.989120
-3.967887
-3.985528
-3.978700
3.986538
3.963789
3.985818
3.984428
3.960780
-3.981926
3.973720
3.974131
-3.967971
3.962882
-3.970066
3.960496
-3.981228
-3.855718
-3.971969
3.950174
-3.963145
-3.978635
3.979979
-3.988031
-3.809817
-3.981005
-3.963635
3.974194
3.986305
-3.939063
3.968743
-3.982505
3.966567
-3.993570
3.964342
3.979703
-3.904870
3.965571
-3.947997
3.994396
3.954329
3.964003
3.986158
-3.969030
-3.976743
3.918944
-3.957283
3.951478
-3.968928
-3.982691
-3.976555
-3.978621
3.975922
3.990263
-3.952604
-3.907920
-3.959327
-3.981792
3.955254
-3.908834
3.987499
3.980678
-3.978912
3.979878
3.974569
3.952402
3.799493
2.803466
3.963943
-3.955268
3.970245
3.986121
-3.973711
-3.973931
-3.972890
3.962514
-3.986991
-3.979160
-3.983667
3.977722
-3.987354
3.935412
3.985440
-3.973620
-3.990235
3.985730
-3.987004
-3.980979
-3.983931
3.988254
3.990888
3.944928
-3.986008
-3.982263
-3.955944
-3.936844
3.969867
-3.984696
-3.979622
3.965341
3.954416
3.983868
0.423764
3.980510
3.966470
-3.983429
3.912552
-3.713032
3.977434
-3.990404
-3.990162
-3.976870
3.956203
3.989414
-3.980411
-3.932577
3.991299
3.977360
-3.991258
3.972610
3.955636
-3.978371
3.956504
3.987459
3.987121
3.980802
3.977807
3.962771
-3.973804
-3.933926
3.961522
3.976077
3.942001
3.964833
-3.981623
-3.961224
3.989897
3.985965
-3.943661
3.993116
-3.912610
-3.965935
-3.989239
3.939121
3.984780
-0.498468
3.982672
3.984408
3.980972
-3.984477
-3.983947
-3.979397
3.980913
3.985788
3.972419
-3.975543
3.975334
-3.981483
3.990030
-3.980735
-3.995382
3.963521
-3.897149
-3.991910
3.990772
3.882703
-3.974198
-3.986851
-3.954890
-3.973534
3.963081
3.915973
3.971307
-3.957801
-3.993519
-3.665797
-3.988358
3.988050
3.992205
-3.973667
3.984549
-3.969612
3.973450
3.964912
3.978803
-3.963397
3.994458
-3.965947
-3.989373
3.988893
-3.984063
3.990016
3.977769
3.977912
3.971376
3.987553
-3.986064
3.983399
-3.971977
-3.989424
3.980357
3.977168
3.972565
3.936645
-3.973848
3.990044
3.976418
-3.977165
-3.974698
3.986898
-3.937665
3.978459
3.979445
-3.893170
3.965469
3.978464
3.974791
3.989570
3.986484
-3.967932
-3.973337
-3.989474
-3.989383
-3.986500
-3.989075
-3.990258
-3.983101
3.964215
3.911254
3.960574
3.992092
3.990072
-3.971267
3.488522
-3.984553
3.968032
3.967887
-3.983534
3.972680
-3.969241
-3.982290
3.974565
-3.949162
-3.991691
-3.991998
3.989539
-3.983142
-3.969113
-3.896797
-3.960483
-3.962844
-3.970173
-3.975738
3.979169
-3.968578
3.985646
3.973241
3.957770
-3.979139
3.967398
-3.918985
3.973589
-3.972865
3.990416
3.703509
3.965302
3.987996
-3.988935
-3.964798
3.985650
-3.976736
3.989887
-3.956358
-3.974625
3.917503
-0.540182
-3.969154
3.980058
3.940629
-3.983595
3.975663
3.980188
-3.990639
3.962968
-3.992935
-3.942894
3.969534
-3.975699
3.939119
-3.984563
-3.972165
-3.988040
-3.976495
3.947930
-3.913691
-3.945696
3.988919
3.970132
3.943395
3.966007
-3.971150
-3.983128
3.956381
3.976811
3.975504
3.958548
3.977346
-3.967569
3.991658
-3.983613
3.973518
3.941869
3.992875
3.964432
-3.958066
3.958708
3.976610
3.970227
-3.905742
3.990960
3.970825
3.965919
-3.988915
3.949018
-3.959199
3.979060
3.907516
3.974076
-3.989927
-3.991042
3.959552
-3.959857
-3.989854
-3.989826
3.984240
-3.982555
-3.955883
-3.986817
-3.949966
3.982360
3.980997
3.974894
-3.900143
-3.983109
-3.989385
3.970038
-3.988115
3.989171
-3.927839
3.967594
3.969036
-3.979967
-3.978185
3.982292
3.982032
-3.961538
-3.987378
3.987904
3.979760
-3.978725
-3.990591
-3.982140
-3.972592
3.915950
3.981607
3.980398
3.970071
3.936816
3.975904
3.989982
3.988555
3.980914
-3.949778
3.948800
-3.979732
-3.932135
3.925662
-3.979413
3.965364
-3.970852
-3.981546
3.986457
-3.914101
3.986075
3.972525
-3.985433
3.970582
-3.978877
3.980432
-3.952960
3.974185
-3.967321
-3.969225
-3.983331
3.967184
-3.862822
-3.963903
3.927544
-3.979793
-3.936333
3.983338
-3.981321
-3.961770
-3.989509
-3.978282
-3.989230
3.968119
-3.984319
-3.949792
-3.981818
-3.988246
-3.988237
3.933692
-3.976591
3.979595
-3.991613
-3.914027
-3.963781
3.931828
3.970975
3.979661
-3.985621
3.974497
-3.983578
-3.995146
3.984629
3.977789
-3.976292
3.984720
3.983187
3.984295
3.959664
3.904054
3.983428
3.982895
3.963966
-3.979882
-3.971631
-3.980615
-3.970049
-3.955209
-3.972641
-3.957802
-3.937895
-3.988563
-3.965165
-3.968433
-3.976499
-3.985429
3.987094
-3.987344
-3.970935
3.990047
3.972410
3.978270
-3.946701
-3.959371
-3.974233
3.988603
-3.708251
3.988789
3.986914
3.989882
3.973307
3.977744
3.986827
-3.985093
-3.981361
-3.981708
-3.948482
-3.957561
-3.822382
-3.969791
3.943240
3.975941
-3.986761
3.981900
3.985918
-3.986308
-3.986790
-3.988572
3.986854
3.947923
3.990251
-3.968410
-3.993281
-3.884702
3.875442
-3.995063
3.987960
3.970686
-3.988788
3.974931
-3.989394
-3.991773
-3.996424
3.995613
3.987947
3.978274
-3.972342
3.974514
-3.864732
-3.969460
3.974305
-3.986169
-3.969765
3.989492
-3.983819
-3.978007
-3.991648
-3.980111
3.970303
3.965556
3.974258
-3.894764
-3.982532
3.985005
3.984650
-3.909780
-3.980280
-3.990980
3.968962
-3.994048
3.983062
-3.958914
-3.962329
3.988233
-3.943642
3.964385
3.993462
-3.968770
-3.960617
3.953836
3.982095
-3.992502
3.989758
3.962281
-3.982476
3.966993
3.970879
3.433739
-3.980057
3.957981
3.979069
3.967870
3.977008
3.957115
-3.983404
3.975588
-3.967519
3.993302
3.982870
-3.989054
-3.961072
-3.983607
-3.987963
3.987585
3.991565
3.982057
-3.957740
3.987338
-3.979411
3.983001
3.992948
3.979784
3.974294
-3.987513
-3.971374
-3.872364
3.911443
-3.973284
-3.967480
-3.983608
3.953824
3.981867
-3.939007
-3.983151
3.972368
3.982252
3.987405
3.971163
3.968894
-3.988343
-3.960504
-3.976033
-3.941581
3.966506
3.985960
-3.968858
-3.933673
3.987926
3.968329
-3.983086
3.973577
-3.987338
3.969625
-3.983780
3.973881
-3.988961
3.990458
-3.983441
-3.977057
-3.949526
-3.987342
3.984889
-3.960390
-3.989707
-3.984104
-3.957638
3.981019
3.981727
-3.908553
-3.964069
3.881573
3.987266
3.960409
-3.944392
3.151922
-3.984472
3.989430
3.992307
-3.980231
-3.973704
-3.982563
3.992141
-3.979859
3.988745
-3.978388
-3.967141
-3.986408
-3.971961
3.993461
-3.970297
-3.983446
3.928498
3.987890
-3.982272
3.955105
3.990826
-3.963990
3.948107
3.985463
-3.954118
3.986818
3.975560
-3.966597
3.985762
3.989425
3.987154
3.991735
3.980253
-3.940890
3.970571
3.962050
3.971636
-3.940484
3.985247
3.988480
3.986601
-3.993646
3.972859
3.986044
3.971603
3.961227
-3.984629
3.961144
-3.949020
3.987284
3.962318
-3.970176
-3.976837
3.971693
3.941162
3.966585
3.989209
3.923951
3.987107
-3.948380
-3.953088
3.982986
-3.982132
3.964294
3.940664
3.985640
-3.982743
3.964255
-3.949109
3.982645
3.985590
-3.976774
3.987092
-3.989835
3.975100
3.990007
-3.990433
-3.971379
3.975203
3.911302
3.988611
-3.968162
-3.969328
-3.971239
-3.971403
3.980684
3.965098
3.987498
-3.989433
3.976010
3.990180
-3.986380
-3.988814
-3.970367
-3.993211
3.959212
3.982661
-3.943010
3.994053
-3.963885
-3.992065
3.990084
-3.969306
3.976240
3.975205
3.969707
3.893053
3.974295
-3.974613
3.990510
3.985331
-3.987237
-3.965208
-3.990763
3.974595
-3.980333
-3.965240
3.976505
-3.989108
3.947085
-3.988518
3.984240
-3.959290
3.990209
3.965020
-3.938005
3.985081
-3.835443
3.973703
3.983313
3.991519
3.980573
-3.960474
3.971825
-3.966549
3.966834
-3.948988
-3.980473
-3.967402
3.979866
-3.843644
-3.986202
3.980358
-3.988711
-3.978352
3.837924
3.856668
3.981299
-3.953543
3.966622
-3.987667
3.993701
-3.957506
3.985782
-1.697133
-3.991859
3.982077
3.992813
-3.980814
-3.973190
3.984385
3.981064
-3.995667
3.982134
-2.210823
3.962944
-3.926867
3.971165
-3.987484
3.969319
-3.983260
3.980804
3.994029
3.975161
3.981836
-3.967808
3.960018
3.951466
-3.965854
-3.989421
-3.978761
-3.963424
-3.978778
-3.901665
3.991494
3.987590
-3.962294
-3.989478
3.844047
3.920259
-3.992763
3.989136
-3.962983
-3.993898
3.983717
-3.981372
-3.987269
-3.987843
-3.969594
-3.969751
-0.862311
-3.947355
3.988566
3.981713
3.978559
-3.981961
3.989527
3.953704
-3.988610
-3.994130
3.983327
3.972952
-3.995038
3.986883
-3.980779
3.982856
-3.984714
-3.872591
3.955495
-3.992227
-3.968967
-3.975248
3.982245
3.966926
-3.977454
3.982888
-3.961109
3.962949
-3.933407
-3.985125
3.977964
-3.982808
-3.975394
3.986296
3.984040
3.994008
-3.960874
-3.888138
-3.946237
3.980520
-3.956630
-3.973314
-3.941750
3.982518
-3.577121
-3.979355
3.988420
-3.970805
3.979187
-3.989347
-3.948791
-3.971524
-3.976086
-3.989414
-3.973618
3.935829
-3.951690
-3.984159
-3.973664
3.974380
3.980283
-3.939424
-3.980571
-3.940791
3.987142
3.987229
3.986879
3.987768
3.973979
-3.986978
3.973970
3.987242
-3.975278
-3.973097
3.972137
-3.980398
3.971686
-3.961242
3.854830
3.964753
-3.976305
-3.953431
-3.983873
-3.957772
3.984831
3.716911
-3.942013
3.942901
-3.978703
3.961603
3.991142
-3.990590
-3.978796
-3.973849
-3.947173
3.968957
3.974332
3.978529
-3.968675
-3.951697
3.980596
3.962836
3.962351
3.984348
-3.949615
3.985068
3.966461
-3.945582
-3.981509
-3.982900
-3.982915
-3.959929
-3.977362
-3.969298
3.939987
3.987991
3.989479
-3.949236
3.960474
3.974611
-3.987877
-3.954968
-3.944790
3.981016
-3.986498
3.964307
-3.778169
-3.978351
-3.992578
3.990131
3.956643
-3.992892
3.982925
3.985815
3.988878
3.952908
3.990751
-3.973838
3.975915
-3.969622
-3.978262
3.983013
3.978153
3.993507
3.959615
3.980294
-3.034857
-3.983134
3.984603
-3.993779
-3.990687
3.972972
-3.990543
3.979920
-3.988760
3.968541
3.956592
3.981906
-3.995970
-3.988214
-3.947074
3.982274
3.958596
3.973446
3.947655
3.939220
3.970999
3.960126
3.972548
3.951553
3.976326
-3.978801
1.164148
-3.995361
3.967814
3.988979
-3.959501
-3.982371
-3.959654
-3.980118
3.972703
-3.965285
-3.916393
-3.979669
-3.983305
3.991730
3.983213
-3.972308
3.966960
-3.973505
3.984957
3.985868
3.974873
3.980579
3.964164
-3.982286
3.977123
3.989146
-3.985081
3.987425
-3.975757
-3.872668
-3.957277
3.976056
3.979496
3.948415
-3.994627
-3.980851
-3.967805
3.954471
-3.993599
3.955940
-3.987390
-3.984814
3.938712
3.979975
3.962747
-3.986770
3.990197
3.963616
-3.974942
-3.978818
3.983769
-3.955140
-3.983240
-3.993556
-3.967329
3.957846
3.982111
3.987858
-3.986721
3.953113
3.973610
-3.992482
3.983776
3.986465
3.989131
3.967305
3.900268
-3.967656
-3.994269
3.551174
-3.978182
3.986569
3.954198
3.969260
-3.954792
-3.986598
3.988042
3.970532
3.953420
-3.949886
3.736017
3.972720
-3.973608
-3.983592
3.972572
3.989685
3.974668
3.960640
3.988297
-3.970939
3.961765
3.990617
-3.970201
3.963887
-3.972884
-3.966499
3.973252
-3.992583
-3.980379
3.995139
3.974183
3.971499
-3.896989
-3.967025
3.991919
3.953503
-3.993915
3.966527
-3.988217
3.587633
3.988521
3.951880
-3.975372
-3.989272
-3.990325
3.989841
3.974839
3.974460
-3.978291
3.964397
-3.977776
-3.995719
-3.964329
-3.868395
3.989036
-3.970727
-3.971569
3.986907
-3.867701
3.930804
-3.986937
3.961141
-3.971515
3.980847
3.971096
3.979795
3.981269
-3.930050
-3.977869
-3.953105
3.983385
-3.978230
3.978117
-3.988969
3.980682
3.941683
3.972945
3.988256
3.759378
-3.872108
-3.980776
3.963617
-3.976027
-3.967855
3.985173
3.988871
-3.984680
-3.991551
-3.977369
-3.487640
-3.993022
-3.980352
3.992377
-3.959182
3.995365
3.978238
-3.992943
3.991112
3.977342
-3.983126
-3.987726
-3.989747
3.980857
3.975321
3.978012
3.978190
-3.977114
-3.974219
3.965682
-3.917565
3.978085
-3.982400
-3.976934
3.992409
3.976462
3.961729
-3.965082
-3.981539
-3.902384
-3.983466
-3.960720
3.981194
-3.983293
3.982203
-3.967910
3.978271
-3.994320
3.986909
3.974761
-3.872883
3.539122
-3.994905
3.980517
-3.967588
-3.956559
-3.979060
3.975025
3.970457
3.981736
3.979625
3.967178
3.989952
3.977317
-3.975898
3.965616
3.990320
3.988710
-3.992732
3.975893
3.984385
-3.973263
3.982836
3.938566
3.994016
3.993795
-3.990087
-3.978584
-3.974163
-3.990947
-3.975353
3.985619
-3.986334
3.966129
3.965408
-3.987354
3.968171
-3.973955
-3.980333
-3.992300
3.978283
-3.988732
3.950614
3.953722
-3.972659
-3.981447
-3.864459
3.980845
3.982393
-3.993672
3.982945
-3.974771
-3.978962
-3.987854
3.960873
3.976788
3.991672
3.995318
-3.965677
-3.982628
3.961979
-3.985816
-3.974058
3.994975
-3.977564
3.989236
3.955647
-3.976235
3.969390
-3.931264
3.958443
3.992576
-3.987048
3.986993
-3.948469
-3.986198
3.974556
3.967439
3.992447
-3.952625
3.996420
3.991898
-3.988845
3.983719
3.983854
-3.973991
-3.982405
3.983531
3.884693
-2.509714
3.980435
3.987087
3.980996
-3.900685
3.962308
-3.957947
-3.963757
3.977199
-3.993753
3.962505
-3.977473
3.973840
-3.986440
3.985214
-3.944864
3.945039
-3.974620
3.992443
-3.949936
3.993608
3.944673
-3.990989
-3.976643
-3.978452
-3.938823
-3.995635
-3.981975
3.963177
-3.964471
-3.966280
-3.983745
-3.958148
-3.680747
-3.988587
3.980197
3.905255
-3.985269
3.982491
3.972472
-3.974355
-3.972941
3.992664
-3.971781
-3.983454
3.987365
3.982386
-3.981836
3.980852
-3.981923
3.985107
3.984423
3.945238
-3.956299
-3.989204
-3.990618
3.921512
-3.970167
-3.968939
-3.971435
3.964429
-3.978667
3.937240
1.938941
-3.982099
-3.978539
3.982865
-3.966722
-3.986996
-3.963543
-3.975045
3.936340
3.933837
-3.985630
3.974198
-3.837698
3.968390
-3.993757
-3.968683
-3.976618
-3.990463
-3.910963
3.977504
3.985049
3.981495
2.533681
-3.971402
3.986692
3.983173
-3.951931
3.977257
-3.982278
-3.976041
3.920135
-3.964574
3.970849
3.987202
-3.984847
3.979772
3.942276
-3.968920
3.960581
3.957880
3.984561
3.983369
3.974782
3.992157
-3.952159
3.981232
3.936970
3.969464
3.980497
3.990420
-3.970719
-3.978013
-3.977863
-3.936799
3.973934
-3.974277
3.989961
3.922615
3.879891
3.978123
-3.973015
-3.987071
-3.984915
-3.912997
-3.975686
3.984608
3.967757
3.980277
3.951081
-3.968848
-3.993123
3.977864
3.985643
3.985546
3.991045
-3.990464
-3.958914
3.990358
3.987441
3.983547
3.983496
3.980491
3.954012
3.972565
3.971744
-3.973232
3.967489
3.985001
3.908171
-3.972150
-3.977270
-3.980398
3.987148
3.969810
-3.983269
3.920806
-3.959567
3.987580
3.934123
3.977954
-3.980929
-3.992121
3.982995
3.978056
-3.961160
3.964143
3.960268
-3.958289
-3.987284
-3.966569
-3.964499
-3.967971
-3.984430
3.976437
-3.958643
-3.926757
-3.960375
-3.965316
-3.975568
-3.973805
3.970544
-3.976151
-3.995526
3.989069
-3.976747
-3.975877
3.978050
-3.989577
-3.989020
3.979255
3.992433
3.968090
3.990362
-3.978905
3.956403
-3.961975
-3.987866
-3.981214
-3.989032
3.991132
3.651436
-3.989412
-3.971677
-3.966936
3.975655
3.930625
-3.976574
3.981067
3.993740
3.979186
-3.977732
3.990175
3.972841
-3.972486
3.973175
3.981546
3.340498
-3.970253
3.963264
3.988814
-3.934250
3.949343
-3.922129
3.786012
3.992594
-3.988677
-3.977726
3.970589
-3.980450
-3.976080
-3.986390
-3.972289
-3.990245
-3.956549
-3.966817
-3.984404
-3.985229
-3.975638
3.983131
3.989740
3.975820
-3.857383
-3.986197
3.994114
-3.989569
3.974538
3.982565
3.917167
-3.969276
3.989312
3.982276
-3.990394
-3.957654
3.993459
-3.980082
-3.975031
3.968982
-3.988885
-3.977358
3.969481
3.984225
3.969818
3.964623
3.988518
3.973444
-3.991340
3.985557
-3.951684
-3.977999
3.971150
-3.976982
-3.971147
3.980720
-3.973873
-3.980361
3.956692
-3.978584
3.988280
-3.829918
-3.980899
-3.987911
3.980016
3.989357
-3.995477
-3.931276
3.964225
3.990556
3.990225
-3.987586
-3.988952
3.980820
3.948232
3.980021
-3.973588
3.978130
-3.990998
3.965973
-3.900227
3.987139
-3.987720
-3.956431
-3.965226
3.983971
3.904898
-3.982971
-3.968689
-3.988156
3.908622
-3.662115
3.994130
3.985454
3.972553
3.995354
-3.829244
3.987691
3.983520
-3.982832
3.961787
3.962422
3.977644
-3.979725
3.982346
3.990202
-3.974238
3.969938
-3.952560
-3.981855
3.919893
3.948292
3.935075
3.962592
3.975104
-3.986718
-3.972153
-3.963617
-3.982735
-3.983647
-2.993671
3.941071
3.964911
3.984740
-3.980931
3.958019
3.986840
-3.966535
-3.965235
-3.972449
-3.989491
3.947987
-3.990735
-3.968412
3.952450
-3.971508
-3.989251
3.991551
-3.991628
3.923941
-3.206025
3.981563
3.989106
-3.963926
-3.966357
3.960849
-3.983491
3.966521
3.980898
-3.987210
3.980135
3.969753
-3.984433
-3.983179
3.965027
-3.938905
-3.988828
3.967954
3.985833
3.965976
3.967360
3.931531
-3.989736
-3.990365
3.986321
3.990758
-3.965876
-3.976748
-3.987175
-3.979957
3.985451
-3.970928
3.986407
-3.988597
3.955890
-3.974693
-3.976122
3.940975
-3.945298
-3.957997
-3.982869
-3.983567
-3.982331
-3.974966
-3.970255
-3.354479
3.974857
-3.965636
-3.967540
-3.987196
3.956344
3.968372
-3.976605
-3.964117
-3.973615
-3.964923
3.980003
3.978648
3.977570
3.927393
3.985644
3.967065
-3.969771
-3.973743
-3.989339
3.890893
3.982432
3.986810
3.975842
3.983320
3.956887
-3.965123
-3.985709
-3.989082
3.961456
3.986415
-3.993041
3.990795
-3.935849
-3.971407
-3.978444
3.987809
3.970940
-3.982828
3.988100
3.888760
-3.974038
-3.993946
3.987884
3.885162
3.973477
-3.994783
3.977498
3.952061
-3.978951
-3.988110
-3.968123
3.968899
-3.990074
3.973363
-3.986265
-3.946464
3.964538
3.990994
-3.988442
-3.980273
-3.968551
-3.984052
-3.958161
-3.963536
-3.963127
-3.988022
-3.981894
-3.980107
-3.970115
3.958769
-3.968227
-3.977397
-3.971987
3.993328
3.969304
-3.973052
-3.979249
-3.977474
3.976816
-3.980869
-3.995032
3.956858
3.987451
3.990795
3.981753
3.973177
-3.981252
-3.985122
3.984752
3.965940
3.990130
3.982662
3.964166
3.710633
-3.991225
-3.759665
-3.989949
3.977019
-3.936090
-3.964068
3.983220
-3.976421
-3.986359
-3.968789
-3.991470
3.970084
-3.986649
-3.982484
3.989152
3.979751
3.986890
3.944980
3.981418
3.984387
-3.983176
-3.988496
-3.973758
-3.971233
0.891773
-3.969239
3.982332
3.968380
3.959596
-3.978179
3.979366
3.967060
3.991565
-3.976921
3.982493
-3.961586
-3.966381
3.976259
-3.973076
3.771228
3.989235
3.905046
-3.969034
3.967516
3.978576
-3.969366
3.989383
-3.980684
-3.974060
3.977566
3.881191
-3.973954
3.971985
3.983515
3.967202
-3.993094
3.362188
3.996092
-3.981526
3.953248
3.980240
-3.984968
3.983611
-3.930380
-3.989496
-3.981548
-3.954752
3.989710
3.993475
3.975245
-3.985069
-3.990468
3.941427
3.990213
3.984678
3.978299
-3.981591
-3.977028
-3.971411
3.972869
3.988169
-3.963861
-3.975155
-3.988982
3.971568
-3.992107
-3.887416
3.958369
-3.963778
-3.976606
-3.978790
-3.985669
3.973891
-3.981164
-3.974804
-3.986164
-3.990511
3.979897
3.939010
-3.942173
3.988115
3.982813
3.970940
-3.988162
3.943263
-3.964727
-3.980347
-3.982775
3.981489
-3.981275
3.987795
-3.975822
3.873458
3.981662
3.961024
3.945992
-3.978649
3.985656
3.866202
3.977797
3.977966
-3.990109
2.852102
-3.987404
3.991336
-3.988213
3.932207
3.980282
3.926732
-3.971609
3.977230
3.972041
3.960402
-3.992316
3.982562
3.960493
-3.978587
3.944015
3.967988
-3.985939
-3.873231
-3.971017
3.976005
-3.977481
3.991451
-3.888067
-3.972411
-3.975412
-3.969386
3.976209
-3.957856
3.981301
3.902629
-3.982315
-3.986482
3.988426
-3.989214
-3.983531
3.992177
-3.828221
-3.971199
-3.988017
-3.954569
-3.956854
-3.955142
-3.981226
-3.994565
-3.955668
3.988786
3.960300
3.986445
-3.992087
3.958619
-3.982006
-3.988588
3.969808
-3.978632
-3.993598
-3.984798
3.980354
3.986128
3.963545
3.986789
3.992327
3.977763
3.980162
3.981448
3.971781
-3.980616
-3.929610
3.985076
-3.972235
-3.994941
3.956745
3.979325
-3.991174
3.979026
3.975483
3.953969
3.971054
3.944013
-3.988758
3.956580
3.977716
-3.976851
3.985102
3.983526
3.971857
3.991588
3.986837
3.951669
-3.951358
3.981266
3.960828
-3.986062
-3.993925
3.984306
3.969998
3.974489
-3.957504
3.976810
-3.971286
3.976475
3.967868
3.983703
-3.979646
-3.979038
3.959934
-3.994215
3.979032
3.990490
3.960670
3.980642
3.986799
-3.967212
3.952216
-3.972569
3.973248
-3.993220
3.984598
3.979420
-3.982316
-3.203060
-3.962732
-3.993633
3.980508
3.988620
3.959525
3.990166
3.971068
3.941665
-3.949571
3.989716
-3.975163
-3.987287
3.896778
3.994757
3.973313
3.953768
3.987598
-3.990567
3.969370
-3.983917
-3.970824
-3.983937
-3.982863
-3.981909
-3.983022
3.968026
3.981134
-3.962307
3.989497
3.954812
-3.950082
3.943138
-3.460924
-3.984928
3.962761
-3.972136
-3.969584
3.973502
3.980558
-3.988077
3.963666
3.992715
-3.983860
3.962724
-3.990326
-3.912758
-3.977589
-3.975015
3.976213
3.945379
3.991123
3.987749
-3.989710
-3.986690
-3.963872
-3.992876
3.892248
3.957030
3.957521
-3.962227
3.973314
3.970287
-3.986728
-3.968996
-3.959615
-3.986134
3.979437
3.993902
3.967327
3.965559
-3.989192
3.973955
3.937531
3.981819
3.941635
3.927705
-3.970042
-3.986556
3.967606
-3.993046
-3.931373
-3.983541
-3.941947
3.966965
3.985440
3.976091
-3.975722
-3.970141
-3.981993
3.948493
-3.975561
3.972061
3.973758
2.243371
3.975793
3.989723
3.983344
3.928874
3.976901
-3.992365
-3.973314
3.993708
-3.993194
3.971346
-3.958108
3.992678
-3.777717
-1.988617
3.967696
-3.963085
-3.985641
3.991462
-3.988773
-3.974917
-3.942030
3.947419
-3.978758
3.969990
-3.993686
-3.969135
-3.983512
3.921195
3.983452
3.970961
-3.967689
-3.992409
-3.985131
3.981317
-3.972466
3.989629
-3.971025
-3.964193
-3.959932
3.964067
3.989723
-3.979775
3.993086
-3.993932
-3.988321
-3.974748
-1.765831
3.990196
-3.985792
-3.977242
-3.951922
3.969877
3.989091
-3.978100
-3.980986
3.979971
-3.985374
3.971854
3.975751
3.966952
3.985249
-3.991320
-3.986558
-3.968340
-3.968681
3.927239
-3.973250
-3.979809
3.986260
-3.984981
3.990095
3.946041
3.813340
3.941683
-3.993476
-3.968292
3.976213
-3.943904
-3.978214
3.977669
-3.979191
3.977955
3.991660
-3.886680
-3.981014
-3.957182
-3.939926
-3.970270
3.947010
-3.970110
-3.948979
3.976225
-3.972940
3.946780
-3.977372
3.973186
-3.958511
3.992556
3.985761
-3.245677
-3.978271
-3.982827
-3.961251
-3.978077
-3.968862
-3.943971
-3.989298
3.943942
3.956152
3.905735
-3.988063
-3.993001
-3.991734
3.957221
-3.990143
-3.986885
3.977680
-3.968453
3.891115
3.992890
3.970199
-3.969878
3.915642
-3.974430
-3.963182
3.964541
-3.987142
3.985875
3.974781
3.972917
3.979902
-3.974414
3.968389
3.953488
3.969292
-3.992085
3.952091
3.982406
-3.991266
3.986291
3.990992
1.694360
-3.985237
3.983139
3.909864
-3.972698
3.991139
3.957019
3.917223
3.985118
-3.981128
-3.990112
3.983124
3.981383
-3.953438
3.979273
-3.965959
2.308240
-3.955127
-3.912142
-3.946319
3.966655
3.978929
3.951253
3.986711
3.983601
3.980405
-3.987789
-3.969370
-3.903248
3.990445
3.960487
3.965603
3.987379
3.954285
3.984665
-3.933301
-3.941708
3.992451
-3.981373
3.983679
-3.916141
-3.977415
3.994608
-3.990949
-3.976844
-3.987263
-3.961390
-3.988971
-3.973899
-3.367924
3.953511
-3.980475
-3.982291
-3.982810
-3.967928
-3.977493
-3.946495
3.978378
-3.981997
-3.977367
3.990346
3.951871
-3.979372
-3.966907
-0.228989
-3.966616
3.990768
3.990935
3.960655
-3.994708
3.906647
3.987960
3.976627
3.970522
3.987188
3.978968
-3.961812
-3.989487
3.979074
-3.967824
-3.969473
-3.973937
3.982338
3.980301
3.980088
-3.993093
-3.972561
3.974407
3.946241
3.990350
-3.969675
-3.949340
-3.981187
3.981574
3.990780
3.954637
-3.975659
-3.986984
-3.991213
3.948078
-3.938957
-3.962403
-3.986496
3.963963
-3.967388
-3.983220
-3.974057
-3.979833
3.986485
3.975993
3.978141
3.975561
3.994733
-3.941650
-3.967269
-3.980116
3.976414
3.982806
3.993907
-3.985153
-3.956427
-3.977235
3.974886
-3.974521
3.987882
-3.980887
3.964313
3.986219
3.951786
3.991232
-3.987506
3.977686
-3.968379
3.981903
-3.947936
3.982788
-3.982005
-3.984464
-3.966338
-3.976412
-3.991432
-3.956718
-3.987914
3.951842
-3.950036
3.960304
-3.973800
-3.915967
-3.975577
-3.926966
3.971399
3.983979
-3.981525
-3.970786
3.983493
-3.977399
-3.986784
-3.922447
3.982322
3.963451
3.979937
-3.977833
-3.988234
3.983934
-3.992113
-3.988333
-3.993298
-3.983938
3.991906
3.972061
3.978597
3.974297
3.990328
3.981929
3.938276
3.984273
-3.985870
3.972182
3.988658
3.950151
3.994087
-3.985452
3.975288
3.976391
3.952672
3.972727
3.977085
-3.966976
3.980535
-3.980420
-3.985727
-3.928279
-3.944555
3.979850
3.981458
3.982575
-3.980181
-3.979685
-3.982013
3.983197
-3.982162
-3.952809
-3.970625
-3.974140
3.979739
3.962939
-3.954773
3.989567
-3.952453
-3.989481
3.977241
3.979956
-3.970648
3.970809
3.911582
-3.972903
3.439142
-3.965975
3.993343
3.975764
3.986157
3.973662
3.993845
-3.965651
3.980185
-3.991595
3.973810
3.981597
3.973201
-3.971882
-3.988481
-3.981238
-3.857017
3.788858
-3.811903
-3.979973
3.975028
-3.979645
3.985007
3.969309
-3.989431
-3.983100
3.974418
-3.973526
-3.971574
-3.991777
-3.994705
-3.978240
3.964145
-3.993623
-3.974277
-3.975511
-3.991500
-3.983756
-3.975557
3.994752
-3.907916
-3.969662
-3.983850
-3.919342
-3.995141
-3.964950
-3.934904
-3.976959
3.994576
-3.962300
3.984568
3.986352
3.972360
3.970731
3.982780
-3.961963
-3.991941
3.924183
-3.981020
3.989531
3.980318
3.985374
3.988533
-3.975326
-3.982240
3.982870
-3.979436
3.951911
3.945805
-3.985926
3.981875
-3.985165
3.969475
-3.992368
-3.970075
-3.972880
3.985547
3.984329
-3.984572
-3.991916
-3.979883
-3.984420
3.962550
-3.970394
3.989188
3.981178
3.991084
-3.966874
-3.966645
-3.988674
3.970397
3.963426
3.971951
3.981717
3.980961
-3.977838
3.947245
3.975145
3.980125
3.995704
3.977468
-3.953613
-3.985250
3.978538
-3.980922
-3.918851
3.950140
3.951781
3.963792
3.970290
-3.975801
3.988871
-3.981288
3.991953
3.981269
3.850332
3.990581
-3.969614
3.991459
3.993006
-3.993747
-3.975343
3.962539
-3.975665
3.991423
-3.953576
3.973839
3.992568
-3.989544
3.964819
-3.987965
-3.987288
-3.983391
-3.981828
3.980891
-3.927972
-3.976857
-3.945730
3.950518
-3.971369
-3.965742
3.975480
3.970384
3.989665
-3.967070
-3.935003
-3.992392
3.987878
-3.989946
-3.973514
3.991225
3.984919
-3.988696
-3.992634
-3.976337
-3.989563
2.146753
-3.967336
-3.978013
3.979077
-3.959936
3.991473
-3.895667
3.991795
-3.982006
-3.970760
-3.984801
-3.959756
-3.966195
-3.983608
3.976975
-3.955825
-3.969998
3.962743
-3.954459
3.980739
-3.972045
3.939947
3.987431
-3.942432
-3.993704
-3.986162
3.993301
3.981624
3.966290
-3.966736
-3.989790
3.900072
3.974933
3.980947
-3.989852
-3.989990
-3.942114
-3.979656
3.974930
-3.984192
3.986379
3.989385
3.875731
-3.958142
-3.946404
3.938179
3.974387
-3.905573
-3.950503
3.977989
-3.977461
-3.982805
-3.963768
3.984781
3.972186
-3.985619
3.993225
3.955188
-3.988951
-3.991651
3.978368
-3.971521
-3.962577
-3.965650
3.962524
-3.988491
3.980638
-3.960076
3.993200
3.985462
3.952324
-3.987878
-3.975350
-3.942561
3.933698
-3.961074
3.959257
-3.971169
-3.958107
-3.984445
3.970882
3.979978
3.990582
3.978535
-3.988308
-3.987982
-3.983901
-3.974971
-3.956762
3.979669
3.967342
-3.948728
3.975170
-3.975679
-3.989106
3.967654
-3.968256
-3.974522
3.986180
-3.968587
-3.973619
3.989836
-3.948278
3.986359
3.993546
-3.942781
3.989765
-3.988940
3.979430
3.956155
3.983115
3.980181
3.971619
-3.980609
-3.961550
3.989503
3.981823
-3.986461
-3.974533
-3.971939
3.982682
-3.974480
-3.979865
-3.976239
3.942068
-3.970040
3.957109
3.953056
-3.973466
3.967343
-3.946548
-3.918223
-3.973721
3.988696
-3.970072
-3.982640
3.977187
-3.991491
-3.958624
3.960498
-3.985415
3.946285
-3.993365
-3.956570
3.971875
-3.991678
-3.980574
-3.960304
3.986498
3.978166
-3.958390
-3.981231
3.983970
-3.975095
3.990240
-3.984472
-3.890841
3.994678
-3.984969
3.982033
3.969556
-3.986872
3.977189
-3.981908
3.972457
-3.976292
-3.990507
-3.977503
-3.991490
-3.983029
3.992342
-3.971016
3.984257
-3.988603
3.992387
3.977395
-3.944662
-3.944373
3.990020
3.931132
3.988550
3.980496
3.969453
-3.984164
3.972241
-3.982570
3.978446
-3.966764
-3.988543
3.967155
-3.847906
3.978768
3.960026
-3.944503
3.967403
-3.971374
-3.992931
-3.980428
3.988811
-3.984412
-3.984676
-3.957194
-3.973556
3.971090
-3.964446
-3.960180
-3.961993
3.982832
-3.920247
-3.962809
3.946322
3.983134
-3.975911
-3.986332
3.953420
3.988084
-3.993021
3.983452
3.961370
-3.993653
-3.969989
3.984751
-3.918133
-3.965195
-3.932044
3.985240
3.689256
-3.974800
-3.986601
-3.982810
-3.980702
-3.967392
3.960188
-3.982003
-3.972521
3.990381
3.981222
-3.989834
-3.994558
3.981325
-3.949537
-3.960502
-3.985288
3.996146
-3.992423
3.965765
3.966979
-3.981936
3.918078
-3.978893
3.947816
-3.750771
3.936406
3.964312
3.983415
-3.980784
3.964547
3.958807
-3.973339
-3.956323
-3.651759
-3.972678
3.892872
-3.984904
-3.968516
-3.980260
-3.974544
-3.989002
-3.960509
-3.968581
-3.735750
3.987077
3.981535
3.970385
-3.967605
3.965378
3.952259
3.976820
-3.978362
-3.849566
3.988916
-3.971377
3.981274
3.969991
-3.992784
3.978405
3.982967
3.969595
3.982643
3.952805
3.982113
3.956105
3.990274
3.958343
-3.964601
3.981159
3.982439
-3.977342
3.960635
3.984561
3.979737
-3.969362
-3.972492
-3.980100
-3.981168
-3.975131
3.981962
3.988593
-3.990285
3.986545
-3.972009
3.934733
-3.965858
-3.990927
3.976706
3.985169
-3.974921
3.898385
-3.977500
3.946693
3.981455
-3.976431
3.984965
3.983287
-3.984341
3.985039
3.984618
3.979166
3.971544
3.975107
3.959238
3.976524
-3.977690
-3.973631
3.956833
-3.986713
-3.974190
-3.937714
3.987947
3.977374
3.974881
3.989634
-3.954662
-3.935818
-3.970133
3.991583
-3.981342
3.983449
3.981732
-3.977994
3.964014
3.949545
-3.966462
3.986588
3.987584
-3.992165
-3.990679
-3.944594
-3.980962
-3.974014
3.971380
-3.996030
-3.977662
-3.976303
-3.979581
3.924602
3.934327
-3.978747
-3.983053
-3.925092
-3.944031
-3.989696
3.993814
3.984110
3.971971
-3.970336
3.971797
3.955930
-3.983959
-3.983125
3.978176
3.967996
3.977865
3.977892
3.994109
-3.981422
-3.907923
-3.961478
3.948596
3.972746
3.971651
-3.984897
-3.964262
3.943189
-3.979891
-3.985863
-3.990202
-3.786320
-1.960530
-3.964058
3.988848
-3.986112
-3.924189
3.989380
-3.985473
3.993372
3.953713
-3.985940
3.978199
3.966281
3.987549
3.968901
3.979418
-3.992466
3.972351
3.835097
-3.984355
3.988617
3.992795
3.984765
3.993018
3.955981
-3.986778
3.924854
-3.987652
-3.966286
3.983382
3.982416
-3.978137
3.965836
-3.967021
-3.980884
3.979631
3.933594
3.950971
-3.981863
-3.976310
-3.931795
-3.980390
3.973688
-3.992862
-3.918763
3.946974
3.973558
-3.984833
-3.980332
-3.961720
3.986745
-3.976847
3.968560
-3.972583
-3.987383
3.972284
3.965652
-3.973231
-3.935934
3.991699
3.961912
-3.972221
3.988121
-3.970930
3.957088
3.985915
-3.989343
-3.969838
3.917578
3.975251
-3.986421
-3.981241
-3.960558
3.983688
-3.939950
3.967788
-3.961515
3.970361
3.971435
3.973618
3.989275
-3.976217
-3.966008
-3.985197
-3.988009
-3.977530
-3.983988
3.953591
3.942342
3.934361
-3.990739
3.979946
3.937980
3.986394
-3.972329
3.990143
-3.963709
-3.982985
-3.982057
-3.959710
3.982779
-3.974750
-3.984642
-3.989955
3.985497
3.965295
-3.888509
3.981981
3.972559
-3.976399
-3.973181
3.992542
3.932919
-3.952989
3.989668
-3.989873
3.968254
3.977263
-3.940006
-3.977636
-3.922146
-3.994017
-3.982746
3.982124
3.986982
3.987577
-3.984959
3.971455
3.969132
-3.979271
3.976414
-3.993784
-3.982037
3.972256
3.945105
-3.956150
-3.922577
-3.989943
-3.865891
-3.976965
-3.976747
-3.962415
3.962083
-3.917986
3.953459
-3.983780
3.990814
3.995095
3.985806
3.979271
-3.982771
-3.990060
3.976778
-3.990848
-3.631054
-3.988101
3.930801
3.984652
-3.984343
3.981495
3.967943
-3.837358
-3.980697
-3.994575
-3.986619
3.965059
-3.964511
3.984519
-3.972986
-3.921703
-3.970601
-3.978648
-3.827250
-3.971863
-3.980827
3.963416
3.966917
3.925322
3.965513
-3.981870
1.002764
3.972146
3.974241
3.988068
3.967603
-3.991403
-3.957464
-3.989330
-3.945977
3.994259
3.987412
-3.958040
3.984962
3.975092
-3.995049
-3.940794
-3.992534
3.970258
-3.986951
3.980700
3.980906
3.966434
3.988029
-3.896925
-3.979179
3.992322
-3.201961
-3.977431
3.966242
-3.973110
3.984123
3.984790
-3.913620
-3.973896
3.970102
3.979760
3.960769
-3.977327
3.981207
3.953434
3.977646
-3.967656
3.972459
3.983856
-3.960217
-3.966147
3.986525
3.974084
3.954151
-3.989820
-3.994393
3.960936
3.971583
-3.987035
-3.994625
3.973503
-3.966750
-3.961334
-3.767260
-3.972374
3.935867
3.987199
-3.971307
-3.986073
-3.636179
3.966440
-3.976758
3.940213
-3.969862
3.985566
-3.958873
3.990338
3.979187
3.987111
2.757082
3.989871
-3.978174
3.967311
3.954167
-3.975402
3.970604
-3.987123
3.988069
-3.978964
-3.951066
3.985349
3.970811
3.952798
3.952699
-3.968216
3.976620
3.988605
3.989705
3.971653
-3.948020
-3.979917
-3.981195
3.986755
-3.991146
3.978275
3.980478
-3.985210
3.973568
3.927968
-3.948034
3.984067
-3.930530
-3.954227
3.981295
-3.967648
-3.984908
-3.980651
3.981549
3.973183
3.791444
-3.988033
-3.942545
3.981668
3.989810
3.990021
3.980515
-3.959581
-3.990324
-3.979835
-3.982799
-3.955538
-3.981692
3.970221
3.992937
3.917058
-3.957155
-3.990967
3.984206
-3.958470
3.970910
3.973379
-3.969646
3.984105
-3.990387
-3.989987
-3.984573
-3.958709
3.952294
-3.973804
3.981683
-3.963677
3.958147
3.984517
3.988917
-3.980797
-3.985742
-3.993758
-3.979949
-3.950634
3.886430
-3.992551
3.985039
-3.910746
3.752095
3.818804
3.973798
3.964230
-3.942701
3.993895
-3.919490
3.975253
-3.962061
-3.957464
3.967025
-3.989911
3.988881
3.963306
-3.953385
3.986930
3.970616
3.968848
-3.973711
3.978803
3.969855
-3.977228
-3.963875
-3.952851
-3.813723
3.972663
3.925497
3.984606
-3.989837
-3.990482
3.969030
-3.990853
-3.950123
-3.982736
3.970986
3.990024
3.988662
3.963488
-3.970201
-3.988942
-3.983239
-3.951944
3.963279
-3.975601
2.592063
-3.994199
-3.972015
-3.967470
-3.968640
3.983352
-3.981007
3.987862
3.974740
3.974598
3.950221
3.977383
3.962700
-3.940108
3.972533
-3.979958
3.980632
-3.985698
-3.967945
3.991677
-3.930446
-3.994573
3.985329
-3.985904
3.986210
-3.986328
3.978137
-3.973455
-3.994501
3.990339
-3.977798
-3.976205
-3.984327
3.982582
3.968515
-3.991810
3.908133
-3.969465
-3.981360
3.989387
-3.991735
3.837760
3.973783
-3.970387
-3.969857
-3.980147
-3.986863
-3.983633
3.940952
-3.990745
3.962110
-3.988269
3.940260
3.972367
3.946745
3.973758
3.958131
3.972828
3.916520
-3.992673
-3.972227
-3.962287
3.970036
-3.968091
3.930551
-3.966547
3.987989
3.967480
3.987754
3.970991
3.979387
3.976862
3.967196
3.971751
3.988058
-3.977978
3.987663
-3.972396
-3.978251
-3.978678
-3.989639
3.986511
3.983234
-3.937134
3.975631
-3.987968
-3.973796
3.974209
-3.953086
3.977433
3.975050
-3.971076
3.960200
-3.988694
3.974457
-3.991346
-3.992212
-3.957095
3.956870
3.964056
-3.971485
-3.991094
-3.968844
3.972551
3.972298
3.974784
3.980033
-3.873697
-3.975732
3.947171
-3.945506
-3.747608
-3.960988
-3.358077
3.978052
3.970732
3.974759
-3.966721
3.454602
-3.975315
-3.986360
3.867827
3.986128
3.979941
-3.984566
3.988945
-3.983230
-3.970902
3.980416
-3.921464
-3.987805
3.951419
3.992336
3.961535
3.977369
3.961442
3.976700
-3.983534
-3.981852
3.992143
3.984691
3.984509
3.951767
3.988590
-3.993019
3.983219
3.941527
3.993666
3.984781
3.884178
-3.969726
-3.977162
-3.981932
-3.954619
-3.993953
-3.951959
3.964732
3.987210
3.966044
3.990286
3.966293
-3.989894
-3.991518
-3.980153
-3.995988
3.976988
-3.969049
-3.991094
-3.986524
3.970765
3.927775
3.960043
3.992893
3.975844
-3.988210
-3.984872
3.985266
3.987514
-3.971587
3.989666
-3.979471
-3.984882
3.976775
3.952378
3.973010
3.978845
-3.971178
-3.991235
-3.957242
3.988771
3.951983
-3.957292
3.988846
-3.982364
3.986742
3.968071
3.991201
-3.968227
-3.972551
-3.973161
3.977848
3.970767
3.922016
-3.991396
-3.981497
-3.989982
-3.978416
3.974193
3.961663
3.966516
-3.927331
-3.974606
-3.690049
3.981640
-3.951526
3.972825
-3.930085
-3.976980
3.990010
-3.983839
3.979908
-3.974107
-3.971147
3.953741
3.951245
-3.959786
3.968540
-3.971873
-3.977277
-3.970394
-3.980349
-3.989931
-3.971131
3.977229
-3.993551
-3.987890
-3.972348
3.987732
3.988388
3.980318
3.994954
-3.973186
-3.978948
-3.993850
-3.984222
3.967018
3.958073
3.973570
3.984164
3.984364
3.959093
3.968270
3.988608
3.971097
-3.977974
-3.988102
3.771603
-3.973115
-3.970582
3.988317
3.981980
3.751785
3.993053
3.894275
3.987976
3.976806
3.989725
-3.980362
-3.980561
3.972216
3.967322
3.980519
3.976149
3.985895
3.984428
3.882105
-3.954657
3.959192
3.963869
3.980560
-3.989857
-3.973980
-3.986130
3.993253
3.975737
3.986389
-3.988693
-3.974292
-3.985546
3.969598
3.993132
-3.954589
-3.979940
-3.992990
3.981904
3.974671
3.979873
3.992609
3.965901
3.984066
3.984209
3.985982
3.991210
-3.977200
3.971669
3.954498
-3.992776
-3.911563
3.971909
-3.958828
3.977404
3.976811
3.977128
-3.994650
-3.898386
-3.972109
-3.976415
3.963880
3.899376
3.972621
-3.960715
3.991526
-3.964937
3.988671
3.981863
3.959704
3.959300
3.990198
3.993789
-3.974475
-3.975463
-3.918663
-3.973595
3.988381
-3.984818
3.981627
-3.983634
-3.978524
-3.987060
-3.976467
-3.945274
-3.991540
3.956692
3.986397
-3.960964
3.974649
-3.984977
-3.987633
-3.961112
-3.975076
-3.980788
3.982327
-3.993046
-3.980356
-3.972336
-3.980335
-3.963287
3.989072
-3.967652
-3.978788
-3.940451
3.927758
-3.975552
-3.974231
-3.831720
-3.975313
3.996359
-3.990380
-3.986297
-3.968205
3.985485
3.979539
-3.492424
-3.983636
3.949865
-3.961387
3.993358
3.967390
3.965400
3.975013
-3.965890
3.984819
3.975777
-3.990352
-3.979879
-3.972743
-3.970783
3.932738
3.976954
-3.971058
3.969796
-3.969050
-3.980267
-3.989379
-3.987831
-3.943711
3.978399
-3.994141
-3.962576
-3.986247
-3.959515
-3.981865
-3.986980
3.950294
3.983896
-3.974291
-3.978087
3.958996
-3.951819
3.978346
-3.962978
-3.974126
-3.973870
3.983476
3.979690
3.918622
-3.977747
3.982056
-3.977161
3.994672
3.988528
3.957376
-3.966208
3.964391
-3.941440
-3.994240
-3.977155
3.969201
-3.992418
-3.981017
3.974359
3.985058
-3.989020
3.972064
-3.990228
3.970756
3.972752
3.969327
3.946563
3.991569
3.974016
-3.919519
3.989906
3.986570
3.985892
-3.968526
-3.972150
3.988446
3.967906
3.989507
-3.989404
3.986258
3.988106
-3.963405
-3.989540
-3.984152
-3.981517
-3.961985
3.987447
3.930717
-3.951272
-3.979594
3.988203
-3.987751
3.949366
-3.966406
-3.935163
3.992978
3.983982
3.943824
3.918603
-3.982067
-3.982500
3.971217
-3.974266
3.981183
-3.992167
3.847224
-3.982534
-3.990762
3.938289
3.992461
3.969629
3.967635
-3.977016
3.971843
-3.971766
-3.985422
3.906028
-3.931424
-3.975376
-3.981580
-3.984771
3.933335
-3.981016
-3.976641
-3.991045
3.961084
-3.990572
-3.959387
-3.983726
-3.990962
3.976945
3.756928
-3.969244
3.977866
-3.836514
-3.990585
3.987624
-3.960472
3.994229
-3.975455
-3.975674
-3.976572
3.989292
3.933822
3.952384
-3.920172
-3.964751
3.993887
-3.957819
-3.956548
3.979059
3.984712
-3.985796
-3.981600
-3.972367
3.981868
-3.983614
-3.966466
3.967261
3.944300
3.988622
-3.994162
-3.948604
-3.980822
3.992234
3.658068
3.975461
-3.935167
3.967129
3.988735
-3.979094
3.974187
-3.980139
3.995701
-3.985402
-3.974814
3.972426
3.966445
3.991502
-3.964192
3.974043
-3.923435
3.990210
-3.964071
3.981240
-3.965365
3.991835
-3.995197
3.977515
-3.902022
-3.992517
3.943981
3.984436
3.966739
-3.982466
-3.980859
-3.976186
3.980659
3.976137
3.947872
-3.966663
-3.978261
3.983530
-3.947576
3.982464
3.968863
3.875899
-3.991833
3.988124
-3.946768
3.978454
3.984242
3.957884
3.989796
-3.959665
3.986344
-3.840133
3.992209
3.982829
-3.970948
-3.959735
-3.991072
-3.943701
3.976876
3.974767
-3.977266
-3.986298
-3.966391
3.983461
-3.962348
-3.928584
3.961716
3.954610
-3.969054
3.962805
-3.976978
3.986998
3.978755
3.989750
-3.995066
-3.943263
3.976706
3.922377
-3.978263
3.988441
3.988772
-3.975943
-3.980698
-3.990862
-3.936258
3.986935
3.980223
-3.962237
3.956561
3.971027
3.977460
3.965679
-3.974740
-3.981955
3.957244
-3.991326
3.985537
3.963473
3.933661
-3.976110
-3.970862
-3.974535
3.983792
-3.994690
3.985849
-3.981680
3.979083
3.993118
-3.986081
-3.977753
-3.969161
3.972553
-3.988697
3.979059
-3.989053
3.993329
3.993475
-3.975217
3.957656
3.983925
3.949193
3.986183
-3.985051
-3.989681
3.975090
-3.981026
3.952964
3.974803
3.950444
-3.981271
3.970508
3.972120
3.991505
3.995515
-3.983661
3.968489
-3.978301
-3.966536
3.992112
3.984994
3.983706
-3.985779
3.984676
3.970224
3.953913
-3.983987
-3.978669
-3.981850
3.991098
-3.895490
-3.991148
3.987272
-3.966640
-3.968446
-3.984659
3.986431
-3.959710
3.976070
-3.955951
3.891402
3.990708
3.983241
-3.966617
3.758050
-3.954234
3.988354
-3.639161
-3.970827
-3.979330
-3.995045
3.989390
3.963229
-3.991312
-3.899065
-3.948555
3.964692
3.977862
-3.954054
3.979146
3.990336
3.852198
-3.978928
-3.987562
-3.975893
3.982964
-3.977116
3.974013
3.969917
-3.904376
-3.983790
3.971208
3.992235
-3.992365
-3.984892
-3.985731
-3.937709
3.976969
3.981413
-3.996110
-3.983431
3.956510
3.980641
3.994394
-3.930719
-3.987855
3.968826
-3.981231
-3.969452
-3.957603
-3.994238
3.938163
-3.975521
3.993472
-3.959004
3.970486
3.968975
-3.980412
3.976329
3.984081
-3.991272
-3.987411
-3.974731
-3.983205
3.982667
3.986597
3.974003
-3.984904
3.933024
-3.995217
-3.993318
-3.992074
3.986957
-3.961333
-3.990593
3.985556
3.928755
3.965821
3.982742
-3.992091
3.962405
-3.975391
-3.987744
-3.973625
3.947854
3.978509
-3.992256
-3.969858
-3.964152
-3.977855
-3.963364
3.989410
3.995924
-3.978308
-3.981402
-3.975962
-3.965817
-3.971022
3.968819
3.975014
3.985525
-3.973483
-3.971213
-3.987439
3.931788
-3.980609
-3.955105
3.898274
3.949563
3.920052
3.977440
3.971473
3.983718
3.959666
3.989939
3.992264
3.950901
-3.968289
-3.875594
-3.991677
-3.672933
3.960005
3.968620
-3.974114
-3.971824
-3.975303
3.992540
-3.996118
3.961452
-3.972384
3.775745
-3.983452
-3.967961
-3.989619
3.989939
-3.955618
3.973102
-3.972544
-3.982986
3.989816
-2.632922
3.965844
-3.952670
3.992579
-3.978184
-3.967673
3.978039
3.994791
0.313102
-3.984861
-3.963978
-3.963707
-3.923855
3.959632
3.990436
-3.990341
-3.984078
-3.982957
-3.964668
-3.967393
3.963951
-3.983629
3.974872
3.963047
3.927679
-3.981782
-3.988366
-3.982265
3.978154
-3.966842
3.968390
3.990629
3.966527
-3.989017
-3.971332
3.988120
3.979712
3.953781
3.983631
3.985606
3.987537
3.973355
3.988847
-3.968639
3.981169
-3.963478
-3.970788
-3.986492
3.973013
-3.967440
-3.974715
3.845637
-3.949932
3.970176
-3.992997
3.988435
-3.993810
-3.989257
-3.973921
-3.988151
-3.986514
3.994584
3.958375
-3.983794
-3.679005
3.979675
3.992665
3.987801
-3.967879
-3.956326
-3.992029
-3.973927
-3.985487
-3.981163
-3.927710
3.995165
3.965024
3.930428
3.976739
-3.966326
-3.938102
3.995693
-3.921655
3.989944
-3.983906
-3.987059
-3.984479
3.952241
-3.990059
3.976587
3.988867
3.975561
3.973715
3.983773
3.986951
3.990421
-3.972275
3.976416
-3.891264
3.972269
-3.992644
3.980446
-3.989694
-3.464441
3.974036
-3.764488
-3.980780
-3.939811
3.962771
-3.924020
3.716107
-3.978123
3.985340
-3.973309
3.970609
3.977623
3.972841
-3.954057
-3.975804
-3.981498
3.972774
-3.994176
-3.965281
-3.976263
-3.974620
3.978353
3.964045
-3.970081
-3.975511
3.987129
3.985699
3.964667
3.969710
-3.983131
-3.991821
3.970286
3.979893
3.989676
-3.972238
3.959415
-3.981978
-3.955400
-3.976112
3.972756
3.986449
3.969577
-3.954838
-3.988688
-3.935807
3.990395
-3.970798
3.982293
3.989175
3.964824
3.975415
-3.948845
-3.991101
-3.910744
-3.962368
-3.979407
3.974968
3.972649
-3.982262
-3.990564
3.978217
-3.958042
-3.957496
-3.981213
3.989903
-3.982420
3.965828
-3.899478
3.967151
-3.935457
-3.991986
3.949466
-3.988101
-3.969612
3.990620
-3.977192
-3.986517
3.978516
3.983997
3.940569
-3.938271
-3.985538
3.921657
-3.981607
-3.976814
3.994904
-3.973336
-3.966895
-3.973029
3.979628
-3.965563
-3.850421
-3.984899
3.989273
-3.912362
-3.974654
3.982260
3.985566
-3.986447
-3.979733
-3.949873
-3.973585
-3.927526
-3.988570
3.985214
3.983324
3.990854
-3.971652
3.955301
-3.978567
3.988096
-3.985604
3.958222
-3.990929
3.967077
-3.990278
-3.983177
3.985123
-3.991733
-3.982936
3.971024
3.906870
-3.978729
-3.978348
3.979734
3.979374
3.962765
3.987728
3.980537
3.976365
-3.939876
-3.990027
3.979178
-3.970741
-3.985757
-3.974703
-3.977961
3.965812
3.987108
-3.943080
-3.926838
-3.887778
-3.982059
-3.984403
3.979031
3.975540
-3.987137
-3.951994
-3.941665
-3.973333
3.983079
3.987295
-3.967097
-3.990163
-3.947656
3.995183
-3.949398
-3.965070
-3.980483
3.544537
3.953120
-3.986348
3.965348
3.971419
3.995321
-3.988279
3.977052
-3.977729
3.924642
3.978380
-3.977688
-3.983886
3.983711
3.987156
-3.985656
3.978963
3.961093
-3.965071
3.974858
-3.971960
3.976350
-3.986613
3.975095
-3.948604
3.977710
3.984134
3.982875
-3.970929
3.978988
3.989068
-3.988306
3.987964
3.977794
-3.983007
3.991959
3.992236
-3.972245
3.985554
3.964614
3.984311
-3.985075
-3.990680
-3.970910
-3.988527
-3.967907
3.956829
3.984929
-3.981228
3.973832
3.972698
3.988570
3.969032
3.980527
-3.987784
-3.976515
3.985202
3.872848
3.947202
3.954394
3.971655
3.980577
-3.976646
-3.993168
3.989655
3.958544
-3.977822
-3.988837
3.992146
3.984936
3.939252
-3.994858
-3.975120
-3.989064
3.969805
3.942603
-3.979576
-3.987434
-3.982092
3.976728
-3.970079
3.954621
-3.977958
3.961636
3.965773
3.965260
-3.934869
-3.882531
-3.959091
-3.988531
-3.990844
3.979365
-3.977319
-3.970743
3.959662
3.970374
-3.993968
3.954429
3.966928
-3.969030
-3.960822
3.989298
3.979528
3.870364
-3.977184
3.982479
3.992762
3.980665
3.978061
-3.978908
3.985563
3.987827
3.984987
3.973826
3.975013
3.979932
3.974148
3.939109
-3.993205
-3.985886
3.973972
3.987808
-3.982307
-3.987140
3.990668
3.962684
-3.970808
-3.973819
3.975818
-3.985305
-3.955629
-3.973927
3.976888
-3.974216
-3.986543
3.983953
-3.994872
3.958015
3.971347
-3.938928
-3.948786
-3.937109
-3.980608
-3.975747
-3.978195
3.978372
-3.989337
3.987393
-3.978791
3.982833
3.988260
3.985493
3.983655
-3.976096
3.971258
-3.985386
-3.952813
-3.982756
3.970908
3.975724
3.979702
-3.976803
-3.970895
3.993139
3.965198
-3.956627
3.962162
-3.972054
-3.985939
-3.960773
3.965805
-3.979819
-3.959902
-3.937533
-3.968978
3.942828
3.984629
3.959738
3.960510
-3.932994
3.923217
3.988999
-3.984372
3.988847
3.990158
-3.983097
-3.947933
3.982454
-3.982346
3.960321
-3.993294
3.927255
-3.976470
3.979633
-3.985453
3.976419
3.962605
3.973715
-3.934332
3.989745
3.952620
3.960929
-3.974339
-3.978915
-3.986339
3.982723
-3.982148
3.837976
-3.958192
3.987368
3.931785
3.982804
-3.963247
-3.975919
-3.992465
-3.990186
-3.977129
-3.211381
-3.974264
-3.688290
3.968151
-3.982997
3.970796
-3.979920
3.987619
-3.952759
3.982071
-3.981724
3.947107
3.978125
3.975605
3.959121
-3.989878
3.963181
3.981606
3.983367
-3.924163
-3.988366
3.977982
3.985409
3.983554
-3.983353
3.965099
3.903809
3.966846
-3.990479
-3.963136
-3.971178
3.980086
-3.991631
-3.960315
-3.971180
3.955142
-3.982414
-3.935411
-3.945106
-3.982696
-3.837690
-3.963978
3.988556
3.934367
-3.967603
3.962317
3.989670
3.972250
3.993728
-3.971970
-3.982232
-3.992294
3.984830
-3.988908
-3.975452
3.964106
3.952260
-3.955544
3.991255
3.975603
3.983927
3.979144
-3.978091
-3.976376
-3.980423
-3.942795
3.985716
-3.981530
-3.983410
3.942726
-3.968266
3.985787
3.985287
3.973179
-3.987974
3.974467
3.984845
-3.969023
3.970895
-3.984221
3.942023
3.987992
-3.978184
3.980393
3.993648
-3.953458
3.935816
-3.978149
-3.978350
-3.990170
3.985542
3.983519
-3.989989
-3.990227
3.970065
-3.979229
-3.975907
3.959183
3.978959
3.971477
3.977049
-3.970236
3.992589
3.952150
-3.967179
-3.992409
-3.986148
-3.980649
3.979968
3.988176
3.980842
-3.960050
-3.978948
-3.986755
-3.967576
3.985582
-3.967303
-3.949019
-3.989342
3.984197
-3.989625
3.981558
-3.989849
3.955406
3.884813
3.866063
3.988825
-3.972555
-3.952443
2.709457
-3.992452
3.977160
3.961333
-3.974681
-3.989345
-3.970451
3.988361
3.965963
-3.978226
3.982749
-3.971136
3.980107
-3.977272
3.977999
3.989999
3.993731
-3.978338
-3.960657
-3.984724
3.982683
-3.973266
-3.968942
3.981359
3.992174
-3.977800
-3.983692
-3.978997
3.970869
3.972633
-3.988522
3.976569
3.978487
-3.985357
-3.960154
3.975808
-3.989792
-3.868866
3.937801
-3.980540
3.983182
-3.964649
3.988650
3.981518
-3.982435
3.983693
3.913403
-3.986423
3.989081
3.949303
-3.965598
3.947308
-3.987278
3.967563
-3.963595
-3.990945
3.989411
-3.967754
3.965917
-3.980448
3.351451
-3.981926
3.983867
3.983388
3.972897
3.970439
3.985058
3.939923
3.963541
-3.989442
-3.993668
-3.966733
-3.974411
3.967550
-3.953602
3.967396
-3.955061
-3.828964
3.974095
-3.836175
-3.979301
-3.979730
-3.976896
3.984825
-3.988109
3.991579
3.955693
-3.989618
3.977124
-3.979016
-3.976240
3.975323
-3.958755
3.984564
-3.990129
3.971664
3.966287
3.988736
3.973534
3.979941
-3.986940
-3.968668
-3.974873
3.968235
-3.973731
3.977495
3.990487
-3.988796
3.984512
3.991509
-3.982454
-3.969313
-3.969901
3.983235
-3.964073
-3.947444
3.961624
-3.931582
3.968942
-3.987903
-3.976170
-3.982571
-3.959366
3.989459
3.991776
3.973364
3.931842
-3.961988
-3.761226
-3.973865
-3.969680
-3.966009
3.983246
3.971326
3.853370
3.988741
-3.981506
3.981162
-3.956258
-3.981457
3.990015
3.984304
-3.952231
3.973163
3.973046
3.986019
3.969982
3.983414
-3.995660
-3.976341
3.973480
3.887106
-3.953550
3.984186
3.983265
2.718984
-3.894752
3.986735
-3.971602
-3.969750
-3.984814
-3.993338
-3.968929
3.910088
-3.975777
3.967754
-3.923622
3.992223
3.983952
-3.987260
3.990890
3.980286
3.991339
3.967757
3.981275
3.974200
3.965526
3.971978
3.973605
3.990054
-3.942866
3.942253
3.977025
3.955949
-3.993660
3.945859
-3.960953
-3.829524
3.985604
-3.948766
-3.993806
3.983094
-3.957492
-3.971931
3.969451
-3.980385
-3.910238
3.978003
-3.970645
-3.979454
-3.790071
3.979459
-3.995594
3.977575
-3.967729
-3.975623
-3.993019
3.985133
-3.760648
3.989781
-3.976830
-3.977075
3.971598
3.987844
3.976860
-3.983823
-3.974584
3.951117
3.982689
-3.982404
-3.980792
-3.988813
3.989999
3.967007
3.983994
-3.989530
-3.987239
-3.993051
3.977585
3.991378
-3.899324
3.944028
3.983825
3.983624
-3.990645
-3.965154
3.669604
-3.985904
-3.978725
3.990754
-3.977967
-3.705756
3.993761
-3.973086
3.839221
-3.979733
3.969973
-3.984639
-3.989082
3.945392
-3.987842
3.976237
3.989320
3.980272
3.979095
-3.955431
3.955529
3.347438
-3.976835
-3.716596
3.986586
3.973339
-3.980805
3.985695
3.979163
-3.993141
-3.907745
3.984285
-3.988830
-3.981067
3.960098
-3.961973
3.989558
3.972487
-3.953033
-3.972034
3.982135
3.976360
-3.991101
-3.851243
-3.947224
-3.987739
3.971791
-3.961120
-3.975384
-3.979662
-3.966166
3.973345
3.988851
-3.982754
3.989374
-3.979423
3.979498
3.978554
3.989791
-3.992611
3.931758
-3.953594
-3.992003
3.978379
-3.747077
-3.970622
3.958974
3.963250
-3.973256
3.951378
-3.977476
3.984869
3.956549
3.989348
3.972999
3.992002
-3.924577
3.864424
-3.982291
3.978048
3.972819
-3.965098
-3.845006
-3.984493
-3.987184
3.946694
3.989961
-3.980674
3.988609
-3.973575
3.975788
3.953837
-3.924649
3.971630
3.970538
3.979230
3.953493
-3.991177
3.965433
-3.962871
3.981781
-3.987715
-3.982970
3.922940
3.966766
-3.983223
-3.936462
-3.953249
-3.956087
3.979768
-3.926291
3.980476
-3.975720
3.986292
3.567736
3.962397
3.964633
-3.967852
3.910334
-3.989197
3.973690
-3.980089
-3.978472
3.961454
-3.988870
3.934952
3.983952
3.970922
-3.974665
3.966351
-3.971245
-3.974380
3.975849
3.989899
3.934372
3.977109
3.990273
-3.989048
3.980320
-3.991907
-3.983894
-3.957072
3.992464
-3.965888
-3.972310
3.984825
-3.941846
3.970039
3.976064
-3.989164
-3.980196
-3.939963
-3.979372
-3.972529
3.959952
3.973708
3.985752
-3.978075
-3.989039
-3.948858
3.992220
3.963562
3.991064
3.949321
3.979579
-3.955691
-3.956149
3.961768
3.962689
3.887345
3.974204
-3.667888
-3.948009
3.912467
3.975461
-3.970285
-3.971027
3.960747
-3.949043
3.961178
3.988054
3.980008
3.989277
3.969959
-3.961579
3.991467
3.972357
-3.845953
3.984523
3.972973
-3.976660
-3.985725
3.980515
-3.976218
3.985500
-3.990877
-3.973290
-3.912396
3.979780
3.975482
3.963059
3.989254
-3.994535
3.972918
3.985319
3.973198
-3.989336
3.910994
-3.984275
-3.986506
-3.972511
-3.984724
3.970293
3.970538
3.961384
3.982365
-3.991595
-3.986203
-3.990698
-3.986750
-3.975188
3.975283
3.938850
-3.984970
3.975524
3.977547
3.979813
-3.983970
3.922896
-3.971055
-3.973851
-3.971528
-3.986299
-3.986618
-3.995092
-3.976723
-3.960837
3.936439
3.966691
3.974285
-3.954979
3.975553
3.978228
-3.959742
3.968265
3.984788
3.967065
3.994536
3.886826
-3.983600
3.928293
-3.963527
3.963076
-3.982915
-3.952347
3.974745
-3.970106
-3.988086
3.974976
-3.975822
3.985730
-3.983699
3.980113
-3.971847
3.993898
-3.983515
-3.964171
-3.734784
3.974112
-3.991550
-3.994493
-3.982279
3.986743
-3.971011
3.973011
3.987406
3.982355
-3.990120
3.988938
3.964140
3.973368
-3.968450
-3.954903
3.906586
-3.991301
3.966535
3.967984
-3.961198
-3.956289
3.959143
3.950926
-3.986745
3.931839
3.966069
-3.987983
-3.973830
-3.956101
3.989676
3.966034
-3.972243
-3.993666
-3.972788
3.957715
-3.974192
-3.956333
-3.985240
3.978928
-3.958854
-3.957978
3.988227
3.983358
3.981274
3.993937
-3.985233
-3.972607
3.972902
-3.991889
3.988069
-3.987823
-3.979925
3.962529
3.979808
-3.983429
3.987035
-3.968058
3.971960
3.974310
-3.981445
3.994786
-3.979508
3.981657
3.949680
3.970436
-3.985097
-3.970544
-3.985784
3.977886
3.983550
-3.976157
3.965237
-3.866258
3.977929
-3.976945
3.963312
-3.982590
3.989414
-3.873104
3.947910
-3.988303
-3.969576
3.991218
-3.990613
3.985542
-3.892605
-3.981159
-3.986190
-1.878387
3.979914
-3.985990
3.989810
-3.965892
-3.941755
-3.986606
3.969407
-3.986992
-3.857477
-3.901854
-3.978374
3.956515
-3.967626
3.935609
-3.975905
-3.992087
-3.990307
-3.974611
-3.959691
-3.992676
-3.876843
-3.947183
3.963877
3.984860
-3.994629
-3.988816
3.972647
-3.977537
-3.992441
3.984061
3.963010
3.965183
3.988357
-3.962820
-3.965626
-3.993808
-3.943565
-3.981422
-3.988990
3.952075
3.985037
-3.575987
3.970426
3.963516
3.989180
-3.966632
-3.976557
-3.971502
-3.987476
3.987636
3.962454
-3.966107
-3.991163
-3.955330
3.960808
-3.988003
3.984773
-3.985582
-3.964945
-3.984296
-3.907411
-3.984903
-3.974866
3.977503
-3.984614
-3.965836
-3.955875
-3.981473
3.982660
3.982747
3.989541
3.914256
3.977795
-3.987265
-3.990125
-3.959829
3.941156
3.970963
3.980413
3.923030
-3.950931
3.979919
3.922434
-3.917426
3.958977
3.984638
3.970884
-3.983539
3.774179
-3.959060
3.975073
3.982344
-3.954512
-3.985863
3.982368
3.984122
3.952022
3.985509
3.971722
-3.984493
3.972595
3.984445
-3.991765
-3.959900
-3.912188
-3.980487
-3.986367
-3.981817
3.979144
3.986352
-3.983746
3.975395
3.980694
3.972836
-3.968370
3.974636
3.980349
3.977998
3.974992
-3.968675
-3.970239
3.988038
-3.991250
-3.994542
3.919232
-3.977887
3.983880
3.966116
3.984980
-3.970090
-3.904182
-3.987201
-3.962363
3.984260
3.980179
3.988437
-3.986747
-3.964055
3.988192
-3.974960
3.966424
-3.988616
-0.675404
-3.989128
-3.964813
-3.957960
-3.914663
3.981495
-3.959403
3.957758
-3.992196
3.944908
-3.888269
3.923080
3.993404
3.980208
-3.994923
-3.981049
3.970552
-3.909055
3.977995
3.975125
3.969650
3.776949
-3.987058
-3.465643
-3.961344
-3.977658
3.991930
3.985093
-3.983601
3.949801
3.975685
-3.941518
3.966871
-3.986199
-3.991413
3.989228
-3.977194
-3.967980
-3.975490
-3.973616
-3.978360
-3.967648
3.968083
3.991726
3.893789
-3.985031
-3.987882
-3.993111
-3.981253
-3.990136
3.987138
3.987802
3.990203
3.973901
-3.986571
3.938909
-3.985936
-3.989163
-3.992554
3.963712
3.987606
3.991429
-3.975580
3.957996
-3.920315
-3.987770
3.992254
-3.983933
3.993822
3.965634
3.983811
3.919495
-3.966746
-3.984086
3.974331
3.905585
3.971315
-3.987487
-3.993544
3.980326
-3.920828
3.984028
-3.991941
3.987624
3.965538
-3.972668
-3.965303
-3.979693
-3.991401
3.988568
3.967351
3.992430
3.988611
3.954648
-3.967402
-3.972227
-3.982296
-3.985512
3.948192
3.975448
3.933425
-3.989114
-3.941176
3.979560
3.983240
3.992717
-3.957809
3.985793
-3.934407
3.978275
3.984727
-3.969806
3.981105
-3.971442
-3.955028
3.975982
3.974318
-3.979432
3.981630
-3.982059
3.966698
-3.953716
-3.866019
-3.990346
-3.975085
3.972157
3.988895
-3.993629
3.981780
3.976946
3.972704
3.980803
-3.987418
-3.977145
-3.984776
-3.986284
3.986546
-3.969465
3.922255
-3.984660
-3.930205
-3.982268
-3.966797
-3.986071
-3.984184
-3.979461
3.918654
-3.975385
-3.925767
3.960751
-3.985795
-3.987057
-3.979966
-3.982727
3.969811
3.990621
3.983120
-3.992670
3.984306
-3.969752
-3.981559
-3.963140
3.965031
3.979640
3.981669
3.378110
-3.980924
3.987080
-3.987779
3.921696
3.922738
-3.976924
-3.975617
-3.979123
3.980171
3.947424
-3.985747
-3.973425
3.962907
-3.802878
3.971751
3.962250
-3.989516
3.985079
-3.943746
-3.981715
0.788293
-3.982124
-3.966213
-3.987555
-3.973507
-3.990954
3.994466
-3.983268
-3.977290
3.984956
3.968472
-3.971858
-3.960123
3.973175
-3.981172
-3.956351
3.979090
3.970941
3.628510
-3.913634
3.969388
3.991308
-3.968513
-3.988104
3.982623
-3.956891
3.981362
3.956328
-3.954386
3.992036
3.988198
3.930236
-3.988071
3.571848
3.941456
3.979412
-3.954205
-3.990091
3.968515
-3.992382
3.984447
3.968196
3.955432
3.953858
3.985884
3.980330
3.976455
3.986024
3.979851
3.986592
3.953994
3.991727
3.983785
-3.988462
3.976146
3.842973
-3.963014
3.978002
3.959961
-3.965786
3.971412
3.994642
3.973700
-3.968411
3.982888
-3.987174
3.988641
-3.973395
-3.986128
3.982169
3.969656
-3.993007
3.961024
3.993736
3.983668
-3.966622
2.834744
-3.989919
-3.934826
3.974748
3.970599
-3.988956
-3.970063
3.974389
3.985104
-3.974757
3.980889
-3.994287
-3.991240
-3.987727
-3.984549
3.965925
-3.976892
3.981867
3.981746
-3.977365
-3.988174
-3.988985
-3.971701
-3.989501
-3.961166
3.967499
-3.984305
-3.994088
3.972104
-3.984336
3.979953
3.982604
3.978925
-3.978284
3.859726
-3.947052
3.968576
-3.981223
-3.986150
-3.982700
-3.987002
3.961849
3.951329
3.975135
3.996116
3.962491
-3.885617
-3.895909
3.965776
3.952416
3.985974
-3.974242
3.707071
-3.977642
3.840512
-0.112082
-3.987097
3.969388
-3.989443
-3.985660
-3.980886
-3.970358
3.971178
-3.986724
-3.983692
3.992662
-3.977985
3.963716
3.991717
-3.978447
3.981282
3.976563
-3.982868
3.994667
-3.970075
-3.982441
3.983935
-3.960038
-3.989822
3.971836
3.989455
3.981075
3.939572
3.988618
-3.986397
-3.953582
3.986507
-3.978064
3.989849
3.982019
-3.987017
-3.929115
-3.970013
3.940496
-3.986548
-3.980544
-3.974817
-3.959896
3.929521
3.949339
3.953271
-3.977596
-3.978660
-3.969365
-3.922227
3.971461
-3.984385
-3.982060
-3.954428
-3.979625
-3.972171
3.982761
-3.959283
-3.983103
3.992999
-3.984155
-3.988770
3.982581
-3.985195
-3.981545
-3.990411
-3.918019
-3.968678
-3.987031
3.984167
3.888554
-3.988412
3.975901
-3.988355
-3.976150
3.980364
-3.974732
3.994596
3.983165
-3.981955
3.935170
3.980821
-3.988592
-3.976743
3.984276
-3.991186
-3.972295
-3.959772
3.987562
3.989065
3.976194
-3.937122
3.990716
-3.524362
3.968276
-3.990553
3.974285
3.979611
3.983602
3.969616
-3.985281
3.977414
3.976419
-3.981497
-3.904161
3.990469
3.973851
-3.992160
-3.983028
3.039212
-3.976091
-3.981205
3.992267
3.977039
-3.976677
-3.988763
-3.989077
3.981012
3.995303
-3.960665
-3.992072
3.976175
3.983451
-3.969250
-3.986213
3.993884
-3.941652
3.940224
3.983806
-3.966444
3.952774
-3.952851
3.994666
-3.932375
-3.961439
3.984323
-3.987516
3.991007
3.985923
3.967909
-3.988696
-3.953774
3.973219
3.968119
3.965978
-3.993339
-3.974610
3.964733
3.949493
-3.927460
-3.963636
-3.977110
3.976108
3.970332
3.985045
-3.986745
3.945940
3.980339
3.879405
3.989861
-3.969633
3.983773
3.983519
-3.980136
-3.963365
3.992410
3.954602
3.993730
3.979708
-3.967135
3.987093
3.985379
3.970323
3.975840
3.979681
-3.991538
3.969977
3.975272
3.975390
3.989169
3.969164
-3.988827
-3.991521
-3.995625
3.968047
-3.971733
3.985892
-3.946082
3.925310
3.974160
-3.991822
-3.981443
-3.966813
-3.985162
-3.982196
-3.958515
-3.988531
3.965764
3.989337
-3.982092
3.975819
3.969255
1.107984
3.980582
3.968645
3.991538
3.835762
-3.981490
3.978383
3.981555
3.989023
-3.990298
3.982197
-3.964909
-3.987532
3.987322
-3.988834
3.983760
3.984517
-3.972065
3.964104
3.986717
3.972479
-3.970678
-3.968854
3.983956
3.979562
-3.994874
-3.992696
3.979577
-3.986107
3.993148
-3.976862
3.977850
-3.971009
-3.965640
3.960401
-3.984776
-3.990845
-3.977709
-3.985452
3.986765
-3.975126
-3.966964
3.176902
3.974682
-3.747727
-3.991271
-3.745724
-3.968634
-3.949073
-3.955672
-3.980632
-3.947936
-3.964771
-3.979499
-3.950852
-3.966105
-3.975951
3.968410
3.965242
3.986394
3.990200
-3.976419
-3.993647
3.979954
-3.933849
-3.965142
-3.956341
3.988508
-3.971788
3.991816
3.989516
3.971351
-3.966190
-3.969467
3.982892
-3.990261
-3.987365
-3.969378
-3.994584
3.971135
-3.982792
-3.990901
-3.980658
-3.943671
-3.955681
-3.970601
-3.966002
3.956046
-3.572346
3.966082
-3.989124
-3.923630
-3.933690
-3.986511
-3.982234
3.989216
-3.992688
-3.969177
3.963002
-3.963472
-3.974758
-3.992330
3.964415
3.970787
-3.880190
3.975017
3.977252
-3.899589
3.976512
-3.971818
3.945597
-3.983279
3.991546
-3.951106
3.989407
3.992317
-3.974794
3.979810
-3.993377
3.993448
3.982624
3.981889
-3.989743
-3.984300
-3.991496
3.959535
-3.569404
3.981528
-3.981417
-3.988387
-3.984222
3.974528
3.848281
-3.984342
3.965659
-3.975919
-3.975881
-3.985430
-3.983385
3.898427
3.647817
3.978726
-3.992005
-3.995096
-3.988358
-3.983649
-3.991180
3.955040
-3.978053
3.969059
-3.961042
3.989843
-3.839994
3.988122
-3.775908
3.942465
-3.981386
3.994070
-3.976758
-3.984532
-3.979783
3.983430
-3.967628
3.993097
-3.973719
-3.970495
3.979919
-3.982669
-3.948200
-3.969852
3.961614
3.960083
3.980669
3.971142
3.934781
3.973120
-3.971248
3.980013
-3.967356
-3.983002
3.978619
-3.974804
-3.966808
3.959699
3.940243
-3.976644
-3.979220
-3.979162
-3.970541
-3.975753
3.989952
3.992085
3.953661
3.976698
3.993711
-3.984720
3.972483
-3.878180
3.966990
3.857557
3.984740
3.993114
3.967176
3.992689
-3.974434
-3.960403
-3.995216
-3.986854
-3.973337
-3.981757
-3.974009
3.956866
-3.984083
-3.977926
-3.979660
3.971617
-3.943810
3.981840
3.906552
-3.910840
-3.984164
-3.960122
-3.987105
3.952525
3.986333
-3.994794
-3.992570
-3.990058
3.973159
-3.958516
3.983839
-3.970852
3.970542
3.984473
3.972316
-3.983022
3.992998
3.982296
-3.952841
-3.965037
-3.981883
-3.990533
3.951546
-3.986861
-3.960026
3.992812
3.961319
3.992348
-3.980828
3.993906
3.988327
3.958283
3.951348
-3.853449
-3.961053
3.931280
3.971150
-3.957557
3.969625
3.934124
3.989013
3.993937
-3.981716
3.994386
-3.949325
3.959885
3.977690
3.981063
-3.983073
3.986741
-3.973801
3.974751
-3.952977
3.965782
3.981580
-3.980792
3.987786
-3.966181
3.989099
3.961227
3.982070
-3.990027
3.984646
3.956965
-3.948704
-3.991359
3.974041
-3.929198
-3.972413
-3.965064
3.978818
-3.961359
3.985471
-3.987648
3.956589
-3.976893
3.990170
3.978221
3.977682
-3.970623
-3.952921
3.980928
-3.949691
3.958574
3.962813
3.989134
3.977006
3.952084
-3.941676
3.986108
-3.983221
3.939226
3.954149
-3.988582
3.993056
-3.986035
3.970739
-3.981623
-3.985269
-3.981919
-3.970526
3.989313
-3.970864
3.964240
3.993705
-3.964703
3.612526
-3.984400
3.984396
3.991804
3.984881
3.993754
3.951305
3.979182
3.971307
3.982116
3.975762
3.978366
3.966362
3.995837
3.961141
-3.982050
-3.987367
3.940543
-3.987405
3.939675
3.973210
3.960761
3.911554
3.988870
3.973459
-3.965451
-3.985158
3.972184
-3.896820
-3.977031
-3.995394
-3.942985
3.982573
3.966016
3.968122
-3.912941
-3.969432
-3.988665
-3.939130
-3.959888
-3.985632
-3.969259
3.984136
2.238554
-3.981745
-3.981026
-3.972696
-3.972251
-3.741026
3.971502
3.942501
3.971038
3.987319
-3.956144
-3.984206
-3.950163
-3.993131
-3.979544
-3.970226
-3.985993
3.973998
3.961090
3.992201
3.979324
3.961009
-3.983999
-3.966573
3.923667
3.974861
-3.956514
3.993540
3.985622
3.752925
3.967953
3.975582
-3.966655
-3.970262
3.993130
-1.963070
-3.746058
-3.966120
-3.979262
3.960563
-3.994021
3.991963
3.993139
3.984555
-3.982068
3.982425
-3.984991
-3.993700
-3.980637
-3.901633
-3.991239
-3.966609
3.980424
-3.972988
3.958781
3.989496
-3.987290
3.901260
3.966384
-3.981243
3.966170
3.919088
-3.992267
-3.989848
3.991984
-3.985411
-3.959206
3.969630
3.926064
-3.957075
-3.962319
3.980827
3.976515
3.980367
-3.931505
3.759541
-3.994520
-3.992571
3.966256
3.973455
3.984599
3.970698
-3.951777
-3.947733
-3.990216
-3.983427
-3.979653
3.992215
-3.981575
3.973226
3.995847
3.961848
3.984787
-3.981462
-3.991018
3.989770
3.982413
3.840396
-3.973518
-3.858302
3.970325
3.978179
3.973344
3.971138
-3.971345
3.979177
3.992754
-3.991027
-3.973410
-3.977188
-3.922484
-3.992708
-3.987207
3.982497
-3.975703
3.968662
3.980779
3.868327
3.984167
-3.984361
-3.967015
-3.963310
3.985596
-3.989934
3.978492
3.963785
-3.994425
3.976787
-3.961429
-3.980020
3.982681
-3.987454
-3.986647
-3.959436
-3.941337
-3.954196
-3.980201
-3.968052
3.972297
3.937051
-3.992033
2.337925
-3.929692
-3.987152
-3.979507
3.975890
-3.959299
3.939127
-3.969675
-3.975485
-3.737968
3.962762
-3.961869
-3.984217
3.945951
-3.961714
-3.987173
-3.981920
-3.988059
3.989421
3.985385
-3.959355
-3.966547
3.954556
3.981097
-3.962155
3.963302
-3.955265
-3.952328
3.989588
-3.971484
3.980479
-3.977164
-3.955285
3.976433
-3.993222
3.975471
-3.978521
3.982711
3.962727
3.981210
3.994279
3.938667
3.980277
-3.994179
3.964324
-3.993485
3.976303
3.980369
-3.982620
-3.979815
3.966038
3.983930
-3.988548
-3.923550
-3.981894
-3.987553
3.979591
-3.967293
3.974696
3.952424
3.977498
3.990611
-3.988988
-3.965732
-3.986922
3.919195
-3.951764
3.991268
-3.988874
-3.981185
3.953018
3.976842
3.986219
-3.983620
3.974432
-3.983608
3.959581
3.967244
-3.977527
-3.977855
-3.945945
3.976318
-3.987487
3.983805
3.940417
3.976986
3.977074
3.986609
3.977139
3.971055
-3.983027
-3.987618
3.985808
-3.977051
3.977573
-3.957822
-3.978921
3.981953
-3.946692
3.962872
-3.972839
-3.967406
3.990058
3.977978
3.898198
-3.935952
-3.994134
-3.985516
3.992370
-3.982064
-3.971096
3.953288
-3.971593
-3.980190
3.964983
3.967391
3.942625
-3.994606
3.993596
3.947965
3.969827
-3.988149
-3.990559
3.970713
-3.965027
3.991823
-3.959820
-3.976931
-3.976398
-3.979818
3.984835
3.994276
3.877175
-3.994517
3.976763
3.972444
3.987651
-3.969155
-3.969566
3.990778
-3.975631
3.972593
-3.987169
-3.984432
-3.969376
3.987742
-3.985526
-3.983599
-3.876314
-3.984121
-3.993522
3.980687
3.988014
-3.988594
3.969056
-3.989166
-3.988957
3.888053
-3.977159
-3.982291
-3.966065
-3.992383
-3.985514
3.979172
3.965303
3.980275
3.992914
-3.923912
-3.968307
3.983897
-3.987224
-3.971673
-3.978875
3.958924
-3.980647
-3.962329
3.977130
-3.974629
3.959016
3.982994
-3.976808
3.979491
3.967380
-3.974064
3.965489
3.970016
3.983926
3.971488
-3.993750
-3.967180
3.972795
-3.972812
-3.973053
-3.970226
3.981318
3.941725
3.955159
3.982241
-3.959470
-3.968544
-3.979251
-3.942701
-3.972173
3.972449
3.961322
3.986024
-3.981779
-3.994582
3.994806
3.980549
-3.982264
3.962895
-3.958805
3.969760
3.813320
-3.964336
3.993675
-3.972589
3.970327
-3.981851
3.975759
-3.990434
-3.985695
-3.967152
3.975829
-3.925835
-3.980710
3.940943
3.956781
3.982114
3.963998
-3.934941
3.927894
-3.981806
-3.987533
3.981622
3.979499
3.970606
-3.991004
3.978064
3.970882
-3.979938
3.975351
3.984631
3.990603
-3.987710
3.972604
-3.981656
-3.984986
-3.992716
3.270518
-3.969561
-3.989120
3.991080
-3.971002
3.987171
-3.978234
3.994345
-3.964092
-3.956972
-3.965638
3.982701
3.989742
-3.969335
3.974151
-3.965637
3.985982
3.977356
3.991165
3.963556
-3.995285
3.986054
-3.983189
-3.986710
-3.985483
-3.862685
-3.987800
-3.969914
-3.976530
3.945172
-3.960738
-3.984648
-3.983415
3.947617
-3.982508
-0.025417
3.988430
3.980114
-3.977624
-3.985358
3.988811
-3.913035
-3.994605
-3.982932
-3.890205
-3.964615
-3.967920
3.961078
3.807078
-3.965094
3.976682
3.983280
3.978353
-3.987496
-3.926860
3.974715
3.932559
3.991247
-3.979257
3.955198
-3.984507
3.946690
-3.989280
-3.958617
3.970328
-3.979301
3.970402
3.954513
3.973431
3.969218
-3.960000
3.969311
3.950603
3.967656
3.960981
3.976150
3.976427
3.968845
3.986970
3.978062
3.971918
-3.982450
-3.665775
-3.976171
3.992217
-3.979801
-3.988682
-3.984659
-3.986650
-3.978983
3.641609
-3.994517
-3.988559
-3.979736
-3.963888
3.979572
-3.968348
3.956483
-3.979726
-3.969621
-3.995207
-3.992776
3.965773
-3.987754
-3.858805
3.970615
-3.979912
3.980456
2.693029
3.970068
-3.985146
-3.972850
3.987575
-3.975826
-3.983785
3.977422
3.983890
3.982432
3.963294
3.944967
-3.992557
3.927231
3.985015
-3.940125
3.755128
3.982074
3.970906
3.969288
-3.980413
-3.986814
-3.981144
3.973987
-3.974297
3.978036
-3.988907
-3.966312
3.988506
3.980072
3.994591
3.988293
3.965562
3.966371
3.967549
-3.985597
3.978177
-3.972180
-3.910345
-3.988948
3.949015
-3.973578
3.996093
3.982277
3.987732
3.979935
3.987231
-3.980003
-3.950799
3.943633
-3.988051
-3.957324
-3.854724
-3.979086
3.969450
3.991684
-3.979358
3.984264
-3.978426
3.985530
-2.641677
-3.979624
-3.988073
-3.962126
3.983932
3.985228
3.922045
-3.990316
3.990758
-3.987746
3.984358
3.975459
-3.974921
-3.991473
3.980105
3.986633
3.826024
-3.918100
3.941303
-3.985994
3.982214
-3.987302
-3.957654
-3.986094
3.879375
-3.980266
3.979572
-3.985680
-3.985637
-3.953110
-3.968839
-3.987542
3.978226
-3.760321
3.958190
-3.940233
-3.982219
3.972153
3.979004
-3.981186
3.981248
-3.949833
-3.985543
3.976744
-3.966642
-3.983642
3.987030
-3.987479
3.984651
-3.980184
-3.985037
-3.963049
3.980144
-3.974031
3.977942
3.941790
-3.981051
3.917405
3.958978
3.981866
-3.990511
-3.987620
3.963602
-3.980466
-3.989816
-3.986501
3.981838
3.964218
-3.967629
-3.971815
3.963935
-3.935081
-2.920493
-3.985347
3.865826
3.987650
3.950329
1.839476
3.990523
-3.974221
-3.969254
3.941831
3.984504
-3.980625
3.965955
3.967409
3.978399
3.976139
-3.970187
3.959848
3.973300
3.941782
3.985968
-3.990964
-3.982219
3.958538
-3.975906
-3.992134
-3.986997
3.982483
3.987250
-3.987869
-3.992401
-3.990434
-3.982722
3.940214
3.939280
-3.987659
3.984433
-3.978677
-3.990383
3.982636
3.962811
-3.976712
2.929386
3.982849
3.969039
-3.880082
-3.539884
-3.966124
3.986905
-3.979170
-3.982567
3.989253
-3.983019
3.780229
3.979734
-3.960194
-3.967266
3.989713
3.935618
-3.965961
3.971469
-3.974181
3.969881
-3.986606
-3.975723
-3.983730
3.985077
3.983749
-3.946215
3.992275
3.985702
3.981092
-3.967841
3.966147
3.865954
3.976629
-3.993955
3.961962
-3.979321
-3.971660
3.979879
-3.978131
-3.972106
-3.989823
3.945790
-3.991824
-3.945311
3.975558
-3.989555
3.995674
-3.977060
-3.954421
-3.986759
3.990335
3.984902
3.981675
-3.972089
3.994635
3.987717
3.982221
-3.980197
-3.954697
-3.924723
3.961109
-3.973661
-3.962168
3.963774
3.947150
3.976343
3.969482
3.989898
-3.984835
-3.868809
3.985100
-3.961251
-3.980145
-3.989529
3.959762
-3.975716
3.966049
3.954227
-3.972662
-3.978804
3.953991
3.942237
-3.977167
3.945968
-3.889886
3.981801
-3.964398
-3.983448
3.860923
3.970796
-3.967076
3.973254
-3.979531
-3.959962
-3.982170
-3.876143
3.942879
-3.983145
3.990865
-3.980108
-3.959249
-3.969088
-3.982283
3.991495
3.983914
3.979239
3.784356
3.988032
3.970304
3.934291
3.940592
-3.990491
3.943858
3.991600
3.985126
-3.995319
3.944973
-3.917971
3.992213
3.975395
-3.985096
-3.980014
3.928247
3.967585
3.963973
3.991762
-3.976093
-3.939291
3.587417
-3.980932
-3.976958
3.992249
-3.928949
3.990088
3.918803
-3.989251
3.959083
-3.911626
-3.957708
-3.983330
3.971141
3.979354
3.990750
3.975515
3.968112
3.906106
3.968257
3.989051
3.943792
3.985007
3.978497
3.975642
-3.988761
-3.989558
3.982753
-3.985110
3.957354
-3.974207
-3.980705
-3.976477
3.974933
3.973379
-3.985222
3.947733
3.976229
-3.990226
3.985433
3.957093
3.989841
-3.859851
3.994612
3.975688
3.976257
3.980688
-3.965924
-3.974637
3.980800
-3.971751
3.971623
-3.994314
3.965918
3.974274
3.944158
-3.991983
3.969540
-3.992068
-3.988559
-3.963439
-3.973163
3.943893
-3.975866
3.979844
3.965068
3.992494
3.985418
3.974211
-3.971243
3.824357
-3.980774
-3.913256
-3.978403
-3.930603
3.957407
3.983700
-3.972839
-3.990944
-3.972634
3.947732
3.980303
-3.973278
3.982548
3.988036
-3.975164
-3.990759
3.961812
-3.961904
3.967491
-3.990800
3.975406
-3.961708
-3.984429
3.972912
-3.961297
-3.941636
-3.985909
3.970601
-3.989678
-3.985351
3.489250
3.965806
3.960416
3.977420
3.983481
-3.947879
3.984051
-3.976754
-3.956186
3.864010
-3.976642
3.971332
-3.952977
-3.982272
3.811967
-3.967197
-3.979858
3.978244
-3.945867
3.977961
-3.980572
-3.940791
-3.971395
-3.980261
3.964944
3.987337
3.340694
-3.963686
3.980923
-3.978988
3.951055
3.978463
-3.974544
3.985190
3.822308
-3.970396
3.989085
-3.969399
3.966372
3.980187
-3.994044
3.986145
-3.982505
-3.975989
3.951368
-3.965267
-3.987917
-3.981903
3.980755
-3.993912
-3.996059
3.954202
3.951474
3.975133
-3.966506
-3.989958
3.989169
-3.978655
3.979353
3.985583
3.953814
-3.977362
-3.979973
-3.989819
3.940160
3.964355
3.972244
-3.973283
3.934157
3.976420
3.983735
3.970982
-3.982758
3.972355
-3.974619
-3.985518
-3.966295
-3.967818
3.982616
3.984227
3.972591
-3.935037
3.977213
3.982617
3.959899
3.972302
3.984651
3.984152
3.978588
3.756915
-3.980990
-3.962672
-3.976086
3.990675
-3.988580
3.992180
-3.954558
3.967055
-3.962241
-3.991964
3.985286
-3.975580
3.952652
3.985943
-3.988068
-3.960965
-3.965662
3.967063
3.985931
3.971854
-3.960503
-3.929892
-3.847374
3.979193
-3.953468
-3.985171
3.987437
-3.972264
-3.972786
-3.982998
3.924950
3.958875
-3.875622
-3.978255
3.987265
3.991842
3.943004
-3.979367
-3.867677
-3.937544
-3.992514
-3.983027
-3.925011
-3.990051
-3.984783
3.991761
-3.989958
-3.984950
-3.959359
-3.982840
3.987387
3.967830
-3.951928
3.991703
3.951470
3.986734
3.983435
3.984446
3.982179
-3.874772
3.887787
-3.994045
3.942981
3.972122
3.954690
3.973622
3.986685
-3.974963
3.976454
3.976879
-3.973463
3.971089
-3.968931
-3.983059
3.973603
-3.978858
3.982904
3.979704
-3.995398
3.951523
3.975357
3.983417
-3.983221
3.972649
-3.952313
3.986041
-3.975064
-3.967175
-3.967671
-3.975977
3.994361
-3.991890
3.979595
3.977635
-3.979171
3.994078
-3.981596
-3.970898
-3.982025
3.991106
-3.971300
3.963480
3.976989
-3.971797
3.880009
3.988487
3.973109
-3.965754
3.965993
3.990281
3.987863
3.976722
-3.944187
-3.984235
3.975600
-3.981320
3.458942
-3.974408
-3.994349
3.988063
-3.972595
3.992560
3.941781
3.980133
-3.981873
-3.934685
3.969228
3.984240
-3.989424
-3.975297
3.965807
3.973568
3.986481
-3.967506
3.989918
3.974174
3.968813
-3.976765
-3.926198
-3.986689
3.974996
-3.966046
-3.961138
3.988475
-3.987701
3.987839
3.979825
-3.988704
3.978623
-3.980801
-3.926810
-3.984837
-3.982895
-3.962538
-3.939342
-3.965455
-3.982091
3.959234
3.994905
-3.652678
3.983617
3.918982
-3.990844
-3.924877
3.966401
-3.980610
3.966559
3.795427
-3.949324
-3.967882
3.969929
-3.994000
-3.976136
-3.982626
3.965581
-3.976150
3.877714
3.956806
-3.993058
3.970691
-3.991671
3.941728
-3.970692
3.960093
3.946029
3.990795
-3.968997
3.891660
-3.970973
-3.962508
-3.966473
3.965944
-3.967811
-3.991661
-3.972642
3.969477
-3.992358
-3.984295
-3.992198
3.934470
3.990898
3.954326
-3.970554
-3.987929
-3.979584
3.944733
3.982754
-3.987410
-3.981696
-3.985964
3.989943
-3.971065
-3.956429
-3.983269
3.976351
-3.959471
-3.893020
-3.973725
-3.988422
3.969324
3.965130
3.947852
-3.981769
-3.897404
3.968000
3.986717
3.985691
3.977331
3.976423
-3.994466
-3.977015
-3.977133
3.949865
-3.880484
-3.985713
-3.968227
-3.989332
3.982581
3.987913
3.988973
3.970458
-3.972412
3.985277
3.991038
3.971617
-3.981228
-3.941421
3.922874
3.976190
3.989932
3.959147
3.982563
-3.975974
-3.980310
-3.989843
3.988157
3.983883
-3.990741
-3.982194
-3.806571
-3.873197
-3.990824
-3.862038
3.989400
3.984531
3.981639
-3.917692
3.964251
3.980521
-3.991911
-3.991978
3.966442
-3.986214
-3.979473
3.978006
3.957112
3.986592
3.982807
-3.965992
3.992965
-3.945057
-3.966939
-3.971558
3.962292
3.989547
3.976928
-3.990486
-3.966897
-3.989751
3.982083
-3.991635
-3.989263
3.978058
3.827289
3.982397
-3.992208
3.949824
3.958408
3.987024
-3.984053
-3.989809
3.990484
3.989855
-3.975626
3.980756
-3.981104
-3.980216
-3.981515
3.967522
3.987806
3.970848
-3.989658
-3.992169
-3.975085
3.949505
3.979782
3.935774
3.983006
-3.987833
3.970387
-3.973598
-3.985515
-3.900910
3.977379
-3.990475
3.892431
-3.994613
-3.940103
3.956733
3.925971
-3.990176
-3.970738
3.962009
-3.951426
3.959672
-3.989264
-3.979789
-3.950371
3.984428
3.986613
-3.987019
3.973811
3.959853
-3.962146
3.990357
3.933016
-3.967052
-3.994408
-3.991283
3.986633
3.928963
3.951823
-3.977842
-3.987078
3.978692
3.981106
3.986619
-3.980326
-3.994797
-3.984335
-3.946569
3.972531
3.969668
-3.991844
-3.979604
3.982262
-3.978232
-3.977014
-3.987509
-3.993921
-3.989720
-3.982953
-3.992463
-3.956743
-3.978648
3.982642
3.978196
-3.939207
-3.982458
-3.989989
-3.951361
-3.965895
-3.994321
-3.945736
3.971145
-3.976849
-3.966063
-3.963827
3.976212
3.953319
3.967514
3.982866
3.979936
-3.993098
3.978425
3.908833
3.980644
3.988739
-3.989763
-3.983392
3.967751
3.985269
-3.963837
-3.970191
-3.975402
-3.990431
3.978241
3.966468
-3.987694
-3.987639
-3.990403
3.988019
-3.460237
-3.993205
-3.984312
3.977481
3.947014
3.963553
-3.984081
-3.971984
-3.982896
3.958662
-3.978878
3.780650
-3.963359
3.971982
-3.992847
3.992798
3.961131
3.988219
-3.986761
3.964744
-3.992791
3.962561
3.964726
3.903180
3.952397
-3.988292
-3.953615
-3.979248
3.987957
3.991566
3.985884
3.971791
-3.968145
-3.971700
-3.972445
3.987073
3.993193
-3.970374
3.983215
3.991043
-3.983914
3.973494
3.981865
-3.995365
-3.981146
-3.982094
-3.976491
-3.983620
3.976365
3.982821
-3.986165
3.974267
-3.972924
3.975077
-3.945845
-3.982840
-3.981194
-3.953035
-3.987014
3.981718
-3.964315
-3.991256
3.967489
-3.993294
3.981164
3.977183
-3.953115
3.989730
-3.982199
3.988231
3.978772
3.986127
-3.988764
3.973329
-3.965214
-3.994055
-3.989620
-3.991090
-3.988352
3.987987
3.983448
-3.995156
3.992942
3.899713
-3.989343
3.987783
3.971228
3.979105
-3.984531
3.974693
-3.979480
-3.981199
3.985114
3.993839
-3.986369
3.960180
-3.976226
3.954115
3.959456
-3.968977
-3.954839
3.960944
-3.977829
3.969319
3.972014
3.984867
3.962510
3.982067
3.983018
-3.988292
3.983391
-3.973128
-3.964760
3.943199
3.905340
3.987738
-3.963049
-3.937672
3.922162
3.958643
-3.989422
3.987087
3.968559
-3.973312
-3.959194
3.954919
-3.993966
3.984936
-3.990578
3.982632
3.981520
3.987695
3.969679
3.940142
-3.963438
3.410557
3.962439
3.949156
3.979883
-3.795893
3.944716
3.978061
3.993281
-3.976360
-3.966457
-3.966466
-3.987380
3.962817
-3.932166
-3.966807
3.959780
-3.977917
-3.860395
3.973123
3.984462
3.983633
3.984482
3.995463
3.978300
3.989515
-3.989504
-3.936105
-3.982518
3.927583
3.992178
3.893492
3.969864
3.974025
3.966376
-3.958942
3.983291
-3.976093
-3.964960
3.974747
-3.992771
-3.979706
-3.960467
-3.985099
3.963010
3.975275
-3.977592
-3.989035
3.977838
3.980052
-3.831355
-3.988034
3.861982
-3.959018
3.970018
3.993517
-3.946863
3.966666
3.965502
-3.964075
3.988708
3.973980
3.982733
3.951208
-3.839213
-3.952076
3.991033
-3.994549
3.981682
3.969827
3.983434
-3.632512
3.991004
3.958878
3.992304
3.974465
-3.988089
3.978878
3.969373
-3.972241
3.973660
-3.992077
-3.982739
3.983054
3.934958
-3.975306
3.977568
-3.978520
-3.977290
3.970779
-3.983083
3.993392
3.970861
3.981434
3.970977
