8.000000	0.900000	50	0.100000	ARCHIVOS_REDES\ER\ER_681.txt
-0.386348	7.652529
-5.813561
-7.982575
7.857325
-7.934791
7.947328
-7.369492
7.980038
7.880675
-7.988705
7.983741
2.072499
-7.977418
-7.982973
-6.926962
7.166365
7.943548
-7.970100
-7.965777
-7.858532
-7.958004
-7.983275
-7.948588
7.973527
7.903875
7.946542
7.926350
-7.966793
7.969555
-7.988835
-7.959519
7.937304
3.584634
7.981479
-7.974949
7.931081
-7.990118
-7.964140
7.971261
-7.817145
7.977083
3.300586
7.873844
-7.979081
-7.985134
-7.979443
7.961727
-7.747456
7.969361
-7.896595
-7.971740
7.919834
-7.523138
7.948900
-7.921595
-7.290604
7.602756
7.999998
-1.171767
7.977289
7.999997
-7.984235
7.964037
-7.149165
-7.967048
-7.942010
7.971318
-7.973032
-7.939579
7.033362
-7.968051
0.242882
-7.967790
6.592589
7.991302
-6.876729
-7.930832
7.957283
7.971021
-7.966358
-7.961675
-7.945469
7.959109
-7.951325
7.913663
7.849455
7.953313
-7.827323
7.962669
7.943839
7.983404
7.950009
7.559379
7.951715
-7.950454
7.878895
-7.577903
7.937773
7.987744
-7.961190
-7.809471
7.869146
-7.954454
-7.985894
-7.947339
7.278189
-7.965306
7.526477
7.948384
7.999998
7.966912
4.612007
-7.986568
-7.978417
7.148109
-7.979384
-1.263592
-7.435024
-7.969717
7.834399
-7.971498
-7.975557
7.946103
6.971574
-4.392338
-7.938150
7.983337
7.983834
7.949296
7.952264
7.584150
-7.943901
-7.848642
-7.954941
-7.979697
-7.984684
-7.787938
7.932827
7.758433
-7.968104
7.975747
-7.941323
-7.988721
7.978983
-7.982118
-7.999998
7.939915
-7.984041
7.982135
-1.089143
-7.271567
7.982016
7.935736
-7.989055
-7.967828
7.978789
7.896529
-7.944441
-7.986539
-7.976169
-7.434438
-7.972629
7.923689
7.977828
-7.512118
7.943409
-0.575771
7.984424
7.983245
7.991275
-7.968543
6.740997
-7.825450
7.979238
-7.954083
-7.703408
-7.831879
-7.975982
7.980602
-7.968198
7.982871
-6.276820
-7.424933
-7.870535
-7.787123
-7.982221
7.906658
-7.928960
7.431248
-7.971805
-7.973584
-7.968719
7.980083
-7.541093
7.964051
-7.971119
7.871163
7.976424
7.957283
-7.987123
-7.963295
-7.981178
7.860671
7.846236
-7.863800
6.029379
-7.962031
-7.965218
7.984493
-7.937392
7.990625
-7.971462
-7.965436
-7.977157
7.836661
-7.964895
6.607618
-7.984849
7.965990
7.980285
7.966552
7.977843
7.673240
7.941334
-7.990418
7.970364
-7.975107
-7.919488
-7.985142
-7.652630
7.983806
-7.947246
1.650974
7.957467
-7.753350
-7.968826
7.971048
7.982175
-7.819820
2.307703
-7.982845
7.453563
-7.976573
7.913308
6.867538
7.960788
7.702162
7.964961
-7.956280
7.971157
7.579861
-7.968627
-7.795217
7.914192
-7.928304
7.767260
-7.980936
4.750268
7.949708
7.575413
-7.875464
3.593836
7.962789
7.970381
-7.972366
-7.981125
-7.869221
7.790391
7.798977
-7.909665
7.978517
-7.972398
7.421640
7.971906
-5.096438
7.981443
-7.973605
7.973289
-7.963374
7.864396
-7.951339
-4.035493
-7.948053
-7.987175
-2.890071
7.971962
0.638251
-7.945558
7.955934
-1.544692
-7.999998
7.980897
7.979447
-7.956361
7.982565
-2.209590
-7.937234
-7.833393
7.276526
7.955866
-7.960448
-7.974622
-7.987169
-7.985310
7.967018
-7.970386
-2.608811
-7.897676
7.959752
-7.976342
7.922564
7.957959
7.892858
-7.960392
-7.983933
-3.034445
-7.877470
7.594208
7.839859
-7.967788
-7.933881
-7.894245
-7.991271
7.977640
7.763217
-7.980430
-7.985009
7.965518
-7.924768
5.401881
7.988828
-7.585428
7.705532
-7.968908
-7.983509
-7.999997
-7.614450
-7.981495
-3.008211
7.950613
7.975087
7.882350
7.948662
-7.986849
7.943911
7.930042
-7.972162
7.970835
7.981210
7.972447
7.972750
7.988229
-4.304538
7.916271
-7.965266
-7.948472
-7.860315
-7.958244
7.982854
5.275295
-7.912737
7.960889
7.957814
0.892948
7.955652
7.981997
7.971017
-7.980430
-7.961858
5.344108
3.748675
7.978029
4.560686
7.919145
-7.984181
7.969837
-7.973959
7.085133
7.991880
-7.960543
7.978523
-7.985644
7.989519
6.574154
7.989172
7.041850
-7.963371
-7.969051
-5.286597
7.939370
7.888897
-7.973418
1.837970
7.958211
-7.965503
-7.634329
-7.969486
-7.989986
-7.904702
7.935786
-7.957654
-7.969419
7.955727
-7.967404
-7.993621
-7.975580
-7.965710
-7.974410
-7.864184
-7.967838
-7.953853
-7.991708
-7.968950
-7.979454
1.428599
-7.969028
-7.968231
7.635152
-7.982275
3.095109
-7.825304
-7.978377
7.963617
7.921624
7.905194
3.720966
7.947587
-7.779485
7.969383
-7.973663
-7.999994
7.950492
7.873088
7.773989
-7.850043
7.652309
7.985367
-7.978708
7.974322
-4.744092
7.993104
-7.414163
7.362005
7.859676
7.980837
-7.974278
1.017162
7.979233
7.927590
7.957890
7.989598
6.527819
-7.718948
-7.935602
7.977359
-7.975120
7.961748
-7.988500
7.973378
7.982928
7.987394
-7.954236
-7.809568
-7.827823
7.960509
7.972102
-7.976855
-7.976829
-7.986212
6.923882
-0.353922
7.966822
2.613756
-7.974066
-7.089221
-6.119431
-6.166487
7.975860
7.948258
-7.593978
7.969012
-7.991276
7.954999
-4.528518
-7.907621
7.962709
-7.887827
-7.804144
7.861266
7.445632
-7.983954
-7.971818
5.323476
7.862572
7.942252
-7.999992
7.860384
7.951908
7.943172
-7.965986
-1.170742
-7.970408
7.989199
7.910984
-7.986921
-7.944116
3.655604
7.980745
-7.991683
-7.986213
-7.986328
-7.913178
-7.585339
-7.922770
-7.982172
-7.929644
1.547583
7.960994
-7.542666
7.959368
-7.629692
7.962266
-7.947896
-7.964145
7.969309
-7.987027
7.770065
-0.261416
-7.984681
-7.965907
7.932960
7.975263
-1.522550
7.930640
7.955174
7.967525
7.958432
7.944197
7.970458
7.978201
-7.898845
-7.966113
7.970710
-7.976848
-7.913535
-7.964670
-7.925663
7.925581
-7.993378
7.954044
-7.491076
-7.992212
-7.981057
-7.974994
7.852309
-7.988266
7.969625
-7.864020
-7.947850
-7.989909
6.137598
5.982434
-7.932101
7.975129
-7.907183
7.450265
-7.979565
-7.966697
-7.988870
-7.983760
-7.987198
7.914241
-7.664079
7.863913
-7.662274
7.962518
7.530917
7.423368
7.999998
-5.706402
-7.949817
-7.981433
-7.856746
7.906960
-7.949797
7.947291
-6.735720
-6.937282
7.956905
7.970308
-7.958496
-7.984460
-7.965448
-7.978320
-7.971168
7.942010
-7.979389
7.969472
-7.973011
-7.829089
-7.983148
7.945358
-7.986468
5.876144
7.988734
-7.955050
7.952126
-7.938348
7.965466
-7.951142
7.967515
7.970347
7.965774
-7.979004
5.494952
-5.803024
-7.976461
7.144342
-0.867071
7.790497
6.340510
2.452651
7.966868
7.971044
7.843985
-7.950388
-7.958131
-7.974420
-7.979272
-7.912496
7.945848
7.951748
7.953032
7.938203
7.951145
7.206831
-7.980488
-7.964465
-7.988328
7.953670
-7.999154
7.366532
-7.954352
-6.873727
-7.958837
-5.808932
-7.808908
-7.957934
-7.979631
-7.899955
-5.334790
7.942910
7.779427
-7.015183
7.973332
-7.957698
-7.701776
-7.983067
7.974484
7.979039
-7.976674
-7.962756
7.932292
7.969099
7.971157
0.949162
-7.977345
7.924637
7.479526
-7.966831
-7.804367
7.987892
-7.986139
-7.886564
-7.224187
-7.978529
-7.981606
7.976539
7.599745
-7.975576
-7.924845
-7.981547
1.262806
-7.940210
-7.943810
-7.989749
-0.236735
-5.517026
-7.935804
-7.975215
7.977836
7.976258
7.980430
-7.569459
7.957104
7.963624
-6.837925
-7.989834
-7.068750
5.297268
7.875171
7.911079
-7.627861
7.972325
-7.953462
7.965249
-7.725748
-7.988790
-7.982087
-7.973989
7.982900
-7.973947
7.784060
-7.981742
-7.926498
-7.970549
-7.989241
-7.973970
7.975368
3.330917
4.333509
-7.925229
7.970191
-7.976295
-1.534910
7.831014
7.716605
6.430752
-7.829108
7.831898
-7.819963
-7.974769
7.900281
-7.693297
-7.387599
7.904358
7.803165
7.980782
-7.971229
-7.999998
-7.985066
-7.987969
7.988657
7.972843
7.971120
7.931036
-7.968281
7.976892
-6.650534
-7.966388
7.278522
-7.971865
7.920317
7.966934
-7.867532
-4.748452
1.593264
7.988161
-7.951696
-7.958954
7.991748
7.962500
-7.973798
-7.906849
-7.973722
7.457939
-7.802829
-6.784275
-6.107119
-7.951862
6.887381
-7.972397
-7.935696
7.904449
7.852037
-0.307310
7.980056
-7.964286
7.952135
-0.632188
7.936632
7.984849
-7.979753
7.987930
3.711852
-7.964591
6.845193
-7.982090
7.965292
-7.984148
6.679620
4.422656
-7.817171
7.815218
-7.784091
7.957988
-7.939612
7.936081
7.903175
-6.696967
-7.938564
-7.974856
7.852265
-7.987757
7.958614
-4.665508
-7.992980
7.977025
7.971753
7.974029
7.965069
7.978892
7.989788
7.932900
7.999997
7.975145
7.907031
7.988933
-7.934510
7.944468
-7.999998
-7.974089
7.955222
0.293244
-7.908440
-7.971221
7.966701
7.988641
-7.776483
7.978252
-7.985604
7.744534
7.934573
-7.964105
-7.975690
-7.989799
-3.366236
6.638280
7.914375
-7.940068
7.922552
-7.978682
7.958780
-7.973993
-7.968767
7.976803
7.981723
-7.975703
-7.984110
-7.278108
-7.984768
7.980506
-7.920043
-7.959532
7.498458
7.973177
3.919184
7.986232
-7.969962
7.977480
-7.958796
7.912307
7.977885
-7.042797
7.975380
7.472695
-7.987396
7.885982
-7.905623
-7.966881
7.984461
-7.961500
7.999981
-7.976581
7.999998
-7.958258
-7.800397
-6.754569
-7.004576
-7.964001
7.964351
7.747590
-7.913701
7.796105
-7.999998
-7.969611
-7.962659
-7.968267
7.984995
-7.940441
7.985363
-7.911444
-7.831659
7.947453
-7.981002
-7.921241
7.986869
-7.415793
-6.674323
7.985904
-7.772984
7.999998
-6.566573
7.869501
-6.529457
-7.967658
-7.955661
-7.963778
-4.561089
7.739754
-7.789188
7.643356
-7.830249
7.765924
7.967395
-6.765145
-7.962456
7.968546
-4.258367
-7.972271
-7.768293
7.976445
7.902939
-7.967616
-7.985983
-7.970763
7.969117
-7.928426
-7.967630
-7.973902
-7.473922
-7.928980
7.963895
7.979076
6.799878
-7.946357
-3.717500
7.958824
7.943689
-7.609366
-7.965972
4.793331
7.973885
-7.969560
-7.964185
7.750245
-7.999998
-7.827162
-7.962925
-7.984828
-7.935616
7.980899
-7.999998
7.535435
7.977638
7.927110
-7.981019
7.986028
7.976984
7.919169
-7.957888
-7.978321
-7.802676
-7.977724
-7.892405
-7.970297
-7.951042
7.972024
-7.413095
7.970217
7.973347
-7.953353
7.703942
7.985351
-7.943808
7.930381
-7.925958
7.982595
-7.987646
-7.815973
7.983587
7.966915
-7.999998
7.853207
-7.979109
7.925606
-7.062622
7.966945
-7.966538
-7.967961
-7.965111
-7.963302
7.992189
7.974563
7.969528
-7.989201
-7.949342
-7.985070
0.063035
7.889618
-7.033916
-7.851907
7.962925
7.999998
-7.988336
7.982686
-5.581500
-5.424920
7.982352
-7.988555
7.916213
-7.962667
-7.917818
7.642938
7.968008
7.984529
7.968064
-7.961446
-7.967572
-7.987564
7.594216
-7.965728
7.957778
-7.963515
7.959355
7.964668
-7.988536
7.327910
6.318539
1.482918
7.770971
-7.983819
7.853742
7.985499
-0.174827
7.979862
-7.999998
-7.960708
-7.980366
7.948924
2.532059
-7.982735
-7.975137
-7.990445
-7.919213
-7.797049
-7.936679
7.511285
-7.951000
7.965435
-7.974285
-7.988323
-7.983881
7.984603
-7.963590
-7.982796
7.954429
-7.852350
7.883961
7.911060
7.393451
7.963782
-7.772957
-7.956947
-7.954065
7.948701
4.012117
-7.987089
-7.875204
-7.987585
-7.408328
-7.976639
7.975480
7.978592
-7.999998
7.971847
6.748818
-7.737751
-7.890438
7.978792
-6.625780
-7.897001
7.897140
7.620869
-5.979806
7.433556
7.982800
-7.958427
-1.899534
7.851245
-7.971919
-7.844898
2.427688
-7.948927
-7.981162
-7.946616
7.919602
7.972979
-7.938878
5.153503
-7.983537
-7.981286
7.983728
7.551698
-7.983864
-7.998527
7.345332
7.946987
-7.914306
-7.972587
7.979090
4.419572
7.915158
7.969634
-7.949434
7.976875
7.964565
5.089703
-7.977301
7.950865
-7.960931
1.445720
-7.962070
5.880105
-7.931982
7.945213
7.976025
7.538250
-7.953734
-7.818626
-7.986829
-7.975764
-7.911552
-7.972761
-6.935121
-7.989984
7.926175
-7.985556
-7.934498
-7.955957
-7.976091
7.973207
7.753954
7.965741
7.982161
-7.999998
7.989029
-0.934826
-6.799333
-7.979793
7.969427
-7.987902
7.331975
7.982519
-7.982959
7.986376
-7.984859
-4.326100
7.964093
7.961528
7.876711
7.978622
-7.888056
-6.715777
-7.970887
7.999985
-7.946750
-7.844508
-7.984846
7.980357
-7.979481
7.956804
7.734800
7.939333
-7.986718
7.976577
7.970945
-7.987607
-6.400677
7.964554
-7.972755
-7.972428
-7.910867
-0.167205
-6.310859
7.947843
7.920410
-7.984058
7.984398
7.528067
-7.878819
7.980191
-7.969816
7.969524
-7.983346
7.973351
7.782344
7.969949
7.755231
-7.068072
-7.978441
7.972142
7.875806
7.970185
-7.754769
7.894099
7.970878
7.934277
-7.789729
7.996123
7.960985
7.656744
-7.977293
-7.696525
-7.979316
-7.943665
-7.853511
0.789690
7.975224
7.884832
7.978829
-7.948978
7.928074
-7.976764
7.961081
-7.976645
-6.605950
7.981459
7.517870
-7.936345
-7.818927
-7.969815
7.952776
-7.982147
7.983070
7.970796
-7.963982
-7.598509
7.978310
-7.978396
-7.303660
7.967869
-7.756702
-7.989051
7.956629
7.977389
7.866399
7.051268
7.789306
-7.851138
-7.865869
-7.911039
7.975676
-7.974241
7.956510
7.980425
7.966256
-7.771862
6.996419
2.920006
0.786114
-7.712034
7.989234
7.962693
7.966605
-7.987151
7.856860
-7.992552
-7.983222
-7.524932
7.856840
7.978082
6.992171
7.959846
-7.989092
-7.979200
-7.957380
7.979555
-7.972317
-7.728640
7.965494
7.968754
-5.313688
7.118497
0.054646
7.980434
7.881065
-7.992763
7.964480
7.785317
-7.977096
7.894668
-7.967406
7.979182
7.838604
-7.978350
-7.976423
-7.979510
-7.984978
7.979087
-7.971669
-7.970567
-7.989628
7.984856
-7.971354
-7.357879
7.965249
7.811345
-7.984323
-7.972904
7.978330
7.664694
-6.920304
-0.000000
-7.976031
7.970046
7.976592
-7.958566
7.980623
-7.963065
7.522329
-7.999998
-7.977736
7.952572
-7.976892
-7.980337
7.957253
-7.968685
3.877800
7.934052
7.963412
7.965276
-7.983510
-7.980371
-7.881147
-7.970443
-7.899442
-4.543694
7.971820
-7.907238
7.909393
-7.950792
-7.952615
7.859378
-7.921700
-7.967029
7.963462
7.506201
7.980716
-7.974403
7.991262
-7.983961
-7.859540
7.946505
-7.972034
7.455625
-7.975327
-7.965638
-7.934347
7.975380
6.354123
5.130582
-7.950822
-7.434996
-7.955353
7.966141
-7.918091
7.978899
7.970391
7.968762
-7.978124
-7.889506
-7.965612
7.879817
-7.942947
7.950956
-7.977293
7.767878
-7.953869
-7.983682
-7.470063
-7.982171
7.991293
7.976266
7.975693
-7.975065
-7.993331
-5.167023
-7.880174
7.989046
-7.956045
7.072844
-7.990457
-7.988521
-7.990122
7.985108
7.972878
-7.938488
-7.999998
7.961478
-4.439248
7.969662
7.981686
7.980895
7.979948
7.970969
7.745969
-7.976009
-7.952246
7.953251
-7.980660
-7.915207
-7.958301
-1.789359
-7.989783
7.989221
-7.986900
7.957761
7.956782
-7.990120
-7.981777
7.999997
-7.312388
7.920354
7.975769
7.952284
-7.797478
7.987827
-7.985649
-7.999998
6.192588
-7.957461
7.983277
-7.978288
7.960982
-7.970875
-7.962823
-3.643363
7.978842
-7.200403
-7.988186
-7.978095
7.982937
-7.986845
-7.844732
7.978353
-7.989500
-7.962764
-7.965459
-7.971080
-7.919293
7.670135
-7.562027
-7.982609
-7.984464
-7.963407
-7.953215
-7.981915
-7.925623
7.976092
-7.983954
-7.999998
7.971407
7.983745
-7.959983
-7.972260
-7.962084
-7.986972
7.972359
7.989473
-5.421599
7.885179
7.534481
-7.964372
6.937402
-7.832883
-7.879596
-7.600073
-7.961902
-7.984484
7.894751
5.826728
-6.952216
-7.930360
7.950119
-7.965425
-6.393963
-7.483984
7.983010
7.979917
7.981615
7.989955
7.987111
7.932522
3.411050
7.992427
7.764921
7.946224
-7.988674
7.967783
7.337380
7.965876
7.947125
-7.953866
-7.984646
7.976600
7.929780
7.962286
-7.969153
7.972482
7.969214
7.393527
-7.949273
-7.924991
-7.994532
-7.853611
7.976213
-7.931872
-7.818937
-7.960222
1.425485
-7.979974
-7.948278
-7.980397
-7.988470
-7.999996
7.934836
-7.867730
7.953461
-7.974726
-7.975055
7.966062
-7.967569
-7.988352
-7.976174
-7.956742
7.896473
-2.884369
-7.962702
-7.187114
7.827547
7.991928
-7.871844
-7.954869
-7.999976
7.878700
-7.982718
-7.963248
-7.259080
7.967344
-7.766339
5.900974
7.032749
0.432669
-7.897734
-7.947625
-7.649616
0.958788
-7.957725
-7.999998
-7.366350
-7.969069
-7.501955
6.140218
7.300493
7.975452
7.786300
-7.957804
-7.968444
-7.947095
-7.981144
7.965653
-1.985770
-7.983863
7.974965
-7.989366
7.862729
-7.967821
-7.898499
-7.708137
7.970152
-2.384492
7.933283
7.285480
7.520002
7.960281
-7.923518
-7.961801
7.975248
7.863335
7.851991
-7.803100
-7.476644
-7.948228
-7.961480
-7.955940
-7.999998
7.920402
-7.810001
7.931859
6.077408
-7.979678
-7.970566
-7.869401
-7.533919
7.884780
-7.999998
7.861811
7.980383
7.964203
7.423313
7.980826
-7.965905
-7.885728
7.936254
7.898832
7.999998
-7.999998
-7.950850
-7.968086
-7.978203
4.381801
-7.545203
7.977651
7.972306
-7.980287
7.789392
7.981112
7.969394
-6.478003
-7.976544
-7.982615
-7.970035
7.976243
-7.964052
-7.952022
-7.826747
-7.980512
-7.922392
-7.982617
7.968160
7.918376
2.335918
-7.993329
-7.978572
7.971895
-7.973254
5.360076
6.634431
7.923219
0.342159
-7.970142
7.908799
7.982044
-7.981898
7.969972
7.968858
-7.291374
7.969884
-7.932737
-7.976176
7.966808
7.811636
-7.929292
7.920043
7.938578
-7.975046
-7.892806
7.945166
7.987112
7.911481
2.162847
-7.921666
-7.980184
7.724625
-7.961838
-5.316585
4.500049
-7.988253
7.323121
-7.983031
-7.923135
7.946052
-7.963480
-7.963971
7.957347
7.845875
-7.982149
-7.975127
-7.973144
7.962951
7.968567
-7.869558
7.957423
-7.992121
7.978584
7.974009
7.549327
-7.982393
-7.986989
7.981667
-7.970274
-7.992231
-7.938702
7.917164
-5.385256
-7.986986
-7.922771
7.966933
-7.974083
-7.974698
-7.957746
7.977573
7.855216
-7.910849
-7.983056
5.392770
7.915712
-7.980616
-7.974149
7.948397
-7.955605
7.968401
-7.992337
-7.979773
-7.685180
-7.857122
7.991315
-7.958750
7.949010
-7.948115
7.954638
-7.962953
7.952083
7.968105
7.764433
-7.983683
7.886163
-7.976334
-7.983463
-4.963015
-7.808990
-7.963371
7.981432
-7.977461
7.976094
7.974304
-7.669140
-7.979566
7.937231
7.973628
7.960442
-7.971828
7.978773
7.735239
-7.979299
-7.667216
-7.978437
5.621982
-7.969022
-0.155435
7.973172
-7.979660
-7.221935
-7.984103
-7.976304
7.965563
-7.655989
-7.297332
-7.992506
7.986983
-7.766498
-7.921743
-7.904928
7.971243
7.986340
6.813571
-7.983156
-7.980239
-7.989774
7.692791
7.949167
7.956785
-7.941656
7.991662
7.926794
-7.999992
3.441330
7.966924
7.757130
7.785304
7.958426
-7.939714
-4.679191
7.963287
-7.968151
7.929562
-7.289135
3.202057
-7.952185
-7.588380
-7.909207
-7.673952
-7.977137
2.971053
-7.977819
7.951300
7.921957
-7.950986
-7.956389
7.955201
-7.952454
7.982718
-7.999237
7.977439
7.984430
-7.986339
7.999842
-7.988618
7.969201
-7.973935
0.287696
-7.660723
-7.978923
-5.483163
-7.952915
6.014863
-7.978872
-7.973047
-7.938338
6.099846
7.960417
7.985903
-7.974050
7.908953
-7.961978
-7.964221
-7.977878
-7.979997
-7.990575
-7.983983
-7.973186
7.974321
6.767473
7.986266
7.978793
-7.103342
7.981702
-7.992224
7.931230
-7.963013
-7.938492
7.985355
-7.968133
7.978637
7.938992
-7.975563
-7.966082
7.969416
-7.970982
-7.802379
-7.966246
-7.982068
7.960414
-7.476104
7.987297
-7.944361
7.946025
7.665699
7.992971
7.978950
7.171824
7.972267
7.887419
-7.974482
7.971104
7.970891
7.971300
-7.951577
-7.982134
7.959782
7.938480
-7.973548
-7.973200
-7.958141
-7.768250
7.982805
7.954121
-7.973711
7.980150
7.903876
-7.957459
7.938261
7.986582
-4.605264
-7.965762
7.971009
-4.517342
7.971062
7.999998
7.941657
-7.971127
7.969610
-7.947894
-7.139174
5.796435
7.897251
-7.978323
7.984855
-7.834221
-7.953777
7.974093
7.777977
-7.071370
7.980290
7.337301
-7.869652
-7.960920
-7.878240
-7.999901
-7.978756
7.976450
-7.985002
-7.977317
7.934586
-7.905840
-2.503340
-7.634555
-7.958442
7.762991
7.824302
-7.888606
7.983494
7.863894
5.034802
7.654204
7.982035
-7.874472
-7.978314
7.981105
-7.987408
7.956676
7.857957
7.985509
7.759819
-7.945316
7.972879
7.976006
7.922001
7.969173
7.999998
7.940340
-7.957333
-7.883793
7.731688
7.975813
7.856993
-7.770634
7.977547
7.923009
7.961514
7.952673
-7.576798
-7.711593
7.975159
-7.981849
7.954410
-7.978755
-7.981158
-7.977301
-7.976674
7.059922
7.960716
7.969713
-7.977169
-7.237624
-7.957791
-7.756379
-7.991490
7.619818
7.983233
7.877886
-7.986526
7.614938
-7.925603
7.898023
5.910893
-7.575476
7.921182
-7.970563
7.963305
7.893894
7.951873
-3.397601
-7.967131
-7.924364
7.977712
-7.977097
7.922450
7.999998
7.894915
-7.978266
-7.159045
-7.987083
-7.990921
7.927085
-7.734234
-7.985475
-7.882608
-7.972712
-7.966882
-7.944129
7.940272
7.990013
-7.985502
-7.975811
-7.968312
-7.972670
7.961853
-7.982148
7.968208
7.964365
7.939170
-5.739511
7.965146
7.980375
7.957508
-7.956986
7.959925
-7.966422
-7.975772
-7.989878
7.945858
7.575183
7.972462
-7.621415
7.967957
-7.990165
-6.752722
-6.561470
7.946781
-7.832334
-7.973637
7.970923
7.972694
-7.970281
7.987249
7.699420
7.940619
-7.976513
-7.781717
-7.946835
-7.978568
-7.908579
7.979263
7.944260
-4.305613
-7.451265
7.939423
7.961042
7.937940
7.910935
7.980901
-7.982543
1.878386
7.992090
7.981432
5.362004
7.959573
7.978338
-7.981680
7.921076
7.972109
-7.985531
-7.980171
-7.877360
5.655684
7.968753
-7.987256
7.979822
-7.688355
7.967413
-7.951714
-7.888163
7.976568
-7.986268
-7.833732
7.949293
-7.962192
-7.662963
-6.175069
7.973087
-7.976452
-6.910825
7.961991
-7.974883
-7.392702
-7.952151
7.960992
7.962050
-6.115155
7.979511
-7.925344
-7.973436
7.972888
-7.988464
-7.912171
-7.273982
-7.953985
7.971828
-7.988596
-7.983698
7.981753
-7.966044
-7.598271
-7.941590
-7.238162
7.974618
-7.973425
-7.725957
-7.978544
-7.974180
7.968207
7.821779
-7.987304
-6.790574
7.970679
7.902221
-7.979988
-7.973672
-7.961488
-7.986619
-7.976572
-4.577652
-7.990937
7.976298
-7.981729
-7.971253
-7.993837
-7.942526
-7.990766
-7.984514
5.450617
7.951143
-7.963248
7.932978
7.896503
7.934311
-7.907604
-7.964814
7.977946
-7.873991
7.983665
7.967078
7.870841
7.976241
7.980936
-7.767291
1.663747
-7.999998
7.969538
-7.789048
-7.705403
-7.960287
7.978702
7.909227
-7.903171
-7.954854
6.148874
-7.978755
-7.961175
7.910611
7.950160
7.982798
7.525719
7.957939
-7.983512
7.959937
-7.975209
7.938687
7.977566
-7.276156
-7.942414
-7.102178
7.091103
-7.909189
-7.979108
-7.937190
7.945670
-5.991809
7.931234
7.972086
-7.982767
7.985126
-7.884366
7.971055
7.945227
7.955804
-7.971463
-7.967290
7.945431
-7.972672
-7.974105
7.973230
7.999975
-6.380442
7.992407
7.943590
7.970842
-7.979220
7.983891
7.982708
7.126613
7.886526
-7.965145
7.978354
7.343364
-7.981644
-7.999998
0.416571
-7.991428
-7.961239
7.976076
-7.945882
5.896048
7.904617
-6.572626
7.347473
-3.050120
-7.889950
-7.982233
7.978484
-7.961883
-7.742705
-7.973557
-7.768281
-7.906910
-7.956737
-7.271598
7.999995
7.355370
-7.940775
-6.011752
7.984628
7.952494
-7.954456
7.895697
7.205291
7.974631
7.878986
7.960127
-7.701349
-7.980355
-7.990566
7.859063
-7.960870
7.982659
7.969890
7.978496
-7.965155
-7.966782
-7.986941
-7.977067
-7.990099
-7.984294
7.967472
-7.985748
-7.988608
-7.977640
7.988169
-7.979762
7.932116
-7.969328
-7.990943
-7.970470
-7.826137
-7.980445
7.989962
7.899300
7.953870
-7.961882
-7.991172
-7.975371
-3.911624
5.920462
-7.999705
7.972484
-7.936246
7.913439
-1.851897
-7.882385
-7.686171
7.881924
-6.768427
7.977532
-7.974804
-7.879179
-7.959234
-7.982153
-7.925876
7.974643
7.983093
6.824942
3.071986
7.843547
7.981703
7.991690
7.968770
7.370095
7.991977
-7.975397
7.985604
-7.956849
7.973889
-6.620747
-7.970951
0.506283
-7.960398
7.894279
-7.938627
-7.956700
-7.937861
-7.929471
-3.190124
-7.866860
7.972968
7.973813
-7.976504
-7.977126
7.955353
7.815683
7.926656
-7.982182
-7.970525
7.977906
-7.982127
7.978271
-7.984605
-7.984810
7.977258
-7.974718
7.974556
-4.953755
-7.409379
-7.947652
1.165549
-7.955163
7.242510
-7.968090
7.745448
-7.966193
-7.984964
7.973761
-7.898315
7.970326
-6.574725
-7.970955
7.969824
-7.966163
2.341200
-7.900476
-7.968395
7.915607
5.489679
-7.985490
-7.951820
-7.988931
7.967666
-7.771423
7.923660
-7.958419
5.475623
7.979547
-7.987757
-7.935875
-7.959466
-7.970097
7.961526
6.665920
7.947771
-7.932848
-7.626178
7.466123
-7.211557
-7.897702
4.411435
7.971322
7.982954
7.790106
-7.914251
7.977688
-7.988104
-7.982549
7.976440
-7.910286
-6.827495
-7.963251
7.981233
7.936111
7.986953
-7.499793
7.969369
-7.975111
-0.953132
-7.978547
-7.999954
-7.947341
0.097967
7.651944
7.970733
0.661081
7.983145
-7.970807
7.623305
-7.980279
7.961430
7.977170
7.979262
7.977909
-7.970424
-7.978055
-7.947640
7.988991
7.681832
7.989425
-7.980267
-7.925607
7.990167
-7.982109
7.470104
-7.976413
7.969226
1.319352
7.984506
-7.696402
7.793132
-1.720857
7.966540
7.949469
7.973278
7.976709
3.308656
-1.504461
-7.975191
-7.951869
1.509172
7.933277
7.955721
6.910148
-7.955220
-4.570099
7.943131
-7.627929
7.961308
-0.563641
7.973278
7.971108
7.955374
-7.983711
-7.970590
-7.835577
7.968282
-7.970686
-7.985820
7.502843
-7.943076
-7.965057
-7.980687
-7.989916
7.896538
7.901154
7.915596
-7.979063
-7.986961
7.970043
-0.785582
7.979121
7.968659
-7.705098
-5.563951
-7.078893
-7.979623
7.974703
7.960274
-0.657849
-7.989480
-7.981375
-7.829481
-5.677304
-7.232101
-7.941003
-7.990490
3.358555
-7.606730
-7.999940
7.960821
7.909282
7.962163
-7.966506
-7.985905
7.923506
7.679525
-7.947981
-6.066912
-7.988086
-7.934426
-7.977422
-7.999998
-7.999998
7.945994
7.439162
7.870952
-7.968477
7.961938
7.976511
7.984805
7.953062
7.966515
-7.225955
7.911819
5.845491
7.907073
7.966379
-6.558823
7.968568
-7.991316
-7.241006
-0.227108
7.862705
-7.226514
-7.411153
-7.943545
-7.955928
7.968641
7.674309
-7.831139
-7.956474
-7.937065
-7.981133
7.973591
7.956275
7.944589
7.829783
-7.939993
7.975189
7.874842
6.894110
7.912383
7.975446
7.976852
7.777896
-7.904439
7.968041
7.943880
6.333261
-7.937959
7.975788
-7.968596
7.993015
-1.388203
-7.748101
-7.955996
-5.629697
7.936240
0.289727
-7.945088
7.977506
7.977417
7.964048
7.818391
-7.950362
-7.940287
7.927979
7.834270
6.978518
-7.555460
-6.922924
7.954353
-7.979816
7.975589
-7.694942
7.983029
7.948270
7.652399
-7.781415
-7.966789
7.958986
7.925839
-7.462775
7.983854
-7.923312
7.928651
7.964190
-7.986057
-6.283165
7.965353
7.952334
7.960319
7.629006
7.915700
7.999982
-7.985595
7.980358
7.951085
7.951312
7.897038
2.381856
7.961329
7.976119
7.972225
-7.956203
-7.984049
7.964438
-7.964139
-7.296399
-7.964620
-7.843757
-7.964598
7.957594
-7.640849
7.964655
7.554866
7.871221
-7.912171
7.895583
7.819380
7.962228
7.887416
7.936655
-7.974452
7.957681
7.980985
7.980808
7.981349
7.719213
7.898843
7.981074
-7.973608
7.941770
-7.986155
7.982597
7.981628
6.458253
-7.979333
-7.804599
7.972898
7.996574
7.782127
7.971299
7.966637
7.991987
0.274530
7.922173
-7.951981
-7.924879
-7.948052
-7.474327
-1.885378
7.929834
7.940204
7.978861
7.965090
-7.974376
-7.972230
-7.909486
6.398747
-7.987403
-7.953303
7.925125
7.974788
7.630680
-7.976146
-6.560088
-7.750121
7.932918
-7.987801
-7.963273
-7.977815
-7.990909
-6.269579
-0.038236
7.962952
7.908910
7.971994
0.591825
5.200551
7.964915
7.943944
7.980298
7.931452
2.249431
-7.660048
-7.978620
-7.983172
7.982374
7.975740
-7.984009
5.503435
-7.700943
-7.045755
-7.961940
-7.985735
7.921032
7.984251
7.905287
-7.989138
7.888546
-7.649047
7.945343
7.924264
-7.981303
5.998231
-7.986700
-7.969385
-7.977125
7.955244
-7.936458
7.961556
-7.909058
-7.972990
-7.972787
7.980703
-7.960338
-7.739757
-7.980102
-7.805498
7.970638
7.911889
-7.965941
7.653215
-7.968827
7.635794
-7.984955
6.420474
-7.980835
-7.980425
-7.868128
-7.942428
-7.971872
7.853925
7.989982
-7.965524
-7.879890
-7.626508
-7.979668
7.999996
-7.999995
-7.981911
-7.986918
-7.999985
-7.999998
-7.957193
-7.852786
-7.723938
7.899972
7.987297
7.706916
7.961361
7.963796
7.974714
-7.999998
-7.969188
7.981636
-7.970311
7.974047
-6.934743
7.980725
7.991044
-7.927867
7.907980
-5.516645
-7.988827
7.950182
3.404738
7.944431
7.980515
7.976392
-7.972354
-7.980623
-7.919342
7.988482
-7.964048
7.961267
-7.904621
-7.983634
-7.213268
-7.610319
7.984855
7.961551
7.674226
5.128319
7.943205
-7.981491
-7.990583
-7.988545
-7.774986
7.945244
-7.963931
-7.763578
-7.950271
-1.586814
-1.643308
7.960422
-7.982656
7.999998
7.977674
3.469058
7.940722
-7.846121
7.970688
7.982365
-7.985902
7.931328
5.955186
-7.972940
-7.979258
6.420142
7.949888
-7.918687
7.927606
-7.964112
-7.974683
-7.972364
-7.920463
-7.960060
7.970352
7.622439
7.973494
-7.978109
-7.992831
-7.978809
7.973838
7.999998
-6.355725
7.980020
-7.999987
-7.831022
-7.916301
-7.940395
-7.877155
7.999920
-7.885008
7.974051
7.566161
7.973642
7.976885
7.875839
-7.928191
7.796593
-7.982705
-7.925075
-7.980592
-7.985154
-7.962483
-7.974042
-7.969274
7.962097
-7.984212
7.984158
7.962166
-7.702955
7.959076
-7.974942
7.974857
-7.653390
7.962768
-7.972996
-7.982981
-7.963821
7.820683
-7.705625
-7.994367
-7.990292
-7.986954
-7.930097
-7.915416
7.967568
7.963937
-7.967043
7.982217
-7.960807
7.951510
-3.272058
7.700214
-7.903568
-7.985972
-7.983919
7.983820
-7.987170
7.975339
-7.960483
-7.973224
-7.726520
-7.981837
7.972712
-7.961504
7.825877
7.960301
-7.980331
7.992945
6.556729
7.971872
-7.818518
7.894879
-7.922759
-7.983385
7.916905
7.798088
-7.973729
-7.974347
7.971174
7.899260
-7.987943
7.978806
-6.493626
7.782770
-7.952801
-7.976907
7.978164
7.966425
6.492008
7.735425
7.964521
7.650857
7.938595
7.945981
-7.959998
7.829267
7.967552
4.705141
5.901513
-7.504469
7.738884
-7.962765
7.959260
-7.656103
6.859663
-7.971068
-7.988123
7.854517
-7.966857
-7.959087
7.465094
7.940045
-7.935640
7.991029
7.215275
7.878417
7.977578
7.923066
7.202936
-7.985544
0.211651
7.989712
5.808787
7.988584
-7.930164
-7.973435
-7.983436
4.530099
-7.972840
7.896997
-7.850113
-7.960977
-7.962696
7.900699
-7.569494
7.962658
7.956549
-7.970968
-2.043438
-7.727153
7.974195
-7.961142
7.942804
7.733925
-7.953837
-7.989659
7.546014
7.956057
7.970238
-7.990694
7.960107
7.954703
7.588696
7.611047
7.950925
-7.979907
7.999998
-7.914824
-7.976131
7.989023
-7.966583
7.959930
7.977896
7.960292
7.817760
5.926077
7.967632
7.609288
5.226423
7.977647
7.839573
-7.973177
7.982127
7.857492
7.940162
-7.987345
-7.915617
7.982240
7.956877
7.999987
-5.100894
-3.814545
7.932687
7.975728
1.041476
-7.965423
-7.962901
-7.991669
-7.961855
7.915104
-7.956383
-7.957786
-7.980733
7.985774
7.973958
-7.985290
7.684025
6.774088
4.974537
-7.953043
-7.960984
7.635944
7.971584
-7.952806
-7.978092
7.970017
-7.940265
7.899016
6.685006
-1.908754
5.552550
-7.901505
-7.511505
-7.648597
-7.999998
-7.930551
7.975663
-5.272118
-7.866903
-7.949534
7.234776
7.957307
-7.824030
-7.973351
-7.962292
-7.073731
-7.996880
7.853056
-7.972715
-7.899207
-7.884696
-7.891608
-7.989958
7.966281
3.964966
-7.976448
-7.941183
-7.184747
7.983103
7.951090
-7.982232
5.956348
4.816480
7.977729
-7.850644
-7.927464
-7.923369
7.942801
-7.953182
7.186451
7.987174
7.958160
-7.938338
-7.994146
7.982175
-7.999997
7.989974
7.978764
7.758308
7.919228
7.980234
-7.961908
-7.979078
-7.925220
7.742991
-7.981902
-7.977943
7.984723
-7.933632
7.978092
7.669945
7.938557
-7.954927
7.936349
7.873879
-7.958642
-7.989123
7.725701
-7.868944
7.966618
-7.985068
-7.976349
-7.572829
-7.991760
-7.041870
-7.964800
-7.967963
7.937985
-7.975956
-7.721046
-7.932134
7.980090
-7.895794
-7.953677
-7.941906
0.415934
7.973327
7.987808
-7.877541
7.984020
7.951379
-7.650411
-7.993723
-7.914284
-7.963267
-7.982570
7.904983
7.744925
7.974289
7.967687
7.986622
-7.939311
7.924533
7.945214
-6.950709
7.942709
7.965428
7.734654
7.986381
7.983834
-7.942039
7.903534
7.820853
-1.766679
-7.981871
7.933768
0.159238
-7.972780
-7.987774
7.493505
-7.940937
-7.991230
-7.720679
-7.999998
-7.988399
-7.975624
-7.968049
-7.984599
-7.974486
7.974064
-7.949889
-7.903934
-6.837243
7.966566
-7.361833
-7.984523
7.980032
6.854274
7.965556
-7.988478
7.957546
7.967128
-7.966509
7.970464
2.976677
7.960217
-7.938597
7.969964
-6.780629
-7.943161
7.963139
-7.978413
7.906215
-7.973019
-7.969883
7.897481
7.869186
-7.955008
-7.979771
-7.363535
-7.941028
-7.219394
-7.923242
-7.990884
-7.965551
-7.981358
-7.976315
-7.167550
-7.943686
7.981116
7.977030
7.967540
-7.963394
-7.983958
7.970452
7.967765
-7.981003
7.976377
-7.789371
7.655213
-7.985616
7.408704
7.828514
7.982217
7.939021
-7.978706
-7.963765
7.988378
-7.967114
-7.944698
7.977896
-7.990186
7.390747
7.955391
-7.975343
-4.725921
-7.992222
-7.864970
-7.987187
-6.911679
-7.999998
-7.975244
-7.969426
7.861763
-7.577257
-7.986011
7.928818
7.974722
-7.834333
-7.928963
7.999858
-0.988838
7.978755
-7.898608
-7.951590
7.965228
-7.977714
-7.992315
7.876024
7.900316
7.941895
-7.990314
7.970674
7.976291
7.614921
7.999998
-7.924292
7.975623
-0.528696
7.963362
-7.977891
7.937791
6.776445
-7.867341
-7.950568
6.859615
0.006987
7.979762
7.967976
-7.887008
-7.972139
-7.991405
-7.980553
7.396974
-7.980117
-7.987428
7.981358
-7.936696
7.943956
7.409692
-7.268818
-7.980156
-7.981874
-7.910977
7.960219
-7.742870
7.983114
7.969325
-7.953464
-7.901041
7.973065
7.918683
7.969421
-7.965464
7.965175
-7.940160
-7.962301
4.071878
7.973054
-6.309102
7.962087
-7.968172
-6.141447
-7.939176
-7.675474
-7.987630
7.841753
-7.799141
-5.373589
7.741733
7.833061
7.970195
-7.923648
-7.985037
7.958493
-7.880435
7.986255
-6.673114
7.961643
7.990816
-7.988614
7.986979
7.976189
-7.989604
7.978238
-7.548913
-7.917915
7.979906
7.976706
7.974837
7.821068
-7.750868
-7.986906
-7.978877
7.966120
-7.861388
-7.932976
-7.699592
6.627176
-1.852853
7.965208
7.964703
7.962309
7.861679
-0.451294
7.904367
-4.734712
-7.966756
7.963288
7.984152
-7.517988
-7.421420
7.981185
-7.985327
-5.391164
7.976329
-7.228851
-7.811614
7.978860
-7.025240
7.706795
7.948074
7.973496
7.256053
-7.911218
7.957128
-7.979486
7.956659
-0.322697
-7.901675
-7.951423
7.972238
-7.980281
6.950272
-7.988726
-7.909792
-7.972901
-7.956797
7.975426
-7.966189
7.894825
-7.982933
-7.678465
-7.974345
-7.968984
7.949809
7.954554
-6.100791
-7.981334
-5.332444
-7.678289
0.548747
-7.984471
-7.987554
-7.957907
7.985505
-7.973209
-7.970136
-7.873116
7.652474
-7.919753
7.979491
7.951662
7.959376
-7.986348
7.981920
7.955316
7.557870
-7.970427
-7.988828
7.961483
-7.999998
7.817731
7.793426
7.999997
-7.959344
7.969659
7.999949
-7.946492
7.808370
7.999998
7.971704
-7.986003
7.763002
0.756425
-6.855053
-7.980216
-7.963845
-7.973785
7.975601
-7.982391
7.912294
-7.942570
-7.986397
7.975465
7.985101
-7.943964
-7.877052
-7.980848
-7.991024
-7.984351
-7.961456
-7.982562
-7.876854
-7.937806
7.964519
-7.981755
-5.166167
7.958663
-7.991689
7.952109
-7.975210
7.929579
-7.981352
7.486956
-7.986235
7.892183
-7.987969
7.896911
7.960115
-7.968061
7.968502
7.943582
7.949837
-7.973918
-7.924814
7.967916
-7.986506
-7.952073
-7.975273
7.937578
-7.121585
-7.975542
7.979840
-7.999992
-7.944280
-7.969368
-7.958883
-7.999995
-7.999998
-7.934303
-7.985920
-5.327580
7.961337
7.931484
7.976566
7.981590
-7.991311
-7.982081
-5.122136
-7.975073
7.756918
7.983760
6.956142
-7.916908
7.980088
7.973659
7.960663
-7.987396
-7.980110
-7.979919
-7.884682
-6.184630
7.967148
7.970252
7.999998
7.969878
-7.977785
-7.886235
-7.958074
-7.977703
7.978024
-7.986784
7.865959
7.805912
-7.994380
7.903510
-7.982075
7.984689
7.938835
7.985978
-7.981196
-7.974707
7.859774
-7.968897
7.952434
7.950850
-0.576948
-7.981705
7.987396
-7.981901
-7.923299
7.953377
7.947722
-7.919151
7.969051
7.972148
-3.336223
7.967271
-2.524327
5.254165
-7.953626
-7.999998
7.908953
-7.241432
7.965327
-7.977081
-7.845620
7.975773
7.963113
-7.976395
7.949090
-7.960179
-7.898984
7.969797
7.986402
7.935638
7.547821
-7.913717
7.978146
7.950476
7.982777
-7.981192
7.999998
-4.953396
7.732273
7.999998
7.970651
-7.992054
7.979192
-7.979527
7.802292
7.901056
-7.939450
7.836506
-7.968284
7.998428
7.968496
-7.734242
-7.966997
-7.882046
-5.972966
7.960875
-7.970869
-7.990768
-7.867513
7.976771
-7.921551
7.999998
-7.951944
-7.947910
7.523566
7.972483
-7.933015
7.805430
-7.967561
7.990532
-7.984142
7.576100
-7.806960
6.704162
7.551143
7.925119
-7.940112
7.918728
-7.724478
-7.956775
-7.979582
-4.728181
-7.978193
7.942677
7.793959
7.950685
7.965397
-7.655359
0.348835
7.959442
7.952449
-0.868853
-7.982604
7.803899
-7.981173
-7.990383
-7.987208
7.110164
7.965004
-7.972144
7.966565
-7.964223
-7.631658
-7.988419
7.945871
-7.999998
-7.524429
-7.986490
7.938047
-7.985315
-7.985379
-7.987478
-7.928367
-7.987128
7.936277
-7.973000
-6.961089
7.886848
7.956249
-5.202814
-7.990396
7.983679
-7.983350
7.579093
7.741718
7.975625
-7.985840
-7.988942
-7.928236
7.364482
7.842007
7.813677
-7.885216
-7.964715
7.960917
7.940727
7.968673
7.972088
-7.976708
-7.979128
7.991502
7.869361
7.909774
7.969042
7.947348
7.865099
-7.934585
7.952806
7.969149
-7.904234
-7.890812
-7.921822
-5.630452
7.891940
-7.975746
7.982565
-7.990028
7.952652
7.815568
7.962080
5.044180
-7.969962
7.826260
7.983050
7.974683
-7.992190
0.478524
-4.276242
-7.985303
-7.980715
-6.964829
7.933256
-6.313013
2.569610
7.812498
-7.988026
7.659893
7.727905
-7.883027
-7.999573
-7.957066
-7.965077
7.942343
-0.391359
-7.957539
-7.953176
7.954968
7.977554
-7.971158
7.974252
-7.964488
-7.999998
-7.762719
7.980692
-7.976687
7.956417
-7.987975
7.835875
7.967095
-7.981418
-7.978557
-7.896177
-7.900294
-7.966890
-7.914689
7.891355
7.984071
7.693387
-7.928344
7.210703
7.969585
5.556661
7.845968
7.979560
7.990700
7.891956
-5.810750
-7.982001
7.980717
-7.943166
-7.971695
-7.979970
-7.970040
-7.972006
7.979689
-6.130888
7.537124
-6.697603
-7.999998
-7.863933
7.966950
7.978379
7.905483
-7.984756
7.918873
-7.490964
-7.973090
7.855279
-7.973471
6.922366
-7.980603
-7.918424
3.179102
-7.967547
-7.943068
7.965055
7.953915
7.949358
-6.538390
7.966775
-2.758396
-7.957167
7.598800
7.884914
7.956400
-7.692900
-7.989553
-7.962151
7.984423
7.782070
-7.979958
7.971450
0.915250
-7.985668
7.963440
7.999557
-7.963732
-7.971320
7.975485
7.949456
-7.961105
7.896518
7.952169
-7.395587
7.971435
-7.862058
7.979901
3.568918
-7.966465
-7.810155
-7.936625
5.690459
-7.979767
-7.639295
-7.914849
-1.888081
7.978505
-7.920849
7.964710
-7.932527
-7.564802
7.971658
7.989713
-0.354693
7.983641
6.447606
7.976681
-7.970495
-7.970012
-7.990507
-7.975610
-7.968358
7.970142
7.958399
7.802996
7.978892
-7.954678
-7.978377
-7.985258
-7.788971
7.966416
7.971303
-7.985955
7.958351
-7.977687
7.985237
-7.977297
7.987821
-7.985578
7.973167
7.958706
7.934508
-3.660892
-7.836195
7.917786
7.796494
7.974046
7.112264
7.957611
7.560019
7.969556
-7.982627
-7.974695
7.963051
7.979230
-7.955580
7.279590
7.959125
-7.965738
7.937884
7.959898
7.972366
-7.983043
7.960609
7.980885
7.958503
5.549116
-7.896185
7.948978
7.979030
7.955512
-7.988751
-7.902267
-7.871381
-7.950539
-7.982805
-7.964708
7.967028
7.977528
7.960544
7.987212
7.630714
5.466930
7.954424
4.214516
7.960090
7.950967
-7.958177
-7.972195
-7.969145
7.624358
7.734656
7.999998
-7.766103
7.976740
-7.859778
7.967038
-7.981147
7.999998
-7.989310
-7.949541
7.922323
-7.987586
7.988372
7.984900
7.979974
-7.959118
7.940826
1.153966
-7.961089
7.982975
6.278282
7.983541
7.848292
7.888982
-7.967297
7.287474
7.949004
-7.966853
7.883235
7.985337
-7.984903
-7.988048
-7.942944
-7.745704
7.979491
-7.951734
-7.830283
7.923966
-7.880759
-7.983748
7.986032
-7.983900
-7.979792
7.666503
7.999995
-7.923405
-7.965405
7.839925
5.614293
4.440773
7.959502
-7.989834
7.999997
-7.963255
7.968598
7.956077
-7.982211
7.962891
7.967410
7.783916
7.123632
7.831750
7.953891
7.974524
7.899354
7.976188
7.915504
-7.944576
-7.979244
7.987230
-7.978717
-7.990245
7.963468
7.956798
7.953909
-7.958981
-4.800231
7.943288
-7.999998
-6.747910
7.626061
6.477169
-7.810812
-7.610425
7.975944
-7.969333
7.970746
-7.918507
7.986206
7.989650
7.957123
-7.878885
-7.984957
-7.931134
7.978521
-7.707282
-7.999998
-7.992207
1.003877
-7.542551
7.969184
-7.972151
-7.966181
-7.913417
-7.850271
-7.994575
-7.969808
-7.985556
7.980380
7.991591
-7.980972
-7.968279
7.999998
-7.928864
7.909812
3.643767
-7.957231
-7.963822
7.790061
7.981382
7.982928
7.967564
7.809067
-7.972754
-7.925221
7.913555
7.987313
7.957474
7.953785
7.986493
7.894660
7.984605
-7.978548
7.978805
7.968565
7.971780
7.949258
7.669683
-7.975497
6.342171
7.969294
-7.991936
-7.918962
-7.954008
7.599486
7.984490
-7.969928
-7.961714
-7.985571
-7.956197
7.922101
-7.903538
6.968195
-7.980074
7.949579
-7.980681
-7.981077
7.961177
-7.969831
-7.983932
7.999998
-7.948993
7.975857
7.977730
-7.980441
7.975320
7.696716
7.814896
-7.972306
-7.978163
-7.975311
-7.976936
7.968690
7.948323
6.037703
-7.968474
7.976169
-7.972615
-7.968154
-7.957774
7.933568
7.973760
-7.930441
7.908425
-7.819668
-1.808244
-7.979767
-7.979554
7.915108
-7.961930
-7.991221
-7.969950
-7.968806
-7.969805
-7.736874
-7.959287
-7.970701
7.978379
-7.881431
-7.978518
7.944624
7.949495
-7.963774
-7.984592
-7.977836
7.757996
-7.985250
-7.960231
7.979312
-7.704949
-7.608534
-7.968371
7.970109
-7.945189
7.974181
-7.977367
-7.871030
6.724956
7.947177
7.406062
-7.988755
-7.946607
7.932071
7.177296
-7.737183
-5.305315
-7.968103
-7.940498
-7.984306
7.979217
-7.976359
-7.898799
-4.233132
7.980034
-7.982307
-7.946581
-2.793210
-7.893683
-7.556187
7.976198
-7.987082
-7.986565
-7.990063
7.980440
3.174073
7.755650
7.977879
7.988791
-7.976805
-7.977949
-7.999998
7.973427
7.979558
5.128858
-7.922502
-7.163112
7.934651
7.921032
-7.988674
7.786170
7.872370
0.935334
-7.984687
-7.880835
7.912055
7.946138
-7.763815
0.443414
-7.958056
-7.977048
-7.936758
7.968446
-7.955095
-7.958158
-7.999998
-7.977985
7.971793
-7.984758
-7.964567
-7.988235
7.979115
7.971836
7.945996
-7.985286
-7.931421
-7.991166
-7.962056
7.987386
7.977142
7.943888
-3.072815
7.957221
7.967142
7.983478
-7.985370
-7.989818
-0.480700
7.907486
-7.920952
-7.569093
7.907929
7.453594
-7.979989
-7.982141
0.089498
6.914097
2.953816
-7.905192
-7.974820
-7.452494
7.950430
-7.987285
7.982148
7.431848
7.984431
-7.948187
-7.962461
-7.970575
-7.770264
4.973690
7.926825
-7.654371
7.982092
-7.966979
-7.978987
7.887158
-7.968819
-7.973056
-7.990362
-7.984890
7.882547
7.954541
7.941433
-7.947774
-6.408448
-7.579974
-7.987148
-7.867551
7.959980
7.894656
7.933065
-7.718953
-7.986276
7.965800
5.825460
-7.982786
-6.501547
7.944029
2.795086
7.753927
-7.731109
3.955100
-7.982340
-7.867102
7.976442
-7.974870
7.977465
6.785350
7.965656
-7.875522
-4.403220
-7.937953
7.349001
7.922563
7.813400
5.140943
-7.961136
7.972807
7.832149
-7.999998
7.977838
-7.983198
7.970418
-7.976061
7.944467
-7.989539
7.926959
-7.924659
-7.944210
7.957244
7.953022
7.700166
-7.961745
7.974530
7.967382
7.891348
-7.980930
-7.975965
7.489981
-7.918415
7.965630
-7.976451
-5.591478
7.963002
-7.960295
-7.971210
7.979816
7.954916
-7.960338
-7.963447
7.917043
-6.549585
7.970895
7.972804
7.710870
7.981219
-7.985884
-7.965022
-7.750075
7.960463
7.973565
7.959988
7.961558
-7.959321
-7.974111
7.972421
7.962592
-7.967891
7.718859
7.962833
7.984579
-7.962430
7.806803
7.910375
-7.973377
-7.979766
-7.946912
-7.965193
-2.354430
-7.985423
-7.959348
-7.977683
7.550287
7.962401
-7.971643
-7.983598
7.936157
7.963889
-7.958623
-7.967625
-0.403051
-7.982341
-7.986993
-7.948687
-7.941416
3.784804
-7.920534
7.930336
-7.957932
7.977673
-0.550739
-4.907667
7.980719
-7.957725
-7.137400
-7.794425
-7.978007
-7.893575
7.958670
-7.890764
7.978401
7.768617
7.982139
7.970271
7.976062
7.921402
-7.985037
-7.979550
-7.488389
-6.339992
7.944896
6.091210
-7.901029
7.928316
-7.899966
-7.942347
-7.979451
7.985408
-7.987797
7.984537
-7.984812
7.809414
-7.983407
-7.975744
-7.978167
7.966967
7.895923
-7.964116
7.929802
-7.974396
7.977173
-7.950679
-7.968650
7.989810
-7.896259
-7.976835
7.961583
0.671530
-7.943701
7.536047
7.971265
-7.912996
7.987339
-7.870394
7.833632
7.981138
-7.862985
7.899473
-7.975277
-6.624892
-7.930770
7.954354
7.985091
-7.956430
7.969283
-7.968653
7.904462
-7.984561
7.955324
-7.999998
-7.990728
7.985199
-7.773296
-7.970138
7.807758
-7.970455
-7.982198
-7.944818
7.960579
-7.979051
7.784979
-7.954821
-7.975868
7.919897
7.889553
-7.987651
-7.983285
7.973344
7.527887
-7.697538
-7.968211
7.943292
-7.962736
7.815809
-7.966009
-7.989062
-7.975261
-6.554998
7.611844
7.771413
7.760059
-7.943564
7.574645
7.650469
-7.973875
-7.999998
-7.983831
7.808979
7.999998
7.974990
7.970270
7.434019
-7.992904
-7.980331
7.816318
-7.973759
-7.978203
7.961102
-4.370751
-7.969412
7.975881
7.955146
-7.939888
7.790140
7.992887
-7.963446
-7.972661
-7.984901
7.948455
7.378647
7.741820
7.975604
-7.999998
7.945796
7.957864
-7.957489
7.979853
-7.831029
7.985903
7.090039
-7.985209
2.135862
7.999998
7.977058
-7.967608
-2.437045
3.895713
6.783748
7.958739
0.986129
-7.402252
7.983676
7.967296
-7.960185
7.926450
7.952511
7.972724
-7.986519
-7.964634
4.825933
7.959789
7.835778
-7.821758
-7.610819
7.913935
7.964632
-7.912780
-7.925025
-7.975370
-7.978048
-7.978344
-7.966175
-7.914714
-7.857586
7.947588
-7.967339
-7.872343
7.983286
7.980821
7.895853
7.745846
-7.960306
-1.600394
-7.986270
7.952941
-7.982312
-7.976969
7.974947
7.972554
-7.980809
7.838723
-7.984573
7.986200
-7.968051
-7.881527
-7.975914
-5.010059
-2.355001
7.806208
-0.734826
-6.372376
-7.993049
-7.106566
-7.972956
7.969077
-7.976970
6.517918
-7.660632
-7.894618
7.153476
7.978616
-7.677148
-7.613736
5.706147
-7.902601
7.871221
-7.957531
-7.986763
-7.990684
-7.975200
7.946634
-7.999998
7.977116
-7.880688
-7.962194
7.925039
-7.132237
-5.878035
7.695585
-7.898834
-7.960642
4.416400
7.665870
7.967405
-7.978981
-7.867829
7.980087
7.967639
-7.968596
-7.955552
7.965073
-7.966121
-7.956372
-7.956132
-7.969770
-6.516156
-7.966547
7.940249
-7.965792
7.976639
-7.859524
-7.974988
-7.949151
7.837527
7.986248
-7.899284
-7.964599
7.929081
-7.943308
-7.967533
7.992297
-7.971775
-7.983130
-7.823555
7.946182
7.723887
-6.740616
-7.649298
-7.664997
7.999998
-6.037304
7.969653
7.890876
-7.922599
7.682906
7.987209
-7.950523
6.973788
-7.793181
-7.962411
-7.952997
-7.999998
7.999998
-7.975560
-7.962084
-7.914330
-7.965355
-7.946777
0.208369
7.967806
6.263019
-1.189118
7.970495
-7.989520
-7.981678
7.987528
7.923171
-7.819524
-7.999466
7.002207
-7.983295
-7.993436
7.881223
-7.968050
7.976601
7.977378
-7.950220
2.139262
-7.975963
-7.934745
-7.989582
-7.966402
-7.929913
7.943922
7.967838
-7.974238
7.967199
-7.954950
7.979841
6.666925
-7.986769
-7.947656
6.446881
7.975721
-7.976192
7.295175
-7.680418
-7.986894
-7.967730
7.621151
7.977947
-4.417151
7.924677
-7.837707
-7.948050
-7.979001
-7.915198
7.928286
-7.979512
-7.990471
-7.977179
-7.975918
-7.976864
-7.959340
7.932162
-7.991192
-7.975479
-7.993991
7.664282
-3.808438
7.779564
-7.977290
7.939975
7.966223
-7.813123
7.930791
7.900839
-7.747447
-7.892844
-7.892503
-7.940889
7.979723
-7.985265
7.921705
7.971717
7.912307
-7.989177
-7.949097
7.999964
-7.976704
7.058248
-7.949864
-7.978550
7.962084
7.945247
7.910669
-4.685677
-7.950116
-7.948670
7.628585
-7.990102
3.553380
7.981524
7.957011
7.957106
0.328125
7.575606
-7.983603
7.974801
7.921645
-7.963668
7.939039
6.356403
7.784326
-7.970815
7.693346
-7.960136
7.976740
-7.988224
-7.987919
-7.992657
7.694176
7.886446
-7.979528
-7.918371
-7.972902
6.958203
-7.999998
7.933104
7.982998
-7.941384
4.663636
-7.966736
7.953760
7.973129
7.882875
7.149477
-7.896004
7.969188
7.982550
-7.977550
-7.964861
7.953608
-6.439105
-7.872018
-7.990951
-7.988910
-7.986600
7.944479
7.948744
-7.929548
7.970694
7.944148
7.591436
7.452898
-7.399758
-7.983745
-7.977640
-7.986809
-7.739207
-7.979771
7.962847
7.891896
-7.978257
-2.003907
7.978784
-7.954303
-7.540211
-7.977068
6.967102
-7.974887
-7.979196
-7.985289
-7.975440
7.930743
-7.791244
7.999998
-7.907463
-7.922657
7.974181
-7.968925
7.885473
7.999998
7.958355
7.948280
7.973165
-7.722847
-6.491902
-7.760873
7.990401
-7.969774
7.930974
7.959834
-7.868759
-7.968276
-7.979718
-7.982076
-7.895479
-7.999998
7.972320
-7.249321
-7.963362
-7.999998
-1.802702
7.980792
-7.975598
-7.970152
-6.617381
7.551415
7.983566
7.952271
7.984304
-7.970911
7.982256
-7.934615
-7.952270
-4.982778
7.982456
7.885962
-7.941134
-7.437198
7.977827
7.838739
-7.973829
-7.989486
-7.979604
-7.993114
-7.999998
7.237290
7.979201
-7.960254
-7.899035
7.966517
7.942985
7.922474
-7.861921
-7.977468
-7.978083
-7.978513
-7.529922
-7.982792
-7.982361
-7.961119
7.046231
-6.586337
7.923124
6.610501
-7.964873
7.978848
7.972940
-7.990193
1.871713
-7.980517
-7.929914
-7.977568
0.849672
-7.999998
-7.980233
-7.980741
7.969108
-7.879107
7.449846
-2.983975
7.590628
-7.975989
-7.641708
-7.873994
-7.930664
7.990583
-7.986758
-7.943447
-7.930065
-7.535397
-7.977297
-7.894936
7.958495
-7.948004
7.959665
-7.177277
-7.983707
-7.983433
-7.967514
-7.943717
-7.991072
4.736850
7.661590
-7.642459
6.689656
7.935450
7.979802
7.568298
7.885540
-7.905215
-7.933480
-7.980021
7.924907
7.975340
-7.890059
7.974957
7.972911
-7.980157
-7.972981
-7.981589
-7.985531
7.969464
-1.757985
7.984391
-7.930329
-7.979644
-4.893921
7.984248
-7.242531
-7.929573
-7.981426
7.768476
7.732013
-7.981709
7.977509
7.767147
2.621063
-7.822008
-7.974960
-7.903781
7.964899
7.950636
-7.162391
7.950041
7.976816
-7.983268
7.907733
-7.971152
7.929726
7.981306
1.955647
7.919865
7.945111
6.133163
7.978707
7.972286
7.555767
-7.934880
7.927874
7.959331
0.282788
-7.979986
7.943200
7.447241
7.985077
7.914549
-7.943233
-7.989162
7.972191
-6.690054
-7.835557
-7.955160
7.878730
-7.958359
-7.977877
-7.984262
7.968482
-7.999998
-7.986320
7.946423
7.959802
-7.981244
-7.984017
-7.484689
7.971960
-7.939705
6.921151
7.941623
7.904229
7.219117
-7.984839
-7.981116
-7.963753
-7.943864
7.978726
-7.979789
-7.909582
-7.977152
-7.967885
-7.977590
-7.947055
7.984016
-7.921249
-7.999998
-7.909248
-7.980320
7.956440
7.969140
-7.999748
7.918617
7.921211
-7.982420
4.724255
7.999979
-7.972101
6.769181
-7.609076
-7.908998
7.731443
-7.979571
7.859039
-7.961990
7.810765
7.971399
-7.976231
7.536897
7.972590
-7.951631
-7.991412
7.974415
-7.753504
-7.848114
7.971380
0.719087
7.918062
-7.984513
7.975182
-7.972446
7.978791
7.986819
7.973694
7.587110
-7.991163
-7.983638
7.951598
-7.950722
-7.991926
7.972542
-7.976421
-4.778546
7.954021
7.982317
7.986135
7.838415
7.964742
7.964347
-7.982228
-7.575594
7.971700
-7.969626
-7.931496
7.526754
-7.801685
-7.754026
-7.943792
7.989942
3.263309
7.970433
6.836796
6.347369
7.976239
7.850007
7.972459
-7.985398
-7.758960
7.938546
-7.982526
-7.965911
-7.983479
-7.985888
7.877936
-7.969699
7.616591
7.957867
-7.983958
7.972644
7.960634
-7.987750
7.977369
7.438400
7.969086
-7.999998
7.984780
-7.180831
-7.981149
-7.980139
-7.830956
7.459271
-7.985919
7.912916
-4.891963
-7.981515
7.942401
7.891452
-7.980955
-7.936422
7.972298
7.954706
7.961024
7.990736
-7.946031
7.871902
3.906967
-7.986359
7.971173
-7.964923
7.955052
-7.894976
7.961732
-7.948947
7.913155
7.869694
7.968992
7.969149
-7.987453
-7.983987
-7.630784
-7.985640
7.984574
7.985871
7.898964
7.943653
-7.845318
-7.945748
-7.976496
7.960960
7.983317
-0.183404
-7.980667
7.836478
-7.750505
7.947523
-7.947752
-7.523472
-7.767663
-7.948618
7.960960
-7.941852
-7.989499
7.948674
7.967671
7.908984
7.302702
7.943957
7.953561
7.965128
7.955861
6.616451
7.956203
-7.942934
7.964508
7.940769
-7.949061
-6.250616
7.974097
-7.909018
-7.978808
-7.983835
7.972354
7.123736
-7.820249
7.983961
1.775128
7.976743
7.873783
7.974423
-7.999998
-6.084532
-7.520253
7.982358
-3.526403
-7.954346
7.965879
-7.984376
7.439679
7.985705
-7.980368
7.991793
-7.982822
6.666712
-7.971912
7.999998
7.955234
7.967185
-7.953437
-7.978222
7.969548
-7.972439
7.765527
7.969949
7.956881
-7.978356
-7.926629
6.450174
-6.229240
-7.963982
-7.756846
-7.975928
-7.991163
6.963846
-7.909377
-7.945507
-7.979470
-7.987041
7.988080
7.712820
5.072139
7.967775
-7.970144
-6.224999
-7.982427
7.765508
7.955691
7.986805
-7.978430
7.983250
-6.465851
-5.540792
7.968094
-7.921639
7.976199
-3.605353
7.966702
7.929672
-7.944194
-6.917889
7.877574
-6.804955
-7.967681
7.988812
-7.980709
-1.573213
-7.974119
-7.986946
7.966675
7.958697
7.933605
-7.977464
-7.949404
7.948256
-7.972917
7.942549
-7.930897
-7.984472
-7.972448
-7.976710
7.924552
7.706208
7.968849
7.960746
-7.986097
-7.981980
7.811883
7.577977
7.975900
7.856486
-7.969695
-7.992071
7.803038
7.954279
-7.946866
-7.977754
2.126050
7.952248
7.982685
-7.999998
-7.979203
-7.981554
3.191042
-7.003261
-7.835152
-7.983395
-7.947922
-7.968379
-7.993607
6.668436
-7.979135
7.957066
-5.846935
7.673057
7.898576
-7.810683
7.987685
7.985486
-7.961992
-7.980007
-7.999998
7.923725
-7.963079
-7.967128
7.946153
-7.819259
7.938699
7.974541
7.924446
7.952507
7.933165
-7.977649
7.977874
7.975863
7.960529
-6.394453
7.901556
7.980667
7.985984
-7.976655
7.989739
-7.744524
7.971044
4.910559
-7.779521
-7.954912
7.973458
7.999160
7.999998
-7.962947
-7.979847
7.970774
7.970631
7.976691
-7.717486
7.977950
7.971917
7.917958
7.894924
-7.977777
-7.786767
7.974072
-7.873364
-7.905126
-7.966816
-7.999997
7.941895
7.980229
-1.850284
-7.980481
-7.965315
-7.975037
7.976195
7.878755
-7.981842
7.956966
-7.942607
7.719657
-7.945353
-7.968993
7.937964
-7.979367
7.967968
2.965543
-7.682151
7.982139
7.360733
7.973930
-7.976509
-7.984640
-7.990862
7.934748
7.986089
7.919151
-7.990980
-7.980859
-7.951312
-7.976469
7.976676
-7.893067
-7.959626
-7.928676
7.959586
7.900590
-7.913698
-7.203896
7.727174
7.306667
-7.954203
7.967909
-7.985716
-7.972989
7.924758
0.789800
7.568260
7.991539
-7.970715
-7.976943
-6.149594
-7.995152
-7.837689
-7.972787
-7.913358
-7.982042
7.979089
7.949367
-7.862984
-7.989676
7.961942
-7.988893
7.971784
7.959050
-7.958028
7.827307
-7.978918
-7.979763
-7.945593
-7.739720
-7.118478
-7.959854
7.924072
7.429607
-7.983251
-7.986457
5.752855
7.879822
7.977872
7.965986
7.984625
-7.968848
-7.961670
7.968121
-7.988259
-7.974717
7.534511
-7.974916
-7.985681
7.777336
-7.976708
-7.983822
7.982349
7.983850
7.178715
7.973975
7.982123
-7.086428
7.967147
-7.980293
7.689892
1.649924
-7.988350
-7.946060
-0.542365
-7.973900
7.972748
-7.970019
-7.971307
-7.961153
-7.978389
-7.833451
-7.967489
-7.966170
-7.982120
7.978409
-7.999998
7.981377
7.983970
7.969367
7.900360
-7.969782
-7.972763
-7.968109
7.989790
-7.977090
-7.955818
-7.993620
7.943494
-7.839391
-7.823894
-7.981338
-7.954540
-6.728668
-7.930172
6.489145
7.980167
-7.986143
-7.968621
-7.976437
7.786774
-7.976601
-7.979065
-7.990125
-7.993863
6.789663
-7.973154
7.970246
-7.976476
-7.931208
-7.924236
7.975201
-7.936782
-7.960133
-7.987190
-7.960260
7.943624
7.989806
-7.425234
-7.186127
-7.982315
7.981641
-7.992548
7.860812
-7.962707
-0.502204
7.959295
7.908277
-7.970539
7.896815
7.961902
7.989854
7.979931
-7.982246
7.869898
-7.971330
-7.962979
-7.984556
-7.984436
-7.973574
5.603446
7.965061
-7.981078
7.973526
-7.967790
7.180692
7.964675
7.834035
-7.958798
-7.896900
7.982603
4.612879
7.661149
-7.976433
6.222024
7.959968
-7.897165
7.953955
-7.990921
7.604102
7.967503
7.939075
7.677548
7.533548
7.973566
-7.942178
-7.975768
7.986389
7.316994
-7.924488
7.969756
7.893477
-7.972059
-7.949330
-7.163147
7.887728
7.583558
-6.544826
-7.987629
7.638038
-3.170879
-7.978194
-7.979598
-7.820334
7.806335
7.915736
5.392433
7.898630
-7.975498
-7.967297
-7.988589
-7.505079
-7.961877
7.867417
7.836036
-7.689005
5.467952
7.999928
7.942790
-7.979910
-7.977553
-7.920086
7.945284
-7.911837
-7.966765
7.731834
7.979179
-7.962051
-7.973946
-7.982769
-7.935325
-7.954751
7.973865
-5.482675
-7.957981
7.941894
7.981520
2.350770
-7.974788
7.924307
-7.989942
-7.970212
-3.324112
7.969385
7.890488
-7.446521
7.921047
7.986071
7.250856
7.773867
-7.750053
-4.720998
7.973914
7.947024
7.986837
7.969912
7.979860
-7.874900
7.966120
7.972146
7.916515
-7.992801
-7.979457
-7.977713
-7.999998
-7.807901
-7.409765
-7.999998
7.964750
-7.620867
-7.964103
7.895589
7.892022
7.957255
7.972600
-7.986028
7.976525
-7.947959
7.870511
-7.984961
7.648522
7.975201
-7.985455
7.915041
-7.969556
-7.942740
-7.969817
7.968631
7.976101
7.978000
-7.798622
7.955924
-7.943524
-7.594306
-7.984165
-7.680710
7.949491
7.951045
-7.929590
7.965890
7.890234
0.657772
7.800122
-7.979384
7.970605
7.075820
7.977612
-7.935645
-7.974919
7.920336
-7.975322
-7.970217
-7.959162
7.994652
-0.482994
-7.977749
-7.925860
7.709316
7.972364
7.962767
-7.975514
-7.973307
-7.956402
-7.963584
7.997173
-7.979528
-7.364473
-7.710561
7.972520
7.573332
7.684445
7.705492
-7.978840
7.969816
7.965013
7.936420
7.983419
-7.905913
7.988523
-7.999998
-7.954574
7.980857
-7.825100
7.969276
-7.942890
7.117999
7.962742
-7.768760
7.923731
7.956097
7.978368
-7.692164
7.955481
7.942179
7.984461
-7.985920
-7.967856
-7.938314
7.837580
-7.961890
7.979522
-7.909302
7.902114
7.655373
-7.967384
7.937803
7.768716
7.976390
-7.993429
5.096511
7.868870
-7.943518
-7.945985
7.978134
7.866903
-7.878073
7.296003
-7.984009
-7.973422
-1.751929
-7.983391
-7.995094
7.914857
7.948040
7.942001
-7.976823
7.904501
-7.987808
-7.945604
-6.686432
7.979383
-7.932721
-7.971630
1.223798
7.860160
-7.968257
7.980666
-7.951267
7.978755
7.876721
7.976423
-7.972328
-7.971050
7.961570
-7.891987
7.860967
-0.895804
7.760003
7.916268
-5.991341
-7.747477
7.873119
-7.984745
7.486083
-7.414456
-7.944324
7.924965
7.926815
-7.289137
7.937831
7.709631
3.231774
-7.800127
7.970319
4.351412
7.941284
-7.999998
7.971657
7.971554
7.847725
6.965866
-7.961147
-7.954833
7.972407
7.348259
7.976719
-7.967271
7.963810
-7.970805
7.974464
-7.856136
7.476375
7.921924
-7.520948
-7.990745
-7.979357
7.984339
-7.976372
-7.936715
-7.944297
7.966549
-7.975016
7.967024
7.564150
-7.980939
-7.911660
-7.978478
-7.957528
-7.914452
-7.927321
4.069336
7.802828
-7.963740
-7.969140
7.969060
-7.984047
-7.631348
7.982964
7.346481
-7.981248
-7.979843
-7.981885
-7.989092
-7.981977
-7.865311
-7.978077
-7.946481
7.891145
-7.857563
-7.982824
-7.926996
7.964075
-7.985672
7.957962
7.669635
7.982289
7.982135
-7.980326
7.877712
-7.963783
7.968589
-7.954902
-7.976901
7.437964
7.932607
7.970434
7.974273
7.835946
-7.763436
-7.958206
-7.928504
7.982683
7.968219
-7.963372
7.811425
7.969205
7.968726
-7.983708
7.965920
-7.985137
-7.964569
-7.910108
-7.952517
-0.485491
-7.955586
-7.969582
7.985762
7.982934
-7.509110
7.962849
7.978888
-7.836495
-7.988321
-7.979179
-7.978994
-7.962045
6.911404
-7.993253
-7.953973
7.923106
7.931913
-7.846069
-7.915976
7.969443
4.072077
7.971226
7.969132
-7.973258
-7.150881
-7.958476
-7.940908
-7.968164
7.961241
6.028063
1.158021
7.976875
1.649771
7.899451
-3.108786
-7.985463
-7.962766
7.751659
-7.987351
7.186533
7.963640
-7.363807
7.960565
-7.946834
-7.966596
7.471148
-7.977578
-7.984334
-7.986108
-7.988265
-7.991992
-7.970328
7.959206
-7.714008
-7.979207
-7.590019
7.977581
7.964903
7.957288
1.091075
7.950109
-7.984432
7.881940
-7.978569
-7.366817
7.872849
7.961319
-7.984192
7.980660
-7.979534
3.623342
7.948528
7.971077
-7.848364
-4.741093
-7.928481
-7.949663
7.973989
7.965720
7.985501
-7.957416
-7.926054
-7.999998
6.119581
7.944740
7.970464
-7.978504
5.864315
7.959100
-7.973299
-7.976320
-3.181708
-7.958433
7.593522
-7.804045
-6.198521
7.976849
7.953250
-7.991117
-7.904987
-7.777076
7.976177
-7.985573
7.989246
7.861747
7.841851
7.965035
6.786046
7.968726
-7.761992
7.981277
-7.991577
7.955446
7.965408
-6.744594
-7.955471
-7.068241
7.902823
7.971674
7.917755
7.949027
7.951033
-7.969515
-7.960104
-7.884887
5.386439
-7.975731
-7.966945
7.974007
-7.985796
7.944998
7.966158
7.952627
1.152934
-7.941492
7.981392
-7.968461
7.939803
-7.979471
7.963948
7.999962
-7.964321
-7.651042
-6.460495
7.937258
-7.966438
-7.964611
7.669135
-7.966218
7.933935
7.972366
7.984927
6.709018
-7.963151
-7.848267
-7.515460
-7.874900
-7.986323
-7.993043
-7.978152
-7.982077
7.964502
-7.969453
-7.979287
-7.979340
4.911951
-7.971835
7.647313
-7.999998
-7.969608
-7.989558
6.802902
0.913626
4.082927
7.958424
-7.964329
-7.933900
-7.982799
-7.865125
-7.947797
-7.982289
-7.854902
-7.970317
-7.970442
7.999998
7.968296
4.997349
7.974374
7.970061
-7.980285
7.981270
-7.929635
7.869532
7.977165
-1.790605
7.989231
-7.758560
-7.908247
7.958952
7.971753
7.966512
7.951590
7.663708
7.906403
-7.978079
-7.555578
7.987955
7.974185
-7.980829
4.686331
-7.984001
-7.984026
-6.612832
7.946078
-7.636292
-7.983278
7.974188
-7.999998
-7.983116
-7.955297
7.955300
4.889196
7.979170
-7.955886
-7.662328
7.903940
7.970699
-7.752917
-7.990836
-7.694359
7.663620
-7.963209
-7.924623
6.703236
7.941003
-7.979579
7.974207
7.999844
-7.980240
7.959646
-7.692324
-7.866250
-7.740377
-7.922980
-7.980133
-7.979722
7.986288
7.987736
-7.962517
-7.999998
4.603989
-7.885471
-7.989901
7.948741
7.969516
-7.986540
-7.974095
-7.764487
-7.882605
-7.406506
7.978518
-7.968122
-7.967655
7.974676
7.978599
-7.832119
7.961032
6.602176
7.875430
7.967678
7.961007
7.686712
7.592069
7.971664
-7.971481
-7.986867
7.986169
7.954841
0.455015
-7.943727
7.986759
-7.993416
-7.858533
-7.555895
-7.741249
-7.945160
-7.970595
7.795999
-7.957031
-7.983916
7.070755
7.741403
7.974243
7.967663
-7.970618
7.857671
-7.978444
7.978119
-7.805539
7.947343
-7.951461
-7.965150
2.120548
2.876988
-7.954958
-7.930338
-7.963022
7.930382
-7.984717
-7.956110
-7.988065
-7.986101
7.969680
7.934605
-6.979855
-7.922388
-7.822421
7.879139
7.969760
-7.750019
7.960794
7.972753
-7.928832
-7.980953
-7.979548
7.990825
7.959114
7.973500
-7.946078
-7.920679
-7.952455
-3.684736
7.969455
-7.926224
7.979008
-7.962333
-7.989680
-7.969616
-7.985462
-7.986544
7.883485
-7.241730
-7.900482
-7.943242
-7.973793
-7.837755
7.965277
7.978870
-7.883902
7.932114
-7.974428
7.971262
7.984383
-7.971204
1.360086
-7.965517
7.976417
-7.746921
7.952851
-7.971974
-7.958079
-7.968306
-7.986721
7.952785
-7.985396
7.986257
7.808943
7.913714
-3.273855
-7.987925
-7.987749
7.965741
7.988577
6.027995
-7.976985
-7.990066
-7.979110
-7.978849
-7.963164
-7.985687
-7.946798
7.999998
7.776501
7.966987
-7.986724
7.981124
7.917655
7.986023
7.967609
-5.903900
7.966758
-7.968179
-7.576090
7.983937
-7.980243
-7.999998
-7.979732
-7.970013
-7.989200
-7.957911
7.933811
7.898420
7.969385
-7.993299
7.940361
7.999998
-7.961591
-7.972062
-7.836544
-0.532775
7.964478
7.975673
-7.936534
7.999922
-7.970713
-7.956130
-7.796836
7.941684
7.943336
6.086566
-7.999958
7.980734
7.945149
-7.990168
-7.963077
7.165095
7.988049
-7.963294
7.919657
7.679022
-7.960460
7.645253
-7.953398
-6.576209
-7.978259
7.987397
7.981235
-7.987820
-7.467958
7.457672
-7.953094
-7.976511
7.885032
-7.922666
4.076153
-7.544760
-7.595605
-7.977860
-7.999998
6.734213
-6.920273
-7.958061
7.941993
-7.984885
7.999998
-7.992282
4.367464
7.964958
7.386874
7.890231
7.982582
7.950707
-7.976819
7.961832
-0.770074
-7.981123
-6.051880
7.799479
7.984009
2.398196
7.999998
4.074102
7.966223
7.962558
-1.638418
-7.972120
-7.711866
-7.973128
-7.888074
7.962787
5.734723
-7.985608
7.951269
7.626629
-5.603806
7.987584
7.972782
-7.759216
-7.990733
7.856029
7.488676
-7.962376
7.723165
7.868036
-7.354173
-7.788956
7.980215
-7.984344
-7.969085
-7.975390
7.989114
7.973622
-7.905118
7.949834
7.591853
3.699841
-7.950713
7.982100
7.874290
7.863964
-7.972187
-7.981778
-7.964696
-6.422965
-7.960513
7.983622
7.999132
-7.977959
7.979846
7.800566
7.981868
7.950661
-7.974031
-7.974421
-7.214581
-7.999998
7.889867
7.966716
6.032318
7.968450
7.192077
7.958753
7.143557
7.926454
-7.999993
-7.970051
-3.998941
7.987055
7.818388
-7.976458
-7.764655
7.983572
6.235045
7.909065
7.973105
-7.974160
7.957754
-7.436456
-7.971516
3.577563
0.604164
7.924786
-7.972958
-7.988115
-7.964589
7.978037
-7.964505
7.982759
-7.849507
7.967631
7.967735
-7.932024
-7.922965
6.807018
-7.823657
-7.951499
7.976102
7.527194
5.458644
-7.973943
7.972784
7.964969
-7.908832
-7.966391
7.952729
-7.981455
-6.617364
-7.959402
7.910132
7.212714
-7.523850
7.767840
-7.928100
-7.812617
0.473001
7.971782
7.949133
7.937671
7.971201
-7.951835
7.961527
7.807408
7.954738
7.965805
7.980252
-7.852986
-7.960509
7.596211
-7.980439
7.916262
7.959210
-7.981749
7.896837
7.982304
7.976258
7.979930
-7.817953
7.994157
7.979540
7.956051
-7.952799
7.967367
-7.984970
7.874256
-2.724863
7.951963
-7.991120
7.837537
-7.853620
-7.935437
-7.964601
7.622571
7.973588
-7.969157
7.979657
-7.730451
-7.979137
-7.969438
7.933563
-7.931689
-7.988932
7.943094
7.973259
-7.935238
-7.968504
7.838986
7.961844
7.954401
-7.957515
-7.736339
7.986056
7.933944
7.332967
-7.977107
-7.957685
-7.955371
-7.906347
-7.966599
7.975352
7.965191
7.984006
-7.962746
7.960410
-7.839920
-7.942380
-5.183706
7.792774
-7.844767
-7.993345
7.984574
7.967649
-7.017582
7.679678
-7.977136
-7.966944
7.960848
7.955514
7.933049
7.947012
7.968553
7.917426
-7.952414
7.805492
7.971732
7.943833
-7.987708
-7.115564
7.979766
-7.973545
-7.946256
-7.973677
-7.976226
-7.986533
7.862458
7.928158
-7.987776
7.584904
-7.957751
7.960906
-7.768209
7.976096
7.753598
7.689938
-7.944722
7.928124
-7.988314
-7.949986
7.975124
7.984453
-7.829135
-7.999457
-5.720342
-7.979362
3.915385
3.382955
3.279422
-7.458206
-7.969645
7.964961
-7.571664
-7.973304
6.085743
-7.991915
-7.991816
7.974726
7.938734
7.956190
7.979507
-7.966779
7.964176
7.979988
-7.985255
7.949973
-7.973555
-7.361661
7.811961
5.156319
7.985107
-7.989512
7.970838
-7.953058
7.954586
6.108098
7.976790
-7.964068
-7.985880
-7.909468
7.665836
-7.965462
-7.920625
7.970373
7.612713
-7.976416
7.938419
7.969773
-7.966937
-7.991108
7.978605
7.979281
-7.633504
-7.978051
7.985776
-7.976729
7.965179
-7.991891
7.979187
7.870116
-7.975586
7.862474
-7.999998
7.935487
7.961926
6.842972
-7.976500
7.935224
-7.961379
-3.494481
-7.944980
7.905325
-7.954098
-7.977636
7.836795
7.979181
-7.969868
-7.977596
-7.956184
7.954774
7.984348
7.890033
7.977426
-7.970003
7.981146
-7.979911
-7.917096
-3.655239
7.984966
7.973499
-4.746623
7.976346
-7.999865
-7.972375
-6.864382
-7.970345
7.969811
7.954927
-7.911273
7.965061
7.795965
-7.980664
7.947829
7.654563
0.387714
-7.926040
7.942392
-7.974600
7.963668
-7.957543
7.968327
-7.945167
-7.419581
7.521659
-7.653426
-7.766721
-7.947140
7.844234
-7.979471
7.930166
-7.856761
-7.986734
7.964534
-7.980268
-7.950521
-7.961337
-6.081512
-7.942342
-7.961549
7.973657
7.866984
-7.981325
7.975610
7.811266
7.663350
-7.482242
7.921483
7.978502
-7.978883
7.973917
-7.984695
7.970796
-7.972828
6.926857
-7.982751
7.952933
7.972232
-6.970928
-7.635115
7.976591
7.963288
-7.980375
7.947590
-7.979909
7.975466
-7.945729
-7.984652
7.963078
1.602642
0.986827
7.977409
-7.905374
7.982323
-7.944168
6.617319
6.507638
-7.754400
-7.980033
7.981588
-7.929419
-7.978881
-7.986872
-7.987073
-7.969706
-7.982093
7.966411
-7.417596
-7.944767
-7.937077
7.938246
-7.956668
-6.852592
3.288363
7.968939
6.838666
7.912764
7.972001
7.973635
-7.964052
-7.945896
-6.652290
-7.979204
-7.962463
-7.992040
-7.982553
-7.973995
6.141549
-7.921764
7.987646
-7.971639
-6.905644
7.982011
-7.959120
-7.923296
7.963190
-7.965024
5.491953
7.917455
7.961831
7.968546
7.981827
7.970871
7.914395
-7.982491
-7.698897
-7.992999
-7.981200
7.958885
-6.634386
7.978169
-7.972099
7.983307
7.952193
0.392484
7.968706
-7.980363
-7.875613
-7.978300
-7.984796
7.969608
7.954142
-7.894753
7.922058
-7.961636
-7.974489
7.964105
-7.970681
7.846990
7.983633
-7.992359
-7.975574
7.966771
7.978229
7.439584
-7.889095
-7.985276
7.961282
-7.948699
-7.974831
7.964680
-7.961321
7.979725
-7.572282
-6.508459
-7.979836
-0.332330
7.848230
7.975910
7.934693
-7.726178
-7.982371
7.987961
-7.604436
-7.953029
7.563424
-7.796310
7.921750
-7.969013
7.999998
-7.983869
-7.973603
-7.718864
-7.972131
7.464561
7.997245
2.121373
5.838918
5.661132
7.924246
7.970554
-7.969338
-7.990443
7.966386
-7.918779
7.977453
-7.967496
-7.966613
7.977083
7.976969
-7.922004
-7.935944
-5.593904
-7.955784
7.963723
-5.756081
-7.958556
-7.993241
-7.984078
-7.960612
7.889504
7.512745
7.961057
7.655435
5.216059
7.918292
-7.966575
7.985072
7.970306
5.827171
-7.953822
7.967897
-7.421073
-7.216989
7.956587
-7.964776
7.955955
-7.941052
-7.984938
-7.975730
-7.990292
-7.971519
-7.973125
7.964889
7.972936
5.758834
7.983228
7.977501
7.979689
-6.008970
-7.980796
-7.787607
7.146569
7.956592
-6.948969
7.984286
-7.934952
7.237500
-7.919852
-7.943275
-7.976666
3.713476
-7.947433
7.985209
-7.962889
2.391683
7.827429
0.884855
6.927827
7.899065
7.929746
-7.983352
-7.978201
-7.989009
-7.925574
-7.987253
2.952952
-7.999998
7.963130
7.946304
-7.854216
7.084561
-5.926302
-4.744315
-7.960213
-7.505106
-7.959501
-7.957497
7.556173
7.905565
-7.967431
7.974049
6.170235
7.979898
7.972373
7.170382
7.969171
7.999998
-7.852179
7.966923
7.947274
7.952364
7.955798
-7.908926
-7.961569
7.909253
-7.940549
7.990595
-7.468143
7.966088
-7.971286
-7.973582
-7.986532
-7.666782
7.834761
7.999998
-7.753001
-7.980894
-7.972529
4.040369
7.969019
-7.987389
-7.989297
-7.813076
-7.139165
-7.985812
7.985725
-7.964595
-7.982246
-7.979929
-7.958108
-7.830509
7.905555
-7.967029
-7.959790
-7.963264
3.326782
-7.931976
-0.419162
1.709099
-7.946115
-7.963939
-7.940221
7.970217
7.973468
7.969897
-7.912447
-7.670753
7.930557
-7.963613
7.672997
-7.968747
-7.956388
-7.991833
-7.965466
7.953818
5.099348
-7.990746
-7.949206
7.941631
-7.883249
-7.984753
7.962975
-7.980970
-7.981058
7.972484
-5.160321
7.936182
-7.922789
-7.984307
7.971009
7.899969
7.914671
-7.815671
-7.982620
7.974380
-7.905327
7.987884
7.974277
7.990593
-7.902634
-7.991022
-7.960506
7.940908
7.983917
-7.977988
-7.943442
7.862001
-7.990148
-7.953382
-7.947476
-7.974517
7.982462
-7.699991
-7.940705
4.321527
7.920250
7.985253
7.892072
-7.977631
7.971856
5.400310
6.707687
-7.980429
-7.885916
7.987869
7.643671
7.944891
-7.946183
7.959173
7.974299
7.936502
7.867445
-7.957614
-7.972780
7.974056
-7.605115
-7.945006
7.939342
7.982141
-7.955596
7.887187
-7.429648
7.757567
-6.777227
7.975216
-5.197025
-7.952127
7.486794
7.896684
-6.586053
-6.486843
-7.977588
7.957433
7.855821
7.959192
7.961136
7.977962
7.852772
7.780622
-7.966918
-7.973440
7.976477
-6.864938
7.847985
-7.968056
7.721781
-7.904711
7.488878
7.999960
-7.986552
-7.978935
-7.990317
7.886918
7.989533
-7.962882
-7.873723
-7.925726
4.659289
-7.985871
7.983627
-7.954320
-6.431332
7.982234
7.970524
7.979839
7.999998
-7.980331
-7.954121
-7.985980
-7.988242
-7.990637
7.920488
7.953792
7.989040
7.935058
7.952691
7.958760
7.968642
7.081922
7.965493
7.868411
7.880161
0.745962
7.944089
7.949957
-7.952694
-7.925734
-7.986031
-7.882677
-7.990259
-6.268580
7.967260
1.035124
-7.977967
-3.342378
-7.909786
-6.773900
-1.301588
-7.981019
-7.714033
7.970718
-7.935749
-7.965836
7.034649
-7.977589
-7.953934
-6.886171
-7.958677
-7.986128
-7.974689
7.985815
7.974203
7.986066
7.972565
7.966788
7.957287
7.967657
7.978415
-7.228045
-7.968318
7.573336
7.981963
7.909157
7.965728
-7.989052
1.740956
-7.982729
-7.928538
-7.851596
-7.914243
-5.782643
-7.916085
-7.980247
-7.895412
7.984356
7.966757
7.963172
7.983413
-7.942887
-7.973420
-7.942982
7.981027
7.981915
-7.982285
-7.811282
7.675339
-7.896909
7.922095
-7.941667
-7.877817
-7.965374
-7.992884
-7.547678
-7.976888
7.967875
-7.961439
7.977479
7.982370
7.949053
7.979163
-7.813165
-7.978339
-7.933820
-7.485776
-7.957305
-7.977139
7.963453
7.922196
7.984177
-5.790829
-7.961011
5.449938
-7.973819
7.971766
7.988835
7.964082
7.294130
7.981235
-7.867751
7.949181
7.983736
-7.988000
7.941013
7.960762
7.925205
-7.955105
-7.979555
-2.893729
7.985566
-7.999998
-7.979760
7.987697
2.313857
6.205983
7.860779
7.983309
-7.883773
-7.978086
-7.826933
3.212878
7.182789
-7.973498
-7.974870
-7.984196
7.883945
7.967307
7.930712
7.968790
-7.971307
7.754713
-7.953015
2.787198
7.980221
-0.945457
-7.981616
-7.977702
6.748013
-7.968663
-7.999998
7.978853
7.623487
7.971184
7.978049
-7.977396
7.986794
-7.980630
-7.984058
-7.972988
7.929369
-7.879164
4.670662
-7.983514
7.970410
7.589774
7.958733
7.934082
-7.970112
-7.892460
7.713376
-7.973358
-7.974814
-7.829404
7.999585
7.300121
-7.880897
6.669149
-7.978576
7.981140
-7.984866
-4.702145
-7.953307
-7.970648
7.976310
7.945091
-7.964864
-7.764678
7.920408
7.835709
-7.990096
-7.983691
-7.975974
-7.981175
7.985121
-7.899259
-7.974183
7.999998
7.921962
-7.940755
-7.987876
-7.974517
-7.520920
-0.282190
-7.963711
7.962196
7.973075
7.978290
7.864434
-7.982306
-7.972513
7.965841
-7.923894
-7.975235
7.957113
-7.979752
-7.982964
-7.965201
-7.976742
-7.058620
-7.980447
-7.968082
7.984011
7.954843
7.979076
-7.948491
-7.452040
-7.985830
-7.986153
7.904459
7.969464
7.939586
-7.990956
-7.915274
7.550169
-7.920330
5.892670
-7.949321
-7.983027
7.940296
7.956594
7.966640
-7.971416
7.287422
-7.967799
0.559866
-7.960260
7.977108
-7.984465
7.899697
7.958731
-3.718500
7.942844
-7.981312
7.980405
-7.982758
-7.973223
7.913587
7.966999
7.223609
-7.890176
7.988886
6.167265
-7.958278
-7.901784
-7.752551
-7.506053
7.977538
-7.969526
7.865523
7.966964
-7.913265
7.891591
-7.999987
-7.920861
-7.826151
6.745837
-7.966163
7.976601
7.957479
-7.987356
-7.986303
7.991808
-7.987444
7.125651
7.985162
-7.965934
3.673455
7.232821
-7.981962
7.910532
-7.925047
7.972558
-7.935871
7.955589
2.146949
-7.982083
-7.916088
7.970464
-7.980223
7.951411
7.940911
-7.986543
-7.866537
-7.999998
-7.962220
-3.064727
2.072637
-7.848591
-7.988281
-7.978721
0.749580
-7.988251
-7.985757
-7.969189
-7.704177
-7.954702
7.954726
7.993470
-7.978674
7.985763
-7.975828
-7.888598
-7.986910
-7.981463
-7.389806
-7.976312
-7.915017
-5.037450
7.975649
-7.962454
7.540340
7.954592
-7.958638
-7.922868
-7.924589
7.447075
-7.747143
-7.986848
7.929868
-7.679334
-6.621530
-7.980391
-7.984008
-7.821506
-7.918918
-7.978824
7.968156
7.959565
-7.957025
7.949904
6.909922
7.833093
7.938858
-7.928007
-7.830466
-7.890380
7.206260
-7.999998
7.978165
-7.981191
7.937583
-7.972192
7.874457
-7.989085
-7.976849
7.945398
7.979505
7.889200
-7.984043
-6.220368
-7.902722
-7.970282
7.970546
7.884411
7.533082
1.334309
-7.987728
-4.583943
6.715124
7.982927
-3.379378
5.162084
-7.957102
-7.989434
7.942519
7.899903
7.977330
-7.986074
-7.890858
-7.973619
7.983067
-7.988685
-7.984006
-7.960936
7.720031
7.956537
-7.964208
7.954860
7.981562
-7.964579
-7.961415
7.986045
-7.961900
-4.342386
7.966370
7.960608
7.930079
-7.943918
-7.963449
7.968667
-7.975228
7.975623
7.986204
7.969880
-7.940392
-3.700830
-7.469283
7.959495
7.989002
-7.881904
7.973723
7.909273
-7.973476
4.806048
-7.947563
-7.905445
-7.947729
-7.976113
-7.572596
-7.414075
-1.766597
7.979628
7.971523
7.989831
-7.988500
7.932056
-7.986188
-7.970535
7.965523
-7.985647
-7.972662
-7.944868
-7.891506
-7.984457
-7.999998
7.938391
7.932967
7.982041
7.937060
-7.976882
-7.815863
7.973082
7.985513
7.938396
-7.974317
7.983173
0.366002
-7.933455
7.980135
7.965251
7.972338
-7.970868
-7.986250
-7.943801
7.968570
-7.946969
7.965137
6.142325
7.925155
-7.821496
7.972540
-7.999998
-7.983125
-7.957788
-7.970498
7.989285
5.204299
-7.955077
7.978193
7.963700
7.707066
7.944976
7.961376
7.908949
4.665078
-7.876489
7.966870
7.973915
6.356730
7.827369
4.486368
-7.743253
-7.979014
7.969759
7.973924
7.977369
7.897580
-7.951206
-7.975093
7.974572
-7.922251
-7.919855
7.438719
7.691585
-7.956000
-7.961105
-7.991458
-7.641475
-7.986785
7.965586
-7.984796
-7.976794
-7.977931
-7.989171
7.979766
-7.240096
7.786194
4.719430
-7.984033
-7.737241
7.963876
7.966810
-7.939793
6.506205
7.919673
-7.943564
7.763471
-7.953814
1.713335
7.477742
-7.926933
7.952435
-7.978981
-7.999997
-7.413295
7.939255
-7.793786
-7.980250
7.948141
-7.940131
-7.987996
7.969431
7.936410
7.903738
-7.999998
-7.962991
7.830702
7.578938
7.849243
-7.971061
-7.926250
7.968613
-7.963510
-7.982351
-7.737568
7.963023
-7.984521
-7.929242
7.958881
7.972525
7.982044
-7.081793
7.992066
-7.969761
-2.042241
-7.646698
-7.834327
-7.968822
7.941437
-7.526956
6.948256
6.907943
7.982114
-7.951699
-7.880930
-7.934783
7.838717
7.974787
7.967619
-7.977763
7.974557
7.985550
-7.926396
7.955903
-7.848082
-7.958944
7.980680
-7.978068
-7.999997
7.974635
-6.209712
7.929549
7.984468
-7.955403
7.979565
7.835597
7.991584
7.922255
-7.982659
7.979662
-7.999998
7.950710
-3.725991
-7.967185
-7.753294
7.966586
-7.938501
7.991119
-7.979313
7.958180
-7.982274
7.983757
7.920348
-7.912811
-7.395448
7.954439
7.985288
-7.961938
6.470031
7.976628
7.987179
-7.981111
-7.983108
-7.923280
7.979237
-7.999998
-6.903261
-7.983425
-7.960214
7.988482
7.982893
7.975755
-3.315054
-7.822037
7.991203
-7.945811
0.369401
-7.982511
7.084100
7.938039
-7.999149
7.973467
-7.973008
7.922128
7.332084
7.442711
7.812647
-7.977796
7.907075
7.860113
7.936362
-7.939092
7.975464
0.807968
-7.887762
7.908708
-7.987667
-7.130223
7.779825
7.972998
-7.989896
7.976173
-7.928643
-7.991038
7.965349
5.062629
7.999998
7.978444
7.951579
-7.973171
-7.999998
7.769626
7.927121
-7.947058
-7.981494
-7.934724
5.962876
-7.791352
7.981117
7.981788
-7.971501
7.982524
-7.976789
7.988570
-7.982301
7.943881
7.975097
7.976495
7.942280
7.976596
7.974000
-7.981965
7.969144
7.979593
7.970557
5.856486
-7.976204
-7.140948
7.698578
7.879210
7.574012
4.904113
-7.971926
-7.952054
2.448537
6.652834
-7.940638
-7.991802
-7.074082
-7.985306
-7.922727
-7.970185
-7.980901
7.862995
7.844234
-7.976420
6.742414
7.964660
7.945730
7.962915
-7.985592
7.847806
7.958649
7.876810
-7.958056
7.950080
7.919942
-7.952698
7.858595
-7.984677
-7.302047
-7.978958
-7.986162
-7.958061
-7.974533
-7.971315
7.952395
7.962493
-7.987829
-0.815645
7.980157
-7.959088
6.946259
7.974269
-7.963270
7.981277
-7.992458
-7.976896
-7.891423
-7.969932
7.863922
7.913039
-4.778492
-7.985351
1.577999
-7.662325
-7.955165
-7.815051
-7.974369
7.943042
-7.929585
5.978057
-7.914609
7.972866
-7.974165
7.981318
7.976628
-7.438117
-7.988161
7.961213
-7.949822
7.957711
-7.961015
-7.976237
-7.875271
-7.959600
1.511735
-7.962853
7.961826
7.731399
7.964323
7.876404
-7.972500
7.946200
-7.925353
-2.222612
7.974539
-7.950175
7.986302
7.984671
-7.987815
-7.944481
-7.974583
-7.673062
-7.993957
-7.981433
-7.904742
-7.943269
-0.858605
7.780499
7.363466
-7.974426
-7.946953
-7.990399
7.968826
7.966424
-7.914045
7.970927
7.926196
-7.974779
-7.713359
0.765469
7.959877
7.951178
-7.394751
-7.895933
-7.999998
-7.976086
-7.954227
7.516774
7.960306
-7.969862
7.927337
7.963777
-7.964639
7.808835
6.544903
7.953330
7.974666
-7.951489
-7.974959
7.979868
7.874328
7.999998
7.841280
6.978677
3.416325
7.976497
5.783070
7.966177
7.755281
-7.884543
7.944721
7.865460
-7.057333
7.919691
7.973056
-7.985536
-7.958258
-7.838311
-7.970056
7.822259
-7.936421
-7.985930
7.948337
-7.983237
-7.986188
1.461710
5.369718
7.719728
-7.986089
-7.978022
7.976841
-7.977989
1.030972
7.975877
7.952607
7.954323
-7.986170
-6.178307
7.773256
7.528983
-7.974556
-7.981797
-6.644158
7.836699
-7.669585
-7.973266
7.978716
-7.905792
-2.204038
7.976010
7.970289
5.131609
7.955830
-7.952260
7.944753
6.536137
-7.964187
-7.981833
7.978576
-7.978520
-7.984658
7.892131
7.966343
-7.979902
-7.785005
7.918960
7.976259
-7.969192
-7.973831
7.775395
7.991331
-7.974540
-7.988479
-6.360222
7.986451
-6.906880
4.615096
7.980250
7.954243
7.962433
7.215792
7.257492
-7.980377
-7.999996
-7.892098
7.972326
-5.315504
-7.991549
-7.556308
-7.965862
-7.964325
7.958067
-7.940960
7.981905
2.678354
-7.982483
7.978689
-7.954616
-7.986708
-7.974244
7.656838
7.838905
-7.979172
-7.956760
7.931933
-7.968913
7.955351
-7.960202
7.956887
-7.981189
7.975071
-7.932513
6.099301
7.989220
-7.984587
7.937160
-7.871364
7.861640
-7.973613
7.986466
-7.977815
-7.564448
7.975396
-7.983827
-7.888318
7.970969
7.987137
-7.959241
7.929776
7.950643
7.938694
-7.990630
-7.972034
-7.939211
-7.009955
5.980339
-7.955353
7.982621
7.970663
7.990735
7.789589
7.935959
7.825106
7.961875
-5.352432
7.954536
-7.966352
-7.991081
5.938431
-7.972294
7.945945
-7.972543
-7.970750
7.931678
-7.190172
-7.775662
-7.973138
-7.569033
-7.975983
-7.979034
-6.119804
7.969723
7.916707
-7.811800
-7.974323
-7.952148
-7.968948
7.987373
7.903224
-7.983528
-7.152811
-7.985947
7.989813
6.903568
-7.817373
-7.980961
7.929551
-7.958523
-7.972007
2.049999
-7.979032
-7.983135
-7.974684
-7.958997
-6.060617
-7.960252
-7.915085
7.257435
7.895945
-2.935284
-7.941818
-7.972625
-7.970185
7.912552
-7.988304
-7.973212
-7.906672
7.977649
-7.915369
7.990958
-7.437993
-7.962471
-7.969857
-7.914942
-7.988602
7.978694
7.881788
-7.945362
-7.977104
7.887882
7.981083
2.763189
7.973965
7.973170
-6.076446
-7.953485
-7.959054
7.865350
7.621283
7.938699
-7.621159
7.852196
-7.961574
7.230552
7.667445
-5.959807
-6.763804
-7.650121
0.378888
7.949084
7.981129
-7.353909
-7.967188
-7.966911
-7.953819
7.961138
-7.983331
7.267372
-7.957697
7.987152
7.947325
7.983434
-5.808236
7.924727
-7.968471
7.934607
-7.938513
7.985188
7.975964
-7.977945
-7.930940
-7.982467
7.506457
-7.980761
-7.977134
-7.799358
-7.975280
-7.983838
-7.981167
-3.777196
7.967167
7.933420
7.967689
-7.952848
7.971380
7.916241
-7.977363
6.622911
7.966327
-7.971052
-7.488640
-7.741676
-6.425500
7.965828
7.966745
-7.634051
-7.984585
3.797987
7.973045
-7.990181
-7.972006
-7.958624
7.971721
-7.972578
-7.967311
-7.967220
-7.881787
-7.999474
-7.981781
7.966087
-7.873948
-7.911439
-7.835941
7.260501
-7.987775
-7.874722
7.988178
7.830361
5.799389
7.964044
7.223713
-6.960595
-7.895836
7.932862
7.931590
7.975609
7.984130
-7.989555
7.967122
7.256019
7.947629
7.984181
-7.990790
-7.938092
-7.977586
-7.869027
-7.982514
-7.978319
-7.980859
-7.377416
7.078188
-7.708318
-6.888056
3.157898
7.978495
7.075028
-7.969859
7.897485
-7.968820
-7.982807
7.957232
7.987368
-7.972947
-7.777314
-7.989722
7.084867
-7.928318
-7.983473
7.974339
7.947342
7.959132
7.965282
7.962258
-7.979294
-7.966367
7.184041
-7.661098
7.939878
-7.959660
7.988567
-7.969536
-7.969159
7.509767
7.949128
-7.914934
7.578875
-7.999998
-7.990953
5.036869
-7.400758
7.976839
-7.982409
-7.920810
-7.887171
7.975876
-7.915032
7.844788
7.969673
-7.970702
7.946150
-7.981375
-7.778923
-7.901232
-7.965163
7.810159
-7.200803
7.972118
7.985194
2.897893
7.963368
-7.948687
7.936431
-7.216906
7.842373
7.981385
7.988009
-7.819984
7.975773
-7.944504
7.968330
-7.847807
7.980703
7.771213
-6.828500
-7.980944
-7.981676
-7.975106
-7.963801
-7.979143
7.951912
6.712897
7.472075
7.986119
-7.978130
-7.776079
-7.952290
7.723398
4.578798
-7.761323
7.949357
7.989979
-7.990465
7.722024
6.902567
-7.973014
-7.983740
-7.989834
7.973842
-7.951234
7.936342
7.968186
-7.923908
-7.971021
7.970011
7.954739
6.645494
7.942942
-7.980276
-7.981135
-7.444697
-7.960889
-7.352131
-7.988467
7.974574
-7.999998
7.937984
-7.999996
7.987133
7.982261
7.999941
7.820792
7.969996
7.965461
-7.812407
-7.799426
-7.878486
7.981764
-7.962170
-7.948830
7.983998
-7.871808
0.896606
7.965444
-7.860776
-7.963069
7.984310
7.972427
-7.971015
7.863487
7.972556
-7.951666
-7.901094
-7.978011
-7.951128
-7.949890
7.938170
7.917761
-7.756485
7.907980
7.931595
-7.970689
7.985516
7.965685
-7.932166
7.826248
7.880592
-7.508157
7.940493
6.049879
6.340010
-7.954651
7.183999
7.956718
-7.279672
7.937108
7.976067
7.962535
7.982694
7.683446
7.936243
7.970297
-5.618555
7.960934
1.683952
7.983682
7.943644
7.890939
7.981751
-7.965297
7.949585
-7.973745
7.953341
7.987694
6.998475
7.905230
-7.962562
-7.993300
-7.983414
-7.966533
7.904411
7.361310
-7.968273
7.419773
7.981045
7.956430
-7.954495
7.922624
7.700171
7.983340
-7.982953
-7.664631
7.979290
7.989413
-7.542920
7.930500
-7.955076
7.984168
-7.982410
-7.921225
7.973682
6.376879
-7.882764
7.942322
-7.407832
-7.960564
7.996118
-7.932289
-7.956037
7.739337
7.930759
7.967385
-7.955504
-7.945637
7.918307
-7.972458
7.901533
7.888717
-7.982887
7.976548
-7.940137
-7.903181
7.979879
7.985951
-7.966128
-7.992596
-7.891350
-7.991364
7.915590
-7.987642
-2.022882
7.569016
-7.958595
7.937645
7.983549
7.926757
7.729713
7.969936
7.980432
-7.986306
-7.955353
-7.244248
-7.972767
-7.990435
-7.976690
-7.951326
7.951148
7.656157
-7.977179
4.020057
7.987041
7.952940
7.976092
7.913198
-5.592979
7.930007
7.960925
7.178848
-7.991069
-7.721386
3.076317
-7.982084
7.928342
-7.984622
7.999949
-7.538455
-7.976098
7.980493
-7.943308
7.970740
-7.992653
7.836041
7.954060
7.653635
-7.668780
-7.958547
7.973626
7.912124
4.249480
-7.416819
7.977188
-7.980482
7.958210
-7.992402
-7.984104
-7.978556
-7.977069
7.954777
7.896816
-7.966362
7.656739
-7.999998
-7.985849
7.651700
-7.939658
7.965396
7.952868
7.963775
-5.797335
7.956578
7.937378
3.861211
7.849181
7.918610
-7.981119
7.695994
6.651004
-7.990850
-7.977766
-7.989222
7.934405
7.950486
-7.984994
7.951911
-7.973629
-7.941415
7.971634
-2.681199
-7.999997
-7.931723
7.982289
7.948554
-7.506309
-7.291006
-7.958070
-7.949232
-7.527257
7.999997
7.947643
7.981056
7.985907
7.946395
7.989543
3.499744
7.976952
7.641590
-7.949797
7.957901
-7.927559
7.978236
7.372549
7.661308
-7.984201
7.953339
0.080179
-7.949057
-7.942742
7.877995
7.966024
-7.977218
7.964729
7.976097
-7.982235
-7.973077
7.975124
7.964639
-7.698913
-7.892244
-7.968299
-7.932298
-7.902506
7.787764
-7.965596
-7.960734
7.974884
-7.952816
-7.847361
-7.238907
-5.081198
-7.952358
-0.085230
-7.977446
-7.903210
-7.969797
7.960403
-7.946077
7.986136
-7.874449
7.732991
-7.950326
-7.851509
-7.983394
-7.989103
-7.972674
7.924418
-7.714729
7.961602
-7.939124
7.976417
7.963310
-7.972472
-7.943630
7.963906
7.989437
-7.987899
5.928012
3.789122
-7.980837
-7.989976
7.935496
7.894629
-7.990063
7.970326
7.989995
5.244260
7.977347
7.962236
-7.636200
7.975241
7.761216
7.951104
-7.976462
-7.921595
7.999997
7.340029
-7.948674
-7.999998
-6.793952
-7.973563
7.992430
-7.958645
7.976356
-7.960817
-7.973654
7.976575
0.176508
-7.334935
-7.624491
-7.924968
-7.858760
7.999998
7.960211
-7.931804
-7.973082
-7.957881
7.858547
-4.467256
-7.980529
7.986091
-7.903748
-7.977269
-4.895486
7.978606
-7.953086
-7.966121
-7.920118
7.990066
-7.987637
-7.977941
7.709313
5.524448
-7.927710
-7.991698
7.890393
-7.317279
7.902877
-7.959899
7.978398
7.893967
-7.959310
-6.576386
-7.962490
-7.985694
7.959470
-7.964346
7.914143
-7.973918
7.979220
-7.983452
7.982997
-7.977105
-0.045775
1.505019
-7.961627
7.978952
-7.920136
-7.988251
7.952638
-7.693961
7.893377
-6.241059
7.943923
-7.954731
7.890349
-7.954395
-7.667683
7.969605
7.959292
7.818151
7.889366
7.919389
7.980215
-7.931829
-7.991572
7.981493
-7.873353
7.930123
-7.965186
-7.951995
7.970686
-7.948960
-7.981133
7.948461
4.522151
-7.966553
7.903535
7.973660
7.815178
7.506419
-7.905528
-7.972145
7.974093
-7.980449
7.943583
-7.761642
-7.914489
-7.973990
-7.970258
6.360096
5.542763
-7.969457
-7.910769
5.074656
-7.975608
-7.969343
-7.931370
-7.981029
7.992301
-7.983535
7.979626
-7.951781
-7.972008
-7.975056
-7.999725
-7.934348
-7.827942
7.527043
-7.972348
7.172674
-7.957649
7.976078
-7.989284
-6.480741
7.257436
7.965734
-7.850678
-7.984825
7.978564
7.913332
7.941076
7.948352
7.972574
-7.961373
-7.953614
-7.908409
-7.813034
7.967587
7.983617
-7.982083
-7.948419
7.949379
7.885691
7.975226
7.894157
-7.981782
-0.019496
7.875230
-7.985719
-7.966648
7.707194
-7.937493
-7.973343
7.948910
-7.988096
7.979158
-7.979746
7.673112
-7.983644
7.987436
-7.973083
-7.971623
-7.982843
-7.992852
7.924513
-7.879541
-7.990462
-7.979706
7.975864
-7.977113
7.611915
-7.986731
7.970606
-7.946623
7.891087
7.332813
-7.983374
7.976629
-7.975779
-7.976038
7.981987
-7.983155
-7.971760
7.942796
0.470407
7.979221
-7.971584
-7.985163
-7.984223
-7.934746
-7.967910
7.974102
-7.626111
7.979164
-7.986448
-7.948095
2.850691
7.890336
-7.955968
-7.882392
-7.984309
-7.983847
6.281702
-7.956310
7.966537
-7.986847
7.894006
-7.964439
-7.985544
7.931689
-6.334232
7.930178
-7.985895
-7.776654
7.958813
7.999997
7.972300
-7.968524
7.885869
3.796936
1.720122
7.905178
7.920287
-6.410989
7.962967
-2.868750
7.982255
7.984733
-7.977919
-0.390510
6.286957
-7.973234
7.978000
-7.861920
-7.961218
7.845948
-7.979942
7.976031
7.975090
7.893640
7.967330
-7.980182
7.904543
-7.985722
-7.999998
7.982018
7.912003
7.821542
-7.987902
6.858020
-7.976971
-7.990313
7.973520
7.978945
-7.999940
-1.877473
-7.967391
7.897664
-7.970335
-7.979860
7.979168
7.985703
-4.482922
7.961056
7.948235
-7.983052
7.940587
-7.941327
7.981966
-7.870134
0.801013
-0.259554
7.980151
7.523371
-7.931288
-7.992077
-7.914012
7.986326
7.929815
-7.986304
7.159203
7.721989
-7.985629
7.883917
-7.980867
-7.980628
-7.928304
7.958634
7.971965
-7.591342
-7.978143
7.900756
7.950737
-7.765789
7.960430
7.975932
-7.981324
7.928534
-7.972758
-6.004158
-7.975945
-7.964904
7.963982
-7.974688
-7.919419
7.960873
3.313517
7.977208
-7.938403
-6.933231
-7.651079
-7.971444
7.891912
-7.886305
-7.954021
7.976218
7.983206
-7.978548
-2.309324
-7.963646
-7.869494
7.975144
-7.969819
-7.954410
-7.930822
5.265320
-7.887378
-7.946986
-7.975301
7.954853
7.912916
-7.462566
-7.977314
-6.998706
7.990478
7.322138
-7.979411
7.960144
7.685526
-7.169418
-7.979204
-7.968816
-7.993514
7.987508
-7.977120
-7.724869
7.936616
7.941426
7.965291
-7.931246
-7.986021
7.860552
-7.967299
-7.919198
7.969726
7.969763
-7.907162
-7.971536
-7.991161
-7.810147
-7.979535
7.986267
-7.880200
7.881772
7.974796
7.985162
7.817872
7.978884
-7.947026
-7.931524
7.975248
7.939436
-7.871938
7.872529
7.977318
7.974214
7.909415
7.979940
7.895338
7.946404
-7.971545
-7.906287
6.931110
7.999998
-5.535125
-7.720634
-6.697292
-6.880077
-7.973075
7.676719
7.968716
7.976266
7.833181
7.975662
-7.902828
7.967924
6.048590
3.119844
7.980364
-7.975762
-7.644401
7.939970
7.933530
-7.972272
-7.955895
-7.957875
-7.980825
-7.830913
7.980149
-7.948118
7.999998
7.972505
-7.968348
-7.849175
7.941908
-7.977725
-7.956922
-7.977560
-7.971352
4.144463
-7.844804
7.987469
7.805609
7.966752
7.974600
-7.989189
-7.930510
7.984259
-7.970963
7.843815
7.824630
7.918716
7.987577
-7.952725
-7.858429
3.661489
1.939813
-5.275962
-7.975256
7.988670
-7.964300
7.628031
-7.987568
-7.913889
-7.878383
7.945932
-7.984031
-6.405741
7.981084
7.800085
7.946655
7.975754
-7.365118
-7.966966
7.982787
7.985902
-7.095482
-7.991855
-7.971733
7.924706
-7.967290
7.974244
-7.964147
7.952019
-7.770226
7.881111
7.892646
-7.870861
-7.951513
-7.981730
-7.961102
7.904471
-7.971936
-7.964130
-7.883932
-7.978113
-7.166294
-7.986791
7.973527
-7.967817
7.970551
-7.985397
7.899241
-7.864140
-7.928512
-7.975211
7.969814
-7.276607
7.934703
-7.939401
-7.980814
7.965781
7.963249
-6.299419
-7.969766
-7.966578
-6.500092
7.971390
-0.575299
7.968089
-7.988040
7.993057
-5.814871
-6.965516
7.965492
7.956659
-7.989207
-7.962685
-7.958637
7.895019
7.912953
-7.978063
-7.968566
4.339490
7.987451
7.975606
7.990358
-7.953819
7.968396
-7.983716
7.328262
-7.967807
4.776326
7.437544
7.943613
7.983118
0.634293
7.793908
7.808850
-3.489889
7.973353
-7.946707
7.959163
-4.621289
7.518212
-7.965511
-6.384987
7.873766
-7.968520
-7.018319
7.962590
7.966586
7.991174
-7.993715
7.978338
-7.939151
-7.991630
-7.969522
7.940414
5.641959
-3.842960
7.926590
-7.963603
-7.999998
-7.980298
-7.101648
7.971537
7.811499
-7.925072
7.982661
-7.985059
7.977185
7.922894
-7.916346
-7.893074
-7.930964
-7.942720
-7.972653
-3.218578
-7.982179
7.971125
-7.975309
7.928584
-7.986787
7.982319
7.999998
-7.907560
7.962879
7.900147
7.968220
7.979666
-7.893519
-7.733182
-7.942352
-7.792255
7.947293
7.312724
7.944252
7.522556
7.948741
-7.978443
7.975987
7.909561
-7.976695
7.770043
7.971025
7.923432
-7.875628
-7.999998
-7.959946
7.971607
7.866658
-7.671817
7.937562
-5.741606
4.218879
-7.978106
-7.986726
7.857158
7.955626
-7.930038
7.999998
-7.970894
-6.864858
7.973595
-6.730771
-7.977865
-7.974082
7.967372
-7.936639
-6.844240
-7.877099
-7.974152
-7.533156
-7.971921
-7.913569
-7.950540
-7.912326
5.664784
7.976677
-7.955249
-7.974347
7.999997
7.917628
-7.986704
6.140322
7.436788
-7.979248
7.989232
7.894739
-7.984264
7.214799
7.989425
7.840137
-1.075425
2.190294
-7.898921
-7.988735
-7.968826
7.960648
7.954568
-7.965116
-7.962923
7.962800
7.999996
7.858333
-7.986270
-7.986243
7.983905
-7.530335
7.957699
7.945489
7.991641
-7.993106
7.582605
-7.972890
7.976237
-7.985098
-7.967935
7.963382
7.949589
-7.886347
-3.644684
7.961143
-2.042950
-7.981075
7.930026
-7.993612
-7.973859
-7.927247
-7.976974
7.839330
7.979168
7.974009
7.935247
-7.966614
-7.974567
7.977545
7.999998
7.944974
-7.977561
7.965201
7.974172
7.940249
-7.899515
7.803928
7.908762
-7.973939
-7.856702
7.981328
7.957989
-7.960487
-7.009902
7.900749
7.984141
-7.943853
-7.978170
7.943880
7.950955
7.970644
7.969912
2.186604
-7.961270
7.614757
7.510344
7.973551
-7.972349
7.954030
7.987064
7.975280
7.985266
-7.978748
-7.981715
7.986519
-1.227830
7.949228
-7.611988
7.510574
7.942441
-7.999996
-7.976295
7.647769
-7.991481
-7.973531
-7.972027
7.981049
-7.770009
7.881683
7.969341
7.949710
-7.999144
7.223304
-7.984720
-7.992248
-7.975488
-7.999998
-7.975931
7.447482
-7.913600
-7.919361
7.854358
-7.972754
7.982503
7.967639
7.821138
5.753343
-7.975261
7.968391
-7.949944
5.122326
7.960805
7.619302
-7.959297
5.321469
7.923445
6.553054
-7.999931
7.988097
-7.986849
7.902111
-7.879293
-7.903282
-7.974558
-7.944391
-7.975689
-7.861457
-7.984037
-6.164623
7.972850
-5.833605
-7.751055
0.109382
7.971115
-7.979163
7.989809
-7.970269
7.895801
-7.979096
-7.975228
-7.988638
7.874337
-7.876506
-7.978520
-5.870599
-7.955386
7.979523
7.863745
7.976861
-7.979145
-7.928176
-7.866952
7.999969
-7.962349
-7.999998
7.899319
-7.968692
7.964300
-7.921376
-7.848197
-7.984599
2.310948
7.968226
7.575286
7.967089
7.239153
-7.966708
7.870643
-7.702132
7.972760
7.974133
4.857947
-7.955872
7.990713
7.941297
3.882946
-7.967609
-0.610018
-7.989738
-7.811734
-7.982965
-7.966007
-7.981447
7.973669
7.354544
-7.845311
7.985260
-7.984846
-7.955216
7.950974
-7.977112
-7.948016
7.901081
-1.573658
-7.838837
-7.771236
7.956713
-7.963078
7.961534
7.987777
-7.505736
-7.959420
-7.975171
-7.989428
7.980783
-7.816061
7.751526
-7.966497
7.668756
-7.979280
-7.982580
-7.937392
7.958492
-7.947545
7.966877
-7.949332
-7.986206
-7.954709
7.960554
7.990424
7.963577
7.990131
7.972302
7.980161
-7.886694
7.954635
7.999998
-7.972403
-7.079196
-7.987391
2.920202
7.202251
-7.987588
7.984623
-7.970012
7.999998
7.972949
-7.972950
4.106058
-7.935124
3.338913
-7.962288
-7.887836
-7.988921
-7.979747
7.851601
-7.958957
-7.977285
7.939888
-7.978391
7.902588
-7.982247
7.963792
-7.967798
-7.916744
7.966036
-4.718648
7.908459
-7.975589
7.967161
7.948606
7.507299
-7.923906
-7.983177
7.827192
-7.977198
7.961364
-7.961595
-7.959253
7.914040
-7.285398
7.769545
-7.898254
7.984933
7.969601
-7.987768
7.957839
7.976240
-7.985335
7.985284
-7.924707
2.796383
-1.457413
-7.816535
-7.988304
7.974904
7.968321
-7.974735
-7.940937
-7.953534
-7.696482
-7.581781
7.999992
-7.989682
7.982907
7.962286
7.990033
7.970583
-7.919007
-7.972795
7.999998
-7.991359
-7.949684
7.980409
-7.987802
7.958209
7.967343
-7.999998
7.968105
-7.973446
7.977645
7.935994
-7.975155
-7.551882
5.566801
7.888592
7.767274
-7.173368
-7.969197
-7.985712
7.947171
-7.990202
-7.952033
-7.829889
7.886234
-4.881554
7.979110
7.919713
6.822392
-7.977817
-7.970047
-6.231891
-7.972757
7.855996
7.978396
5.196353
-3.214555
7.982289
-7.949279
-7.951374
-7.982966
7.980201
-7.999998
7.931598
-7.984972
-7.999991
7.861032
7.701128
7.669504
-7.958832
-7.969368
7.978337
7.963484
-7.879290
7.818307
-7.986447
-7.960987
-7.966854
7.960423
-7.975186
7.964374
7.974007
-7.695138
7.967253
-7.978753
1.077931
7.821967
-7.979101
-7.989048
-7.969718
0.003732
-5.594640
-7.503677
-7.993500
-7.676278
-7.957589
-7.930844
-7.977222
-7.948644
7.999998
2.808076
7.965091
-4.678794
-7.935088
-0.781992
-7.973915
4.072807
-7.976746
-7.739813
-7.970017
7.970468
-5.715984
-7.969482
7.943673
4.654456
-5.053613
7.988033
7.920522
7.959508
-7.749557
-7.944475
7.959903
-7.913681
-5.953190
7.973697
7.758226
7.901070
7.987627
-7.961418
-7.982645
7.722239
7.984834
2.273674
-7.117744
7.838862
-7.963385
7.975356
-7.774889
7.963933
-7.961185
7.982432
7.967032
-7.928439
4.746469
7.904837
-7.453170
-7.988484
-7.983616
-7.891845
-7.975024
7.964575
7.724256
7.988982
5.935844
-7.955273
7.972061
-7.546643
-1.272745
7.973337
-7.973774
7.999998
7.953683
-7.981901
-7.971942
-7.436774
-7.695785
-7.044410
-7.982233
7.945414
7.972712
-7.952996
7.978777
-7.480449
7.844141
-7.985155
5.840780
-7.917933
-7.988900
7.942910
7.800047
7.930164
6.970898
-7.969307
-7.983491
-6.583466
7.935001
7.953768
-7.979112
-7.237669
0.015971
-7.851548
-7.969444
3.323949
-7.975289
7.984007
-7.885947
-7.856111
-7.980045
-7.955364
-7.919429
6.889540
7.518982
7.953396
-2.849756
7.967485
7.976515
-1.351344
-7.976761
6.156602
-7.983411
7.509234
7.967309
-7.983363
-4.880529
7.978161
-7.970428
7.937653
-7.977905
-7.967130
-7.971969
-7.984843
7.965891
-7.974690
-7.937321
7.977347
7.499582
7.977888
7.987642
-7.974670
-7.986916
-7.981329
-7.308992
-7.987497
-7.985774
7.964299
5.368953
7.922486
-7.956909
7.952526
-6.072012
7.978132
1.761597
-7.985927
-7.976396
-7.975556
-7.943212
2.114026
7.916119
-7.976389
-7.938538
7.960626
7.922374
-7.972186
0.745490
7.954724
-7.969489
-7.778260
7.999998
-7.931950
7.910326
-7.990666
-7.965989
7.933967
7.879981
-7.946158
-7.972881
7.628680
-7.746366
-7.999852
7.852447
7.983206
-7.962376
-7.867985
-7.985691
7.973639
-7.981575
7.966407
-7.248733
7.963496
7.955992
7.981050
-7.981942
-7.775499
-7.845150
7.967161
7.976759
7.933275
5.752183
7.941635
-6.532822
-7.976322
-7.983618
7.973724
7.976317
-7.984536
-7.873614
-7.470217
-7.391807
7.976779
-7.963088
-7.975788
-7.974580
-7.986133
-7.988692
7.969459
-7.650129
7.947361
7.932553
-7.474472
7.666296
7.961030
-7.977843
-6.572705
7.902933
-7.884118
7.815134
-7.922711
-7.899364
7.944021
-7.986014
-7.851577
7.984328
-7.857437
7.972708
7.904550
7.952210
-4.303374
-0.646270
-7.939497
-7.953026
-7.806207
7.016337
7.219153
7.973705
7.999998
-7.822184
-2.821488
7.944468
7.964637
7.963623
6.788075
7.982216
7.915886
-7.663138
7.603047
