4.444000	50	0.100000	ARCHIVOS_REDES\ER\ER_770.txt
-9.903631	0.946909
-9.999935
-9.999253
-10.000000
-9.999991
-9.996314
-9.999052
-9.999994
-9.996529
-9.998251
-10.000000
-9.999647
-9.999035
-9.999997
-9.997797
-10.000000
-9.994420
-9.989744
-10.000000
-9.140855
-10.000000
-9.979271
-9.999838
-10.000000
-9.995536
-9.999595
-9.999999
-0.000000
-10.000000
-9.996405
-9.999999
-9.998480
-10.000000
-9.998543
-9.996800
-10.000000
-9.997936
-9.999899
-9.998289
-9.999962
-10.000000
-10.000000
-9.999990
-9.999985
-10.000000
-9.999436
-9.999928
-10.000000
-10.000000
-9.997235
-10.000000
-9.999999
-10.000000
-9.999982
-10.000000
-10.000000
-9.999898
-9.999996
-10.000000
-10.000000
-10.000000
-9.999367
-9.999997
-9.999616
-10.000000
-9.999969
-9.979974
-9.994012
-9.998721
-10.000000
-9.997950
-10.000000
-9.981360
-10.000000
-9.999924
-9.990427
-10.000000
-10.000000
-9.996195
-9.999897
-10.000000
-9.999806
-9.999996
-8.296937
-9.999996
-9.999983
-9.999620
-9.998847
-10.000000
-9.999998
-9.998805
-9.993964
-9.972079
-9.999990
-9.999643
-10.000000
-9.997956
-9.993726
-9.999486
-9.988588
-10.000000
-9.999967
-9.999817
-9.998981
-9.999951
0.000000
-10.000000
-9.996634
-10.000000
-9.994715
-9.977006
-9.999948
-9.999994
-9.999988
-10.000000
-9.999943
-9.998887
-9.999987
-10.000000
-9.999999
-9.999989
-9.999847
-10.000000
-9.999975
-9.998295
-9.999645
-10.000000
-10.000000
-9.975015
-9.991442
-9.999949
-10.000000
-9.997722
-10.000000
-9.996635
-10.000000
-9.997700
-9.999586
-9.994736
-9.996570
-9.999997
-10.000000
-10.000000
-10.000000
-10.000000
-10.000000
-10.000000
-9.999564
-10.000000
-10.000000
-9.999993
-10.000000
-9.999954
-10.000000
-10.000000
-9.999967
-9.999887
-9.999984
-9.999611
-9.998928
-10.000000
-10.000000
-9.994971
-10.000000
-9.991669
-9.978955
-9.998321
-10.000000
-10.000000
-10.000000
-9.998741
-10.000000
-9.999725
-9.999996
-10.000000
-9.998883
-9.999193
-10.000000
-10.000000
-9.976258
-10.000000
-9.999999
-9.999992
-9.999976
-9.997324
-9.999955
-9.995092
-9.996465
-9.995792
-9.990183
-9.999936
-9.999980
-10.000000
-9.999998
-9.999431
-9.999473
-10.000000
-9.999993
-9.990483
-10.000000
-10.000000
-9.999805
-9.999803
-9.994960
-9.995985
-9.999455
-9.997832
-9.999989
-10.000000
-9.999365
-9.996895
-9.999431
-9.999813
-10.000000
-9.999804
-9.998255
-9.999996
-9.996599
-9.999445
-9.998143
-10.000000
-10.000000
-10.000000
-9.999992
-9.999505
-9.998877
-9.999997
-9.996551
-9.992366
-10.000000
-10.000000
-10.000000
-10.000000
-9.984502
-10.000000
-10.000000
-9.999869
-9.999996
-9.999946
-10.000000
-9.999999
-9.998479
-10.000000
-9.999884
-10.000000
-9.999858
-9.999497
-9.999986
-10.000000
-9.999601
-9.999995
-10.000000
-9.972843
-10.000000
-10.000000
-9.998251
-10.000000
-10.000000
-10.000000
-10.000000
-9.999228
-10.000000
-9.999291
-9.999841
-10.000000
-9.999999
-10.000000
-9.997710
-9.999988
-10.000000
-9.998787
-9.999705
-10.000000
-9.999627
-10.000000
-9.998468
-10.000000
-10.000000
-9.999998
-9.999514
-9.999993
-10.000000
-9.997884
-0.000000
-10.000000
-10.000000
-9.999991
-10.000000
-10.000000
-10.000000
-10.000000
-10.000000
-10.000000
-10.000000
-9.986252
-9.997267
-10.000000
-10.000000
-9.999989
-9.999990
-9.999988
-9.994607
-9.999996
-9.999883
-9.998481
-10.000000
-9.999250
-9.999935
-10.000000
-9.999998
-10.000000
-9.999734
-9.999999
-10.000000
-9.999999
-10.000000
-10.000000
-9.999996
-9.999676
-10.000000
-9.998845
-9.999865
-9.999999
-9.999181
-9.999978
-9.998805
-10.000000
-9.999999
-9.999908
-10.000000
-10.000000
-10.000000
-10.000000
-9.999970
-9.999645
-9.999943
-10.000000
-10.000000
-10.000000
-10.000000
-9.998715
-10.000000
-9.999999
-10.000000
-10.000000
-9.998594
-10.000000
-10.000000
-9.999999
-9.999999
-10.000000
-10.000000
-10.000000
-9.999744
-9.999989
-10.000000
-9.999651
-9.999649
-10.000000
-10.000000
-9.999999
-10.000000
-10.000000
-9.997993
-10.000000
-10.000000
-9.995834
-9.999768
-9.999997
-10.000000
-10.000000
-9.999155
-9.999987
-9.999839
-10.000000
-9.996483
-9.999996
-9.931734
-9.999945
-9.997417
-9.999999
-10.000000
-9.999760
-10.000000
-9.999994
-9.999979
-9.999997
-9.999986
-10.000000
-9.990724
-10.000000
-10.000000
-10.000000
-9.999987
-10.000000
-9.999972
-9.998518
-9.999600
-9.998783
-9.999426
-9.999999
-9.996974
-9.998868
-9.998341
-9.999997
-9.999998
-10.000000
-9.996839
-10.000000
-10.000000
-9.999983
-10.000000
-9.999959
-9.978353
-9.999982
-10.000000
-10.000000
-10.000000
-10.000000
-9.998574
-10.000000
-9.998980
-9.999999
-9.999997
-9.999315
-10.000000
-9.999182
-9.999999
-10.000000
-9.996930
-9.999999
-9.999999
-9.996111
-9.999391
-9.999751
-10.000000
-9.999775
-10.000000
-9.999119
-10.000000
-9.999887
-10.000000
-9.999999
-9.999971
-10.000000
-10.000000
-9.991213
-9.999998
0.000000
-10.000000
-10.000000
-9.996335
-10.000000
-9.999255
-9.999995
-9.999772
-9.998196
-9.999997
-9.997951
-9.999921
-9.994996
-9.998764
-9.999989
-9.999774
-9.999253
-10.000000
-9.999827
-10.000000
-9.952284
-9.991456
-10.000000
-10.000000
-10.000000
-9.999416
-10.000000
-9.999712
-9.999611
-10.000000
-0.000000
-10.000000
-9.999910
-10.000000
-9.987304
-9.989971
-9.999951
-9.996794
-10.000000
-10.000000
-9.999884
-9.974764
-0.000000
-9.999781
-9.996937
-10.000000
-9.718137
-9.999883
-9.996045
-9.999912
-9.999852
-10.000000
-10.000000
-9.999990
-9.999346
-10.000000
-10.000000
-9.951157
-10.000000
-9.999975
-9.999769
-9.999999
-10.000000
-9.999999
-10.000000
-9.999727
-9.988895
-10.000000
-10.000000
-10.000000
-9.996119
-9.999754
-9.999622
-9.999996
-9.995140
-9.997157
-9.999907
-9.999507
-10.000000
-9.999816
-10.000000
-10.000000
-9.998643
-10.000000
-9.999994
-10.000000
-9.999996
-10.000000
-9.999999
-9.996512
-9.999860
-9.998061
-10.000000
-10.000000
-9.999998
-10.000000
-9.976934
-9.999999
-10.000000
-9.999987
-9.998605
-9.997594
-9.999999
-10.000000
-10.000000
-9.999966
-9.998501
-9.998477
-10.000000
-10.000000
-10.000000
-9.997852
-9.997937
-10.000000
-9.999999
-10.000000
-9.999004
-9.999968
-10.000000
-9.999447
-9.999997
-9.998832
-9.998098
-10.000000
-10.000000
-9.999034
-10.000000
-10.000000
-9.999644
-10.000000
-9.999566
-10.000000
-10.000000
-9.999980
-9.994925
-9.999980
-10.000000
-10.000000
-9.999907
-9.999608
-10.000000
-9.999437
-10.000000
-9.999970
-10.000000
-10.000000
-10.000000
-10.000000
-10.000000
-9.997523
-9.997355
-10.000000
-9.999998
-9.997883
-8.580876
-9.999956
-10.000000
-9.999471
-10.000000
-9.998814
-9.999998
-10.000000
-9.999979
-9.999810
-10.000000
-10.000000
-9.992543
-10.000000
-10.000000
-10.000000
-10.000000
-9.996066
-10.000000
-9.999961
-9.994768
-9.999570
-9.999998
-9.999997
-9.999983
-10.000000
-9.998980
-10.000000
-9.999795
-10.000000
-9.990446
-9.999982
-9.999999
-10.000000
-9.999935
-9.999999
-9.998586
-9.993237
-9.999184
-10.000000
-9.992526
-9.999928
-9.998591
-10.000000
-9.999486
-10.000000
-10.000000
-9.999881
-10.000000
-9.999432
-9.999769
-10.000000
-9.999999
-9.993250
-9.999055
-9.999622
-9.999999
-9.999998
-9.999998
-10.000000
-10.000000
-9.999999
-9.999986
-9.999991
-9.998053
-10.000000
-9.999997
-9.999439
-10.000000
-9.999936
-9.999832
-10.000000
-9.999983
-9.999449
-9.848299
-9.999987
-9.999569
-10.000000
-10.000000
-10.000000
-9.999999
-10.000000
-9.994363
-9.999826
-10.000000
-9.989977
-9.993284
-10.000000
-9.999099
-9.997996
-9.995461
-9.999958
-9.998799
-9.999628
-9.999768
-10.000000
-9.998292
-9.994216
-10.000000
-10.000000
-10.000000
-10.000000
-9.999876
-10.000000
-9.999725
-9.999986
-9.999985
-10.000000
-9.999381
-9.999047
-9.999887
-9.997494
-9.999840
-9.999800
-10.000000
-9.999928
-9.994718
-10.000000
-9.999888
-10.000000
-10.000000
-10.000000
-10.000000
-10.000000
-10.000000
-9.999999
-10.000000
-9.999999
-10.000000
-9.999741
-10.000000
-9.848907
-10.000000
-10.000000
-9.987708
-10.000000
-9.999379
-9.998242
-9.999637
-10.000000
-9.999976
-9.999797
-10.000000
-9.994265
-9.998432
-9.999899
-9.927784
-9.994098
-10.000000
-9.999917
-9.997047
-9.999951
-9.998735
-9.999994
-9.999997
-10.000000
-10.000000
-10.000000
-9.999608
-10.000000
-9.999998
-10.000000
-9.999998
-9.999999
-10.000000
-9.999994
-10.000000
-9.986244
-9.999916
-10.000000
-9.996787
-9.999999
-10.000000
-10.000000
-10.000000
-9.997595
-9.990350
-9.999993
-10.000000
-9.998136
-9.999826
-9.996772
-10.000000
-9.999970
-10.000000
-9.967722
-10.000000
-10.000000
-9.999865
-9.999998
-9.990044
-9.999994
-9.999737
-9.976956
-9.999771
-9.999997
-9.999999
-10.000000
-10.000000
-9.984711
-10.000000
-9.999801
-10.000000
-9.999999
-10.000000
-9.999902
-9.658978
-9.998297
-10.000000
-9.999692
-9.999999
-9.986254
-10.000000
-10.000000
-9.999995
-10.000000
-9.999585
-9.999999
-9.999999
-10.000000
-10.000000
-9.999793
-9.998955
-10.000000
-9.999851
-9.999741
-9.999972
-9.999999
-9.999616
-9.999288
-9.998567
-10.000000
-9.995509
-9.997193
-9.999137
-10.000000
-9.996866
-10.000000
-9.999966
-10.000000
-10.000000
-10.000000
-10.000000
-9.999995
-10.000000
-10.000000
-9.999999
-9.998532
-10.000000
-10.000000
-10.000000
-10.000000
-9.997888
-9.999929
-10.000000
-9.995023
-9.999609
-10.000000
-9.998881
-10.000000
-9.999986
-10.000000
-10.000000
-9.997490
-9.999537
-9.999981
-9.999527
-9.996147
-10.000000
-9.997765
-9.999580
-9.998714
-9.997588
-9.998205
-9.999919
-9.999999
-10.000000
-9.999994
-9.999916
-10.000000
-9.998858
-10.000000
-9.999990
-10.000000
-9.994871
-9.999447
-9.999998
-9.997367
-10.000000
-9.999781
-9.999400
-9.996718
-10.000000
-9.999998
-10.000000
-10.000000
-10.000000
-9.997890
-9.999173
-9.998543
-10.000000
-10.000000
-9.999999
-10.000000
-9.992403
-9.999844
-9.999005
-9.995895
-10.000000
-9.999658
-9.997956
-10.000000
-10.000000
-9.994330
-10.000000
-10.000000
-10.000000
-9.999918
-10.000000
-9.999866
-9.999240
-10.000000
-10.000000
-10.000000
-9.999999
-9.999822
-9.999999
-0.000000
-10.000000
-9.999667
0.000000
-10.000000
-9.999796
-10.000000
-10.000000
-9.998486
-10.000000
-9.999999
-9.995713
-10.000000
-10.000000
-10.000000
-9.992188
-10.000000
-9.997931
-9.998457
-10.000000
-10.000000
-9.994931
-10.000000
-9.994973
-10.000000
-10.000000
-9.967167
-10.000000
-9.999999
-9.993423
-10.000000
-9.999900
-10.000000
-10.000000
-9.992151
-10.000000
-10.000000
-10.000000
-10.000000
-9.999974
-9.996968
-10.000000
-9.995865
-10.000000
-9.997073
-10.000000
-9.995112
-9.995263
-9.999947
-9.999256
-10.000000
-9.999483
-9.999999
-9.997907
-9.999995
-10.000000
-9.995410
-10.000000
0.000000
-10.000000
-9.999999
-9.999453
-9.999421
-10.000000
-10.000000
-9.999974
-10.000000
-10.000000
-9.999543
-9.999821
-9.999994
-9.996427
