1.000000	0.600000	50	0.100000	ARCHIVOS_REDES\ER\ER_696.txt
-0.000016	0.090265
0.004273
0.023188
-0.064239
0.022032
-0.048689
0.031236
-0.016581
0.047435
-0.120114
0.024172
0.001454
0.097385
0.092539
-0.002464
-0.003145
-0.125271
0.059442
-0.133639
-0.051945
-0.070063
0.143504
-0.106846
-0.004712
-0.157808
-0.077132
0.055889
0.033415
-0.160618
-0.034491
-0.057876
0.032837
0.053948
0.078507
-0.238848
0.026601
-0.155747
-0.129921
-0.050762
0.053271
0.045317
0.092766
-0.000139
-0.000379
-0.073182
0.146187
-0.021809
-0.072091
0.024934
-0.104069
-0.057863
0.011559
-0.039693
0.005343
0.142791
0.074657
0.077588
0.068352
-0.014059
0.117675
0.113041
-0.072038
0.123405
-0.030821
-0.140099
0.039253
-0.112633
-0.053173
0.014277
0.017509
0.064039
-0.047490
0.052425
0.037776
0.109982
0.101803
-0.029802
-0.116747
-0.024734
0.035192
0.060357
-0.055179
-0.072720
0.107189
-0.095904
-0.056154
0.011991
-0.091383
0.072458
-0.034341
0.108143
0.047113
-0.087804
-0.002953
0.083824
-0.113468
-0.101249
-0.140821
-0.085349
0.078133
-0.000263
0.099332
-0.006395
-0.018348
-0.058593
0.021379
-0.070180
-0.005702
-0.066848
-0.130095
-0.064674
-0.118971
0.078203
0.075486
0.086327
0.113821
-0.006706
-0.058381
-0.180932
-0.069423
0.051812
0.011043
-0.029863
0.081077
0.037489
-0.135605
-0.073586
-0.041792
0.155509
-0.037825
0.021183
0.122621
0.053415
0.033645
-0.028750
-0.026309
-0.159076
0.070324
0.102966
-0.080063
-0.040912
-0.170372
0.053561
-0.101762
-0.087233
0.033349
0.225156
0.102181
0.129031
0.026699
-0.001047
0.051973
-0.066521
-0.047610
0.012449
-0.087408
-0.022691
0.050730
-0.035321
0.141286
-0.101138
-0.032856
0.098634
-0.141084
0.168642
0.069259
-0.114826
-0.124211
-0.018753
0.093943
-0.082419
-0.044687
-0.087752
-0.006290
0.042760
0.123895
-0.083867
0.055963
-0.028455
0.085901
-0.072476
-0.155497
-0.056945
0.073464
0.146760
-0.015381
-0.032370
0.094115
0.117378
0.069680
-0.123437
0.109108
-0.014050
0.093113
0.106501
0.029134
-0.179330
-0.124053
0.027232
0.161449
0.073784
-0.127917
-0.062895
0.018806
-0.005074
0.056929
0.010455
-0.030236
-0.047026
-0.084951
0.191663
-0.102786
-0.001679
0.108808
-0.000378
-0.009042
-0.016114
-0.005618
-0.087531
0.067522
-0.009502
0.129526
0.147155
-0.079902
0.086327
-0.162974
0.146047
-0.038747
0.102660
0.065924
0.091994
-0.152452
0.109289
-0.046331
-0.042060
0.061244
-0.121161
-0.122960
-0.032418
0.003985
0.166327
0.151144
-0.020755
0.085506
-0.110558
-0.074430
-0.052488
0.064295
0.004778
0.028357
-0.029281
0.029078
-0.055454
0.110202
0.005287
0.109359
0.129244
-0.123561
0.069944
0.143188
0.145472
-0.018434
-0.162566
-0.033377
-0.005301
-0.047206
-0.000153
0.138301
-0.137074
-0.045257
0.006453
-0.088429
0.066492
0.035247
-0.080101
0.002507
0.120108
0.077817
0.119385
0.041058
-0.112393
-0.071137
-0.037277
-0.062919
0.129106
-0.194047
0.026709
0.152432
0.037771
0.048247
0.131992
-0.173691
-0.092572
-0.034515
-0.036918
0.067453
-0.107706
-0.128981
0.008501
-0.126343
-0.067212
-0.106359
0.052386
-0.048885
0.094835
-0.058450
-0.120781
0.034772
-0.028231
0.063620
-0.045857
0.046581
-0.178256
0.008462
0.090249
-0.076142
0.095638
-0.068403
0.006647
-0.169257
-0.147128
-0.079503
-0.054018
0.169811
-0.168631
-0.082096
-0.067680
0.061010
0.018939
0.112933
0.037526
-0.131455
-0.104727
-0.152392
0.029931
0.039689
0.006598
-0.006439
-0.104558
-0.003366
-0.043053
0.166340
0.044556
0.094237
-0.044936
0.009851
0.038762
-0.053636
0.129403
-0.101843
-0.008566
-0.140295
0.008525
0.022737
0.163129
0.137053
0.144629
0.073435
-0.029495
-0.026529
0.074831
-0.013819
0.128462
0.025442
0.106288
-0.056160
-0.010285
-0.069226
0.020877
0.059776
0.005101
0.023533
-0.020952
-0.067369
0.133052
-0.191086
-0.193846
0.083816
0.059102
0.091588
0.051498
0.080151
0.099440
0.064706
-0.029048
-0.123124
-0.104027
0.030506
0.038088
-0.067223
-0.194570
0.088618
0.092180
0.023074
0.172302
-0.042437
-0.054258
0.052157
-0.052725
0.032772
0.026002
-0.085211
-0.002495
-0.005432
0.005921
-0.092287
0.011141
0.106298
-0.021665
-0.101761
0.056280
-0.178740
-0.096889
0.078545
0.161447
-0.114978
0.016275
0.123546
0.157865
0.076570
0.093479
-0.147446
0.157618
0.024339
0.171345
-0.114276
0.150085
-0.018116
0.055448
0.125271
-0.095465
-0.063509
-0.019205
0.114469
-0.075840
-0.062152
-0.050997
-0.116095
-0.063586
-0.103705
0.076093
0.130317
0.157115
-0.086910
-0.021243
-0.033672
-0.006415
0.054376
-0.056695
-0.121012
0.071788
0.074868
-0.154833
0.083871
0.103827
0.057063
-0.121998
0.071210
0.116279
-0.060898
0.027369
0.016599
0.083590
0.107257
-0.041047
0.012957
-0.043801
0.133936
0.078313
0.061416
0.122429
0.069185
0.060598
-0.115897
-0.057415
0.073922
-0.031739
0.118911
-0.046660
-0.007883
-0.157221
0.030209
0.013580
0.009253
0.065283
0.077546
-0.112464
-0.051201
0.037985
-0.022367
0.106639
0.121264
0.108968
0.109640
-0.078849
-0.114080
0.067931
-0.041099
0.083104
0.052566
-0.058917
-0.167810
0.016817
-0.150932
0.031675
-0.040311
-0.120579
0.051514
-0.138913
-0.074362
0.042465
-0.025352
-0.061141
0.099996
0.112400
0.087748
0.077489
0.035558
-0.107011
0.110540
0.144602
-0.167721
-0.063739
-0.047360
-0.008778
-0.139296
-0.105578
0.026703
-0.038237
-0.167509
-0.050889
0.037935
0.102764
-0.112777
0.032110
0.045062
0.067263
-0.044914
0.011092
-0.026784
0.105112
-0.021679
-0.139530
-0.144020
0.168469
-0.051841
-0.031634
-0.152907
-0.117637
-0.051514
0.017012
0.003190
0.117317
-0.137192
0.032827
0.036838
-0.048556
-0.065313
0.094757
0.193408
-0.183279
-0.142364
-0.178967
0.076891
-0.071916
-0.117812
0.051382
0.111335
-0.100438
0.002266
0.109207
-0.166246
0.124739
-0.122101
0.193726
0.021171
-0.026945
-0.122352
0.191742
0.058471
-0.139121
0.114642
-0.032644
-0.022327
-0.058123
-0.000634
0.066560
0.091984
0.079631
0.029735
-0.148830
0.038240
0.095127
-0.063172
-0.090023
-0.025879
-0.102855
0.012791
0.023031
0.064754
0.148095
0.060201
-0.190311
-0.048291
0.015992
-0.062268
0.114530
0.041371
0.011680
-0.018990
0.028224
-0.095240
-0.051468
0.040979
0.090763
-0.002882
0.076663
-0.181624
-0.015439
-0.036131
-0.013773
-0.068586
0.066580
0.045182
0.107291
-0.156465
-0.057214
0.069651
0.072970
0.013936
0.024962
0.117644
-0.015952
0.034723
0.038425
-0.018506
0.061227
-0.000192
-0.117397
0.018318
0.042176
0.017169
-0.157720
-0.066640
0.070203
0.113153
0.064034
-0.022576
0.123964
-0.033948
0.011828
0.006907
0.051081
0.059854
0.020984
-0.043293
-0.180733
0.018126
-0.039366
-0.142597
0.111270
-0.092764
-0.148859
0.009610
0.092466
0.122609
0.113812
-0.000182
-0.115285
-0.100387
-0.062585
-0.006632
-0.103401
0.104322
0.080692
0.096359
-0.083746
0.180523
-0.062909
0.177569
-0.007328
-0.008155
-0.042070
-0.003050
-0.086383
-0.015490
0.067795
0.107552
-0.000857
-0.126444
0.042033
-0.080827
0.040823
-0.123870
-0.063298
-0.141252
-0.056474
-0.091254
0.150096
0.135745
0.052137
0.089013
0.079072
-0.125928
0.120584
-0.193820
-0.093742
0.002594
0.071227
0.047488
-0.160839
0.011198
-0.140715
0.143264
-0.029542
0.122953
0.006746
-0.027845
-0.001069
-0.036572
0.085423
-0.139070
0.025311
0.055026
0.075363
0.049563
-0.109430
-0.021623
0.017369
-0.030392
-0.000083
0.151268
0.227231
-0.111999
-0.042559
-0.026198
0.031106
-0.099769
0.089669
0.131522
-0.091715
0.110067
-0.035170
0.065498
-0.059889
-0.151840
0.119480
0.021483
0.106696
0.147977
0.069292
0.005384
0.087724
0.000795
-0.101252
-0.081334
0.034379
0.064608
0.019621
0.041629
-0.012297
-0.023949
0.049139
-0.149800
-0.038524
0.101809
-0.092155
0.058942
-0.018987
-0.038133
0.025398
-0.152280
-0.048754
-0.044595
-0.063421
-0.096575
0.032345
-0.090592
0.111273
-0.128662
-0.054253
0.112877
0.108616
-0.056614
0.066468
0.004207
0.196256
-0.099720
0.018538
-0.072463
-0.024530
0.019428
-0.153036
0.049885
-0.183044
-0.014283
0.069825
0.060122
0.177450
-0.088833
0.055726
0.144508
-0.071617
-0.093963
-0.092170
-0.093714
-0.033605
-0.006293
0.020969
0.195289
0.101376
0.015770
0.089622
-0.056927
0.001521
-0.028466
-0.054363
0.107983
0.006897
-0.013306
0.030859
-0.056810
-0.068591
0.078101
-0.072038
0.065166
-0.056117
-0.002320
0.054817
-0.013906
0.015427
0.059182
-0.008544
-0.132150
0.114219
-0.172346
0.011262
0.140679
0.064481
0.013957
-0.075621
-0.004896
0.077656
0.047125
0.102879
0.162445
-0.101843
-0.017148
0.037711
0.015306
-0.056365
0.068843
-0.092693
0.044536
-0.139111
0.102216
0.037555
-0.137649
0.040619
0.011568
0.166804
0.166473
-0.139988
0.132284
0.097540
0.048299
-0.138000
0.006950
0.095080
0.042460
0.100791
0.030680
0.064194
0.107718
0.004030
0.045329
-0.119130
0.050113
-0.112343
0.102988
-0.032249
0.013890
0.111527
0.193226
-0.028608
0.069157
-0.197344
-0.211906
0.055118
-0.025824
-0.120047
0.134493
0.080604
0.013655
-0.087508
0.074181
-0.155590
-0.046901
-0.054979
-0.076016
0.033601
-0.027871
0.146239
-0.044863
-0.005802
0.101765
-0.135842
0.062580
0.066781
0.056884
-0.046568
-0.048097
0.040809
-0.114978
-0.116353
0.036352
0.048924
0.070193
-0.066902
-0.142854
0.032513
-0.041751
0.069783
-0.140055
0.018612
-0.016825
-0.077487
-0.132336
0.126439
-0.019713
0.133284
0.014289
0.131254
0.090555
-0.007336
-0.128694
-0.015936
-0.056923
-0.079965
0.128776
0.046406
-0.110065
0.038843
-0.176377
0.026468
-0.034455
0.108002
-0.107903
0.194138
-0.016650
0.214570
0.193155
0.059287
-0.095521
0.031997
0.115870
-0.012461
0.083733
0.035404
-0.140479
0.117436
-0.109661
-0.073497
-0.073647
0.024971
-0.061430
0.019375
0.194509
0.042323
-0.034291
0.078452
-0.065498
0.159523
-0.045876
-0.133738
-0.033745
0.106435
0.011627
0.048729
-0.130070
0.012872
0.016397
0.110126
-0.025630
0.136172
-0.033217
0.040952
0.008688
-0.013824
0.020218
0.050976
0.192293
0.057833
0.134331
0.101018
-0.130731
-0.110907
0.033803
0.074705
-0.103129
-0.130798
0.046876
-0.040518
-0.049232
-0.072388
-0.046107
-0.157541
0.058129
-0.026543
-0.067174
-0.122422
0.061511
0.070975
-0.008089
-0.150380
-0.050731
0.073589
-0.131240
0.028623
-0.059045
-0.062263
-0.054779
-0.126248
0.091695
0.071357
0.061306
-0.140222
-0.049160
-0.090792
-0.061563
0.054277
-0.010211
-0.120784
0.051071
-0.096691
-0.046548
0.134964
0.021534
0.084156
0.080684
-0.003111
0.051352
0.151118
0.054145
-0.050026
-0.162446
-0.042913
-0.076885
-0.001389
0.089100
-0.028740
-0.132634
0.128666
0.135952
-0.006521
0.040096
-0.004721
0.028261
0.043538
-0.055102
-0.050537
0.003245
0.060368
-0.012540
-0.038677
0.080277
-0.168821
-0.111394
-0.023028
-0.115320
-0.080790
-0.102934
0.080087
-0.024308
-0.059713
-0.050808
-0.130070
0.012184
0.115581
-0.027358
-0.115711
-0.058591
0.037262
0.075039
0.011224
-0.060212
0.119661
0.092542
-0.038236
0.008714
0.004761
0.022504
-0.000597
0.080480
-0.064450
-0.192926
0.031529
0.000559
-0.011618
-0.012841
0.059948
0.091108
-0.020365
-0.046289
0.106715
0.148566
0.035200
-0.002254
-0.068883
0.054592
0.096283
0.084971
-0.181906
0.101647
0.017345
0.022490
-0.052853
0.121739
0.053197
-0.031584
0.038767
0.051573
-0.033822
-0.171147
0.053002
0.055943
0.127758
0.089650
-0.149312
0.018504
-0.023755
-0.184429
-0.112011
0.114618
-0.004449
-0.157427
0.089193
-0.056016
0.145121
-0.000687
0.093738
-0.079122
0.084013
0.036279
-0.048912
-0.042610
0.005132
-0.033092
0.007046
0.167616
-0.112201
0.096139
-0.034670
-0.040260
-0.038130
0.139214
-0.072584
0.038867
0.069252
-0.013040
0.021658
-0.063666
0.090515
-0.076830
0.074600
0.020065
0.081902
-0.016460
-0.062526
-0.074286
-0.142769
-0.023657
-0.106416
-0.061406
0.069688
0.124741
0.092092
0.200493
0.042988
0.025175
0.031355
-0.166442
0.125392
0.057852
0.062632
-0.090514
0.111985
-0.135006
0.056745
0.035658
-0.121802
0.187534
-0.096646
0.126876
0.137362
-0.020369
-0.127643
0.004554
0.010278
-0.074785
-0.071530
-0.110030
0.108392
0.010789
-0.115872
0.042766
-0.039307
-0.009904
-0.071016
-0.045840
-0.003221
0.043035
-0.025526
0.069166
-0.013076
0.134090
0.080351
-0.138863
0.099611
-0.048284
0.082037
-0.102150
0.134554
-0.166928
0.120063
0.098713
-0.008501
-0.028782
-0.140298
-0.005505
-0.066186
-0.053930
0.061956
-0.151368
-0.054187
0.052843
0.149082
0.024222
-0.025196
-0.036696
0.060681
0.000835
-0.008544
-0.118449
0.048861
-0.055885
-0.145108
-0.002007
-0.100226
-0.160795
0.075894
0.215255
0.101524
0.001144
0.071656
0.068366
0.046905
0.021219
0.030508
-0.136236
0.088898
0.041973
-0.048553
-0.140830
0.001162
0.150659
0.073537
0.112408
-0.024985
0.082800
0.025552
-0.012989
0.082093
-0.111671
0.153698
0.154741
0.090984
-0.128328
0.000921
-0.114097
-0.146103
0.044043
0.030462
-0.011184
-0.034271
0.133395
0.027827
0.000964
-0.060718
-0.156814
0.099733
-0.034485
-0.059117
0.006521
0.038698
0.087228
0.047021
-0.087995
0.031077
0.076614
-0.076357
0.146389
0.007725
0.162108
0.119747
0.025129
0.119179
0.092358
0.049748
-0.013217
0.017097
-0.044181
-0.022588
-0.078240
-0.018952
0.173649
0.028769
0.046456
-0.059837
0.054183
0.001112
0.008943
-0.002425
-0.049459
0.043431
0.114536
0.110352
0.103122
-0.178399
0.046414
0.024616
-0.134510
0.013390
-0.091712
-0.181292
-0.059595
-0.130176
0.158574
0.174685
0.097386
0.058727
-0.071662
0.038370
0.063549
0.123836
-0.125235
0.077209
0.132440
-0.071769
-0.096991
0.030060
-0.068685
-0.147150
-0.120242
-0.050287
0.136859
-0.101258
-0.123777
-0.105008
0.079128
0.053567
-0.114745
-0.026874
0.026734
-0.078731
-0.086154
0.104874
-0.006489
0.079857
-0.094397
-0.084328
-0.147605
-0.183345
-0.134217
-0.036601
0.016403
-0.013635
0.010599
-0.125915
-0.064647
0.130373
0.131785
-0.101393
0.061729
-0.021688
0.007259
0.144355
-0.090607
-0.170007
0.171117
0.004685
0.013192
-0.089253
-0.113346
-0.128865
-0.086744
-0.028263
-0.021142
-0.079336
0.112065
-0.012983
0.008007
0.142773
0.051879
-0.078063
-0.065508
0.083933
-0.115306
0.059400
0.188645
0.234229
-0.082406
-0.099188
0.038587
0.001399
-0.080355
-0.099528
-0.124156
-0.111933
-0.150653
0.145880
0.051650
0.138900
-0.047865
-0.110024
-0.004879
-0.202086
-0.017255
-0.070253
0.100390
-0.044024
0.010842
-0.067984
-0.087415
-0.037524
-0.083780
-0.139793
0.093487
-0.104392
0.011628
-0.099819
-0.065612
-0.024632
0.031312
-0.153838
-0.147183
-0.093933
0.031334
-0.129222
0.011636
0.108662
-0.080093
0.142009
-0.145242
0.039462
0.160942
0.082007
-0.095123
0.028702
0.065031
-0.027090
0.041011
0.051714
-0.115938
0.048694
-0.132751
-0.111961
-0.032400
-0.088944
0.013927
0.019806
0.019049
0.097090
0.033872
-0.057269
-0.052017
-0.082765
0.097259
-0.037196
-0.026281
-0.009962
-0.026818
-0.029280
0.218629
0.015264
0.058914
0.018990
-0.067620
-0.090159
-0.100241
0.042589
-0.069422
0.071735
0.055354
-0.026948
0.156565
0.128549
0.118129
-0.063990
-0.071252
-0.027674
-0.122637
0.063294
-0.027902
0.007097
0.120857
0.071513
0.112785
-0.050116
0.025528
-0.147615
0.106016
0.157528
0.022369
-0.095185
0.117658
0.122405
-0.186793
-0.020218
-0.089794
0.132845
0.129884
0.116321
0.124656
-0.104363
-0.025263
0.101078
-0.060402
-0.105540
0.120271
0.058989
0.136991
0.087576
-0.089316
-0.078071
-0.101646
-0.055200
0.160465
-0.050264
-0.056196
-0.010135
-0.120403
0.175543
0.046097
-0.173187
0.039063
-0.033139
0.028135
-0.030852
0.014677
0.092689
-0.079524
-0.136265
-0.102115
0.015981
-0.181112
-0.106218
0.086476
0.043258
-0.030583
-0.012661
-0.090370
0.095620
0.004737
-0.019561
0.136629
0.125232
0.147009
0.007589
0.021730
-0.054203
-0.070195
-0.037897
-0.030192
0.007456
0.105992
0.032926
0.119829
0.011988
-0.084935
-0.075016
-0.102347
-0.066430
-0.146429
-0.015577
0.186471
0.072270
-0.138031
-0.091126
0.143510
0.050055
-0.116296
0.025130
-0.047813
-0.019886
0.096579
-0.010374
-0.026743
0.001332
0.020821
0.117080
-0.059165
0.115238
0.134453
-0.004768
-0.007869
-0.006678
0.118476
-0.081978
-0.118051
0.082266
0.036447
0.092911
-0.160062
-0.120324
0.009712
0.047754
-0.104791
0.188772
0.076984
0.013281
-0.170130
0.012514
0.181023
0.077281
-0.030095
-0.105829
0.137270
-0.081943
-0.012472
0.031994
-0.020784
0.021530
0.002102
-0.088412
-0.155399
-0.080841
0.027811
-0.077472
-0.108897
0.020932
0.003622
0.098012
-0.112260
0.103418
-0.076576
-0.070575
0.134464
-0.059977
-0.045084
-0.054849
0.093089
0.047302
-0.056784
0.066654
0.041830
-0.194674
0.039540
-0.058066
-0.122362
0.020216
0.097466
0.111344
0.002644
-0.064391
-0.126660
0.010841
-0.114299
-0.090758
-0.161922
-0.179671
-0.072800
-0.178146
0.013817
0.132441
-0.027758
-0.157116
-0.103572
-0.054385
0.063921
-0.114913
0.007339
-0.150254
0.036974
0.133460
0.091372
0.051968
0.005622
0.095321
0.028257
-0.001216
0.137581
-0.091068
0.061813
0.102386
0.053380
-0.078312
-0.091831
-0.110384
0.033377
0.109947
-0.072599
0.048233
0.148426
-0.002599
-0.033281
-0.140847
-0.085661
0.014365
0.099604
-0.019942
-0.038185
0.051160
0.069676
0.080558
0.176001
-0.096236
0.094821
-0.140554
-0.094933
-0.044581
0.099858
0.079656
-0.195467
0.037841
-0.102164
0.087534
0.069386
-0.081651
0.001824
0.119921
0.048858
-0.088498
0.142610
-0.021673
-0.005420
0.128588
-0.090428
-0.182452
-0.020996
0.000017
0.201751
-0.140384
0.012835
-0.118773
-0.016700
0.009781
0.118392
-0.048092
0.115184
0.046551
0.114142
0.065714
-0.075452
0.009652
-0.051219
0.045747
0.003546
-0.163247
-0.080941
-0.059007
0.125537
0.126351
-0.043610
-0.166330
0.134018
0.101003
-0.000421
-0.127609
0.006921
0.075940
0.099977
0.121039
-0.084524
-0.114212
-0.120642
-0.029835
0.022574
0.136070
0.076138
-0.063283
-0.041932
-0.125471
-0.062335
-0.040454
0.057939
0.030472
-0.128445
-0.038575
0.114089
0.009654
0.144556
0.127326
-0.095202
-0.155718
0.072219
0.046388
0.161865
0.168232
-0.077921
-0.013362
0.036517
0.055367
-0.065843
0.128372
-0.087123
-0.082864
0.044009
0.035486
-0.067787
-0.097768
0.060116
0.055487
0.111399
-0.022140
-0.112476
-0.045679
0.044114
0.170804
-0.067979
-0.006024
-0.085967
-0.025926
0.060170
0.045946
-0.046006
0.010673
-0.177729
0.084065
0.095218
-0.055203
-0.014402
0.087101
-0.135742
-0.099468
-0.094135
0.078989
0.121708
0.130210
0.212401
0.148995
0.127564
0.119809
0.062713
0.091273
0.126112
-0.001967
-0.105147
0.087176
0.079848
0.002704
0.055198
-0.168781
-0.089018
-0.031253
0.050666
0.034763
-0.086775
0.112760
0.093060
0.071922
-0.143564
-0.103624
-0.130334
0.038892
0.052369
-0.105553
-0.020511
-0.115659
-0.057904
0.125673
0.074172
-0.026131
0.090211
-0.133674
-0.139846
0.106248
-0.036981
-0.097353
-0.141130
-0.062938
-0.209252
0.018137
-0.009287
0.038226
-0.015338
0.014523
-0.074776
-0.005369
-0.152819
-0.037971
0.084332
0.093565
-0.119621
-0.095246
-0.075506
-0.062575
0.057449
0.053904
0.122609
0.009921
-0.118695
-0.148677
-0.118396
-0.064043
-0.119555
0.083759
-0.081045
-0.139876
0.055168
-0.048901
0.153545
-0.087072
-0.054145
0.045629
-0.160595
-0.121302
-0.030008
-0.093993
-0.006476
0.042323
-0.035531
0.010763
0.141024
0.025624
-0.064780
0.190567
-0.120037
0.110913
-0.053594
-0.008215
-0.061808
-0.088529
0.092412
-0.036460
0.026755
-0.044548
-0.110358
0.009477
0.046940
-0.025421
0.017865
0.044646
0.062678
-0.062771
0.100405
-0.013138
-0.096152
-0.006919
-0.021494
0.139452
0.032460
-0.006006
-0.132706
-0.126819
0.102257
-0.009180
-0.012746
-0.081166
0.105185
0.058591
-0.007006
0.126170
0.154078
-0.087749
-0.086299
-0.013277
-0.148393
-0.015849
-0.082433
0.022811
0.076980
-0.004181
-0.049756
-0.036937
-0.118720
-0.091870
0.062129
-0.155805
-0.104290
-0.119905
0.098868
0.064111
-0.058360
0.089138
0.025838
0.090381
-0.084611
-0.089486
0.016939
0.086739
-0.103041
-0.101261
0.038431
0.148444
-0.041027
-0.129658
-0.194490
0.001837
-0.093564
-0.071733
0.069701
-0.110323
-0.080119
-0.017182
0.162105
-0.055660
-0.025499
-0.063336
0.044720
-0.081330
0.064932
0.077547
-0.111867
0.072684
-0.018403
0.141370
-0.018371
0.012469
0.007741
0.110084
-0.077671
-0.005558
0.006389
0.098659
0.168495
0.175849
-0.057300
-0.078794
-0.086684
-0.119150
-0.100697
-0.004530
-0.025772
0.032618
0.083032
0.138119
0.123168
-0.075676
-0.047387
-0.054834
-0.056826
-0.085698
-0.127773
-0.009423
-0.059264
0.056755
-0.101825
0.078073
0.090436
-0.022402
0.007483
0.031032
-0.169725
0.045094
-0.006634
0.112590
-0.069689
0.148405
-0.104398
0.080282
0.001646
0.013337
-0.020451
-0.029765
0.014499
-0.039730
0.053062
-0.050607
0.008355
0.033481
0.005807
-0.137395
-0.083789
-0.098158
0.033104
0.070371
0.127521
0.107160
-0.016802
-0.144911
-0.124694
-0.046551
-0.178812
-0.121911
0.023770
-0.142859
-0.090662
-0.068516
-0.072506
-0.087566
-0.108810
-0.059516
-0.095262
-0.106877
-0.056845
-0.078206
0.125381
0.032925
0.045801
0.172551
-0.063144
0.073704
-0.163450
0.096265
0.085622
0.094429
-0.064897
-0.041340
-0.071262
0.012908
-0.065629
-0.104684
-0.177243
0.148814
-0.058848
-0.039147
-0.019634
-0.125288
0.026859
-0.118565
0.125354
-0.034921
0.017846
0.062540
-0.062231
0.058773
0.148381
-0.005639
-0.094600
0.035602
0.156175
-0.060322
-0.130659
-0.030985
-0.030845
-0.126089
-0.065629
0.018220
-0.008183
0.149738
-0.142769
0.013317
0.115907
0.003175
0.086545
-0.015563
0.050508
0.064042
0.069658
0.075452
-0.071190
0.132345
0.057869
-0.126561
0.002938
-0.048726
-0.142076
0.116270
0.012122
0.117732
-0.106177
0.154482
0.116169
-0.188417
-0.078469
-0.195649
0.119304
0.118364
0.159688
0.002592
-0.048698
-0.154480
0.055364
-0.060113
-0.042214
0.009690
-0.073780
0.124045
0.137806
-0.051269
0.122517
-0.049956
-0.018062
0.013365
0.067583
0.055279
0.036068
0.152451
-0.015429
0.069065
0.072742
-0.130646
-0.103734
-0.147825
-0.102392
-0.034228
-0.152435
0.023057
0.102454
-0.049895
-0.028083
0.035983
0.002315
-0.154174
0.233920
0.131103
-0.153030
-0.045953
0.168094
0.010456
0.172923
0.002483
0.144978
-0.060435
-0.114767
-0.045762
0.029998
-0.048302
-0.038212
0.020659
-0.011144
-0.005226
0.096955
-0.069755
-0.022786
0.160684
0.076215
0.076503
0.014562
0.083358
0.110044
-0.121133
-0.145874
-0.050715
0.025788
0.048681
-0.032929
-0.063340
-0.026382
-0.046584
-0.025715
0.104709
0.124110
0.023652
-0.056077
0.167897
0.047899
-0.045112
0.008559
0.092732
-0.168483
0.002224
-0.054875
-0.101043
-0.021152
0.102317
0.067998
-0.007759
-0.136200
0.008320
0.103689
-0.160450
-0.067695
-0.107760
0.013943
-0.084957
-0.039983
-0.003591
0.011568
-0.065362
-0.127911
0.140552
-0.034618
-0.149810
-0.048063
-0.122337
-0.032575
-0.079128
-0.010766
0.099136
-0.052659
0.112645
0.121059
0.038496
-0.034527
-0.154944
0.073838
-0.092014
0.156735
0.077175
-0.183061
0.076679
0.043454
-0.149496
-0.145521
-0.049692
-0.028998
0.036940
0.116086
-0.153076
-0.148069
0.079859
0.093546
0.089174
0.027933
0.022573
-0.061681
0.169516
-0.136595
-0.013062
-0.049399
-0.061372
0.089394
0.027736
0.104709
0.052822
-0.075702
-0.080724
0.097576
0.024130
-0.100100
0.000353
0.137142
-0.134601
-0.080428
0.115221
-0.071731
0.044366
0.155907
0.109517
-0.155271
-0.145202
-0.022233
0.089778
-0.066496
0.000263
-0.062090
0.054370
0.136495
0.037720
0.056212
-0.001594
0.148715
0.058818
-0.030333
0.046176
-0.024651
0.082105
0.150815
0.205038
-0.022251
-0.024618
0.071394
-0.007121
-0.117610
0.056528
-0.067615
-0.068424
0.066827
0.116837
0.140186
0.049533
0.033271
-0.007911
-0.005124
0.052195
-0.003206
-0.067520
-0.008646
-0.131131
-0.007333
0.036192
0.076157
-0.164906
0.006312
-0.067194
-0.049623
0.058551
-0.018159
-0.206200
-0.077274
-0.031818
0.061769
0.204984
-0.105283
0.143468
0.154182
0.032553
-0.106435
-0.181183
-0.025277
0.102202
-0.142051
0.069959
-0.154771
0.090082
-0.084398
0.153315
0.053251
-0.062194
0.025525
-0.070502
0.014910
0.163867
0.116646
0.140131
0.121790
0.110510
0.034130
-0.055251
0.026215
0.101067
0.213632
-0.073022
0.014157
0.134940
0.023341
-0.104265
0.026158
-0.118099
0.183161
-0.101727
-0.101039
0.043679
0.035924
0.160173
-0.005221
0.105867
0.002513
0.012348
0.020352
0.092270
0.089397
-0.010566
0.099542
-0.014480
0.129686
-0.001092
0.192799
0.123000
-0.077216
-0.083785
0.122610
0.154153
0.008702
0.113281
0.030490
0.099475
0.067947
0.018855
-0.067464
-0.108340
0.108004
-0.123972
-0.171749
-0.070605
0.115135
-0.029841
0.018986
0.064981
-0.055667
0.060354
-0.085336
-0.055715
0.137943
-0.132197
0.025509
0.114172
-0.021854
0.068996
-0.012874
0.047414
0.200666
0.137215
-0.045673
-0.090118
-0.114253
0.063674
-0.075190
-0.147342
-0.084436
-0.119145
0.123874
-0.039501
-0.033820
-0.032457
-0.006690
0.086635
0.074549
-0.099444
-0.045356
-0.130660
-0.095568
0.044709
0.107598
0.057768
0.122768
-0.000625
-0.020643
0.033763
-0.021620
0.030994
-0.144877
-0.073152
0.074674
0.051614
-0.113273
0.107710
-0.073313
0.172354
0.132497
-0.021554
-0.080596
0.003116
0.133817
0.052353
0.196145
0.006891
-0.143096
-0.062092
-0.083036
0.164622
0.118931
0.128566
0.173234
-0.044251
0.038866
-0.146289
0.021616
0.166083
-0.116006
0.098256
0.078199
0.025463
-0.016092
0.091839
-0.037052
-0.100401
-0.033877
-0.053170
0.061547
-0.027504
-0.061859
-0.008261
0.013876
0.128733
0.019408
0.015942
0.029533
-0.003318
0.103135
0.003047
0.055440
0.124504
-0.062463
-0.144600
0.089413
-0.082562
0.128745
0.051494
0.182651
-0.065630
-0.120076
-0.107022
-0.078683
0.052297
0.065069
0.093376
-0.042962
0.001694
-0.007429
0.087033
0.189600
-0.131134
0.055703
-0.038947
-0.198696
0.106583
0.183648
0.022168
-0.031457
0.150281
-0.162591
0.061551
-0.117455
-0.071149
0.052308
0.038890
0.054084
-0.020489
0.053210
-0.098696
-0.019012
0.031864
-0.011032
0.057343
0.125305
-0.063755
0.076813
0.016481
0.023557
-0.144323
0.037355
0.134015
-0.148601
0.075364
0.153631
-0.099362
-0.166155
0.026043
-0.019717
-0.009853
0.176823
0.116271
-0.162104
0.063872
0.087681
-0.131041
0.068697
0.102265
-0.149605
-0.119043
-0.034600
-0.158556
-0.004047
0.004706
-0.194538
-0.072557
-0.109713
-0.020381
-0.152959
0.075324
0.023282
0.095850
0.105745
-0.040683
0.087914
0.109104
-0.014456
-0.174118
0.051927
0.009817
0.014394
-0.149839
-0.049336
0.014280
0.069654
0.191811
0.131396
0.024907
0.037282
0.113256
-0.034658
0.012345
0.055063
0.042532
-0.054455
-0.016582
-0.000880
-0.084557
-0.095969
-0.091414
-0.021385
0.124307
0.036690
-0.052188
0.152373
-0.031784
-0.197845
-0.038409
0.128210
0.022951
-0.070934
-0.026528
-0.030528
0.128164
0.114542
-0.086457
-0.082234
0.123943
-0.189056
0.195754
0.057044
0.131440
0.102932
0.008501
0.042722
-0.098247
-0.133610
-0.017437
-0.065343
0.002878
0.017917
0.135963
0.082677
-0.017420
-0.098644
0.054145
0.072208
-0.086504
0.132704
0.131210
-0.127666
0.140853
0.041798
0.067007
0.098267
-0.006364
-0.072079
-0.074399
-0.055578
0.063429
-0.093438
0.052689
0.026146
0.086375
-0.059404
-0.084613
0.182982
0.027015
0.143913
0.103906
-0.061149
0.120774
-0.125803
-0.013500
-0.118953
-0.023540
0.046828
0.076192
0.038526
0.160427
0.041111
0.082961
0.039544
-0.021466
-0.001338
-0.126191
-0.046821
0.085647
0.153465
-0.065538
0.086183
-0.124752
-0.082392
0.078407
0.035964
0.112590
-0.087986
0.163611
-0.180774
-0.115523
-0.031060
-0.020291
-0.144358
0.057239
-0.009953
0.138812
-0.159160
-0.034841
-0.132604
0.035045
0.135702
-0.164431
0.193950
-0.064745
-0.002909
0.029103
0.072137
-0.119013
-0.032585
0.121526
-0.036996
0.104103
0.136540
0.019316
0.049339
0.008717
0.038699
0.093480
0.095264
-0.031810
-0.123320
0.105856
-0.155165
0.023018
-0.015827
0.079417
0.103217
0.102800
0.028651
-0.126403
0.054892
0.061837
-0.097822
-0.023270
-0.075314
0.094856
-0.015611
-0.083195
0.190640
-0.111356
0.111758
0.047201
-0.044306
0.111146
0.024193
0.064847
-0.066752
-0.133693
-0.097342
-0.017486
0.134555
-0.124822
0.066589
0.053296
0.056119
0.078454
0.122703
-0.020469
-0.153559
0.010010
-0.004741
0.055976
-0.033909
-0.007941
-0.032871
0.042160
-0.169028
0.124493
0.011755
0.026498
0.045316
0.071534
0.029752
-0.046221
-0.025432
0.151698
-0.148379
0.088945
-0.077753
-0.003578
-0.059138
0.083680
0.000429
-0.086638
-0.114885
-0.045646
-0.129161
-0.166375
-0.093217
0.083207
0.096864
0.164860
0.046883
0.085325
-0.074684
-0.057125
-0.010466
0.011685
-0.009846
-0.155643
-0.041033
-0.039552
0.130485
-0.141071
-0.014952
-0.143536
-0.152598
0.106719
0.036729
-0.130115
-0.011581
0.153711
0.065027
0.116817
0.020067
0.064627
-0.015994
0.016876
-0.072187
-0.097171
-0.101825
0.014543
-0.121099
0.002982
-0.125179
-0.100487
-0.075144
-0.135218
0.061928
0.037141
0.111545
-0.031030
0.092057
-0.095801
-0.040547
-0.147137
-0.059963
-0.083667
0.115206
-0.119523
-0.072043
-0.182230
-0.134330
0.115060
0.007453
0.060533
0.019401
0.121154
-0.120945
0.223702
-0.121809
-0.006375
-0.012865
0.037934
0.013917
-0.139695
-0.071772
-0.118154
-0.005634
-0.127603
0.015973
-0.117029
-0.068857
-0.117777
-0.007063
-0.137110
0.054502
0.010815
0.037031
0.075172
-0.136981
0.037819
0.113822
-0.012141
0.062055
-0.050657
0.114672
0.036072
-0.048668
-0.086193
0.048707
-0.138377
0.048561
-0.066912
-0.015780
-0.100494
0.073919
0.090296
0.025271
-0.042529
-0.012760
0.116590
-0.085083
-0.144324
0.063362
-0.019761
-0.035093
-0.074556
0.048415
-0.025418
0.051253
0.133699
0.036967
0.109846
-0.067770
0.024021
-0.022377
-0.025617
-0.129389
0.124139
-0.058758
-0.109493
0.110021
-0.018975
-0.032112
0.159662
0.131308
-0.043703
0.091255
0.002003
0.008626
-0.011155
0.087113
-0.173050
-0.019018
-0.132179
0.076199
0.139967
0.143645
0.095987
-0.038829
0.106326
0.061045
-0.070627
-0.032069
0.032990
-0.072256
-0.131542
-0.168418
0.115357
-0.019081
0.158690
0.148903
-0.086131
0.083815
-0.076855
-0.017833
0.057897
0.146846
0.156828
-0.096309
-0.092714
0.048511
-0.080412
0.015293
0.093072
-0.102036
0.021435
-0.015864
0.070070
-0.064220
-0.098897
0.005649
0.137769
0.045213
-0.080865
0.116390
-0.093560
0.087671
-0.055854
-0.006443
0.031904
0.075700
-0.007333
-0.051086
-0.087206
0.071742
0.094558
-0.085959
0.074680
-0.086704
0.057936
0.122702
0.224251
-0.077725
0.166324
0.055216
-0.082801
0.140194
-0.019707
-0.061423
-0.056704
0.025455
0.021065
0.036906
-0.186521
-0.002632
0.064907
0.079170
-0.053143
0.068072
0.107203
0.016717
0.084211
0.030984
0.006672
0.095056
-0.101161
0.001961
-0.007207
0.075541
0.062002
-0.077256
-0.090529
-0.081504
0.125708
0.121324
0.178652
0.111496
-0.036789
0.063497
0.009540
-0.053577
-0.089185
-0.108344
0.037877
-0.051490
-0.039871
0.094909
-0.066459
-0.060189
-0.158686
0.042809
0.182797
0.171308
-0.141935
-0.084768
-0.181435
-0.161381
0.031546
0.149860
-0.079107
0.079912
0.189295
0.017113
0.145820
0.098309
-0.052275
-0.015027
0.005920
0.186786
-0.031059
-0.093621
0.171642
0.114882
-0.078103
0.020976
0.151316
-0.037976
-0.203312
0.154057
0.103328
-0.029810
-0.109401
-0.136837
0.127754
0.022694
0.007750
-0.057099
0.060918
-0.023252
-0.056167
0.021172
0.076635
-0.033341
0.138618
-0.077350
-0.090124
0.096237
0.022957
-0.196046
0.095323
0.077372
0.110660
0.084841
0.073404
0.070090
-0.018890
0.047311
-0.025467
-0.114534
-0.033262
-0.077811
0.019480
-0.170194
0.012361
-0.105326
0.052579
0.040126
0.060867
-0.144903
0.026756
0.022326
-0.041893
0.177550
-0.015036
-0.091727
-0.152645
-0.083238
0.111273
-0.093049
-0.064171
-0.127007
-0.063583
-0.039845
-0.156700
0.096152
-0.038644
-0.013357
-0.036941
0.062821
-0.005748
0.122503
0.027704
0.060120
0.091133
-0.155264
0.161532
-0.077634
-0.034660
0.051033
-0.068309
-0.132422
0.013300
-0.028157
-0.010862
0.132233
0.095692
-0.029431
0.039519
0.202468
0.122156
0.118360
0.079753
0.107060
-0.197201
0.084590
0.085602
0.049058
-0.111044
0.107205
-0.141274
-0.010581
-0.003574
-0.144991
-0.061734
-0.025774
0.125417
0.084014
-0.063278
-0.063823
0.089419
0.106236
0.048350
-0.116958
0.022636
0.059777
0.019539
-0.050917
-0.071373
0.022631
0.065097
0.087126
-0.059001
-0.102902
0.136677
-0.095467
0.014672
-0.002540
0.009741
-0.110365
0.088434
-0.095720
0.063223
0.041695
0.168455
0.021406
0.159221
-0.132860
0.071796
0.099267
-0.032879
-0.128745
0.014216
0.119117
0.019280
0.003735
-0.079099
0.054546
-0.151219
0.009179
-0.085092
-0.059862
-0.008863
0.005770
0.076196
-0.035054
0.070949
0.035241
-0.062113
0.050950
0.086138
0.063918
-0.108985
0.051767
-0.063356
0.209599
-0.115140
-0.005435
0.047812
0.118214
0.118791
-0.019723
0.046761
-0.065134
-0.074525
-0.093737
0.047942
0.005642
-0.023179
0.061146
0.105536
-0.037418
-0.084435
-0.123479
-0.079300
-0.022532
0.053753
-0.016129
-0.104240
-0.082192
0.104374
0.045534
-0.062967
-0.035944
-0.028270
-0.119608
-0.048062
-0.098832
0.030183
-0.050762
-0.050221
-0.063812
0.092100
-0.101752
-0.035254
0.032991
-0.059032
0.096182
-0.047976
0.131040
-0.050160
0.111731
0.019568
0.099056
0.085281
0.053896
0.072381
-0.004430
0.054248
0.116134
0.066998
0.132882
0.028946
0.012160
-0.147486
-0.056575
0.112082
0.021230
-0.145652
-0.136583
0.108441
-0.056254
0.035561
0.121861
0.171555
-0.125106
0.022612
0.120578
-0.035929
-0.172464
-0.143410
-0.149578
-0.006268
-0.174242
0.045671
0.121071
-0.051728
-0.004257
0.011522
0.103936
0.139363
0.103838
0.003280
-0.087583
0.186217
0.030295
0.094696
-0.034893
0.073175
-0.038071
0.197512
0.094942
0.008071
0.167201
0.138569
-0.005298
-0.065239
-0.089889
0.152328
0.102705
0.055501
0.040076
0.110920
-0.203600
-0.007723
-0.035621
-0.136474
-0.023357
0.038741
0.046263
-0.131864
0.150466
-0.017705
-0.102171
-0.084877
-0.016332
0.125025
0.023131
-0.048878
0.012717
-0.008180
0.063111
-0.015537
-0.010379
0.017293
-0.073219
0.011518
0.110268
-0.152693
0.041663
0.001656
-0.080284
-0.076583
0.008182
-0.013676
-0.165148
-0.186032
0.047265
-0.109995
-0.053512
0.005833
-0.115528
-0.003237
-0.124025
-0.158172
0.006573
0.007963
0.031691
0.056747
0.115047
0.049333
0.050078
0.014369
-0.040581
-0.185316
0.086512
0.061079
-0.089264
0.088010
-0.076460
-0.154775
0.065541
-0.026210
0.048794
0.098979
-0.005100
0.162356
-0.092261
-0.044395
-0.040493
0.122168
-0.141746
-0.063574
0.160353
0.105374
0.150210
0.077641
-0.117223
-0.025346
-0.135727
0.031736
-0.023543
0.060321
0.082349
0.085055
-0.135539
0.119161
-0.089160
-0.024782
0.027541
-0.015334
-0.039669
-0.062175
0.006609
0.013277
-0.132622
-0.028116
-0.122113
0.144079
0.099418
0.068173
0.027569
0.134093
0.133890
-0.108012
0.136897
-0.136412
-0.081618
-0.013516
0.000036
-0.035773
-0.088906
-0.059046
0.101096
-0.094714
-0.014912
0.096578
-0.122244
-0.102305
-0.151241
-0.045191
0.050015
-0.003388
0.057398
-0.084272
0.042517
0.096099
0.135370
-0.193087
0.041129
-0.067098
-0.073553
-0.052006
-0.176230
-0.083910
0.035991
-0.085882
-0.040689
0.048000
-0.122026
-0.122762
0.132752
-0.085402
-0.140793
0.077298
-0.158336
0.068401
0.132829
-0.043142
-0.016201
0.036131
0.115658
-0.017450
-0.109173
-0.131588
-0.061442
-0.054207
0.008947
-0.065567
0.012837
-0.155143
0.093529
-0.036937
0.013452
-0.142792
-0.050062
-0.124443
-0.066860
0.108001
0.038398
-0.063975
-0.059885
0.084098
-0.031020
0.003549
0.072401
-0.053079
-0.070178
0.087277
0.026615
-0.035240
0.063873
-0.044800
0.080042
-0.142700
-0.167362
-0.085227
-0.032607
-0.138179
-0.034480
0.086848
0.076170
-0.008377
-0.051655
-0.014296
0.127587
-0.003088
-0.068094
-0.000099
-0.086234
0.018284
-0.001928
0.136438
-0.091437
0.043415
-0.004608
-0.030521
-0.055402
0.205812
0.120681
0.007122
-0.115590
0.013265
-0.016055
-0.016022
0.010454
0.092452
0.017013
0.002166
0.015520
0.004227
-0.000393
-0.084612
-0.091010
0.099873
0.034782
-0.036789
0.027034
-0.099507
-0.143188
-0.038895
-0.030673
-0.124785
0.125030
0.052692
0.008525
-0.051457
0.094747
-0.001155
-0.138228
-0.043552
-0.087401
0.114664
0.071697
-0.034808
0.077349
-0.025966
-0.142899
-0.102314
-0.050691
-0.067209
0.087554
0.065501
0.090606
0.149518
-0.090269
0.150620
-0.068881
0.093877
-0.039399
-0.055167
-0.167839
0.125463
0.002769
0.023266
0.115444
-0.025162
-0.103848
-0.010502
-0.009472
-0.091536
-0.008982
-0.186656
-0.109432
0.122085
-0.021263
0.054826
0.014406
0.079166
-0.164088
0.087999
-0.068178
-0.004321
-0.139110
0.080082
-0.118597
-0.003971
-0.105865
0.064231
0.178728
-0.131855
-0.076979
0.132292
-0.110469
-0.097229
0.132729
-0.031202
0.060792
0.087097
-0.169959
0.050122
0.160603
0.144648
-0.024502
-0.022600
0.070847
-0.057439
-0.113131
-0.051169
0.072514
0.072057
0.000999
-0.116794
0.070874
0.004624
-0.017285
-0.053296
-0.085609
-0.102336
-0.002011
-0.109289
0.131331
0.121622
0.108448
0.083158
0.117021
-0.154013
0.025538
0.089887
0.008682
0.174735
0.057300
0.004218
-0.087103
-0.070071
0.038678
0.061910
0.139084
0.017660
0.045558
-0.023742
0.175129
0.000164
0.151193
0.065329
0.090313
-0.010307
0.084608
0.068892
0.053306
-0.146557
-0.003864
-0.066856
-0.018693
0.083884
-0.144459
0.090861
-0.074895
-0.020437
-0.054188
-0.130626
-0.078938
0.053082
-0.181707
0.059632
-0.129488
-0.036547
0.162658
-0.008186
0.145310
0.044270
-0.055337
0.098444
0.012963
0.038934
-0.074055
-0.126623
-0.031079
-0.033890
0.139697
0.153441
-0.042380
-0.063174
-0.047264
-0.125739
-0.047970
-0.080791
-0.119351
0.047307
0.159576
-0.100046
-0.070234
0.041071
-0.082667
-0.067371
0.106086
0.142921
0.081366
0.093394
0.132955
0.002572
0.098107
-0.156534
-0.052644
-0.117388
0.111548
-0.041392
0.062526
0.002673
0.085149
-0.179424
-0.015194
0.057107
0.058700
0.002012
0.145346
0.101501
0.032759
0.151310
0.174791
-0.178261
-0.094561
-0.076181
-0.075956
-0.040037
-0.081264
-0.082667
-0.061867
-0.127850
-0.010221
-0.085876
-0.065792
-0.060712
0.084676
-0.023877
-0.039460
-0.055285
0.116429
-0.096341
-0.038393
0.018487
0.006346
-0.140567
0.152122
-0.084133
0.054093
-0.037446
0.136606
-0.112142
0.054534
-0.051778
0.028186
0.025307
0.104175
0.081322
-0.070514
-0.067578
-0.089298
-0.028406
0.038269
-0.049924
0.095209
0.069980
0.054075
-0.037072
-0.046721
0.034997
0.060291
-0.108240
-0.031374
-0.023570
0.057840
0.142848
0.062265
0.020419
0.071715
-0.061227
0.058740
0.135560
-0.138053
0.121580
-0.068230
-0.009909
-0.064143
0.190634
0.094238
-0.005732
-0.097448
0.052779
0.041816
0.022193
-0.019698
0.131057
0.006626
-0.039939
0.005100
0.124101
-0.134435
0.006636
-0.024559
0.141245
-0.008198
0.095050
0.138992
0.033025
-0.060006
0.063400
0.139478
-0.001080
-0.063300
0.056517
-0.036015
0.004003
0.118037
0.088740
0.072550
-0.100554
-0.028865
0.024160
-0.126314
0.050717
0.170699
0.142104
0.041639
-0.066515
0.097252
-0.121870
0.036763
-0.083006
0.079527
0.032156
0.036410
-0.062587
-0.060569
-0.083933
-0.103194
-0.013675
0.132337
-0.088524
-0.154823
0.108635
0.066675
-0.105032
0.036225
0.029575
-0.076478
-0.070155
0.040367
-0.012469
-0.060605
-0.178268
0.140004
-0.081818
-0.049574
-0.085725
0.070845
0.070411
-0.099735
0.038461
-0.025973
-0.138579
-0.051563
-0.010926
-0.065063
-0.048380
0.072530
-0.160895
-0.126471
-0.006449
-0.019079
0.150776
-0.060540
-0.153903
-0.172633
-0.061927
0.127063
0.036866
0.058352
-0.043457
-0.100680
0.092208
-0.120753
0.127316
0.073598
-0.018665
-0.029036
0.012029
0.000970
-0.065067
0.042167
-0.075751
-0.107062
0.001017
0.105719
0.167491
0.013685
0.028250
0.203920
0.142979
-0.148118
0.079767
0.093402
0.036587
0.042367
-0.053545
0.157741
0.026789
-0.135741
0.013186
0.034487
-0.076153
-0.115331
0.167128
0.024651
0.006575
0.091917
-0.050961
0.040598
0.130032
-0.024837
-0.006163
0.124164
-0.005578
0.078107
-0.063999
-0.166759
0.119036
-0.020195
0.003097
-0.008306
0.160287
0.039841
0.067250
-0.136279
0.085360
-0.016673
-0.020359
0.060369
0.059935
-0.049141
-0.096250
0.009255
0.067523
0.050197
-0.116685
-0.042593
0.185319
-0.083113
0.052575
-0.087366
-0.017328
0.004508
-0.143514
0.038584
-0.082987
0.000569
0.015908
0.004714
-0.044734
0.031962
0.178776
-0.020693
0.068401
-0.023954
0.050682
-0.039273
-0.047653
-0.102224
0.052218
0.108239
-0.068087
-0.088679
0.075383
0.114119
-0.071279
-0.089488
-0.066778
0.122113
0.008199
-0.107784
-0.162253
0.039898
-0.096866
-0.000992
0.174874
-0.077727
-0.051423
0.045452
0.086725
-0.069776
-0.046505
-0.059445
-0.125734
-0.000593
0.084094
-0.048058
-0.013190
-0.130584
-0.014958
-0.079853
-0.054635
0.144111
0.183197
0.044211
0.008091
-0.022879
-0.014853
-0.030930
-0.019640
-0.074741
0.117264
-0.051107
-0.012076
-0.025431
-0.005858
-0.092405
0.014800
0.071698
0.077626
0.176539
-0.039775
-0.009176
0.188701
0.130476
0.124180
-0.083830
0.055439
0.099006
0.019958
0.046597
-0.051771
0.083278
-0.061111
-0.085444
-0.098871
-0.068434
-0.080830
0.051139
-0.135732
0.062597
-0.068589
-0.088838
0.139015
-0.140239
-0.009091
-0.091645
-0.050453
-0.053453
0.109704
-0.056091
-0.103126
0.115420
0.033070
0.026047
-0.144160
0.147034
0.054580
-0.092923
0.017470
0.054457
0.053619
0.133701
0.029252
-0.069724
0.064783
-0.018900
0.053177
0.108136
-0.016403
0.040757
-0.003216
0.015116
-0.149974
0.158881
-0.036026
-0.027304
0.022718
-0.084883
-0.071363
-0.060609
0.028593
-0.017282
-0.089305
-0.000389
0.007595
0.051392
0.095182
-0.062577
-0.090756
0.012260
-0.146456
0.055505
-0.082628
0.126988
-0.134353
0.114568
0.061797
0.029172
0.068569
-0.014284
-0.021036
-0.110874
-0.017844
-0.064871
-0.051943
0.080363
0.021776
0.042315
0.113975
-0.000224
-0.019920
0.099843
0.087776
0.005245
0.141133
-0.070660
-0.052591
0.048947
-0.008453
0.054534
0.066108
0.119396
-0.157191
0.048802
0.070901
-0.061232
0.006067
0.053002
0.041771
0.027400
-0.066493
-0.016256
0.045674
-0.122294
-0.057393
-0.089580
0.015453
-0.122796
-0.018321
0.013776
-0.100352
0.025207
0.113606
-0.106106
-0.036333
-0.132610
0.032763
0.001701
-0.056851
-0.152355
0.092450
0.007517
-0.049226
0.061526
-0.006503
0.163245
-0.095394
0.087329
0.068847
-0.095002
-0.017008
-0.126158
0.138447
0.004792
0.023653
-0.010784
0.061772
0.007527
0.064955
-0.128072
0.033212
-0.170638
-0.020968
0.088854
0.076153
-0.012606
0.125945
0.022350
0.039555
0.059881
0.173464
0.132138
-0.002814
-0.175826
-0.023132
-0.118791
0.047417
0.197982
0.002092
-0.137306
-0.038173
0.127530
0.097897
-0.068150
0.057153
0.018012
-0.011816
-0.133199
0.050757
0.041832
-0.016046
0.024036
0.001679
-0.036355
-0.134279
0.142456
-0.029628
0.083166
0.088939
0.087936
-0.182178
-0.034430
-0.094836
0.041655
-0.081202
-0.147572
0.017890
0.040809
-0.001633
-0.037334
-0.022363
0.050834
0.031926
-0.042023
0.049210
-0.150818
-0.079162
0.042856
-0.096283
0.059597
0.029850
0.129933
0.104735
0.095662
-0.029012
-0.027022
0.097596
0.022453
-0.009443
0.074862
0.079255
0.034084
-0.043056
0.072815
0.112014
-0.027361
0.102108
0.031691
0.086443
-0.079238
0.062797
0.064664
0.095086
0.012817
0.071458
0.069205
-0.078484
0.134943
-0.073159
0.132257
0.179679
-0.043184
-0.065779
0.133430
0.121596
0.052876
-0.169634
-0.067100
-0.094503
-0.016744
0.088385
-0.075762
-0.076530
-0.053910
-0.035095
0.122827
-0.120942
-0.036348
0.131265
-0.036520
0.110492
-0.006972
0.037307
0.034207
0.055709
0.112849
0.144138
-0.024834
0.031347
0.053520
0.027984
0.007702
0.080194
0.127292
-0.010712
0.036222
0.026669
0.041963
0.050814
-0.027972
0.081479
0.137430
-0.015246
0.136733
0.134269
0.048323
-0.030226
0.142240
0.073186
0.050847
0.120674
-0.126200
-0.042999
-0.044584
0.168101
-0.040823
-0.056867
-0.099709
-0.088369
0.040018
0.037321
0.128358
0.155128
-0.014568
0.068890
-0.097007
0.054210
0.116768
-0.121502
-0.009168
-0.112105
-0.050490
0.042821
-0.070300
-0.018758
-0.052975
0.133996
-0.162025
-0.047802
0.028075
-0.081286
0.163468
-0.150242
-0.127282
0.037410
-0.107400
0.091815
0.120543
-0.079344
0.139544
0.045170
-0.108695
0.043702
-0.005768
-0.008991
-0.132140
0.117173
-0.011251
0.082064
-0.135747
0.069780
0.007574
-0.052230
-0.019087
-0.092053
-0.024014
0.038339
0.042786
0.139899
-0.022886
-0.105972
0.034002
-0.061513
0.054743
0.107440
0.137686
-0.063206
-0.032900
0.105078
-0.044341
0.060448
0.073551
-0.158813
0.051326
-0.047893
-0.049988
-0.104491
-0.062859
0.051643
-0.163795
0.058691
0.186003
-0.112381
0.060607
0.041927
0.168208
0.080414
0.020886
0.107290
-0.048389
-0.052569
-0.007693
-0.178865
0.025615
0.124218
-0.080657
0.073203
-0.035560
-0.121274
-0.038909
-0.018173
0.038918
0.022607
0.123069
0.142544
0.064050
0.021149
-0.027449
-0.121174
0.118656
-0.030217
0.095552
0.060048
0.087807
0.142760
0.033993
-0.038957
0.077806
-0.001489
-0.093568
-0.160868
0.112363
0.066260
0.019038
-0.017807
-0.084429
-0.018171
0.083845
-0.065213
-0.127468
-0.012974
0.082650
0.026874
-0.004749
0.050311
0.027215
0.021632
0.009426
0.151597
-0.042566
-0.118494
-0.124220
0.196559
0.008088
-0.130911
-0.091718
0.128276
0.019451
0.090472
-0.064691
-0.160430
-0.058798
-0.171437
-0.104352
-0.120475
-0.107454
0.162040
-0.138752
0.000853
0.016212
-0.032201
-0.018179
-0.029845
0.083056
-0.116532
-0.012578
-0.096373
-0.029158
0.092693
0.005520
0.029528
0.103053
0.161878
0.092345
0.042456
0.020382
-0.065739
-0.041552
-0.122840
0.070553
0.038101
-0.118803
0.140582
0.011279
-0.061453
-0.068152
0.128309
-0.027487
0.052627
-0.021787
0.047891
-0.001975
-0.128313
0.063652
-0.064483
0.038119
0.119507
0.127473
0.113235
0.062397
0.032546
0.100580
0.006123
-0.168770
0.001608
-0.000052
0.142772
0.044171
0.009181
-0.171262
-0.062558
0.074555
0.148781
-0.054574
0.050616
0.159958
-0.164029
0.006326
-0.192062
-0.124097
-0.073114
-0.107521
-0.101700
0.053129
-0.055198
-0.184346
-0.045101
-0.082833
-0.164598
0.053869
-0.015170
0.054292
0.157648
-0.101997
-0.116596
0.046841
-0.134712
-0.052182
-0.026166
-0.188643
0.051422
-0.080558
-0.157483
0.031248
-0.098071
-0.043579
-0.045077
0.096612
-0.015473
-0.100038
0.061993
-0.037989
0.036243
-0.033786
-0.012112
-0.126545
-0.084457
0.059694
-0.031537
0.002506
0.072650
0.009146
-0.186415
0.081801
-0.102115
-0.075278
0.082400
0.121102
-0.026077
0.030540
-0.099142
-0.123568
0.031636
-0.102935
-0.115261
-0.149030
-0.012667
-0.022636
-0.026048
0.096711
0.120830
0.023148
-0.079429
0.038857
-0.047813
0.085033
-0.096375
0.022236
-0.014322
0.175939
-0.033050
-0.002552
-0.120729
-0.076276
0.074459
-0.011736
-0.019645
0.142719
-0.031128
0.069607
0.139286
0.223078
-0.070252
0.039907
0.068992
-0.190111
0.064870
0.055528
0.087050
-0.033302
-0.028247
-0.001133
0.131114
-0.095119
0.091719
-0.102980
0.061571
0.027181
-0.203733
0.019094
0.189670
-0.022093
0.033525
0.120328
0.047818
-0.017853
-0.082800
-0.079118
0.099252
0.119586
-0.019768
-0.005514
-0.030628
-0.070841
-0.051872
0.134134
0.078350
-0.149810
-0.080901
-0.084766
0.099890
0.072617
0.029114
0.085460
0.011679
-0.075377
0.174485
-0.054219
0.022278
-0.089997
-0.048339
0.083804
0.009340
-0.020734
-0.052598
0.003195
0.017223
0.090814
-0.092013
0.105907
-0.074610
-0.008786
0.014873
0.008747
0.043629
0.085096
-0.025039
-0.093907
0.128159
0.048541
0.028214
0.088077
-0.008040
-0.063339
-0.099233
0.110478
-0.007853
0.121445
0.126862
0.078665
0.061462
0.044251
0.154067
0.023121
-0.099251
-0.151482
0.125451
-0.166043
-0.147246
0.005514
-0.001553
-0.061131
-0.094871
0.089838
-0.018589
-0.143181
-0.069787
-0.118805
0.070820
-0.090679
-0.000237
0.111831
0.001799
0.073096
-0.057007
0.095056
0.049280
-0.016739
0.206235
0.033375
-0.025847
0.003198
0.015934
-0.037682
-0.112492
-0.157618
-0.038685
0.038243
-0.104624
0.030905
0.116812
0.076384
0.213900
-0.104135
0.109475
0.046853
-0.046234
0.143571
0.076087
-0.048660
0.106055
-0.126778
-0.039540
-0.000131
-0.038727
0.120122
-0.041637
0.151854
0.063511
0.110119
0.026618
0.075505
0.145604
-0.040185
0.042895
0.000853
-0.020894
-0.002053
0.037149
0.027111
0.126170
-0.020118
0.212382
0.099306
-0.075352
-0.122775
-0.027042
-0.013044
-0.045576
-0.125414
-0.010178
-0.016017
-0.016266
-0.051641
-0.041574
-0.121495
-0.138741
-0.119650
0.008245
-0.005517
-0.149526
0.019032
-0.164642
-0.038270
0.072918
-0.105563
0.005038
-0.012391
-0.011221
0.089076
0.156009
-0.169815
0.157515
-0.146227
-0.073417
-0.101522
0.069887
-0.110554
-0.013998
0.095101
0.177952
0.035747
-0.011209
-0.013871
0.103676
-0.101206
-0.093185
0.124627
-0.012233
-0.131642
0.133537
-0.010584
0.055834
-0.126200
0.113758
0.181308
0.016082
-0.133950
-0.131056
0.008322
-0.053548
-0.062882
0.114849
0.058153
-0.046968
0.164309
-0.033220
0.053920
0.008381
-0.019923
0.030950
-0.016147
0.111627
-0.087276
0.073452
0.132806
0.066556
-0.086989
-0.147291
-0.026746
-0.087875
0.023970
-0.051125
0.021582
-0.133041
0.074097
0.092991
0.049010
-0.072754
0.157680
0.021792
-0.014286
-0.102987
-0.087865
-0.051848
-0.063304
0.143980
-0.040820
-0.029968
0.060776
0.170316
0.073996
0.038250
-0.070349
0.062960
-0.025306
-0.127635
-0.021161
-0.052076
0.068445
-0.011598
0.130059
-0.016113
0.149346
-0.021537
-0.002231
0.150729
-0.097340
-0.099383
0.017021
0.018697
0.037346
0.047773
-0.019998
0.067997
-0.073894
-0.045021
-0.033789
0.017389
0.035730
-0.000355
-0.020484
-0.062681
0.066539
-0.099089
-0.147866
0.086515
-0.097396
-0.108217
-0.153402
0.089041
-0.092799
-0.142173
-0.082789
0.158573
0.001416
0.042377
-0.157775
0.131656
0.142766
0.120324
0.089822
-0.047528
0.159308
-0.122048
0.146061
0.047668
-0.061151
-0.170593
-0.016373
0.052151
0.078796
-0.028016
0.076814
-0.119858
0.098293
0.026025
0.030836
-0.076988
-0.110672
-0.017845
0.150432
-0.055750
-0.023940
-0.098094
0.111738
0.097880
-0.003419
-0.100898
-0.044276
-0.036250
0.114682
0.059104
-0.026524
-0.051249
0.080540
0.178044
-0.079441
-0.046596
-0.055125
0.165123
0.146887
-0.076364
0.167657
0.011615
-0.149855
-0.123193
0.119473
0.078901
0.024580
-0.073531
-0.180950
0.105859
-0.025190
0.132788
-0.024679
0.018759
0.081047
-0.036455
-0.067273
0.034658
0.042436
0.029487
0.065294
-0.049464
0.053910
0.097155
0.063788
-0.076595
-0.013098
0.072766
0.083341
-0.102511
0.093179
0.093590
-0.014196
0.047569
-0.123929
0.084607
-0.171659
0.056689
0.044204
0.035946
0.014182
0.005231
0.141642
-0.129802
-0.132237
0.025519
-0.015279
0.000192
0.014257
-0.005915
-0.070911
0.053829
0.032024
0.153561
-0.094047
-0.021375
-0.022035
-0.021202
-0.139385
-0.051886
0.136699
0.047738
-0.098459
0.039112
0.137041
0.092771
0.043726
-0.166412
-0.082304
0.101475
-0.072501
-0.100132
0.092880
-0.061404
-0.128986
0.073754
-0.060163
-0.186138
-0.035452
0.057612
0.068965
-0.046154
-0.024746
0.167445
-0.103582
-0.011133
0.119704
0.058553
-0.064350
0.018216
0.054308
-0.096233
-0.070378
-0.082391
0.139078
0.168871
-0.047967
0.052437
-0.117033
-0.120232
0.096175
0.036206
0.079936
-0.099789
0.084628
-0.012382
0.128776
0.003485
-0.037971
-0.173277
-0.087602
-0.074616
0.005173
-0.004816
0.018092
0.085283
0.002062
0.039012
0.038215
-0.138815
0.103128
-0.133282
-0.012033
0.013419
-0.142621
-0.094859
-0.136425
-0.065046
-0.106973
-0.030372
0.055397
0.116574
-0.107965
-0.062503
-0.119158
-0.092270
-0.108435
-0.047232
-0.048451
-0.033652
-0.021315
0.182695
0.110583
-0.174085
-0.022281
0.116671
-0.051421
0.071018
-0.125163
0.097459
-0.017616
0.161357
-0.086822
0.040420
0.051943
0.141328
0.075079
-0.162434
-0.043555
0.013521
0.119068
-0.065677
-0.108601
-0.092686
0.081061
0.027008
-0.103114
0.166211
0.105293
-0.009613
-0.137014
-0.040442
-0.088575
-0.005036
-0.025854
0.051430
-0.054599
0.077004
0.057788
0.115810
0.051898
-0.109602
-0.061727
-0.096573
0.098056
0.007639
-0.030862
-0.084324
-0.077718
0.049433
-0.085252
0.061819
0.079829
-0.083289
0.049005
0.112337
-0.030084
-0.066959
-0.054332
-0.220696
-0.015727
-0.076859
0.065542
0.024092
0.044050
-0.017887
-0.061822
-0.025474
-0.034656
0.180799
0.004175
0.012600
0.032914
0.084151
-0.030220
-0.083681
0.005652
0.015462
0.004659
0.021649
-0.080939
0.009305
-0.141573
-0.011648
-0.118059
0.032372
0.113628
0.021935
0.163470
-0.052974
0.115401
0.096824
0.050060
0.065437
-0.126190
0.103564
-0.054104
0.068621
-0.037972
0.013236
-0.127121
-0.015778
-0.085284
-0.078071
-0.002366
0.048568
-0.187770
0.117735
-0.142112
0.000858
-0.028942
-0.084410
0.101883
0.125370
0.110073
-0.107707
-0.053185
0.081948
0.047961
0.127345
0.107781
0.162022
-0.001432
0.003668
-0.077391
0.040420
-0.088745
-0.053148
0.003676
-0.027491
0.047674
-0.076256
0.015661
-0.129387
0.006668
0.020676
-0.016854
-0.074493
0.090023
-0.016984
-0.038176
-0.055727
0.164521
0.041620
-0.036299
-0.081296
-0.115309
-0.035956
-0.044441
-0.146499
0.102728
-0.159085
-0.090118
-0.043072
0.128612
0.053865
-0.021034
-0.129510
-0.016839
-0.041887
0.077057
-0.026684
0.093515
0.062396
-0.056790
0.097999
0.066126
-0.058187
0.119979
-0.109629
-0.026392
0.052445
0.162090
-0.028391
0.008559
0.010275
0.061611
-0.045359
-0.017443
-0.004063
-0.054129
-0.030828
0.047997
0.011743
-0.058408
-0.000219
-0.061954
-0.063891
-0.047008
-0.013555
0.008467
0.057437
0.118672
0.111169
-0.100848
0.029265
-0.126737
0.060866
-0.036090
0.099665
0.024723
0.065866
-0.126151
-0.051647
-0.062936
0.113458
-0.117020
0.048815
-0.045458
-0.012066
0.039354
0.018438
-0.061666
-0.014724
0.086803
0.075095
-0.110050
-0.040398
-0.035801
-0.037054
-0.100747
-0.070800
-0.066607
0.157679
-0.093656
0.061851
0.085627
0.122243
0.149030
-0.043973
0.070226
-0.024592
-0.031401
0.029382
0.091878
0.029096
-0.045310
-0.158597
-0.019890
0.008349
0.002241
0.035503
0.143520
-0.137994
0.049205
0.173580
-0.145226
0.058159
0.133730
-0.004155
-0.167627
-0.039654
0.013138
0.160800
0.173336
0.087619
-0.013995
-0.074435
-0.042985
0.058615
0.023625
-0.034281
-0.115164
-0.030539
-0.066687
-0.057802
-0.157697
0.055639
-0.024566
0.014103
-0.105265
0.065013
-0.162544
0.040055
0.105408
-0.015393
-0.062683
-0.012794
0.099093
-0.098034
-0.056032
0.076774
-0.177546
0.089624
-0.117346
0.079664
-0.131986
-0.019599
0.119079
0.013238
0.096844
0.121228
0.106460
-0.066660
-0.025174
0.046819
0.034722
-0.047642
0.138136
0.087185
0.110232
0.050728
-0.049462
-0.002062
-0.027439
-0.024935
0.102312
0.032992
-0.128691
0.011374
-0.237079
-0.069502
0.050186
0.036045
-0.128995
0.053737
-0.086558
-0.198072
0.031100
0.045731
-0.026871
0.030118
-0.117843
-0.021244
-0.051244
0.087704
0.010473
-0.172629
0.094897
-0.083837
0.097696
-0.041331
-0.194257
-0.116838
-0.028412
-0.121200
-0.009346
0.127409
-0.019556
0.102390
-0.067788
-0.027862
-0.119530
-0.178950
0.035718
-0.044051
-0.074324
-0.096390
0.010420
-0.123342
-0.011471
0.089473
0.043505
0.065513
0.059110
0.158560
0.097503
0.155195
0.111623
-0.088198
-0.077679
-0.117273
0.106482
0.033241
0.193849
-0.101996
-0.206453
0.024852
-0.054253
-0.206486
-0.149363
-0.136920
0.042730
-0.044034
0.123462
-0.091320
0.108007
0.035412
0.011054
0.050367
0.119298
0.023533
0.037588
-0.036808
-0.122774
-0.111339
-0.127388
0.003897
0.036749
0.010973
0.019078
-0.071031
-0.059381
-0.052353
0.103584
0.060536
0.059209
0.002766
-0.132103
0.044923
-0.128014
-0.021247
0.107684
0.001760
-0.054764
-0.051913
0.054254
-0.037746
-0.143825
0.085064
-0.000572
0.008043
-0.023245
0.105008
0.036436
0.029696
-0.004350
0.066069
0.151481
0.141083
-0.094404
-0.075516
0.064749
0.000422
-0.175594
-0.191793
0.071612
0.050199
0.112643
0.123880
-0.097212
0.098437
-0.048157
-0.116304
0.008091
-0.084336
-0.004410
0.039855
0.063256
-0.184247
0.081824
-0.163632
0.117346
0.010807
0.058613
-0.051447
0.039096
0.142268
-0.063054
-0.128015
0.058468
-0.040937
0.063868
-0.005251
0.029257
-0.011929
0.038405
0.053764
-0.093932
-0.165469
0.094560
-0.110534
-0.005195
0.100924
-0.103614
0.049920
-0.020840
-0.091937
-0.030476
0.011690
0.145203
0.174440
-0.125511
-0.081349
0.049581
0.040610
0.055160
-0.173595
-0.081528
-0.018685
-0.136025
-0.083254
-0.026388
-0.000092
0.156513
0.032372
-0.028116
-0.025529
0.129361
-0.056416
0.122865
0.065094
0.015192
-0.122163
0.029953
0.025219
0.024523
0.038543
0.022774
-0.063748
0.164013
-0.016099
-0.005625
-0.100184
0.089835
0.087789
0.008578
0.102278
0.036257
0.084024
0.057171
-0.007834
0.166201
0.037805
0.038918
-0.072180
0.174944
-0.006602
0.032044
-0.014131
-0.037533
0.089309
-0.082711
0.073587
-0.124308
-0.007469
-0.100219
-0.133505
-0.034954
-0.076785
0.005248
-0.208354
-0.121605
-0.045530
0.013864
-0.112871
-0.072813
0.022032
0.053424
-0.099934
-0.010664
0.024375
0.046002
-0.017096
-0.028535
0.053101
0.112927
-0.099527
0.046087
0.086911
0.080058
-0.003413
0.088114
-0.024061
0.009104
0.110177
0.015491
0.130181
-0.051362
0.149687
0.016771
-0.033842
0.051065
0.024255
0.039418
-0.024692
0.008772
-0.063145
-0.048691
-0.172836
0.143674
0.018047
0.080867
-0.143127
-0.088372
0.107566
-0.080158
-0.075372
-0.166767
0.001891
0.130361
0.145594
-0.048800
-0.024481
0.109686
0.149313
-0.181009
-0.029125
0.069672
-0.037982
-0.177672
-0.007962
-0.027706
0.017993
0.046615
0.167952
-0.044450
0.000767
0.150382
-0.114075
-0.124063
-0.007758
-0.038184
0.122104
0.122500
-0.038334
-0.128543
-0.133085
0.038970
0.089734
0.098210
0.008054
-0.040934
-0.024948
0.025846
-0.057276
-0.087598
0.256462
0.064549
0.038020
-0.144818
0.172811
0.103650
-0.019976
0.103631
0.048335
-0.139137
0.049334
-0.176967
0.011345
0.019348
0.035310
0.109486
0.048604
-0.147460
-0.025808
0.071239
-0.038040
0.089163
-0.071174
0.065681
-0.072364
-0.116847
0.117380
0.130999
0.045308
-0.065488
0.142141
-0.033740
0.053178
-0.014934
0.035910
-0.050306
0.051288
-0.041183
0.009722
0.073526
0.092296
-0.137787
-0.109435
-0.063956
0.046716
0.068392
-0.156144
-0.012027
0.077835
-0.016286
0.077868
0.141647
-0.065955
0.028034
0.060835
-0.146139
0.010716
-0.078948
0.070929
0.057735
0.047047
-0.074368
-0.021840
0.047179
-0.031548
-0.131264
0.017134
0.144157
0.046445
0.052407
-0.064054
0.147921
-0.003979
-0.084574
-0.007571
-0.117358
-0.120832
-0.105673
0.080911
-0.060957
-0.109884
-0.053144
-0.031902
0.041866
-0.158071
-0.054201
0.095307
-0.004264
-0.184507
0.147039
0.036855
0.074949
0.016782
0.011140
-0.040376
0.115155
0.037803
0.112497
0.140145
0.018931
0.048521
0.070787
0.104933
0.067922
-0.003649
0.053418
-0.083603
-0.083964
0.155037
-0.010549
-0.124415
0.064194
0.083834
-0.041219
-0.132366
0.090133
0.099906
0.116656
-0.065587
0.071371
0.065171
0.070338
0.115451
0.049215
-0.001738
0.120871
-0.060661
-0.050124
-0.074874
-0.102147
-0.157667
-0.048139
-0.001701
-0.100612
0.006999
0.023440
0.044180
-0.182047
0.061151
0.021872
0.126723
-0.053599
-0.019815
-0.090935
-0.021011
0.094131
0.146723
0.035280
0.165596
-0.049874
0.057425
0.180965
0.093565
-0.022621
0.106519
0.163277
-0.027182
0.068312
-0.122646
-0.001552
-0.088840
0.171388
-0.074750
0.077549
-0.191607
-0.102808
-0.117086
-0.061609
-0.010241
0.085921
-0.071428
-0.206639
-0.061601
-0.110248
0.063963
0.141615
-0.033677
0.062943
-0.009451
0.096133
0.209815
-0.046147
-0.045852
0.169558
-0.024269
-0.115149
-0.062570
-0.144647
-0.044207
-0.128550
0.023583
0.090272
-0.080611
0.154158
0.065717
-0.033727
-0.004150
-0.129935
0.047182
-0.142194
-0.058127
-0.063423
-0.067038
0.018830
-0.057428
-0.039548
-0.156133
0.023312
-0.176498
-0.004522
-0.141058
0.056235
-0.040741
0.080410
-0.060545
0.019354
0.039487
-0.001282
-0.192858
-0.111228
0.085883
0.086508
-0.073250
0.011243
0.097223
-0.043605
0.104460
-0.122969
-0.007830
-0.142767
-0.166997
-0.060001
-0.171881
0.180273
-0.106966
0.176074
0.007556
-0.016678
-0.180710
0.142079
-0.063655
0.055759
0.028217
-0.029062
-0.037680
-0.014649
0.054545
0.097681
-0.079962
0.028819
-0.045746
0.106754
-0.051120
0.071384
0.168302
0.090242
-0.029325
0.101722
0.077666
-0.111173
-0.103524
0.133214
-0.060089
-0.081131
0.077823
0.056748
0.039078
0.022761
-0.125573
0.058479
0.052644
0.179453
-0.017183
0.003492
0.014849
-0.045893
-0.093368
-0.058782
0.063122
-0.041000
0.041793
-0.149630
-0.023805
0.152713
-0.078596
-0.122995
-0.028913
0.015351
-0.055669
0.058865
0.155486
0.028686
-0.050134
-0.120365
-0.022455
0.064645
0.159973
-0.066344
-0.104424
-0.036160
0.072308
-0.038659
0.051085
0.024530
-0.046561
0.076329
0.038001
0.090312
0.013795
-0.021055
-0.068916
-0.010450
-0.047301
-0.058858
-0.082631
0.025308
0.077067
-0.018547
0.065532
-0.086553
-0.096580
0.118139
-0.001256
-0.145828
-0.122947
-0.006922
-0.005417
-0.088401
-0.171623
-0.042480
0.145871
0.060111
-0.054993
-0.128491
0.147474
0.154386
-0.019410
0.015788
0.157598
0.034756
0.098101
-0.009259
-0.122664
0.015459
-0.025123
-0.141828
-0.161755
-0.107699
-0.072462
-0.023273
0.183221
-0.159123
0.114110
0.049576
0.045149
0.068974
0.135922
-0.003665
-0.032314
-0.190441
0.051066
-0.075330
0.138269
-0.012702
0.131891
0.032422
0.037088
0.019825
-0.129254
-0.129772
0.170715
-0.010686
-0.123461
0.127397
-0.058768
-0.148252
-0.096868
0.102197
0.080578
0.035571
-0.136682
0.101166
0.024978
-0.081159
-0.161200
-0.130656
-0.133371
0.046950
0.107224
-0.071759
-0.131308
0.002085
-0.067316
0.049632
-0.007420
-0.075963
-0.040616
0.087923
-0.063408
0.132712
0.023262
0.122370
-0.183207
-0.118921
0.102271
-0.072317
0.024100
0.131299
-0.056702
0.108665
-0.056245
0.089056
-0.163224
0.011645
0.110147
0.026699
0.111957
-0.164744
-0.066957
0.043212
0.048083
0.138178
-0.133915
-0.083420
0.056364
0.030165
0.071102
-0.159284
0.059737
-0.054545
0.109686
0.134263
0.090706
-0.016611
0.027260
0.036586
-0.043811
-0.054668
0.107884
0.020650
0.005408
0.162235
0.027913
-0.146355
0.055210
-0.033039
-0.055077
0.104178
-0.032366
-0.008992
0.142912
-0.139359
-0.009329
-0.134505
0.027648
0.146664
0.160846
-0.143276
0.073763
-0.156139
0.045720
-0.046555
-0.130884
-0.132869
-0.031605
0.099611
0.191074
-0.000661
0.054608
-0.035358
-0.079500
0.057927
0.035870
-0.126853
-0.027166
-0.146817
0.012124
-0.119609
-0.045205
-0.049460
0.065347
-0.017004
0.127017
0.083183
0.089652
-0.071173
0.013256
-0.148938
-0.052733
0.068004
0.001572
0.055329
-0.071547
0.137399
-0.067627
0.100203
0.073206
0.038323
0.130825
0.006579
0.072908
-0.072530
-0.029472
-0.128594
-0.044092
-0.095899
-0.065884
0.155509
-0.130053
0.027427
-0.158316
0.130538
-0.054287
0.079401
0.191648
-0.053972
-0.144360
0.066531
0.095447
-0.036337
-0.032840
-0.068891
0.048717
-0.043405
-0.114269
-0.162235
0.097569
0.018934
0.111020
0.043731
-0.061373
0.031944
-0.161534
-0.043914
-0.032102
-0.049703
0.020629
-0.012718
-0.095207
-0.048021
-0.046228
-0.061359
-0.098522
-0.074479
-0.136999
-0.146508
0.155391
-0.053461
-0.004538
0.173385
0.085693
0.101475
0.101742
-0.135683
0.008034
-0.043979
0.009569
0.158850
0.053119
-0.050523
0.017855
-0.076907
-0.027485
-0.120260
-0.056449
-0.190175
-0.028817
-0.081080
-0.119960
-0.020177
0.015690
0.163966
0.001346
-0.019578
0.095813
-0.147852
-0.075626
0.077938
-0.079808
0.091102
-0.021220
-0.038325
0.116502
-0.043744
0.090574
-0.139576
-0.061570
0.102814
0.063075
0.008504
-0.069082
0.044636
-0.077681
-0.017961
0.074524
-0.052657
-0.038910
-0.052769
-0.025937
-0.106545
-0.114612
0.025920
0.051246
0.028215
-0.019703
0.099899
0.014178
0.120592
-0.051800
0.015920
0.020013
0.096864
0.033427
-0.037455
0.162188
-0.127568
-0.043703
0.177072
-0.125998
-0.058133
0.133192
0.059571
-0.027696
0.128593
-0.079319
0.051687
0.001079
-0.046800
-0.009709
0.115598
-0.102729
-0.060263
0.017246
-0.032173
0.090473
0.050925
-0.089949
0.034212
0.186353
0.008562
-0.106875
-0.073374
-0.124695
-0.092613
0.005851
-0.056417
-0.065193
0.062720
0.060247
-0.009357
0.038843
-0.070368
0.129296
0.037756
0.192810
0.055293
-0.144696
0.070832
-0.126481
0.054775
0.173612
0.078520
-0.013311
-0.027640
-0.090843
-0.019207
0.084231
0.023984
-0.129222
-0.017352
-0.012802
0.104816
0.054653
-0.158887
-0.135669
-0.010165
-0.042247
-0.081532
-0.038534
0.048975
0.100058
0.133478
0.040883
0.066173
0.011624
-0.008703
0.051148
0.116113
-0.034310
-0.098039
-0.059304
0.119273
-0.053051
-0.048591
0.076153
-0.102615
-0.126527
0.068716
0.145716
0.055248
-0.117182
0.001811
-0.040504
0.019557
-0.130870
0.026775
-0.093172
-0.096856
-0.035569
0.000046
-0.002654
0.001402
-0.202999
-0.018403
-0.118674
-0.075539
-0.081390
0.178170
0.050470
0.018639
-0.183871
-0.065838
0.052785
-0.004352
-0.093161
0.091964
-0.092765
-0.113625
0.005301
0.139433
0.001639
0.157935
-0.076013
0.131303
0.099058
0.082495
-0.148841
0.140130
0.008845
-0.145030
0.050535
0.067214
-0.108655
0.046403
0.065960
0.126041
-0.169862
0.010205
0.000021
0.126255
0.013414
-0.096965
0.082630
-0.032949
0.065785
0.035597
-0.008244
-0.057737
0.037619
-0.013956
0.131523
-0.093272
0.001809
-0.051909
0.076019
-0.079134
-0.064144
0.093281
0.111190
0.040516
0.079166
0.070783
0.039131
-0.120353
0.138171
-0.133249
0.062804
0.116091
0.037763
0.055270
0.110140
-0.077586
0.025344
0.034975
-0.016481
0.041244
0.193075
0.025280
-0.060974
-0.060300
0.112463
-0.044843
-0.060251
0.015819
-0.060609
-0.011464
-0.071689
0.075216
-0.195450
0.157058
0.000152
-0.073275
-0.034687
-0.077929
-0.164582
-0.113758
0.052020
-0.016228
-0.008344
-0.076168
-0.022368
-0.052915
0.083839
0.109873
-0.122145
-0.103328
-0.113257
-0.075576
0.048355
-0.139523
-0.054219
-0.153710
0.084030
0.114042
0.084339
0.059778
-0.143826
-0.116508
0.097336
-0.106141
-0.029563
0.116087
-0.094567
0.070635
-0.109104
-0.040173
0.046299
-0.128620
0.012171
-0.173020
0.157412
0.034597
-0.006239
-0.002121
0.111713
0.131730
0.037946
-0.037851
0.174234
0.097754
0.023556
0.043245
-0.071473
0.072869
-0.036191
-0.083037
0.170555
0.000903
0.041805
0.153207
0.187316
-0.046129
0.108614
0.013966
-0.038838
0.044513
0.042078
-0.121497
-0.162100
-0.031168
-0.105493
-0.033263
-0.059266
-0.040077
-0.003118
-0.067178
0.089931
0.047386
-0.040991
-0.061239
-0.163729
-0.073127
-0.014919
0.010779
0.064346
0.030310
0.046150
0.137476
0.072234
-0.106972
-0.099908
0.003080
0.073256
0.009118
-0.121462
0.134782
-0.019172
0.020008
-0.010737
0.029537
-0.054217
-0.029462
-0.061906
-0.001971
-0.012767
-0.023732
-0.168491
-0.096373
0.037413
0.028660
0.067737
0.140491
-0.010858
-0.110385
0.004567
0.031857
0.120760
-0.143763
0.179522
-0.103991
0.053993
0.067163
-0.076214
-0.090252
-0.015724
-0.112075
-0.119494
0.096249
0.131478
0.154201
-0.100598
0.022408
0.040017
-0.050774
-0.036943
0.124971
-0.044463
0.086956
0.045609
-0.003369
-0.083926
0.121731
0.153319
-0.123508
-0.113687
0.056018
-0.037698
-0.139720
0.025109
-0.087183
0.065171
-0.055472
0.049413
0.012303
-0.142149
-0.060185
-0.122853
-0.026049
0.147120
0.109624
0.139992
0.121155
0.087801
0.048138
-0.050328
-0.152604
-0.034406
0.071369
-0.159032
0.007864
0.021760
0.029823
-0.189670
0.024050
-0.127568
-0.029646
-0.048419
0.005994
0.086510
0.080615
0.005144
-0.091392
-0.094921
0.085337
-0.073617
-0.003424
-0.041780
0.173855
0.016752
-0.087972
0.067333
0.144274
0.061341
0.066193
-0.104223
0.125868
0.107376
0.081787
0.117714
0.092993
-0.044349
-0.162601
0.164433
0.077652
-0.105406
0.111654
-0.099032
-0.055601
-0.026503
0.033246
-0.034025
0.042371
-0.018131
-0.030001
0.165939
0.064589
0.009768
0.057496
-0.090626
0.062725
-0.091067
-0.092641
-0.141955
0.137627
-0.068526
0.097606
0.047969
-0.128144
0.119342
-0.089748
-0.098678
0.101787
-0.149268
0.093513
-0.039367
0.120567
-0.012999
-0.138250
0.026440
0.150572
0.052530
0.104811
0.141680
0.057411
0.077383
-0.078787
-0.028675
0.107642
0.030529
0.025748
0.048322
-0.167381
-0.082045
0.042297
-0.075077
-0.115675
0.068320
0.054813
-0.126304
-0.079439
0.023841
-0.034050
-0.115061
0.119632
-0.015192
-0.003936
0.053077
0.069991
0.007708
-0.080087
-0.071440
0.021037
-0.103700
-0.142900
0.038785
-0.061821
-0.135986
-0.012953
0.124199
-0.176817
-0.062060
0.122971
-0.006259
-0.009023
0.032710
-0.169274
0.017092
0.048739
0.006343
0.135358
0.020868
0.093602
-0.028406
-0.025632
0.130584
-0.133965
-0.014059
-0.174709
-0.066190
-0.101390
0.092823
0.034955
-0.176589
-0.002511
-0.082091
0.090582
-0.076911
0.047990
0.106172
0.056806
0.056727
0.074105
0.037764
0.017066
0.031177
0.005051
0.114589
-0.048532
0.092149
0.037672
0.027054
0.125626
0.129101
-0.100794
0.011537
-0.106697
-0.173415
-0.069423
-0.039252
0.071683
-0.072838
-0.048505
-0.000215
-0.034655
-0.182052
0.093718
-0.105696
-0.033664
0.099558
-0.138172
0.008679
-0.118295
0.023967
-0.147556
-0.034780
-0.040372
0.145209
0.059222
-0.098407
-0.120887
-0.084160
-0.133355
0.078806
-0.025383
0.160078
-0.101370
0.031704
0.056562
-0.113235
0.027112
0.029695
-0.101667
0.046423
-0.035444
-0.071344
-0.039672
0.088991
0.037749
0.084276
0.075040
0.115422
-0.049074
-0.164467
-0.130349
0.164806
0.022349
0.008207
-0.032277
-0.165408
-0.015135
-0.037474
0.039862
-0.033944
-0.033893
-0.104280
0.153812
-0.002610
0.063672
0.072027
0.001389
0.075652
-0.036817
-0.070541
0.022704
-0.091997
0.021462
0.092260
0.154984
0.055306
0.058817
0.003222
0.156319
0.017494
-0.064331
0.061613
0.093157
0.012464
-0.073102
0.101018
-0.069253
0.042099
-0.009459
-0.125399
-0.037904
0.144969
0.037572
0.097745
-0.079921
0.190276
-0.070171
0.052438
0.108505
-0.069122
-0.176412
0.034096
0.041544
0.022640
0.095650
-0.031166
0.097661
-0.020387
0.011720
0.081711
0.015315
-0.086702
0.000155
0.031930
-0.038604
-0.179741
0.086282
0.088447
0.083789
0.159282
0.048351
0.085434
-0.005722
-0.005460
0.161652
-0.057434
0.082408
0.036683
0.049643
-0.080897
0.001595
-0.084156
-0.079757
0.020433
0.026334
-0.137376
-0.133754
0.021022
0.185504
0.028176
-0.077093
0.027399
0.122042
-0.048150
-0.052839
0.021733
0.165104
0.043726
0.097694
-0.144650
-0.078233
-0.177675
-0.077185
0.053522
-0.013816
-0.068152
0.003735
-0.052329
-0.115682
0.124000
0.170791
-0.010559
-0.076389
-0.127801
-0.070181
0.114349
0.144542
0.112479
0.078469
-0.106477
0.033262
-0.071612
0.040520
0.058726
-0.155029
0.097443
0.002787
-0.089949
-0.028500
-0.149486
-0.117456
-0.018559
-0.051046
0.041158
-0.202989
0.126988
-0.038460
-0.080388
0.111333
0.135151
0.038748
0.037963
0.028548
-0.067011
-0.009177
-0.012248
-0.069040
0.118379
-0.107341
0.021530
0.090684
-0.096716
0.097545
0.022119
0.202397
0.121915
0.080401
-0.065049
-0.101319
-0.036212
-0.001778
0.064279
0.015219
0.061280
-0.108629
-0.150442
0.015192
0.001397
-0.039517
0.112343
0.002337
0.093677
0.143527
0.059426
-0.109782
-0.154284
-0.002869
-0.069165
0.015824
0.060224
0.056320
0.047023
-0.002195
-0.081165
0.095041
0.115516
-0.050323
0.164225
-0.097550
-0.113374
-0.006617
-0.105348
-0.074233
-0.039219
0.031302
-0.022886
0.003792
-0.041697
-0.006712
-0.071649
0.114112
-0.098248
0.021519
0.035771
-0.038135
0.131160
-0.015548
-0.090023
-0.152738
-0.135744
0.003269
-0.153097
-0.139520
-0.064881
-0.031472
-0.048643
0.020218
-0.000816
0.116042
0.115813
-0.077091
-0.068054
0.010770
0.134072
-0.052054
-0.080266
0.025109
-0.092803
0.022043
0.014875
0.066701
-0.004982
-0.073286
0.043619
0.017208
-0.152165
0.075667
-0.041423
-0.169092
-0.043582
-0.020496
-0.062451
-0.033920
0.123141
-0.034760
0.105344
0.076677
-0.021560
-0.045554
-0.072160
0.005157
0.164745
-0.095120
0.099126
-0.159895
-0.145493
0.140957
-0.037629
0.072115
0.006364
0.112043
-0.127592
0.122268
0.072647
0.001660
0.043007
0.089279
-0.096947
0.124962
-0.153196
-0.033855
-0.002538
0.044193
0.038753
-0.072652
0.030513
-0.166961
-0.017473
-0.094391
0.059957
-0.091549
-0.147725
-0.132293
-0.074184
-0.022937
0.131516
0.115975
0.083305
0.045536
0.101887
0.022436
0.044350
0.032901
-0.077563
-0.043073
-0.121876
0.070475
0.080717
-0.067834
-0.014288
0.031305
0.020570
-0.074076
0.066788
-0.037519
-0.143811
0.064214
0.127279
0.196198
0.069865
0.004651
0.008552
-0.003590
0.016479
0.101545
-0.165552
0.087656
-0.000631
-0.069212
0.067469
0.163083
0.108136
-0.133047
-0.143126
-0.026746
-0.067138
0.022368
-0.091135
0.026222
-0.059922
0.051440
-0.028914
-0.054516
0.132288
0.003887
0.009358
-0.100856
-0.014100
0.058634
-0.016717
0.009024
-0.022638
0.112119
0.107953
-0.127611
0.178431
-0.007904
0.006420
-0.120795
0.067949
0.142988
0.012338
0.021756
0.158186
-0.054824
-0.028786
0.001610
-0.030266
0.101343
-0.003913
0.025731
0.099537
-0.019759
-0.033237
-0.009156
-0.042506
0.103289
0.004840
0.160484
0.046381
0.005886
-0.010657
0.173271
0.037628
-0.065245
-0.132323
0.096779
0.176995
0.014910
-0.049838
0.162375
-0.041800
-0.032829
0.112435
0.058022
-0.101635
0.190320
0.073345
0.035350
0.045693
0.086757
0.031207
-0.146298
0.024618
-0.107621
0.063551
0.096753
-0.093918
-0.018480
0.085128
-0.019859
0.016156
-0.111454
-0.000365
0.077214
-0.036123
0.139604
0.020536
-0.001980
-0.032314
-0.086286
-0.036961
0.014108
-0.116639
-0.073014
0.097539
0.139852
-0.177688
-0.112331
-0.137747
-0.114081
-0.166913
0.069264
-0.086608
-0.032027
0.070612
0.116650
0.046765
-0.070463
-0.154222
0.078445
0.060253
0.082146
-0.080169
0.012059
0.155409
-0.062613
-0.071920
-0.124208
0.055546
0.029315
-0.024168
-0.007382
0.114174
-0.030239
-0.159553
-0.061149
-0.078180
0.084877
0.090443
-0.140673
-0.010810
-0.156591
0.099838
-0.015577
-0.047327
-0.098259
-0.022467
-0.026843
-0.032922
-0.166950
-0.026537
0.146497
-0.058451
0.055425
0.101909
-0.004997
0.046446
0.008697
-0.007856
-0.162097
0.127526
-0.054277
-0.028797
0.039452
-0.071956
-0.105903
0.101236
0.004674
0.040852
0.032329
-0.090780
0.034481
-0.058390
-0.024572
0.106759
0.140867
-0.041863
-0.038282
-0.177763
0.091161
0.079441
-0.091118
-0.108698
0.096428
-0.082439
0.036283
-0.098418
0.074412
0.035465
0.020122
0.042073
0.135764
0.086434
0.024531
0.112003
0.083804
-0.079227
0.104380
-0.114480
0.056124
-0.101506
0.041984
0.136752
-0.055332
-0.007574
0.051569
0.159046
-0.053683
0.163181
0.039873
0.081195
-0.121727
-0.052394
0.061998
0.121434
-0.116411
-0.169381
-0.015524
-0.009294
-0.147287
-0.020725
0.002555
0.113925
0.044263
0.040421
0.127404
-0.002721
0.078997
-0.126109
-0.093943
-0.150075
0.055523
-0.002095
-0.000589
-0.029783
0.097083
-0.090178
-0.032588
-0.031362
-0.145330
-0.010746
0.060507
-0.071660
-0.091670
0.081578
-0.098570
-0.053473
-0.034980
-0.154152
-0.008333
-0.068631
-0.140571
-0.168887
-0.021851
0.084081
-0.020203
-0.083010
-0.089074
0.059713
-0.078660
0.189751
0.091838
-0.176448
-0.052140
-0.097557
0.071028
-0.056580
-0.132431
-0.026187
-0.088094
0.011159
0.016988
-0.016121
-0.011045
-0.006197
0.060002
0.025292
-0.046762
0.079631
-0.143945
0.037526
0.001105
-0.039773
-0.098882
-0.134055
-0.096124
0.016393
-0.031850
-0.180271
-0.106157
0.087592
-0.024375
-0.059517
-0.163441
-0.136951
-0.103264
0.111117
-0.057973
0.098090
0.080880
0.052551
-0.062344
0.179138
0.048835
0.040587
0.115108
-0.046335
0.122042
0.165623
0.041946
-0.013112
0.002544
0.010926
0.114508
-0.071216
-0.071358
0.062972
0.049040
-0.119169
-0.131189
0.032038
0.069790
-0.006924
0.119480
-0.005788
0.084997
0.111936
-0.033445
-0.051858
0.063310
0.135227
0.205973
0.001510
0.016000
0.070857
-0.060033
0.150455
0.045906
-0.018606
0.139797
-0.140079
-0.028040
0.158872
0.034127
0.044550
-0.068518
0.188226
-0.191669
0.014319
0.186277
-0.034449
0.015920
-0.028431
-0.100314
-0.085512
-0.019103
-0.036232
0.093047
0.117606
0.082189
0.067035
0.145008
0.087797
0.162262
-0.079221
0.096428
0.025985
0.033288
0.028267
0.113365
-0.067124
-0.096700
0.095742
0.076782
-0.074797
0.030952
0.058723
-0.090151
-0.072742
-0.135953
-0.063249
-0.137435
-0.105837
-0.111954
0.102858
0.065948
-0.159989
0.082615
0.047752
-0.040814
-0.102335
-0.099771
0.141295
-0.165957
-0.108807
-0.141739
0.008426
0.049534
-0.161120
0.098350
0.067151
-0.115514
0.173676
0.035907
-0.048701
0.004311
0.007605
0.082965
-0.063542
-0.011430
-0.001291
-0.072044
-0.071370
0.104618
0.100809
0.115768
0.153696
0.133283
0.056425
0.019493
-0.124661
-0.087632
-0.039526
0.061509
-0.121281
0.013312
0.025870
0.032829
0.059625
-0.009690
-0.099234
-0.051689
0.031492
0.005314
0.048547
0.100250
0.134522
0.024130
-0.059810
-0.096278
0.015145
-0.086895
-0.116866
-0.135767
0.110615
-0.111795
0.140719
0.031947
-0.105199
0.000116
-0.038389
0.044696
0.100306
0.004390
-0.090316
-0.058621
-0.067122
-0.075662
-0.045581
0.069925
0.022722
0.096507
-0.054108
-0.020996
0.058623
-0.028603
-0.043260
-0.084645
0.104904
-0.086329
-0.156654
0.059535
-0.009222
-0.192748
0.083309
0.081758
-0.035310
-0.099377
-0.069315
0.064926
0.144077
-0.008947
-0.054258
0.011352
-0.000453
-0.095463
0.022073
0.029655
0.164804
0.040925
-0.025048
-0.085073
0.013847
0.073497
0.000801
0.013226
0.099277
-0.046227
-0.122293
-0.077976
0.017662
-0.008743
-0.144075
-0.000319
-0.032001
0.039580
0.001875
0.122139
-0.019923
-0.016115
0.013867
-0.169887
0.141251
0.064830
0.156068
-0.091886
0.009510
0.114055
0.050004
0.087055
0.016447
-0.036655
-0.006838
-0.045581
0.159055
0.115546
-0.051299
-0.183552
-0.136189
-0.154214
0.060645
-0.006049
-0.095775
-0.166890
0.105305
0.091481
-0.096923
0.106483
0.108866
0.004328
-0.004834
-0.057225
-0.068420
0.103534
0.110489
0.073536
-0.019017
-0.141646
-0.077860
0.076343
-0.091445
-0.084816
-0.070748
0.007103
-0.016944
0.030469
0.099388
-0.125959
0.106607
0.039048
-0.031514
0.140868
-0.216191
-0.049008
-0.009972
0.088133
0.166041
-0.058562
-0.106811
0.011242
-0.080189
-0.009299
-0.095744
0.074103
0.001774
0.028371
-0.128676
0.005795
0.090456
0.049365
-0.074582
0.049859
-0.131555
-0.133836
-0.011873
0.005699
-0.006541
0.136027
0.115336
-0.126707
0.192361
0.173745
0.076336
-0.024503
0.019823
-0.016248
0.058128
-0.016685
-0.159608
0.167914
-0.122097
-0.032783
0.010261
-0.039553
0.103899
0.139939
-0.067865
-0.011944
0.043617
0.079123
-0.012988
-0.006601
-0.119228
0.003634
0.007494
0.029086
-0.077598
0.012439
-0.114467
-0.105376
0.079400
-0.072351
-0.142301
0.022401
-0.084677
-0.020961
-0.018408
0.080778
0.011503
0.039683
-0.131486
0.025357
-0.042934
-0.096895
0.131881
-0.121379
0.020403
-0.092382
-0.169498
-0.037069
0.161661
0.185296
0.032499
-0.072851
-0.044382
-0.019785
-0.029330
0.142060
-0.169387
-0.028415
0.059473
-0.111662
0.132069
-0.183169
0.077696
-0.034545
-0.032592
0.130421
0.059936
-0.045900
0.045308
0.010023
0.119498
-0.056802
-0.047311
-0.044437
-0.038368
-0.182687
-0.056529
-0.023881
0.031278
-0.103621
-0.070188
0.001753
-0.033678
-0.022780
-0.112881
-0.087363
-0.031788
0.108079
-0.047547
0.086866
-0.028615
-0.038743
0.100902
-0.081124
-0.032498
-0.028102
-0.129326
0.065354
-0.061634
-0.019493
0.085870
-0.077541
-0.131241
0.182848
0.070130
-0.160995
0.000732
0.033852
-0.024632
0.078868
0.103593
0.099040
0.121190
0.059714
0.060280
0.117583
-0.042624
0.160617
0.009186
0.197775
0.016071
0.061805
-0.107588
0.084425
0.073947
-0.050310
-0.157043
-0.153500
0.065152
0.020907
0.077642
0.022954
-0.032050
0.041817
0.098370
0.115711
0.082495
-0.134082
-0.038712
0.185525
-0.025733
-0.167617
-0.042221
0.039504
0.078431
0.052670
-0.074897
-0.002967
0.031798
-0.034110
-0.037790
0.069174
0.012499
0.041645
0.032492
-0.042048
-0.060091
-0.097429
0.108281
0.116585
0.080394
-0.049451
-0.126474
-0.055012
0.095380
0.162707
0.177005
0.001278
0.071064
-0.149241
-0.067918
-0.017972
-0.033868
0.097096
0.155860
-0.124844
0.068136
0.080991
-0.109788
0.089131
0.065207
-0.127210
0.017576
-0.028429
0.168377
0.080336
-0.063017
0.030988
-0.124769
0.082213
-0.023523
0.002018
-0.043377
0.032010
0.024622
-0.168989
0.055366
-0.052824
-0.129364
-0.018414
-0.126269
-0.029157
-0.107572
-0.023396
-0.050141
-0.106692
0.170838
-0.110177
-0.032330
0.116011
-0.121545
-0.139611
0.051321
0.049572
0.091385
0.077292
0.005531
0.034580
0.074383
-0.075610
-0.077007
0.013522
0.086710
0.142680
-0.074978
-0.086925
-0.034688
-0.124880
0.057149
-0.091835
-0.109684
-0.134596
-0.053845
0.079260
0.069401
0.076855
0.087495
0.107569
0.161934
0.005870
0.037482
0.109671
-0.043710
0.079075
0.048368
0.063249
-0.006316
0.049158
-0.054843
-0.136092
0.125099
0.000835
-0.026143
-0.032215
0.010291
0.182059
0.038055
0.108634
-0.002300
-0.019049
0.143154
-0.145296
0.140416
0.009616
0.098395
0.087969
-0.061206
0.037395
-0.127247
-0.136562
0.084494
-0.050216
0.071371
0.186372
0.077995
0.136389
-0.027138
0.052530
-0.080740
-0.071934
-0.054024
-0.129202
0.010425
-0.139775
0.020572
0.022184
0.023008
-0.047501
-0.041651
-0.066460
0.019482
0.058238
-0.107392
-0.066578
-0.093264
0.143891
-0.010371
-0.106604
-0.120555
0.026283
0.149283
-0.156775
-0.003236
0.103190
0.108907
0.080513
-0.049250
0.140721
0.052435
-0.024949
-0.047365
-0.016314
0.041512
-0.087488
0.096997
-0.165520
-0.049426
0.141627
0.122788
-0.002686
-0.079195
0.079064
0.133211
0.145417
-0.132431
0.114106
-0.097530
0.037346
0.079994
-0.013071
-0.107008
0.052609
0.087511
-0.053363
0.176853
-0.087513
-0.031716
-0.069883
0.045000
-0.046237
-0.109375
-0.045805
0.111905
0.056995
0.103890
0.036358
0.066768
0.100783
0.000275
-0.021771
-0.080853
-0.062787
-0.109780
-0.087991
-0.048482
-0.142539
-0.023875
0.060426
-0.040910
-0.113687
-0.013822
0.046893
0.149614
-0.051625
0.049501
0.117966
0.079872
0.019362
-0.096478
0.018039
0.034414
0.024944
-0.014900
-0.017680
-0.065888
0.090046
0.032474
-0.098601
0.065716
0.106301
0.080580
0.072788
0.010226
-0.183655
0.001378
-0.108393
-0.071110
-0.060689
-0.107381
0.059281
0.060893
0.091820
0.005007
0.035706
0.030329
0.116657
-0.060950
-0.093843
0.141694
-0.148256
0.063423
-0.092537
-0.075654
-0.099979
-0.079673
-0.111731
0.025914
-0.040937
0.043713
-0.144154
0.010287
0.156074
-0.025987
0.066079
0.021448
-0.054503
-0.106633
-0.120053
-0.147206
0.143001
0.004967
-0.150479
0.126597
-0.128609
-0.032538
0.194887
-0.126004
-0.059240
0.051697
-0.052426
0.048894
-0.136069
0.010180
-0.012153
-0.098344
0.037758
0.004762
-0.020016
-0.089414
-0.052421
0.085851
-0.074932
-0.151888
-0.054550
-0.019363
0.036250
0.172823
-0.043486
0.021384
-0.097895
-0.059689
0.128612
0.107685
0.082359
0.078175
0.121718
-0.150004
0.164171
0.076141
0.098294
0.019312
-0.066676
-0.035306
-0.070147
0.011152
-0.007721
-0.107872
0.025383
0.073127
0.020285
-0.156932
-0.085642
-0.003450
-0.061270
0.034210
0.142134
0.114640
0.020540
0.031631
-0.089852
0.059343
-0.027064
-0.210109
0.066484
0.088407
0.100827
-0.099067
-0.112209
-0.151259
0.115430
0.071792
-0.074964
-0.084166
-0.090180
-0.010241
-0.128292
-0.075328
0.093218
0.165570
0.111481
-0.159350
0.030902
0.082897
0.172063
0.008791
0.074470
-0.118081
0.105361
-0.057675
0.104843
0.005680
0.105335
0.100341
0.041902
-0.153370
0.001255
-0.120874
0.058004
-0.016415
0.013503
0.115722
0.035020
0.031294
0.164780
0.115378
-0.019740
-0.034972
-0.120798
-0.054047
0.011289
0.085797
0.079281
0.080077
0.080564
0.113037
-0.018413
-0.001256
-0.044596
0.065715
0.110899
-0.025519
0.142432
0.072652
0.119327
0.133272
-0.053085
-0.108078
0.063422
-0.066073
0.057946
-0.138071
0.042911
0.031757
-0.113163
0.149194
-0.047395
0.079129
0.019839
0.046317
-0.010850
-0.151264
0.102092
-0.058136
0.139940
-0.069722
0.047899
0.068582
-0.063501
-0.058134
0.091011
0.001531
0.039877
0.053426
0.024481
0.011927
-0.034912
-0.053121
-0.027352
-0.122289
0.036737
0.137317
-0.120582
0.053932
-0.174668
0.020752
-0.110025
0.044527
0.018739
0.147282
0.002090
-0.009231
-0.046882
-0.098645
0.082455
-0.067314
-0.147357
0.005314
-0.050293
0.042955
0.160581
0.144740
-0.135035
0.164275
0.012401
0.001796
0.045528
-0.072020
0.169317
0.015734
-0.061171
-0.019378
-0.003880
0.005847
0.044399
0.000937
-0.071741
0.058511
0.005713
0.113736
0.084171
0.140556
-0.010235
0.148900
-0.114134
0.103739
0.013362
0.049538
-0.035540
-0.036770
0.102572
-0.094595
-0.119356
-0.063500
-0.035886
0.083094
-0.179236
0.115636
0.091806
0.122856
-0.059568
0.043089
0.103355
0.077384
-0.050402
-0.093158
-0.030968
0.002335
0.062047
-0.089224
0.162038
0.055207
0.082054
0.180789
-0.110028
0.032685
-0.059429
0.141925
0.049668
0.134135
-0.131060
0.031089
-0.058655
0.053628
-0.056602
-0.003210
-0.032622
-0.035130
0.027447
-0.142281
0.003880
-0.108421
-0.003881
0.045807
-0.058550
0.057396
-0.162551
-0.109752
-0.127896
-0.087570
-0.007474
0.081485
-0.057124
-0.029835
-0.165184
-0.168691
-0.084037
-0.055982
0.112926
0.120356
0.039934
0.122628
-0.072366
-0.155502
0.149032
0.132759
-0.045775
-0.004778
0.197270
0.165259
0.036782
-0.112707
-0.090737
-0.021550
0.035674
-0.066876
0.121352
0.057845
-0.054693
0.140864
0.062243
0.140738
-0.022782
0.171868
-0.031469
-0.006824
0.034838
0.157559
-0.165321
0.080074
-0.083746
0.101655
-0.012757
-0.020983
0.145518
-0.142993
-0.083796
-0.056426
0.006481
-0.009211
-0.121050
0.050239
0.091893
0.147105
-0.140759
0.034765
0.128095
0.109712
-0.110555
0.051966
0.086228
-0.035004
-0.119469
0.032089
0.057736
0.054791
0.037420
-0.052902
-0.051554
-0.116480
0.081755
-0.011862
-0.022515
0.137850
-0.000274
0.163037
-0.074812
-0.020520
-0.032856
-0.031715
0.132579
0.052740
0.079497
-0.134938
-0.034464
0.000965
-0.010269
0.093797
-0.100472
0.190330
-0.048152
0.054234
-0.103719
0.019762
-0.081779
0.024530
-0.105340
0.108238
0.038881
0.136577
-0.076620
0.055973
-0.085401
0.129815
-0.133400
0.053713
-0.060813
-0.090929
0.003072
-0.053826
-0.109503
-0.178751
-0.100122
0.016410
0.114669
-0.047786
0.026831
-0.045968
-0.138326
0.140781
0.103912
0.050690
-0.108340
0.146110
0.031185
-0.020026
-0.016300
-0.078210
0.187790
0.010563
0.015439
-0.136499
0.098084
-0.058694
-0.011516
-0.128749
0.100398
0.084647
0.037242
-0.156231
-0.005387
-0.124210
0.110880
-0.122023
0.178882
0.110750
0.092456
0.070804
-0.091140
0.048451
0.028409
0.026418
-0.096050
-0.084719
-0.000292
-0.061375
0.067860
-0.111343
-0.080512
-0.022923
0.085441
0.026151
0.008521
0.170153
0.105876
0.021951
0.016256
0.127894
-0.071425
0.071071
0.028508
-0.058380
-0.182299
-0.063292
-0.129107
-0.015226
-0.027263
-0.048233
-0.042753
0.092820
0.060669
0.038670
-0.094912
-0.023712
0.181723
-0.125621
-0.093739
0.048818
0.036348
-0.188341
0.175257
-0.093620
-0.004443
-0.014936
-0.034552
0.056953
0.055959
-0.068335
-0.031021
0.064045
-0.035463
-0.028074
-0.071630
-0.038578
0.032517
0.141196
-0.080088
0.006480
-0.096054
0.027457
0.037761
0.005967
0.011357
0.042175
0.096006
0.179708
-0.162033
-0.160094
0.015899
0.014015
0.147260
-0.173326
0.140883
0.125269
0.015225
-0.085593
-0.082073
-0.121954
-0.134815
-0.001223
-0.099970
-0.069405
-0.161579
0.011316
0.139341
-0.145943
-0.112567
-0.110414
-0.144648
0.031292
0.035093
0.078836
-0.076392
-0.065411
-0.134136
0.046755
-0.055389
-0.025465
-0.071202
0.122441
-0.150488
0.171471
-0.092060
-0.055695
0.135282
-0.070815
-0.022308
0.020209
0.153497
-0.074891
0.119261
0.101858
0.054026
0.086327
0.090992
-0.155335
-0.114018
0.116474
0.126022
0.049130
0.067987
0.060405
0.032549
0.014935
-0.096229
0.131131
0.153055
-0.217820
-0.031220
0.090052
0.023143
0.090250
-0.008324
-0.204042
0.041123
0.027773
-0.137261
0.055244
-0.138735
0.015790
-0.103976
-0.008385
-0.084264
0.013143
0.027813
-0.107077
0.145936
0.031046
-0.016419
-0.070169
0.026539
0.048792
-0.092091
-0.020255
-0.067215
-0.077209
0.067454
-0.001052
-0.006744
-0.029319
-0.176476
-0.151258
-0.037049
0.060783
0.062237
0.023365
-0.004636
0.020745
0.064279
0.056944
-0.025423
0.056376
0.087557
-0.148817
-0.093500
-0.100010
-0.069287
-0.037119
0.017482
0.078274
0.140170
-0.046407
-0.015965
0.029018
0.060639
0.076630
0.087196
0.101582
-0.118867
-0.123771
0.114644
0.104036
0.152424
-0.056333
0.034714
-0.052829
0.116336
-0.127187
-0.000439
-0.006313
-0.028116
0.126572
-0.006370
0.014896
0.024249
-0.182941
-0.010882
0.035147
-0.040322
0.063394
-0.006007
0.152771
-0.088220
0.084444
0.090685
0.033966
-0.024366
0.038582
0.023413
-0.009044
0.072210
-0.030626
0.043952
0.172088
-0.028304
0.031659
-0.177826
0.127708
-0.160143
0.050997
0.053414
0.002663
-0.084710
0.026918
-0.009249
0.022173
0.090174
0.060519
-0.131360
0.040812
-0.010664
0.087058
0.013037
0.002636
-0.116719
-0.034714
-0.009405
-0.016730
-0.045817
0.092594
0.103767
0.064441
-0.088804
0.088141
0.007632
-0.123644
-0.047165
0.140449
0.024247
0.002596
0.059462
0.079907
0.000461
0.160570
0.082467
-0.071652
-0.039359
-0.013566
0.054424
0.114506
0.062741
0.010843
0.085469
0.157780
0.130333
0.079569
0.053923
0.185761
0.040191
0.151281
0.072239
-0.185416
0.106228
-0.091249
0.039507
-0.044757
-0.139433
0.194346
-0.061592
0.113092
-0.039263
0.059570
-0.038768
0.089188
0.084729
0.049958
-0.073011
-0.060602
-0.163070
-0.109194
0.144393
-0.028789
-0.041476
0.041829
0.092347
0.054166
0.031268
-0.126490
-0.018514
0.057621
0.107005
-0.070916
-0.092873
0.066477
-0.115892
-0.109867
-0.056692
-0.017611
-0.092540
-0.061504
-0.175641
-0.121836
-0.060402
0.169220
-0.093786
-0.118291
-0.080794
0.053184
-0.033370
-0.076689
0.078745
-0.009919
-0.114875
-0.011560
-0.099177
0.085264
-0.029226
0.027854
-0.000741
0.012269
0.154119
0.021669
-0.020329
-0.150208
-0.066701
-0.022337
0.022042
-0.101293
0.103120
0.059049
0.090181
0.101871
0.089211
-0.020115
-0.041610
0.055310
-0.037984
0.112217
-0.104954
-0.005776
-0.066219
0.087864
0.109461
0.073387
0.002970
0.021257
-0.095649
-0.019903
-0.050855
0.054771
-0.012176
0.063777
-0.008012
0.121508
0.016416
-0.009433
0.112594
-0.187716
0.138695
0.034229
-0.068997
0.152143
-0.014931
-0.055986
-0.108997
-0.133990
-0.039523
-0.080675
-0.044763
-0.128097
-0.001714
0.035220
-0.081788
0.054159
-0.085742
-0.059401
0.006467
0.163591
0.169055
-0.072118
0.055287
-0.013175
-0.030127
0.147774
-0.036589
-0.022431
-0.151096
0.110550
-0.050344
-0.095612
-0.035827
-0.054854
-0.046150
-0.080594
-0.007835
0.003927
-0.111404
-0.047285
-0.018521
0.130422
-0.183096
-0.035088
-0.049692
-0.092317
0.075874
0.099362
0.007066
-0.131380
-0.113751
0.133189
-0.085276
-0.101946
-0.124452
-0.087741
-0.039135
0.056276
0.091256
0.138071
-0.040115
0.020432
-0.130145
0.037252
0.041702
0.034739
0.014936
-0.076170
-0.058249
0.049742
0.169493
-0.073370
0.105607
-0.011361
0.065330
-0.019275
0.102359
-0.050456
0.077656
-0.006189
-0.071860
-0.122101
0.065701
0.022552
0.083327
-0.010323
-0.009133
-0.162896
0.051555
-0.131248
-0.192102
0.051331
0.139425
-0.120707
0.035973
0.000721
0.071999
0.176333
-0.148402
-0.054703
-0.003440
0.069754
-0.028236
0.129129
0.085831
-0.095874
0.070797
-0.113925
-0.065260
-0.141679
0.151064
0.073313
0.062492
-0.166542
0.042409
0.092725
-0.033405
-0.057022
-0.057312
0.195636
-0.064695
0.130222
-0.078292
0.182980
-0.054396
-0.022873
0.133929
-0.051332
-0.092225
-0.100477
0.061395
-0.038374
-0.009879
0.033613
-0.092450
0.085826
-0.002973
-0.117447
0.088824
0.168860
0.115331
0.022980
0.073190
-0.063481
-0.032569
-0.058217
-0.140674
-0.062876
-0.071989
-0.030194
-0.062144
-0.048412
-0.148009
0.125789
0.154878
-0.066582
0.035793
-0.049502
0.150545
0.021729
0.007216
-0.041924
-0.051165
-0.149416
0.018666
0.072122
0.055374
-0.106371
0.078213
-0.092375
-0.051002
0.038484
0.049910
-0.041817
0.021380
-0.098823
0.042516
0.077376
-0.072946
0.081360
0.078558
0.155335
0.053156
-0.042196
-0.056557
-0.162183
-0.162206
0.076191
-0.100195
-0.034919
-0.073411
0.109734
-0.120651
0.066751
-0.088763
0.080067
-0.046375
-0.004998
0.135141
0.128129
0.059104
-0.055322
-0.077035
-0.053878
-0.096335
-0.104103
-0.049398
-0.143350
-0.055363
0.113369
-0.148908
0.035889
-0.104797
-0.147380
-0.029812
0.030512
0.017209
-0.005695
-0.082998
-0.104244
-0.080962
0.092050
-0.039148
0.116609
-0.095748
0.127096
0.143653
0.089027
0.159275
-0.013681
-0.027160
-0.082872
-0.036384
0.007576
0.178825
0.018438
-0.134490
0.142757
0.065056
-0.069501
0.119880
0.097772
-0.029605
-0.190013
-0.033067
0.125392
-0.073862
-0.009494
0.030554
-0.001815
0.023588
0.149723
-0.133720
-0.023986
0.094763
0.096385
-0.189285
-0.089920
0.046399
-0.042032
-0.049160
-0.007615
0.012335
-0.038142
-0.007782
0.025613
0.153462
-0.100574
0.010010
-0.097939
-0.108463
-0.091900
0.030035
0.007817
0.059629
-0.009346
-0.169525
0.043928
0.024527
-0.105035
0.028864
-0.070445
0.060479
0.102504
-0.005711
-0.140726
-0.032996
-0.131693
-0.067313
0.116862
-0.118949
0.155008
-0.048133
-0.117022
-0.055551
-0.104097
0.123644
0.207912
-0.029971
-0.111685
0.149640
-0.067831
0.080815
-0.106607
-0.032750
-0.021197
0.005328
-0.085721
0.060663
-0.068395
-0.016780
-0.066132
0.071798
0.049467
0.104106
-0.184089
0.070800
0.084764
0.127714
0.164009
-0.016955
-0.183287
-0.062117
0.019155
0.160595
0.131691
0.191287
-0.131076
0.060270
-0.070166
-0.138432
-0.110860
-0.120433
0.147736
-0.028591
0.067345
-0.028190
-0.222805
-0.113580
-0.049840
-0.058492
0.015310
-0.019577
0.060247
0.150192
-0.020855
-0.054215
-0.140320
0.007906
-0.085508
-0.163162
-0.021842
-0.180713
0.157738
-0.045089
-0.145229
0.122583
-0.100698
0.079455
0.104066
0.054575
-0.015107
-0.040837
-0.186461
-0.129198
-0.115525
0.062931
-0.026685
-0.118106
0.004263
0.076703
0.189137
-0.128675
0.108865
-0.060731
-0.182991
0.122685
-0.178651
-0.066628
-0.031407
0.032330
-0.034281
-0.019821
0.060358
0.055558
0.127641
0.077306
-0.183035
-0.075605
0.133498
-0.007253
-0.048896
0.058856
-0.123112
0.177899
-0.089516
0.093255
-0.037888
-0.036678
0.170804
-0.106385
0.174666
0.032085
0.050584
0.073379
-0.167511
-0.083447
0.008097
-0.174371
-0.050358
-0.156512
0.073955
-0.004289
0.049072
-0.082142
-0.116537
-0.079596
0.048313
0.114413
0.081164
0.113359
-0.039252
0.018332
0.007201
0.040405
-0.139387
-0.118299
0.063039
-0.133134
-0.015518
-0.150594
-0.011131
-0.146935
0.116587
-0.118235
-0.157100
0.058346
0.059728
-0.039640
-0.020011
-0.091450
-0.058852
0.005295
0.048953
-0.129775
0.100882
-0.100453
0.109330
-0.106997
-0.036151
-0.052506
0.090791
-0.145342
0.015072
-0.018441
0.031116
-0.054416
-0.019033
-0.055221
-0.002685
0.052701
-0.028954
-0.125126
-0.028719
-0.072296
-0.014819
0.068734
0.031710
-0.009560
0.026936
-0.052810
-0.206174
0.006606
-0.024810
-0.073115
0.038239
0.072208
-0.190554
-0.159444
0.058455
0.170221
-0.020227
0.070018
-0.187294
0.004403
-0.098071
0.011773
0.049296
-0.000676
0.043640
-0.006507
0.103480
0.029631
0.088280
0.123514
-0.027390
0.046122
-0.105136
0.053940
-0.000924
0.059980
-0.014881
-0.120559
0.141603
0.131868
0.027523
0.056772
-0.069252
-0.094005
-0.003874
0.019448
-0.045841
0.163210
0.116493
0.109643
-0.150092
0.132028
-0.085698
-0.092717
-0.050629
-0.123392
-0.028039
0.065048
0.075740
-0.050075
0.038987
-0.101697
0.038919
-0.072265
0.165347
-0.023272
0.078950
-0.103073
0.127269
0.008174
-0.092695
-0.160824
-0.005759
0.017711
0.102522
-0.046584
0.025650
-0.161101
0.036018
-0.113090
0.045012
0.008169
0.014545
0.151015
-0.083254
-0.108343
-0.021364
-0.092994
-0.048138
0.111032
0.054018
0.058506
-0.005607
0.114724
0.121718
-0.038122
0.148428
0.007931
0.011763
0.115986
-0.017762
0.087628
0.037898
-0.011948
0.131774
-0.111924
0.077258
-0.173179
0.102512
-0.173545
-0.052875
-0.013477
0.068002
0.111713
0.012112
-0.175947
0.000272
-0.128958
-0.075592
0.134751
0.082851
-0.103756
-0.025829
0.063867
0.085272
0.096309
-0.036797
-0.003388
0.127508
0.016989
-0.178847
-0.085818
-0.075394
0.123174
-0.131366
0.059793
-0.014254
0.092416
-0.100492
-0.144677
-0.052669
-0.129401
-0.118979
0.071433
0.055755
0.176402
-0.121233
0.142337
-0.111717
-0.081902
-0.083041
-0.174671
0.039641
0.114534
0.098859
0.059638
0.110658
0.049109
0.073846
0.029202
0.148302
0.042745
0.002939
-0.137283
-0.121448
-0.084190
0.082823
0.094682
0.073648
0.084573
0.044302
-0.011918
-0.064731
0.042331
0.117582
-0.082292
0.032371
0.055222
0.007493
0.126987
-0.132949
-0.095813
0.110438
-0.026486
0.115572
-0.171293
-0.091070
-0.089613
0.039422
-0.058238
0.101316
0.152600
0.105628
0.084268
-0.098942
-0.097671
0.071080
-0.177139
-0.035302
-0.055449
0.093854
0.254180
-0.114450
-0.045965
0.108750
0.074990
0.081363
-0.094791
-0.065732
-0.060999
-0.105106
-0.103940
-0.109607
-0.020466
0.177263
-0.091488
-0.121674
0.118200
-0.092354
0.074541
0.023567
0.140499
-0.027995
0.141123
0.062632
0.176190
-0.164375
0.115722
-0.110986
-0.001830
0.060470
-0.050511
-0.033109
-0.186039
-0.039236
0.047840
-0.022628
0.084589
-0.097447
-0.123407
0.039769
0.084458
0.133783
-0.001461
0.078552
0.062280
0.093091
0.015491
-0.055012
0.123526
-0.000303
0.073773
-0.109767
-0.115106
0.127839
0.112303
-0.000206
0.008303
0.033679
-0.178696
-0.035505
-0.086360
0.166266
0.060782
0.110335
-0.023232
-0.020163
0.109461
-0.054440
0.000910
-0.116752
-0.077589
-0.012410
-0.051709
-0.018085
0.016306
0.094850
-0.010027
-0.076393
-0.076780
-0.056896
0.076429
-0.076217
0.022469
-0.025914
0.057725
-0.118598
0.026373
0.127854
0.097947
-0.063007
0.029409
-0.152184
0.086035
-0.091811
-0.007369
-0.023745
0.059070
0.045048
-0.112855
-0.111306
0.032215
-0.026258
-0.130522
0.029322
-0.032355
0.058546
-0.010551
-0.065048
0.016363
-0.107484
0.102802
0.102932
-0.006061
-0.033989
-0.120143
0.130469
-0.022854
-0.027929
-0.056778
0.004164
-0.099927
0.000089
0.027301
0.051383
0.037483
0.133845
0.035717
0.048846
0.071878
0.012693
0.138346
0.027002
0.088055
0.073188
-0.083014
-0.173934
0.079551
-0.138539
0.085564
0.013336
-0.062537
-0.023774
0.031367
0.142147
0.015283
-0.095608
0.111398
-0.001533
-0.033522
0.121540
0.025838
0.107768
0.022036
-0.011385
-0.089656
-0.194811
-0.075804
0.053565
-0.024151
0.015654
-0.001874
0.123146
0.052929
-0.155102
-0.028375
0.174650
-0.134021
-0.040260
0.025287
-0.007669
0.128986
-0.019661
-0.116832
-0.057148
-0.092169
-0.068875
0.078065
-0.102485
0.042791
0.181819
-0.102745
-0.018994
-0.134766
-0.139617
0.087444
-0.115250
-0.088603
0.012456
-0.032646
0.096211
0.024516
-0.067405
-0.042530
-0.044016
-0.018945
0.002389
-0.034319
-0.131917
0.010981
0.013647
-0.156883
0.155524
-0.079188
-0.121739
0.125803
0.034696
0.021543
0.105620
0.037810
-0.030004
0.019902
0.117991
-0.133082
-0.076071
0.044404
-0.014759
0.085484
-0.118329
0.012011
-0.104760
0.014968
0.098246
0.182644
0.079358
0.027816
-0.094631
-0.142129
0.070502
0.040560
-0.210410
0.047528
0.058430
-0.035197
0.035074
0.016596
-0.005772
0.034875
0.056779
0.155120
-0.092240
0.001530
0.007726
0.027946
0.134264
0.138587
-0.167742
0.060927
-0.136015
0.124667
-0.063332
0.034375
-0.014567
0.138467
0.056646
-0.076224
-0.035933
-0.148612
-0.073913
