0 1
0 672
0 998
0 999
1 0
1 2
1 3
1 230
2 1
2 3
2 4
2 674
3 1
3 2
3 5
3 181
4 2
4 5
4 6
4 179
5 3
5 4
5 6
5 7
6 4
6 5
6 330
6 385
7 5
7 8
7 9
7 332
8 7
8 9
8 10
8 386
9 7
9 8
9 11
9 598
10 8
10 11
10 12
10 600
11 9
11 10
11 12
11 88
12 10
12 11
12 13
12 187
13 12
13 14
13 15
13 87
14 13
14 15
14 188
14 619
15 13
15 14
15 16
15 17
16 15
16 18
16 290
16 617
17 15
17 18
17 19
17 292
18 16
18 17
18 19
18 915
19 17
19 18
19 107
19 686
20 21
20 688
20 917
20 923
21 20
21 22
21 91
21 109
22 21
22 23
22 24
22 921
23 22
23 92
23 494
23 734
24 22
24 25
24 26
24 496
25 24
25 26
25 27
25 732
26 24
26 25
26 27
26 28
27 25
27 26
27 47
27 386
28 26
28 29
28 45
28 607
29 28
29 30
29 31
29 387
30 29
30 32
30 77
30 609
31 29
31 78
31 107
31 338
32 30
32 33
32 337
32 810
33 32
33 34
33 35
33 108
34 33
34 35
34 36
34 809
35 33
35 34
35 36
35 566
36 34
36 35
36 38
36 194
37 38
37 39
37 195
37 568
38 36
38 37
38 63
38 73
39 37
39 40
39 71
39 231
40 39
40 41
40 42
40 61
41 40
41 42
41 43
41 233
42 40
42 41
42 43
42 687
43 41
43 42
43 45
43 867
44 45
44 46
44 689
44 866
45 28
45 43
45 44
45 46
46 44
46 45
46 47
46 48
47 27
47 46
47 48
47 49
48 46
48 47
48 49
48 50
49 47
49 48
49 588
49 815
50 48
50 669
50 673
50 817
51 52
51 53
51 590
51 674
52 51
52 53
52 227
52 670
53 51
53 52
53 54
53 340
54 53
54 55
54 229
54 317
55 54
55 57
55 154
55 338
56 57
56 152
56 315
56 629
57 55
57 56
57 894
57 924
58 59
58 489
58 628
58 892
59 58
59 306
59 887
59 922
60 61
60 62
60 488
60 888
61 40
61 60
61 62
61 305
62 60
62 61
62 323
62 963
63 38
63 64
63 921
63 961
64 63
64 65
64 66
64 321
65 64
65 66
65 67
65 920
66 64
66 65
66 67
66 68
67 65
67 66
67 68
67 69
68 66
68 67
68 69
68 235
69 67
69 68
69 70
69 71
70 69
70 72
70 237
70 863
71 39
71 69
71 358
71 862
72 70
72 73
72 316
72 359
73 38
73 72
73 75
73 576
74 75
74 285
74 314
74 574
75 73
75 74
75 76
75 77
76 75
76 77
76 78
76 283
77 30
77 75
77 76
77 989
78 31
78 76
78 79
78 80
79 78
79 80
79 81
79 988
80 78
80 79
80 82
80 212
81 79
81 82
81 83
81 213
82 80
82 81
82 83
82 595
83 81
83 82
83 85
83 153
84 86
84 152
84 597
84 955
85 83
85 86
85 87
85 953
86 84
86 85
86 87
86 88
87 13
87 85
87 86
87 89
88 11
88 86
88 90
88 105
89 87
89 90
89 91
89 106
90 88
90 89
90 92
90 829
91 21
91 89
91 93
91 828
92 23
92 90
92 93
92 94
93 91
93 92
93 94
93 95
94 92
94 93
94 95
94 96
95 93
95 94
95 97
95 172
96 94
96 174
96 734
96 885
97 95
97 98
97 99
97 733
98 97
98 99
98 100
98 884
99 97
99 98
99 375
99 901
100 98
100 101
100 376
100 844
101 100
101 102
101 606
101 899
102 101
102 103
102 794
102 842
103 102
103 104
103 608
103 819
104 103
104 105
104 106
104 792
105 88
105 104
105 107
105 821
106 89
106 104
106 107
106 108
107 19
107 31
107 105
107 106
108 33
108 106
108 109
108 110
109 21
109 108
109 110
109 111
110 108
110 109
110 112
110 392
111 109
111 390
111 589
111 637
112 110
112 113
112 114
112 588
113 112
113 114
113 115
113 638
114 112
114 113
114 115
114 116
115 113
115 114
115 117
115 211
116 114
116 118
116 209
116 430
117 115
117 118
117 119
117 429
118 116
118 117
118 119
118 120
119 117
119 118
119 121
119 264
120 118
120 121
120 122
120 262
121 119
121 120
121 122
121 123
122 120
122 121
122 123
122 124
123 121
123 122
123 124
123 125
124 122
124 123
124 125
124 126
125 123
125 124
125 126
125 127
126 124
126 125
126 127
126 660
127 125
127 126
127 128
127 129
128 127
128 130
128 659
128 913
129 127
129 131
129 412
129 911
130 128
130 132
130 411
130 802
131 129
131 132
131 133
131 800
132 130
132 131
132 133
132 134
133 131
133 132
133 134
133 707
134 132
134 133
134 135
134 136
135 134
135 136
135 137
135 705
136 134
136 135
136 233
136 407
137 135
137 139
137 232
137 695
138 140
138 403
138 408
138 697
139 137
139 140
139 141
139 405
140 138
140 139
140 141
140 142
141 139
141 140
141 142
141 941
142 140
142 141
142 144
142 909
143 144
143 907
143 942
143 943
144 142
144 143
144 145
144 146
145 144
145 147
145 393
145 942
146 144
146 148
146 392
146 992
147 145
147 148
147 149
147 990
148 146
148 147
148 150
148 415
149 147
149 150
149 151
149 417
150 148
150 149
150 152
150 319
151 149
151 152
151 153
151 321
152 56
152 84
152 150
152 151
153 83
153 151
153 154
153 155
154 55
154 153
154 155
154 595
155 153
155 154
155 156
155 157
156 155
156 157
156 158
156 596
157 155
157 156
157 158
157 880
158 156
158 157
158 160
158 200
159 160
159 202
159 788
159 878
160 158
160 159
160 161
160 162
161 160
161 162
161 163
161 786
162 160
162 161
162 164
162 413
163 161
163 165
163 411
163 459
164 162
164 165
164 166
164 457
165 163
165 164
165 166
165 167
166 164
166 165
166 365
166 611
167 165
167 169
167 367
167 575
168 170
168 576
168 613
168 937
169 167
169 171
169 356
169 936
170 168
170 171
170 187
170 355
171 169
171 170
171 173
171 787
172 95
172 173
172 189
172 786
173 171
173 172
173 174
173 175
174 96
174 173
174 175
174 176
175 173
175 174
175 176
175 177
176 174
176 175
176 177
176 178
177 175
177 176
177 178
177 895
178 176
178 177
178 179
178 180
179 4
179 178
179 180
179 894
180 178
180 179
180 181
180 907
181 3
181 180
181 182
181 666
182 181
182 761
182 788
182 906
183 184
183 394
183 664
183 790
184 183
184 185
184 186
184 762
185 184
185 186
185 187
185 396
186 184
186 185
186 187
186 188
187 12
187 170
187 185
187 186
188 14
188 186
188 219
188 497
189 172
189 190
189 191
189 221
190 189
190 295
190 499
190 741
191 189
191 192
191 193
191 294
192 191
192 216
192 742
192 776
193 191
193 194
193 195
193 778
194 36
194 193
194 196
194 217
195 37
195 193
195 196
195 197
196 194
196 195
196 232
196 846
197 195
197 198
197 199
197 230
198 197
198 200
198 845
198 958
199 197
199 201
199 460
199 960
200 158
200 198
200 201
200 461
201 199
201 200
201 202
201 942
202 159
202 201
202 203
202 931
203 202
203 204
203 205
203 940
204 203
204 205
204 307
204 929
205 203
205 204
205 207
205 521
206 207
206 208
206 305
206 519
207 205
207 206
207 208
207 209
208 206
208 207
208 586
208 996
209 116
209 207
209 210
209 997
210 209
210 212
210 587
210 856
211 115
211 212
211 213
211 855
212 80
212 210
212 211
212 757
213 81
213 211
213 215
213 994
214 215
214 522
214 756
214 995
215 213
215 214
215 216
215 217
216 192
216 215
216 218
216 521
217 194
217 215
217 218
217 434
218 216
218 217
218 220
218 339
219 188
219 220
219 340
219 432
220 218
220 219
220 221
220 222
221 189
221 220
221 223
221 803
222 220
222 223
222 224
222 804
223 221
223 222
223 224
223 225
224 222
224 223
224 225
224 524
225 223
225 224
225 226
225 227
226 225
226 227
226 314
226 523
227 52
227 225
227 226
227 228
228 227
228 229
228 312
228 883
229 54
229 228
229 231
229 999
230 1
230 197
230 882
230 975
231 39
231 229
231 232
231 973
232 137
232 196
232 231
232 234
233 41
233 136
233 234
233 235
234 232
234 233
234 235
234 236
235 68
235 233
235 234
235 236
236 234
236 235
236 238
236 703
237 70
237 238
237 239
237 702
238 236
238 237
238 239
238 240
239 237
239 238
239 240
239 241
240 238
240 239
240 242
240 626
241 239
241 242
241 243
241 628
242 240
242 241
242 244
242 745
243 241
243 245
243 525
243 747
244 242
244 245
244 246
244 523
245 243
245 244
245 247
245 562
246 244
246 247
246 248
246 564
247 245
247 246
247 248
247 249
248 246
248 247
248 409
248 416
249 247
249 250
249 251
249 417
250 249
250 251
250 252
250 407
251 249
251 250
251 252
251 253
252 250
252 251
252 591
252 694
253 251
253 254
253 255
253 696
254 253
254 255
254 256
254 593
255 253
255 254
255 256
255 257
256 254
256 255
256 257
256 258
257 255
257 256
257 258
257 259
258 256
258 257
258 259
258 504
259 257
259 258
259 260
259 261
260 259
260 261
260 262
260 502
261 259
261 260
261 262
261 738
262 120
262 260
262 261
262 263
263 262
263 264
263 736
263 880
264 119
264 263
264 328
264 481
265 266
265 267
265 330
265 879
266 265
266 267
266 268
266 479
267 265
267 266
267 268
267 269
268 266
268 267
268 269
268 270
269 267
269 268
269 270
269 271
270 268
270 269
270 271
270 272
271 269
271 270
271 273
271 637
272 270
272 273
272 635
272 920
273 271
273 272
273 274
273 576
274 273
274 275
274 276
274 922
275 274
275 276
275 277
275 577
276 274
276 275
276 472
276 657
277 275
277 278
277 279
277 473
278 277
278 279
278 280
278 658
279 277
279 278
279 280
279 281
280 278
280 279
280 281
280 282
281 279
281 280
281 283
281 451
282 280
282 284
282 452
282 714
283 76
283 281
283 284
283 716
284 282
284 283
284 285
284 286
285 74
285 284
285 286
285 411
286 284
286 285
286 287
286 288
287 286
287 288
287 289
287 410
288 286
288 287
288 289
288 290
289 287
289 288
289 290
289 291
290 16
290 288
290 289
290 381
291 289
291 292
291 293
291 379
292 17
292 291
292 294
292 934
293 291
293 295
293 932
293 936
294 191
294 292
294 602
294 935
295 190
295 293
295 455
295 572
296 297
296 298
296 453
296 601
297 296
297 298
297 571
297 659
298 296
298 297
298 299
298 300
299 298
299 301
299 365
299 661
300 298
300 301
300 366
300 556
301 299
301 300
301 303
301 331
302 303
302 304
302 333
302 558
303 301
303 302
303 304
303 305
304 302
304 303
304 306
304 316
305 61
305 206
305 303
305 315
306 59
306 304
306 307
306 308
307 204
307 306
307 309
307 470
308 306
308 310
308 471
308 664
309 307
309 310
309 311
309 663
310 308
310 309
310 311
310 312
311 309
311 310
311 312
311 313
312 228
312 310
312 311
312 783
313 311
313 314
313 315
313 785
314 74
314 226
314 313
314 315
315 56
315 305
315 313
315 314
316 72
316 304
316 317
316 318
317 54
317 316
317 319
317 651
318 316
318 319
318 320
318 652
319 150
319 317
319 318
319 320
320 318
320 319
320 321
320 322
321 64
321 151
321 320
321 322
322 320
322 321
322 323
322 324
323 62
323 322
323 325
323 705
324 322
324 325
324 326
324 703
325 323
325 324
325 326
325 751
326 324
326 325
326 327
326 328
327 326
327 328
327 750
327 946
328 264
328 326
328 327
328 391
329 330
329 331
329 393
329 947
330 6
330 265
330 329
330 331
331 301
331 329
331 330
331 332
332 7
332 331
332 447
332 615
333 302
333 334
333 335
333 613
334 333
334 335
334 336
334 448
335 333
335 334
335 337
335 717
336 334
336 337
336 338
336 719
337 32
337 335
337 336
337 339
338 31
338 55
338 336
338 339
339 218
339 337
339 338
339 442
340 53
340 219
340 341
340 342
341 340
341 342
341 343
341 444
342 340
342 341
342 343
342 585
343 341
343 342
343 344
343 345
344 343
344 345
344 346
344 584
345 343
345 344
345 346
345 347
346 344
346 345
346 348
346 618
347 345
347 348
347 349
347 620
348 346
348 347
348 349
348 350
349 347
349 348
349 350
349 351
350 348
350 349
350 750
350 880
351 349
351 352
351 353
351 882
352 351
352 353
352 354
352 752
353 351
353 352
353 354
353 355
354 352
354 353
354 355
354 356
355 170
355 353
355 354
355 357
356 169
356 354
356 357
356 358
357 355
357 356
357 358
357 976
358 71
358 356
358 357
358 360
359 72
359 360
359 361
359 977
360 358
360 359
360 361
360 362
361 359
361 360
361 362
361 363
362 360
362 361
362 363
362 364
363 361
363 362
363 364
363 365
364 362
364 363
364 365
364 608
365 166
365 299
365 363
365 364
366 300
366 367
366 368
366 609
367 167
367 366
367 368
367 369
368 366
368 367
368 369
368 370
369 367
369 368
369 370
369 413
370 368
370 369
370 371
370 372
371 370
371 373
371 412
371 668
372 370
372 373
372 374
372 666
373 371
373 372
373 374
373 375
374 372
374 373
374 375
374 376
375 99
375 373
375 374
375 377
376 100
376 374
376 377
376 378
377 375
377 376
377 378
377 379
378 376
378 377
378 379
378 380
379 291
379 377
379 378
379 930
380 378
380 381
380 382
380 932
381 290
381 380
381 382
381 383
382 380
382 381
382 383
382 384
383 381
383 382
383 384
383 385
384 382
384 383
384 385
384 940
385 6
385 383
385 384
385 387
386 8
386 27
386 388
386 938
387 29
387 385
387 388
387 389
388 386
388 387
388 389
388 390
389 387
389 388
389 390
389 391
390 111
390 388
390 389
390 391
391 328
391 389
391 390
391 392
392 110
392 146
392 391
392 394
393 145
393 329
393 394
393 395
394 183
394 392
394 393
394 395
395 393
395 394
395 396
395 397
396 185
396 395
396 397
396 684
397 395
397 396
397 398
397 399
398 397
398 399
398 400
398 685
399 397
399 398
399 400
399 401
400 398
400 399
400 401
400 402
401 399
401 400
401 402
401 403
402 400
402 401
402 403
402 404
403 138
403 401
403 402
403 404
404 402
404 403
404 406
404 748
405 139
405 406
405 407
405 750
406 404
406 405
406 407
406 408
407 136
407 250
407 405
407 406
408 138
408 406
408 409
408 410
409 248
409 408
409 410
409 411
410 287
410 408
410 409
410 412
411 130
411 163
411 285
411 409
412 129
412 371
412 410
412 468
413 162
413 369
413 414
413 415
414 413
414 415
414 416
414 466
415 148
415 413
415 414
415 416
416 248
416 414
416 415
416 538
417 149
417 249
417 418
417 663
418 417
418 419
418 420
418 536
419 418
419 420
419 421
419 662
420 418
420 419
420 421
420 976
421 419
421 420
421 423
421 778
422 423
422 424
422 779
422 975
423 421
423 422
423 425
423 647
424 422
424 425
424 426
424 649
425 423
425 424
425 426
425 427
426 424
426 425
426 427
426 428
427 425
427 426
427 429
427 853
428 426
428 429
428 430
428 852
429 117
429 427
429 428
429 715
430 116
430 428
430 432
430 603
431 432
431 602
431 714
431 863
432 219
432 430
432 431
432 433
433 432
433 434
433 435
433 864
434 217
434 433
434 436
434 493
435 433
435 436
435 437
435 495
436 434
436 435
436 438
436 727
437 435
437 438
437 439
437 728
438 436
438 437
438 439
438 440
439 437
439 438
439 441
439 525
440 438
440 441
440 442
440 527
441 439
441 440
441 442
441 443
442 339
442 440
442 441
442 443
443 441
443 442
443 444
443 883
444 341
444 443
444 445
444 446
445 444
445 446
445 447
445 884
446 444
446 445
446 447
446 826
447 332
447 445
447 446
447 449
448 334
448 449
448 450
448 828
449 447
449 448
449 450
449 451
450 448
450 449
450 451
450 794
451 281
451 449
451 450
451 453
452 282
452 453
452 728
452 793
453 296
453 451
453 452
453 454
454 453
454 455
454 456
454 729
455 295
455 454
455 456
455 457
456 454
456 455
456 457
456 458
457 164
457 455
457 456
457 458
458 456
458 457
458 459
458 460
459 163
459 458
459 460
459 461
460 199
460 458
460 459
460 462
461 200
461 459
461 462
461 463
462 460
462 461
462 463
462 464
463 461
463 462
463 464
463 465
464 462
464 463
464 465
464 931
465 463
465 464
465 466
465 477
466 414
466 465
466 467
466 932
467 466
467 468
467 469
467 479
468 412
468 467
468 469
468 470
469 467
469 468
469 470
469 471
470 307
470 468
470 469
470 472
471 308
471 469
471 472
471 473
472 276
472 470
472 471
472 474
473 277
473 471
473 474
473 475
474 472
474 473
474 475
474 476
475 473
475 474
475 477
475 503
476 474
476 504
476 520
476 711
477 465
477 475
477 478
477 522
478 477
478 479
478 480
478 712
479 266
479 467
479 478
479 480
480 478
480 479
480 481
480 482
481 264
481 480
481 482
481 483
482 480
482 481
482 483
482 484
483 481
483 482
483 484
483 485
484 482
484 483
484 486
484 872
485 483
485 487
485 873
485 891
486 484
486 487
486 488
486 893
487 485
487 486
487 488
487 798
488 60
488 486
488 487
488 490
489 58
489 490
489 491
489 799
490 488
490 489
490 491
490 492
491 489
491 490
491 492
491 610
492 490
492 491
492 494
492 631
493 434
493 494
493 611
493 630
494 23
494 492
494 493
494 495
495 435
495 494
495 496
495 497
496 24
496 495
496 497
496 547
497 188
497 495
497 496
497 498
498 497
498 500
498 549
498 658
499 190
499 501
499 627
499 660
500 498
500 501
500 502
500 628
501 499
501 500
501 502
501 503
502 260
502 500
502 501
502 503
503 475
503 501
503 502
503 505
504 258
504 476
504 505
504 506
505 503
505 504
505 506
505 507
506 504
506 505
506 507
506 508
507 505
507 506
507 508
507 509
508 506
508 507
508 509
508 510
509 507
509 508
509 510
509 511
510 508
510 509
510 511
510 512
511 509
511 510
511 512
511 513
512 510
512 511
512 513
512 514
513 511
513 512
513 767
513 974
514 512
514 515
514 770
514 972
515 514
515 516
515 517
515 769
516 515
516 635
516 735
516 769
517 515
517 519
517 737
517 754
518 520
518 636
518 755
518 924
519 206
519 517
519 654
519 925
520 476
520 518
520 521
520 656
521 205
521 216
521 520
521 523
522 214
522 477
522 523
522 723
523 226
523 244
523 521
523 522
524 224
524 525
524 526
524 722
525 243
525 439
525 524
525 526
526 524
526 525
526 527
526 924
527 440
527 526
527 528
527 970
528 527
528 529
528 530
528 923
529 528
529 530
529 531
529 968
530 528
530 529
530 531
530 756
531 529
531 530
531 532
531 533
532 531
532 533
532 758
532 943
533 531
533 532
533 534
533 535
534 533
534 536
534 839
534 944
535 533
535 536
535 586
535 841
536 418
536 534
536 535
536 537
537 536
537 538
537 539
537 584
538 416
538 537
538 539
538 926
539 537
539 538
539 540
539 701
540 539
540 542
540 559
540 924
541 542
541 543
541 558
541 702
542 540
542 541
542 718
542 970
543 541
543 544
543 545
543 719
544 543
544 545
544 546
544 971
545 543
545 544
545 546
545 685
546 544
546 545
546 547
546 548
547 496
547 546
547 683
547 744
548 546
548 549
548 550
548 742
549 498
549 548
549 551
549 612
550 548
550 551
550 552
550 610
551 549
551 550
551 552
551 553
552 550
552 551
552 553
552 554
553 551
553 552
553 554
553 555
554 552
554 553
554 555
554 621
555 553
555 554
555 556
555 557
556 300
556 555
556 557
556 620
557 555
557 556
557 558
557 559
558 302
558 541
558 557
558 560
559 540
559 557
559 560
559 561
560 558
560 559
560 561
560 562
561 559
561 560
561 563
561 718
562 245
562 560
562 563
562 716
563 561
563 562
563 564
563 565
564 246
564 563
564 565
564 566
565 563
565 564
565 566
565 567
566 35
566 564
566 565
566 567
567 565
567 566
567 569
567 993
568 37
568 569
568 570
568 994
569 567
569 568
569 570
569 571
570 568
570 569
570 571
570 572
571 297
571 569
571 570
571 573
572 295
572 570
572 573
572 574
573 571
573 572
573 574
573 575
574 74
574 572
574 573
574 575
575 167
575 573
575 574
575 577
576 73
576 168
576 273
576 578
577 275
577 575
577 578
577 579
578 576
578 577
578 579
578 580
579 577
579 578
579 580
579 581
580 578
580 579
580 581
580 582
581 579
581 580
581 582
581 583
582 580
582 581
582 583
582 584
583 581
583 582
583 584
583 585
584 344
584 537
584 582
584 583
585 342
585 583
585 587
585 653
586 208
586 535
586 588
586 654
587 210
587 585
587 588
587 925
588 49
588 112
588 586
588 587
589 111
589 590
589 591
589 923
590 51
590 589
590 591
590 844
591 252
591 589
591 590
591 592
592 591
592 593
592 594
592 843
593 254
593 592
593 594
593 595
594 592
594 593
594 595
594 596
595 82
595 154
595 593
595 594
596 156
596 594
596 598
596 668
597 84
597 598
597 599
597 669
598 9
598 596
598 597
598 939
599 597
599 600
599 601
599 938
600 10
600 599
600 601
600 602
601 296
601 599
601 600
601 603
602 294
602 431
602 600
602 604
603 430
603 601
603 604
603 605
604 602
604 603
604 606
604 857
605 603
605 606
605 607
605 855
606 101
606 604
606 605
606 607
607 28
607 605
607 606
607 608
608 103
608 364
608 607
608 610
609 30
609 366
609 610
609 611
610 491
610 550
610 608
610 609
611 166
611 493
611 609
611 612
612 549
612 611
612 613
612 614
613 168
613 333
613 612
613 614
614 612
614 613
614 615
614 616
615 332
615 614
615 616
615 617
616 614
616 615
616 617
616 618
617 16
617 615
617 616
617 618
618 346
618 616
618 617
618 619
619 14
619 618
619 620
619 621
620 347
620 556
620 619
620 622
621 554
621 619
621 622
621 623
622 620
622 621
622 623
622 624
623 621
623 622
623 624
623 625
624 622
624 623
624 625
624 772
625 623
625 624
625 626
625 627
626 240
626 625
626 627
626 770
627 499
627 625
627 626
627 629
628 58
628 241
628 500
628 630
629 56
629 627
629 630
629 631
630 493
630 628
630 629
630 632
631 492
631 629
631 632
631 633
632 630
632 631
632 633
632 634
633 631
633 632
633 634
633 703
634 632
634 633
634 635
634 636
635 272
635 516
635 634
635 701
636 518
636 634
636 637
636 638
637 111
637 271
637 636
637 639
638 113
638 636
638 640
638 648
639 637
639 641
639 646
639 732
640 638
640 641
640 642
640 731
641 639
641 640
641 643
641 853
642 640
642 643
642 644
642 854
643 641
643 642
643 644
643 645
644 642
644 643
644 645
644 646
645 643
645 644
645 646
645 647
646 639
646 644
646 645
646 647
647 423
647 645
647 646
647 648
648 638
648 647
648 649
648 650
649 424
649 648
649 650
649 651
650 648
650 649
650 651
650 652
651 317
651 649
651 650
651 653
652 318
652 650
652 653
652 654
653 585
653 651
653 652
653 655
654 519
654 586
654 652
654 655
655 653
655 654
655 656
655 657
656 520
656 655
656 657
656 658
657 276
657 655
657 656
657 659
658 278
658 498
658 656
658 711
659 128
659 297
659 657
659 710
660 126
660 499
660 661
660 662
661 299
661 660
661 662
661 740
662 419
662 660
662 661
662 664
663 309
663 417
663 665
663 741
664 183
664 308
664 662
664 665
665 663
665 664
665 666
665 996
666 181
666 372
666 665
666 667
667 666
667 669
667 923
667 995
668 371
668 596
668 670
668 922
669 50
669 597
669 667
669 671
670 52
670 668
670 671
670 672
671 669
671 670
671 672
671 673
672 0
672 670
672 671
672 673
673 50
673 671
673 672
673 675
674 2
674 51
674 675
674 676
675 673
675 674
675 676
675 677
676 674
676 675
676 677
676 678
677 675
677 676
677 678
677 679
678 676
678 677
678 679
678 680
679 677
679 678
679 680
679 681
680 678
680 679
680 681
680 682
681 679
681 680
681 683
681 890
682 680
682 684
682 889
682 948
683 547
683 681
683 684
683 946
684 396
684 682
684 683
684 686
685 398
685 545
685 686
685 687
686 19
686 684
686 685
686 687
687 42
687 685
687 686
687 688
688 20
688 687
688 689
688 690
689 44
689 688
689 690
689 691
690 688
690 689
690 735
690 741
691 689
691 692
691 693
691 743
692 691
692 693
692 694
692 736
693 691
693 692
693 694
693 695
694 252
694 692
694 693
694 695
695 137
695 693
695 694
695 696
696 253
696 695
696 697
696 698
697 138
697 696
697 698
697 699
698 696
698 697
698 699
698 700
699 697
699 698
699 700
699 701
700 698
700 699
700 701
700 702
701 539
701 635
701 699
701 700
702 237
702 541
702 700
702 704
703 236
703 324
703 633
703 704
704 702
704 703
704 705
704 910
705 135
705 323
705 704
705 957
706 707
706 708
706 912
706 959
707 133
707 706
707 708
707 709
708 706
708 707
708 709
708 710
709 707
709 708
709 710
709 711
710 659
710 708
710 709
710 712
711 476
711 658
711 709
711 713
712 478
712 710
712 713
712 714
713 711
713 712
713 714
713 715
714 282
714 431
714 712
714 713
715 429
715 713
715 716
715 981
716 283
716 562
716 715
716 717
717 335
717 716
717 718
717 982
718 542
718 561
718 717
718 720
719 336
719 543
719 720
719 721
720 718
720 719
720 722
720 729
721 719
721 722
721 727
721 909
722 524
722 720
722 721
722 895
723 522
723 724
723 725
723 911
724 723
724 725
724 726
724 893
725 723
725 724
725 726
725 727
726 724
726 725
726 727
726 728
727 436
727 721
727 725
727 726
728 437
728 452
728 726
728 730
729 454
729 720
729 730
729 823
730 728
730 729
730 731
730 732
731 640
731 730
731 733
731 822
732 25
732 639
732 730
732 849
733 97
733 731
733 735
733 847
734 23
734 96
734 735
734 736
735 516
735 690
735 733
735 734
736 263
736 692
736 734
736 737
737 517
737 736
737 738
737 739
738 261
738 737
738 739
738 740
739 737
739 738
739 741
739 898
740 661
740 738
740 742
740 899
741 190
741 663
741 690
741 739
742 192
742 548
742 740
742 743
743 691
743 742
743 744
743 745
744 547
744 743
744 745
744 746
745 242
745 743
745 744
745 746
746 744
746 745
746 747
746 748
747 243
747 746
747 748
747 749
748 404
748 746
748 747
748 749
749 747
749 748
749 750
749 751
750 327
750 350
750 405
750 749
751 325
751 749
751 752
751 753
752 352
752 751
752 753
752 754
753 751
753 752
753 754
753 755
754 517
754 752
754 753
754 756
755 518
755 753
755 756
755 757
756 214
756 530
756 754
756 755
757 212
757 755
757 758
757 759
758 532
758 757
758 759
758 760
759 757
759 758
759 760
759 761
760 758
760 759
760 761
760 762
761 182
761 759
761 760
761 763
762 184
762 760
762 763
762 764
763 761
763 762
763 764
763 765
764 762
764 763
764 765
764 897
765 763
765 764
765 766
765 767
766 765
766 767
766 768
766 899
767 513
767 765
767 766
767 768
768 766
768 767
768 769
768 770
769 515
769 516
769 768
769 771
770 514
770 626
770 768
770 771
771 769
771 770
771 772
771 773
772 624
772 771
772 773
772 774
773 771
773 772
773 774
773 775
774 772
774 773
774 775
774 776
775 773
775 774
775 776
775 777
776 192
776 774
776 775
776 777
777 775
777 776
777 840
777 969
778 193
778 421
778 780
778 971
779 422
779 780
779 781
779 839
780 778
780 779
780 781
780 874
781 779
781 780
781 782
781 783
782 781
782 783
782 784
782 875
783 312
783 781
783 782
783 784
784 782
784 783
784 785
784 786
785 313
785 784
785 786
785 868
786 161
786 172
786 784
786 785
787 171
787 788
787 789
787 867
788 159
788 182
788 787
788 945
789 787
789 859
789 943
789 948
790 183
790 791
790 792
790 949
791 790
791 792
791 803
791 857
792 104
792 790
792 791
792 793
793 452
793 792
793 795
793 802
794 102
794 450
794 795
794 796
795 793
795 794
795 796
795 797
796 794
796 795
796 797
796 798
797 795
797 796
797 798
797 799
798 487
798 796
798 797
798 800
799 489
799 797
799 800
799 801
800 131
800 798
800 799
800 801
801 799
801 800
801 802
801 803
802 130
802 793
802 801
802 804
803 221
803 791
803 801
803 805
804 222
804 802
804 805
804 806
805 803
805 804
805 806
805 807
806 804
806 805
806 807
806 808
807 805
807 806
807 808
807 809
808 806
808 807
808 809
808 810
809 34
809 807
809 808
809 811
810 32
810 808
810 811
810 812
811 809
811 810
811 812
811 813
812 810
812 811
812 813
812 814
813 811
813 812
813 814
813 815
814 812
814 813
814 815
814 816
815 49
815 813
815 814
815 934
816 814
816 818
816 827
816 936
817 50
817 818
817 819
817 826
818 816
818 817
818 819
818 820
819 103
819 817
819 818
819 820
820 818
820 819
820 821
820 822
821 105
821 820
821 822
821 823
822 731
822 820
822 821
822 824
823 729
823 821
823 824
823 825
824 822
824 823
824 825
824 826
825 823
825 824
825 827
825 867
826 446
826 817
826 824
826 869
827 816
827 825
827 828
827 829
828 91
828 448
828 827
828 856
829 90
829 827
829 830
829 831
830 829
830 831
830 832
830 857
831 829
831 830
831 832
831 833
832 830
832 831
832 833
832 834
833 831
833 832
833 834
833 835
834 832
834 833
834 835
834 836
835 833
835 834
835 837
835 965
836 834
836 837
836 838
836 963
837 835
837 836
837 838
837 839
838 836
838 837
838 839
838 877
839 534
839 779
839 837
839 838
840 777
840 841
840 842
840 879
841 535
841 840
841 842
841 843
842 102
842 840
842 841
842 843
843 592
843 841
843 842
843 845
844 100
844 590
844 845
844 846
845 198
845 843
845 844
845 847
846 196
846 844
846 847
846 848
847 733
847 845
847 846
847 848
848 846
848 847
848 849
848 850
849 732
849 848
849 850
849 851
850 848
850 849
850 851
850 852
851 849
851 850
851 852
851 853
852 428
852 850
852 851
852 854
853 427
853 641
853 851
853 855
854 642
854 852
854 855
854 856
855 211
855 605
855 853
855 854
856 210
856 828
856 854
856 858
857 604
857 791
857 830
857 858
858 856
858 857
858 859
858 860
859 789
859 858
859 860
859 861
860 858
860 859
860 861
860 862
861 859
861 860
861 862
861 863
862 71
862 860
862 861
862 864
863 70
863 431
863 861
863 886
864 433
864 862
864 865
864 866
865 864
865 866
865 867
865 888
866 44
866 864
866 865
866 868
867 43
867 787
867 825
867 865
868 785
868 866
868 869
868 870
869 826
869 868
869 870
869 871
870 868
870 869
870 872
870 986
871 869
871 872
871 873
871 988
872 484
872 870
872 871
872 874
873 485
873 871
873 874
873 875
874 780
874 872
874 873
874 876
875 782
875 873
875 876
875 877
876 874
876 875
876 878
876 994
877 838
877 875
877 878
877 992
878 159
878 876
878 877
878 879
879 265
879 840
879 878
879 881
880 157
880 263
880 350
880 881
881 879
881 880
881 882
881 883
882 230
882 351
882 881
882 884
883 228
883 443
883 881
883 885
884 98
884 445
884 882
884 886
885 96
885 883
885 886
885 981
886 863
886 884
886 885
886 887
887 59
887 886
887 889
887 979
888 60
888 865
888 889
888 890
889 682
889 887
889 888
889 891
890 681
890 888
890 891
890 892
891 485
891 889
891 890
891 892
892 58
892 890
892 891
892 893
893 486
893 724
893 892
893 894
894 57
894 179
894 893
894 896
895 177
895 722
895 896
895 897
896 894
896 895
896 897
896 898
897 764
897 895
897 896
897 898
898 739
898 896
898 897
898 900
899 101
899 740
899 766
899 900
900 898
900 899
900 901
900 902
901 99
901 900
901 902
901 903
902 900
902 901
902 903
902 904
903 901
903 902
903 904
903 905
904 902
904 903
904 905
904 906
905 903
905 904
905 906
905 907
906 182
906 904
906 905
906 908
907 143
907 180
907 905
907 908
908 906
908 907
908 909
908 910
909 142
909 721
909 908
909 910
910 704
910 908
910 909
910 982
911 129
911 723
911 912
911 984
912 706
912 911
912 913
912 914
913 128
913 912
913 914
913 915
914 912
914 913
914 916
914 952
915 18
915 913
915 916
915 951
916 914
916 915
916 917
916 918
917 20
917 916
917 918
917 919
918 916
918 917
918 919
918 920
919 917
919 918
919 920
919 921
920 65
920 272
920 918
920 919
921 22
921 63
921 919
921 922
922 59
922 274
922 668
922 921
923 20
923 528
923 589
923 667
924 57
924 518
924 526
924 540
925 519
925 587
925 926
925 927
926 538
926 925
926 927
926 928
927 925
927 926
927 928
927 929
928 926
928 927
928 929
928 930
929 204
929 927
929 928
929 930
930 379
930 928
930 929
930 931
931 202
931 464
931 930
931 933
932 293
932 380
932 466
932 933
933 931
933 932
933 934
933 935
934 292
934 815
934 933
934 935
935 294
935 933
935 934
935 937
936 169
936 293
936 816
936 938
937 168
937 935
937 938
937 939
938 386
938 599
938 936
938 937
939 598
939 937
939 940
939 941
940 203
940 384
940 939
940 941
941 141
941 939
941 940
941 943
942 143
942 145
942 201
942 944
943 143
943 532
943 789
943 941
944 534
944 942
944 945
944 946
945 788
945 944
945 946
945 947
946 327
946 683
946 944
946 945
947 329
947 945
947 948
947 949
948 682
948 789
948 947
948 950
949 790
949 947
949 950
949 951
950 948
950 949
950 951
950 952
951 915
951 949
951 950
951 953
952 914
952 950
952 953
952 954
953 85
953 951
953 952
953 954
954 952
954 953
954 955
954 956
955 84
955 954
955 956
955 957
956 954
956 955
956 957
956 958
957 705
957 955
957 956
957 958
958 198
958 956
958 957
958 959
959 706
959 958
959 960
959 961
960 199
960 959
960 961
960 962
961 63
961 959
961 960
961 962
962 960
962 961
962 963
962 964
963 62
963 836
963 962
963 964
964 962
964 963
964 965
964 966
965 835
965 964
965 966
965 967
966 964
966 965
966 967
966 968
967 965
967 966
967 968
967 969
968 529
968 966
968 967
968 969
969 777
969 967
969 968
969 970
970 527
970 542
970 969
970 972
971 544
971 778
971 972
971 973
972 514
972 970
972 971
972 973
973 231
973 971
973 972
973 974
974 513
974 973
974 975
974 976
975 230
975 422
975 974
975 977
976 357
976 420
976 974
976 978
977 359
977 975
977 978
977 979
978 976
978 977
978 979
978 980
979 887
979 977
979 978
979 980
980 978
980 979
980 981
980 982
981 715
981 885
981 980
981 983
982 717
982 910
982 980
982 983
983 981
983 982
983 984
983 985
984 911
984 983
984 985
984 986
985 983
985 984
985 986
985 987
986 870
986 984
986 985
986 987
987 985
987 986
987 988
987 989
988 79
988 871
988 987
988 990
989 77
989 987
989 990
989 991
990 147
990 988
990 989
990 991
991 989
991 990
991 992
991 993
992 146
992 877
992 991
992 993
993 567
993 991
993 992
993 995
994 213
994 568
994 876
994 996
995 214
995 667
995 993
995 997
996 208
996 665
996 994
996 998
997 209
997 995
997 998
997 999
998 0
998 996
998 997
998 999
999 0
999 229
999 997
999 998
