4.000000	0.400000	50	0.100000	ARCHIVOS_REDES\ER\ER_650.txt
0.174656	2.790187
3.011466
2.304952
2.943835
-3.479944
-0.189925
-2.873581
3.597487
0.954503
2.952026
-3.244563
-0.383743
-2.877606
3.549682
3.634374
1.569306
-2.722115
-3.008129
2.569932
-3.146337
-3.239348
-3.154809
2.282689
2.274030
-3.226525
-2.047512
-2.918537
-3.131460
-2.848020
-3.329372
3.484354
3.043822
2.809823
3.090346
-2.811705
-2.293813
-2.068567
-3.425133
3.009830
3.359496
-2.734374
-3.394993
-3.144521
-2.962565
3.567208
-1.490404
-0.620737
-1.457718
0.302700
-2.878950
-1.547574
2.509986
2.936754
-2.892531
-3.100566
-2.224702
2.432540
0.782166
-3.650590
-3.517292
-3.237793
3.470441
2.774381
3.514915
3.069021
3.191662
-3.528476
-3.144121
-1.516023
-3.440732
-3.467151
3.639290
-1.928933
-3.319535
-3.455803
2.366808
-0.845450
-3.055491
-2.246043
-3.217518
-1.187042
-1.217596
3.981705
-2.404877
-3.429567
3.149640
2.472883
1.399700
3.381507
-3.332399
3.740387
-3.978876
0.215580
-2.969764
3.552619
3.386392
3.517333
-3.520890
-0.070112
3.356390
-3.665081
3.372185
2.919859
-1.412140
2.740905
-1.025114
-2.692915
3.539662
-3.109369
-3.012274
-2.930700
-3.712534
2.673192
3.530367
-2.085284
-2.874732
-1.727427
3.608092
3.595846
-3.149132
1.201470
-2.739174
-1.848187
3.123439
-2.198509
-0.189461
3.640744
3.472190
2.671014
-2.611480
3.294785
-1.009259
3.483247
-3.114682
-3.262338
-3.236944
3.247115
-3.888472
-3.115551
3.032862
0.435995
-2.078124
1.003168
2.944195
3.198792
-2.536793
1.684474
3.363189
-1.856286
0.940299
1.519552
-2.711674
-2.416430
-3.527495
2.744822
1.500491
2.965924
0.080207
-3.512375
-0.565561
-1.763231
3.082740
1.419977
3.045251
-2.508007
3.620223
-3.533653
-1.721474
-3.144228
1.749830
3.394812
-2.707766
1.360634
3.182833
1.418218
-3.626104
-1.929587
3.308783
2.939190
3.396789
-2.744129
3.139573
-3.006501
-0.197327
3.237520
2.071009
2.853204
-1.483909
-3.989935
-2.888981
-3.278557
-2.337621
0.827835
2.715622
-3.432208
3.464963
-2.560105
1.898020
3.304236
-2.178176
2.826652
2.131572
3.248661
-3.264628
-2.909097
-3.025796
-2.454710
-3.017272
2.229369
3.754674
3.355512
-2.863114
-2.679918
3.395669
-1.693394
3.183647
-3.105519
-2.144598
2.955240
2.488949
-2.830668
-2.478612
-3.294128
2.037827
2.936552
-3.115753
2.975127
3.615130
-2.712138
-2.907954
3.354333
-3.096171
-2.591184
-3.180748
2.985393
3.133719
-3.108859
1.265979
-3.318655
3.370248
3.315071
2.602275
-3.449053
-1.843971
-2.664573
3.510777
2.980154
-1.832494
-1.698283
2.475303
-1.613542
-2.892021
-3.415015
-3.426040
3.564740
3.351148
3.580655
3.556191
-2.497920
-3.309266
2.946370
-3.459020
1.217605
3.240949
-1.811819
1.393343
3.679902
3.077282
3.554071
-2.885782
3.980618
-1.790556
3.687235
-1.611335
-1.499505
0.036813
2.652582
-2.553284
-2.932235
2.074123
0.085784
1.421174
-2.492776
0.936898
3.537372
3.598776
2.971277
3.386436
-2.122097
-2.597277
1.826018
2.362969
-3.692401
3.425311
-2.830103
-3.600241
1.470935
-3.388107
-2.010880
-1.018414
2.324396
-3.018249
2.195038
2.628833
3.529502
2.507854
2.780082
-3.153699
1.060918
2.195015
2.563237
0.747296
1.991967
-2.544785
-2.628689
1.795399
-2.730851
3.561332
3.987220
0.022322
-1.550635
-2.554616
-0.347015
2.791164
0.880252
3.527621
-1.525365
-2.984895
3.252210
2.942959
2.561503
-3.306949
2.881510
-0.054099
3.160767
3.826824
2.968217
2.571767
3.979335
3.337773
-3.133178
-0.125905
-0.338219
1.544569
3.525703
3.524979
3.018575
1.870257
3.269543
3.583792
2.841903
-3.409207
3.060864
-3.076093
3.493873
2.722905
-3.324442
0.054338
-3.539766
3.460457
-3.400851
3.386579
2.902494
-3.411673
-0.276432
1.112301
3.505397
3.184969
-2.979379
-3.094339
3.408261
-3.241023
-0.944168
3.995634
-1.385591
-2.635892
-1.906698
2.716190
3.000723
3.189003
0.745051
-0.397584
-2.446714
-3.000427
-2.808727
3.216999
-3.392319
-2.760278
3.602427
-2.031005
1.904838
-1.753202
2.264483
1.333821
2.533897
1.998130
3.282949
2.638847
2.769094
3.196036
3.722076
2.907396
2.306898
-3.071740
-2.179504
3.344820
-2.879817
-1.501863
-2.002565
-1.199311
0.320157
-3.233560
3.366701
-0.239281
-0.048991
1.417773
3.194678
2.566731
3.126140
1.734268
-2.910260
-2.121231
1.516790
3.474955
-3.328988
3.414514
1.405335
3.295514
3.232326
-1.423572
-2.036774
3.350305
-2.702050
2.525420
-2.951498
-3.137624
-2.970527
-2.997707
-3.074143
-0.084978
3.508501
-0.379546
-3.546931
2.961548
-2.694002
2.445915
2.574981
-3.270633
3.265384
3.945801
-2.185574
3.010127
3.606846
-3.410004
-3.793617
3.300828
2.872397
-3.390136
3.270641
3.050078
0.319949
3.604164
-1.480387
-3.461585
3.596420
-2.810091
3.214075
2.145911
1.599507
3.007275
-2.984892
3.565123
2.845218
-0.035448
-3.071946
2.793286
-3.089027
1.583861
-3.430790
-2.395466
-3.298316
2.866460
-3.074313
3.034722
2.999961
-2.262867
-2.709279
-3.395848
-3.486281
2.944778
-2.507144
1.463903
3.655567
-3.149244
2.702830
3.044560
-1.668111
3.088735
-1.955473
2.976573
-1.251138
-3.155626
-3.108081
-0.876535
0.668529
-2.887032
-2.478095
-3.422371
-2.238946
1.619465
2.347288
-3.227780
3.504421
3.148670
-0.745055
-3.120457
-2.424025
2.943349
-2.578568
2.891171
2.822054
-1.954913
3.026204
3.066496
2.319307
-1.627930
1.409245
-2.108802
1.465302
2.929801
1.764081
2.560970
2.705848
3.168292
-1.664851
3.922663
-0.223591
2.045182
3.231200
-2.849354
-1.650760
3.563802
-3.569369
2.564322
3.543260
-3.181786
-2.936506
-3.269303
3.360117
-3.491882
-0.789531
-3.289433
3.370826
2.263642
3.588308
2.905431
-3.214070
3.545451
-2.511190
-3.281124
-3.405922
3.101757
-2.991633
3.264076
2.847135
-1.638601
1.637626
-3.190160
3.492268
3.137323
-2.818704
-2.674890
3.500277
3.410626
3.484027
-2.483575
-1.845530
-3.212422
-0.840943
-3.071161
3.502011
-2.220580
2.906363
2.578372
-1.987157
3.977692
-2.577194
-2.784535
3.246879
-3.345988
-3.341610
-3.326478
-0.095739
1.646762
1.509165
2.794696
3.324474
3.471987
-2.418340
3.445350
-2.684519
2.642097
2.233307
2.873864
-2.932356
-2.504818
2.371946
1.323291
-3.034521
-2.608854
-3.489396
-1.546812
-2.541517
-3.667286
-2.872962
3.260909
-3.335037
-3.337092
3.047489
-3.523957
-2.755767
-3.151088
-2.668364
3.577667
3.298196
-3.216469
-2.722781
-3.504779
-0.166226
3.147299
-2.791510
-1.568453
-3.092488
3.450488
-2.606702
3.425140
-2.224947
3.216300
3.569940
-2.337798
2.514714
1.873239
2.902989
-2.240849
3.054995
-0.769598
-1.442173
2.206350
3.455982
-2.574361
2.225630
-2.332794
3.595473
-0.444248
3.235116
3.129996
-3.109309
-3.335209
3.501885
-2.952030
3.105100
-2.647057
3.240402
-3.521730
-2.688120
-0.504587
-3.201522
3.261762
-2.417893
3.023696
3.258202
-1.959642
-3.413668
1.378056
2.477120
-3.124242
2.673004
3.655761
3.450117
3.272135
-1.959637
-2.918896
3.288335
-3.486268
3.058651
1.366259
1.079559
-3.707781
-0.311461
-2.810146
-1.655863
3.525382
3.155993
-1.703179
-2.643024
-0.697393
-2.803788
3.017384
-3.487305
3.362336
-3.565804
-3.206120
-3.305921
2.431415
3.405535
-3.431673
3.422451
-3.358764
3.273361
-0.749111
-0.553888
3.350297
2.410337
3.104590
-0.526778
-2.424441
2.134354
3.962379
-2.589585
2.723979
0.873898
-3.150356
3.345098
2.132317
-3.569852
3.331631
-3.203034
2.524631
1.808718
-3.552118
-0.471893
1.150832
3.147888
-3.181145
3.562894
2.512191
3.380812
-2.939532
3.587345
-3.430028
-2.867445
2.604484
-3.446802
3.476694
-0.810748
3.318115
-3.209103
3.683034
2.291007
3.350675
2.750227
-1.703577
3.262538
-2.928018
-3.817017
1.973799
3.788976
-2.838186
3.312744
-3.427027
3.690752
-0.805640
-2.087512
2.490901
3.420840
3.509974
-3.366081
-2.758562
0.911645
-2.577599
2.064069
2.489469
-3.517869
-3.279144
3.114265
3.578176
1.501607
3.387825
-3.192645
2.250050
-2.908006
-3.466460
1.229246
3.666036
-0.682495
-3.420542
-2.749289
-1.577843
-3.651376
2.518303
-1.668457
-1.226525
-2.938461
-2.601898
-2.806158
3.509450
0.021313
3.326156
-2.737896
-2.194465
3.621013
-3.331293
-2.324249
3.236239
-2.746154
3.372743
3.361375
2.844773
-2.596053
-2.556831
1.698316
0.223343
2.978597
1.693404
-0.760236
3.442615
-2.977121
-0.318641
2.279970
3.400555
3.104136
3.333206
-3.330678
-3.342138
2.936084
-3.157530
3.154519
-3.367490
3.135429
-3.407298
3.294358
2.336666
-2.715851
-3.315560
-1.794367
-3.032529
-2.939680
-2.756891
-2.189202
3.302750
3.136046
-3.434306
-2.959978
3.479252
2.158914
-2.465996
1.223764
3.611918
1.621765
3.420508
-2.608410
3.353641
-3.538177
-1.743060
2.901090
0.077124
3.201382
3.397968
-2.541189
-2.279923
-3.432349
2.208354
-3.292082
3.133473
-1.344281
-3.287842
-3.115493
-2.172167
-3.069653
-3.453325
3.326379
3.124841
-1.850835
-2.020751
3.554522
-0.038157
-3.330983
-2.702267
-1.215596
-1.686092
-3.012826
-0.418816
1.213002
2.914805
3.508001
-3.617309
-2.373144
3.617702
3.512805
-2.620413
-3.327680
-0.257366
-3.383222
3.681812
3.079741
-2.772248
-2.377195
-3.427903
-2.242193
-0.217477
-2.635979
-3.193523
-0.938267
-2.699277
3.513116
-3.275625
-2.924482
2.039850
2.599094
-2.895180
-0.985441
2.921101
-1.871364
2.963793
3.257997
-3.401233
-0.138412
3.275286
-3.259149
3.795256
-3.399794
-2.763676
3.158456
-3.269492
3.248832
-2.682814
-2.336740
-3.181586
-2.684743
-1.078945
3.229007
3.169826
-0.713353
-3.603286
0.254895
-3.315095
-3.396065
3.023209
2.461156
2.073391
1.131727
-3.655296
-2.428637
2.665329
3.243263
3.318687
3.595430
0.844809
-2.852741
3.591604
-2.989461
-3.319233
-2.538046
3.967271
-2.124606
2.594690
-3.197518
3.213370
3.251055
1.766676
-1.713989
2.596763
0.992483
2.963851
-0.097956
3.675397
-3.047009
2.827263
-3.630326
-3.277597
2.218009
1.268224
3.659046
-0.359213
-2.640186
3.172843
1.816188
-3.578573
-2.359391
2.670004
-3.342947
-0.118796
1.670454
3.400611
3.747186
-2.934480
-2.002748
2.486084
-2.131126
2.636544
-1.011885
-2.749343
3.406166
3.088783
3.560788
3.072829
3.115458
-3.176815
-3.039649
-2.775896
-3.548342
-2.648783
3.296514
3.203761
2.921440
-3.246179
-3.143354
-3.476023
-3.212304
2.185570
0.614674
2.290037
-3.317893
-1.313861
-2.395538
1.230580
3.089598
-2.575023
-3.416680
3.201396
3.504070
2.236954
-3.422511
2.932009
3.128566
2.747403
-2.932334
-2.951432
3.324317
-2.836921
0.840993
3.177095
3.444639
-0.633278
3.029966
-3.543184
1.191412
2.916715
3.382748
3.965109
2.798382
3.118509
-3.281339
-3.219153
2.530989
-3.313367
3.547242
3.497181
-2.403662
-2.904697
-3.053985
2.857452
3.857370
3.020916
-2.681711
2.591802
-3.182686
-1.960268
-3.227221
3.147193
-1.828868
-1.137393
2.314491
3.679665
-3.411853
-3.375532
2.993343
3.250626
-2.073938
3.552327
-3.070217
-2.959726
3.526319
3.480135
0.922618
3.523518
-2.677519
-3.539443
-2.528292
1.885325
2.736695
-2.770605
-3.594821
3.101753
2.928330
-1.647347
3.599905
2.056203
-1.579879
-3.647404
-2.671790
1.817690
2.804545
2.501619
3.321715
-0.717353
-2.416662
-3.657648
0.957543
1.316668
3.327643
0.479535
-2.550906
-3.595196
-3.483304
-3.125181
3.079434
3.407286
-3.224429
-3.373395
1.285395
-3.328573
2.510678
3.022033
-3.580701
3.158274
2.657726
-3.028546
3.990142
-3.151246
1.441616
-3.512620
3.629610
1.217559
-0.724313
-3.236484
2.989564
2.646532
-1.805352
-3.117657
3.416623
-2.916950
3.262910
3.574031
3.633677
3.123996
2.490195
-2.788052
3.069615
-2.815384
3.095688
-3.473151
-3.693757
-1.829197
-1.182252
3.152440
3.459274
-3.928304
2.817351
3.239924
3.509663
-2.749042
-2.221525
-3.489762
-2.861753
3.489191
1.768139
-1.374722
-3.134689
-3.057144
-3.606139
1.718541
0.003444
-2.980806
-2.627279
-1.015244
2.279783
-2.971616
-1.728750
3.399016
2.938887
2.979903
-1.538045
-3.321048
-0.367380
-3.001923
3.095966
-2.942542
3.478140
2.733010
-3.479378
3.476501
2.981140
3.383006
2.544708
3.402144
-3.313815
0.098762
2.182845
-2.992649
3.396836
3.529183
-2.433649
3.448283
-2.127595
-2.259380
1.715330
2.632763
3.264784
2.810983
3.274916
2.550330
-3.594728
-2.629540
-1.375968
2.914158
-3.124141
-2.871167
3.346044
3.295235
0.814927
-2.587747
-1.998409
-0.104398
-2.985698
3.328873
-3.290283
-2.274273
-2.623296
3.163816
3.517837
-2.988439
-1.230256
2.463861
3.259894
-3.574560
0.054884
-1.528792
3.142824
-2.266458
-2.049190
3.195179
-3.260981
1.251142
-1.421115
-2.766786
-0.896894
1.565346
-3.523082
-3.465652
2.543060
-3.117301
2.062746
-1.532790
-1.245031
-2.466714
-3.167666
2.664597
0.956820
-2.932045
3.576666
-0.636799
-3.455753
-0.232533
3.391557
-3.340038
0.597578
-3.198901
2.992050
0.075761
-2.280100
1.314027
-2.428653
-2.109996
-1.385220
2.088619
-3.446899
2.468772
2.776337
-2.129599
-3.586324
-3.449715
-2.775835
3.469313
-2.486633
-3.213491
3.181733
2.800317
-3.100166
-2.942778
2.839000
-3.334615
-1.475755
-2.120887
-1.218987
-3.641304
2.828127
-0.691257
1.752335
3.307853
2.011816
1.638245
3.498410
2.727895
2.930625
-2.875997
2.575485
-3.199001
3.132640
2.116382
2.554189
2.880581
-2.439148
-3.071119
-3.260848
-3.172961
-2.940921
2.976751
0.406171
-2.835929
-2.542623
2.846471
3.561201
-0.632965
-3.540107
3.621909
-3.497459
-2.723763
2.994661
2.593642
2.768775
3.740598
3.169759
-0.788536
2.743422
-1.946749
-2.818918
0.859024
2.502370
-3.189141
-0.033335
-2.913114
3.095901
-3.227944
1.927709
-3.053009
3.279034
1.558268
-3.128658
-3.114023
3.419471
3.115814
-0.049656
3.582247
1.959114
1.410508
-2.270602
3.210783
-0.932197
-2.358568
2.965714
-1.616708
2.271994
3.240450
2.660988
-2.849858
1.005593
-3.468390
-2.891920
2.658500
-3.050960
-3.130875
-0.244770
1.027537
2.886110
3.464427
-2.851210
3.456475
-0.642397
3.275977
2.992936
3.981217
2.066109
-3.465335
3.119493
1.372573
0.472943
2.033633
0.089619
-2.504052
-3.183491
-1.510798
-1.676195
-3.077434
2.538485
-3.444441
3.085960
2.946562
-1.709823
-2.700649
3.567420
0.596040
3.014030
-2.320738
3.068468
3.227260
-1.603145
-3.057991
-2.156755
2.924300
2.363208
-3.638111
-3.242924
-3.438533
-2.960272
-0.877443
-2.553518
-1.017306
3.402984
-0.141567
2.761858
0.863729
-2.929944
-3.546921
-3.207486
3.691970
0.209311
3.394686
-1.091396
3.682803
-3.139580
-3.277016
-2.534864
3.289792
-3.071082
-3.206931
2.064604
1.397695
1.391147
2.890795
-1.826524
3.417302
3.489343
-2.606277
1.488492
-0.211159
1.234826
-3.224264
-3.101721
2.990565
-1.122353
2.048908
0.711277
2.624670
-3.154234
-3.167689
2.513351
3.570488
2.010136
-3.016435
-2.964598
3.958112
3.446068
-2.058058
-2.627153
-3.030675
-3.427337
-2.623261
-2.107165
2.918562
-2.562589
3.131449
-2.887319
1.422481
-1.781670
2.612486
3.503921
-3.317284
-2.865110
2.988311
-3.382151
2.687482
3.118472
-0.194389
3.212904
1.923808
1.742170
-3.109889
-2.039151
3.523630
-3.222035
3.357519
-3.520072
3.390006
-3.451544
0.921144
-2.935909
-3.138497
-0.354786
-3.379916
-2.720788
-3.138281
3.105595
-2.367554
3.150358
-3.187324
1.617956
1.817076
-3.312592
2.883264
3.433279
2.120352
-3.330272
2.694987
3.262833
-2.345255
3.632624
3.180292
-3.160207
3.379391
2.552248
-3.208813
3.197341
0.069522
2.946423
-1.763267
-2.698339
2.016612
-1.188954
2.445472
3.228591
3.414807
2.873939
-1.830350
3.477040
-3.458817
-3.658625
-2.887834
-1.401664
1.717226
0.173905
-2.773512
-3.870967
-1.670607
3.185378
-2.896881
-1.289422
3.555458
3.240747
3.523839
-2.786135
3.134754
-2.931068
-3.333281
2.899618
1.956290
-3.027016
2.465394
2.081995
3.469037
-1.243977
-2.642784
-3.205904
3.612085
2.867097
-3.093906
-2.679314
-3.034235
2.041633
0.595809
-3.273388
3.176115
-2.930240
2.835607
2.226780
3.403225
2.005067
3.440985
-3.094333
2.619610
2.075281
-2.060341
-2.927480
-2.647129
-3.557342
-2.647259
-3.189398
1.938943
-2.386199
3.273351
2.693944
-3.125021
-3.498616
3.442714
-1.090031
-2.706428
3.443946
-1.307875
2.543452
2.736357
-3.065781
3.660852
-3.093285
3.648836
3.141808
-1.592550
3.250843
3.567976
-3.013885
2.413646
3.431975
-1.648197
2.261306
-3.145036
2.875023
2.997130
1.440192
-3.099811
-3.110988
3.077219
2.484727
3.441533
3.914290
3.076549
1.619070
-2.747813
3.083057
-2.945608
-3.254860
3.472151
-2.940285
-3.024298
2.968768
-3.394156
-2.112878
-3.639785
-3.247157
3.374216
3.742336
3.509510
3.552829
3.899560
-0.927620
3.661780
3.432301
3.972341
-0.430461
1.950811
3.051171
2.930743
-3.491933
-3.515858
-3.533679
3.562528
-2.974317
3.248513
-3.491809
-2.859596
-1.068603
2.760354
-3.435143
-2.689493
-3.258281
0.356162
-1.915365
-3.480662
-2.965732
3.298136
-2.711739
-3.295396
1.946565
3.706804
3.658710
3.195029
3.244050
3.467318
-0.302421
-2.768216
2.375333
3.187404
-0.959876
2.999529
2.164421
2.851322
1.624604
-2.835833
-2.774314
3.335559
-3.063169
2.372545
3.163747
3.190866
3.321630
3.462146
3.217149
-3.724183
3.511756
2.189974
-2.428760
3.263766
1.149868
-3.237429
2.972867
-2.852444
-3.351880
3.294621
3.479098
-2.672916
-2.870418
3.376306
-0.822547
-2.757766
3.105736
-3.123832
3.340109
3.214364
2.782551
1.859433
3.485860
2.049835
3.104820
2.870563
3.238647
-1.421664
3.288041
3.647271
-2.712760
-3.114522
-2.759158
-3.178089
-1.457756
-0.763639
3.495677
3.075518
-1.635714
3.113637
3.246936
3.632076
-2.931870
2.441476
-1.959600
3.213562
2.097715
-3.013353
2.579335
-3.334762
3.102352
1.012381
3.179179
3.615518
2.963517
-0.937688
3.580323
3.474357
-3.610980
-3.245825
-1.590399
3.444346
0.051422
-3.675127
3.445373
3.325799
3.254880
3.482114
3.203227
-2.370751
3.506977
-1.746175
-2.154422
-2.621269
1.150513
-1.590223
3.128855
-3.004426
-3.968931
3.322550
3.691755
-2.549025
-3.346489
3.436679
-0.805750
2.782031
3.735855
-3.671979
-3.329949
-2.648370
2.919978
-1.353644
2.047939
-3.475733
2.978998
2.211036
3.119109
-2.117904
-3.458400
3.186346
3.084218
-2.606994
-2.247226
-3.549972
-2.130383
-3.470701
1.807225
0.710914
3.687647
3.057872
-2.323203
-3.021400
-2.844749
1.864046
-2.077022
-0.823290
0.526290
3.396553
2.922775
-1.060804
-2.382430
-2.753730
3.413356
-3.322384
-3.172661
2.433168
2.351745
-2.804411
-3.873545
2.526677
2.230660
3.713496
3.716770
0.077408
2.114618
-2.978090
3.355412
3.504812
-2.782895
-3.330843
1.370044
3.354345
-0.040772
3.783443
3.295589
-0.830192
-2.951912
-3.568185
2.957073
-0.366105
-2.909993
-2.002304
-2.767975
2.926918
-3.200008
3.448468
1.740728
-1.235534
-3.216428
-3.847374
2.447357
-3.248108
3.083570
-2.240912
-3.050933
0.197846
-2.272444
2.948259
3.245579
2.966703
-2.441805
3.420288
1.981133
-2.473086
1.821117
-3.262038
2.089917
3.487881
2.567682
-3.211647
-2.716383
-1.914684
-2.609559
-3.094871
2.129774
3.269359
3.096963
2.541502
0.809493
1.033654
2.598650
3.259332
-2.069998
-3.390283
-3.025696
-3.358866
-3.447224
3.080682
-3.131152
-2.961134
-0.179338
-2.930618
-3.385137
2.948889
-2.056470
-3.506934
3.359916
3.480173
-2.876893
-0.169105
0.121048
3.337910
3.307028
3.278078
2.749160
-3.565730
3.569246
-2.830257
1.234947
2.913192
2.164426
-2.285421
3.425153
-3.185534
2.743537
3.389503
-3.353502
-3.567300
2.653239
-1.024052
3.934323
-3.489049
1.122551
3.052283
-1.563781
-3.349084
1.786535
-2.936188
3.613196
2.949103
3.155380
3.228946
3.812316
2.933726
3.152604
-1.694250
-1.602480
3.673352
-2.161000
-3.099920
-3.017917
-1.133945
-3.486562
3.575018
-2.457703
-2.338176
3.285457
-3.380969
-3.544828
-3.516327
-3.014386
3.366200
3.266335
0.259340
3.658986
-1.677326
3.015495
3.260305
-0.820750
0.625460
2.950014
1.996287
1.969976
2.355776
-1.168893
0.486472
2.830782
3.106177
-2.259475
-3.282810
-1.005852
-2.547007
3.543336
-2.489119
-1.999739
3.606222
3.573711
-3.074182
3.390530
3.952762
3.301934
3.284893
-2.907285
-1.013807
2.563583
3.086163
-2.720030
-1.567516
2.752071
-0.005284
-3.585490
0.560530
-3.083056
3.513793
3.588862
3.398413
3.245788
-2.982816
3.411076
2.997376
3.025027
-2.194097
3.331695
3.041959
-2.516675
3.203573
1.751173
3.618169
2.630325
-3.240414
-0.907104
-3.174830
3.207682
3.424890
-3.373234
3.298239
-3.124250
-3.658290
-1.031547
-3.858463
-2.829204
3.489848
3.586065
2.657459
-3.678244
3.529381
0.974204
-3.125693
2.606460
3.036167
-2.611209
-2.660052
3.535108
-2.514804
-2.788315
3.789556
2.310162
3.559590
3.079509
-2.735956
-1.605863
-3.969957
2.416224
-3.119341
3.334871
-2.733333
3.468110
-2.038965
3.555806
3.587329
-3.808494
1.340520
3.417661
-3.672434
-3.251838
3.201954
-2.232151
2.296756
1.990973
3.149123
2.633987
2.955892
2.920638
2.175521
3.261351
0.209533
-3.236180
-3.267819
-1.066206
2.741524
2.955076
-3.478960
2.695610
-0.590292
3.296920
-2.588141
1.357891
-3.042858
-3.060139
3.463056
3.575802
-1.388921
3.260281
1.462213
0.467884
2.619100
-3.370314
2.329940
2.404740
-2.440246
-3.119609
-2.954893
1.287072
2.873250
1.887260
3.494509
-1.175365
-1.943254
3.106335
-2.379615
-3.529933
3.417107
-3.701675
3.067393
-3.931424
3.013116
2.881990
-2.426735
2.409263
3.739065
2.762877
1.532551
-3.461281
3.483702
3.546542
3.565955
3.209697
-2.696643
-3.985576
-3.485337
3.434797
-3.438386
-3.554061
3.943001
2.368667
-3.128137
0.725622
3.603127
1.963494
-1.463018
-3.154842
3.272489
-0.600956
2.078880
-3.302699
-3.447466
-2.114381
-2.392051
3.554657
3.436191
-2.309066
2.529470
3.686957
-2.611648
-2.902279
3.660940
2.290998
2.414184
3.089098
-2.338059
2.877920
-2.366374
3.740471
3.282569
-2.325752
3.341282
2.110219
-3.676737
2.987654
-2.835330
3.534616
1.446324
-1.365629
3.945941
3.029065
0.686900
2.622649
-2.872485
-2.852153
2.634132
2.838769
3.077303
-2.922449
-3.421659
3.351645
-0.701988
1.743150
-1.545595
2.784577
-3.245591
-2.797322
0.093871
2.926486
-3.043510
-1.768459
-0.104061
-2.365830
-3.282486
-2.653793
3.732631
-2.491380
2.894439
-0.997032
3.419538
-1.291170
-3.404778
2.400445
2.595277
2.762536
3.594052
2.708933
-1.744242
2.845232
-3.125265
-1.849988
-2.643067
-1.975695
2.853384
-3.089123
-3.838492
-2.516810
3.404558
-3.502144
1.723909
-0.134972
3.413269
-1.965999
3.397895
2.083059
3.404162
1.963613
3.247791
3.213389
-3.375292
-2.520822
2.392313
-2.907588
1.153282
2.780239
2.765454
-2.944292
-3.574326
-1.590406
3.394583
3.501284
-3.357144
2.770435
1.910760
-0.797712
-3.234632
3.242976
-3.688705
3.838779
3.985030
-2.038930
3.498411
-1.845588
-3.761781
-2.958688
3.407885
-0.240019
-2.545389
2.952954
3.423799
-3.439930
-3.551172
1.217066
-2.210381
3.036505
2.529444
3.686181
-3.492800
1.993388
3.549229
2.990084
3.157979
3.235241
-2.543594
-3.417123
-3.465626
2.590673
-3.294327
1.655360
-3.106748
-3.466328
-1.663472
3.638681
2.384767
-2.325085
-3.067161
-2.665709
-1.615564
-3.072182
0.926301
-2.327052
-1.545175
-3.153236
-0.043775
-2.312135
1.697942
-0.326510
-3.131262
2.193303
-3.452999
2.979605
3.230314
-3.447525
3.569954
-1.964532
-3.221925
2.988817
-3.405120
-2.333821
-3.047272
2.898403
-3.569693
-3.142094
3.544806
-2.021585
3.585456
3.481013
1.633524
-1.972166
2.876603
-3.276595
2.882082
3.755709
3.759465
-3.407270
1.570243
-0.495481
-3.275340
-1.193010
3.516251
-3.156728
2.068943
0.125754
-2.656111
-2.590691
-3.227455
2.929263
3.296032
3.912139
3.257365
-3.163302
3.717405
-2.160602
2.178774
-2.025372
3.037759
-2.443545
-2.567686
3.198417
3.452890
3.260566
2.806075
0.563313
2.408112
-2.988530
-2.204113
-1.210784
-2.342923
-2.319180
0.050071
3.991887
2.592305
3.479668
3.588071
-3.362985
-2.544055
-3.379897
-2.386973
-2.013767
0.528901
-3.557786
1.525840
3.397215
3.004318
3.035706
1.207580
3.248528
-3.368053
3.585307
3.614361
-2.640954
-3.094756
-2.650390
-2.333244
0.393463
-2.682348
2.140257
3.391942
-2.443178
2.980252
3.213647
-2.927884
-2.599393
-3.081133
2.454198
2.214937
-1.815401
-2.502530
-2.162459
2.554459
-3.322154
1.549280
-3.506707
-0.656001
1.863314
-3.219153
1.805889
-0.383855
3.143902
2.907752
-0.125521
-2.810779
-2.407688
3.694720
-3.383327
0.030122
-0.746822
3.323609
-1.643743
-3.264006
3.147781
2.395876
3.679926
3.127469
-1.696262
3.146718
-2.998326
3.134221
-3.370706
-2.681555
-3.002445
1.356568
1.176466
-3.169658
-0.067817
-0.012683
2.052905
-3.844060
-2.587391
3.747759
-2.734929
0.009493
3.514802
3.435873
-2.727905
2.577937
3.274681
2.789098
-3.078774
1.790882
1.490410
-3.929634
-2.080992
3.346485
-3.249177
2.521169
-1.691332
-3.380819
1.728446
1.549318
3.744255
-3.390344
1.055394
-1.847076
-3.214696
-2.065475
-3.341166
-0.976959
-1.767256
-2.986645
-1.785580
-3.374949
3.088496
-1.167381
-2.503827
-0.100887
2.796006
1.004674
3.366732
-2.290329
2.737658
3.381348
-3.348452
-2.716075
-2.226831
3.380738
-2.496960
3.694484
-3.000576
-2.913974
3.490322
2.896266
3.972424
2.526562
3.570615
-3.345672
1.335454
3.429959
3.414661
-2.761332
-2.565788
-1.404943
0.537834
3.327615
0.695148
3.835751
2.916797
-3.523455
0.945647
-2.835893
3.065060
0.404817
-1.101927
-1.808562
-1.807891
-2.805719
-3.343887
3.703287
-0.216348
-2.395406
3.455103
-2.651049
3.456337
-3.472239
-2.658472
3.501667
-3.135621
-1.654718
2.922871
-2.510285
-3.280968
-3.144038
0.781515
3.901570
2.888507
0.220696
-2.459122
3.525838
0.200424
3.065177
-2.223618
3.519755
-2.539170
3.408141
-1.548748
3.581834
-3.220279
2.085179
3.327994
3.291316
3.070506
-3.409211
3.381489
-3.060666
-3.459294
2.356835
-1.594365
3.346737
-3.550715
-2.472617
3.666119
-3.435838
1.280839
-2.507279
2.941657
0.489663
3.356848
-0.988874
-2.367021
3.915138
-3.333006
2.954992
-1.022109
2.918184
3.257376
-3.241055
3.115732
-3.064765
1.477310
-2.613520
-3.530237
3.538576
3.342831
1.586823
2.586240
3.157141
3.426263
-1.173961
3.058012
3.420552
2.852399
-2.950017
-0.356244
-3.421824
3.194549
-2.418948
-3.363751
3.145812
3.414307
-2.861729
1.007302
2.841077
3.209704
1.105652
3.074238
-2.076979
3.295524
3.014617
-2.544980
3.050264
1.226609
2.962448
2.568127
3.389186
-2.279816
3.500073
2.950454
-3.705887
-0.773318
3.157157
-2.112169
-3.443700
3.197838
3.539853
-0.066160
-1.256058
3.278590
0.341780
2.235256
0.435584
-2.138047
3.320751
2.271400
2.957487
1.124065
3.312226
3.098436
-3.444168
-2.945479
-1.565097
-0.359158
-3.168158
-3.040543
-1.745758
-2.087800
-1.991177
3.650935
-3.086708
-1.421412
-3.135368
1.924554
3.635439
2.949947
-2.602904
3.726889
3.356124
3.099743
-2.325515
-0.685270
2.752352
2.957217
2.120190
-2.633588
3.610461
-1.427656
3.159516
-2.646537
2.310558
3.365892
-0.371341
3.989585
3.033987
3.478329
-1.932716
-3.368243
-3.150169
-2.169294
-3.063398
-2.012263
-2.773589
2.744338
3.232532
3.038137
-1.961681
-2.420498
-2.802302
2.828289
2.087341
2.341616
2.966910
3.984864
-2.029675
-2.385333
-3.525315
-3.691951
3.472338
3.301216
-1.880084
3.504744
-3.044862
1.751304
-2.681582
2.731862
-2.915660
-0.088714
2.974603
-3.085525
3.003183
2.093757
2.771288
2.421565
3.267414
3.523237
0.920941
-1.443711
-3.441135
-3.150120
1.339549
3.208656
-3.526354
2.636240
2.513540
-3.269417
-3.612403
-2.312279
3.447737
3.603941
3.369496
2.524298
2.024392
1.776433
0.615801
2.676215
3.117216
-2.989223
-2.677631
1.875285
-2.955788
3.536340
0.052014
2.984542
2.820269
2.283049
-2.994802
3.438141
-1.451303
-1.400754
2.556757
3.539866
3.006957
-2.543461
-2.778455
-2.250828
3.281404
2.874647
0.399837
-2.482994
1.153081
2.035327
1.200363
-2.617583
-2.567749
2.367900
1.586746
2.783458
2.388128
-3.318172
2.567959
-2.008854
2.909066
1.514100
3.009076
3.555007
-3.461726
-1.452943
3.093436
-3.186232
2.448328
-3.083325
-3.094748
-0.236315
2.786372
3.638516
3.204761
2.435389
-3.816775
2.628965
-2.161817
2.517288
-2.870106
3.463332
3.264144
3.402955
3.463613
-3.302937
-2.327383
-2.747931
-3.135353
2.553560
3.508507
-3.518732
0.033192
3.827051
2.661965
2.251204
2.558663
2.799128
-3.144307
3.405041
1.711362
-3.945098
3.076852
-3.475269
3.070114
3.064211
2.982799
-3.536138
-1.610331
-1.175597
-2.024179
-3.323594
-1.848720
-3.222926
2.813831
2.319078
3.303882
3.358781
-1.840532
2.312241
-1.549989
2.119311
2.347731
1.298951
2.100308
-2.129702
1.655270
2.800477
2.490675
3.205197
-3.756503
3.420254
2.686176
3.441435
-3.404239
3.756870
3.106015
3.310758
-3.524078
-3.065304
2.730651
-3.085574
-3.281042
-1.268539
3.489235
-0.170258
2.715258
-3.470988
-1.907693
-2.958067
-2.293007
3.164350
-1.211948
3.628126
-2.292707
1.666353
-2.846123
-1.102777
-0.083952
-3.056920
3.397782
-2.095800
3.330723
-1.021090
-1.908805
3.250524
-3.409447
-2.940095
1.816440
-2.283884
3.455215
-3.097194
-1.651030
2.978601
2.901942
-3.294432
3.019071
-3.092261
-0.578487
3.249432
-0.158095
-2.749748
-0.916510
3.980808
2.948034
3.202597
3.111040
3.105606
0.323774
-3.323718
3.516766
-2.281018
-2.284540
-2.508015
3.145672
-2.613504
3.828795
3.172780
1.233717
-2.100935
2.553718
-1.135155
3.465254
-3.244850
2.219130
-2.708502
3.087969
1.332478
-2.626909
-3.515705
-2.709807
-3.404369
-0.461327
-2.910744
-3.376603
-3.405405
-2.254240
3.539632
-3.515982
3.441125
2.322141
2.502703
-2.716871
0.518347
3.140175
-0.376764
3.920161
3.549018
-2.277201
0.172584
-1.101580
-2.715384
3.165838
2.893997
-0.275498
3.196487
-2.839398
-2.803582
-3.356794
2.329513
3.631641
-3.157968
-2.380670
-3.036453
2.501768
-3.512985
-3.419932
1.480204
3.058268
2.222308
-3.057684
3.389094
-3.020694
-2.726378
-0.383725
0.028252
-2.838902
-3.388741
3.967479
3.146976
-3.439601
-3.077830
-3.813844
-2.072872
3.368762
-2.986409
0.477535
-2.123256
2.841189
-2.985416
1.695385
-2.896873
3.511614
1.537463
-1.102728
-2.967634
3.010224
-3.172459
-3.200063
3.683537
-3.166896
2.584703
-3.001222
-2.688631
-3.410635
-2.859457
3.336996
-3.476152
-0.910423
-2.480704
2.985736
-3.204343
-2.150802
-3.337075
-0.952145
-3.019798
-0.799303
3.527080
3.398152
-3.214550
2.076410
-1.561089
2.340642
-3.072610
3.415167
-2.086913
3.424232
-2.763008
3.106440
0.562849
-2.962989
-2.051641
-2.733970
-3.050915
-3.333323
-3.932371
-2.294560
2.428302
-3.918273
2.188220
2.661122
3.322854
-0.728998
1.950031
0.880987
3.119598
-1.095194
1.690366
-2.681105
-3.552389
3.381277
-2.083087
-3.139728
3.161541
2.743121
3.354456
3.470645
-2.816676
3.525493
-3.306696
-1.726538
-1.748984
-1.259197
-3.096186
-3.614103
-2.939410
-3.162441
1.582421
0.591743
3.128696
-2.774309
3.107177
3.118014
0.822746
-1.670618
3.284046
1.236878
3.182320
2.425210
2.865040
-3.908387
-0.927964
0.856356
-3.467116
-1.752545
-3.212447
3.619823
-2.868126
-3.208542
-2.652482
3.141918
-3.355554
2.863485
-1.244090
-2.760584
-3.318880
1.816160
2.622993
3.707044
-0.229010
2.922091
-3.937177
0.148799
1.686577
2.441407
3.630033
-2.428203
3.160591
2.919343
0.095142
3.373845
-1.495973
-1.366786
3.506909
1.879066
3.286575
-3.509162
3.358782
-1.369496
-3.235116
-3.182506
3.193518
2.346795
-2.691308
1.527245
1.012001
-2.248399
3.114794
3.686618
2.626130
-3.555106
-2.682609
0.941880
-2.699814
2.528658
-3.067949
2.488915
1.983715
-2.460366
3.220311
1.939077
1.290341
-2.341621
-3.119994
-2.717768
1.934547
3.562641
-2.414087
-3.470939
2.420289
3.044421
2.779273
3.672414
3.267208
-3.359454
-3.221307
-3.285121
-1.021452
-2.881718
-3.467069
-2.015780
2.208023
-3.387348
1.386098
0.262707
3.647225
-2.657225
-3.205397
3.399128
3.227723
-2.321054
-3.192320
3.172639
1.964685
3.541897
-3.533291
-2.785629
-0.156954
-0.612901
-3.432513
3.560908
2.264423
3.543492
-3.482720
2.808925
3.542681
-3.347907
3.197225
3.202515
-3.208692
1.730210
-3.097657
-0.849332
1.615651
-2.850843
2.208662
3.503639
2.946309
-3.273244
-1.544648
-3.389791
3.582794
-3.095787
-3.305252
3.034218
-3.396259
3.531918
-1.498256
2.957173
-2.580429
-2.598506
-2.842209
-2.538848
1.382667
2.220830
2.537244
-1.599030
-3.212229
-1.780811
3.082990
-2.890338
3.690369
-1.876049
-3.457723
-2.846658
-1.944937
2.316662
3.450129
3.124326
-3.025187
-2.292539
3.581594
3.158198
3.580380
3.429135
-1.533154
-3.174957
2.505471
2.117759
-2.723567
-2.839047
3.456344
2.833871
-3.385660
3.576681
2.447043
-3.445805
-3.382528
-2.505777
-3.432918
2.797985
2.942730
-1.288776
2.801494
-3.219997
-3.115026
2.670176
-2.808751
-2.674919
-1.879688
-3.187544
2.934687
-3.311298
0.253023
3.050571
2.969077
3.386270
-3.291211
3.281928
1.971033
-0.043399
-2.905551
-2.956186
1.766661
2.513354
1.296543
3.248014
-3.338146
2.724487
-2.519124
3.728402
1.945483
-3.246386
2.853426
-2.687649
-3.095863
2.406685
2.269094
-1.698436
2.051509
3.273271
-1.095526
3.266112
2.822292
2.979806
-3.473095
-2.717976
-2.767538
-0.127968
-2.484752
3.231531
3.138151
-1.341161
2.440790
2.041716
3.241813
3.978233
2.481965
3.548218
-3.177856
-2.699382
3.006998
2.455457
3.066983
2.981011
3.624390
-3.265937
-3.122234
3.558537
-1.757062
-3.432148
-3.267890
-2.942823
3.265025
3.340733
-2.976467
3.556766
3.194539
-2.176809
1.009602
-3.118223
2.847855
-3.365341
3.078274
2.890552
-3.007170
3.094718
3.385599
3.397716
3.977403
2.170977
0.642982
-3.001703
3.248242
3.352408
-3.125386
3.186337
3.189534
-2.305923
-3.259626
-2.854449
0.736129
2.057077
-1.756729
-3.199693
2.844189
1.867980
-3.495961
-2.982453
3.090538
3.219870
2.801059
2.347900
-3.284270
-0.063891
3.492849
-1.647029
-0.357928
2.610535
-1.960600
3.369478
2.124943
0.074199
2.383212
-2.592118
-1.903273
2.971515
3.467564
3.765521
0.281216
-2.853420
3.434146
2.827099
3.035401
3.110890
-2.698398
-2.551538
0.069841
-1.121210
3.182726
-2.081654
3.091219
-2.857555
2.992363
3.587116
-2.922827
3.181794
2.762697
3.074377
2.326306
-2.608067
-1.129890
2.553003
3.447947
3.670295
-3.975292
-2.609582
3.274908
-2.846346
2.970034
3.004772
2.646505
-2.976831
-3.485457
-2.760509
3.876803
3.032181
3.380691
3.302038
-2.836752
-1.100842
-0.454569
2.043387
-3.166131
2.899417
1.447810
-2.610126
1.785084
2.743769
3.864273
3.071097
-2.945469
-0.065935
-2.749004
-3.005732
3.269973
-0.984719
1.597266
-0.283194
-3.559014
-3.556720
-1.655406
-3.311628
-3.006033
2.791625
-3.899741
-1.000216
-0.013607
-3.457548
3.702165
2.485257
0.742108
1.719999
-3.014474
2.423597
-3.448330
0.085395
-2.662561
2.884769
-3.685310
2.308551
-1.817679
-2.334312
-0.315045
0.682938
3.106084
3.521938
-3.141575
-3.245611
-3.484126
3.235720
-3.020264
3.055624
1.737942
2.400349
-2.595316
3.168725
-2.289292
3.013798
3.651321
3.295113
2.597202
-2.986175
3.394583
3.974766
-3.169286
2.580903
1.382019
3.143471
2.618812
3.521432
-3.408755
0.618917
2.521981
-3.234940
-1.465675
3.459778
-3.701517
-3.012080
3.178962
2.263181
-3.224684
3.679829
-3.651857
2.917638
-3.416301
0.654938
3.184631
2.782582
-3.207925
-2.698186
3.725827
-3.382900
-0.366455
3.606521
-3.028337
2.883483
3.204914
1.401914
-2.831768
3.262083
-2.932087
2.713547
3.146170
-1.260981
-3.037002
-1.541917
3.310112
-3.313085
3.400836
-2.872238
3.523608
-1.860681
-3.565903
3.440202
3.518970
0.051364
1.912099
2.941189
3.082558
-1.687671
1.071189
3.469014
2.486994
3.547886
-2.560743
-3.581470
2.566803
-2.982367
3.451219
1.389904
-2.080772
-3.153219
-1.962471
-0.161945
2.151731
2.846316
-3.164369
-3.214363
3.964067
3.358123
-3.910137
-1.265440
3.090608
-3.044755
3.485374
-3.434879
3.023734
-1.954617
1.612481
-2.233893
3.213246
1.372869
2.115275
3.166413
-2.070533
3.203274
-2.413465
-2.462760
3.403186
-2.251923
0.531807
2.938389
-2.725099
-3.526771
3.467949
3.519321
-3.330965
1.191435
3.277626
-1.561076
2.703203
-2.524531
3.683809
2.759570
-3.021164
0.967901
-2.296176
-3.476828
-2.742579
-2.861065
1.957671
3.157421
2.157466
3.148095
2.917059
-3.037054
2.883256
-3.545816
-2.761384
3.108798
3.422701
1.810027
1.516903
3.450805
-3.528644
2.723532
-3.464765
-2.598691
-2.752156
0.570122
1.985074
-2.636215
3.369577
0.586480
-3.157981
-3.251498
-2.948890
-1.287167
2.401224
-1.508739
-3.029436
3.612595
-3.250801
0.760143
-3.306252
2.992497
-1.318089
2.268273
2.191151
3.432867
-3.304933
-3.167822
3.364432
1.081468
-2.143487
1.573568
1.761953
2.847524
2.827165
3.474596
-3.066635
-3.388966
1.733370
-3.955435
0.147931
1.735931
1.018895
0.018357
3.369913
-3.530532
2.127667
0.798688
2.366299
-3.125173
-3.322543
-2.977418
-3.681951
-3.283647
3.304721
-3.142587
-3.487717
1.559081
3.586977
3.703732
3.206111
3.248293
-2.318266
-2.633194
-1.741418
2.622934
-3.156901
3.304778
-3.057317
-3.245594
-2.768870
-3.359972
-2.729611
-3.002106
3.552834
3.003769
-2.769557
-3.193642
-0.870127
-1.019525
2.871242
-3.409497
-3.500352
2.403604
3.363192
2.748652
3.221855
-3.162543
3.225728
-2.598280
-3.243517
-1.454797
2.733774
-2.114220
-3.089009
-2.827549
-3.260838
0.539001
0.200530
3.270736
-2.898870
-3.223545
-1.902225
-3.487974
-2.269000
2.952469
-1.917206
-3.154273
3.329483
-2.202154
3.173738
0.543798
-1.611573
2.636185
1.463678
0.028641
1.231662
1.213463
3.051219
2.352787
3.080682
-2.313391
-3.870834
-2.879591
2.242217
-3.275223
-3.267596
1.300422
3.118024
3.487177
0.097046
3.058072
2.443327
-3.554182
-3.388143
-3.040981
-2.559299
-2.827092
2.283590
-3.387874
2.484512
0.953176
-3.171768
3.234693
2.873083
3.163924
3.025400
-1.767460
-2.566343
-3.158546
-0.643001
1.895688
2.984318
-3.486628
2.626421
-3.576618
3.376368
-2.143494
2.237462
-2.809930
-2.796699
2.758460
0.818370
-2.098965
-3.671086
0.771806
3.363274
3.503391
1.104564
3.383417
-3.313892
-1.681492
3.345371
3.327837
-2.255306
-2.352263
3.454268
0.947577
-1.773343
3.654118
-2.084191
2.798244
3.106948
0.820935
3.326369
3.573056
-3.116276
-2.955488
2.958882
3.143411
-2.797498
-2.380802
3.384077
3.310236
-2.874964
-3.391491
-3.387159
-2.032370
3.123731
-0.525973
-1.554054
-2.851142
0.933117
2.091955
-3.252926
-2.821560
2.202821
3.387706
0.632141
-3.433702
3.024241
-3.339951
3.353671
-3.575966
-0.211918
-2.689139
3.235535
3.415187
1.697471
3.745809
-0.190469
2.550949
1.089997
3.175958
2.983507
-2.018098
-2.178866
-3.226021
-2.770604
3.535427
0.938822
-2.932237
-3.203540
-3.163373
-2.618800
-2.991304
2.843549
1.620930
3.032703
-1.939777
3.092282
3.130742
-1.318128
1.817059
2.082528
-3.593399
-0.668912
-2.495032
-1.456252
3.129231
-2.792967
2.954399
-1.971362
2.543185
-3.496663
-1.549555
-1.823384
3.264524
2.966323
-3.534415
2.838877
2.912897
-3.191756
3.675610
3.620707
2.578389
3.618905
-3.193144
3.456071
1.183054
-2.193166
-3.266989
2.824652
-1.944927
2.266230
2.112211
2.809847
0.136569
-3.545983
-1.717053
3.494689
3.238882
-2.737305
-1.874261
-3.075888
-3.178272
2.761687
3.658817
0.069177
1.567388
-3.358326
2.413880
1.040677
3.260279
-3.906960
-0.067477
2.646830
-3.494296
-3.301803
2.263110
-3.361780
3.018241
3.022860
3.110001
0.657443
3.209537
-1.455220
-2.546088
-3.172512
-3.408847
-2.675170
-3.308120
2.241404
-1.363140
2.659334
-2.645262
-1.150031
-1.896339
-2.701107
2.726048
1.966758
2.206147
1.979337
3.449826
-2.934165
3.659027
-1.821093
3.386309
3.164390
3.106453
-0.202101
-3.359027
3.150673
-1.737848
3.094454
-3.037592
3.574262
-2.719338
-0.726101
-3.402756
3.310264
-3.215727
-2.941860
-2.320769
2.934843
3.135996
3.540038
-3.466106
-3.365851
1.884958
-2.306762
3.523419
3.563998
-2.930292
-3.344664
0.101172
2.694125
2.959980
0.879996
3.524031
3.146134
-1.341233
-3.433461
3.530634
-3.654043
-3.039391
-3.499425
-3.397978
3.455880
-3.124521
-2.601780
3.130714
-2.522654
-3.339790
-3.052183
-3.125915
-2.888963
2.822811
-3.088231
3.289180
-3.183711
2.585071
3.305278
2.970017
-3.382733
2.858853
-2.349770
-3.441345
-3.278917
3.244845
2.723764
3.141368
-2.821507
-2.106328
2.602502
3.230901
3.124435
2.184509
-2.036380
-3.066955
3.334602
0.197155
3.362474
-2.846994
2.025039
-3.600030
3.187822
-2.725530
-2.370819
3.529975
-3.019131
-2.312007
-3.190757
-2.599148
2.598179
1.673640
-1.288933
2.979466
-3.729143
-1.194951
-3.250645
2.652703
-2.289806
-2.933077
-0.310141
3.144226
3.446468
3.209082
-3.715455
3.512148
-2.861109
-2.651958
-2.527712
-0.176357
3.229726
-2.975108
3.472863
-2.999829
3.211535
-3.431261
-3.250350
3.665054
-2.592177
2.803874
2.709633
-0.093294
3.466288
3.229378
-2.270523
-3.206740
-3.084517
-2.903934
-3.268259
3.285490
2.113025
-0.136393
2.219226
-3.180086
-3.336261
-2.957421
2.926476
3.566087
3.535877
-2.465135
1.645895
-2.702156
3.491888
0.089717
0.159172
1.984883
-1.344587
3.399286
3.173163
2.808752
-3.109887
-0.598161
-0.679080
3.372913
1.865543
3.232343
3.690873
-1.554285
0.874826
3.484867
3.142596
2.608672
-3.472200
-1.897981
3.405683
3.600593
3.030065
2.951764
-2.914442
1.152170
-3.368383
0.235962
2.871364
-2.823245
0.544310
2.580959
1.806677
-2.483775
-2.377273
-2.474226
-2.249794
-1.562958
2.102498
-2.769753
3.097937
-2.902713
2.727106
-0.966648
2.354683
3.221070
2.610704
-0.343850
2.331161
-3.595985
3.388964
3.322379
3.085044
2.813365
-0.111735
-3.263944
2.842881
-1.898966
3.403311
2.619061
2.923259
-1.300279
3.187932
3.530118
-3.078774
-3.282863
-3.165994
2.819680
3.447639
-2.941491
3.396485
3.007322
3.409909
3.275782
2.842420
1.919687
-3.382602
3.553099
-0.423034
3.121501
2.589524
-1.675494
2.958435
3.958752
3.416011
2.610879
-2.937492
2.112973
-0.903059
-3.448455
1.822805
3.044923
-3.209929
-3.419379
3.379246
-2.712458
-2.357329
-2.701675
-3.525448
3.981878
-2.216691
2.407337
0.214808
1.813007
-2.730197
-2.137201
1.250705
3.629222
1.504400
-0.263803
-1.771116
2.928040
-0.293215
-1.522775
1.103559
2.874659
1.247363
-3.378919
3.142378
-2.174856
3.603562
2.725476
-0.503456
2.775113
-0.117595
3.555334
-3.304532
2.789335
3.617057
3.084952
-3.163304
-3.352436
1.654298
-1.970999
-0.990459
-1.115001
3.314006
3.275715
-2.831245
1.745017
-3.181542
-3.180915
3.240739
2.647424
2.870120
-3.544872
-3.066100
-3.064113
-3.075648
3.222081
-2.983655
-3.260172
3.129636
0.279594
3.305408
1.142668
2.931374
-2.772888
-2.978381
-2.737819
3.134653
3.249780
-2.477239
-3.529269
-3.336041
-3.093646
3.347223
3.232572
2.619502
0.475103
3.498056
-2.918692
2.683694
0.347850
-3.123576
2.906012
3.479509
3.890696
-2.702200
1.336591
-2.772136
-3.276866
-1.041403
-1.454349
2.649297
-3.419206
3.320927
0.140980
-3.343529
0.960864
3.288478
3.990896
-3.534514
-1.236960
-3.969809
2.814789
-2.102853
-3.190811
-2.981150
-2.857158
-2.836495
-3.356672
0.098532
-2.545533
-1.736189
3.475581
-3.394706
0.377000
-1.512614
3.490140
-2.192708
2.451881
-2.650942
-3.434764
-2.240752
1.653008
3.065395
3.369579
-3.873689
-2.897075
-0.219790
-3.512848
-2.687897
-1.089991
-3.066610
2.330946
3.413272
3.163564
-3.108560
-3.294731
-2.934585
-2.957770
3.479544
-1.083688
3.461047
1.704430
-2.870737
-2.620817
-3.306413
-3.481688
1.993785
-2.616308
3.397395
1.220352
2.352081
-3.423103
3.444220
2.329910
-1.275084
1.397371
3.186680
-3.651566
-1.741995
-1.338224
2.223454
-2.258205
2.881742
-2.734913
-3.085475
2.398349
3.316685
3.002097
-2.664001
-3.275837
-3.417180
-2.766937
-3.046993
-1.325101
2.105123
1.277401
3.083513
-1.463172
3.511429
2.644252
-1.997818
3.236616
-0.424553
1.604009
3.297448
3.583416
3.238908
-2.501922
-1.555841
-3.036590
1.235278
-2.791220
-3.428374
3.773680
-2.588346
0.998546
1.108513
-3.142957
2.435394
3.586316
1.375272
3.251703
3.337282
3.076115
-2.191755
-3.118230
-1.812442
2.521694
0.019333
-3.240319
-1.888191
3.663806
-3.313637
3.339221
-2.465815
3.588048
2.806893
3.078283
-1.181381
-3.137388
-3.289857
3.620821
2.773143
-3.316853
1.030727
3.224977
3.542287
-1.222753
-3.120591
3.563437
0.487947
3.070795
-3.293120
-1.210712
3.233605
3.458614
3.529482
-1.403554
2.174650
2.477631
2.271212
-3.019090
2.870234
3.251726
-3.332152
2.029391
-3.069158
3.394370
0.842210
3.172931
-2.306755
2.057161
-2.552183
1.949592
-3.139871
2.968736
1.988986
3.399034
-3.367583
-2.704409
-3.153577
-3.568268
-1.602995
-2.676348
3.165911
0.667197
1.417815
2.426824
1.336726
2.971815
3.565447
3.196932
3.351723
-3.052877
-0.307340
-1.329495
-2.289851
2.809059
-2.673508
1.985380
-3.354450
2.161006
-1.651105
-2.607379
-2.028688
-3.669279
0.919433
3.311088
2.016555
0.943600
-2.906173
-2.070106
-2.397403
2.648302
-2.312006
-2.204013
3.427838
-2.460271
3.072987
2.945769
-1.819422
0.043575
-2.800782
-3.227973
-1.976272
-3.004649
3.167200
2.846988
-1.824607
1.906510
-2.081925
3.406433
-2.596579
2.832266
0.711562
3.228173
-1.892452
0.050199
-3.507326
-2.712544
-2.783536
3.233303
-3.149179
2.713374
0.214307
2.913344
2.264556
2.952377
3.599948
-3.381165
-2.921924
-2.518345
-3.512534
-3.633072
1.832726
-3.316219
1.399421
-3.295685
3.297092
0.947283
-2.843758
-2.290358
2.989256
-3.106092
3.223125
-2.009078
-3.623350
1.411028
3.215587
-2.866584
-2.399200
-3.106910
-2.395232
-2.983335
2.519250
-2.868314
-1.802086
-2.938015
-2.682453
0.467974
3.729829
3.355471
3.225698
-3.047787
1.268272
-2.493642
-2.916797
3.066473
2.450491
-1.860964
3.219196
-2.765010
2.809849
-1.462811
3.260712
3.216261
-3.396460
2.716383
-1.237648
-3.580285
3.012970
-0.742609
-0.876678
-2.799853
1.647159
-3.134220
2.853598
2.749549
3.169713
1.788071
-0.178350
2.781738
-2.347135
-1.831565
-2.103393
3.185881
-3.259490
2.255401
2.194022
3.568546
2.599526
2.575709
1.443693
-2.946231
2.632516
-3.073507
1.616738
-3.586733
3.949467
1.200397
-0.238348
-3.437967
-2.938955
3.267241
1.353511
1.175686
3.025236
2.419365
2.638727
-2.162607
2.841069
2.561904
2.792571
3.360393
3.247281
-2.768041
1.267862
-2.696572
-1.827885
3.361428
-3.067997
-2.489364
3.336634
-3.330385
3.472142
3.276209
2.736685
-2.313415
-1.898685
3.188120
2.870071
2.932351
0.460822
3.323740
3.581060
-2.702091
-2.513905
1.748669
-3.199887
3.333373
3.635686
3.088848
3.270100
2.013551
3.448541
3.081469
2.519574
-3.032186
-1.428836
2.580227
-2.934773
-0.055263
-3.516540
-2.884367
3.378771
-3.168991
2.603988
-3.135792
-2.447392
2.968791
-3.088029
3.343142
3.370774
3.384026
-2.921893
-2.929591
1.679361
3.258123
-0.512770
1.654512
2.145535
2.672394
-3.823682
-1.500327
3.678440
3.369226
3.219143
-2.938679
3.305056
3.500649
2.228229
3.019649
1.594777
-3.298997
-2.733860
-2.278798
-2.636372
3.057836
-2.086807
-3.498613
1.737053
3.470229
3.854173
3.527149
-3.723942
1.507419
3.127918
2.464697
-3.322494
3.034400
2.680550
3.329768
1.258505
-2.560870
2.360545
3.027350
0.458501
3.509517
2.524333
-3.703677
2.702587
-3.570784
-3.255302
2.890525
-3.090518
3.442939
2.579491
2.180570
0.201535
-2.883557
3.441417
-3.146786
-3.242592
2.130034
-0.756564
-3.417029
3.338903
2.826053
-3.304809
2.560664
-3.402992
-2.975103
3.336805
-0.751732
-3.295592
-3.280255
2.950369
-2.060382
-3.310040
-2.852234
3.524475
3.382910
3.574705
2.814213
-3.659774
2.979105
-0.196742
3.063325
3.380783
1.527675
-0.102851
-2.449317
2.725118
2.815254
-3.418931
0.253437
-1.227157
3.009888
3.248176
3.325414
-3.116557
-0.102985
-3.122513
0.110801
-2.521580
-3.136882
-3.223015
3.681978
-3.519606
-2.464007
-0.892278
-0.916161
-2.867063
-1.391763
1.878047
-3.422193
-2.477454
0.589912
3.699018
-1.660717
-2.872102
-0.274444
2.443537
3.496223
3.340377
-2.776707
3.927003
-2.013486
-3.405837
-3.181770
3.467498
-3.138141
-3.119203
-2.788102
2.467307
3.358877
-2.614553
0.753962
3.456153
-2.329259
-2.099259
3.119336
-2.669528
-2.046916
-2.576857
-2.534966
-2.980378
-2.631846
0.958090
0.398522
3.553052
3.347352
3.383850
2.072071
2.881033
3.270787
-2.491856
-2.104447
-3.182638
3.038955
-2.118549
0.287776
-3.258782
2.727703
-0.581721
-2.703028
-2.576556
1.969370
3.087642
3.602539
3.783388
3.434210
3.266144
-0.222927
2.991344
-1.406938
2.841598
2.199417
2.625087
2.660407
-1.707214
1.896611
-1.131016
-2.500705
-3.097860
-0.694657
2.372933
0.144937
3.019437
-2.151414
-2.368676
2.698815
3.226157
-1.116832
3.054560
3.178822
2.510749
-1.830031
3.212056
1.440652
1.494289
3.415494
-3.472797
0.196961
3.339265
3.513776
2.169879
3.673080
3.583408
0.205098
3.143989
-3.444983
-3.129155
-1.809713
-0.081938
2.948131
-3.097408
3.074842
-3.155585
3.405848
-1.530409
3.080634
-3.621182
1.609144
2.849423
0.813638
-3.222428
2.036039
3.547254
3.036458
3.149592
1.051290
3.415965
3.028429
2.789578
-2.706854
-1.671958
2.674014
1.970062
-2.727701
3.530775
3.109482
3.302029
1.562519
-3.701391
-3.740735
3.197058
2.948499
3.107370
-3.305616
3.194804
0.047544
-0.038244
-3.035211
-2.870889
3.037729
-1.772044
3.301702
3.455999
3.100304
3.458472
3.150768
3.471083
2.457598
-2.489019
2.131625
-2.737790
3.456473
3.113553
2.139509
2.833911
0.237755
3.212911
0.057984
-2.786843
-2.760425
-1.228099
0.986627
-3.233572
-2.155154
-2.592133
3.728408
-1.216490
2.526990
-2.232021
3.232242
2.405456
-3.012887
3.567076
-0.959660
2.407081
3.008599
3.459653
-3.094423
-1.318290
-3.260168
-0.337447
1.835683
-2.411762
3.643232
-3.646089
-3.365220
-3.148225
-2.596649
-2.899571
-3.227203
-2.321193
-2.803365
-1.325620
-3.520869
1.137274
2.155533
2.412843
1.058104
0.120407
-3.251011
-2.410418
-3.457076
-3.593895
-2.944777
1.289410
-0.058298
3.340043
-3.350662
3.585680
-2.873138
3.620716
-3.264668
0.305760
0.647315
3.543882
3.382000
3.298614
-3.629396
2.735346
-2.758288
-3.151857
3.414743
-3.569385
-3.405616
-2.632644
-3.311025
3.134575
-1.157174
-3.088032
0.049415
-2.795441
-2.119011
1.004826
3.939849
1.532224
3.644804
3.000815
3.965265
0.154074
-3.238929
-0.274858
-1.447930
-2.146687
-1.413431
3.130797
3.505933
-3.510264
3.637191
-2.487717
-3.987613
3.559511
-2.792672
2.451441
-2.851361
3.307647
-3.302767
3.492958
-2.320449
-3.282629
-3.157326
-0.380860
-2.424004
3.307142
3.043026
-3.592244
2.237889
-1.940952
3.514375
-0.873949
3.266459
-2.665975
3.645653
0.213950
1.325308
-1.719348
-3.512538
3.205934
-3.466473
-3.308544
3.354890
-1.585245
2.489820
-2.448651
3.303975
3.286000
-3.589967
-3.299856
-2.915302
-0.309868
-0.205611
3.337392
-2.925478
3.847700
3.994958
0.738115
2.388158
-2.047913
-0.378298
2.853402
3.038766
-2.397114
3.440502
-3.043214
-0.140840
1.457205
3.401055
3.318032
3.473611
2.839658
3.291016
1.782757
3.343238
-3.372088
-2.451613
2.804495
-3.366283
1.228258
-2.883965
3.347412
-3.245557
-3.610347
-3.378917
3.399980
3.435167
3.582769
3.291378
3.555250
-3.397351
3.339158
-2.965262
2.708807
-2.708561
2.569464
-2.823889
3.014967
-1.531436
2.919302
3.460237
0.968614
-3.234302
1.640223
-2.844076
-1.892211
3.465976
-1.453420
0.361831
3.215785
-3.455460
-3.346339
-3.225345
0.469161
3.652412
3.149054
-1.152061
1.867581
3.429390
2.259227
0.006044
3.015768
-2.865428
0.007996
-2.923288
-2.754010
3.158379
-1.071460
-3.288153
-3.465026
-3.273585
3.841278
-3.219161
-3.471617
-3.276905
-1.300885
3.520448
2.413056
-3.019905
3.366636
3.228555
-3.050421
3.554414
1.437718
3.437811
2.603917
-1.522619
3.030195
-2.503167
3.393066
-3.181265
2.168518
2.975393
-1.880234
3.603764
-3.127265
2.917089
2.198262
-3.340894
-2.886225
2.307928
1.269495
3.969246
3.177297
-3.063948
-2.133240
2.813021
3.592797
-2.567365
-3.590647
-3.631739
3.249516
2.464615
1.561520
2.460730
-3.418050
-3.011129
-3.317005
3.177211
2.833470
-1.311792
-3.386582
3.375736
-3.358000
-3.902289
3.437859
2.544004
-3.003530
2.760075
-1.573349
3.911250
-1.663902
3.345424
-2.834436
2.565539
3.311126
-1.649644
-3.582418
2.756592
-2.772619
2.201137
-3.981791
-3.110230
-2.782787
-2.551783
-1.704659
-2.532410
1.117217
-2.072304
-3.273196
3.308946
-3.548551
-1.417416
-3.152611
-3.854296
2.863504
-2.773672
-2.993205
3.396259
3.243646
-0.951888
1.443961
-3.167306
2.693369
-2.663711
-2.196959
-2.957752
2.745236
-2.878107
3.657636
2.373724
-3.411934
2.801282
-2.127736
2.762554
2.986738
-2.121626
-2.607898
-2.393374
0.057653
-3.206236
-1.721187
-3.184568
-3.288366
3.562397
1.861385
3.489763
-3.152336
-2.347570
-3.061241
3.273986
1.886620
-2.935808
-0.083268
3.192588
-1.392198
3.012976
-2.708713
-2.188901
-2.557235
0.282523
3.693606
3.769658
-3.298866
-2.664710
3.619614
-3.370179
-3.520341
-2.881433
3.577797
2.908652
-2.322981
-2.638697
3.730923
3.380401
2.462384
-2.051407
2.983938
3.022791
-3.503809
3.130310
-1.431509
1.202085
-2.923837
2.870301
3.958445
-3.480991
-3.175184
-1.826189
2.658306
3.079610
2.924149
-3.579987
2.778316
2.904235
-0.481239
2.425892
-2.713420
3.461715
0.920807
-3.738710
0.145984
1.836556
-2.942749
-2.098186
-3.482818
0.782298
3.414528
2.436188
1.610890
-2.771722
-2.632682
3.305645
3.731027
-3.238919
-3.314460
2.162449
-2.606490
-3.262272
-3.375704
-0.140936
-2.713095
-3.178749
3.022738
-3.021592
2.913481
-2.748564
-3.437930
0.029413
3.229308
1.652667
3.403691
2.554561
-2.697103
3.172285
2.028749
-3.024746
3.357652
-3.352064
3.260480
-0.011535
-3.444311
-3.121504
-0.486017
2.844760
3.461569
-3.482003
1.560244
1.552076
3.988688
-3.991902
3.207335
0.376777
3.907190
-2.688815
3.129826
-2.114903
-0.922242
-1.979717
2.864048
2.483990
-3.516636
-3.509899
-3.514527
2.203059
3.232986
3.638227
3.000010
3.313415
-1.121346
-3.577886
-1.348902
-3.381953
3.283873
3.338337
-2.667083
-2.172862
2.116773
2.714537
1.825936
-2.914960
-0.909667
-3.435117
3.186151
-3.131821
3.636911
2.822898
-2.597777
3.444055
-3.172249
3.584266
3.377800
2.314459
2.757251
-2.295332
2.143963
-2.290538
-3.163199
-1.223734
1.392196
-3.111606
0.585264
-3.292654
3.436280
-3.758163
0.686910
3.911232
2.061210
-1.166773
-0.441640
3.377755
3.563356
3.358980
-1.273267
0.698459
-2.854786
-3.514495
-2.618056
2.882326
3.043040
-3.144569
3.727083
3.633116
-3.406714
-2.160919
3.683409
-3.217831
-1.620762
0.682326
-3.156833
-3.631953
3.483665
3.277171
-1.472306
-3.221318
-3.770042
-2.997594
-3.808860
-2.841853
3.340958
-0.533262
-2.605588
-1.556982
3.229852
-3.319135
-2.617846
-3.170124
3.620661
-3.216378
3.780070
2.433445
2.200439
2.758982
-3.557897
3.550847
-3.069290
-1.875501
2.479052
1.291777
-1.402783
0.034420
-2.247321
3.931111
3.113292
3.553606
-2.717822
-3.448359
-1.171421
-3.273982
3.758911
3.513987
3.441865
2.282606
1.998816
2.194144
0.801332
2.420491
-1.634036
-3.092546
-3.149065
-2.511569
0.542960
3.281749
3.022512
-3.576975
3.391199
3.309788
-0.683885
-2.262805
-3.062897
3.035672
3.496333
2.064645
-3.514913
2.416892
-3.230947
2.137203
3.055939
3.968611
-3.400932
3.489928
3.445341
-0.446304
1.082944
-0.515228
-3.519202
3.150775
-2.542265
3.460345
3.137855
3.437200
2.222860
1.544631
-1.851656
3.044975
3.012972
-0.868482
-3.314661
-3.258906
1.715032
3.526126
1.331547
-0.921026
3.098864
2.713437
-2.724591
-2.828466
3.508911
2.218701
1.431216
-3.573315
-2.324397
3.241637
2.401873
-2.487765
3.513363
2.493440
-3.034698
-2.654475
-2.643981
2.185705
3.501302
-2.868742
-3.541891
3.498327
-1.346257
2.384280
1.410483
3.346558
-3.447099
3.360188
2.316174
2.859056
3.040893
2.424320
2.543907
-2.979619
3.009893
2.439081
-3.670354
-0.037405
2.600761
3.367658
-1.757577
-2.383064
1.053321
-0.141194
2.166918
3.062853
-3.311008
-1.456113
3.676856
-3.196557
-3.138667
2.883067
-3.820231
-3.221495
3.494855
-3.420116
-3.504568
-2.156009
2.217498
3.181483
-2.603219
3.145369
-3.361302
-3.041449
-3.710726
-1.917246
-1.699137
-2.675141
3.534895
-3.274537
3.929486
3.544139
-3.460870
2.747745
3.039938
1.197984
2.448057
-2.670963
1.890884
-2.791654
3.327347
2.964613
3.045124
-2.919582
-2.686640
3.290866
-2.930024
-3.099712
-2.998593
-2.209328
-3.258457
-2.878039
2.730464
3.213104
2.047713
-1.741328
3.093706
-2.797995
1.277447
2.533874
-2.050897
-3.329347
2.284494
2.940435
-1.064036
2.882846
3.403103
-1.436781
-3.266904
-2.028399
-2.672363
2.341905
0.432682
-3.573693
-2.930658
3.800514
-3.321453
-3.140053
-2.418822
-1.933561
0.354081
3.539570
-2.487083
-2.975819
3.244264
-2.678957
-2.428470
3.201259
2.130816
-3.418297
3.132978
3.126675
-1.666145
3.316547
-1.876324
-1.789334
2.989585
-2.647375
2.903706
3.130210
-1.329345
1.165246
-2.949172
3.314416
-1.268929
3.491682
3.146357
2.876709
0.054272
3.989600
-3.042577
-0.879546
3.014979
3.168643
-3.370284
-3.386489
3.228608
2.462025
-2.048331
3.384637
-3.382003
3.700627
2.633175
-2.356322
3.445021
-1.838519
1.552204
-3.253302
-2.242158
-2.989307
-3.099402
-2.494364
0.841650
3.713752
-3.298767
-3.020464
3.338370
3.168286
3.865377
-2.207572
1.502410
-3.433245
-2.197711
3.458527
-2.892921
-3.429614
3.433738
2.735077
2.077150
-3.381953
-1.698476
2.629567
-3.923133
3.131385
1.758236
2.244404
3.945989
-3.220509
3.669048
2.107255
-3.198424
-0.592771
3.413256
3.126188
0.134313
2.447669
2.784880
3.434627
3.508814
-2.541102
-3.700083
-3.342195
-2.185862
-3.402255
3.274548
2.531318
-2.976488
1.905764
-1.059671
-0.047141
-2.783597
-1.798383
-1.840538
-3.347047
-2.735446
3.067706
-2.958225
3.179116
3.627304
0.647781
-2.479011
1.123181
3.215311
0.680897
-0.779813
-2.561218
-2.183620
1.902157
-2.141192
-3.247745
2.522806
2.876328
-2.787830
-3.345049
2.702223
-2.991778
-3.079770
3.547874
-3.186421
1.466683
-2.953359
-2.863552
-2.425426
-1.769411
2.066921
3.239945
3.314693
-2.850305
-2.812071
-2.502665
3.318561
1.944211
2.155313
2.481389
-1.656915
3.363606
0.811060
-2.818368
-3.067904
-3.176820
2.822878
3.466450
-3.973474
-3.186952
1.707085
-2.324866
-2.937060
-2.285299
3.405201
0.497121
3.181809
3.729686
-0.222211
-3.919777
1.458404
3.550864
3.526289
-3.533388
3.643820
3.375097
2.070559
-2.732627
3.332917
-3.033305
-0.852200
3.454432
-2.649732
3.989387
3.265147
2.438364
-3.396880
2.925711
2.692642
-1.754247
3.543763
-0.357355
-3.340277
1.817716
-0.021095
-3.958967
-3.633609
3.723563
2.785508
2.988194
3.420754
-0.235627
1.614005
0.016890
3.345460
1.229590
1.691638
-2.775030
-3.237121
-3.079459
-2.969772
2.921691
-3.287941
2.427642
-3.173913
-1.683077
-3.249324
-1.954329
3.625517
-0.035124
-3.201481
1.749642
-0.618052
2.826224
-1.428179
1.960444
3.199277
2.274783
-3.521525
2.990437
1.485249
1.619658
-2.828675
-3.191192
3.156812
3.362400
3.519210
3.021668
-3.074296
-2.191450
2.579570
-1.827621
1.304402
3.254135
3.304936
3.260155
3.258246
-3.212010
0.935402
-3.267053
3.929017
-2.775015
3.491318
3.340883
-1.901236
-1.129025
2.939635
2.368866
3.505334
3.257455
2.824209
0.871520
2.362958
2.508960
3.041977
1.735290
-3.371021
-3.566721
-3.322685
-2.483001
2.312559
3.355439
2.939934
3.153381
-3.222146
3.533045
3.636528
-3.099205
-2.819359
3.344521
-2.481469
-3.774799
-2.252664
-1.793373
2.838630
-3.065024
2.257597
1.803468
-2.474506
-1.503738
2.407970
3.174154
3.098815
-0.219890
3.572822
-3.129939
2.771009
-3.320965
2.829719
-3.451597
2.898914
3.258464
3.064705
-1.057195
-2.895923
-3.383714
-2.009545
-3.116686
-3.381852
-3.350996
-2.459139
-2.866652
-3.520152
3.979336
0.941150
2.871430
3.413558
-3.465502
3.269693
0.735020
3.368530
-2.405072
-1.028755
-2.973890
-0.676017
3.047452
-0.418413
-1.200217
-2.338860
3.394188
-2.554569
-3.388503
-2.069659
2.740717
-1.447256
-3.353193
-2.674054
3.332266
0.503757
1.045015
3.241168
2.674603
2.944849
2.471628
-2.434121
3.141117
-1.936642
-3.420395
-1.738430
-2.552849
-2.220751
-3.294340
-2.882663
2.464864
0.601342
3.367389
-2.181947
-2.154300
-2.281765
-3.661860
-3.592533
3.547606
3.553581
-0.137186
2.882726
-1.611402
3.807228
2.564117
2.861660
-3.096138
3.153939
3.569827
2.883251
-3.348655
2.539559
3.203506
3.489676
0.261783
3.089253
2.663825
-3.376511
3.524346
-2.918017
3.403860
-1.891414
3.581446
0.907429
1.784559
-1.605030
-2.306463
-3.511104
2.340006
-3.246440
-2.428799
-2.304245
3.174980
-3.275874
2.292408
2.330875
-3.161804
2.689301
3.307573
-3.210502
1.231840
-0.070359
-1.676824
-3.050419
-2.448427
3.236505
0.076838
-3.612194
1.723568
3.291643
-3.509633
2.623523
3.437560
2.556643
2.628709
3.589366
-1.441249
-2.302514
-2.695265
-3.567381
3.410070
-3.497375
-1.458378
-2.848098
2.186632
-0.428508
3.409670
2.016855
3.719226
-3.040083
-0.396798
3.423453
3.309133
0.770505
-3.963989
1.228208
-3.456731
-3.002689
3.305066
-2.318849
1.775701
-3.423106
2.167617
-0.338313
2.217032
3.578262
-2.574817
0.256864
2.814385
-3.284822
3.672766
2.174006
2.721469
-0.533110
-3.087042
-2.667332
-2.731721
1.913452
1.610951
-2.296391
-2.736404
2.597022
3.732812
-3.456662
2.298971
-2.789606
-3.362601
-2.167120
3.233671
-2.797927
2.879547
2.303259
3.300081
3.703588
0.281490
-2.818163
3.346389
3.394080
-2.709309
1.916522
-3.970637
-2.382912
-3.240981
3.531274
-3.591655
-3.419401
-3.240398
2.798939
-3.143010
0.130310
3.501331
0.495981
1.374923
-1.408800
-2.993251
3.445462
2.510727
-2.880055
3.087146
-0.634747
-2.413853
-3.375422
2.986967
1.203181
-1.313079
-0.116778
-3.198026
3.556794
3.242204
-3.120415
-2.903366
-3.622280
-3.230934
-3.979670
-3.298666
3.561940
3.308150
3.389690
-3.097078
-1.626367
2.144980
2.840388
-3.221634
-3.177166
3.042141
-3.564482
-3.419732
-2.797053
2.839027
3.335017
-3.663185
-2.465634
-1.214960
3.878549
2.042034
1.692447
-3.571605
-3.229277
-2.397675
-2.941885
1.521243
-0.436501
-2.278007
3.371371
3.336979
0.934961
-2.912667
-2.734093
3.353463
2.907056
2.981464
3.135259
0.215909
-2.948664
2.839934
2.459590
-1.984880
3.674855
2.736207
-0.738816
2.404878
1.050803
1.991569
-2.831236
-2.828361
-3.016650
3.543378
3.962984
-1.832077
-2.171394
-2.549761
3.497567
-3.312871
-2.550231
-2.403253
0.926724
3.354588
0.098223
-3.009345
-2.853643
-2.761187
-3.538989
-2.700361
3.107642
3.397202
2.484602
-1.663468
2.574241
1.287510
3.702165
3.305710
2.870275
-1.883311
-1.462034
3.236313
3.191688
-2.530870
-3.138919
2.692966
1.921428
1.428537
-0.871142
2.718964
-2.189138
2.927995
2.074870
-2.458273
3.532929
3.847316
3.978778
3.113747
1.373132
2.946970
2.758425
-2.689338
2.324493
-3.670813
1.074891
1.756734
-3.575574
0.718720
3.467941
-2.674944
0.853133
3.457909
3.561821
-3.326797
3.320527
-2.460028
-2.666918
1.109216
3.032184
3.479060
1.777681
3.457247
3.210971
-2.872001
3.325859
-2.523807
-3.356774
3.145814
-2.922830
3.399883
3.128963
3.816731
-3.143875
2.580164
0.278983
3.008027
-3.328610
2.824199
-3.415469
3.320284
2.280755
-1.132244
2.812335
2.511595
3.983575
-2.815494
-1.451648
3.896786
0.464008
-3.225073
1.813293
-3.272542
-2.961483
-2.733285
3.183541
-0.311849
3.456344
-1.818628
-2.406906
1.511539
3.290193
3.196668
3.259395
0.714488
3.148531
-3.527351
2.952137
-3.489063
-3.341969
-3.150374
1.620107
3.133081
-3.322573
-1.263172
-2.697292
-3.325468
-3.184294
-3.225177
3.214268
-2.664314
3.665367
-2.896652
-3.310360
-3.459864
3.110457
-3.419926
-3.332672
-3.372163
3.554853
3.330881
-3.026606
3.251600
-2.668233
-1.915553
-2.265036
-0.262137
-3.268091
-3.492595
3.038411
2.034696
-2.997683
3.257082
3.375423
-0.072391
-2.461787
1.309348
-1.814610
-2.408776
3.017473
3.275501
3.644451
3.052979
-2.913935
2.763528
-0.460405
-2.521908
-3.496031
3.445637
-3.446599
3.704356
-2.222775
-3.230489
0.224603
-3.035127
-0.483084
-3.016260
-1.399481
3.952580
-2.126128
-2.823873
3.519317
3.683940
3.313241
3.095147
-3.286418
3.307026
-3.572657
-2.574551
3.549108
-2.372516
3.231912
3.361144
2.683452
3.040231
-3.205786
-2.639189
3.960159
-2.689367
-0.943808
3.432913
-1.356746
1.034932
2.537387
-1.615026
-1.590929
2.973383
-2.759865
1.344983
-2.142516
-2.787735
-0.975879
3.066122
-3.844324
2.205790
-2.588827
3.651449
-2.539231
-3.148435
-2.977515
-3.192714
-1.907226
-3.594635
-3.490886
-1.707278
2.016725
3.760499
-3.279774
3.607658
-0.703212
-2.247163
3.093384
1.478786
2.625808
3.554549
-3.255388
-2.916770
-3.128827
-3.173449
-2.901308
-1.677080
2.935429
-1.673289
-1.327273
-2.181755
-3.091626
3.484708
-3.441188
3.526927
-3.525275
-3.919189
-3.484655
3.486804
3.601560
2.558547
-1.227815
-3.064037
1.880577
-0.587213
1.578922
-2.087846
1.544377
-3.463970
3.760736
-3.011192
3.395000
-3.295378
-1.714531
-2.057356
2.884679
2.526425
3.349589
3.495973
-3.014670
-3.126758
2.084829
-2.382362
3.338537
-1.724338
-0.175224
2.135124
-3.156043
3.517037
1.490952
2.533572
-1.736482
0.502067
3.090132
2.205882
-2.094434
-2.949236
3.354506
3.562710
-3.175224
-2.307229
-3.168987
2.690662
3.318750
3.765277
0.179813
0.751013
-2.227562
-3.550770
-1.990267
0.187287
3.037474
0.973798
-1.134640
3.326522
-3.209088
3.206779
2.011633
1.191301
3.299913
-3.609841
3.146562
-2.728073
-2.277613
-3.529816
-2.318792
-0.927371
3.214157
-1.541403
3.590293
-3.078132
-3.149708
-1.761461
-3.312953
2.811564
-1.351797
3.633147
2.058768
2.914633
-3.444558
2.859608
-2.468448
3.216665
3.197857
3.710067
-2.945227
3.558841
-3.700586
-3.110655
-1.906677
3.674548
3.480392
3.276807
-0.249840
-3.118921
-0.504565
-3.340755
3.578937
-1.929506
-2.516028
3.152157
0.240622
2.707969
-2.426898
2.360545
2.675335
-1.796632
-3.261117
-2.719776
3.352329
-1.292713
-3.133162
-0.839166
-3.178729
-2.791431
3.491811
-1.566649
2.475124
-3.399794
-2.139567
3.535725
3.323132
3.532154
0.701933
3.271647
2.324775
2.498904
2.821952
-2.292982
-1.402783
-3.439921
3.380419
2.785769
3.084418
-3.514565
2.883110
-3.525676
2.953009
-0.677163
2.869509
3.192288
-1.777436
3.218180
3.577250
0.060165
-0.925922
3.324142
1.872878
-0.036107
2.941716
-3.084260
3.410551
3.719444
-3.411120
-2.576200
2.542047
-3.030774
1.610213
-3.238860
-2.481780
-2.869774
-2.602892
-2.686322
-3.485977
3.061152
3.378686
0.708817
3.432606
-2.272566
3.010245
3.462567
0.310647
1.545102
-3.214147
0.478719
-1.460175
-3.224888
2.652375
-1.383879
-3.050878
3.464667
-2.842043
-3.255969
3.548131
-2.722391
-3.134521
2.896931
3.082785
-0.938552
3.624500
3.404754
3.541757
-3.114950
-3.009787
3.343260
-2.885197
-2.052519
1.848018
3.258911
-3.400118
3.157445
3.054245
-3.093307
-2.595883
-1.540863
3.150430
-3.545124
-3.158152
3.216455
-2.354449
3.600687
0.465915
3.043715
3.347610
-1.617593
-1.110898
3.232517
2.893405
-3.561773
3.073843
-3.531686
-0.055147
-3.356719
3.451544
-1.851463
-3.092870
3.242825
2.618806
3.078803
2.679595
-1.319865
3.272811
-3.485330
3.758364
-0.669704
-2.858578
3.550635
-3.427368
-3.633776
-2.489490
-1.843507
3.548407
-0.654199
-3.555882
2.579926
3.458280
-2.360949
0.621788
-3.521951
-2.538730
1.347527
2.568674
-2.179840
3.386656
3.165729
2.369646
-0.371262
-2.377461
-1.883147
-1.285256
-2.987140
-2.791277
1.370655
2.112711
0.970539
-3.466432
-3.003219
-3.363827
-3.187047
-3.327694
-1.677924
-3.593076
2.822771
1.995470
3.300616
2.944668
-3.085010
-3.360531
3.285873
-3.313017
2.102918
2.112392
3.212848
2.419550
3.895692
3.695006
1.837008
3.297963
2.924739
3.892826
-3.591087
-2.891530
3.220554
3.702305
-3.234743
-2.534896
3.955469
-1.051188
-3.077930
1.027925
1.251778
3.469558
2.442885
3.249050
3.220715
-2.599530
-1.780423
-1.398212
3.910424
-3.272113
-3.273100
-1.880589
-2.902427
2.765121
2.512860
2.541040
3.058208
3.137845
2.917315
1.875946
-3.062136
-2.429459
2.617938
-3.932761
2.689562
3.414855
3.177160
-1.696210
-1.076074
-2.758674
-0.035093
-2.371885
-3.430700
2.182837
-3.167700
-1.724161
-2.809801
2.464947
-3.405288
-0.385807
2.174554
-3.322709
0.052797
3.482588
2.948057
3.554867
1.039820
-2.125238
-1.806225
2.861153
-2.291257
-0.038942
-2.933435
3.653234
1.486818
-2.632927
-2.500061
3.127191
-3.167580
-3.064682
-2.757889
-3.317444
1.113344
-2.367726
2.969616
-3.308053
-1.802563
3.153190
3.269417
-1.819699
-2.602925
-1.074095
2.491879
-3.456568
1.011943
-1.549556
2.255534
-2.723975
1.999151
2.272697
3.063454
3.253967
3.666485
-1.035964
-3.008929
3.179753
1.815849
-3.830718
-1.340615
0.631375
-3.050461
3.199402
-3.363889
2.207117
3.245787
-3.965291
2.918954
-1.235415
3.291618
3.001546
3.009334
-3.224210
2.917849
2.351678
-3.291993
-2.763063
1.952308
-2.753824
1.113480
-2.960918
2.391620
3.448944
2.579210
-3.400943
3.153342
2.647396
-1.025956
-2.798481
3.445429
-0.944290
-2.978227
-1.355920
2.767218
-2.955549
2.912859
-3.260064
-2.738274
-0.138999
3.571809
-3.224586
2.625517
2.302016
-2.762284
2.443438
3.232888
-2.610653
2.779486
-2.799355
-3.431417
3.192026
-0.519656
3.253804
-3.555756
2.608529
3.009938
-3.399148
-0.398341
3.468409
-3.572511
0.450018
3.154432
3.215296
-2.628364
-2.774309
2.301627
-2.997963
1.502566
2.075591
3.475287
-3.260398
-2.681656
3.530318
3.575121
-2.520664
-0.121894
0.461782
-3.419633
-2.292763
2.921822
-3.103340
2.268836
3.076377
-1.376178
-3.521809
-1.797022
-1.996573
3.212067
2.435947
-2.607918
0.775820
-2.961230
3.670419
-2.749950
3.540120
1.667410
-2.895123
-3.083778
3.630769
3.284270
-3.280471
-3.308634
2.264280
1.191881
3.329337
2.934219
3.132101
1.156368
3.123305
-3.342991
2.789717
1.554311
-1.928527
1.849936
1.766400
0.434352
-0.201028
-0.011983
3.300840
-1.511246
3.494309
2.995304
1.782713
-3.328568
-3.138955
-2.616600
-3.507802
3.614478
3.600197
3.451953
1.326655
3.413121
2.998818
-2.768588
-3.447700
-3.969397
-3.105987
2.090182
2.976588
2.653441
3.331727
2.215174
3.572000
-2.300214
-3.724134
-0.212284
-2.739095
3.392298
1.650800
2.870120
-2.088483
0.780413
3.649081
0.550645
3.192668
-3.806585
2.375709
2.822286
-3.038979
3.531079
-3.496723
-2.914572
3.659316
3.322351
1.614443
-2.612493
3.372884
-1.325629
-3.155202
-3.040403
-3.296548
3.301947
3.016949
-2.777786
-2.199390
-3.483094
-3.648259
-1.561539
-2.326646
1.397713
3.371639
3.443384
-2.774051
2.552798
-2.949718
2.740065
-1.638974
-1.802824
3.590270
-2.929615
-3.786734
-3.203591
-3.082286
3.057789
-3.577093
2.756239
2.498545
1.643828
-1.577626
2.887149
3.449268
-3.056824
2.689947
-3.692583
-2.419306
1.527378
1.651118
0.423556
3.364648
1.460773
2.303646
3.143127
0.828113
3.118267
2.759542
-2.973935
3.290030
-3.273233
-2.691425
2.797264
-3.011006
-3.008719
3.145789
-2.528013
2.850003
2.742401
0.044376
3.553118
3.300662
3.166873
1.605612
2.707528
1.973481
-3.609474
3.457991
-3.152791
2.773347
0.071653
1.121401
-2.904025
3.199946
2.178668
3.356123
-2.786170
0.692922
-2.508183
3.335347
-2.253875
-3.114176
2.002760
2.937219
0.891978
-1.410811
-3.074596
2.916834
-2.630874
-2.729742
-3.388745
2.612998
-2.254229
-2.402855
3.444437
-1.285361
2.656390
1.906418
1.065409
-3.682028
2.563464
-1.936902
-3.012863
3.795279
-2.818741
-2.797681
-3.378600
1.303157
3.513501
2.989063
-3.556458
-3.516666
-2.578885
-2.349732
-3.035392
-3.102726
3.271910
-3.547056
-3.320359
-2.783466
2.788504
-3.451388
-2.105715
3.201992
-2.952980
-3.108946
-3.133784
-2.932428
-2.620759
-3.027140
-3.524700
3.204964
3.754109
1.966170
2.467199
3.129215
-2.956762
-2.849144
3.047876
-2.520926
2.111158
-2.860776
3.658718
2.672683
1.462231
-0.934781
1.980224
3.066210
1.900113
-3.346206
-3.980345
-1.235756
3.284636
-2.116338
-1.639756
3.049427
2.594951
3.839716
2.825991
2.726134
-3.114326
-1.305022
3.181208
3.306228
-1.114886
-3.339198
2.380563
3.705410
-3.977437
-3.114163
2.931486
-3.465332
-3.415597
3.026416
3.682185
2.595271
-3.232011
3.071288
2.164188
0.334151
1.963218
-3.230619
2.745840
3.325701
1.907308
0.217153
3.681205
2.361930
-3.316007
2.455834
-2.362024
2.609499
-2.849723
-0.116264
0.499680
3.504157
-2.776517
-0.302335
-3.342680
-2.236664
3.319247
-3.543653
3.228361
2.859028
3.324858
-2.692635
-1.624760
0.614180
2.012627
-3.256443
2.693800
3.643413
-2.968312
2.969963
2.247039
2.908614
3.426966
-2.801411
3.245636
-2.271624
2.607122
3.776251
-1.824100
-3.447882
-2.713337
2.938138
1.401951
-3.302180
3.325378
3.147120
2.797335
-0.421726
-2.948687
-2.673709
3.182802
2.766025
-1.145144
3.100391
3.131910
-3.053258
2.957178
-2.437841
1.021480
3.060069
-2.846856
3.535174
2.874761
2.972060
1.637742
-2.318591
-3.257169
-3.461029
2.819979
-3.523423
3.098403
-1.708095
3.533716
-3.292894
-3.420638
-0.918897
3.340470
-2.487543
3.579209
-2.234319
0.283537
3.707166
3.078752
-2.039996
3.768185
2.921131
2.899145
2.918762
0.016912
1.309165
-3.200976
-2.766286
-3.518549
-0.509489
-3.300405
0.643106
-3.005987
-0.341228
3.850162
2.733949
0.044017
2.338831
3.228509
2.717043
3.433025
3.069033
3.504123
3.721328
3.558730
3.556796
3.390386
-1.756652
-3.387557
3.150103
-2.814452
3.180777
3.355622
-2.548976
-2.667081
3.183129
-3.287646
2.080622
-3.507626
-2.218096
-3.250666
3.172422
-2.763074
1.827518
-1.385811
3.364489
-1.630324
2.512904
-1.846212
3.432849
-2.071803
-3.067136
-2.886873
-3.360541
-3.045375
-2.679991
2.793341
-2.902459
-2.241003
-0.756727
3.314747
-1.516976
2.587627
2.843151
-1.663776
3.356531
3.401548
2.720418
3.685570
0.324333
3.353824
-3.031483
-2.661680
-2.616478
-3.455098
2.564663
-3.910986
3.524569
-3.261181
2.608621
-1.019580
2.378342
1.483221
3.908475
-3.155587
-2.297734
3.209569
2.947669
-3.954243
-3.465539
3.402228
-3.039848
2.372695
3.143110
3.628565
3.512484
1.246069
-2.773123
-2.558185
2.673530
-3.231967
-2.669942
2.574912
0.955450
3.380191
-2.759991
2.482362
2.215082
-2.664174
2.355610
-3.179979
-3.099633
2.006956
2.819040
-3.239526
3.237057
-0.757606
3.079636
2.933302
-2.811959
-2.607643
2.731725
1.910164
-2.958761
-3.282848
-2.133925
-1.233162
1.971428
2.114069
2.499242
-3.381358
-1.599420
1.092118
3.909778
-3.186911
-2.790594
-2.435660
-2.361493
3.389755
-1.142692
-2.450791
3.369201
-2.662869
-1.448712
-2.263884
-3.504160
-2.041659
-2.995874
-3.669589
1.724982
2.675689
3.543122
-3.506080
-3.224014
1.258280
3.482769
-1.315318
3.578050
-2.621232
1.983255
-2.975866
3.346003
-3.539190
1.651649
-3.525817
2.593408
-1.016478
-1.476116
2.041683
-2.572170
0.020534
1.902237
-3.575965
3.374147
2.225152
3.096925
3.008979
-3.611633
3.093108
-2.741618
-2.218587
-0.038245
-0.998930
2.905521
-0.956727
-1.450969
2.780496
2.979585
3.241297
3.473817
-3.290746
-3.302944
0.400820
-3.035117
1.930530
-1.845342
2.558743
-3.033973
-3.285556
-3.051210
3.022118
1.669345
-1.412125
1.741977
-2.224632
-3.199748
-1.786697
3.573064
3.309599
3.065087
-3.111522
2.700536
2.348266
-1.039785
3.289285
2.898926
3.228036
-0.786826
2.453734
-2.839826
0.063622
3.349233
-0.112521
-3.975999
2.118113
3.209229
1.192534
-2.622848
2.209246
2.531412
3.049804
-2.736771
3.623868
-2.953815
-3.265085
-3.264277
-2.273052
-3.248570
-2.994943
-2.682585
2.244888
-1.713417
-2.037481
3.233054
2.049538
-0.094910
3.827408
-1.980118
-2.404187
3.013332
3.723518
2.645070
3.146936
-1.811481
-3.351038
3.402568
-3.199701
-2.829844
2.726884
-3.193319
3.293884
3.091798
-2.564380
3.784879
3.253082
2.094750
0.569155
-3.309962
-3.608882
1.938135
3.386615
2.386341
-2.370483
-3.167499
2.954779
0.685975
-3.220621
3.525750
3.327817
-2.387225
-1.479910
-3.339454
-1.209739
2.553889
-3.073006
2.678767
1.792611
2.527638
3.459296
2.368243
2.671374
1.984677
0.928167
2.598338
3.286158
-2.793092
-3.204856
3.025142
-1.510185
-0.012951
2.665204
-0.106189
-3.578256
2.994445
-2.762513
1.697181
1.116199
3.250297
0.805218
2.782313
1.509697
-2.428164
-3.189134
3.650563
-2.582227
-3.216670
-2.931895
3.396994
-3.240581
1.578847
3.348580
-2.828782
-1.648006
3.425841
3.643660
-3.041079
-3.951997
3.961848
-0.214324
2.579540
3.698575
2.458123
3.747308
-1.982689
-1.377459
1.104911
3.629682
-2.622593
-1.494022
0.764758
-3.126093
1.420901
2.966034
-1.622886
1.986561
3.101009
-2.837825
-3.626315
2.140185
2.372993
-3.282967
1.454736
-1.637823
3.965112
3.185874
3.406674
3.792065
1.055456
3.221609
-2.826468
-2.386171
2.561514
1.801875
2.552497
2.822729
-2.785272
2.824277
-3.685734
3.963186
1.671275
3.564441
3.209013
3.654086
-3.087206
-3.272965
-3.603720
1.496954
3.470516
3.163134
1.596975
-3.084917
3.015877
3.518446
-1.975429
-3.155233
3.144217
2.880872
-2.887558
-3.186292
2.758889
2.543898
-1.330812
-3.265103
2.306939
3.503464
-3.512946
-3.510093
3.148212
2.365009
3.700168
3.043975
-3.042227
3.550834
-2.190951
3.393099
-2.783021
-3.038024
2.797730
1.696547
-3.518250
3.204916
1.530720
2.432368
3.765030
-2.538915
2.467768
-3.610115
-3.419461
-3.354478
3.987964
-2.705736
2.452348
3.442227
-2.447272
-2.403526
3.386046
3.560090
3.689864
2.893260
-2.783229
3.054576
3.600462
-0.569137
3.973701
-3.496306
3.151645
1.790920
-1.213075
2.368867
3.107092
3.466642
-2.317777
3.989653
3.326834
3.287064
3.355162
3.186674
-2.025271
2.721385
-3.406656
3.574297
-3.207000
2.997284
3.932230
3.181982
3.321017
0.024396
3.470173
-2.629244
-2.433124
-2.330213
-2.689649
-2.155545
-3.608607
2.670714
-2.838814
-3.325669
3.633280
3.381412
3.438055
2.557601
3.546343
0.768839
3.348701
3.228029
-3.389473
-3.351652
2.795521
1.156657
-1.542951
-2.907397
-3.466919
3.485729
-3.432585
2.393155
3.651972
3.526808
3.023127
3.027241
2.281686
-2.329617
-2.834084
-1.758358
-2.989883
2.693144
-1.713494
-0.982490
2.839040
-3.584533
2.550115
-2.929474
-1.091808
-3.534715
-1.222603
1.057495
-3.661217
3.352787
-1.617855
-3.289351
3.344653
-2.951778
-3.310152
2.287513
-1.569999
2.208264
-3.533908
3.456955
-2.625568
3.227093
3.160035
-3.271082
-3.130107
-2.564751
2.797024
-2.657318
0.600996
-2.745305
2.756272
3.435000
-3.127708
2.075170
1.884243
3.114010
0.180882
-2.794421
2.790794
-1.317548
3.302042
3.289581
1.513832
2.561459
3.385240
-3.082095
3.497520
3.339772
-2.876894
-2.202563
3.756724
-2.769107
-2.886711
2.806078
-3.426081
-3.204860
2.254593
-3.338760
3.220761
0.510225
2.081732
1.895264
-2.103449
3.601873
-2.028558
1.828891
-3.495638
-3.181360
2.509946
3.404154
2.922415
3.554324
2.776069
-2.910530
3.149505
-3.459017
-2.459662
-3.645211
3.102368
-2.879161
-2.351242
-3.185903
-3.265578
-3.351264
0.341143
-2.980824
-2.311643
3.491777
2.785619
2.467398
-3.239715
2.218959
2.754150
0.143224
2.304628
-3.557384
3.407185
3.528547
-2.165620
-2.543113
-3.517931
3.381704
-3.096791
-2.859500
2.789981
2.407329
-0.256402
2.933404
3.732394
-3.330865
1.239296
3.222362
-3.704460
1.929196
-3.394075
2.545513
3.251356
0.026895
3.229351
3.612069
-0.726281
-3.370636
-2.895719
-1.815739
-0.779681
2.965751
3.039203
2.514774
-0.011753
-2.531907
-2.667297
-0.306664
-2.305690
-1.192851
3.097311
2.454267
3.544778
-3.078114
-1.008730
2.961805
2.022954
2.536438
-3.276820
-2.600956
3.469692
3.116992
3.470116
2.928784
-3.438581
-2.667380
3.421806
-3.045810
-2.050476
-1.561876
2.781755
2.641503
-3.170477
-1.214602
3.619300
3.371723
-2.124015
-2.711146
-3.315537
2.185672
-3.579200
-0.684797
-1.488670
3.441196
3.113381
2.880256
-1.598137
2.867106
3.359622
2.886573
-3.075503
-1.368116
-2.692943
-3.637856
-2.439045
2.252035
1.068375
2.546598
-0.632249
1.743228
-0.321387
-1.445373
-3.276495
2.658509
3.992256
3.170526
-0.472175
3.267630
-3.148936
-0.120528
-2.304284
-1.306540
-1.875236
-3.509608
-3.133477
2.950858
-3.262599
3.343589
3.377317
3.025033
3.857943
-1.931353
-3.129440
-3.495385
-1.283022
3.584775
2.940352
3.061949
3.352736
3.600105
-3.242832
2.219618
-2.441262
3.159272
3.597650
3.494318
2.892199
3.275475
-2.567221
3.350570
-1.795665
-3.325161
1.866482
3.365356
2.480333
2.707830
0.526071
-2.773895
-1.020406
-3.016888
0.085154
3.506814
2.791397
2.524557
-3.134601
1.138117
3.963034
-2.471640
2.698188
-3.460662
3.296033
3.742122
3.056032
3.100366
3.303791
-3.597564
-3.258293
1.399530
-1.219811
-0.076665
-3.958608
3.612397
3.345104
3.396779
2.527362
-1.655122
3.110788
-3.188225
-2.374461
-3.203049
-3.198494
1.435325
3.449316
-0.158936
-1.825886
3.625922
3.779476
-3.156230
-1.333997
-3.135622
-3.392341
3.148540
3.022784
2.442663
-1.187317
-0.479112
3.337924
-3.058429
2.703347
3.462389
3.394937
2.272867
3.005763
-3.252779
-0.155726
-3.096701
-3.489058
-3.499092
-3.044666
-2.603532
-3.142415
-2.645948
2.150407
-3.184984
3.766135
3.507288
1.820351
0.481730
2.687587
-1.446550
-3.149754
3.345318
-3.142983
2.614402
-2.461234
-3.522696
2.745802
3.068052
-3.343164
2.929327
2.504823
3.270010
3.360965
-3.045469
-2.946484
3.935450
3.452259
-2.520369
-2.777106
3.430963
2.799537
3.458339
1.971950
0.776919
2.581921
3.703637
3.694115
3.207580
-2.924134
-2.225639
3.313274
-1.353933
-0.765777
0.161875
-2.453801
-0.834610
-3.439298
3.341995
3.547587
3.263495
3.977419
2.728965
-3.343555
2.345704
-2.608988
3.696386
-3.483378
2.115449
3.463032
1.055220
-0.556957
-3.199998
-3.167481
3.067006
-2.121390
-1.991462
1.848231
2.830886
3.137034
-3.350273
-3.232490
3.959244
-1.800624
1.158031
-3.244631
3.135350
2.529666
2.577384
-2.800390
3.000100
3.146367
-2.127935
2.000560
-2.794305
3.359792
2.510289
3.411650
1.734364
3.476125
3.178382
-2.447841
0.020484
3.416681
3.454564
-1.616045
2.577427
2.887937
-2.729887
3.978677
1.692629
-3.469607
2.959700
3.178870
3.190454
-0.215837
3.538957
2.784082
2.710834
2.985771
3.322959
-2.340149
-2.468341
3.496171
1.412521
-3.023758
3.131323
-3.476469
-2.706121
1.916689
-3.025461
3.971741
3.079973
1.833954
-3.129249
3.624577
3.101116
-3.179412
2.498116
-1.090191
3.472432
-3.520325
-1.645090
2.007014
3.510840
-3.604931
-2.980967
3.474418
3.294908
-3.402689
-2.963880
-2.191036
3.278197
-3.629303
-2.625544
2.481532
-2.680964
0.724509
2.699246
3.028659
1.766001
3.284889
3.520519
-3.172613
2.912903
2.469898
3.093686
3.783874
3.162427
-3.199354
3.169696
-3.519472
3.087732
3.435467
2.554173
3.273222
3.373748
-1.925728
-3.327677
3.609803
1.540263
3.109165
-0.659855
3.483157
3.260508
-2.765913
2.323759
-2.791754
0.762806
3.499283
2.397030
-3.250183
-2.516631
-3.184010
-1.511519
-3.169352
3.360034
1.438171
3.373134
-2.711691
-0.299108
3.109963
-3.398161
-1.577536
2.675237
-3.394957
-0.326362
-1.231435
-2.359799
-3.391017
2.227980
3.291937
-3.436494
3.605414
1.184630
-3.630624
3.457555
-2.700341
-3.054939
-1.227648
-3.214836
-2.538615
-2.615308
-2.606713
-2.661689
3.564223
-2.085993
3.030443
-1.853201
3.245301
-3.488193
2.911014
3.316019
-1.022480
-2.172940
-1.411406
-2.115710
-1.907940
3.071650
3.200502
-3.059385
3.969404
-3.466128
-3.181757
3.206316
-3.363237
-2.952886
0.065892
-3.194645
3.991274
-1.341417
3.338036
3.743149
3.662928
3.918743
-3.172895
-2.821040
2.621202
2.948367
-2.174113
-0.792952
-2.752515
1.492890
2.638383
-3.061165
2.797814
2.504848
1.226934
-3.353989
0.835365
3.061992
-2.861411
2.884782
3.691425
3.939295
3.019525
-3.481395
-3.478060
-2.714510
-2.182884
3.401148
-3.112801
1.465832
3.642345
-3.219274
-1.746090
-2.079951
3.022368
2.836864
1.939400
3.429401
-2.621538
-3.603935
1.886421
3.619317
-2.353154
-3.554846
2.903107
2.641794
-3.384731
-3.436354
-2.803407
-1.990091
2.159254
-1.117039
2.535859
-0.924541
-3.296897
-2.296713
2.606908
-1.576104
-3.199637
-0.124656
-2.565501
-3.368783
-2.318709
2.623844
-3.550247
-2.411003
3.564968
-2.809213
-3.034764
-2.207895
2.226446
-3.256718
3.385723
-2.951317
-2.721961
2.221344
1.551309
3.220922
-2.593905
3.263252
0.889660
3.504696
-1.922651
2.524385
3.310133
2.956174
-0.859753
3.050022
-2.876585
-3.358032
3.425717
-2.179053
-1.791436
2.574754
-3.608475
2.547735
-3.411139
-3.391141
3.208397
-2.917377
0.218902
-1.730042
3.189861
3.016499
-2.913787
3.141489
1.848308
1.691391
-3.151670
-3.166707
-3.216842
-2.196039
3.670153
-2.572836
-2.866644
2.782664
3.284112
-3.466702
3.305135
2.954424
-3.571522
-3.631384
3.315855
3.437697
2.387333
1.158578
1.924837
2.972401
-1.008415
-3.297076
1.155569
2.887774
-3.232078
3.503977
-2.022761
3.121801
-3.071516
-2.139753
-3.496214
2.984047
1.785431
2.869464
-0.723780
-1.769740
1.087407
0.525256
3.047485
-3.066872
-1.848940
3.070029
-3.699315
2.737547
-2.788280
3.320070
2.590290
-3.161231
3.358791
-0.181731
-2.637784
2.829713
2.884145
-1.340734
-3.380501
-0.419935
-2.465530
3.511160
3.358973
2.647792
2.756579
-2.712122
-2.658487
-3.213791
2.711423
3.061446
2.431847
3.429778
-2.974348
-3.685125
0.516244
-3.053853
3.436841
3.390899
0.961748
3.566626
0.795725
3.079111
3.277698
3.985207
-2.160434
-3.435044
-0.642524
-2.772895
-3.169272
-1.137039
2.568015
-2.340832
-3.398830
-2.837870
-3.173518
3.292746
-2.213234
-3.340695
3.520862
0.000000
2.736740
-1.717161
-1.033812
3.336549
1.606412
-3.397807
3.265021
3.305157
0.589122
-3.436679
-3.399674
2.867313
-3.403712
2.613472
-2.133927
-2.485058
-2.815692
-1.686738
3.470960
3.084729
3.552302
-3.127984
2.826803
2.308057
2.851096
-2.590580
2.974844
2.608493
3.326639
-3.151450
3.136041
2.799570
2.335960
3.225947
-2.293098
-3.291452
-2.796859
3.610532
-3.107242
2.927161
-3.030467
2.633239
-3.021635
3.614162
-3.075909
1.869757
-3.785908
-1.360677
-2.778501
3.302110
-2.962026
3.558056
-3.538988
-3.318018
-2.582426
-2.881691
-1.031210
2.991535
-2.257893
-1.051980
3.519339
3.073772
3.520072
-3.410706
-1.816776
-3.958176
-3.647019
-3.143599
-2.857067
-3.258704
3.626871
-1.604170
-2.985800
-3.216302
2.533832
2.579483
-3.356412
-3.502412
-3.205256
3.286211
0.606183
-3.211050
3.496734
2.893123
3.416049
-3.179042
-2.557415
-2.226885
2.226622
3.301125
2.912871
3.540290
-3.331629
-3.405472
2.888346
1.789555
-3.444572
3.136579
-3.327634
-3.411359
-0.927656
1.657121
-3.361455
-0.804877
3.967654
-3.240081
1.426388
3.940334
-3.559819
-3.339124
-2.951602
-0.182916
1.678712
-2.521565
-3.617003
3.167830
2.297915
0.640383
1.128279
1.827019
3.135180
-2.776173
-1.711846
-3.604560
0.000000
-2.602583
2.365450
-3.532358
-2.994371
-0.645455
1.659648
-3.259378
-0.772677
3.609588
3.002556
-3.225876
-3.334082
3.598806
3.348717
0.788762
-2.722356
-3.250402
2.730251
-1.896377
-2.454250
3.717022
3.715389
-3.564116
3.163742
2.244133
3.266964
3.522961
-3.096898
-2.702334
1.846863
-3.564571
1.387871
-3.404022
3.749170
2.742665
-3.213920
-1.887442
3.108472
-1.499427
3.486310
-2.660856
-1.704054
1.271706
1.399363
1.888177
-3.271558
-3.032178
-3.459698
2.564517
3.118680
-3.352527
0.423226
2.210183
-3.571102
-1.479279
3.220330
-3.355904
2.651574
-2.075907
1.322959
2.175455
3.387258
2.229017
-3.499681
-1.900030
-3.420998
1.781928
-3.135563
3.071328
2.262461
-1.414064
-2.739228
-3.305522
-3.084073
-2.647183
0.144745
1.496613
3.100694
-3.491297
2.760615
2.736164
-3.309212
3.290127
3.240280
-0.197993
2.610086
3.163134
-3.327849
2.830125
3.521928
3.413012
2.374814
2.823153
3.110941
-2.809073
3.704880
3.463881
2.203730
1.860997
-2.605593
-2.755829
1.825696
-3.231514
1.336873
3.536503
2.916250
-3.050216
3.238277
-2.921145
-0.746159
-1.672152
3.307795
2.546771
3.149072
-1.559154
3.378135
1.291899
-2.907934
2.543828
3.148306
-2.241968
-0.523111
-2.876875
2.505758
-3.774596
-1.818367
3.841547
2.552685
-0.409290
2.880608
-3.447829
1.265495
-1.423665
2.035883
3.010381
3.361213
3.602705
3.142989
3.134592
-2.964564
-3.342610
3.370287
3.179264
-3.549021
2.866490
-1.947816
0.742169
2.055352
3.270978
2.400727
3.699799
0.468088
-1.735497
-3.159509
2.052434
1.004839
3.043706
3.405901
-3.458453
3.201004
-3.288280
3.532600
3.252486
3.644280
-0.016408
2.985868
3.180557
3.111558
2.140357
3.483834
2.454934
3.253870
-0.493367
2.943418
-0.432700
2.456825
-3.460127
-3.308669
-2.654455
3.428391
3.616197
-2.995692
-1.683643
1.801236
-3.052668
-3.055169
3.978711
-1.826198
3.047676
-1.159572
-2.299809
3.261400
-3.541523
3.263219
-2.628457
3.422568
-3.044984
-3.405045
-1.757352
-1.645352
3.034832
3.487796
3.245790
-2.557243
-1.053796
-2.897421
-2.449877
2.757128
1.179892
3.457959
-1.616151
-3.902011
-2.906806
3.334523
-2.368789
3.159108
1.578475
-3.342678
2.690959
-1.559587
3.180722
-3.381482
2.228800
-2.235465
3.404482
3.576093
-1.228814
-2.610644
3.138833
2.184055
2.822849
1.847003
3.382025
-1.885340
-2.267756
-0.417683
-2.150729
-3.267947
-0.621308
1.395485
-3.213836
1.898987
3.472027
3.584118
-3.257418
-2.319868
-3.382600
-3.182598
3.357806
-2.440191
2.573283
3.535570
-3.984480
2.748063
-0.013577
-2.772164
-3.226941
-2.043478
-3.462163
-1.152476
3.946096
-1.095149
2.884721
-3.417302
1.369144
-3.093618
3.205523
-3.948012
-3.234585
3.243390
-1.913136
-3.138467
3.498196
3.391669
3.854641
-2.696386
1.597693
1.709336
-0.302561
-0.409660
-2.607778
-3.602657
3.510477
-1.777134
-3.508333
-2.642978
-2.455103
3.474335
-3.318943
0.496441
-1.754078
3.340360
2.864696
-1.333531
1.790559
-3.626084
-2.622261
2.898903
3.058303
-3.123447
3.346361
2.931520
-2.819237
1.766716
-2.348863
-1.407843
-3.357802
3.678993
2.747042
-0.839406
3.484441
-3.111230
1.918877
-1.574543
-2.880495
2.399958
-3.628968
-0.820110
-2.323060
2.579642
2.001506
3.473096
2.366428
-3.328464
-2.161284
-2.438988
-2.956437
-3.517416
2.448111
-2.904202
-2.251400
-3.580235
-2.510448
-3.180947
-3.457723
3.146438
-2.911552
-2.952964
3.103745
-3.111368
-1.317827
3.370952
-0.982834
1.654782
-1.822655
2.069750
3.226068
1.001388
-1.680143
-0.975034
-0.922405
3.402594
3.169018
-2.119218
3.398837
-2.292032
-2.689767
3.114424
3.343930
-1.757288
2.410842
-3.221560
-2.859294
3.376195
-3.078721
3.091825
-2.813201
1.393726
3.494406
-2.197954
-3.042936
2.438477
-3.510651
2.500406
-3.372921
-3.369668
-3.360908
3.374887
-1.888031
3.444454
3.264377
2.954476
-2.977173
-3.205620
-3.215135
3.421490
-3.331535
-1.828694
-2.760880
3.123764
-1.740248
1.466673
-1.306739
-3.349889
-1.743457
3.361996
3.478112
0.097441
-1.371359
-2.619552
-3.431291
-0.141424
2.595107
-1.530605
-3.680021
0.038509
1.908635
3.528433
-3.222665
3.063418
1.962507
3.199826
2.961453
3.308666
2.641666
2.879062
1.945523
-3.673910
-2.499775
-1.769573
-2.961743
3.379701
-2.663492
2.492666
-2.734878
3.467707
-1.604510
3.714885
-0.954107
1.396304
3.245472
-2.349772
-2.827029
-3.073508
-2.975702
-3.259373
-0.215343
-3.198149
3.240674
3.436828
3.682713
3.879084
2.466238
-3.493662
3.157607
-2.451281
-3.043467
2.900134
-2.179871
3.396148
2.666416
-3.622410
-2.868326
3.325996
3.605645
3.237944
1.998038
3.447313
-3.310642
-3.657617
-3.452349
-2.892640
-0.987313
3.005440
-1.988167
-2.931006
-3.136414
-3.229476
3.587533
-3.294796
3.491074
-1.725448
0.988161
3.577798
-3.205005
3.636695
3.207312
-3.330155
3.439930
3.585190
0.925760
1.140044
2.132706
2.443888
-3.072008
2.471802
3.316089
-3.287543
-3.205183
3.699350
-1.708045
2.617669
3.199406
-2.587457
-1.065051
2.900890
-1.501301
-3.298299
-3.166615
1.874250
-3.260760
3.343461
3.665221
-3.314278
-0.162240
2.431040
1.208764
-2.513997
2.373705
3.586199
-3.334531
3.542794
2.763073
1.648216
1.483189
3.290078
3.187520
-0.960926
1.909130
3.433621
-3.243175
2.789722
3.541895
-3.139131
2.706877
3.537346
-3.484273
2.179661
-2.634808
2.176004
-3.486851
3.227257
-0.320938
3.640595
-3.508837
-3.339758
3.591189
-3.186126
0.055637
3.681880
-1.950282
-1.625981
-1.961047
-2.912674
0.358178
-3.085498
3.344245
-2.118435
0.920516
-2.565559
-3.049581
3.335331
-1.487407
-1.471002
-0.050215
1.552021
0.366103
-3.398189
1.483423
-1.700195
0.945382
-1.771691
-3.135561
-3.141821
0.745877
0.112636
1.024458
-0.155937
-1.732632
0.986820
2.495194
3.254426
3.683400
2.428036
2.294655
3.980485
3.649032
-1.906973
1.789130
2.076941
-3.524637
2.309505
-2.375119
-0.085519
-1.953954
-3.272107
2.350959
-1.736456
2.478997
2.986710
-3.529295
-3.096753
2.390570
2.498663
3.319958
-3.545128
3.441166
3.106034
3.347957
-2.870972
3.574507
-2.452827
2.415350
1.948270
3.193492
3.316134
0.156889
-2.068685
-3.638862
-3.433082
3.388154
1.699718
-2.762355
-2.979003
-2.716061
-2.519197
1.417655
0.423605
-0.818934
2.598693
3.125943
-3.456171
2.274907
3.095703
-3.904921
3.107111
-3.472516
-0.113064
-2.568667
3.637532
2.179059
-3.375284
2.297397
0.947418
3.435726
3.430004
3.379803
-1.841911
3.483944
-0.016729
-2.890348
3.114982
3.212001
2.311546
-3.324583
3.409859
-3.212541
-2.617334
2.960904
1.264924
-2.302031
2.387379
3.040086
2.864565
2.607833
-1.986018
3.231427
1.104039
-3.515518
3.141549
2.915774
-3.014243
2.973325
-1.897459
-2.687020
-2.917144
3.571519
-3.454505
2.254234
2.698675
3.299163
0.586484
-3.068414
-3.339994
-3.322459
3.322197
2.394491
-3.230971
-3.031124
3.491493
1.480360
2.943788
3.121842
-3.055392
-3.314028
-1.931285
3.120790
1.122033
-2.686252
-2.434513
3.618060
-3.345389
3.605844
1.852923
-2.750008
2.704323
-3.241379
-2.930174
1.929962
-3.156957
-3.099013
-2.391584
3.116853
-2.611644
3.529831
1.917174
-3.015180
-1.972733
-3.379516
-3.088491
3.061086
-3.368574
0.971205
-3.102546
2.874846
2.561484
-2.689967
3.436040
-3.439975
2.573457
2.073261
-1.155029
-3.101586
3.448079
3.394579
-0.094125
-3.282781
-2.277083
-3.676238
1.837829
3.070594
-1.710825
-1.313740
-0.303547
-2.627997
2.901845
2.818963
2.302904
3.510930
-0.247203
3.792483
3.173851
-1.553409
2.739264
-3.499213
-3.247392
-2.139970
3.083641
0.533339
-2.151956
3.248572
-3.140229
1.100788
2.049493
-2.384783
1.765525
1.965484
-0.377214
2.325648
1.727769
3.504793
3.497880
1.765031
-3.220741
1.422765
-2.955001
1.307775
-3.339492
3.100736
2.235766
-3.157072
3.989801
2.993094
2.476030
-2.912977
-3.522882
-2.782800
-3.520647
-3.031983
3.193120
3.956510
-3.230191
-3.424773
-3.556952
2.382216
3.369378
-1.860221
-3.125014
2.264046
-2.641638
-2.782972
1.686525
-2.523293
-3.263003
2.800546
3.601264
3.157520
3.441531
-3.392979
3.151592
3.511929
2.814261
-2.867199
-3.111815
3.434261
-3.232803
-3.212905
3.706546
-0.245742
3.366114
-3.036787
-2.405438
1.255843
2.482334
-3.389407
-2.158322
-3.136885
-3.085990
-3.333235
3.203539
2.822547
-3.502873
2.427068
-2.354701
-2.903746
-1.297937
3.584492
-1.421004
-0.823271
3.056142
-2.647883
3.416194
3.792345
-1.947864
3.312948
1.058824
-3.428479
3.588619
-2.565616
-1.341515
3.538776
-3.675702
-3.236216
-2.645502
-0.081286
-3.060332
3.120640
3.168960
-2.424740
-3.585285
2.865518
2.820375
2.549170
-1.381524
1.224932
-3.449076
-2.914721
1.936156
3.546944
-3.011209
3.282198
1.503589
-3.213940
-2.350978
1.445372
2.817410
3.165232
2.811487
2.947042
-0.921092
-1.060447
-3.262876
-1.765978
2.668942
1.085124
3.593188
-2.832064
-2.103557
2.422193
2.787340
-3.915816
3.551680
-3.034260
-2.052081
3.216525
-1.488346
2.913430
-1.861168
-3.195474
-2.961812
2.634358
2.100678
3.434476
-0.714389
3.327549
0.134505
1.789165
0.747500
-3.599108
-2.931577
-2.325067
-0.921433
0.763997
-1.253941
1.380817
3.719730
-2.683852
3.032309
3.350486
1.224055
-0.865279
-2.965209
-3.144452
2.824094
-3.189230
-2.671642
3.247355
2.541486
-1.648313
-1.922386
2.954929
-1.746007
3.017454
-2.556935
2.426543
2.478064
-3.117734
2.549154
1.468554
3.578174
1.779312
-3.395578
2.562754
3.477737
0.045901
3.287451
-3.237632
3.158863
3.469394
2.671255
-1.229494
-2.731428
0.311158
-3.445675
-2.140669
-3.290809
3.172047
2.743551
3.182379
-1.273669
3.302806
2.151644
0.031730
1.812387
-2.866562
1.575710
3.474328
-3.128724
-2.915690
-3.109484
-3.987771
-3.306242
1.384894
2.701656
-2.152832
-2.979401
3.370563
3.983283
0.049763
-1.713246
-1.490153
3.966424
-0.930115
1.229916
2.315272
-1.811821
-3.596197
3.469062
3.476874
3.176916
2.375971
2.958321
-2.804915
2.266796
-2.683127
-3.092861
-2.984658
-3.198703
1.867086
-3.230715
-2.528857
-2.142544
3.314413
-3.632868
3.780150
1.147810
3.422085
2.862661
-3.058380
-2.574649
3.325817
3.068117
-1.828833
-3.765122
-2.450272
3.389689
3.287029
-3.627573
-3.531091
2.685270
2.848086
-2.281786
-3.086030
3.330396
3.098385
3.403034
1.561788
3.211361
3.708557
-3.079303
3.257508
2.217103
3.304199
2.640060
0.866188
2.866513
-2.261576
3.261383
3.490441
3.454068
-3.184101
-3.198882
2.447240
-1.453745
2.325942
-3.313439
2.648306
3.378735
-2.883284
-2.715196
-3.545046
1.076107
-1.103863
3.174903
3.458257
3.460494
2.394316
1.084492
-0.567863
-3.127544
-2.446535
-2.410242
2.214857
2.752115
3.369681
3.946358
-3.427595
3.332329
-3.298852
3.221566
3.988202
1.112992
-2.104108
3.616973
-2.221150
0.828711
3.069090
-1.795165
3.444317
-3.339131
-3.294882
-3.453819
-3.241424
2.699713
1.709384
2.650352
-0.631222
-2.817712
-3.004624
-2.864371
-2.536820
2.226622
-3.149020
-3.613921
-1.234414
3.604701
3.045609
3.633407
3.220571
-2.743592
-2.290556
1.337244
3.975236
3.610346
3.106600
-3.571805
-0.241656
3.190030
2.466163
1.704442
3.437797
3.219197
-2.835184
-1.626249
2.504794
2.670420
-2.775090
-3.134741
-2.144569
3.418435
-0.957454
0.206885
3.645959
3.308860
2.439149
3.206156
-3.465963
0.905364
3.407701
2.871801
3.477117
2.301130
1.691396
-3.046183
-1.722517
-2.953255
3.017255
-3.161784
3.058433
3.285674
2.263557
-3.430882
1.221521
-2.381184
-2.077309
-1.566705
-2.488739
-3.246221
-3.316297
-1.898005
1.861607
-1.187626
2.073883
3.184550
2.596745
0.485278
-3.261696
3.630849
2.586480
2.815802
-2.890203
-2.929369
-3.059969
2.931470
3.814956
-2.253706
-2.553885
-3.307507
3.117435
3.699913
-2.668955
2.791703
3.147590
-2.891720
-3.346265
2.510809
-3.489296
-2.800756
2.561529
-1.850755
3.594880
3.492834
-2.362718
-1.149860
3.142151
2.949916
-3.176634
3.638854
2.928289
3.536411
-1.015674
-3.673298
3.351220
-2.260907
-3.967185
-2.236802
-2.695812
-0.043155
3.760092
2.768423
-2.958557
1.653837
2.819168
-1.347312
-2.081308
-3.750725
2.870229
-1.961780
3.349912
-2.613703
-2.862738
-3.279743
3.899224
1.251516
3.245307
2.616091
1.813280
1.920973
-0.039768
3.571264
-3.475265
2.421652
2.551320
-2.833433
-1.218895
-3.044127
-1.691926
-1.300530
3.065241
1.761802
-3.465997
0.146363
0.820687
2.871900
1.721069
1.493972
2.199243
1.342886
-2.957059
3.626573
1.192212
3.563070
-2.206099
-1.061206
3.446095
3.425533
2.903462
3.316401
2.418856
2.652446
-0.152049
-3.227945
2.657732
-0.111679
3.248116
3.242979
-3.246318
-1.467951
-1.197988
-2.787619
2.805196
3.533331
-1.948679
-2.651095
-3.258415
-3.051823
2.741130
-2.753351
0.220739
3.289469
3.409875
-3.067388
-0.158989
1.327253
0.649063
-3.867014
3.258356
2.976130
-0.071342
0.670233
2.620369
2.639431
1.614777
-3.562621
-3.315383
2.706545
2.777836
1.761742
-2.917485
-3.342647
-1.924121
-2.288296
2.407359
3.035186
1.935498
-3.064484
3.866106
2.169818
-3.653041
3.206592
-1.503024
3.185375
-1.762995
1.527097
-0.076410
3.715353
3.555637
-1.550681
2.824764
-3.539767
2.185716
-1.891103
-1.689502
-2.850485
-3.266920
-3.504507
-3.091058
-2.857937
3.650393
-1.457309
1.407719
-3.047215
3.161096
3.428920
3.469640
-3.340936
-3.284374
3.171821
-3.256454
-3.050763
0.147618
-1.638429
-1.485753
-2.691613
3.189443
-3.320264
-3.271244
-0.374444
3.055698
3.503404
-1.300851
-2.380780
-2.647020
3.237216
-0.036306
3.300233
-3.266099
3.729443
3.366363
0.923296
-2.576597
-3.518614
-3.209912
-2.986345
-1.764591
-3.036117
2.461250
-3.338253
-2.015790
3.544601
-2.975774
3.296652
-3.336706
3.173371
3.102253
-3.524659
-1.803554
-2.879409
0.853801
-2.633664
3.436070
-1.905786
-2.997267
3.346934
-2.250534
0.986384
-2.461215
-3.350085
2.971916
3.246552
3.340690
-1.128833
2.163573
2.925534
2.786655
2.601292
-2.296606
-3.109853
3.330656
-3.589608
