4.000000	0.400000	50	0.100000	ARCHIVOS_REDES\ER\ER_686.txt
-0.475527	2.775309
-2.733990
3.697574
-3.450959
3.180830
-3.435671
-3.612107
-3.404358
-0.461948
3.302990
-2.475101
2.828257
-0.120567
2.119586
0.122364
3.308933
-3.604033
-3.388947
-1.086009
-3.518528
-3.793675
0.085572
-1.886696
-3.261289
-3.043187
3.060507
3.210468
2.109826
2.710948
0.415498
-3.274387
0.365495
-2.681642
-2.551753
-3.314897
-1.162057
-2.332445
-3.386707
-3.120852
-3.233296
-2.315670
1.714993
1.614405
3.432109
0.949196
3.357762
-3.238723
-0.870413
-0.138541
-3.532019
2.014769
-2.570795
3.122148
-1.516596
-2.108335
-2.688314
2.323929
-3.116492
-3.090406
-3.964371
-2.542628
2.250518
1.474918
1.058295
-1.958519
-3.262070
3.314123
-2.261071
-3.594990
-3.439641
2.893849
-1.754904
-3.584828
-3.756534
-3.648646
-3.503873
3.233880
-1.368615
2.723755
-2.376282
2.856548
3.081226
3.245640
3.188776
2.653902
2.527279
3.295493
-3.380130
2.103588
2.492322
2.685004
-3.489028
-2.181363
-2.504499
-0.732869
-0.402025
-2.634317
-2.504673
-1.776614
-2.550438
-3.506335
2.141741
-1.981397
-2.977399
-3.167898
3.523316
-3.643353
-2.669583
2.232106
1.639336
0.465941
3.142947
-2.980873
3.467347
1.798322
2.667649
-2.925435
-3.095798
3.911944
-3.588697
2.869192
-2.686384
2.745751
-0.968841
2.407497
3.241798
2.752541
-3.061081
2.317225
2.042237
3.101131
3.218131
3.135288
-2.779762
2.692718
-3.060789
-1.668319
-0.683736
0.933049
2.922727
-3.988203
2.187534
-3.340163
2.491719
3.421629
-0.868975
3.277005
-1.483383
-3.421080
2.986712
3.343205
-3.060672
3.238382
2.932090
0.224392
-3.633183
3.038853
2.901355
0.475422
-3.022384
1.453596
2.870412
-3.004371
-3.522148
-3.169439
-1.653841
-1.003746
-0.814001
-1.706536
3.348823
-1.342186
-0.366602
-3.521222
-1.960566
-0.317693
2.094180
-3.972217
-3.754813
0.088367
-2.429338
0.390809
-3.605107
-3.355999
2.278376
-3.357695
0.492048
-2.765407
2.658916
-3.422368
-0.837153
-2.809098
-0.492275
1.566555
-3.601524
-3.632915
-3.643121
2.696202
-3.934076
1.629140
-3.236267
0.320939
-2.949210
2.454208
-3.752976
-3.329105
-3.579745
1.912880
2.604720
2.711138
-2.291530
-1.976284
1.421151
-3.168910
-3.874558
-3.914634
-2.787232
3.016096
-3.360806
-2.711268
1.630383
-3.202725
-3.579096
-3.410322
-0.579209
-2.365028
-2.007043
-0.114254
-2.182358
-0.204992
-3.562469
-2.835348
-1.888179
2.106790
3.392065
2.617835
1.941377
2.887998
-2.907266
-3.713318
-2.647435
-3.506955
-2.018778
2.109610
-3.356583
0.409398
2.825360
-2.525995
-3.635260
3.003055
1.270527
-3.351559
-3.170129
-3.299487
-3.352082
-2.282350
3.129651
-2.927294
1.288792
-3.352552
-3.250442
3.169309
3.375898
3.181403
-3.184596
2.207470
2.667180
-1.760710
2.815223
-3.186547
-2.462561
-3.959246
3.553426
2.233023
-3.435374
3.334942
2.925909
1.330493
-2.056596
3.651678
-3.516999
-2.374666
3.254212
1.707967
-1.959725
2.955874
-1.421077
2.109103
1.592349
-3.485300
-3.594103
3.194180
3.290063
-2.713058
-0.154487
-2.650104
3.015926
1.932581
0.901867
3.303365
-3.540385
-3.500135
2.714757
-1.100700
-3.559903
2.757780
3.846843
-3.634996
-2.760417
-3.637856
-3.250231
-3.419221
-2.134836
-2.787419
-3.322010
-0.233579
-2.074884
-1.777714
2.867293
-3.504754
2.148365
-3.326587
3.020240
2.297018
2.534696
-3.141811
3.235914
1.393260
-3.455396
-0.701095
-3.609031
3.836426
-2.337427
-2.436667
3.130482
-0.256119
2.639491
-3.412682
-3.125479
-3.449776
2.002309
-3.536243
-3.618456
-2.479458
3.368422
-3.515798
-3.079410
-3.339353
-2.491112
-3.051179
2.769251
3.471013
-2.286949
-1.454809
-3.109841
-3.082207
2.715368
-2.885692
2.657554
3.957107
-1.605476
2.425187
-3.706155
-2.801718
-3.516446
2.138029
-3.712802
2.213903
1.937246
-2.414815
-1.793014
3.146617
-3.513320
2.469313
-2.495708
2.897620
-3.652724
-3.426990
3.498209
2.795971
-1.445744
3.297738
1.203027
-1.785821
3.279404
-0.564463
3.375709
0.426377
1.574432
2.886526
-3.058372
-2.219730
-2.178627
-2.802690
3.363821
-2.665708
3.281640
-2.434429
-3.275997
-1.566602
-3.071179
-3.301844
3.129668
3.813478
-1.286700
-3.306898
2.862500
2.647674
-2.880824
-3.425892
2.158875
-0.159444
-3.310833
-3.530863
-1.208717
1.548452
2.876278
3.185880
-2.526487
-1.917880
2.718135
2.923040
3.125913
-3.373689
1.419896
-2.958708
2.008691
1.424460
3.087496
1.825363
2.425143
-3.109132
-2.861986
3.559048
1.489672
2.136700
3.306462
-3.639878
3.398022
0.487346
2.471521
2.483855
-0.823356
-2.759665
-3.600019
-2.461677
0.571273
3.669334
-3.315306
2.360829
1.388121
-0.049766
2.432619
-3.547301
0.140927
-2.810993
-3.701827
1.063566
-3.651101
3.238124
1.110632
1.371078
-3.296588
-3.197329
0.169502
0.434228
-2.727117
3.070723
-2.617019
-3.521412
2.615681
1.523754
-3.286070
-3.637750
-3.487104
2.805150
-3.538004
2.594407
3.173330
-3.638058
-2.321982
2.831814
-3.213807
3.145652
3.277033
-3.394742
2.990911
0.826529
-3.711261
2.906051
2.004561
-3.450161
2.397188
-2.632559
3.077349
-2.716196
0.622701
-3.108882
-3.441282
2.121767
-2.281025
2.233239
-3.941138
-3.461089
-2.423518
-3.605137
2.777561
1.534309
-1.904687
2.603042
-3.688628
-0.885210
-3.467803
-3.688008
-0.850768
-2.660385
-3.549035
3.150309
-2.919872
-2.236198
1.878759
3.229763
3.156409
3.019604
3.321294
3.004520
1.868617
-2.800884
-2.885254
3.440663
2.722246
2.669365
-1.191161
-2.623952
-2.905092
3.563508
-3.317746
2.087486
-3.742751
3.313671
1.797764
3.359141
2.534358
-1.135234
2.450693
-2.260316
-2.959959
-3.758558
-3.512274
2.084957
-3.027363
-3.117773
-2.991775
2.948271
-3.224489
3.150160
-3.659097
-0.123005
-3.292883
3.337614
-2.276746
-2.786083
-3.787807
-3.250323
3.672914
-3.677155
-3.376634
-3.577865
-0.755473
-2.910010
-0.711147
-3.504901
-1.832114
0.685058
-3.435444
-3.567231
-3.429839
2.641853
-3.777662
-0.195384
2.628731
3.015970
2.609630
2.385219
-1.485725
3.039366
2.996510
-3.949033
-3.989480
-1.922483
3.343519
2.804047
-2.511370
-3.183090
3.551270
2.934011
-2.084070
-3.174196
2.890269
-3.459245
-3.541432
-2.509365
-3.663694
0.849780
-3.113552
-3.337075
-2.204907
0.235055
3.382739
3.073021
-2.330326
2.525246
1.777342
3.621489
0.684145
-3.779435
3.042122
-2.872997
2.795096
2.632621
2.551113
2.723065
-3.237777
2.829117
2.949055
3.386212
2.483654
-3.482118
-3.982991
-3.242556
3.014810
3.421092
-3.613805
-3.055289
2.726537
-2.876579
-3.642484
2.995970
1.761421
2.284877
-3.031520
-0.088260
1.857238
-3.579712
-3.306236
3.257026
-3.381020
-2.228302
-3.503845
-1.849032
-3.644390
-2.476018
3.636824
3.645016
-1.324225
-0.849291
1.358675
-3.327111
-0.054210
-3.058677
2.174769
-2.309544
-3.227787
2.907099
-2.786407
2.537374
3.198123
-3.239989
0.120325
-3.119725
2.865886
-0.519885
2.536064
-0.096181
1.052523
-2.923422
-3.427555
-3.360841
-3.610638
-3.489916
-3.431250
-3.413943
-3.592057
1.181231
2.015257
-3.241099
1.767287
-2.834139
3.018760
-1.365078
-3.669604
1.595349
-3.058955
3.443514
1.453653
-3.293779
-2.118387
-3.622138
-3.267399
-3.523942
-3.554201
1.594364
-3.437795
3.305026
3.351935
2.834362
-0.072180
2.871460
-3.870678
-1.956954
-3.150574
-0.658579
3.213938
-3.936714
-3.987362
-2.106286
2.168793
3.430682
3.261810
0.575046
-3.247668
3.784054
-3.127819
-3.321514
2.741270
-3.620842
3.555590
-2.013266
2.544179
2.851870
3.304206
2.884390
-3.214868
1.050690
1.864538
-2.207067
-1.414164
-3.318424
2.769036
3.252163
1.604488
-3.261829
2.343470
-3.157572
2.836855
-2.971589
2.269416
3.980258
-3.171248
-2.372995
-3.530307
-2.870067
3.347445
2.063334
-2.454850
3.321649
-3.405067
0.489857
1.991740
3.115377
-2.968316
0.388568
2.404990
2.622795
-2.820585
3.329807
-3.568028
-3.146039
-1.749441
2.460523
-2.596452
2.139430
2.939857
-3.108523
-2.626255
2.953356
-2.143818
-3.232549
-0.574968
-3.567713
-3.603451
-2.460280
-0.860400
-3.497824
-2.638446
-3.461801
-3.483674
-3.176469
1.432075
1.841271
3.083915
-1.556597
3.511798
3.034987
-0.338529
-3.482550
1.212813
1.900384
-3.108845
-2.930052
-3.231208
3.200384
-3.989358
-3.077049
2.957414
-3.132446
3.324298
0.320450
-2.225580
-3.436623
0.717846
-1.593668
3.194289
-3.682261
2.241818
-3.124886
3.390734
2.830278
1.871922
2.186973
3.108279
-2.934428
1.857017
-3.136387
1.594556
-1.352760
1.192180
2.248212
-1.716527
2.993765
2.909240
-3.261670
2.596027
-1.741529
-3.012038
1.767793
-3.502461
-3.606383
2.887049
-3.483129
-2.849782
2.643859
3.527125
-3.314683
-3.485833
-3.589577
-3.522002
-3.014469
-2.110728
3.098447
-3.622326
-2.383923
-3.660712
-3.522832
-3.135974
-0.411128
1.127906
1.927642
2.277952
3.170384
2.483743
1.665666
3.093607
-3.903813
-2.613321
3.126386
-2.533447
-3.716384
2.922261
3.207885
-3.205403
-2.973292
-3.292690
-3.385368
3.509874
-3.567310
-3.085535
-3.068387
2.742311
2.475082
-3.365460
-3.112823
-1.735301
1.588379
3.388365
-3.939563
-0.744781
-2.694604
3.360039
2.842411
-2.519364
2.937196
2.129110
-2.657204
-3.249364
-3.626817
3.660086
3.181987
3.040178
-3.545375
-1.546391
-2.795869
-3.127208
-3.595202
-2.832930
2.210403
2.999351
-3.511201
1.551468
-2.989895
-3.005720
2.589662
-2.853420
-1.986015
-3.391251
1.915802
3.244748
-3.069629
-3.604705
0.340645
2.072867
-1.766292
3.250444
-2.812278
1.782302
-3.302884
3.157938
2.666781
3.390900
-3.011279
3.023538
-3.444070
-3.170652
-2.213790
-3.864033
3.345260
3.512847
3.475426
2.968129
2.979866
-3.418119
2.648880
2.658587
3.611592
2.853719
-2.694685
-2.533257
-1.930571
3.196437
-2.831667
-3.988921
-3.550151
3.045863
2.702032
-3.654580
-2.841159
2.029350
-2.381853
-1.120720
2.636642
1.980430
3.255778
1.575359
-3.525760
2.738928
0.135040
-3.460309
-3.149103
3.559400
-3.704952
-0.986199
3.044678
0.287302
-2.972007
2.775050
1.488417
2.046183
2.832715
-1.049629
3.028196
-2.996366
-3.180333
2.631613
-3.189135
3.308656
-3.303819
-3.569862
3.267172
-0.827029
-3.563958
3.028531
0.783787
3.003067
3.612519
-2.779070
-3.634734
3.044435
-3.102854
-3.678138
-3.076870
3.129847
2.966324
3.930410
0.807704
-3.348307
-2.915912
3.154887
2.241925
3.819762
3.018367
-3.136105
1.722988
-3.962064
-0.271107
2.552487
-2.912116
-3.270382
2.000843
-3.141956
2.876701
-3.628351
1.671707
2.873612
-3.579087
-3.889787
2.412156
-2.304802
-2.626617
0.789114
-1.314971
-3.545361
0.967799
-2.690319
2.210222
3.253455
2.813865
-3.501682
-3.710716
-1.720376
-2.515598
-3.279260
3.002928
-2.262498
2.746480
0.382720
3.171853
-3.365988
-1.204077
0.460292
3.410171
-2.716135
3.379074
-1.843499
3.058146
-3.642183
-2.824086
-1.953021
3.463890
-0.596247
3.007702
-2.386112
-2.107244
0.991777
2.803681
-2.828355
3.540683
-3.434863
3.045142
-1.017058
-3.522102
2.253518
1.072701
0.259213
2.567175
-2.990310
-3.447862
1.918065
-3.099423
-0.133641
2.155585
-1.539950
-3.533526
3.046484
-0.087715
-3.365889
0.795738
-0.679708
-3.519814
3.156339
1.082161
3.156525
-3.720352
3.909534
3.148335
2.957689
-3.494313
-2.190419
2.877107
2.681721
-1.201688
-2.685602
-3.695711
2.229193
-3.213343
-2.592525
-1.097600
2.975290
-3.375477
0.311358
3.224994
1.649835
-3.454485
-2.306145
2.784886
3.098026
-3.826210
3.544157
3.136034
-3.962518
1.132353
-3.195616
-2.894269
-3.590260
-3.989281
-2.271259
-1.821621
-0.508497
3.413085
2.892973
-3.228513
-1.806880
-3.032007
-2.166017
-2.884556
3.436961
-1.799343
2.893905
2.680831
-3.472313
-1.681822
2.786876
-3.449058
-2.898223
3.008652
2.788481
-3.384409
0.189933
-2.550193
-3.580492
-0.686275
-3.647807
-3.971268
-2.811948
1.790541
-1.851234
-3.437652
0.689535
3.101153
-3.158845
-3.980953
-2.429344
-3.590197
2.430814
-3.425178
-3.349476
-3.987266
-3.242399
-2.472618
3.124721
2.369873
-2.791110
-2.947613
3.250483
-2.752278
-3.748217
-3.960166
1.601880
-3.849168
2.353751
3.491534
-3.128772
3.585389
-0.955142
-3.543826
-3.615573
-0.259416
-3.800859
-1.399635
-2.807256
-0.535901
2.944039
2.547407
-1.183272
3.100105
-3.434306
-3.435641
-2.560523
-3.122210
-1.808929
-1.088788
-3.213796
-2.225267
-3.048515
-2.891242
3.395940
2.681515
-3.260077
-2.743628
0.983077
-1.329375
-3.403220
3.307588
-1.889189
-3.974167
-2.943609
1.759073
0.085792
3.178618
-2.884430
2.139621
2.479233
3.545932
3.381448
-3.236185
-3.547110
-3.311089
3.126790
-3.348486
-3.470354
-3.485994
-1.934088
1.223530
1.562678
-3.696890
-2.579905
-1.732353
-3.752910
-3.222581
-2.868179
-3.323041
-3.116971
1.131950
-3.355825
-0.159100
-1.326796
3.572071
-2.615781
2.038941
-3.084048
-3.133245
3.182916
-3.407918
-3.691573
3.967226
-3.445675
-2.836381
2.836509
-3.379862
0.818112
-2.005576
-1.272881
-3.837721
2.302513
3.011146
2.310678
-2.991235
-1.125529
-3.208073
-2.451847
-0.050419
-3.734120
-1.262100
-2.866605
-3.862327
-3.170754
-3.416693
2.507930
3.021564
3.291051
2.712236
3.100675
-2.258448
-2.718370
3.368846
-2.648842
-1.238276
-2.584034
-3.172885
-3.416686
-3.344840
-3.270841
-3.521096
-2.824476
-1.135796
-3.128136
-3.686827
3.026136
2.789631
3.259053
-1.510347
2.848646
-3.392119
2.321709
3.165319
-2.670619
2.110171
-3.107952
-3.066298
-3.288593
-2.833444
0.676260
-2.992496
-3.351296
-2.471158
-2.597295
-3.178619
3.577761
-3.399293
-3.444243
-3.000438
-3.408783
0.177518
-0.971762
2.724135
3.213272
-2.035268
-2.640378
-3.182171
-3.275657
0.090636
0.510275
2.334462
-2.968498
-3.167644
-3.500099
-3.483689
-3.069585
-3.151507
-0.611249
2.615904
-0.711674
3.237543
2.639495
0.251145
-3.460946
2.301844
0.484166
3.322728
-0.689248
3.954613
1.884742
-3.577840
-2.898267
2.915619
2.838588
2.854384
-3.252846
2.282765
-2.993954
2.666775
3.660752
-2.865404
1.580426
-3.678320
-2.747479
0.523418
-3.024145
-0.071083
-3.973638
2.731356
-3.052729
-3.571933
3.567883
2.598772
3.036157
-1.195083
2.781834
-3.643078
-2.468297
3.310538
3.207885
-3.205686
-3.449735
-3.246428
-2.856916
-2.929066
0.891374
1.603973
3.075065
2.387786
-3.359371
-3.254395
2.495252
-3.179060
2.521957
1.664069
-3.261076
2.995241
2.481164
-2.363724
1.509386
-3.140029
3.332030
2.842061
1.421831
1.017886
2.756810
3.056844
-0.385090
3.370450
-0.648846
-3.247560
-2.629978
3.267501
-1.486488
-0.326861
-2.781688
3.266533
-3.065375
3.452528
-2.073616
-3.541029
-0.515197
-3.627777
1.950142
-1.738187
-2.861268
-3.971396
-3.551727
1.009212
-2.615494
1.193009
-3.462646
-3.488951
3.456389
2.774806
-0.753499
-3.614821
-3.498639
-3.474737
-3.625946
-3.468462
-2.030080
3.310702
2.950995
-3.121462
3.490722
-2.662650
-3.523382
-2.642508
-3.150911
-3.711228
-2.556261
2.921508
-3.467675
3.880852
1.560575
-3.116424
-3.202556
2.472336
-3.421492
-3.363800
-2.800042
-2.756135
3.084287
-2.829358
-3.040128
3.667217
-2.465212
1.526213
-3.362457
2.905407
2.363005
-1.382960
-3.572966
2.939304
1.811064
1.468765
2.228454
-3.500411
-3.635252
2.277256
0.888754
1.593229
-2.796928
3.415514
3.450864
2.996166
-3.199565
3.667562
-3.366443
-3.302305
-3.432444
-2.893098
-2.029087
-3.665289
-1.635087
2.870797
-2.728418
1.944360
1.512216
2.923766
2.971125
-3.152087
-3.394962
-1.178547
-2.371262
2.762593
3.046792
-1.473252
-3.689807
-0.056932
-2.929841
-2.908147
0.112031
-3.188106
0.755405
2.145284
3.170734
3.429201
-3.711673
-2.743958
-3.290708
3.186133
-3.247484
0.097629
-2.959157
0.386921
-3.703535
3.259082
-0.080475
-3.358935
3.100847
2.945714
-1.707483
0.245970
3.055430
-1.717302
-3.963716
1.644030
-3.675413
-3.535251
-3.885979
-2.848787
-3.405564
3.099584
0.980734
-3.707736
2.992258
-2.423237
-2.790005
3.182576
-2.051929
2.630526
-3.195929
3.195057
2.725141
-3.562228
2.670980
-3.169260
-2.548912
2.087148
2.333759
-3.655676
2.990099
-3.666681
-3.590919
-2.107324
-2.697777
2.791375
1.281800
3.383072
1.504068
1.012014
-3.154981
-3.978732
-3.424642
3.280605
1.539379
3.155884
1.353664
-0.003366
-3.008552
2.533426
3.028515
3.150710
3.250751
-3.400237
2.517417
-3.326877
2.763388
2.449845
-0.636069
-3.439176
-3.185802
-2.897515
-2.166116
-3.636393
-3.495663
-3.543236
-3.603580
-2.140861
-3.754585
-3.383171
-3.291497
2.438440
-3.237225
-3.390971
-3.397371
-3.310575
-0.922902
3.085154
-3.538935
2.210634
-2.752622
-0.253085
-3.587156
3.297122
1.774630
-3.738323
3.845770
-3.457589
-0.327872
2.610112
-2.731918
1.365365
2.355316
-2.803045
-3.489259
2.768608
1.988555
2.708101
-2.155685
2.623888
-2.824957
1.769196
-2.690804
2.871065
-3.325168
-1.376241
3.195075
3.405869
-3.902000
2.838173
-3.670540
1.012502
2.938000
-2.777699
0.504669
-2.259166
1.417189
0.852138
-2.168897
3.116397
-3.281192
3.482255
-3.302853
0.091487
1.695689
-3.485609
1.903445
2.931725
1.401419
-3.347731
-3.407948
-3.599018
3.210685
-3.324873
-3.522098
-0.830390
-3.561496
-0.051250
2.779257
-3.965197
3.824773
2.924910
2.991315
2.665968
-2.540176
2.904369
-1.660478
-0.278626
-3.561148
-3.576722
2.864938
3.558329
-1.114211
-1.472677
-3.415608
2.775669
3.395134
3.410777
2.913028
3.000058
3.524306
2.038064
3.295158
-3.661390
3.623901
-3.093124
3.283735
2.641279
-3.306570
-3.097261
-3.233369
-2.844684
-3.293853
0.872447
-3.101635
2.471993
3.054125
3.000415
3.144342
-3.525041
-3.200647
2.911340
2.642183
2.030232
-3.842867
-3.672243
2.214386
0.995634
-2.032635
-2.717375
3.307067
1.042811
-3.647344
-3.292981
2.722957
-3.339083
-1.398105
-3.459094
-3.695130
-3.292789
-3.517571
-2.637181
-1.583292
-3.497640
-3.242669
3.316731
-3.384441
-3.271631
1.971231
0.209906
-2.673222
1.918173
2.840374
1.680344
3.551752
3.107127
0.668533
3.036125
1.461961
3.328434
-3.280457
-1.733494
-3.546738
-2.596460
2.806224
3.003844
-3.565350
2.204243
3.056029
-1.938773
3.942296
3.093242
-3.232397
3.204292
-3.148748
-3.111579
-3.334807
-2.487448
2.986128
3.360019
-3.592170
2.883604
-3.975481
1.347850
2.522180
-3.324647
3.418584
3.031667
2.657115
-3.489027
-3.559419
3.337000
0.946754
2.504506
-3.624425
3.162266
-3.182282
2.835711
-3.274720
0.936610
-2.798769
-3.443525
3.140161
-3.557389
-3.094695
-1.855203
2.857568
-3.037965
-2.930837
2.203527
1.340652
3.203395
-3.437428
-2.934838
1.788023
3.251081
2.494300
3.305068
2.876503
-3.594236
-3.200916
3.140698
1.660485
2.532065
-2.896873
-3.529412
-3.487427
3.648873
-0.722195
-1.385511
-3.307803
-2.664555
2.251385
-3.343672
2.430344
0.899635
2.815533
1.303536
0.495381
0.114238
-3.485914
3.326001
2.389435
3.005712
2.470962
1.935580
2.737702
-3.690308
0.513512
-3.865793
-2.891055
-2.483551
-3.358618
-2.586224
-3.180951
2.558944
2.980325
3.059412
-2.190158
-1.504154
1.742476
-3.726339
-1.505140
-1.796479
-2.769889
-3.567073
3.201004
-3.023222
-3.487003
0.622107
2.686528
-3.950896
2.837507
-3.181453
-3.914760
2.119968
2.277558
-2.626978
-1.465138
2.321088
3.414197
-1.534888
-1.715745
-3.662619
-2.994815
1.054467
-2.236587
1.512569
-3.476502
-0.907905
-3.271934
3.265564
-2.891541
2.812630
-3.186945
-1.916914
-3.271236
1.247267
-3.414697
-3.306658
-3.290873
-2.572369
-3.007492
-3.123422
3.419662
0.592055
-0.319666
3.012061
2.088808
-2.681657
2.580242
1.681073
2.487719
-2.323833
-3.283018
-3.149474
-3.416411
3.108229
-2.125532
0.181623
-3.774182
-2.883843
-0.631999
-3.096906
2.331093
-3.569345
-3.475482
2.485452
-0.605991
3.011319
-2.559947
-2.703400
-2.960935
1.112071
3.364351
-3.661838
-3.497311
-3.656401
-2.801515
-3.645712
2.285945
-1.327555
3.432255
-1.298764
-1.909136
-3.741853
-3.722018
3.129732
2.700861
-3.987245
1.124639
3.238223
2.841356
-0.777817
3.032150
2.858365
-3.075499
-1.215777
-3.458652
-3.249265
-0.759080
2.953610
2.738549
3.326519
-3.164735
3.404831
2.932878
3.007729
-3.657079
-3.386608
-3.180771
-2.118922
-3.335142
1.440721
-3.023524
-3.432861
-2.729476
3.558454
-1.427590
-2.429151
-3.562372
-3.665568
3.173871
2.508943
3.169897
2.726619
-3.460935
-1.666250
2.783333
2.661555
2.969842
2.481890
1.214049
2.671525
-1.501448
-2.557091
1.797521
2.449604
2.852789
-3.548649
-2.296341
0.831724
-2.354432
-3.448960
-1.910239
1.897542
3.438951
1.201410
-3.221559
0.968985
-1.451658
2.927730
1.093262
1.695514
3.271653
-2.912618
1.596613
3.152291
2.091436
2.572365
-3.849815
-2.802406
2.550837
3.172895
-1.817712
2.781350
-3.266149
-3.384399
-2.740827
-3.929813
2.864276
-3.529682
1.001403
-3.485792
-0.005650
-3.624255
-0.109535
3.522912
-3.639780
3.323807
0.323706
-3.222896
-0.847231
-3.230388
-3.031110
3.327363
2.108178
3.099022
3.184958
-2.887208
2.330194
-1.385455
-1.551688
2.131928
2.826709
-1.999170
2.166622
3.195185
3.060010
2.947828
-3.547597
-3.256199
3.164959
1.268566
2.517284
2.714928
-3.108214
3.236274
2.874713
3.047443
2.161228
2.784410
-3.072098
3.328016
-1.636032
0.709181
2.870883
-2.440894
-3.189307
-3.626344
-0.433456
-3.195192
3.024042
2.942738
-3.370860
2.662757
-2.472221
-3.455689
-0.094865
-1.554519
2.448255
-3.035491
3.312729
-1.272049
-3.332879
-2.863419
-2.035137
-3.386058
2.934859
-3.125736
-2.848434
-3.319794
-3.238585
-3.611815
-2.978432
-3.905498
1.286710
-3.377107
-2.531788
3.170538
3.405010
1.675119
-1.754866
-2.919344
2.427253
-3.618029
3.390569
-2.154943
2.760659
3.481807
-1.800031
2.334861
-2.942190
1.219573
-3.186434
2.710387
2.173465
-2.949148
1.164095
-3.242261
3.162058
2.985770
-3.682119
3.420432
-0.610212
-2.235314
-3.050786
-3.620732
-3.269979
-2.734669
-3.451592
-3.085017
0.947077
1.464215
3.217513
3.046910
1.713698
-1.667005
-3.583016
-2.505784
2.461193
3.516273
2.202684
0.318526
-1.579417
2.743195
-3.349066
-2.994762
-1.035769
-3.287134
-3.759598
2.152630
-3.120217
3.642858
-3.234648
1.436459
3.498336
1.030754
2.228657
-2.893681
-3.013804
-2.233556
3.160123
-3.076164
-3.486407
-3.324700
3.008850
0.014785
2.378558
2.025209
1.085878
-1.136392
1.433280
2.266868
1.580786
2.447622
2.994773
-2.901266
2.952126
-3.578798
-3.378362
-0.866599
-0.736621
2.617807
-3.141797
-3.643225
-3.328008
3.180004
2.704715
1.341329
-0.650118
-2.479941
1.123191
2.725430
-2.711535
-3.419309
-1.371720
-3.222799
-2.340115
1.564084
-3.695087
-3.958541
1.699019
-3.052855
2.897361
2.889005
2.400326
-1.911729
-3.353095
1.393543
-2.943727
2.753734
1.351362
2.532246
2.587489
3.005280
2.944752
3.387718
-3.063330
2.009643
-3.633785
3.144705
2.469646
2.010643
-2.749399
2.819724
-3.249180
3.524178
1.600930
0.003173
-2.854107
3.247054
-3.178922
2.541496
0.379288
2.288212
-3.506681
2.643338
-3.600282
2.421371
3.507183
-1.876765
2.927415
-2.588635
-0.148383
-0.795360
1.878813
1.713525
-3.374487
3.410279
-3.592485
-3.175237
-3.525343
-1.310447
3.911393
-3.563332
2.901316
0.935892
-3.414081
2.383620
0.237935
-3.425727
0.218768
2.128180
3.333083
1.969345
-3.572785
3.369315
-0.573909
-3.364298
-3.344653
-3.675013
3.116766
2.364928
-3.361300
2.941883
-3.079925
-3.167665
1.842991
3.144590
-1.230722
2.806785
-2.582685
-3.623772
1.137692
-2.823843
2.729907
2.754783
3.212226
-3.639458
-3.335584
-1.516128
-3.989372
-0.280381
-3.022552
-1.814533
-2.774938
3.132325
2.540894
-3.979130
2.490607
3.502495
3.284159
-2.971166
2.387055
1.481089
-3.437362
1.161387
3.218125
2.835883
2.869103
1.407416
-2.097436
-3.390533
3.073683
1.051729
3.607299
3.297812
-3.823097
-3.479616
1.633549
1.116778
2.288004
-3.197819
-0.831162
2.525949
-1.429036
-3.157559
2.120085
-3.732441
0.867939
-2.861931
-1.172869
3.480878
-3.661019
-3.454916
-3.702875
3.085284
-3.440510
-3.585214
3.266176
-2.678460
3.632176
1.813806
3.357582
1.907032
2.168172
3.255409
3.125306
-3.360293
-2.451597
3.486758
-0.108828
1.325933
-3.079018
-2.687475
-3.594481
2.178205
-2.715045
-2.793048
-3.587296
-2.859834
-3.572785
-3.266304
2.457293
2.582349
3.760048
1.634480
0.463733
-3.298678
2.928247
-2.942898
3.952031
-2.993272
-3.602186
-3.489332
2.668009
2.166859
-3.655439
0.072205
0.724857
3.154112
-3.509941
-1.914062
2.902234
3.323790
3.433151
3.385274
3.082172
-0.284902
2.755157
-2.265272
-2.457303
-3.777556
-2.403363
-0.165378
-3.516924
3.011023
-1.014978
-2.540022
3.258666
-2.627745
3.639217
-3.415309
2.917157
-0.414964
-3.467230
3.108885
-3.111749
2.908167
2.502575
-2.720813
2.740302
2.633801
2.631507
3.046052
-3.503869
-3.634414
3.355299
3.454210
-3.382426
-2.725102
-1.626083
3.298375
0.066103
-1.908015
1.901803
3.202012
-2.087684
-0.830694
-1.563105
-3.951807
3.363398
-3.619689
2.626460
-3.405329
-2.956485
-2.329656
-3.378616
2.251358
2.345316
1.446664
-3.931230
2.867537
-2.285010
-3.659988
-3.206061
2.263921
2.757910
2.679352
1.787052
0.114214
-3.599222
2.431787
-2.886202
-3.615797
3.458566
-1.338589
3.321294
2.513275
-3.050619
-2.671933
-3.881460
-3.016435
3.254866
3.377587
-3.484657
-2.378293
-3.018112
2.683436
1.024170
-3.485475
2.834218
3.289655
3.433395
-3.503108
-2.962382
3.293526
2.683949
2.502002
2.440420
-1.602966
1.135779
1.871193
-2.706196
-3.214566
3.295632
-3.417155
-3.631882
3.409246
2.865720
2.979179
-3.131106
-2.348881
3.254261
2.928475
3.304396
3.159968
-3.126122
0.997049
-3.262236
1.734966
3.464949
-2.974188
-3.325721
2.992791
-3.312150
-1.478180
1.733898
-3.332747
-3.582469
2.852285
-3.504625
3.283725
2.543114
-2.544886
2.789350
-3.596986
-3.148469
3.281550
-1.457466
-3.595013
2.244849
-3.272225
3.185875
2.971991
-3.308293
2.144930
-2.092134
3.405645
-3.246354
-3.102345
0.037987
2.696682
-2.529725
-2.102619
-3.590026
-3.551304
-3.492327
3.122018
-3.496930
-1.198818
-3.448747
3.358007
-2.513588
-3.178434
-1.504621
3.153458
-2.367046
-3.439840
-3.972093
2.828548
-3.247482
-3.088456
-3.367136
-3.473516
-3.127857
2.710600
3.341700
-0.864105
-3.776195
-3.216750
-3.276895
2.287076
3.044057
2.720378
3.542458
-3.481180
-3.166452
-3.391099
-3.559476
2.542046
2.404318
2.928564
-0.056443
2.745103
-3.532678
1.040179
-3.573817
-3.404058
3.004131
2.688734
-2.615066
-3.165526
1.299662
-2.336248
-2.762085
-0.718164
-3.972695
-3.124673
2.891341
1.704420
-3.057501
2.335767
2.335091
-1.669531
3.383780
-2.976239
3.057546
1.911194
3.087572
-2.939359
-1.868013
-3.062634
-3.145929
-2.972095
2.671000
1.172491
1.695537
-2.455791
-2.717969
-3.180587
0.337749
1.332830
-3.377664
-2.020801
3.182066
-3.745650
3.241768
-3.631766
-1.295222
3.275302
-3.642019
-3.500412
1.617737
-3.489977
-3.860195
-3.222729
0.157216
-3.541114
3.206873
1.656048
-2.268674
1.404342
-3.198684
2.985793
-3.714334
1.673992
2.717111
-2.272174
-2.551595
-2.871601
-3.048889
1.907956
2.117477
3.082911
2.786558
-1.242193
3.812367
2.871919
-3.452548
-3.485301
-2.310804
-3.411774
-3.039566
-3.293206
-3.657145
-3.165052
-1.924703
3.190798
-3.160663
-3.093519
0.444207
2.889241
3.226826
2.256706
2.899833
-3.649517
2.572067
2.680338
-3.957599
1.742724
-3.292205
-2.671726
-2.993331
-2.012285
2.790950
3.404112
-2.320168
-3.604993
3.062750
2.625477
3.437949
-2.722615
3.422815
3.532008
-2.208815
1.757384
2.953786
-2.637136
3.487762
-2.684061
-0.042497
3.414860
2.344447
-3.499446
1.348578
3.857243
-3.476636
-2.968198
2.626992
2.183376
-3.174162
-2.919001
-3.475411
0.168468
2.800612
-3.111786
-3.706756
-3.589136
-1.759502
-3.994488
0.587540
-1.142351
2.762244
0.812512
-2.565963
-3.680752
-1.651466
-3.219850
-3.073979
-3.181780
-3.562517
-2.972314
-3.675411
2.608137
-1.280598
2.767129
-1.841509
-0.797038
3.313697
2.864814
1.891967
3.295574
-3.462496
-3.295176
2.454587
-3.477246
0.979942
-1.424470
2.408670
-3.970363
-2.887395
-3.122904
3.191011
-1.734526
0.143597
-3.472292
-3.310202
-2.245176
2.954413
2.458375
3.032290
1.060342
2.540744
2.018773
3.107896
-3.412535
-3.280606
-2.905205
0.456258
-1.939539
3.319693
-2.898887
-2.869059
-0.958445
-1.846195
-3.660349
-3.687762
-3.570095
-3.430423
-1.508851
2.594239
1.618540
-3.180399
0.170267
2.685861
-3.667263
2.977973
2.884722
-3.063099
1.961843
0.441734
-3.824764
-2.036241
-2.776520
-2.068581
3.194348
2.318844
-1.924518
3.214231
3.027961
1.888016
-2.538897
2.786832
3.454021
-3.265707
1.578367
1.233726
2.679872
3.068553
-3.511196
-2.513296
2.876105
-3.462943
2.105186
0.981750
3.359388
-1.534322
-2.491455
-3.293887
2.427436
2.978565
-3.323010
-3.017168
0.909077
-2.836197
3.036760
-0.806434
-1.509390
2.899721
3.021098
2.854468
-3.040291
-1.912381
-3.391159
-3.415482
2.620116
2.680182
1.550876
2.492568
-3.448215
-3.162952
-2.549332
-2.930337
-3.610010
-2.865458
1.619804
3.112076
-1.706796
-3.303889
-2.253787
-3.579087
2.776422
-2.573789
3.509298
2.439815
-3.509075
2.139633
1.795028
1.505497
3.386315
2.714834
-3.443474
-3.321768
2.545297
0.787879
-2.877759
-3.541401
-1.773138
-3.610960
-3.370784
-2.071701
-0.583563
-3.428459
-3.513125
-3.617108
-0.023720
-3.154512
1.886958
-2.598065
-2.493308
-3.269222
1.937801
-2.741479
2.516584
3.033183
3.352565
2.904742
-3.338377
3.053134
2.059426
-3.682131
3.105339
2.483724
-3.745696
-0.712612
2.086733
-3.360667
-2.593246
2.351167
2.035594
-2.165963
1.518184
3.148652
2.929591
2.738795
2.827080
-2.157722
3.564382
2.170192
2.065332
-2.491309
1.417252
2.138217
-3.347427
-3.134037
1.896718
-3.713343
-3.572424
3.196311
-2.759769
-3.531190
-3.149588
3.199621
-3.912581
-3.534728
-2.647377
2.537805
-3.422962
2.024473
3.322238
0.247896
2.665667
-2.568332
-3.188806
-1.398030
-3.545357
2.593741
-3.173831
-3.602583
-3.531843
-3.491702
2.738165
-2.616522
-3.356709
-3.254493
3.181825
-3.537151
-2.902169
-3.450948
-2.945499
2.819550
2.571662
-1.933165
1.698628
0.565868
-3.054915
1.021402
3.439700
2.799897
-2.980726
-3.696791
2.716890
-3.523001
-0.276546
-3.475991
1.018901
2.797573
3.754057
-3.536691
-3.126075
-2.330875
-2.168059
2.269470
-2.985381
-3.398859
0.391220
-0.624011
-3.118480
-1.454199
2.498967
-2.785492
-2.123380
1.724810
2.758566
2.294873
2.022407
1.741048
0.927685
-3.086343
3.313084
2.381751
1.183489
2.439275
-3.614762
3.234679
3.124229
3.013227
-3.187692
2.511615
1.024791
2.947602
2.918105
-3.166160
-2.879580
-3.468170
-3.409353
-3.584172
2.988815
-3.698170
-3.629069
-0.886130
0.983893
-1.516065
3.348202
-2.276648
2.733844
-2.408450
-3.363574
1.432240
2.286367
1.309060
-3.532505
-2.695322
-3.972269
-3.133538
-3.307661
-2.088244
3.077023
2.816992
-3.541760
-3.458991
3.350267
3.958952
-3.172311
2.161058
3.246329
3.193668
3.425992
-3.641552
2.877664
2.430804
2.899407
-0.722965
-3.413723
-2.736971
3.220082
-3.062953
0.571983
3.065948
3.529788
-3.696501
-3.147697
0.143985
-3.591597
-1.136595
2.314070
-3.645521
-3.505062
-3.677544
2.919684
3.080717
0.238598
-1.062069
-3.762680
3.563177
-2.104089
-2.058304
3.178467
2.325217
-2.637088
3.466952
-1.810030
-1.094681
-2.130644
-1.850227
2.325434
0.851922
-0.663429
1.010547
-3.482836
-1.748582
-2.362015
0.829590
-3.158837
0.723169
-1.823156
2.757046
0.649089
3.228582
-1.476730
-2.758092
-3.015103
-2.827767
-3.474205
-3.387621
2.811818
1.462702
-2.724359
-3.312320
2.669107
3.516010
-3.421303
-2.259423
2.206785
-3.665838
3.435646
-2.881685
-3.314886
0.347481
-3.022720
-1.109348
2.161984
-3.572733
2.977435
2.498030
3.104544
2.794562
-2.776667
2.733471
2.914239
-3.566915
3.119773
0.403516
3.595416
2.908059
-2.802550
-2.987417
2.098778
1.818807
-3.199506
-3.448078
3.039430
3.137704
-0.458286
-2.372674
3.037610
-0.000000
-2.598029
-2.955501
-2.146860
-3.049189
3.012005
3.426082
-3.001113
2.060179
-2.965498
3.042410
-1.368659
1.887324
-3.299295
-2.193865
2.495622
-3.241767
2.889694
2.290033
2.069203
-3.290714
1.148191
3.171124
2.959134
-1.902950
-3.032677
-0.619617
-2.421822
0.658512
3.125045
-3.162976
2.923781
-3.281130
0.543401
2.135440
2.101090
-3.694398
-3.472712
-3.265054
-3.741119
-0.619421
-2.987262
1.632298
3.946059
3.313351
-2.267183
-3.346130
-3.490975
-3.554775
2.550263
1.588029
2.596199
-3.564914
3.187272
1.005135
-2.919401
-2.623520
3.315791
3.830215
2.794859
-3.983528
3.032123
2.948041
2.708354
3.678475
-3.700055
2.254027
-2.607258
-3.694164
-2.661102
3.145257
3.131294
3.221818
-3.614022
-1.531391
0.482983
0.668524
-3.166498
2.755720
2.407270
-3.399533
3.112614
0.121202
2.124056
-3.349352
-3.554632
-3.470727
-3.243091
-3.448997
-3.936330
-2.508920
-2.918530
-3.210614
-3.581665
2.630933
-3.332153
1.367095
1.773230
-3.228473
-3.145986
0.835136
-1.952512
1.638649
-2.803654
-2.084889
3.483810
-2.758366
-3.659715
3.431702
-0.647850
2.155559
-2.702698
-3.679124
-2.755462
-2.987342
-0.261311
-3.231144
2.214215
2.319506
-3.531582
2.863806
-2.126343
3.228471
3.107344
-3.439738
1.807374
-1.469357
2.461377
1.604968
3.499565
-0.760982
3.177521
2.605100
2.724367
-1.650393
-3.464729
-3.462205
-3.319625
-3.471543
-0.713631
2.853168
-3.734537
2.848605
-2.648981
-3.151087
3.257029
2.585164
3.857934
-2.791359
-2.677279
-3.706703
-2.784504
2.736495
-3.247577
-2.824079
1.872895
-3.307643
-1.407897
-3.229840
-2.912322
3.484419
-3.457136
2.491662
2.371461
-3.505266
-2.904573
-3.941930
-3.220067
-3.342956
3.325293
1.407825
-3.047203
3.658398
-2.227625
1.221229
3.637348
-3.376496
3.196427
-3.296922
-1.797082
-3.983739
3.300631
2.941335
-2.606457
-2.112585
1.862507
-3.474793
-3.679293
-2.840885
-3.454170
1.599405
-3.772855
-3.036386
-2.352156
3.215758
-1.666448
2.033355
1.906327
-3.580368
3.205941
-2.915425
-3.499738
3.027338
2.411415
0.995769
-3.481804
2.611547
2.384539
1.337013
2.144968
3.059140
-3.194393
3.275284
-3.029526
-3.459430
0.570016
-3.549842
-3.984012
3.021537
-1.846713
3.473299
-3.631246
0.396072
2.694403
-2.515071
-3.654174
1.017444
-3.652065
-3.416572
-0.995522
2.545929
1.806837
-3.407976
-3.175301
-1.018028
-3.721475
-0.871485
1.651838
-3.631953
0.389284
-3.479886
-3.955291
2.102916
-3.157807
-3.089570
-3.468936
0.117024
-2.811106
-3.124269
-2.930417
-2.734433
-3.638090
-2.274142
-2.603356
2.889292
-3.433570
-3.115827
-3.273097
-3.488899
-2.614067
2.720111
3.912851
0.187308
0.391837
3.185930
-3.309036
-3.656749
-2.485008
3.125069
-3.721158
-3.425641
-3.339998
-2.930431
2.738523
2.994500
0.665417
-3.563072
-2.990839
1.276165
-3.003660
-3.048781
-2.915419
3.007160
2.945492
-3.330944
-2.421547
-3.061822
2.570140
-3.922318
-3.680420
2.766789
3.052233
-2.080426
-3.269812
-3.539395
2.424323
-3.279624
-3.301498
-3.968074
-3.138672
3.004069
-2.096440
-3.265709
-2.219082
3.235236
1.925455
2.773232
3.080026
-3.083818
2.239112
-2.212387
-0.896682
3.046491
3.098463
-0.187217
2.846550
-2.722255
3.342181
1.549055
2.919312
-0.827139
2.663840
-2.483023
3.000155
2.452406
1.928173
-2.364535
-3.250396
1.223523
3.069996
-3.204504
2.456774
3.827184
-1.953365
2.105685
-3.012885
2.759851
2.213328
-0.933615
-3.155609
3.128347
-3.441631
-2.445915
-2.713786
-1.346081
-1.478658
-3.598325
-2.457636
3.080207
-1.325630
-3.402056
3.399642
-2.542647
-2.949886
-3.280223
-3.533743
-2.776847
-3.212470
-3.414617
-3.407711
-3.461455
-2.694933
-3.459654
3.243321
0.238376
3.118598
-3.191850
-3.470611
-3.375264
-1.835763
-3.274768
-3.094957
0.905680
1.686208
-3.681245
-1.415962
-3.466603
-3.590980
2.881526
0.074762
3.084319
-2.014134
-3.730377
1.311513
-0.265179
2.242167
-2.709536
3.048715
-3.339005
3.460590
-3.366995
3.282724
-2.352323
-3.093760
-3.323749
-2.650929
-3.347408
0.804323
-3.327713
-2.710432
2.670078
2.704299
-3.181102
-3.289453
-3.157736
3.414356
-3.345462
-2.274078
-3.362997
-2.483216
2.912318
3.398569
-2.556474
1.322819
-2.447862
-1.649691
-2.869398
2.937037
-3.252315
2.204123
-3.524417
3.342937
-3.500677
-3.350600
-3.395933
-0.299374
-3.496803
-3.407179
-3.941764
3.966865
3.020739
2.834915
-2.474282
1.292496
-1.329644
-3.657121
-3.767315
2.515841
-3.695424
2.954235
-1.989395
1.335904
1.341577
2.571789
0.723703
-3.365388
1.814394
-3.364856
-3.233245
2.404156
-3.666328
2.995978
-3.557802
-2.764394
2.930493
-3.728992
-3.267402
3.286592
-3.530424
-3.206306
-3.706729
3.793902
-1.967152
2.309878
1.886743
-1.734258
2.563830
-2.416687
1.892238
2.381005
-3.362816
-3.611184
-1.346793
-3.158203
1.843756
-3.577913
1.610115
0.984818
3.608842
0.474989
-1.275871
-3.162478
2.301566
-2.441482
-1.918881
2.576736
1.443425
-3.458763
3.143631
2.879872
2.302368
-3.169195
1.933511
-0.585873
-1.747535
-1.136040
1.154976
-3.093619
1.448351
2.785683
1.165915
2.419115
-3.062455
-3.986337
3.233394
3.470513
2.851877
2.888609
-3.967005
2.742825
-3.297567
-1.842536
2.844202
-1.697243
2.415638
-2.655723
-3.492446
2.700628
3.041326
2.383053
-3.360549
-3.982133
-3.734785
1.269448
-3.985860
-0.161362
-2.536237
-2.950825
-3.331120
-3.244294
2.984169
-3.634557
-3.417037
-3.377810
2.969019
1.478338
3.091247
-3.217614
2.886557
3.010976
2.393452
-2.388483
3.052593
3.259806
3.993645
2.137976
3.263550
0.010545
-2.749028
-1.620520
2.667535
1.153998
-3.981020
-3.721116
-3.528548
3.231740
-3.382151
-3.558604
2.412124
2.287004
-3.512326
-1.488102
-3.428535
-1.877195
-3.574521
3.395184
-1.301972
2.741628
3.013142
2.544038
2.565020
-3.326468
-3.598245
-3.114755
-3.540856
-3.079277
-3.553481
-3.446444
3.788059
2.666444
2.284134
3.255177
-0.493720
0.271383
-2.295821
-3.463454
1.925711
-3.983563
-2.775395
3.333398
1.184034
-3.178116
2.754150
-3.380810
-2.828404
3.177465
-3.446160
-0.705223
-3.686904
2.801371
-3.265227
3.136628
2.680492
3.414080
-3.585640
-3.149559
2.844405
-2.948801
2.629059
1.375646
1.850506
-3.559874
3.199004
-1.644188
-2.643271
-0.502130
-3.314621
-3.147293
-2.673272
2.916317
1.524193
-3.138637
-3.177629
1.167693
-3.676340
1.960284
-2.665710
-3.528086
-3.723837
-2.970067
-0.802214
-3.185581
3.613205
1.537752
-3.974735
-3.139303
-2.429731
0.785454
2.242593
-1.542066
2.801225
-3.035217
0.140213
-2.979352
-3.743052
-2.843282
2.145514
0.861261
3.317407
3.017340
-2.653828
2.988536
-3.311983
-1.910834
-1.835083
-3.410298
-1.878477
-2.547124
3.050651
-3.564973
-3.589725
-3.185170
-0.248844
0.087258
0.412991
0.941533
0.337898
-2.897481
0.058177
-3.672321
-3.385755
2.486240
3.410770
-3.653429
-2.956133
-2.946599
-2.604176
-2.361740
-1.957544
-2.866428
-3.592175
2.535080
2.614871
-1.367418
1.079434
-3.164658
-0.529835
1.231607
-2.734808
-1.957698
2.745936
-3.036807
-3.152234
-3.074719
2.619755
-0.769492
-3.100762
-3.269290
2.955937
3.231941
-2.958651
-3.101719
-1.988740
-1.125776
-0.034102
-1.607270
-2.055457
-3.144611
0.310092
1.424084
3.687984
-3.576267
0.374836
-3.120363
2.796075
2.178466
-3.192694
-3.219128
-3.650683
2.994790
2.877737
-3.343389
-3.137594
-3.180134
2.790047
-3.878397
-3.429230
2.519241
1.440064
2.924481
-3.986437
1.775888
-3.207605
-1.468334
3.020074
-3.495876
1.592682
-2.374341
3.381575
2.777288
-1.780156
-2.327658
3.048439
1.591029
2.699044
-3.566538
-2.797872
-3.621279
3.763337
-3.491707
-2.654692
-2.970825
-2.885568
-2.453223
1.856183
2.853905
-2.592695
-3.263548
-3.368883
2.450059
-3.332477
1.855030
2.471085
-3.086810
-3.440349
-2.350550
-2.283916
1.855174
-3.732509
2.064499
2.843648
3.302009
3.055894
-3.511093
-3.734714
-2.443110
-2.709057
3.346840
3.506423
-0.164190
0.983396
1.968053
-3.561669
-2.720528
-3.490981
-3.346322
-3.342609
2.927211
1.985092
-3.462758
-3.687412
-3.601667
3.017050
-3.575249
2.851826
-3.620412
-2.281475
-3.432482
-3.448211
2.833929
-3.504843
3.451719
2.104976
0.142268
-3.540468
2.727145
3.226262
-3.687367
2.931015
3.140092
-2.436489
0.493746
-1.944519
-3.540239
2.804535
-3.529743
3.422128
-3.345414
-3.150358
-3.183491
3.250654
2.973597
-3.654064
-3.577040
-3.243286
-1.961923
-1.469199
-3.478507
-3.210292
2.763809
-2.554044
0.777194
1.615817
3.260588
-3.629446
-2.953667
-3.025382
2.524750
2.819690
3.342630
2.793961
3.337103
-2.645987
1.827608
-3.411389
-2.894329
0.209820
-2.638185
-2.329792
-3.369903
2.062212
-2.211550
-2.305146
1.580286
-2.087232
0.281646
-3.973943
-2.878220
-0.904509
-3.188870
2.796118
-3.495245
-3.250710
-2.369523
3.336010
-3.917416
-3.059283
-3.239267
-3.303204
3.040246
1.695833
-3.665218
3.096415
-2.054925
-3.468420
-2.961472
1.678289
3.021193
0.802376
-3.100532
-0.639157
-0.902936
-2.196862
2.513060
2.023240
-2.295276
2.505361
-3.723115
1.176581
2.560312
3.179016
2.895143
3.251109
-2.420960
-2.758911
-1.236844
2.922893
3.382700
-1.101071
0.485904
-2.052058
-3.121108
-3.128500
-1.539224
3.010575
-2.719580
2.523414
-2.749258
3.425170
3.018569
-3.631042
-3.493514
-3.172331
-3.304367
-1.159730
-3.641411
-3.377458
3.497841
-3.464488
-2.753406
1.199393
3.138658
2.887744
2.651500
-3.532717
2.836944
-2.734876
-2.933695
-3.739350
-3.387593
-3.775978
-3.529205
-3.093495
-1.926613
-2.696708
-3.957025
-2.733867
-2.690552
3.299614
-1.836791
1.594205
2.410703
-3.618597
-3.782558
1.498381
2.951186
-3.319912
3.259726
0.693478
1.140971
2.361690
-3.463199
-0.098037
2.640120
1.209973
-3.214344
-2.821332
-2.502706
-2.170955
3.155565
-3.636302
-3.499419
-2.609549
-3.046674
-3.039535
3.371042
-2.743864
-2.991549
-3.481797
2.944735
1.710330
-2.983368
-3.660553
0.922975
-3.244040
-3.071899
0.464848
-3.129082
3.188864
-2.078874
1.902844
-3.343176
-3.106348
-0.963051
-3.438230
-3.586682
2.642104
-3.247685
-3.533632
-3.561536
0.837028
3.435629
3.962786
-3.716838
-2.485671
2.408979
-2.904448
-3.459441
-3.068657
-2.126914
-2.334055
3.462949
3.379636
-3.532837
-3.378588
0.238666
-2.924840
3.142865
2.617997
2.122734
-3.272274
-2.816608
2.751305
2.068970
3.565785
3.966192
-1.775153
-2.926765
-0.809460
-2.703968
-2.447506
-3.972141
-1.461737
3.503311
3.101624
-3.391708
-1.002845
-2.844475
2.645657
-2.010600
2.151668
-3.251451
-2.530995
1.995915
-3.562354
-1.486246
1.887619
2.332394
3.448356
-3.081380
-3.592518
3.445454
2.037626
-3.030611
3.336213
2.007805
-1.436238
-3.092219
-2.892051
2.646544
-2.325140
-3.512283
2.148094
2.297999
-3.618803
-0.600532
-3.276439
-2.335480
-2.621010
-3.643499
1.844060
-2.544906
3.552516
-3.666840
-3.110971
3.682126
-3.395554
2.468099
-3.612841
-3.212762
-1.195941
0.387454
-0.563798
-3.154534
-3.127795
3.306803
-0.898720
3.427196
3.095366
-2.985403
-1.709669
-2.884416
2.442525
-3.488199
-3.480343
-3.040606
-3.088491
-0.548352
3.637971
-3.619614
2.792440
-2.780941
1.426422
1.429488
-1.839004
-1.695043
3.118611
1.956025
-3.853694
2.860291
1.022744
0.134865
-2.953822
0.351431
-2.249707
-3.397872
-3.113154
2.298275
-3.644264
-3.464601
1.320838
-3.584710
-3.188683
-0.499035
-3.768121
-3.214295
0.263108
-3.329788
-1.059328
-3.887011
-3.992095
3.393266
-1.723658
-3.078408
-2.994308
-3.540685
2.826779
-3.462235
2.869830
3.161691
-2.932729
3.277428
-2.430083
2.921368
-2.614066
3.339307
-3.994399
0.076110
-3.565755
-2.838994
-3.670619
0.719591
-3.018941
2.265122
0.713992
-1.993223
1.009522
2.848726
0.898142
-3.500081
1.652091
3.285160
3.285581
-2.771382
-0.564134
2.588644
-3.455969
-1.199636
-3.412129
2.757734
2.742613
-3.362276
-3.152810
-0.760029
1.431359
-3.100522
-2.852111
-3.763068
1.841597
-2.967955
-1.781426
3.286240
-3.247612
-3.240115
-3.294285
2.565627
-3.197680
-2.380545
-3.002565
1.534191
-3.401553
3.067173
-2.343490
2.781980
2.369307
3.112862
-1.263448
-3.239068
-3.645307
-2.900901
-3.602850
-2.519079
0.327978
3.328823
-3.368649
-2.910858
2.280403
2.698925
1.660860
3.081581
-3.434768
-2.872521
0.539631
2.909189
-2.476150
-1.687393
-3.038811
3.431323
-2.913972
-3.729669
-3.410251
1.606227
-3.378629
3.253599
-0.536252
-2.338236
-3.720915
-3.641017
2.135681
-3.504114
3.402462
1.655444
-3.433099
1.251213
1.867729
2.748641
-2.716096
0.855940
3.463291
-3.369600
-1.831248
2.429646
3.084636
3.210620
3.365411
3.760965
-3.487455
3.425029
-3.991262
2.261834
0.892697
1.095201
-1.260919
-1.817907
-1.762386
2.923014
-3.666619
-0.393738
-3.226618
-3.436054
-0.626254
-2.456927
-1.859997
-2.983923
3.090882
3.273790
-3.450527
-2.333260
-2.186571
0.148337
2.280142
-3.162761
-2.996129
-1.682456
-1.925213
-2.201137
-3.094007
0.771351
-3.251179
-3.014760
2.664066
-2.965742
0.788866
-1.713693
-3.108178
2.270785
1.489715
1.704460
-3.264062
-3.980762
-1.906335
2.681486
-3.627854
2.562198
2.985214
-3.253420
-1.913396
2.887905
-2.947466
-2.640078
2.548478
2.732223
2.564355
1.529884
-2.740557
-2.372454
2.846213
1.246262
3.024228
1.211588
0.597665
2.802324
3.085846
3.361914
3.084049
2.450823
-3.858431
1.071188
1.114123
3.354272
-3.798674
-3.571295
-3.033136
-3.368147
0.466290
-2.210124
-2.724918
2.272736
2.509186
-2.793392
-3.210465
3.452203
3.267677
3.130406
-3.699855
2.824839
-0.995463
2.775479
2.630948
1.791397
-2.963384
2.263822
3.161450
-2.181357
3.393223
-3.550667
-3.347504
-3.012159
-3.106907
0.873175
3.193933
-3.111400
-0.903683
2.592110
-3.754518
3.009841
-3.989003
2.877473
-3.620536
2.304784
-3.344485
-3.709016
-3.521314
-1.593361
2.468328
3.279929
3.325998
-3.440664
-3.455300
-3.384060
-3.654336
2.571926
3.246643
3.540544
-2.856218
1.987538
-2.417959
3.162183
-1.247450
-2.965129
1.743770
2.483440
-1.020422
-1.742152
2.655455
-3.405712
-3.127401
-3.532461
-0.911884
-3.656542
2.993985
-0.791511
-2.958444
-3.482656
-1.669359
2.931745
2.530139
-2.718640
-2.875155
2.570801
-0.936368
-3.641496
-3.485100
-0.799572
2.726291
2.874516
-2.110609
-2.579745
3.428258
3.230953
-1.732737
-3.514970
2.403392
2.067624
1.197390
-2.513268
2.611435
2.986273
3.360621
3.512310
1.273821
-2.055790
-0.905576
1.268803
3.361831
3.630301
-3.010730
0.213884
3.553347
-0.034956
-3.971128
1.229200
2.640952
-3.298253
2.712500
-1.250082
-2.600787
-3.420327
-1.199046
-2.232802
2.951888
3.049627
3.355597
3.302178
2.502607
-1.504372
0.858466
3.188633
-3.144121
1.201256
1.481345
3.066690
-3.247295
-3.391909
-0.805432
-2.731732
2.514541
-3.000697
2.466025
-3.218716
-1.226473
-2.647059
-2.782861
3.153278
2.592138
-1.927984
2.289793
3.013868
-3.416384
-0.919687
-0.430470
-2.291700
1.886345
0.188506
0.324968
2.084688
-3.348763
-3.204401
-1.088708
-1.432711
-3.240850
-3.400860
-3.660400
-3.510714
-1.662993
-1.015410
3.355644
3.434096
2.283980
2.678055
-3.610424
-2.390527
1.825796
0.838522
-3.646209
-2.327150
2.656841
-3.380742
3.353619
-3.951203
-3.660707
3.133964
-2.867711
-2.541315
-1.759245
-3.100952
-2.130644
3.515310
-1.008234
-2.336862
0.429397
1.700238
-3.507664
-3.559557
-2.423661
3.061005
-3.394561
1.243412
-0.761049
-3.047540
-3.437193
2.358162
1.185916
-3.713965
3.307804
-2.026927
-2.230905
-3.696316
-0.269272
3.224207
2.090870
1.978086
2.385067
-1.814798
-3.309074
2.483864
3.267338
2.999792
-2.030409
-2.389869
-3.989829
-0.701369
0.295764
-3.302593
-1.220312
-3.182789
-2.966761
1.081043
-3.074501
2.838098
-2.448027
-2.924325
-0.141964
-2.648829
1.395063
2.484207
-2.985595
-3.509482
3.109841
-3.320067
1.857481
-2.833469
3.421345
-2.695870
2.071657
-2.381407
3.162195
-3.220499
3.232882
3.435654
3.464474
-2.836120
2.723453
-0.692312
2.237126
-3.561838
1.896387
-3.142397
1.805202
-2.045765
-3.082402
-2.624952
-2.445106
-1.558149
-3.528514
-3.477508
-3.455939
-2.999098
-1.597480
-1.775792
-0.671106
-3.531617
-2.376547
2.431931
0.859191
-0.471601
2.941248
-3.747502
3.311306
2.964308
-2.404041
-0.045752
3.389162
-3.452065
-3.944280
2.563065
-1.000105
-3.473004
3.366512
-3.926425
-3.305404
3.311778
0.914281
-3.228713
-3.103411
-2.990927
-0.671228
-2.744411
-3.467735
3.219928
2.730886
3.007184
-1.296388
-3.111163
-3.216245
1.381149
-3.042284
2.250830
0.314207
-3.197635
-2.759548
3.614222
1.874692
-2.816241
3.125987
0.432650
1.318389
3.001958
3.508787
-0.054218
3.351021
3.325940
-3.445573
0.383255
-3.634229
-2.891421
3.083334
-3.509184
-2.845852
2.913591
-3.968852
-3.460882
-2.151538
0.529364
-3.834959
1.809186
-3.332701
3.186890
3.429224
-3.548864
-3.524683
0.691781
-2.738365
-3.551135
-2.187374
3.968512
-3.201638
1.510707
2.696770
3.307654
3.167243
-3.774549
-3.979936
-3.227230
0.597120
3.369161
-3.364828
3.547402
-3.560333
-2.259932
-2.472779
3.216414
-3.457835
2.562388
1.546469
3.434631
2.171371
-2.439018
-0.798132
3.980483
-3.369370
3.032180
3.148692
0.552180
1.466095
-2.966696
2.041973
-3.539245
1.569488
1.088062
2.885661
-3.969975
3.315592
-2.123796
0.955557
-2.835279
2.161523
2.757726
-3.049935
3.576996
-2.833733
-3.156801
-3.426235
-3.297790
1.481130
-3.224617
3.270972
-3.430028
-2.840563
1.982120
-0.432587
1.395517
-3.573596
3.636559
0.616153
-1.986086
-2.792304
3.223711
-3.108483
0.371987
-3.338152
-3.216247
-3.706903
-3.449925
-3.132455
-3.663894
1.928370
3.280525
-2.347709
1.828397
2.775360
-2.974960
-2.054182
-2.758768
3.206161
-0.126501
3.124471
-2.973465
2.889527
3.182340
-3.515111
-3.092027
-3.220632
-3.550124
0.744092
-3.612689
3.143154
-3.490162
-2.856712
-3.227376
3.384134
-2.380359
-2.622408
3.220174
2.820972
-2.784492
2.952962
1.804047
-3.750417
3.007176
-2.490611
-3.451563
-0.098323
-3.173556
-3.172415
-3.632172
-3.536177
2.808280
-3.327033
-3.771165
3.243277
3.096275
-0.014968
-2.227911
2.452498
1.331281
3.473099
3.375764
-3.357626
-3.228945
-2.313697
2.547993
3.019051
0.197488
3.786603
3.941252
2.046025
-1.713328
1.701777
1.903016
2.305889
3.982988
-2.418830
3.500253
3.262192
-3.958076
-3.977754
-3.619618
2.968166
1.921921
-3.654981
2.553237
-3.527938
-1.344906
2.032633
-3.806775
3.167469
-3.558895
1.703187
3.448439
2.084358
-2.938466
2.497145
-3.509561
2.726044
2.391668
3.125169
-1.686934
-3.053202
-3.202068
-2.629059
3.469652
-3.385209
-3.627120
-2.618295
3.233465
-3.312801
-3.205705
-3.213243
2.429929
3.267465
3.538656
2.441234
-2.677385
2.820064
-2.867896
-3.016462
-3.548273
1.929433
1.915403
-2.362696
-3.130397
3.386043
-3.721495
2.507778
-3.563579
-0.921634
1.185715
3.383895
-2.360474
-3.918142
3.078317
-3.972951
-0.836468
-3.443902
-2.237318
0.300751
0.372382
2.800592
1.084507
-3.503921
-2.112758
2.096355
2.786824
1.881065
0.161479
1.947583
-3.696214
-1.655902
-3.773867
-0.794750
-1.878662
-3.622640
-3.403029
2.014408
-3.414738
2.368501
2.326018
0.086995
2.412151
3.345530
-3.460607
-2.675088
-3.434740
-3.707340
-3.373514
2.452486
2.908817
-2.239566
3.155624
2.352068
1.148082
-2.986161
3.047999
-3.338582
-2.420994
-1.631257
3.043566
-2.499576
-1.989085
-2.367646
-3.770772
1.206025
-3.453644
2.547800
-2.479410
-2.389800
-2.939783
-3.345098
2.565164
-3.544799
-3.057820
2.498894
3.039089
-2.290739
-3.654105
2.298798
-1.850215
-2.773739
-3.459590
-3.437487
3.205033
-0.056957
3.074931
3.011585
-3.958606
-3.692284
2.578635
-2.645650
-2.967488
2.707243
-2.926648
2.650611
-3.224929
-3.155179
1.351345
2.485304
1.191645
-0.944608
3.473022
-3.292699
2.304805
-3.440576
-2.978186
-3.509161
-3.077947
3.234722
0.356358
2.345051
-3.152357
2.630764
-2.924665
-2.407194
2.420263
-3.158871
2.388534
-3.398902
3.338902
2.038536
3.124082
-3.898432
-3.529782
2.955538
-3.078454
-1.549770
-3.075654
-3.296070
-2.984878
-3.361344
-3.482829
-3.167478
3.553721
2.523429
2.737340
-3.667342
-2.920950
-3.371548
1.463359
2.992670
2.535664
-2.867115
-3.282800
-0.991314
-2.985011
3.219207
2.761638
1.622050
-3.250905
3.811276
3.213307
3.188964
-1.706026
-2.714892
-2.195802
-2.358389
-3.220035
2.858334
-1.526869
-3.433328
3.458445
-3.983570
3.356633
-1.650173
-0.630676
-3.372735
1.235397
0.092325
0.277171
2.972143
-3.952490
2.772251
-2.323194
-3.053656
3.061894
-3.099935
-3.006970
-3.433298
-2.142990
-1.266136
-2.925209
3.177037
1.979566
3.637421
2.405198
-2.866949
3.097702
3.087755
2.148484
1.173118
-3.703841
-2.681946
1.770284
2.722152
3.226368
2.692509
2.611376
-3.446752
-3.406076
-3.308970
3.159485
3.048816
-3.340052
-1.075836
3.492290
-3.639196
1.694313
-3.604180
-1.722879
2.698095
-3.242909
2.608828
-3.294388
-2.807158
-2.205637
-3.382641
1.797113
-3.446521
3.197784
2.564562
-3.303036
3.293014
-2.853047
2.971580
-3.800914
3.209156
-3.194822
-0.238061
-3.019032
2.601872
3.047137
-2.288029
-2.087956
-0.883965
-2.942987
-3.969853
-2.642951
0.901865
-3.009153
-1.796724
-2.362127
-0.105523
2.253313
-3.579345
0.413205
-2.299153
-2.890812
-2.475782
-2.415180
1.293949
1.639217
3.374874
3.971907
-2.916250
-2.589169
2.411717
3.302783
2.814859
2.306226
2.824223
-2.978811
3.583454
-3.014740
3.257386
-3.583170
-3.042370
-3.186887
-3.391446
2.887027
2.734566
3.181231
3.025624
3.039255
-1.356589
2.903729
-3.558110
-3.348707
-3.553999
-2.701427
-3.506913
3.202732
-3.680058
-3.410937
2.369986
3.660257
-3.394477
-1.882680
-3.325889
-3.418121
1.143024
-3.086927
-2.021385
-3.571835
2.583172
-3.283445
-2.705115
-3.269551
-2.932809
-1.734973
-3.680801
-3.130276
-3.266803
-3.973133
-2.039834
1.427277
-3.387459
-2.347909
-3.027716
3.141173
-3.593862
-3.311025
3.061520
-3.603788
-2.268536
-3.377758
-3.289407
2.986413
2.813090
-3.466889
2.535800
3.183678
-3.531213
2.771540
-2.817255
-3.655061
2.667099
-2.369915
-3.246398
0.477406
-2.831401
1.398679
-3.609143
-3.393178
-3.399920
0.898357
3.434289
-3.253558
3.333741
2.955873
1.335017
2.815741
2.744221
3.136199
3.191281
-2.445874
3.909896
2.687370
-1.555076
-0.541495
2.701541
-3.296291
-3.695691
2.263001
-3.420831
1.688462
0.563373
-2.261208
-2.296724
2.973245
-3.471360
-3.515551
-3.303940
-3.641947
-3.328110
-3.535919
2.927093
-2.860274
-3.199305
2.493507
-0.355525
2.530220
0.617852
3.375790
2.848676
-3.190699
-3.304177
-3.974867
0.682719
3.430789
1.667298
2.134965
3.920558
2.792968
1.518643
-2.731611
3.550803
3.086281
-1.435662
3.282778
3.297832
-2.533355
1.879201
-2.459385
0.112035
-3.275875
1.179295
-3.524281
3.291379
-1.360293
2.946176
2.787385
1.141793
1.695886
-0.559486
0.116755
0.488016
-0.043538
-2.751890
2.806569
2.071766
2.655419
-2.650299
2.963446
-0.046415
3.091291
-3.990418
-3.508019
-2.166477
0.613888
3.344567
1.780113
-3.345382
2.824583
2.516704
3.009651
3.113626
1.327252
-1.799401
3.004255
3.093440
-1.342248
-1.970742
3.399903
-2.467182
-3.595443
-3.276611
0.361522
3.295829
-3.536725
2.303254
-3.657890
-3.612508
1.613837
3.264631
2.551102
-2.238714
-2.993823
-2.946372
2.147708
2.974909
-3.531739
-2.199903
0.925806
-2.356900
-3.988002
-3.726670
-3.551855
3.428127
-0.984395
-3.641483
-2.217017
0.188485
1.178576
-2.817211
-3.444097
2.831728
-2.982136
2.869498
-3.421951
-3.141255
3.086166
-2.938539
-2.969164
3.199082
3.139632
-3.017827
3.353033
-3.731220
-1.209821
2.981053
-2.892902
-2.940826
1.715515
2.659986
-3.523106
-2.115753
-3.438752
-3.071829
-2.336345
1.260079
-2.328329
2.765231
-2.792242
2.700122
3.162227
2.536854
1.372714
-2.624649
-3.291299
2.768801
3.048298
-3.319177
1.548402
2.643748
-3.329087
2.874539
-2.244820
1.967000
-3.147421
-3.137582
-2.625881
-3.307196
-3.986869
-3.549879
2.213179
-3.187073
3.343087
-2.902440
-3.037473
-3.240149
-2.863656
2.349470
-3.021473
3.159086
-3.257976
1.644945
-3.553803
-3.552753
2.463712
3.386744
-2.850737
2.729740
-2.675027
-1.957411
2.854386
-3.734647
-2.439489
2.484008
2.276298
-2.678421
-1.524921
2.999643
-3.639855
3.191856
-3.557420
2.671977
3.079800
1.021642
-3.575254
-3.387609
2.832830
3.121888
3.754077
-3.759284
-3.521115
-2.754616
-2.640262
2.394889
1.888471
2.643441
3.182882
2.914955
-3.061176
-3.785869
-3.322810
3.311501
3.250425
2.521286
-3.609809
2.770578
3.338568
-2.873196
-2.779133
-1.052306
-2.324658
-3.542427
-3.061750
-3.426337
2.059392
1.643285
3.387044
-2.867342
2.790061
1.063526
-1.586634
-3.251492
-3.041914
-2.795422
2.643212
-3.398824
3.367546
2.907963
3.312576
2.603969
-2.831156
1.983617
-3.406249
-0.435508
1.694432
-1.858905
-2.166482
-3.623634
2.590464
1.729297
2.118537
-3.677986
0.700436
2.735964
3.018240
-1.900458
3.414806
0.323287
3.411588
-1.455213
-2.207774
2.518278
3.064205
-2.594308
3.186202
-3.204785
-0.184638
-1.760237
-1.499221
2.700045
2.246778
-3.373759
-0.958310
3.006949
-3.339802
0.224002
-3.649308
2.175158
-3.085733
-3.067398
2.099735
2.548225
2.741493
-2.547594
-3.248590
1.986789
2.522914
-1.515768
2.671680
0.817207
-3.978061
0.043876
-3.661856
3.284568
2.621266
1.925424
2.630255
0.081279
-2.669643
3.114871
-3.420100
-3.490506
-2.991596
2.837140
3.078449
-3.127324
-1.209285
-3.515990
-3.246514
3.699045
1.859657
-3.450879
-2.981166
-3.586992
-2.738326
-3.531916
3.456699
-2.501192
3.278252
-3.397250
3.150391
-3.077764
1.574600
-2.862830
2.869535
-1.218230
-2.775094
2.733129
3.370365
2.845632
2.416809
-3.343490
-2.169180
-2.102692
-3.458576
-3.974738
0.293555
-0.644025
-3.953666
-2.038462
-0.847400
0.940512
-3.637747
0.673016
-3.092848
-3.488307
0.442078
-3.204282
2.904739
3.589631
-3.537475
2.960632
2.729982
2.980198
3.220442
-3.108524
3.413644
3.323414
-1.961379
-3.153972
-2.707869
-2.533392
2.858294
3.260458
3.488007
-3.974836
-2.780613
3.048386
2.628016
1.613086
0.191864
-2.916119
2.562624
-1.822818
-3.447870
-2.939571
-2.047474
-1.572476
3.326448
-3.266593
2.503086
-3.175647
1.686468
1.917183
-2.306785
3.216279
-2.994128
2.258713
2.916173
-2.751358
-2.025022
-3.149255
2.838082
3.985679
-3.026480
1.487679
3.060532
3.148218
-2.607371
0.866692
-0.861470
2.782765
-2.690637
3.155266
-3.595484
-3.439397
2.776937
-0.761888
-3.577319
-0.747338
-3.858837
3.329375
1.315606
-2.831249
-3.547773
-3.195130
-3.593642
-3.392662
-3.217124
-3.072584
-3.672503
-3.545782
-3.203156
3.150493
2.386634
-3.309751
2.350101
3.367617
2.844164
-1.793527
-3.392973
-2.135861
-3.621638
-3.535432
-2.030010
1.634651
-3.267172
2.492305
-2.998902
3.034711
3.546841
2.923664
-3.389579
-3.479478
2.614846
-2.984270
-3.127092
3.531174
2.613430
1.844108
-3.508860
2.748919
-3.088946
-3.670244
-1.585126
-3.126090
-2.030792
2.831505
-3.989357
0.248377
-2.265265
-3.324171
3.373645
2.502629
-1.051816
-2.937860
-2.890837
-3.515225
2.413033
0.931795
-3.300413
3.098080
2.545713
2.735662
-2.442241
-3.186304
2.508974
2.783718
2.396267
2.602244
-2.399564
2.541673
2.926396
0.903750
3.235209
1.614741
-1.898291
-2.030070
-3.985890
-3.250102
-2.238401
-3.294862
-2.287641
-3.509899
-1.931203
-3.540815
2.976680
2.535082
1.647852
-3.540026
2.366384
-1.084229
-2.761248
-3.291570
0.755850
3.206874
-2.905255
1.972354
3.971993
1.024621
3.365564
-1.890682
-2.628653
0.646585
-3.661118
-3.265341
3.384845
-2.425004
3.107666
2.637238
3.415430
2.667110
-1.195938
-2.658897
-3.593703
-3.746622
-1.952542
-1.590417
2.508942
3.597357
-2.441359
2.180009
2.359400
2.664635
3.979270
-3.628165
1.132040
-3.030548
0.141223
3.020610
-3.413728
3.150425
3.449443
-2.310997
-2.169898
1.104829
-1.025371
2.611438
-3.442162
-0.001172
3.222163
-2.271081
-3.304801
2.456782
-2.988699
-2.541609
2.285830
0.960926
-3.860842
-3.644453
-3.408482
1.979137
2.212474
-3.610882
-3.098448
-3.429592
3.655865
-1.523408
-2.395264
-2.994216
2.643753
-3.278711
3.451443
-3.769198
-0.858359
-3.825609
3.270325
-3.184937
2.389554
0.691139
2.486667
-3.484451
2.551882
-3.750745
-3.540722
-3.057950
-3.617979
-1.388948
1.762592
2.897661
-3.602977
-3.704408
-2.492501
-2.357093
-3.983708
3.279344
3.552891
2.333755
-2.897908
-3.414515
-3.525004
-3.359411
-2.659252
-3.291018
-3.749352
-3.647319
-3.564060
3.314688
-3.062368
0.861207
-1.935800
2.477153
2.680328
-3.666328
-2.954456
1.306163
-2.956080
2.933554
2.421502
-2.476013
2.911405
3.052842
3.176697
-3.066064
1.117466
-3.311171
1.663578
-3.622621
-1.955455
-2.638815
3.527796
-1.218771
2.135944
-3.239551
3.164633
0.631824
-2.887241
2.974644
-3.221422
-2.622435
-3.026577
2.312436
-3.035926
3.288632
-2.581641
-3.049609
2.908233
3.485100
-3.419507
3.178878
-2.554896
-3.292890
2.300311
0.993004
3.494205
-2.109478
1.964552
-2.585206
-2.353813
-3.287959
3.528214
2.940904
2.973665
-3.427740
-3.563977
2.861491
-1.430675
-2.805425
-2.138740
-3.447708
1.833318
3.096310
2.507445
-3.565615
-2.721207
-3.360417
-3.617754
-3.571489
-3.065471
2.585779
-3.448648
2.500634
-2.859031
3.481218
-3.491732
2.211516
2.432042
3.087227
-1.135490
-3.578295
-3.590501
1.839072
-2.256028
1.582749
2.953083
-2.393688
1.473434
1.109735
-3.892055
-2.599771
-3.091532
-2.029810
-3.469934
2.183456
-2.705306
-3.333244
0.714630
-2.913786
-1.754973
2.335839
-3.465855
2.813467
1.559427
1.831655
-2.427939
-3.032791
-1.648156
-2.544366
1.336017
-3.926568
-3.159702
-2.864817
3.357509
-3.599555
-3.342927
-1.646575
2.750487
2.593019
-3.025710
-0.462411
1.326973
-3.152839
-3.367444
-3.345013
3.143309
-2.535094
3.335937
-3.013329
1.617901
-2.633683
-2.829467
-3.246552
3.915493
1.513998
-3.169660
-3.090519
-1.083067
2.186828
-1.616201
-3.525000
-3.235572
0.742485
0.487509
3.451490
3.148884
-3.360650
-3.985395
-2.278373
2.828128
-3.694617
-3.578857
3.981455
-3.433859
-3.537001
-3.449218
2.860549
-1.434904
1.252669
-3.586268
0.267639
3.008208
-3.844233
-1.346061
-3.638132
3.976970
2.657311
3.693826
2.113817
3.046214
2.752401
-2.536192
2.055519
-3.371816
3.261460
2.300243
-2.252858
2.012678
0.910216
2.360964
-3.710772
-3.166574
3.426033
-3.831789
2.664135
-2.847602
3.483882
2.158654
-3.728977
2.965753
3.481792
-2.170691
-1.307803
2.204492
3.126516
-3.077057
0.741074
-3.685327
-3.287353
3.183722
-3.553576
3.291394
-3.036556
2.726399
-3.659763
-1.781002
3.230935
1.105346
2.324109
-2.984300
-3.739104
0.154859
-3.601465
-3.212166
-1.889369
1.882935
2.270193
-1.625435
2.896174
1.511191
-1.059436
1.316876
-2.593142
3.323163
3.057931
3.231877
3.667410
-2.928314
-3.606291
1.215623
-1.582814
2.675707
1.928362
-3.307391
3.009059
-3.187635
-3.389066
3.233232
-2.287448
3.084137
-3.443698
-3.426319
2.349566
-3.514587
-2.755622
-3.073728
-3.090483
-0.834513
3.386453
-3.583019
1.267477
-2.587764
2.367186
2.506657
-2.606125
-2.480075
3.141035
-0.499351
-2.306354
-3.424162
2.903028
-3.609414
-0.127515
-3.505270
-3.542934
2.439154
-2.961719
3.226001
0.479062
3.230491
1.293491
-2.247438
-0.278341
-2.511400
3.344507
-2.359137
2.096528
-0.866962
-2.177088
1.122886
-2.029978
-3.005124
3.242950
-3.423691
-3.529237
3.417853
-2.627302
-2.034454
-3.642065
-3.315059
-3.944685
-3.439701
-2.096343
1.169672
-3.239945
2.523007
0.808149
-3.477707
-2.536908
1.992093
-2.477284
-3.303107
-3.395260
-3.226318
-2.524683
3.627484
1.319209
2.685118
0.446556
3.571337
-3.527997
-3.468504
-3.101150
0.415757
1.717034
-1.423765
3.119489
2.207261
-2.027473
1.385779
3.058823
3.308819
-2.972801
2.888696
-3.482873
-1.983557
-3.424685
3.260273
-3.381238
-2.036629
-1.821649
-3.433576
1.894227
3.336100
-3.237366
-2.825799
-1.390846
-3.261978
-2.085283
-2.693794
-1.362879
3.341730
3.228909
1.758409
3.583880
3.264142
3.207033
-2.075257
-2.695363
0.439604
-3.150540
2.618749
0.031086
-1.669758
0.565221
2.755669
-3.391164
2.554416
2.961951
3.423280
2.771110
2.435967
-3.466759
-3.584807
0.630243
2.877966
-3.619457
-3.549756
1.317421
2.562482
-3.561193
2.111849
3.066468
-3.564418
-1.570097
-2.838251
-1.126836
-3.455437
2.870240
3.579372
1.642687
2.992725
-3.228566
2.689685
-2.936058
-1.568398
-3.122083
-2.631427
2.863361
2.627118
-3.525560
2.518563
-2.748850
-2.185187
-3.388446
-3.692959
2.842128
-1.243072
-2.794543
1.787754
0.975037
-2.072193
2.753744
-3.050438
3.079531
2.740906
-1.205532
2.668201
-3.522896
-3.567372
-2.122224
0.773871
0.305986
3.507524
-1.806523
-1.549910
-3.468121
-3.871545
1.680682
-1.919296
-3.559159
-3.357549
0.449734
-3.326213
-3.233645
-1.006842
0.961402
-0.167130
2.730566
-1.495095
-3.400502
-3.046729
-1.508828
-2.979246
-3.284661
-2.764035
-3.239421
-3.332308
3.014255
3.211135
-3.012212
-3.449783
-3.657789
1.829109
2.075112
2.941429
-2.745798
-3.353279
-3.378031
-3.204535
-2.746330
-3.391682
-3.291019
-3.482039
3.534403
-1.986423
-2.536565
-3.503171
-2.949827
-2.972859
-3.418462
-3.586448
2.503288
2.211181
-1.726802
3.424577
-2.658486
2.246360
1.698030
3.041233
-1.598572
-1.849893
-3.574334
2.701571
-3.590755
-2.694559
1.575012
-2.287568
2.155686
-2.692101
2.142381
-3.591992
-3.302036
2.899499
3.200160
1.991653
2.634651
-1.797716
3.058328
-3.438599
-3.614023
-3.015048
-3.312707
-3.567253
-3.147259
2.816180
-2.283160
3.215078
-2.278667
3.968102
-3.305825
-2.949768
-2.831195
-2.777089
3.486404
2.597032
-2.938769
3.018520
-0.244580
-3.537580
0.295702
0.293959
-3.955922
-3.251658
1.530778
-3.521485
-2.916453
-2.925292
2.564593
-1.616880
-3.630976
-2.601875
-3.129054
-3.367333
3.010609
-2.530616
-2.346941
-3.691982
-3.524405
2.641598
-2.234295
-1.741128
-1.538271
2.715518
-3.351244
-3.001350
-3.055020
-1.797189
2.793098
1.241145
-3.235121
-2.246496
-0.869173
-3.456631
2.461999
-3.265154
-2.803350
-3.161436
2.992200
-3.068487
1.671117
-3.121668
3.218561
2.138099
-1.948739
2.752658
3.406847
-3.492827
-2.629943
-1.337363
2.803936
2.297754
3.318352
-3.469408
3.228128
3.339282
2.100090
2.979693
3.457506
-2.945909
-3.612218
3.534878
-1.926033
-3.393200
2.574190
-3.631126
0.021124
2.075742
-3.590904
2.522878
-1.023200
-2.614852
-3.545099
-2.236493
2.802140
-3.542428
-1.937368
2.791219
-3.193176
-2.575151
2.418717
0.086650
-3.749559
2.731456
0.720117
-2.138766
-2.368905
-2.983213
-2.907856
-2.667890
-0.083808
-3.111486
2.227173
-2.752633
-3.363842
0.553129
-3.470156
-3.299695
-2.942305
2.694879
3.077266
2.758036
-3.222743
3.471366
-2.599137
-3.960270
-3.642896
-3.024925
-3.461996
-1.602909
-3.925860
-1.763705
3.020009
-3.549498
-3.993143
-3.236773
1.553410
-3.030114
2.241684
3.101298
-3.218703
1.566499
-3.172236
-2.190441
-1.416300
-3.208080
3.239550
-2.670337
-0.141204
-3.143104
-2.804950
0.382847
2.070433
-2.759109
-2.616243
-3.443413
2.362578
-3.712315
2.641112
-3.617015
-3.655244
2.742633
-3.301444
-3.288315
-1.385133
-3.446499
-2.968058
-2.797050
-3.475376
3.125990
-3.624487
2.361732
3.098765
-3.549018
-3.877570
3.549617
3.074058
3.426982
-2.737848
-2.904705
0.057154
1.897699
2.588583
2.742323
2.010886
3.196143
0.732884
-3.012581
-3.294398
2.173932
-3.261731
3.337869
2.907606
-3.517395
2.503781
-3.671573
-1.774082
2.794944
-3.709750
2.796045
2.435212
1.779573
-1.445311
0.954455
3.345465
2.651053
-3.487202
-3.413602
3.247270
-3.324722
-2.263876
1.580809
3.287949
-1.469646
-1.542089
-2.932882
2.340971
3.483690
-0.774248
-2.063933
-3.845850
3.165624
-2.850023
-3.267898
-2.884990
3.289713
-3.593697
-3.288144
1.241416
-3.693060
2.984820
-3.860073
-2.102860
-2.824539
3.100376
1.237817
-3.158704
3.248867
3.225479
-3.519678
-2.944762
-1.659434
3.439292
-3.585071
-3.192713
-3.589498
3.291915
-2.059282
-3.641269
-2.609656
3.442222
-3.557844
-3.287113
-3.558300
3.644899
3.264850
-3.339515
-2.816573
-3.284295
-3.244012
-3.367790
3.306559
3.271748
-3.131499
3.573643
2.641998
-1.556913
2.570597
-1.446208
-3.107615
-1.559164
-1.377170
-3.042538
-2.137691
-3.500032
3.380645
-3.510952
3.396140
-3.116839
3.111946
3.237956
-2.238554
-3.725625
-2.176113
2.172268
-3.136320
-3.068005
-1.524348
2.171944
3.232755
0.087025
1.833985
-2.711686
3.292343
1.753110
3.045738
3.023792
-2.823874
2.982176
3.649936
-3.578528
-3.432836
-0.974845
3.438844
-2.785200
-2.236370
3.134493
2.834556
-2.685806
-3.116145
-2.383837
3.927631
2.768982
0.131502
2.389409
-1.268330
-3.506721
-0.349376
3.251297
-3.396804
1.898610
-3.547118
3.120535
-3.358735
-2.795683
-1.388391
0.874642
-3.591446
2.922263
-2.671136
2.839784
3.276777
-3.305779
-3.379292
3.623392
2.622440
-3.250591
-2.584369
2.868190
2.764953
-3.020968
1.502981
3.092088
2.328834
1.446037
2.710931
-3.420472
-3.556027
2.943146
-3.241181
2.409313
3.090164
-3.308677
3.148461
-0.624691
-1.480093
2.545800
-1.513120
-1.026045
2.866548
2.310150
3.562911
3.071016
-3.485238
1.538134
3.255980
-3.065568
-3.246563
3.174183
-3.422463
3.470885
-2.684973
-3.626346
-2.589852
-1.442055
1.899819
-3.044845
-2.229908
2.501131
2.323141
-3.237013
-2.874210
2.176447
3.388269
-3.048742
2.702849
-1.498543
-3.642588
3.275009
-2.745891
3.846640
2.412998
2.454825
2.216622
-2.935486
-3.559932
-3.913297
2.638725
-3.083275
-3.127968
-2.943477
-3.521311
-3.090892
-3.020887
-3.506791
3.277321
-3.496984
-2.255058
2.821123
-3.654114
-2.111784
-3.481616
2.653278
-2.538992
1.432795
-2.893878
-2.000790
1.886474
-3.057853
-3.350012
-3.055863
-0.740772
-1.974863
3.500717
2.563804
-3.593554
3.442494
-1.595916
-3.988300
-3.633278
2.940003
2.442801
2.353734
2.725309
1.650604
-3.262006
-3.531758
-3.439950
2.129060
-2.672288
-2.944091
-2.902975
-3.283978
1.271304
-2.482047
-2.244545
2.874332
1.377795
2.266680
3.936502
-3.469974
-3.340805
-1.579750
-2.290566
2.920781
-1.873181
-2.746970
-3.360164
3.359835
-3.295976
-2.079802
2.860763
-0.100011
2.793748
2.833097
0.691303
2.817688
-3.460689
2.663449
-2.493153
2.961755
2.725551
-2.686910
-3.060540
0.699385
1.983292
-3.436856
2.156241
-0.875690
3.067928
-3.994594
0.921507
0.745743
3.172808
3.368637
2.053659
-2.323820
0.246040
-2.907616
2.274720
1.687194
0.258242
3.369451
1.930145
-3.371773
1.398270
-2.037439
3.598527
-0.573674
2.571973
-2.282224
-3.694840
3.165319
-2.861903
-3.710973
-3.568549
-1.196655
3.543559
2.184365
3.020264
-3.922176
-2.774733
3.590571
-3.624733
-3.713986
3.329209
-3.156193
1.598551
-3.511162
2.583961
-3.391690
-3.656244
2.346012
-2.712920
-3.568528
3.289135
-3.617976
2.831306
2.434237
-3.930041
-3.259884
-2.770069
-3.304079
2.098394
-1.941769
-0.924666
2.686365
-3.070125
-3.235306
3.179592
-3.392839
-3.753769
-1.998267
-2.858884
3.500301
3.451236
-3.618697
-0.549290
-3.910206
2.245889
-2.676485
-0.150179
-3.365607
2.943362
1.738253
-3.996243
0.868037
2.260791
0.185353
3.312337
3.282593
-3.376271
-2.853409
-1.971984
3.145666
-3.201549
3.706616
-2.149430
-2.794550
-3.361279
-2.189167
2.989793
-2.873655
-3.577942
-3.703586
3.281204
2.541632
2.792579
-2.899252
1.972308
2.718420
2.182772
-3.387917
-3.488066
-3.076102
-3.701013
3.077688
-1.027286
1.740157
2.975726
3.183355
2.135784
-3.397954
3.364611
-2.340123
1.911414
2.046340
-3.113151
2.436374
-3.038310
-3.000562
1.415013
-3.622055
-2.592388
-2.976288
-3.706555
-3.191802
-2.807810
-1.937021
3.225675
2.917423
3.003016
1.668645
1.986725
-1.336428
-2.978524
1.268697
3.600962
3.424979
3.250948
-0.437745
3.132706
1.103906
0.940318
-3.288784
-3.670083
-2.665029
-3.498284
-3.615494
-0.730696
3.112598
-3.302209
-1.696970
3.330154
1.434087
1.424938
1.289916
3.103879
-3.254580
-3.313291
2.913243
-2.332383
-3.383545
-3.226394
-2.395191
-3.758107
1.920848
-2.565184
-3.596064
-3.558573
-3.279586
-3.594921
-3.531004
-2.144543
-3.288041
2.790662
3.190723
2.688211
-3.668507
3.826182
-3.734101
-3.642607
-2.890600
-1.936653
-2.122227
2.704130
-3.568603
-0.781835
0.321330
1.459198
2.676074
-3.290858
-3.125915
-3.962890
3.492874
-0.311239
-2.992988
-3.678099
0.035469
2.690608
3.105253
2.644747
1.847228
-2.725655
3.014772
-3.233411
1.138631
2.872735
3.360875
-0.418053
-1.626195
2.860979
-1.942708
-3.322586
-3.805358
2.056507
-2.796608
2.910327
-3.598642
-2.613166
-2.630120
2.342496
2.857410
-3.167567
-2.533824
2.957489
2.552073
-1.216926
-2.459640
-1.296212
3.291027
-3.549465
-2.875974
3.376332
2.448888
3.382971
-1.161977
3.019920
-2.487613
-2.028756
1.944448
-3.229014
3.018642
2.527724
2.464110
3.261781
2.422996
-0.683873
1.737583
-3.157470
-3.214915
-1.914135
2.193143
1.903496
-3.582354
3.172485
2.263658
2.702213
-3.487751
-2.600752
-2.910627
3.105640
2.830019
-2.328904
-3.433113
1.215231
3.186255
3.058327
-3.551326
2.497760
2.265207
0.893719
-3.547550
-2.804711
-3.834989
-1.996706
-3.105668
3.181346
1.467508
3.386864
3.130536
0.667008
2.966012
-3.405333
-2.609097
3.016064
3.281757
2.307165
-3.366211
3.878480
3.428850
-3.724691
-3.297041
-1.349144
-1.029848
-2.201966
-3.985245
2.304416
2.705600
-3.476936
1.182892
-1.933026
3.357558
-0.970689
-3.262590
-2.018653
-1.747094
0.376146
-1.204937
-0.009718
-3.431960
-3.188962
-2.993459
0.298998
2.007177
-3.319856
-3.515069
2.505392
-2.478331
-2.495992
0.716730
-0.074577
1.903161
-3.090088
2.044217
-3.375693
-3.465634
-3.407511
0.953007
3.573172
-3.107953
-3.675713
-0.255295
-3.220109
2.877324
2.346799
-1.529657
2.506610
-3.451792
-1.720274
0.235131
-3.428565
2.721900
-1.983278
-1.462193
-3.310052
2.858420
-3.595339
-3.419737
-3.301422
-2.235342
-2.574292
-3.299290
-3.161516
-3.104178
-3.590343
-3.649228
2.199884
-1.662422
2.158883
-2.805955
-3.206271
-3.456310
-3.221396
1.746735
-2.926461
-3.539615
2.952851
-2.996925
3.316005
-3.156351
-3.459128
2.645378
2.767952
-2.787279
2.808308
-3.084130
-1.924122
-2.725026
2.198240
-2.124303
-0.033973
-3.441112
-3.699261
-3.328093
2.552824
-0.100686
-2.826168
-1.304477
3.492153
1.589408
-3.546300
-3.092792
-3.950283
0.919672
-2.946405
-3.324139
2.535238
-1.429700
-2.870691
1.640051
-3.466369
2.806589
-3.459117
-3.189977
-1.784367
-3.691947
-3.256083
1.632727
-3.767254
-3.526225
3.046978
2.833054
-1.215382
-1.515040
-2.823143
-3.291542
3.045755
-3.885889
-1.184863
-2.350850
0.467453
-2.841110
2.959855
3.883783
-1.047152
3.172859
-3.217099
-3.434126
3.369553
2.731125
-2.820749
-1.432876
-2.960446
-2.817930
0.373856
3.192610
-3.379322
-2.868349
2.295801
-3.304797
3.452554
-2.837624
-3.450700
-3.881620
-3.698170
-2.801720
-0.564911
-3.362115
2.031399
-2.966381
-2.944486
-3.824176
-3.034141
-2.246704
1.871445
-2.885279
-3.581567
1.707703
-2.847464
3.167577
-3.376982
-2.670938
2.968550
-2.927377
3.005167
-3.217662
-1.280444
2.816921
2.920364
-2.644878
0.648552
2.445573
-3.745948
2.589922
3.794982
2.641674
-3.354270
-3.160846
0.194859
0.329928
-3.424179
-3.472765
2.964479
2.950915
-3.524772
-3.398710
-3.278390
-2.837774
-3.290639
0.069278
-1.988871
3.390427
-0.777244
-1.273859
2.267716
-3.443829
-0.194823
3.129458
1.188630
3.021999
-2.938083
-2.808543
-2.419174
-3.367029
-3.034417
3.340541
-3.283681
2.799360
-3.343081
-2.504278
0.957526
-0.796747
2.397108
-3.226878
3.062183
-2.472230
-3.966200
2.325298
-3.564478
-0.439312
3.489668
-3.301275
0.051630
-3.289234
3.683945
3.267482
3.041711
3.532694
-2.379341
2.922769
-3.987594
2.168302
-3.387910
-3.072668
-1.194107
-3.445453
-0.760977
2.308609
-3.574458
-3.420213
-2.565406
-3.221383
-1.554947
-3.321874
-3.242902
2.662952
-2.684058
-1.840495
3.974266
-3.452994
-2.596357
3.218503
-1.068569
2.931574
-2.099517
-3.344801
-3.423987
-3.429993
3.555761
1.470489
3.048101
-3.478395
-1.921221
1.793864
-3.536625
1.546413
-3.458247
-3.815302
-2.952357
-2.153716
-3.526564
3.051552
2.546129
2.408705
1.604298
1.329054
1.077615
-2.680093
3.306690
-3.474455
0.635842
3.324517
-2.588833
-1.626019
-3.982718
-1.270764
3.092676
-3.220396
-2.723712
-1.876896
3.409173
-1.776511
-3.152240
-3.850845
-3.831192
0.033715
0.994373
-2.795039
-2.496262
-3.484339
3.113120
3.500851
-2.906650
-0.106230
-3.258387
0.376526
2.443327
-3.392841
3.213914
-2.929442
1.781637
-2.213290
-3.555369
-3.440149
-2.662892
3.562747
-3.311520
1.639058
-2.554394
1.953175
-2.492810
-2.704933
3.072296
3.412170
2.981701
-2.341402
-3.640287
-3.428945
3.487062
1.596664
0.562359
1.947603
2.523302
3.361349
-3.526380
-2.466607
1.210114
3.222194
-3.273278
2.762131
-3.074584
3.195953
2.815615
2.735967
-3.378068
3.161736
-2.788236
-3.543516
1.952807
3.030602
-3.391532
-2.284164
0.912008
-2.360998
-3.565470
3.253238
-0.875582
-3.455485
3.531658
3.497218
3.213403
2.823808
-3.592565
-2.158550
3.220857
2.285112
3.013596
3.344133
-2.723759
-3.684073
-1.167569
-2.357263
3.083043
1.449059
-2.854579
-2.764042
2.133601
-2.423725
2.910716
-3.252646
3.295452
0.216070
2.836956
2.272427
2.212520
2.920134
2.948856
-2.788355
0.363326
-3.255154
-2.287337
-2.413702
-1.637433
3.041459
-3.210346
3.129908
2.893504
-2.119118
-1.576005
-3.275744
-3.131093
-3.530754
1.371329
-3.237082
-2.827715
-3.489260
-3.138588
-1.911061
-0.247117
-3.142765
-2.270767
-3.753539
3.146757
3.283658
-3.568453
-3.437891
1.424822
3.386548
-3.337569
-3.680589
1.174803
3.081428
2.494978
2.169115
-3.331929
0.411430
-3.164792
-3.981851
-2.599875
1.074708
-3.298795
3.291404
-3.702194
1.362375
-2.125265
3.443818
-3.104962
-3.686872
-2.903138
-3.013539
0.127201
2.212939
0.826528
-1.333135
3.329829
-3.117149
2.879676
1.169959
-2.551080
2.827243
3.222633
0.684987
-3.635312
-3.495089
-3.974941
2.673247
-3.294226
2.799559
-0.664782
-2.292525
2.026364
-3.989277
-3.690495
-2.826752
-0.992272
-3.574795
-2.584574
-2.183556
-3.501123
-3.685988
-3.407791
1.748761
-3.493896
-3.336961
3.345343
-3.134720
1.962733
1.604171
-2.893584
3.141733
-3.414939
2.204031
2.849382
-2.633309
3.404593
-3.031612
1.402942
-3.146136
3.149139
-2.003942
2.399064
-2.953597
3.147865
2.827089
-3.346894
3.694874
-3.400846
2.142051
-2.729573
3.068700
3.030602
3.257835
-3.043231
-2.918416
-3.657579
2.401351
0.015689
-3.532358
3.045396
-3.575867
2.425976
-3.569100
0.891771
2.336726
1.203221
-3.547629
-2.937670
-1.257650
-2.971746
-3.399448
3.946553
-3.377352
-3.312855
-3.571763
1.538558
-0.163093
-3.520217
-1.909087
2.852296
-0.695507
3.204443
-2.945414
-3.330182
-3.178130
-3.628493
-3.541551
1.901173
-1.429404
-3.335345
-3.318594
-3.350447
0.031853
3.070001
1.984686
-2.565825
-3.831794
3.322995
-3.148545
-3.494665
-3.130571
-3.140177
2.977399
3.367463
-2.166249
-3.492595
2.859142
-3.379232
-3.214309
-3.027933
-0.523001
0.112183
-1.471387
2.303974
-3.610059
2.423241
2.599931
-3.662905
3.060845
0.107076
-2.587691
-3.458270
-3.119329
3.228312
-3.549829
3.181748
1.405755
3.011781
-2.876751
-1.939987
2.346009
2.573937
1.752570
-3.658228
-1.237832
-0.471662
-3.273256
3.978126
3.105372
-2.339169
-3.571858
-3.217243
2.283122
-2.418915
-3.662067
-0.129451
-2.669910
1.445077
-2.697113
3.092868
-2.753801
-3.061194
2.637047
3.409682
-1.596564
-3.985203
-3.441601
-3.696653
-2.986560
-2.773119
1.947082
0.961649
1.848103
2.607373
-0.983988
-3.303266
-2.921707
3.038081
0.273523
-2.753826
2.714561
-3.440087
-3.079578
2.872517
3.427813
-3.202400
3.017907
-2.492125
-2.710536
3.282835
-3.266247
-3.648449
2.934118
3.863112
3.370062
1.866016
-3.476421
2.190421
2.905802
-2.975688
2.259313
-3.274292
1.026621
-3.561404
-3.114828
-2.519287
3.287814
3.273774
-3.053022
-3.227579
2.326299
-2.245075
-3.308881
-3.082322
-3.433125
-3.451216
3.661685
3.263856
-3.008762
2.194954
-3.452286
-3.386007
-3.392060
2.851830
-2.228169
3.565463
-3.041539
-3.479902
-3.641822
0.700331
-3.005664
-1.818587
-1.274937
1.892570
2.284471
-3.305163
-2.812674
-1.093614
-3.516176
-2.857864
-2.664386
-3.524701
3.589331
-3.170957
3.382055
1.127041
-1.330645
-2.638444
3.218199
-3.627375
-2.716288
-1.320378
-0.788125
-3.237608
3.014298
2.459603
3.289393
-2.950942
-3.221258
-3.054489
-3.462794
-3.401940
3.171391
-3.496465
-3.425371
-1.581478
-3.452742
2.386800
-1.883212
-2.506024
2.284685
0.118089
1.222914
0.568268
1.883892
3.085033
2.987178
2.380139
2.807983
-2.867547
-1.219145
2.701060
1.150382
-2.299371
-2.740321
2.594974
-3.886499
3.140501
-1.442733
0.469884
1.166510
-2.519655
-3.949992
-3.288566
3.604163
1.967609
-3.550588
3.310982
-2.565924
1.555992
0.300718
3.557509
-3.444452
-0.958335
-3.032092
1.682062
2.757447
-3.494697
-3.540350
3.237505
-2.752104
-3.745797
2.243257
-3.563148
0.725725
1.825553
2.690261
2.168966
3.145221
-1.489126
-3.154397
3.410565
1.141592
0.581672
-3.048803
2.988820
-3.371737
2.664784
-3.767473
3.435094
3.235143
2.868491
1.572494
3.422517
0.265195
2.804809
-3.076331
-3.453409
-3.506387
-3.334636
-0.858084
-1.629545
-1.440350
-3.677627
2.465267
-3.530651
0.965373
-1.264344
-3.457108
1.474097
-3.004728
-0.814900
2.648835
2.588140
-0.510218
-3.197482
-0.196689
2.693608
2.875306
1.001693
-3.413067
2.173706
-3.154646
-3.805124
-3.764413
-3.569051
1.649585
-1.615075
-3.777778
3.149388
-3.581399
-2.422779
-3.882390
-3.377930
-3.617390
0.005283
-3.921498
3.365452
0.605478
-3.550315
-3.779249
-3.392660
-3.589293
2.850794
-2.016569
3.121671
-2.767476
2.475471
3.567837
3.385260
3.561587
-2.578031
2.316271
-1.557726
-3.593666
3.488349
-3.613677
0.975453
-2.747455
-1.601124
-3.271412
-2.315674
-3.649347
3.230463
3.363258
3.311240
-3.640354
-3.668358
-3.053619
3.413140
-3.627647
-2.387055
-3.428808
3.323278
2.123053
-2.660927
3.160472
2.658500
-3.464360
-3.099444
-3.331667
-2.222340
2.940980
-2.503439
3.118790
2.992887
-3.477546
2.532802
-2.823805
-2.972028
-3.503644
2.795654
-3.078887
-3.191336
-3.145157
-3.236203
3.711051
2.707309
3.244029
-3.612403
0.080521
-3.337442
2.972729
1.791315
-3.400471
-3.552491
3.018439
-1.716117
1.382978
-3.318754
2.928041
-2.718064
-2.806350
-2.249552
-3.298109
-3.485575
-3.525625
-3.679819
3.190093
-2.732526
2.146051
0.193426
-3.544072
-3.899482
-3.163702
-2.429180
2.607682
2.215976
2.619505
2.078002
2.906229
3.432813
-2.607506
-3.945416
2.401631
2.250601
-0.681538
-1.797533
3.231185
-3.306866
3.097816
-1.767113
-0.334295
-2.472770
2.916658
-3.723405
2.031623
-3.484929
-2.333637
-2.510675
-3.414333
-3.709472
3.516543
2.719544
-2.819262
-2.585595
-3.005378
-3.454980
3.307714
3.112361
-3.230338
-0.815468
-3.172730
-3.046652
3.174035
-2.691304
-3.060090
2.231149
-3.391569
3.057133
0.239450
3.381257
-0.956260
-3.812214
3.368356
-3.067543
3.246998
2.926796
2.913393
-2.923381
3.381448
-2.874659
-0.707136
-3.423363
-3.020214
-3.520037
3.128385
-2.712484
3.151684
-3.846756
3.119069
2.550717
-1.232028
-3.386718
2.282017
-2.663587
-3.439561
-3.275706
3.097396
-3.474876
-3.136551
-3.699660
3.130303
-3.612554
2.173945
-3.773662
3.610972
-3.229292
-2.819711
-1.954859
-3.746307
-3.634274
-3.963412
2.954182
-3.809557
-2.598185
-3.277402
3.199085
2.712059
0.489243
-3.472417
-3.970884
-2.870649
-2.942997
2.209054
3.336027
1.804744
-1.737411
2.425005
-1.313131
3.135798
-1.968548
2.499776
-0.496546
2.992097
-0.622348
-1.420032
-3.742072
-3.283954
3.667057
-3.574889
2.073465
-3.205069
2.929375
1.023774
-3.435394
2.115096
2.803440
-3.044633
-3.217255
3.330976
3.371618
-1.091289
3.965062
-3.256397
3.252069
2.164193
0.471086
-3.275774
-3.671537
-2.735879
-3.087290
-2.049582
-2.134107
-3.306328
-0.856659
2.627244
-2.620401
0.662792
-1.616392
1.594276
-3.330157
3.181241
1.194806
-3.181930
-2.778081
-2.918127
-3.481516
1.346949
-3.600141
-1.506043
-3.418955
-1.542270
-2.087008
-2.058463
-3.324111
2.476772
-3.599104
-3.642622
-2.663268
1.488539
-2.493693
1.505455
-3.663872
1.654301
-3.026152
-2.916008
1.853841
-2.050863
-1.801669
2.413417
3.362478
-3.403594
2.528087
-2.658258
-3.640675
-0.891034
-2.600225
2.968004
-2.617178
-3.404827
3.067412
-1.314244
-1.390853
-3.704340
-2.475907
-2.410012
-2.168066
2.337535
-3.196840
3.126292
-2.999072
-3.554023
1.584717
3.385526
-3.651062
2.329925
-3.166768
3.331299
-2.943819
2.945798
-3.279646
0.252034
1.565581
-2.140658
2.210561
-3.170978
3.351269
-3.073580
2.019849
2.931902
2.314024
-2.148041
-2.837067
-3.630525
2.382277
3.166618
2.872874
3.102268
-2.391195
-2.044670
-3.239438
-3.501036
-3.921366
2.594312
-3.759016
2.627069
-3.699802
1.742633
-3.323322
-1.425776
-3.252855
-2.171154
-3.367189
3.387949
3.026616
-2.659377
-1.487612
-3.215591
-3.590557
-3.177622
-2.788205
2.646252
-2.717357
3.578601
-0.858155
2.459521
-3.502403
1.577008
-3.400329
-2.465185
1.646105
3.024560
-3.232715
2.754393
3.635958
2.399767
-2.121447
-3.718062
-2.920858
2.881137
2.532159
2.994673
-2.747969
-3.411054
-2.726745
2.588818
-3.254724
-3.349668
-3.693133
-3.555190
0.059627
0.798088
2.778049
-0.591352
-2.720945
3.045001
-2.998750
3.019165
-3.457370
2.918853
0.383836
-3.528757
-3.337400
-2.263800
-3.947737
-3.338399
-3.072256
2.083163
-3.270622
2.775266
-3.206740
1.639029
2.454989
2.724591
-3.429616
3.368200
2.400850
0.418513
2.630497
-3.481513
-3.731752
-1.943713
-3.515618
-0.261439
-3.096940
2.788289
-1.562273
-3.692009
-1.634809
-3.337736
-2.305507
3.154993
2.276768
-3.283175
-3.273819
2.892376
-3.741784
1.565734
0.160776
3.334493
-2.720823
-2.048041
-3.297056
-0.907606
1.624656
3.240399
-2.108330
-3.452646
1.101208
-3.660709
3.224385
2.280171
3.202883
0.548904
-0.570635
-2.639615
-3.715213
3.085780
2.087907
3.374933
-2.615382
2.972017
1.825580
-2.873927
2.910671
-1.828475
-2.887841
-3.506461
-2.631980
-3.481111
1.634214
2.597154
-3.297941
-2.415436
-3.375759
2.518129
2.937829
3.147450
2.638018
0.491636
-2.612698
-2.166411
2.410460
2.692011
-3.368719
-3.110308
-2.247074
-3.257230
-2.834952
2.495802
-3.523433
-3.559004
-2.266640
-1.580652
1.421532
2.515507
-1.638671
-2.752152
-0.523503
-3.307206
-3.482407
3.019458
3.057898
0.279669
2.402095
-3.556196
-2.937825
-3.439259
1.368329
-0.122149
-1.096063
-3.563395
2.715816
2.064924
-2.771086
-3.369960
-2.378336
2.693281
-2.692171
-3.344252
3.240342
-3.471128
3.104101
-3.337491
-2.178018
-2.485169
3.501839
-3.588118
-3.297564
-1.205689
3.061403
1.763267
-2.393059
-2.799513
3.069880
2.931816
-3.108932
-3.553998
-3.203269
-3.270538
-1.572328
-3.383348
3.207221
-3.324467
2.938329
0.736246
3.013463
3.209443
-3.246785
-3.455948
-3.611703
-3.490575
2.094439
-2.540833
-2.802073
2.932945
2.248173
3.584767
-2.442957
-3.455968
-3.527896
3.020515
1.423825
3.963133
-3.126020
3.297121
2.257278
3.302045
2.758420
1.600236
3.917977
2.699149
1.657820
3.522757
-3.499898
-3.665773
3.341263
-2.270694
-3.698933
1.065983
3.065499
-3.543596
-3.435250
2.475085
1.496999
-2.936249
-3.508004
-1.491586
2.153380
-3.360037
2.951279
3.985176
1.222009
-2.100557
2.505375
-3.373762
-3.628744
2.875607
-2.150936
-3.038096
-3.642013
-3.236482
-3.135772
2.840095
1.242563
1.963296
-3.876434
1.971617
3.215724
3.652058
3.276674
2.707622
-1.727844
0.115666
-2.675097
-1.688816
-2.880644
-2.471205
-2.768833
2.445280
2.911614
2.598950
-3.695139
-3.394088
3.166720
-2.725210
0.650734
-3.716419
-2.090527
2.003744
2.114666
-1.766269
-2.917295
-1.723554
3.429178
-3.484674
-3.443799
3.098043
0.331720
2.295739
-3.369310
-3.517122
-2.959449
-3.323763
-1.969471
-3.184754
-0.222929
-3.171852
2.841086
-1.856231
0.203775
-2.245738
-2.446615
-1.108058
2.912620
3.147094
2.635927
-1.939532
-2.469110
1.222666
-2.598368
3.373028
-1.900354
-3.327785
-3.244222
3.426741
-3.065746
-3.344039
2.332188
-3.044451
1.227254
-1.494533
-3.830318
-1.558235
-3.713031
1.543100
-3.846389
-3.786534
3.125187
-3.524779
3.011141
-1.583398
-2.244328
2.916218
1.723034
-3.466285
3.187860
1.418936
-1.370312
-0.141057
1.016337
-3.134842
-3.229736
-1.479976
3.364478
-2.272152
1.724593
3.075918
2.417468
2.187238
-2.983518
3.320844
1.267985
-3.499110
-2.755093
0.317170
-2.806947
-3.620340
2.842232
3.270394
-2.991496
2.718135
-3.553746
2.500647
-3.635281
-3.323930
-3.645467
-0.683928
3.332469
-2.255389
2.668294
2.597304
-3.540253
3.401941
-3.976409
3.235808
2.625969
2.669948
0.790271
1.315762
2.854422
-3.662016
2.425797
3.005496
-3.400935
-3.402583
1.045591
3.195918
0.151738
1.004863
-3.449284
3.280308
0.391453
-2.667907
0.295974
-2.469629
0.342359
2.529899
-3.292092
-3.439552
-3.942360
1.931851
-3.006471
-3.081183
-3.976659
2.978093
-1.173318
2.632226
-3.495216
0.041252
2.223833
-2.924745
3.012464
-3.318096
3.221274
-3.670795
-3.581222
3.597869
-3.437236
1.661853
-2.578614
3.160562
1.583705
-3.708607
-1.980470
0.587210
-1.854814
3.382454
1.819576
2.884125
-2.678803
-3.673755
-0.639859
-3.876828
-3.474967
3.232682
-3.608840
3.250990
-3.648586
-3.469447
-3.962729
1.159331
-3.984270
-3.615755
-3.288291
0.747820
-2.939837
2.637627
0.995323
-3.300996
1.502028
3.248434
3.269011
2.376476
2.643060
2.590295
-2.733696
-1.553057
-3.647889
-3.595423
-3.131166
0.097046
-3.005675
-0.739970
-3.990253
2.370254
-2.020812
1.349384
-3.646578
2.918435
-3.221826
1.567772
3.422232
-3.232642
-2.210328
-3.108792
1.072672
3.257328
2.399165
-0.196426
-1.646674
2.049832
-1.003784
0.744855
-3.557531
-2.266731
-2.519152
-2.955761
-3.150150
2.950190
-3.966587
-3.436785
-3.557248
1.558540
1.922052
-2.278906
-0.178829
-2.872270
1.416561
2.586703
-1.953003
-1.896257
-3.786424
2.930759
-3.536511
2.760676
-3.010563
0.773156
-1.589048
2.978822
2.293962
2.126082
2.364149
2.958805
-2.490308
-3.447680
-3.580682
2.514789
3.619388
-2.991040
-3.486395
-3.507324
-3.097150
1.373431
-3.363619
-3.697947
-3.358460
3.035276
-3.341509
-3.579419
2.862389
-3.935546
2.924698
1.477266
2.677444
-3.170598
-2.689891
-2.922026
-3.618398
2.647625
2.104025
-3.601391
-3.493291
2.176019
1.695008
3.966346
-3.121687
0.125351
-3.230957
-3.384680
2.781135
-3.188871
-3.142718
2.503577
-2.906555
-3.304889
-3.405918
-2.144846
-3.984989
3.101730
-3.466274
0.875901
-3.543870
-3.418587
-2.614932
-2.570402
-2.187096
1.186724
2.381695
-3.085566
-3.619995
2.547791
-3.611698
2.403498
2.303217
-2.859829
2.883185
3.068886
1.028057
-3.440902
-3.311655
-1.627665
-3.329285
1.584797
-3.731178
3.057173
-3.073162
-1.705742
1.821882
-3.536858
3.014904
-3.202097
1.819507
1.330558
-3.574465
3.132389
2.729803
2.978791
-3.558710
2.272827
1.720570
-0.636168
-3.967703
1.340071
-3.158333
1.657129
3.134082
0.122432
-3.485898
3.263155
-0.830734
-2.823416
-3.556479
3.278690
2.989434
-3.498003
0.191777
-0.672215
0.099092
2.208765
3.262814
-2.823951
-2.553430
-3.284335
3.027336
2.820229
-0.857594
-3.074246
-1.041530
-2.808705
2.724085
-2.505299
3.310988
0.185101
2.878720
2.417817
-3.983359
-2.933905
-3.374823
2.494882
2.285354
1.997368
-0.809666
1.109542
-2.448556
-1.798569
-3.324069
2.303794
-2.800024
2.232185
-0.292755
-3.203395
-1.535282
-3.112901
2.259310
3.589077
2.896841
2.627845
-3.766730
2.250512
0.686622
3.528530
-3.080788
-2.721030
2.779947
-3.314653
-1.977091
2.975510
-3.966364
2.431386
-2.322766
1.770295
3.153634
0.560456
1.433773
2.589721
2.891565
-3.422502
-2.903429
-0.751650
-2.190573
2.533674
-3.492770
-3.577871
-3.540613
-1.591145
0.098373
-3.529215
-3.332060
-3.963037
-3.304232
-3.572468
-3.395819
0.568316
-3.543709
-1.940051
3.481290
2.754854
-3.253583
3.182976
-2.517437
1.764326
2.823580
3.340154
3.108585
2.832252
-3.234873
-3.032536
1.156536
3.052552
2.861830
-3.309240
-3.632087
2.952301
0.411517
3.343250
3.187477
-3.399291
3.532135
2.225480
-2.135122
2.067493
-0.213090
-3.598419
3.286917
2.800557
-3.881290
2.525677
-2.837412
3.085686
0.575930
-2.878133
-2.333631
3.188700
-1.702552
-1.920648
-3.267439
-2.100639
2.974160
1.878004
3.389711
0.652601
-2.322009
2.520074
-2.864021
3.380893
-3.348245
1.038653
2.635436
-3.429734
2.122051
-2.996346
-3.402076
-3.990403
3.500012
1.413373
-3.580711
-3.663906
0.281990
-3.533953
-0.879494
-3.727798
-3.621420
-3.952922
-3.047009
-2.909235
-3.080102
-2.856633
2.654346
3.293990
-3.037890
-2.278550
3.276221
-2.773266
-2.542145
2.222479
-3.163903
2.891329
-3.634959
-3.687882
-1.431790
-3.613733
0.102020
2.577080
-3.330872
2.800264
1.957752
3.299471
3.247254
2.827369
-2.025900
-2.555765
-3.216775
-2.483132
1.674023
2.559363
2.050605
2.243778
2.262397
-1.722052
2.639539
1.763157
2.733601
3.459390
3.026102
-3.380114
2.780961
2.830898
-2.862223
-3.583708
-3.370238
-3.146351
3.007839
-0.989971
-1.277440
2.636420
1.529560
-2.793938
3.317709
2.583598
1.387801
2.647602
1.691915
-2.121127
-3.505478
-2.948160
-3.593975
0.553378
-3.429577
-1.061467
1.904751
-3.480907
-3.653471
-3.613551
0.382600
3.128826
-2.507324
-1.675101
3.065635
-3.976300
-2.144222
2.422978
2.476889
2.345610
-2.888644
-3.584522
-3.223381
-0.152840
3.271292
-2.782174
-3.978382
-3.912676
-3.200348
-2.555940
-1.426754
-3.325707
-2.330047
3.352322
-1.887626
2.181544
-1.866389
2.489470
3.365056
-2.359900
-3.922752
-3.598996
1.946100
3.094632
3.042022
-3.211419
-2.326974
3.099928
2.915138
2.985233
3.227666
3.226743
1.245294
3.246682
3.111095
-3.988487
2.746015
3.455822
-1.131731
2.910697
-1.890594
2.933413
-3.521517
-3.220316
-3.433959
3.049643
3.412172
2.166164
-3.465833
-1.057993
-2.212453
2.145889
3.333394
2.596633
-1.795004
0.621049
1.974935
3.109969
-2.917032
3.207967
2.267144
-2.790507
2.979966
0.768849
3.419541
3.351361
0.307652
3.240312
2.907532
-2.420039
0.103100
-3.493640
3.976323
0.426658
2.467350
-3.113742
-2.675849
3.256237
-1.828678
-1.023110
-3.510358
0.237839
3.603756
0.181741
-2.056442
-3.204884
-0.869871
-0.686670
3.417239
-3.628467
-2.166533
-1.984386
-3.615998
-1.902209
1.770553
2.858271
-3.627946
3.165113
-3.478559
-3.798538
1.053230
-0.893086
-3.288716
-3.200147
2.539818
2.146488
-3.583968
-1.357047
3.271572
1.262253
-3.948567
3.537355
-3.524552
-3.365693
-2.251508
-3.611624
-3.434454
-0.532501
2.348431
-1.962412
2.831420
2.209666
2.269131
-2.369433
-3.115512
2.717802
-2.452525
1.569627
2.795302
3.157704
-2.929176
-1.821529
3.461125
-3.459396
1.206510
-3.679697
2.890015
3.155026
-3.099292
-3.685774
2.058239
2.971068
2.802255
1.089291
-2.680540
-3.136025
2.366222
2.990753
0.112126
-3.520507
-0.092181
2.862036
2.731197
-3.456755
2.604887
-3.465308
0.103087
-3.703784
3.427206
2.970238
-3.987489
-3.479799
-3.254937
-3.570810
2.722243
-3.567020
-3.184638
2.740012
-3.228720
-2.714838
-3.264825
-3.390746
2.450422
3.353725
3.127437
3.648523
1.521744
2.940312
2.289620
1.141459
-3.339515
-1.674527
3.377647
-2.972489
2.078679
0.665666
2.314447
2.498306
2.521704
1.992029
-1.740159
3.298058
3.176243
-1.763582
-3.128192
3.933225
3.135636
3.237391
-2.983492
-3.410113
1.137880
-0.061584
2.234510
-2.343051
2.822426
-3.470388
3.227166
0.556609
3.449439
1.695203
3.066698
-3.421816
2.372587
2.745436
2.213691
-3.506345
0.162961
-3.954705
2.625861
-3.085620
1.684221
-3.555627
-0.527906
3.348859
-3.718598
-3.414038
-3.168525
-1.527990
-3.625671
-3.307802
1.736003
-3.437424
3.455337
-2.953157
-0.512291
-3.561933
2.251941
2.964856
2.556522
2.634065
3.265819
-3.692792
-3.168739
2.201729
2.490092
3.087417
3.154846
-3.568803
2.881124
3.329217
3.108208
2.895278
-3.406244
-0.569024
-3.390645
2.617981
-3.640855
3.159911
-3.973475
2.670392
3.344842
3.717899
-3.193234
-3.270714
2.738561
-3.109509
3.294764
-3.467075
-2.925402
-1.273661
-0.184662
-2.905299
2.882972
-3.674813
-3.588015
-3.398958
3.426702
3.236583
3.448368
-3.660835
-3.615689
3.049362
-3.365605
2.994909
3.130964
1.856028
-1.946061
2.640821
-3.697031
-1.941516
-3.149637
-3.035016
-3.727126
-3.442761
-2.023667
3.304421
-3.253399
2.646132
2.431957
-2.974705
0.390241
2.861075
3.395290
3.967717
3.367308
-2.203447
3.224425
3.037666
-2.475353
3.036423
2.441095
3.953401
2.801622
-3.111359
2.643468
-3.374100
3.380399
-1.110558
3.094167
0.991875
-0.587992
-3.292364
-1.936437
-3.606776
1.444424
-3.548069
-1.230770
1.647097
-3.568723
-3.639772
-3.652723
2.244176
-3.397005
3.401397
2.734448
-0.200497
-3.366147
2.778032
-2.825613
-2.918295
-3.092862
-2.799913
-3.501134
2.044317
-2.445141
3.031117
-3.047886
2.265758
-3.454419
-3.093082
3.387009
2.493527
3.942961
-2.726865
3.184322
-3.012000
-3.299381
-0.560008
-2.700564
-3.521353
-2.590969
2.858178
3.282909
-3.624536
2.327015
-3.074895
-3.741857
2.170887
0.558532
-2.982251
1.672899
2.353076
-3.267166
-3.194552
-2.500611
-2.979675
-3.597342
-2.355762
-3.545188
3.399796
2.433180
2.245472
3.238136
-0.869880
-2.458492
-1.936287
-3.261344
2.365277
-2.226565
-3.251890
-3.293682
1.080876
-0.197332
-2.682835
-3.176602
-2.097621
-3.513506
-3.077125
1.241882
-3.103597
3.031444
-3.226297
-2.664734
-3.069063
1.520747
2.769866
-3.306526
-2.988130
-0.923463
2.626993
-2.675573
0.903446
-3.225973
1.362347
2.893621
2.251531
-2.763141
-3.592280
3.223275
1.670869
-3.628699
1.566872
2.245914
2.782246
3.415502
2.512826
1.808164
-0.674999
0.313454
-0.751872
2.632103
-3.443344
-2.868722
2.856339
3.195036
-3.395538
3.043289
2.433744
-3.303019
-3.125509
-0.891444
-2.328356
-1.759337
3.174168
-3.667673
2.598864
-2.703880
3.196035
2.432755
3.024373
3.263081
-3.582494
3.601877
3.344319
-2.942405
2.881148
-2.945274
1.769889
2.926276
-3.226414
-2.754709
3.349807
-2.764805
-3.594330
-3.418042
2.534243
2.656225
-3.663728
3.669953
2.910835
3.228757
2.337188
-2.847786
1.787002
-3.041405
-2.273686
-3.715253
-2.544594
1.874280
2.953048
-2.419897
-3.476397
2.528740
-3.635133
2.464418
-3.366009
3.118234
-3.486376
-3.281032
-2.435651
1.634726
-3.473265
-2.316859
-3.132480
-2.915774
1.441622
-3.335912
-2.490287
3.907198
2.705799
-1.043742
-3.093070
0.016128
-3.062772
1.848342
-2.995621
-2.195080
-3.322009
3.053231
-1.845694
2.342518
2.601015
-2.769186
2.278045
-3.648526
-1.386264
1.341605
3.140658
-3.362912
-3.768076
3.106559
-0.982331
-1.672899
2.849514
2.240036
0.208805
2.724261
2.394633
-2.556935
1.460064
0.016503
-2.567329
2.930228
-2.124500
2.951941
-3.732685
3.700804
-3.258300
2.487465
2.398662
0.462250
-0.565912
-3.260065
-3.159139
-1.720537
-3.122572
0.052786
0.082726
2.352528
3.400201
2.690092
3.224361
-2.821914
3.410251
3.033985
2.914846
-3.604974
1.388253
3.149543
-3.055683
-3.763004
-3.482388
-3.270751
-3.062481
-3.979733
-3.659887
1.603337
-3.350853
-3.209936
3.038383
-3.034243
-2.211967
3.276679
-3.243776
2.488445
3.449079
0.729625
3.196555
3.121863
3.161496
0.544902
2.917148
-3.246087
2.926923
-0.987046
-2.509586
2.215512
2.282644
-3.219263
-3.753577
-3.195084
-1.410598
-3.662874
3.308879
-3.118197
-2.600030
-3.508704
-2.856738
-3.596665
-3.518517
2.761794
1.755961
3.052530
1.864621
-3.019575
-2.070924
3.726506
-2.674909
-1.479190
2.336757
2.314418
3.246789
2.382330
3.387558
-3.256243
1.749421
3.184993
-3.213587
-3.388038
3.821624
0.423969
-1.789061
3.114307
3.287593
-3.460491
2.816298
1.800704
-3.039342
0.069408
-3.516882
-2.327414
-1.060699
3.562190
-2.374901
2.665481
-1.186902
2.225656
-3.781391
-0.089242
-0.977570
3.406280
-0.004181
3.031006
-2.868571
-1.322580
-0.921102
0.797435
-0.340327
0.404961
3.467422
2.719394
-3.485130
0.572111
-3.400340
-2.876057
-3.567204
-3.329213
2.495715
3.375904
2.811469
3.365279
3.324510
-3.343448
-3.194511
2.504065
-3.494211
2.357586
3.493705
2.693542
0.838849
1.288564
-3.595515
1.226794
-3.295126
2.284311
-3.530950
1.176540
2.413340
-3.112554
-0.045350
3.255617
-3.372514
1.824361
2.086727
-3.750564
0.891224
2.400527
-3.727879
-2.158813
-1.266923
-2.389654
-3.524343
3.097990
-3.260521
3.024327
2.818516
2.731456
2.978228
3.294958
-0.879433
-3.769993
2.807244
-3.294580
2.135209
-0.681933
0.578294
-1.374842
-3.296205
2.667312
-2.925374
-2.828416
-3.085342
3.504923
-3.005120
-2.479973
3.287394
3.183781
2.525199
-3.102141
2.249218
3.139599
-3.121247
2.365287
-3.039514
3.352535
1.147368
-3.668890
-2.880518
1.507140
2.183934
1.598358
-2.951322
2.773945
1.223195
-3.546241
-3.654715
-3.544761
3.328308
-3.506906
-2.834742
-3.134051
1.444323
-2.218442
3.242913
-3.345301
-3.293731
-3.357075
3.648893
-2.816455
-3.467435
-2.812086
3.300063
-2.879234
-2.361883
-3.176341
-3.935090
-2.615014
2.199314
-1.252887
3.227958
3.084927
0.100022
0.427797
-2.693340
-3.960267
-3.685724
-2.937228
3.017878
0.556678
-3.484919
-3.839066
-3.956903
-1.981613
-1.613417
-3.523323
3.227946
-3.721744
3.004206
-3.533430
2.761087
-3.101997
3.957132
2.590352
1.685149
-3.481195
-3.457363
2.512581
-3.425850
-3.629278
-2.118248
-2.466918
-0.051580
2.568172
-2.916370
-1.350691
-3.593278
3.236962
-1.471149
3.439750
-3.036284
-3.225258
1.388827
-3.519432
-2.949931
-3.729531
-3.626005
-3.569595
2.553927
2.695902
-2.606062
-1.736727
-3.423950
3.278248
