1.000000	0.800000	50	0.100000	ARCHIVOS_REDES\ER\ER_651.txt
-0.015980	0.104396
-0.124251
0.074395
0.004774
-0.072840
0.047720
-0.031989
0.031857
0.094032
0.109619
0.066699
-0.108212
-0.147299
-0.029939
0.141228
0.107549
0.087582
0.135472
-0.007664
0.031923
-0.003875
-0.004716
-0.072210
0.074749
-0.150119
-0.072874
-0.161403
0.094621
-0.012961
-0.145816
0.224916
0.073082
0.165734
-0.147931
-0.078913
0.134656
0.005870
-0.119426
-0.068552
-0.048666
0.038717
-0.073039
0.039589
0.127349
-0.079291
-0.099125
0.085155
-0.144801
-0.102602
0.154714
-0.177406
0.016512
-0.023619
-0.100204
0.198915
-0.086515
-0.038458
-0.084463
0.048259
0.025840
0.096820
-0.121670
-0.008778
-0.158603
0.098049
0.025027
-0.158865
-0.042638
-0.014041
-0.158229
-0.014183
-0.077804
-0.152204
-0.182716
-0.000679
-0.126630
0.008765
0.209821
0.077397
0.108605
0.030110
-0.064539
0.159238
0.033118
0.098146
0.133884
-0.127596
-0.106224
-0.163850
-0.029599
0.016054
-0.022868
-0.064381
-0.063217
0.041368
-0.076315
0.020718
-0.189622
-0.115224
-0.154464
-0.021583
0.186539
0.124386
0.143250
-0.121090
-0.142880
0.036734
0.058460
0.014269
-0.103624
-0.036283
-0.041178
-0.091724
0.140997
-0.021208
-0.083749
-0.003808
0.101361
-0.086080
0.048060
0.004752
-0.100802
0.077438
0.073799
-0.010393
0.114917
0.046947
0.013909
-0.056670
-0.100915
0.019389
-0.154767
0.015036
0.121930
-0.120276
-0.134064
-0.053123
-0.133196
0.128073
-0.094331
-0.082750
0.125155
-0.203421
0.086905
0.094728
0.122581
0.098985
-0.176284
-0.080171
0.088759
0.035805
-0.146396
-0.032961
-0.010331
-0.089334
-0.159585
0.053986
0.052868
0.195050
0.149529
0.117886
-0.024959
-0.112246
0.014098
-0.146864
-0.223020
-0.103597
-0.088411
-0.007469
-0.123109
-0.060916
-0.042806
0.195725
0.080256
0.136920
-0.029888
-0.016343
0.163844
0.030361
0.068379
0.111682
-0.100285
0.140311
-0.093882
-0.079200
-0.001607
-0.164795
-0.069676
0.014174
-0.142431
-0.137628
-0.112234
-0.198488
-0.041296
0.080401
-0.051819
-0.107582
-0.012110
-0.031048
0.015310
0.170441
-0.134554
0.047356
-0.044226
-0.009834
0.166441
-0.099978
0.033834
-0.149785
0.079600
0.030150
0.066469
0.062026
-0.122969
0.073944
-0.077506
0.117997
0.131296
-0.128965
-0.081495
-0.120970
0.093015
-0.083596
0.021338
0.043988
-0.054731
-0.134259
-0.109749
-0.009561
0.093794
0.124221
-0.013974
0.024588
0.121872
0.159408
-0.050179
-0.210496
-0.109561
-0.026423
0.026540
-0.175328
-0.152078
0.002996
-0.123964
0.030102
-0.147272
-0.064921
-0.005396
0.054847
-0.008532
-0.146912
-0.180155
0.112513
0.035556
-0.157246
-0.159004
0.155771
0.158664
-0.129992
-0.111212
0.021028
-0.082802
-0.074806
0.046982
-0.031431
0.014601
-0.110737
0.113696
-0.056349
0.069216
-0.140702
-0.055956
0.021358
0.013544
-0.183194
-0.169916
0.033241
-0.084516
0.010328
0.187052
0.033596
-0.039471
-0.138974
-0.027935
0.185201
0.038771
-0.104866
0.066596
0.094447
-0.144065
-0.090973
-0.046338
0.107295
0.112687
0.118293
-0.172335
-0.199923
-0.081589
-0.061442
-0.119205
-0.040565
0.042525
-0.159162
0.002003
-0.071730
0.049722
0.069462
0.005708
-0.183684
0.032742
-0.020036
0.003464
0.064870
0.052200
-0.058869
0.018630
0.019534
0.040958
-0.130573
-0.017161
0.122503
-0.144662
-0.008033
0.140122
0.034620
-0.203273
-0.078053
0.043831
-0.167469
-0.056016
0.034748
0.154576
0.152643
0.119492
-0.123734
0.106546
-0.075437
0.036032
0.085193
0.008541
-0.151984
-0.068162
0.110570
-0.121765
-0.115550
-0.083675
-0.069453
0.136352
0.013752
0.045752
0.027686
-0.167416
-0.023425
0.191282
-0.010761
-0.126906
0.163618
0.108372
-0.202716
-0.014340
-0.021435
0.077458
0.017927
0.084171
-0.039510
-0.095583
-0.175624
-0.182538
0.067555
-0.080285
0.030678
-0.068414
-0.131775
-0.078754
-0.149641
0.207334
0.028114
-0.051759
-0.041682
0.117805
0.098153
-0.022957
-0.030935
0.110793
0.157895
0.054064
-0.074130
-0.178043
0.019625
-0.121395
-0.054143
0.027986
-0.027163
0.092276
-0.094231
0.102255
-0.173055
-0.087180
0.128507
-0.013461
0.159923
-0.054213
-0.091981
-0.117689
0.070293
-0.239314
0.074787
-0.145686
0.082219
0.064586
0.180142
-0.010663
-0.071920
-0.189298
0.026654
0.160141
-0.000905
0.151624
0.014133
-0.164379
-0.004205
-0.079737
0.041654
-0.114417
0.103050
-0.073371
0.109905
0.014148
-0.088689
0.101249
0.028576
-0.054602
-0.068084
-0.164151
-0.070360
-0.005801
0.040326
0.061215
0.046719
0.092543
-0.019325
-0.205960
-0.094769
-0.137050
0.111199
0.033403
-0.063135
-0.083071
0.105522
0.061386
-0.022648
0.123683
0.161205
0.110496
-0.104411
0.129990
-0.107324
-0.165646
0.124063
-0.091083
-0.081463
-0.085327
0.076783
0.112727
-0.144049
0.056960
-0.008521
0.032937
0.164974
-0.071383
-0.021166
0.032647
-0.074012
-0.155194
-0.036611
0.222856
-0.066037
0.131926
0.026523
-0.114711
-0.069385
0.042315
-0.176095
-0.153055
-0.195957
0.034435
0.179068
-0.117156
0.081387
-0.111054
0.154675
-0.020200
-0.069150
-0.079068
-0.156783
0.091870
-0.103826
-0.170079
-0.123285
0.128988
0.167605
-0.011614
0.069694
-0.181989
-0.103070
0.096283
-0.238453
0.154921
-0.013966
-0.106243
0.176300
0.141288
-0.013612
-0.172710
-0.075713
-0.037642
0.173152
0.022724
0.177323
0.093796
0.124121
-0.181430
0.196259
0.046971
0.037417
-0.036009
-0.047932
-0.006925
0.128447
0.047296
-0.089662
-0.166770
-0.078694
-0.142925
-0.158883
-0.064831
0.118549
-0.048395
0.092700
0.157311
0.087201
-0.040481
-0.066210
-0.140492
0.125708
0.001813
0.010866
0.024231
0.042879
-0.092403
0.091168
0.026288
-0.205245
0.131755
-0.148806
-0.002702
0.045575
-0.117718
-0.186616
0.013115
0.149640
-0.005199
-0.107539
-0.071207
-0.041353
0.068726
-0.166812
0.062880
-0.136834
0.039776
0.120448
0.015965
0.056496
0.156392
-0.123481
-0.124676
-0.061529
0.185607
-0.108232
0.102947
-0.060546
-0.022011
-0.083381
0.021303
0.030667
-0.102199
0.132441
-0.109534
-0.066160
-0.120245
0.110650
0.206727
0.048675
0.157814
-0.134571
0.183362
-0.134147
-0.068146
-0.037550
0.022295
0.100525
-0.145885
0.029489
0.022759
-0.015415
0.058011
-0.170897
-0.204885
-0.055536
-0.130292
-0.087760
0.013171
0.003043
0.075943
0.017584
0.092005
-0.129498
-0.051625
-0.120178
-0.028640
-0.199215
-0.019150
0.046756
0.111092
0.100343
0.044510
0.044499
-0.134336
-0.078700
-0.077738
-0.198707
0.063589
-0.016858
0.032483
-0.041271
0.013713
0.039687
0.095615
-0.075700
-0.180300
0.040283
-0.044908
0.032152
-0.161209
-0.073278
0.103794
0.034417
0.097872
-0.018969
-0.104511
0.078381
-0.037542
-0.175017
0.114424
-0.111215
0.038471
0.105529
-0.081800
-0.059951
-0.113733
-0.114718
0.001103
0.095871
-0.156241
0.054475
-0.065820
-0.067501
-0.065180
-0.064263
-0.126965
-0.057908
0.015955
-0.116516
-0.041675
-0.076658
-0.028294
0.087388
0.052851
0.063054
-0.188620
0.074787
-0.145589
-0.067048
-0.119801
-0.072946
0.053928
0.079769
-0.104632
-0.065818
-0.015074
-0.049633
-0.160440
-0.197437
0.026479
-0.010186
0.063721
-0.175393
-0.097799
0.067049
-0.121577
-0.080794
-0.023433
0.096697
-0.101108
-0.035036
-0.166066
-0.016666
0.014586
0.060438
-0.115707
-0.042805
0.052051
-0.075269
-0.111771
0.018960
0.000956
-0.215409
0.087510
-0.029304
0.065761
-0.099942
0.044683
-0.063983
0.049002
0.021723
0.118404
0.039960
-0.061429
0.090773
-0.107972
-0.050294
0.014972
-0.109444
0.181779
0.147013
-0.010162
-0.019287
-0.096032
-0.131975
0.047332
0.038285
-0.076652
-0.067951
0.070614
-0.099936
-0.186102
0.016710
-0.003705
0.176848
-0.002423
0.097399
0.197800
-0.207875
0.188203
-0.212241
0.095099
0.018931
-0.078433
0.041736
-0.055938
0.047056
-0.100290
-0.074361
-0.123910
-0.065987
-0.077869
-0.134024
0.044747
0.152621
-0.028565
0.137789
-0.082481
0.005962
-0.183024
0.177134
-0.150610
-0.018917
-0.007559
0.006227
-0.127154
0.184127
-0.094688
-0.116682
0.019458
0.023175
0.029820
-0.142253
-0.046622
-0.004236
-0.084261
0.076583
-0.165867
-0.204943
-0.036121
0.143247
-0.049560
0.050921
-0.030381
0.020893
0.134225
-0.151192
-0.010655
-0.004189
0.043278
0.066432
0.056159
-0.166992
0.043739
-0.179237
0.041045
-0.141535
0.039504
0.069640
-0.062533
-0.158441
-0.006120
0.061734
0.044757
0.072527
-0.037691
-0.081682
0.027799
-0.000558
-0.065290
0.029943
0.002431
0.144378
-0.150602
0.031085
-0.040610
-0.075612
-0.065116
0.050716
-0.049544
0.032261
-0.053689
-0.180809
-0.096577
-0.182559
-0.145100
0.030175
-0.188825
-0.148678
-0.167151
-0.037096
0.109951
-0.003387
-0.010765
-0.245327
-0.049738
-0.090048
0.076802
-0.024003
-0.075251
-0.142199
0.076309
0.154023
-0.152452
-0.171535
-0.128468
-0.049613
0.101889
-0.068259
-0.070582
0.054038
-0.021411
0.042998
-0.078551
0.070569
-0.139567
0.003055
0.110791
0.007819
0.145523
0.044117
0.098950
-0.189029
0.085064
0.012014
-0.084000
-0.111230
-0.009467
-0.120825
-0.055619
-0.136647
0.047999
0.101093
0.109929
-0.032145
0.042792
-0.087289
0.013980
0.136112
0.073349
0.069077
0.124632
0.087982
-0.003978
0.016319
0.180868
-0.039612
0.029282
0.128964
0.111883
-0.169034
-0.161459
-0.132018
-0.109757
-0.122230
-0.185923
-0.001379
-0.205045
0.083152
0.029842
-0.152714
0.183551
-0.025280
-0.125049
-0.046799
-0.161914
-0.166960
0.044125
0.026816
-0.122405
0.150676
0.009010
-0.115141
0.017882
0.161985
-0.179140
0.000929
0.141572
0.013981
0.169407
0.034724
0.113716
-0.109722
0.141092
-0.060918
-0.019529
-0.081935
-0.091589
-0.196620
0.058511
-0.153856
-0.183383
0.181858
0.107987
0.100736
0.101774
-0.144404
0.054648
-0.028064
0.058088
-0.174799
0.051323
-0.067822
0.053598
-0.157011
-0.014019
-0.194694
-0.063744
-0.071714
0.182154
-0.111662
-0.165828
-0.107792
0.158714
-0.051129
-0.091882
-0.165033
0.126116
-0.061751
-0.098315
-0.130097
-0.163622
0.037991
-0.042233
0.053745
-0.195129
-0.051964
-0.027254
-0.224209
-0.062564
0.143169
0.138392
0.025784
0.111944
0.131214
-0.006054
-0.117101
0.176595
0.032608
0.112219
0.029028
-0.146326
0.098413
-0.012087
-0.114754
0.133341
0.096456
0.071814
0.022204
-0.082086
0.041476
0.124998
0.123498
0.169005
-0.172344
-0.034932
0.081335
0.116525
-0.040564
-0.000739
-0.187504
-0.100577
-0.079498
0.042891
0.127964
-0.236358
0.026315
-0.077943
0.056495
-0.024365
0.088353
0.034780
0.005027
-0.059087
-0.057550
0.172288
0.098827
0.105587
-0.036373
-0.125089
0.217426
-0.044952
-0.030793
-0.062697
-0.013343
0.088883
-0.087249
-0.100456
0.116189
0.092233
-0.014432
-0.018512
0.132280
0.045853
0.101510
-0.035880
0.093025
-0.006183
0.045618
-0.145366
-0.081393
-0.038351
-0.030899
0.217214
-0.125277
-0.016584
0.002478
0.040888
-0.195822
-0.078361
0.021417
0.108957
0.009948
-0.142951
0.036409
-0.043515
0.152161
0.045783
-0.157928
-0.123812
0.197292
0.064507
0.025714
0.024886
-0.092620
-0.205741
-0.133774
-0.119560
-0.079000
0.084826
-0.061095
0.066633
-0.013360
-0.023388
-0.072871
-0.045703
-0.154308
-0.195982
-0.065056
-0.059253
0.023970
-0.052273
0.005493
0.164128
0.005676
-0.018484
0.150013
0.124524
0.010628
0.093068
0.124284
-0.027602
-0.046991
0.041084
-0.060782
0.057448
0.083648
-0.179829
0.055329
0.107282
-0.078029
-0.038553
-0.108480
-0.081068
-0.139858
-0.145540
0.127358
0.097034
0.107412
0.024777
0.057078
0.065578
0.105289
0.123376
0.068740
-0.040882
0.023248
-0.039531
0.131829
-0.160527
-0.120811
0.183956
0.053353
-0.013946
0.148726
-0.094797
-0.151794
-0.016116
-0.021115
-0.051414
-0.139170
-0.114304
-0.068762
-0.065778
0.015529
0.158332
0.026055
-0.155703
-0.117002
-0.115964
-0.118020
0.019932
0.039483
-0.041086
-0.124378
-0.106945
-0.204905
-0.129590
0.155972
-0.125436
-0.070136
0.112397
-0.151689
0.067881
-0.146488
-0.165131
0.021234
-0.038206
-0.189313
-0.137880
-0.000407
-0.104897
-0.030509
-0.073406
0.140596
0.000654
0.001896
-0.076323
-0.092990
-0.192932
-0.090252
0.090138
-0.046397
0.005034
-0.154068
0.048847
-0.056550
-0.035898
0.070994
0.000134
-0.096674
-0.045756
-0.004322
-0.093993
-0.100917
-0.008888
-0.233777
-0.030331
-0.131096
0.048687
0.026811
0.028838
-0.060553
-0.189561
-0.061545
0.080348
0.090596
0.140655
-0.143783
-0.015240
-0.219550
-0.002258
0.028033
0.096808
-0.031938
0.040814
-0.021320
-0.120134
0.030139
0.102545
0.005946
-0.115916
0.100984
-0.074365
-0.154288
-0.200942
-0.168903
-0.071703
-0.067505
-0.134873
-0.019590
0.120152
-0.110523
0.095126
0.069610
0.060633
0.087676
-0.013200
0.153077
-0.017421
0.011237
0.117888
0.047420
0.078015
-0.072417
-0.172029
-0.184905
0.149069
-0.075307
0.038157
0.192870
0.086480
-0.028137
0.156845
0.170684
-0.040919
0.124725
0.040613
-0.163521
0.159663
-0.113666
0.049876
-0.112478
-0.024525
0.060846
-0.096056
0.149965
0.137381
-0.186783
-0.066917
0.155202
0.043945
-0.101172
0.147356
-0.069218
-0.054300
-0.039876
-0.063716
0.060065
-0.005620
-0.043966
0.059895
-0.142351
0.077079
0.139536
-0.133289
0.075281
-0.029336
-0.157388
-0.021868
0.015105
-0.082685
-0.001082
0.035401
0.201151
-0.145859
-0.124980
-0.029903
0.181951
-0.089948
0.101335
-0.031874
-0.000371
-0.076085
0.069144
-0.196786
-0.022318
-0.203442
-0.127132
-0.122187
-0.155193
-0.125570
0.010729
0.056436
0.074159
0.004386
-0.073662
0.104148
0.042567
-0.081838
-0.130589
0.051961
-0.076423
-0.033178
0.085589
-0.098159
-0.002301
-0.030610
-0.119930
-0.125176
-0.089447
0.077343
0.185449
-0.005233
0.012523
0.043789
0.074022
0.153793
0.035088
-0.018916
0.120124
-0.000977
-0.131681
-0.166354
-0.078824
-0.076084
-0.060679
0.130343
-0.005408
-0.211543
0.170879
-0.039710
0.096138
0.006830
-0.176213
-0.165280
0.039497
0.066616
-0.025933
0.055553
0.028932
-0.043399
-0.210812
0.050820
-0.012051
-0.144346
-0.148435
-0.081500
0.078509
0.124353
-0.101500
0.060035
-0.043066
0.148548
-0.042242
-0.096078
0.195232
-0.070935
-0.147820
0.125039
-0.064702
-0.188321
-0.010544
-0.116151
-0.154570
-0.085216
0.027096
-0.117875
0.091928
-0.065914
0.034872
0.048817
0.104230
-0.004852
-0.094627
0.119726
0.157935
-0.073046
-0.081297
0.025198
-0.212844
0.166910
0.032391
-0.053715
0.086905
0.089840
-0.044754
-0.140078
-0.095238
0.019586
0.139113
0.052272
-0.006707
0.018595
-0.074450
-0.018051
0.018214
-0.066543
-0.031027
0.079070
0.033263
0.081359
0.038142
-0.183740
0.056133
-0.093780
-0.105102
-0.179662
0.079559
0.033311
0.043387
0.095823
0.072270
-0.091699
0.086595
0.090318
0.130010
-0.123735
-0.097050
-0.088944
-0.208982
-0.024593
0.015310
-0.128695
-0.068751
0.078886
0.066257
0.023143
-0.023653
0.162245
-0.003650
0.126269
-0.217430
-0.147723
-0.014829
0.046986
-0.028315
-0.050567
0.094963
0.076680
-0.075224
-0.044147
-0.211188
-0.061393
-0.056782
-0.045793
-0.069719
-0.065947
-0.203675
0.124940
-0.075685
-0.022503
-0.107144
-0.073659
0.025600
-0.033698
0.043111
0.081556
-0.055739
-0.156191
-0.112990
-0.083661
-0.074440
0.166197
-0.033045
0.037311
-0.048168
-0.041829
0.198966
0.067219
-0.099618
-0.039866
-0.156124
-0.105099
0.127275
-0.055089
-0.074719
0.060526
-0.155971
-0.112359
-0.047720
-0.030549
0.018383
0.028629
0.002658
-0.078208
-0.086104
0.177724
0.126965
-0.197394
-0.108629
0.105798
-0.044834
-0.021034
0.049170
-0.110571
0.075539
0.077262
0.095367
0.017893
-0.025443
-0.073508
0.078790
0.155406
0.111509
-0.073164
-0.042234
-0.013913
0.026550
-0.012403
-0.023157
0.150097
0.061965
0.011704
-0.181381
0.126808
0.034354
0.042070
-0.072511
0.114625
-0.050306
0.014726
0.082129
-0.206506
-0.015105
-0.061601
-0.161357
-0.140339
-0.085936
0.033314
-0.089324
0.032260
-0.001673
0.049325
-0.188346
-0.154103
-0.136658
-0.137453
0.184640
0.024683
-0.147703
-0.188743
0.014550
0.043715
0.029491
0.019382
0.142530
0.087332
-0.150363
0.108791
-0.132873
0.025979
0.036614
-0.016454
0.040672
-0.120355
0.096776
0.168331
-0.100046
-0.033913
-0.062272
-0.020367
-0.181090
-0.205002
0.043113
0.046746
0.027496
-0.061992
-0.209521
-0.098631
0.008300
-0.104580
-0.024999
-0.008750
0.176972
0.022444
-0.148370
0.176682
-0.040410
-0.067855
-0.115861
-0.176595
0.035610
-0.076843
0.050478
-0.094421
-0.040642
0.174560
-0.072168
-0.029257
-0.053330
0.149569
0.082205
0.084961
-0.220948
0.089554
-0.082166
-0.099191
0.035963
-0.187706
-0.063081
-0.118353
0.018745
-0.064024
-0.027246
0.133593
-0.172481
-0.159928
-0.088450
0.055397
0.101164
-0.193314
0.021829
0.041212
0.084154
-0.033967
-0.133290
-0.112759
0.100281
-0.100530
0.120870
0.183686
-0.042985
0.017167
-0.132262
0.104162
-0.124020
-0.044975
-0.139264
-0.179898
0.017632
-0.054473
-0.152579
0.101133
0.021925
-0.117752
-0.028820
-0.142174
-0.062701
-0.122437
-0.153230
-0.043973
0.119118
-0.200467
0.063715
-0.209486
0.080352
0.040254
0.038153
0.050207
-0.008669
0.021809
0.117645
-0.058872
0.013542
-0.097563
0.053872
-0.035385
0.061342
-0.064664
-0.054574
0.000487
-0.001690
-0.198392
0.004009
-0.192161
0.158477
-0.059200
-0.083204
-0.028373
-0.158998
0.033066
-0.149247
0.014518
-0.099231
0.001939
-0.146669
-0.207781
-0.083055
0.188151
-0.147146
-0.027701
-0.204530
-0.179872
0.139096
0.014582
-0.111668
0.078902
-0.002608
0.101504
0.092940
-0.061471
0.017864
0.120754
-0.005453
0.088868
0.013810
-0.211364
-0.103296
0.031231
0.087475
-0.105677
-0.002978
0.126695
-0.128070
0.152359
-0.125097
0.172029
-0.140604
-0.147437
-0.041751
-0.100604
-0.162774
-0.034119
0.118804
0.149951
0.140737
-0.133719
-0.162921
0.168167
-0.136728
0.161986
0.034039
-0.082352
0.178830
-0.059329
0.097473
0.087146
0.017384
-0.154479
-0.028995
0.051497
-0.054274
-0.150501
0.117751
-0.151379
0.056789
-0.069320
-0.041731
0.071503
-0.077262
-0.187094
0.024877
0.112470
-0.176734
0.009624
0.120187
0.104493
-0.111271
-0.066298
-0.170964
-0.095062
-0.129414
-0.159623
0.024148
-0.080252
0.067780
-0.042569
-0.092551
-0.030860
0.084611
0.111548
0.113840
0.040170
-0.040073
-0.119929
0.096141
-0.195222
-0.045700
-0.219469
-0.006666
0.156500
-0.156477
-0.194472
-0.165225
0.052747
-0.062327
0.148654
-0.161314
-0.181201
0.023181
0.242145
-0.092636
-0.086287
-0.036821
-0.132297
-0.111345
-0.106643
0.051314
0.024880
0.102058
0.126822
-0.040765
0.027459
-0.029557
-0.064804
0.061233
0.200984
-0.110455
-0.098289
0.019377
-0.100569
-0.079002
0.133712
-0.133708
-0.083604
0.018882
0.163045
-0.054865
0.092274
-0.065779
0.039504
0.081304
-0.158655
-0.047979
0.131831
-0.075149
0.029597
0.029100
-0.066326
-0.109365
-0.200078
0.013083
-0.086109
-0.156838
-0.154481
-0.105595
-0.238058
0.024624
-0.016195
-0.181381
-0.037361
-0.157216
-0.169730
0.097393
0.084795
-0.101409
-0.070796
0.013192
-0.077612
0.105179
-0.040428
-0.008069
-0.008656
-0.078475
-0.059671
0.077495
-0.170580
0.100184
-0.178028
0.157443
0.034570
0.036465
-0.193010
-0.065626
-0.090597
-0.164906
-0.138421
0.039231
-0.047608
0.184133
-0.097827
0.112247
0.038158
-0.118196
-0.065828
0.142079
0.083499
-0.025458
0.054406
0.027250
-0.084255
-0.156077
0.230589
0.012811
-0.008544
-0.057251
-0.057053
-0.155663
-0.177408
-0.067894
-0.153417
-0.060457
-0.157690
-0.185969
0.020069
0.133751
-0.184263
-0.021810
-0.189759
-0.161329
-0.164378
0.102217
-0.134769
-0.066800
0.021810
0.052201
0.098069
-0.088824
-0.134804
0.111088
0.107189
0.165859
-0.014289
0.119168
0.018843
-0.218431
-0.055704
-0.143401
0.166324
-0.037256
0.026055
-0.005449
0.142130
-0.159764
0.003641
-0.128444
-0.031091
0.043868
0.121104
0.075925
0.167331
0.124801
-0.136867
0.167638
0.057436
-0.019023
0.044536
0.016302
0.121620
-0.042414
-0.136285
0.058213
-0.075873
-0.082518
-0.128021
-0.121560
-0.213045
-0.148185
-0.038292
-0.055670
0.082089
0.088846
0.089517
-0.108479
-0.164897
-0.108535
0.112997
-0.229331
-0.107399
-0.193998
-0.144137
-0.249475
-0.146354
-0.021563
0.064174
0.006011
-0.031903
-0.100748
0.058341
0.143874
0.039219
-0.153055
0.128907
-0.138418
-0.042833
-0.152225
-0.204936
-0.012424
-0.058126
0.096066
0.139488
0.040809
0.094660
-0.193580
-0.114525
0.156856
0.064721
0.104835
0.011869
-0.012971
-0.045232
0.023108
0.077722
0.118787
-0.158425
-0.115966
0.036847
0.152799
-0.050348
-0.165208
-0.115860
-0.018771
-0.048576
0.108918
0.158407
0.013676
-0.116576
-0.071907
-0.127570
-0.204600
-0.047787
-0.189640
-0.079082
-0.069619
-0.075165
-0.039091
0.122657
-0.087874
0.153921
0.142177
-0.049924
-0.039674
-0.020421
0.019756
0.088665
-0.186923
0.046659
-0.019443
0.044717
-0.066632
0.022635
-0.208464
0.106273
0.136887
0.028729
-0.093244
-0.085018
-0.142751
-0.211190
-0.115823
-0.075180
-0.102685
-0.117048
0.033252
0.178811
0.125704
0.128646
0.184517
-0.185166
0.094660
-0.137683
-0.012579
-0.018780
-0.078354
-0.103603
-0.110758
-0.048427
-0.155824
0.065308
-0.157081
0.096915
-0.097197
-0.052502
-0.019004
0.052473
-0.124581
0.185562
0.108584
0.101449
0.012165
-0.115801
-0.064092
-0.060793
-0.124980
-0.042916
-0.029089
0.019560
-0.047901
0.057854
-0.073672
-0.103679
0.054510
-0.017202
0.028266
-0.055949
-0.018442
0.001936
0.057578
0.150482
0.052759
0.084247
0.128045
0.163187
-0.073797
0.081689
0.023963
-0.077331
-0.060969
0.046593
-0.107564
0.074685
-0.155073
-0.038835
0.061505
0.028146
-0.040902
-0.160971
-0.149307
0.129642
-0.078500
-0.082434
-0.068817
-0.149091
0.090422
0.032227
0.159244
0.022982
0.033199
0.082068
-0.127961
0.151830
-0.179144
-0.065932
0.014848
0.070330
-0.157903
-0.026325
0.074075
0.106704
0.033771
0.044268
0.102463
0.113214
0.033390
-0.061372
0.094273
0.083643
-0.000319
-0.233689
0.151580
0.027248
0.042782
-0.062886
-0.065230
-0.199540
-0.135706
-0.099780
0.058874
-0.059310
-0.208362
-0.232475
-0.029449
0.153104
0.036723
0.008053
-0.167337
-0.125177
-0.136752
-0.087935
0.073088
0.107637
0.014704
-0.086205
0.092664
0.019478
0.049615
0.114382
-0.163201
0.014875
0.018488
-0.159133
0.076655
0.162547
-0.141383
-0.052272
-0.092425
0.119354
-0.149440
0.020974
-0.092253
-0.119253
-0.012963
-0.106057
-0.061045
-0.196750
-0.127793
-0.054539
0.014742
0.061000
0.032511
-0.119263
-0.141842
-0.123899
-0.009118
0.024668
-0.059335
0.062803
-0.103950
0.106793
0.008282
0.133193
0.028511
-0.073473
0.052708
0.057936
0.205006
-0.085253
-0.050466
-0.164416
-0.169047
-0.200382
-0.100618
-0.124423
0.137548
0.136747
0.059728
-0.117735
-0.029191
0.020997
-0.145753
0.053896
-0.032341
-0.151052
-0.027402
0.031652
0.018695
-0.075425
-0.051728
-0.133056
-0.081682
0.065135
-0.048747
0.005305
-0.124465
0.077443
0.102389
-0.174376
-0.105327
0.009044
0.154119
0.014481
-0.177628
0.169267
0.008618
0.071093
-0.083527
0.129467
-0.144857
-0.184745
-0.159358
0.112507
-0.095113
0.031249
-0.048520
0.037860
-0.040151
0.165243
-0.123332
-0.092360
0.006541
0.150775
-0.050938
-0.173023
0.068602
-0.098285
-0.035549
-0.159824
0.060607
-0.117915
-0.069174
0.127860
0.172358
-0.126007
0.075006
-0.203519
-0.104960
-0.167507
0.001208
-0.162013
-0.024272
-0.152541
0.058741
0.029241
0.048885
0.099448
0.040755
-0.025783
-0.140775
0.083325
0.174464
-0.059580
-0.010955
-0.032593
0.072332
0.007533
-0.082182
0.109598
0.085827
0.119976
-0.173746
-0.083811
0.008955
-0.021679
0.197358
0.062948
0.030174
-0.062013
-0.176230
-0.080657
-0.041933
-0.118104
0.071502
-0.085586
-0.126710
-0.107995
-0.079732
-0.089647
-0.157952
0.063743
-0.055850
-0.031608
0.088638
-0.203383
0.133853
0.031627
-0.078466
0.112700
0.124146
0.017271
-0.037083
-0.025031
0.081067
0.195295
0.093380
-0.060971
0.096783
-0.140628
-0.167810
0.173793
-0.125964
-0.103512
0.227876
0.054871
-0.025291
-0.191791
-0.006263
0.063443
-0.149069
-0.064638
-0.036060
-0.003101
0.072755
-0.118014
0.104453
0.126026
0.093623
-0.045171
-0.153576
0.008615
-0.125261
0.042789
0.043766
-0.184442
-0.025797
-0.047273
0.176034
0.091843
-0.002285
0.042960
-0.114625
0.178439
-0.000317
-0.169395
0.100702
0.129550
-0.016683
-0.065591
-0.052649
-0.145265
0.061039
0.044051
-0.092904
-0.066778
-0.118494
-0.026260
-0.126938
-0.176691
0.097785
0.023782
-0.142390
-0.053841
0.137121
-0.147169
-0.085912
-0.020690
0.112389
-0.131373
0.055307
-0.016004
-0.111692
-0.180191
0.006043
0.161991
-0.093781
-0.205206
-0.103513
0.074892
-0.180635
-0.077877
-0.061582
-0.083330
0.103109
-0.158789
-0.035165
-0.177787
0.059842
0.080269
-0.007150
0.019919
0.022886
0.007506
-0.038578
-0.089286
0.081885
-0.151123
-0.017711
-0.028700
-0.147347
0.171315
0.017702
0.102132
0.049139
0.030398
-0.100388
-0.174964
-0.167411
0.049033
-0.062530
0.020304
-0.056331
-0.051537
-0.134232
-0.140264
0.036243
-0.113752
-0.094781
0.066307
0.019208
-0.135323
-0.005634
0.044847
0.107972
0.089537
0.115283
0.036996
0.118152
-0.029339
-0.015208
-0.159858
0.148148
0.209057
-0.044110
-0.035062
0.091655
-0.111680
-0.117691
-0.156932
-0.139085
0.021683
-0.092051
-0.079036
0.001510
-0.037646
0.061150
-0.135808
0.040335
0.188304
-0.140453
-0.025057
-0.125715
-0.107213
0.004803
0.024585
-0.000416
0.123980
-0.052136
0.042801
-0.135978
-0.064211
-0.001868
-0.103360
0.018690
-0.058882
-0.195730
0.125940
0.077028
-0.200245
0.163912
0.209744
-0.163224
0.121240
-0.032091
0.068240
0.010042
-0.104399
-0.077908
0.038913
-0.006110
-0.045363
0.167196
-0.064036
0.139579
-0.004627
0.058311
-0.089887
-0.034585
-0.230002
0.041913
0.109304
-0.012644
0.139973
0.086882
-0.133550
-0.116975
-0.250661
0.057671
-0.008206
-0.096795
0.132733
-0.177021
-0.027384
-0.175793
0.190768
0.036363
-0.050105
-0.053585
-0.172926
-0.165754
0.065482
0.092990
0.110450
-0.076430
-0.036553
0.021776
0.093755
-0.001986
-0.186408
-0.112758
-0.245765
0.068270
-0.019675
0.192835
-0.178076
-0.030969
0.075531
-0.023721
-0.213533
-0.141261
-0.212852
0.025851
0.090903
0.022475
0.016905
0.122400
-0.049126
-0.180657
-0.035606
-0.096821
-0.204058
-0.161106
0.047852
-0.043128
-0.148072
-0.071845
-0.090180
0.044541
-0.029209
-0.000209
-0.144639
0.114978
0.030777
0.059807
-0.067221
0.083171
0.068407
-0.074611
-0.053316
0.098259
0.122228
-0.226625
-0.193736
0.106424
-0.106871
0.068692
0.027804
-0.010126
-0.223501
-0.026239
-0.151520
-0.117399
0.105661
0.012526
0.005345
-0.001708
0.167458
-0.022729
0.019210
0.018155
0.176413
-0.010606
-0.144914
-0.120376
0.118089
0.168919
-0.086737
-0.098229
0.059842
0.117661
-0.016512
-0.174408
-0.156095
-0.090500
-0.082697
0.140571
-0.142373
-0.079013
-0.005134
0.036818
-0.025784
-0.085796
-0.065673
-0.021425
-0.043152
-0.091049
0.123027
-0.099223
-0.023948
0.103126
-0.084226
-0.282105
0.097568
-0.028433
-0.081265
0.121574
0.027278
-0.110557
0.035985
0.166687
-0.008138
-0.036543
-0.016062
-0.142272
-0.044158
0.133228
-0.022796
-0.014175
0.128146
-0.203841
-0.130470
-0.088620
0.008110
0.040168
-0.045314
-0.085134
-0.031999
-0.094269
0.125447
-0.104337
0.092001
0.063325
0.120729
0.109420
-0.118083
0.001925
-0.144623
0.046718
0.040345
0.190348
0.139242
-0.237675
0.051092
-0.160332
-0.026705
-0.138289
-0.087932
0.115633
0.061825
0.032466
-0.045140
0.016739
0.039997
-0.169220
-0.130054
0.029865
0.141318
0.148243
-0.050804
-0.009135
0.106608
-0.044312
-0.072321
0.137580
0.109583
-0.117984
0.102404
-0.236815
0.007716
0.032656
0.169139
0.035955
0.087599
-0.188336
0.083877
0.139943
-0.072128
0.087800
0.008960
-0.132218
0.014448
0.091691
-0.055392
-0.133721
-0.063480
0.015075
-0.018228
0.142043
0.042934
0.009262
-0.010910
0.022632
0.062470
0.035435
0.184787
-0.072606
-0.035312
0.016261
-0.070498
0.034315
0.170709
-0.084241
0.141801
0.110444
-0.020914
0.143014
-0.018164
-0.022200
0.164203
-0.071271
0.027682
0.160292
0.196904
0.158286
-0.176291
-0.037300
0.088103
0.161661
0.048122
0.117023
0.052594
-0.003280
-0.124060
-0.057210
-0.187825
-0.080531
0.088733
-0.146453
-0.146524
0.232465
0.100494
-0.011119
0.042810
-0.015499
-0.171498
-0.037358
-0.034275
-0.128439
-0.052642
0.169074
-0.004037
-0.130782
0.057485
0.094010
-0.017040
-0.016227
-0.064172
0.127473
0.050011
-0.067648
-0.008009
0.009908
-0.074821
-0.191974
0.105504
-0.031408
0.057848
-0.059026
-0.095622
-0.034315
0.125107
0.109406
-0.153534
0.048927
-0.135492
-0.008699
-0.104023
-0.040381
-0.245119
0.104877
0.041563
-0.142267
0.087186
0.144224
0.079762
0.001037
-0.174325
-0.120629
-0.219527
-0.147463
-0.164104
0.084216
-0.005740
0.072188
0.104822
0.162546
-0.119661
0.007339
-0.156814
0.076187
-0.047903
-0.147887
-0.163229
0.125386
0.153917
-0.023707
-0.019213
0.003619
-0.067770
-0.158100
0.179499
0.041080
-0.048496
0.100101
-0.036528
0.066318
-0.061299
-0.158183
-0.023536
-0.117610
-0.031260
-0.095733
0.018962
-0.196166
0.082694
0.121871
-0.123899
-0.205154
0.076067
0.005591
-0.117292
-0.109319
0.021482
0.087930
0.126363
-0.175210
-0.029393
-0.138840
-0.020113
-0.026750
-0.182119
-0.020118
0.060614
-0.034173
-0.057620
0.000866
-0.072889
-0.041271
0.083760
-0.156797
-0.088941
-0.029925
-0.041815
-0.055886
-0.010948
-0.104583
0.088026
-0.041675
-0.147805
-0.052060
-0.040479
0.010912
-0.034200
0.000938
-0.152715
-0.189445
0.157716
-0.102789
-0.062889
-0.083491
0.077093
0.023759
-0.105119
0.028143
-0.044242
-0.083573
-0.021595
-0.111083
0.095202
-0.159240
0.148336
-0.054356
0.018293
-0.203363
-0.035162
-0.208638
0.050277
0.169043
-0.179719
-0.152994
-0.087248
0.209270
-0.120058
0.002608
-0.056167
-0.169067
-0.045910
-0.073180
-0.040190
0.060430
-0.147648
-0.066143
-0.196281
-0.060740
-0.114508
-0.055772
0.026152
-0.063589
-0.025036
-0.053983
0.012910
0.195411
0.182278
-0.074055
0.018846
-0.092648
0.059697
-0.127121
-0.116008
-0.077123
-0.096675
0.020439
0.082570
-0.082374
0.064144
-0.113183
-0.085019
0.023590
0.130108
-0.079404
-0.157370
-0.142272
0.022922
0.124719
0.090318
0.128270
-0.065977
0.023429
-0.218056
-0.135176
0.148114
0.064459
0.042051
-0.118651
0.181983
0.119106
-0.152558
0.125976
-0.129307
0.001854
-0.173633
0.008600
0.024761
0.030082
-0.157118
0.076445
-0.100119
-0.014938
0.081385
-0.056466
-0.129087
0.005717
-0.066930
-0.111855
0.055346
-0.100744
-0.134653
-0.124918
0.004150
0.055495
0.013857
-0.228815
-0.112114
0.045894
0.101989
0.154321
-0.045499
0.061981
0.023243
-0.162985
-0.011100
-0.165301
0.017892
-0.092289
-0.015378
0.042600
0.160597
0.232151
-0.067431
0.045005
-0.031380
0.007658
0.169995
-0.160322
0.097167
-0.062266
-0.113375
0.014963
0.078862
0.032776
0.007718
-0.092094
-0.135131
-0.149322
-0.205128
0.098144
0.137038
0.001325
0.072732
0.027473
0.085044
0.069008
-0.155782
0.088651
-0.018657
0.044096
-0.029858
-0.140209
0.041448
0.074980
0.022001
0.045084
-0.100530
-0.075144
0.028843
0.020405
0.055122
0.007128
0.032427
0.065525
-0.171980
-0.062729
0.081089
-0.146668
-0.281722
0.000603
0.174710
-0.102983
-0.097532
0.054912
-0.115240
-0.196414
-0.131248
0.076600
-0.142051
0.178089
0.073236
0.008368
0.091387
0.082037
-0.037011
-0.101070
0.053596
-0.068407
-0.048764
0.176260
-0.015626
0.055342
0.067701
0.065308
-0.097363
0.156061
-0.138440
-0.160131
0.090340
-0.059599
-0.125914
-0.145604
-0.074398
0.067094
0.008289
-0.067851
-0.068796
0.032688
-0.046969
0.027646
-0.057415
-0.052939
0.121355
0.074622
0.144754
0.163986
-0.060473
0.122078
0.021152
-0.039548
0.010492
-0.022003
0.052300
-0.133293
-0.171415
0.141299
-0.112683
-0.077462
0.103639
0.119071
-0.049441
-0.200988
-0.040994
-0.071293
-0.039222
-0.004493
0.103910
0.144519
0.049012
0.054260
0.085461
0.051103
-0.109400
-0.120372
-0.082027
-0.174636
0.016747
0.043661
0.093570
-0.107651
-0.043456
0.016873
0.040174
-0.018393
-0.076818
0.010793
-0.175288
0.150019
-0.161885
0.051084
0.011245
0.010145
-0.084670
0.036969
0.119154
0.049285
-0.198116
-0.063780
0.033353
0.095251
0.007385
-0.003582
0.026104
0.006019
-0.201185
-0.033246
-0.101118
0.128353
-0.101117
0.022816
-0.074831
-0.135505
-0.130536
0.104648
0.081118
-0.081331
0.048597
-0.114774
0.004155
0.141765
-0.044929
0.122385
-0.021811
-0.018973
0.111557
-0.085399
-0.000906
-0.167824
-0.074334
0.085264
-0.080552
0.003194
0.127512
0.182321
-0.210777
0.128661
-0.029482
0.124977
-0.000046
-0.098989
-0.104902
0.105034
0.042026
-0.043500
0.025891
-0.182784
-0.219462
-0.053374
0.044567
-0.029468
-0.008731
0.209268
-0.008795
-0.080936
-0.102992
-0.075742
0.076169
-0.060298
-0.131625
0.048126
-0.122459
-0.172718
-0.090894
0.150138
-0.133925
-0.150171
0.014875
-0.004135
-0.014629
-0.066974
-0.173468
-0.082504
-0.131818
-0.045054
-0.032670
-0.133352
-0.013900
0.009438
-0.059857
0.025410
-0.025482
-0.055378
0.137814
0.050217
0.068805
-0.160222
-0.176581
-0.015898
-0.027815
-0.070324
-0.044449
0.070794
-0.101955
0.004547
0.194703
0.108749
-0.148018
0.025486
-0.014044
0.126510
0.070123
-0.214726
-0.153298
-0.024744
0.014707
-0.029794
0.090445
-0.057048
0.128912
-0.034153
0.017446
0.094395
0.071553
0.053023
0.001041
-0.017002
0.079310
0.080402
0.006469
0.126059
-0.122178
0.088380
0.089647
0.205960
-0.086315
-0.021960
0.104697
-0.081087
-0.092264
0.022014
-0.133136
-0.111720
0.023647
0.114693
-0.018106
-0.142793
-0.085970
-0.045578
-0.023047
-0.136057
0.013622
-0.139220
0.022103
-0.170801
-0.055176
-0.092043
-0.001536
0.054762
-0.024090
-0.190832
0.037438
-0.078853
-0.047397
-0.051134
0.177732
-0.015291
0.157198
-0.091325
0.113180
-0.075047
-0.052757
-0.029177
-0.116846
-0.041061
-0.016043
-0.179947
0.008610
0.057341
-0.057817
-0.158795
-0.038488
0.009911
-0.159890
0.059751
-0.020064
-0.001976
-0.111719
-0.167235
0.055132
0.025929
0.080433
-0.046963
-0.100961
0.006447
0.159614
0.114251
0.166695
-0.106539
0.002930
-0.069552
-0.013444
-0.147112
0.017298
0.098727
0.079777
0.045865
0.090762
-0.133640
-0.012013
-0.014434
-0.087281
-0.032596
-0.044960
-0.201201
-0.044380
-0.065893
-0.022692
-0.203570
0.187703
0.066366
-0.008177
0.150544
0.133472
-0.016540
-0.141341
0.089474
-0.101124
0.081048
0.088868
0.109049
0.071046
0.088531
-0.011916
-0.149888
-0.164644
-0.003014
0.124315
-0.052576
0.055806
-0.005004
-0.210009
-0.001792
0.051904
0.032623
0.072916
-0.094731
-0.016251
0.084468
-0.073774
-0.080189
-0.035271
-0.136886
-0.160689
0.087062
-0.181001
-0.238584
0.102288
-0.127632
0.030358
0.055472
-0.135038
0.016453
-0.054428
-0.143088
-0.033705
0.067824
-0.129680
-0.097664
0.042503
0.039936
-0.093507
-0.041727
-0.114914
0.039631
-0.171965
-0.003744
0.143998
-0.139448
0.120894
0.082497
0.048617
-0.106422
0.108179
-0.161865
0.150280
0.152036
0.043630
-0.019186
-0.157073
-0.027070
0.015733
0.001825
0.099107
-0.075398
-0.099461
0.159673
-0.081999
0.207282
-0.141645
-0.013615
0.146162
-0.091396
-0.019828
-0.148611
-0.063029
0.020929
0.090938
-0.180258
-0.163008
-0.230091
-0.143461
0.005798
-0.191461
0.049292
0.172585
0.006172
-0.058660
0.012424
-0.050878
-0.078141
-0.003069
-0.027046
-0.064187
0.033193
0.005534
-0.076960
-0.090434
-0.075239
0.164029
-0.065423
-0.065852
-0.018928
-0.048064
-0.071622
-0.098636
0.018974
0.037178
0.062401
-0.074596
0.143479
-0.142932
-0.132535
-0.182502
0.105301
-0.120888
-0.099190
-0.076747
0.049917
0.057547
0.144870
0.097699
0.023256
-0.032503
-0.043333
-0.171770
-0.083887
-0.058036
-0.155279
-0.037737
-0.078085
-0.002383
0.138184
-0.074836
-0.017815
0.025596
-0.122832
-0.142163
0.065717
0.002490
-0.090217
-0.133722
-0.145500
0.023206
-0.127148
-0.035159
-0.106776
0.126654
-0.030902
-0.054478
-0.066005
0.053428
0.055438
-0.065165
-0.036616
-0.057859
-0.201406
-0.050947
0.053772
-0.017140
-0.200304
0.010652
0.197238
0.139540
0.019744
0.059404
0.135666
0.000437
-0.155443
-0.021271
-0.056735
0.061245
0.007990
-0.102117
-0.211139
-0.077021
-0.087026
0.110221
0.029283
0.083367
-0.083888
0.069367
-0.070845
-0.019650
-0.100597
0.034228
-0.015141
0.018158
-0.083822
0.034342
-0.259614
0.146126
0.028705
-0.134718
0.113291
-0.161833
0.131363
-0.057531
-0.067614
-0.022437
0.043010
0.048671
-0.142866
-0.101537
-0.225408
0.084364
-0.066976
-0.072344
0.049891
0.138456
0.166276
0.096804
0.022742
0.035126
0.170216
-0.023592
-0.147929
-0.060630
-0.150778
0.066572
-0.172100
0.002713
-0.080855
-0.162747
0.015043
-0.154645
-0.036930
0.003299
0.108009
0.127186
-0.084920
-0.001499
-0.104292
-0.041836
0.110209
-0.134359
0.107916
-0.008832
-0.019565
0.051334
0.113510
-0.149046
0.111453
0.083792
-0.068631
-0.194932
0.037966
0.040021
-0.078642
-0.056428
0.000572
-0.127166
0.098535
0.132149
0.084851
-0.133562
-0.163514
-0.003747
0.074470
-0.037229
-0.136061
-0.082207
-0.141519
0.054210
-0.032033
0.145218
0.090449
-0.126552
0.153896
0.184481
-0.016968
-0.089421
0.159942
0.061459
0.108922
0.164462
-0.066181
-0.081405
-0.069285
-0.167705
0.125863
-0.206430
-0.029010
-0.128391
0.008769
0.032121
-0.173947
0.145886
-0.056953
0.270702
0.052015
0.026449
-0.086398
0.007968
0.024302
0.015835
-0.176453
-0.166132
-0.182744
0.030387
-0.130476
-0.072076
0.109190
-0.159570
-0.075975
-0.038172
0.018181
-0.027943
0.087315
-0.045021
-0.062493
-0.036014
-0.075202
-0.181172
-0.008711
0.101333
0.121534
-0.089820
-0.110592
-0.037353
0.025565
0.162835
0.238031
-0.054547
-0.080075
-0.065373
-0.000737
0.073045
0.014983
-0.102113
0.049431
0.035304
0.114581
-0.111196
-0.032866
-0.035470
-0.154395
0.016405
0.041838
-0.144615
-0.216790
-0.145286
-0.007416
-0.037014
-0.158200
0.062977
-0.180754
-0.158488
-0.066722
-0.006055
0.037444
-0.017405
0.009393
-0.079380
-0.075981
-0.087867
-0.038575
0.041807
-0.144299
-0.020537
0.149568
-0.030107
0.020292
-0.022003
0.000807
-0.023632
0.021918
0.057242
0.048101
0.122652
-0.181955
0.133450
0.071760
-0.008905
-0.028238
0.048851
-0.069933
-0.050867
-0.000384
-0.154004
-0.055102
-0.001964
0.097239
-0.054499
0.141540
0.031552
-0.067324
0.028371
-0.041162
-0.153713
-0.062522
-0.041346
0.065594
-0.015757
-0.022728
-0.137893
0.063865
-0.097073
0.098594
0.080568
0.099874
0.113537
0.099165
-0.214877
0.073950
-0.183875
-0.102269
-0.124564
0.029994
-0.033857
0.143368
0.014387
-0.136966
-0.144590
0.042318
0.075228
-0.076269
0.063379
0.091048
-0.048403
-0.034002
-0.062259
-0.055663
-0.073855
-0.030809
0.209930
-0.097160
0.167342
-0.030991
0.089653
-0.036813
0.028360
0.132863
0.170132
0.280938
-0.041759
-0.093537
0.082787
-0.167885
-0.028069
-0.224886
-0.036581
-0.083572
0.048913
-0.043732
0.112090
-0.080401
0.049481
0.048688
0.025340
0.078107
-0.041306
-0.064079
0.106328
0.068273
-0.062775
-0.070461
0.018076
0.060059
0.029575
-0.046050
0.062808
0.150589
-0.015144
0.018307
-0.078311
-0.042187
0.192717
-0.074534
-0.065161
0.064597
-0.128527
0.225084
-0.156625
0.012552
-0.010460
-0.073140
0.011766
-0.067842
0.108406
-0.207120
0.137702
-0.094187
0.086186
0.020576
0.161915
-0.064289
-0.110922
-0.185842
0.046401
0.103994
-0.067537
-0.002035
-0.168159
-0.199679
-0.043802
0.100598
-0.053910
0.092257
-0.105281
-0.080700
0.069044
-0.135302
-0.106195
-0.081922
0.128078
0.008471
0.095585
-0.136017
0.093283
0.064287
-0.071085
0.177905
-0.074196
-0.131300
0.049729
0.034320
0.087387
0.157882
-0.043390
0.178471
0.094012
-0.100909
0.137239
-0.031251
0.046767
0.001565
0.144701
0.194802
0.074744
-0.178194
0.011108
0.058256
0.061903
-0.075129
-0.140913
-0.134382
-0.187149
-0.075254
-0.015061
0.012524
-0.182345
0.115281
0.016304
-0.172656
0.113964
-0.101501
0.124171
0.050126
-0.038213
0.044576
0.011869
-0.057708
-0.115667
-0.072952
-0.004578
0.002689
-0.100558
-0.022695
-0.087326
0.182383
-0.075035
0.185673
0.054774
-0.042993
0.048663
0.067528
0.127195
0.109002
0.054475
0.094076
-0.149006
-0.062568
0.054924
-0.015768
-0.096813
-0.008242
0.032078
0.087929
-0.151350
-0.128832
0.189270
-0.099077
-0.132484
0.041603
0.117786
-0.010294
0.181146
-0.051443
-0.011573
0.088849
-0.127158
-0.140002
-0.098861
-0.166676
-0.156788
-0.165947
-0.124012
0.001589
0.088229
0.187087
0.125715
0.147390
0.047682
-0.015659
-0.205825
-0.041169
0.040249
0.087737
-0.117898
-0.163846
-0.075160
-0.020119
-0.203205
-0.094868
-0.059796
-0.060153
-0.075174
-0.071100
-0.093508
-0.037572
-0.013205
0.103394
0.146428
0.072508
-0.086695
-0.074929
0.056477
-0.195465
-0.014679
-0.185583
-0.010525
0.012900
0.036064
0.091596
-0.008655
-0.035198
0.062735
-0.025665
0.098566
-0.070433
0.179294
-0.154501
0.139446
0.015010
0.031533
0.191317
0.036187
-0.021422
0.123872
-0.041295
0.034052
0.095739
-0.078168
-0.076092
-0.045863
0.128438
-0.016816
-0.037267
0.031526
-0.031760
-0.067223
-0.024142
0.068719
-0.096550
0.137335
0.101419
-0.123988
-0.039332
0.130417
0.156632
0.099249
-0.014381
0.052284
0.007609
-0.060381
0.116601
0.032426
-0.078967
-0.112119
0.190417
0.057092
0.131210
0.161370
-0.069019
-0.076090
-0.034268
-0.090158
-0.080677
0.129397
-0.081776
0.005876
0.000651
-0.208778
-0.020265
0.005466
-0.122298
0.077976
0.083822
-0.083933
0.127883
-0.138705
0.155848
-0.201019
-0.067386
-0.115855
0.085721
0.000810
-0.063283
-0.122235
-0.103893
0.000701
0.039008
-0.108065
-0.239904
0.135974
0.106571
-0.152538
0.130087
-0.094722
-0.069424
0.035252
-0.023657
0.072200
-0.140457
-0.134942
-0.105851
0.092939
-0.254917
0.004352
0.022935
-0.058260
0.106293
0.039833
0.014549
-0.020573
0.086176
0.013540
-0.130536
0.087653
-0.110398
-0.002246
-0.109145
-0.048447
-0.008664
0.054187
0.129547
0.128308
-0.044097
0.111022
-0.109806
0.082290
-0.150799
-0.071565
-0.191353
-0.133304
0.115108
0.125800
-0.037595
0.109929
-0.071734
0.073285
0.267396
0.004382
-0.173640
-0.194373
-0.068052
0.141079
-0.124778
0.022159
-0.165385
-0.007927
-0.017672
0.125017
-0.132000
0.112514
0.129803
-0.071061
-0.134934
-0.078875
-0.020597
0.125212
-0.016282
0.063287
-0.017077
-0.077501
-0.167107
0.100831
0.162240
-0.076401
-0.160496
-0.007657
0.104469
-0.043448
0.105308
-0.138821
-0.054361
-0.032453
-0.110234
-0.143379
-0.152310
-0.066239
-0.161473
0.080240
-0.205116
-0.006700
-0.141376
0.083324
0.162071
-0.023029
-0.105872
-0.082254
0.080818
0.027195
-0.010136
0.054346
0.032670
-0.075645
0.049784
-0.031521
-0.033337
-0.012015
0.007073
-0.105791
0.064311
-0.156997
0.158233
-0.180117
-0.122750
-0.152373
-0.147459
0.141227
-0.214864
-0.118409
0.179758
0.015758
-0.066634
0.147803
-0.011596
-0.049649
-0.039724
-0.051066
0.105394
-0.008291
-0.057906
-0.191974
0.082229
-0.012445
0.044333
0.167938
-0.173454
0.038113
-0.074184
-0.124088
0.074220
0.155731
-0.035079
-0.001819
0.096488
-0.102661
0.050511
-0.197190
0.110115
0.168857
0.027568
0.237052
-0.050368
-0.061400
0.129262
0.156938
-0.065431
0.031452
0.070829
-0.176351
-0.033014
-0.032177
0.197221
-0.224966
0.069189
-0.074859
0.083992
-0.145211
0.064149
0.192833
-0.034749
-0.137498
-0.048553
0.001736
0.121638
0.037835
0.093120
0.098615
-0.108977
-0.058325
0.110938
-0.080465
0.135739
0.155972
0.109078
-0.062535
0.083881
0.051797
-0.174844
0.077915
-0.088394
0.049963
-0.083829
0.093037
-0.083168
-0.141300
-0.100623
-0.127808
-0.051386
-0.150099
0.156856
0.112093
-0.097417
0.127065
0.116339
0.114255
-0.097325
0.104034
-0.074461
0.094533
-0.071799
-0.025477
0.207817
-0.166000
-0.169695
-0.109970
-0.013495
-0.124184
-0.158635
0.105323
0.019505
0.107725
0.143518
-0.073753
0.062506
0.056496
-0.063293
-0.152118
0.007242
-0.029417
0.010724
0.042601
-0.110863
-0.021916
-0.024168
0.050314
-0.140155
0.058904
0.166222
-0.072917
0.039945
0.086072
-0.054181
0.045327
-0.010957
-0.121964
0.054557
0.113686
0.022324
-0.034386
-0.053636
0.060591
0.225668
0.071300
-0.160293
-0.205009
0.099424
-0.018191
0.032223
-0.137771
-0.058831
0.072018
0.100374
-0.201019
-0.166560
0.174132
-0.069465
-0.117615
-0.045177
-0.087156
0.134364
-0.004823
0.132993
-0.012805
-0.079119
-0.092172
0.046343
0.005138
0.164357
0.067924
-0.039418
0.134413
0.032888
-0.045876
-0.107540
-0.101789
-0.143841
0.031393
0.022691
-0.119909
-0.015246
0.124647
0.075968
0.000256
0.090145
-0.094117
0.110384
0.110710
0.128667
-0.066836
-0.084179
-0.125212
0.092634
-0.048364
-0.158636
-0.037101
0.168596
0.067593
-0.154675
-0.086244
-0.087172
-0.131417
-0.202938
-0.009154
0.000154
-0.012835
0.018510
0.021274
0.098569
-0.107835
0.162556
-0.137937
0.175329
0.072973
-0.095459
0.102886
-0.082836
0.027484
0.125928
0.158888
-0.208691
-0.122922
-0.233229
-0.012485
-0.012615
0.040207
0.076069
-0.030921
0.013474
-0.036104
0.106584
0.017620
-0.080836
-0.149423
0.024450
-0.219900
-0.208686
0.124278
-0.070950
0.122619
0.197389
0.169464
-0.105601
0.130326
-0.244057
-0.237462
-0.216461
-0.099260
0.181926
-0.025593
-0.069786
0.267429
-0.029864
-0.185630
-0.208919
-0.015432
-0.095008
-0.156218
-0.143516
-0.165698
-0.090949
-0.036684
-0.031173
-0.144143
-0.025593
-0.014968
-0.068300
0.066425
-0.009192
-0.052287
-0.022068
-0.171345
-0.049471
0.112160
0.034671
0.117122
-0.150974
0.072103
0.037417
-0.095919
-0.110337
-0.140669
0.155535
-0.089169
0.116027
-0.138582
-0.112270
-0.056318
0.035040
0.092870
-0.110497
-0.173861
-0.013208
0.168008
-0.096431
0.003154
-0.037334
0.034563
0.165201
0.099773
-0.153851
-0.079652
0.096190
0.054801
0.104629
0.124459
0.113826
0.112789
0.041076
-0.067504
-0.124856
0.095306
0.017726
-0.138570
-0.023789
0.167296
0.153856
-0.149994
-0.011700
0.066755
0.163186
-0.018285
0.186454
-0.050500
-0.031842
-0.053232
-0.024958
-0.160459
0.141775
0.071166
-0.014043
-0.162850
0.057097
-0.233000
-0.048903
-0.184606
0.029521
0.154157
-0.062510
-0.162189
0.021302
0.136609
-0.136470
0.158790
0.040077
0.121672
-0.043580
0.216710
0.016545
-0.019799
0.008155
-0.203584
0.069693
-0.074498
-0.014900
-0.024560
0.016091
0.124409
0.186012
0.076312
-0.008237
0.156964
-0.014459
-0.154473
-0.051851
0.167127
-0.103687
-0.031473
-0.051199
-0.050989
0.026904
-0.021923
-0.008714
-0.107724
-0.163505
-0.042424
0.008027
-0.030035
0.095091
0.061093
0.165890
-0.014370
0.052349
0.151262
0.098212
-0.077805
-0.064177
-0.095591
-0.087993
-0.148362
0.071485
-0.049064
-0.145298
0.060577
0.031788
-0.062603
0.090451
0.106131
0.016724
-0.132966
0.143007
-0.066543
0.209460
0.127910
0.003478
-0.173674
-0.128939
0.028246
0.025011
0.022417
-0.122845
-0.105433
-0.151197
-0.078158
-0.069231
-0.175257
-0.053250
0.027951
0.110184
0.087676
-0.103572
0.137757
0.015028
0.152778
-0.043186
-0.062492
-0.053127
-0.149508
-0.147176
-0.199265
0.049158
0.011822
0.035207
-0.137010
0.034481
-0.043976
0.043372
-0.128715
0.099840
0.105359
-0.197319
0.144497
0.090868
0.148328
0.086503
-0.071060
0.146717
0.038117
0.156100
0.137929
0.012160
-0.002116
0.113802
0.101057
0.179618
0.002676
-0.140934
-0.185461
0.045009
-0.095155
-0.131940
-0.090279
-0.159449
0.109220
-0.098650
0.118143
-0.139409
-0.167279
-0.154876
0.041942
-0.087412
-0.032733
0.188404
0.156224
0.002543
0.026489
0.123135
0.074091
-0.003299
-0.097712
0.035295
-0.093586
0.055030
-0.124017
0.116093
0.020421
-0.204854
-0.128140
0.077477
-0.183186
-0.146140
-0.015978
-0.115832
-0.101072
-0.092750
-0.151167
-0.169798
0.017869
-0.013929
-0.142477
-0.012837
0.024059
-0.163880
0.041333
-0.081590
0.073095
-0.137743
0.029469
-0.055546
0.082836
0.082519
0.032067
0.132687
-0.077446
-0.106710
0.041764
-0.120482
0.060475
-0.161898
0.038830
-0.180007
-0.034773
-0.088579
0.033388
-0.051947
-0.137693
0.003612
0.042276
-0.030714
-0.213246
0.066161
0.071075
-0.095490
0.119099
0.021721
0.080615
0.071688
0.061289
0.068096
-0.075367
-0.148157
-0.109506
0.099981
-0.115278
0.153445
-0.059407
-0.121452
0.176933
-0.026966
-0.037506
-0.169274
0.070686
-0.093259
-0.091126
0.129131
-0.072370
-0.043264
-0.005136
0.015044
-0.160096
-0.047064
0.094027
0.072342
0.070405
0.120075
-0.194049
-0.030993
-0.002133
-0.073231
0.141800
0.061983
-0.014739
-0.075984
0.004686
0.009539
0.002507
0.063950
-0.120525
0.146487
-0.083313
0.168762
-0.198171
0.037447
-0.047913
0.020636
-0.098799
0.171506
-0.095300
0.097455
-0.034083
-0.150675
-0.040546
-0.042277
-0.058152
-0.140132
-0.087383
-0.112501
-0.140150
-0.147454
-0.137389
-0.227346
-0.140804
-0.027323
-0.070874
-0.122651
0.052250
0.057752
0.085606
-0.012194
-0.097099
0.186863
0.133334
0.082619
0.046577
-0.180986
0.011510
-0.141610
0.169194
-0.029607
-0.088938
-0.015842
0.078224
-0.056353
-0.024008
-0.011248
0.035875
-0.046968
-0.127830
-0.092799
-0.038631
0.076962
0.096623
-0.026287
-0.210199
-0.141946
0.114924
0.053442
-0.182924
0.045268
0.117615
0.101739
0.175024
-0.165517
-0.145578
0.014677
-0.016402
-0.164290
-0.116782
-0.193152
-0.096473
-0.109609
-0.120668
0.109510
0.165331
-0.068788
0.055563
-0.066365
-0.115715
0.028049
0.040336
0.062403
-0.183793
0.153120
0.086098
-0.134383
0.062742
-0.005325
-0.062267
-0.091429
-0.058710
-0.011536
0.167079
0.066024
-0.049030
-0.154218
-0.122849
-0.065658
0.108291
-0.179223
-0.010127
0.017117
-0.055523
0.161041
-0.147358
0.031228
-0.159354
0.132891
0.168613
0.196109
0.056827
-0.069956
-0.120722
0.100750
0.071039
-0.066374
0.129963
-0.076565
-0.030460
0.122498
0.061007
0.090589
-0.155274
-0.088805
-0.038139
-0.039103
-0.091631
-0.097598
0.093972
-0.016757
0.012274
0.055507
0.047733
0.138278
0.083515
-0.151579
0.144048
-0.009668
0.252828
-0.058171
-0.125361
0.001947
-0.100565
-0.051797
0.007890
-0.063651
0.120369
0.157591
0.164626
-0.029712
-0.177929
0.088561
-0.157184
-0.207020
-0.139099
0.118976
-0.004787
0.015927
0.041533
-0.066920
-0.052983
-0.121783
-0.102705
0.198119
-0.017699
0.071868
-0.131617
-0.068863
-0.051014
0.082416
0.027079
-0.139190
-0.043692
-0.158835
-0.126611
0.116337
-0.077532
0.079677
-0.052273
0.097983
0.122835
-0.012287
-0.044946
0.040285
-0.084173
0.126302
0.008947
0.114341
-0.207896
0.017411
-0.052122
-0.145642
-0.170428
0.031882
0.058374
-0.151073
-0.055663
0.034206
-0.074581
-0.184305
0.031099
0.155603
-0.166123
-0.109707
0.045262
-0.182689
-0.090833
-0.067668
-0.158175
0.035987
-0.150876
-0.078993
-0.082604
-0.092166
0.030349
0.097491
-0.153413
-0.227401
-0.060249
-0.016142
-0.028319
0.089363
-0.017606
-0.043594
0.129439
-0.156108
-0.175847
0.082129
-0.178253
0.140124
-0.085016
0.034790
-0.049276
-0.168915
-0.031070
-0.155289
-0.076628
-0.120386
-0.058173
-0.048669
0.190916
0.026253
0.121297
0.084083
0.003129
0.056249
0.048954
0.059260
0.034833
0.031640
-0.075277
-0.024362
-0.017565
-0.164959
0.076822
-0.124974
-0.071388
-0.028818
0.086258
-0.178245
0.031734
0.022840
0.094734
0.022032
0.075748
0.232535
0.030248
-0.005258
0.114304
-0.175289
0.088061
-0.118027
0.151942
-0.100754
-0.235099
0.048731
-0.059938
-0.007913
-0.117100
-0.119565
0.070680
-0.137360
0.045522
-0.125933
0.036204
0.038209
-0.052983
0.055733
-0.125216
0.008242
-0.102685
-0.120260
0.122815
-0.080817
0.127575
0.148680
-0.068098
-0.015773
-0.123760
-0.005977
-0.192460
0.146879
-0.108954
0.164070
-0.146395
0.062294
0.155486
-0.149788
-0.076414
-0.158329
-0.037493
0.098028
-0.052457
-0.065128
0.063072
0.013753
0.033212
-0.115401
-0.211688
-0.140887
0.016075
0.151177
-0.074485
0.186988
-0.080394
0.017168
-0.050966
-0.069318
0.033982
-0.169091
0.144429
-0.008133
-0.036146
-0.036491
-0.017902
-0.021141
0.017261
-0.103955
-0.015209
-0.143344
0.098253
0.043455
0.059820
0.052523
0.061216
-0.157533
-0.034394
-0.047100
0.050777
-0.022350
-0.142101
0.007654
-0.076070
-0.246147
0.021571
-0.112904
-0.104362
0.125116
-0.123190
-0.190943
-0.026104
0.171989
-0.152928
-0.141426
-0.114286
0.032164
0.113405
-0.125691
-0.164066
-0.081984
-0.040074
-0.042718
-0.080205
0.110968
0.110995
-0.096959
0.058323
0.101518
-0.121291
-0.155074
-0.026796
-0.044967
-0.211828
0.034595
0.084219
-0.102380
0.193579
0.132669
0.177571
0.145695
-0.137115
0.006737
0.173894
-0.053271
0.048663
0.125598
0.171400
-0.061565
-0.101094
-0.036639
-0.109454
-0.108466
-0.100162
0.116063
-0.034462
-0.119490
-0.112433
0.058844
-0.020662
-0.067862
-0.142370
0.014732
0.090790
0.004854
0.107153
-0.038838
-0.012599
-0.047668
0.040148
0.022027
-0.012012
-0.016800
-0.038054
0.102593
0.122812
0.050588
0.040576
-0.190043
-0.142182
-0.017484
-0.141587
0.046005
0.140430
0.104365
-0.089441
0.109648
0.124667
0.006168
0.126330
0.040114
0.055855
-0.040257
0.162658
-0.076002
0.125200
0.167068
0.106346
-0.007011
-0.110168
-0.166580
-0.142388
0.114147
-0.145661
0.002784
-0.140971
-0.111770
-0.125286
0.021498
-0.000694
0.036031
-0.015290
0.176523
-0.186515
0.016414
0.024872
0.115536
-0.024729
-0.177384
-0.184184
-0.031315
-0.040211
0.097993
0.134589
0.087395
0.043207
-0.035409
0.128725
0.159957
-0.109610
0.035862
-0.085094
-0.011547
0.122421
-0.008876
-0.106305
0.152343
0.132695
0.030333
-0.080317
0.046269
0.023692
0.026640
-0.228669
-0.066251
0.047092
-0.144596
-0.062643
-0.084820
-0.183606
0.064554
-0.182199
-0.061268
-0.036903
-0.051843
-0.115316
0.036418
0.148793
-0.117238
0.042100
0.028623
0.109468
-0.001226
0.119906
-0.080220
-0.067223
0.123621
0.082287
-0.094750
0.138888
-0.021898
-0.000408
-0.141686
0.026630
-0.147003
-0.011057
0.029846
0.173808
0.093859
-0.163562
-0.183180
-0.208436
0.052409
-0.080791
-0.069964
-0.056308
-0.045390
-0.080426
-0.119190
0.029557
0.023371
-0.132102
-0.003617
-0.067599
-0.009721
0.110414
0.070000
0.130744
-0.105546
0.030976
-0.057661
-0.148778
0.010782
-0.066957
0.114627
-0.126377
-0.000902
-0.010973
0.125020
-0.028591
0.141883
-0.036573
-0.172857
-0.017559
-0.057469
0.005766
-0.010568
0.122691
-0.005826
-0.114041
-0.189669
0.074613
0.028179
-0.142671
-0.158349
-0.153477
-0.194308
-0.015774
-0.099679
0.010433
-0.011310
0.088115
0.133349
0.035397
0.023739
0.138257
-0.137649
-0.075022
-0.188383
-0.031464
-0.147892
0.025933
0.032918
0.100173
-0.135029
0.174996
-0.048068
-0.092599
0.174777
0.138351
-0.021417
-0.049495
-0.068128
-0.161832
-0.169536
-0.043379
-0.006659
-0.112895
-0.124296
0.087074
0.031174
-0.173384
-0.162228
0.086221
-0.016158
0.075591
-0.034146
0.079934
0.083147
0.046830
-0.019159
-0.195067
-0.037513
-0.198361
-0.055643
-0.036194
0.100736
-0.065732
-0.060403
-0.041575
0.112003
-0.242019
-0.139861
0.128804
-0.170295
-0.173508
0.147752
0.190035
-0.142256
-0.158863
-0.036619
-0.139590
0.083679
0.018643
-0.036898
-0.134036
-0.030031
-0.137041
0.136628
-0.023820
0.003205
-0.154391
-0.120587
-0.062342
-0.214977
0.041873
-0.017517
-0.133478
-0.086987
0.085872
0.039878
-0.173549
-0.092652
-0.197823
0.036793
-0.142189
0.055000
-0.101633
0.191871
-0.094577
-0.123881
-0.127752
-0.220419
0.084757
-0.152147
0.041751
-0.032104
0.012054
0.182987
0.001911
0.030879
-0.054883
-0.039312
-0.114286
-0.015802
-0.196864
0.040866
0.015196
0.127506
-0.051155
0.036841
-0.100519
0.036915
-0.099897
0.072350
-0.037937
-0.025339
-0.007129
-0.102630
0.052123
-0.117069
-0.011591
0.106379
-0.007871
-0.036897
0.166475
0.055657
-0.094960
0.093689
-0.062725
0.144398
-0.108508
0.020346
-0.102983
-0.048875
-0.013677
-0.050166
-0.132597
-0.044388
0.090213
-0.111370
-0.127516
0.016452
-0.159179
-0.110374
0.123230
0.149334
-0.027050
0.022637
0.074043
0.114162
0.234209
0.174831
-0.170451
0.113966
-0.074748
0.129978
-0.061114
0.096753
0.031964
-0.122098
-0.198044
0.003268
-0.013696
-0.095646
0.006062
-0.054815
-0.022807
0.130107
-0.099802
-0.159464
0.007671
0.124821
-0.060466
-0.135936
0.028418
0.160150
-0.158718
-0.074841
-0.168930
-0.126166
-0.002910
-0.282017
-0.045547
0.142014
-0.167213
-0.106267
-0.058323
-0.119447
-0.054868
-0.068430
0.102304
0.213809
-0.102094
0.009407
-0.012973
-0.154445
-0.020898
-0.033558
-0.125735
0.070718
0.139267
0.049623
-0.100080
0.103582
-0.050327
-0.219914
-0.012699
-0.137063
-0.020254
0.020796
0.041880
0.121740
-0.162185
-0.129454
0.057873
0.098855
-0.060349
-0.095510
-0.104121
-0.010503
-0.063649
-0.023075
-0.094898
-0.029061
0.034330
-0.240613
-0.001039
-0.076399
-0.010482
0.097864
0.209561
0.188897
0.032886
-0.151635
0.125351
0.131129
0.056924
-0.056858
-0.050863
-0.020582
0.135659
-0.194199
0.003657
-0.035284
0.023411
0.038246
-0.110251
-0.033464
-0.029002
0.023291
-0.057083
-0.127291
-0.038633
0.178583
-0.039832
0.111619
-0.059209
0.030871
0.035671
-0.029558
-0.019847
-0.110470
0.120556
-0.000187
0.003463
0.061934
0.049561
0.047084
-0.044860
-0.122522
0.030412
-0.189400
-0.075883
-0.034201
-0.122012
-0.064131
-0.203809
-0.080363
-0.099652
0.159024
0.031758
0.010254
0.030411
-0.010898
-0.043910
0.077399
-0.135662
-0.047759
-0.080492
-0.119399
-0.202181
-0.080124
-0.044380
-0.142155
0.066906
-0.071014
-0.054013
0.078710
0.156178
-0.109063
-0.061621
-0.209042
-0.035446
0.011917
-0.130838
-0.027205
0.134322
-0.014591
-0.004107
-0.222203
0.110596
-0.158524
-0.133105
-0.057654
0.024988
-0.060254
0.036782
-0.075979
-0.100954
-0.208564
-0.161282
-0.089917
-0.082735
-0.116565
-0.039710
-0.006485
-0.049216
-0.063291
-0.020163
-0.062631
0.073309
-0.188587
0.207583
-0.034083
-0.123388
-0.085255
0.062237
0.059845
-0.081818
0.156356
-0.097563
0.091992
-0.048462
0.013066
0.049070
-0.159274
0.213395
0.107891
-0.189536
-0.010552
-0.060527
0.183032
0.012874
-0.210143
0.005282
-0.017579
-0.078112
0.117979
0.012203
-0.003697
0.117074
-0.042067
-0.089363
-0.050694
-0.169406
-0.099599
-0.042737
-0.089521
0.040351
-0.072611
-0.194855
-0.144886
0.015525
0.129817
0.193117
0.077828
0.071939
-0.158190
-0.098477
0.060628
0.065228
-0.052723
-0.040539
-0.170800
-0.044821
-0.086150
-0.136594
0.091839
-0.006289
0.009213
-0.061749
0.097814
0.048570
-0.021231
0.082433
-0.151962
0.179922
0.095751
-0.166519
0.123034
0.146972
-0.123840
-0.007442
0.186212
0.016857
0.139467
0.010979
-0.005139
0.049731
-0.142894
-0.067689
0.021679
-0.070592
0.036266
0.101440
0.114558
-0.194277
-0.190666
-0.008023
-0.057461
0.175938
-0.075849
0.054840
-0.137986
0.132831
-0.159252
0.010372
-0.080023
-0.067396
0.085265
0.044826
0.162674
-0.061468
-0.008989
0.177841
-0.046375
-0.055649
-0.009181
-0.095304
-0.100554
-0.019343
0.179049
0.097259
-0.009588
-0.075158
-0.133766
-0.206109
0.020372
-0.013303
-0.069577
-0.028722
-0.197679
0.110263
0.152550
-0.137290
0.078308
0.037893
0.038770
0.109823
0.131631
-0.088782
-0.071810
0.003799
-0.152629
-0.083871
0.128746
0.101619
-0.038475
-0.145610
-0.157140
0.050616
-0.168683
-0.000299
-0.097153
-0.076345
0.065092
-0.009347
0.135704
0.035734
0.103307
-0.097653
-0.127351
-0.081171
-0.212415
-0.136210
-0.017125
-0.109834
0.062089
0.009425
0.014525
-0.147893
-0.036470
-0.103196
-0.010383
0.071043
0.049381
0.008403
-0.166891
-0.074475
0.016604
-0.133536
-0.013018
-0.157924
-0.147253
-0.013567
0.072035
0.049514
0.015292
-0.094866
-0.050769
0.113826
-0.056487
-0.075216
0.035022
0.045698
0.028523
0.052712
-0.060639
-0.089449
-0.066528
0.206391
0.113888
-0.019850
-0.039288
-0.054716
-0.052820
-0.169596
-0.104254
-0.149679
0.139378
-0.031201
0.044382
0.186979
0.009873
0.089214
-0.009959
-0.098839
-0.094399
-0.097826
0.059653
-0.065384
0.077827
0.174907
-0.118909
0.094518
-0.131085
-0.041054
0.005224
-0.125205
0.062375
-0.075640
0.054422
0.061963
-0.076829
-0.076075
-0.196086
-0.155905
0.128022
0.020965
0.082641
0.113491
-0.024530
-0.053872
0.033220
-0.082137
-0.118202
0.025880
-0.053152
-0.047789
-0.142008
0.098607
-0.062296
-0.123543
-0.026451
0.093741
-0.034999
-0.027623
-0.000444
-0.115477
-0.060640
-0.112321
0.134341
0.058600
-0.048188
0.049141
-0.193208
-0.017144
0.055795
0.027227
-0.160642
-0.045220
-0.082842
-0.159292
-0.035113
-0.070410
-0.011553
-0.008247
-0.070169
0.115279
0.071950
0.040991
-0.164389
-0.177154
-0.150180
-0.048167
-0.061487
0.071429
0.147486
-0.074066
-0.093400
0.061250
0.059513
-0.187207
0.012558
-0.071271
-0.053079
-0.128788
0.045138
-0.116654
-0.145963
0.070993
-0.108897
-0.190100
0.001341
-0.032730
-0.118220
-0.042576
-0.085693
-0.058811
-0.025466
-0.047111
0.069613
-0.097413
0.064343
0.045080
0.051389
-0.043118
0.074595
0.080056
0.000636
-0.158071
0.112460
-0.012340
0.097546
-0.140491
-0.077337
-0.047710
0.004342
-0.005280
-0.016494
-0.046787
0.161722
-0.025812
0.017213
-0.045225
-0.027520
-0.098886
-0.148997
-0.144737
0.017475
0.055315
-0.150745
0.067040
0.087514
0.208860
0.042548
-0.172504
-0.207620
-0.062500
0.039342
-0.011179
-0.059281
0.118982
-0.053382
-0.165600
-0.107610
-0.007182
0.026401
-0.067274
0.172158
-0.141826
-0.005114
-0.167991
-0.085266
0.011494
-0.129101
0.107177
-0.107820
0.171772
-0.087306
-0.094722
-0.197108
0.010102
0.041283
-0.154479
0.010037
0.046687
-0.067788
-0.016846
-0.084302
-0.156452
0.007942
-0.036070
0.103633
0.184930
-0.070463
-0.135218
0.154934
-0.209321
-0.005960
0.050613
0.059063
-0.017279
0.145304
-0.021006
-0.052533
0.019519
-0.084372
-0.002650
0.025526
0.040605
0.033868
0.138653
-0.056420
-0.001336
0.006543
-0.057084
-0.064818
-0.168839
-0.101225
0.106161
0.080943
0.037709
-0.090570
0.028628
-0.051302
-0.094149
0.021867
0.038012
0.135950
0.114914
-0.236906
0.030349
0.107886
0.167614
-0.075842
-0.030417
0.067493
0.047810
0.036682
-0.208254
0.102443
-0.075913
-0.045754
0.100249
-0.122816
0.053953
-0.079030
0.109671
-0.082904
-0.155559
0.099267
0.037595
0.086427
-0.061375
-0.008274
0.099395
-0.086473
-0.093978
0.095105
0.038588
0.055362
0.079369
-0.120153
0.148404
-0.088247
-0.071090
0.036242
0.059631
-0.018824
-0.020620
0.108669
-0.021442
-0.107800
0.105818
0.107629
0.010562
-0.045275
0.063711
-0.049068
-0.168053
-0.091907
0.052652
-0.075516
0.059310
0.075491
-0.026178
0.120946
-0.032966
-0.045067
-0.130185
0.237533
0.093031
-0.009699
-0.149288
-0.192801
0.063083
-0.081448
-0.092192
-0.076092
-0.102373
0.111346
-0.156983
0.052920
0.078273
-0.125779
0.170902
-0.236440
-0.089568
0.087168
-0.024332
-0.072716
0.004015
0.027340
-0.032441
-0.126194
-0.112977
-0.000319
-0.085493
-0.126851
0.014064
-0.034763
-0.075846
-0.141382
-0.123563
-0.140869
0.071868
-0.160579
0.028146
-0.200403
0.123346
-0.002655
-0.119340
-0.144471
-0.146251
-0.038234
0.017515
0.119632
-0.071212
0.186653
0.016950
-0.133811
-0.104364
-0.167333
-0.077670
-0.056304
-0.063888
0.033638
0.170187
0.037115
0.069875
-0.122685
0.038004
-0.130697
-0.031256
-0.012168
-0.145412
-0.065436
-0.065742
-0.011050
-0.108538
-0.120760
-0.100495
0.057660
0.040531
0.110048
-0.135449
-0.135767
0.023294
0.001446
0.116461
0.113990
-0.140187
0.014799
0.058069
-0.073600
0.091050
-0.128399
-0.047810
0.044034
0.089103
-0.169821
-0.124887
-0.028675
0.092354
0.009049
0.159614
-0.108654
0.001679
0.014303
0.015081
0.091313
-0.045140
0.159965
-0.037057
0.034803
-0.003263
-0.175475
-0.055987
-0.029485
-0.055231
-0.038019
-0.096971
0.071038
0.015260
0.060955
-0.069525
0.037307
-0.055538
0.135599
0.067343
0.149443
-0.070290
-0.194892
-0.142548
-0.013293
0.094861
-0.111556
-0.130592
-0.045213
0.002715
0.087091
-0.084326
-0.071070
0.008540
-0.065540
-0.031535
-0.029629
-0.074679
0.080893
-0.071908
-0.039309
-0.128314
-0.145770
0.045935
0.098891
-0.069319
-0.056882
0.023190
-0.018758
-0.168621
0.182023
0.079945
0.100283
-0.097605
0.092338
-0.019156
-0.047752
0.082728
0.031370
-0.021364
-0.033888
0.034715
0.031512
0.148760
0.032063
0.021935
0.081001
0.025758
-0.173585
-0.067238
0.104236
-0.055178
-0.132603
-0.126214
-0.094459
0.159574
0.015873
-0.132663
-0.014934
0.065465
0.143116
0.074607
-0.063659
0.046752
0.151838
0.045854
0.147275
-0.137550
-0.106785
0.086288
-0.010897
0.015003
0.157321
-0.005566
-0.062331
-0.030600
0.029630
-0.026191
0.032903
0.103508
-0.095023
0.162116
-0.035048
-0.085136
0.005935
-0.110518
-0.002626
0.118669
0.093443
0.185048
-0.043752
-0.110155
-0.041955
0.111877
-0.041169
0.138350
-0.099682
-0.129167
0.120561
0.067886
-0.132383
-0.068403
-0.057062
-0.108111
0.026831
-0.161006
0.037763
0.077085
0.037686
-0.146918
0.078532
-0.010081
0.050016
-0.166238
0.112477
-0.037302
0.105412
-0.006701
0.040255
-0.060701
-0.126048
-0.153398
-0.049487
-0.069910
-0.096997
-0.070799
0.124646
-0.053278
0.090046
0.122143
-0.102477
0.220687
-0.079093
0.106590
-0.023443
-0.008469
0.082749
-0.002740
-0.120968
-0.117533
0.073863
-0.219147
0.217796
0.029867
0.031182
-0.024225
-0.071324
-0.187399
-0.030581
0.204757
-0.038418
0.042952
-0.047335
0.139438
-0.162222
-0.110204
-0.143393
0.013249
-0.147198
0.042391
-0.142743
-0.005907
0.121250
0.038858
0.022606
-0.009876
-0.026519
0.128739
-0.157957
-0.136573
-0.018018
-0.178981
-0.029483
-0.035809
0.204514
0.190992
0.104276
0.101925
0.103781
0.150414
0.140346
-0.017325
0.072478
-0.021615
0.050754
-0.014788
-0.017939
-0.008488
-0.054301
0.027893
-0.135123
0.140902
-0.159574
-0.043424
-0.195667
0.022407
0.094883
0.154047
-0.021362
-0.017435
-0.035091
0.129787
-0.152273
0.147003
-0.046904
0.026949
0.210019
0.093480
0.023298
-0.171908
-0.042934
0.070199
-0.159391
-0.047749
-0.070571
0.074616
-0.083477
-0.050969
0.201737
-0.108823
-0.042339
0.007891
0.053525
0.107998
-0.021534
0.024809
0.055179
-0.104460
0.067079
-0.071809
-0.070337
0.079613
0.040050
-0.058178
0.105403
0.161886
-0.076782
0.064017
0.178049
-0.098787
0.014585
-0.121603
0.207660
0.055637
-0.184377
-0.112398
-0.187497
-0.112884
0.180676
0.134271
0.021275
-0.082586
-0.053533
-0.059697
0.002342
-0.016070
0.051107
0.142487
0.079350
0.055863
-0.112592
-0.133101
-0.115670
-0.065805
-0.076436
-0.115737
-0.030938
0.047547
0.126774
-0.136272
0.105497
-0.174522
0.053813
-0.168155
-0.130722
0.162090
0.108603
-0.135038
0.041231
-0.003661
-0.107897
-0.077190
0.022028
-0.076309
-0.202680
-0.070386
0.047097
-0.081562
-0.069735
-0.028604
-0.033411
-0.226644
-0.020157
-0.052984
0.068562
0.055010
-0.136912
0.013453
0.149994
0.014334
-0.191758
0.016857
-0.023188
0.159741
-0.037295
-0.000456
0.058058
0.056048
-0.174202
0.112386
-0.012479
0.006828
-0.096744
-0.175530
-0.009239
-0.003284
-0.152515
0.010854
0.018291
-0.037511
0.098255
-0.132851
-0.030147
-0.085828
0.100444
0.102245
-0.138179
0.070143
0.027683
0.002482
0.152749
0.080829
-0.052954
0.084811
0.139119
0.143245
-0.211880
-0.039755
0.095881
0.039429
-0.105615
-0.172855
-0.015163
0.130820
0.125666
-0.145335
0.029982
-0.107296
0.008121
-0.209611
0.017502
-0.054136
0.052525
0.010426
-0.075239
-0.064064
-0.076376
-0.127295
-0.013222
-0.094228
0.056356
-0.153717
0.016822
-0.128034
0.129449
-0.208483
-0.080982
-0.201823
0.018364
0.051469
-0.213010
0.028333
0.084214
-0.109003
0.069070
-0.084659
-0.153526
-0.090638
0.186538
-0.107658
0.199342
0.002914
-0.145551
0.053016
0.098089
0.012118
0.094667
0.048350
0.173437
0.207872
0.026866
0.077139
-0.202653
0.099272
-0.124601
0.071919
0.017995
0.022198
-0.202123
0.027217
0.038044
-0.074007
-0.030419
-0.141852
-0.174788
-0.125371
-0.018980
-0.095162
0.001637
-0.060835
-0.088869
0.002952
-0.055052
0.172108
-0.201044
-0.029275
-0.074149
0.046267
-0.055482
-0.109338
-0.097540
0.144439
-0.128524
-0.182471
0.066447
0.185325
0.059691
-0.149355
-0.058678
0.097906
0.151830
-0.109241
0.103571
0.108511
-0.021419
-0.033247
-0.236275
0.184139
0.006933
-0.140692
-0.161961
-0.087937
0.146159
-0.157221
-0.079893
-0.198201
-0.187664
-0.180519
0.121284
0.086952
-0.151077
-0.053308
-0.062102
0.007467
-0.070479
0.061721
-0.197882
0.159470
0.003483
-0.066683
0.006497
0.028597
0.090890
0.045211
0.102209
-0.120313
0.116947
-0.128120
0.165425
0.009807
-0.072805
-0.177806
0.040558
0.082736
-0.177226
-0.209354
0.143600
0.081325
-0.106661
0.037377
0.104526
-0.133352
-0.175727
0.050937
0.057379
-0.034139
-0.007014
0.138538
-0.067991
0.064723
0.022969
0.072977
0.083728
-0.060204
-0.070010
0.081644
0.176741
0.182542
0.138393
-0.113807
-0.141996
0.059755
-0.128833
0.139124
-0.083069
-0.015011
-0.005980
0.065888
-0.067635
0.045145
-0.188457
0.129916
-0.123251
-0.004709
0.116076
-0.119760
0.017089
0.207990
-0.028378
0.007366
0.096429
-0.128303
0.070502
-0.085668
-0.154705
0.037320
0.130520
-0.144877
-0.095312
0.092180
0.105143
-0.204929
-0.039312
-0.093005
-0.113232
-0.018120
0.206676
-0.035157
0.125041
-0.070645
-0.061061
-0.106990
0.015390
0.191321
0.226735
-0.016447
-0.020197
-0.074407
-0.036074
0.187356
0.107981
-0.089796
-0.069198
-0.082675
-0.212715
0.065127
-0.043430
-0.100429
0.030194
-0.145303
-0.084345
-0.095542
-0.119729
0.000614
0.024723
0.124292
-0.184813
-0.182864
-0.181233
-0.149778
0.021397
-0.261724
0.020866
0.096336
0.078188
0.057688
-0.002852
-0.009338
-0.126267
-0.078854
-0.050670
0.079369
-0.132350
-0.059980
0.085508
-0.044924
-0.192375
0.098853
-0.152513
-0.065943
-0.142865
-0.142131
0.141655
-0.038251
-0.021810
0.004628
0.118702
-0.040017
-0.121391
0.047441
0.038748
-0.052465
-0.095349
0.048645
-0.084721
-0.028483
-0.106303
-0.221188
-0.030909
0.008219
0.033260
0.142679
-0.040237
0.058895
-0.056216
0.020674
-0.123590
0.004071
-0.226942
0.047551
-0.114684
-0.114604
-0.022274
-0.102806
-0.200497
-0.072163
0.112323
0.032812
0.200990
-0.104915
0.023521
-0.039404
0.049056
-0.072633
-0.111726
0.050828
0.063788
-0.139377
-0.083433
-0.220724
-0.058721
-0.049177
0.011101
-0.200586
0.132160
-0.035519
-0.091280
0.063032
-0.049439
-0.087007
-0.035591
-0.199113
0.138076
-0.182465
-0.061583
-0.189450
0.025554
-0.052187
-0.135655
-0.070712
-0.215213
-0.099883
-0.079390
-0.164629
-0.058144
0.110433
0.154595
-0.182660
0.031485
-0.057431
0.111550
-0.111191
0.082905
-0.009298
-0.054631
-0.182973
-0.018016
-0.090019
-0.097776
0.038688
-0.047818
0.166504
0.094890
-0.139694
-0.176258
-0.048603
-0.134550
-0.073659
-0.016371
-0.049573
0.038646
-0.125914
-0.171301
0.103685
-0.029315
-0.156709
-0.057966
-0.038388
0.031865
-0.187686
-0.135202
-0.108600
-0.137532
-0.060655
0.046494
0.002308
-0.034657
0.193854
-0.057103
0.058287
-0.107192
0.090927
0.047993
0.009213
-0.113212
0.187123
-0.118010
0.056700
0.038810
0.001187
-0.124623
-0.053560
-0.013305
0.072150
0.011023
-0.110240
-0.021970
-0.161806
0.128264
-0.006194
0.019325
-0.142009
-0.125550
-0.028219
-0.066496
0.067354
0.067728
-0.102764
-0.178681
-0.204551
0.100679
0.076870
-0.112238
0.020686
-0.158912
-0.147516
-0.037163
-0.208989
0.054438
0.022991
0.006590
-0.182101
0.021571
-0.031877
-0.033998
-0.118030
-0.237975
-0.015058
0.051188
-0.000831
0.040023
-0.093161
0.009084
-0.029956
-0.193651
0.058862
0.037386
0.046869
-0.105519
0.059201
0.026507
-0.068416
0.170800
0.104247
-0.205956
-0.107165
-0.134992
0.099324
0.046669
-0.090625
0.016480
-0.038970
0.013779
-0.065622
0.148919
-0.185635
-0.160982
0.129569
-0.112142
-0.225669
-0.063502
0.161404
0.005992
-0.080133
-0.082800
-0.109003
-0.105247
-0.113422
-0.133625
-0.072908
0.102996
0.023133
-0.127112
-0.081082
-0.061119
0.124254
-0.155696
-0.020376
-0.114963
0.142825
0.101289
0.034843
-0.081397
0.127025
-0.051257
-0.063101
0.026992
0.097558
0.071931
0.073825
0.157085
0.011312
0.075240
-0.144743
-0.104700
-0.040580
-0.085969
-0.076422
-0.061556
0.110473
-0.064485
-0.067945
0.186424
-0.116615
-0.183993
-0.169768
0.104352
0.121822
0.190504
-0.163317
0.000858
0.182905
0.010356
0.060837
-0.060498
-0.051444
-0.005335
0.169883
0.079823
0.228046
0.117028
0.014009
-0.028124
0.058076
0.080924
-0.023240
-0.096868
-0.037513
-0.022199
-0.195761
-0.004084
-0.027843
-0.059370
0.170225
0.039704
-0.089280
-0.027057
0.001942
0.122086
-0.066606
0.080573
-0.167448
0.179522
0.135240
0.063663
-0.001015
0.051991
0.095679
0.112242
0.167562
-0.029348
0.050579
-0.185101
-0.231116
0.046721
-0.208061
-0.066714
0.009272
-0.043553
-0.155267
0.023974
-0.067080
-0.081114
0.028866
0.122599
-0.077991
-0.177005
-0.083316
-0.103784
-0.020634
-0.153848
-0.104061
-0.019173
-0.076525
0.034809
-0.055331
-0.055459
0.065338
0.036617
0.013656
-0.039010
-0.090153
-0.117835
0.066173
0.185058
-0.038942
0.002379
-0.262635
-0.010264
0.002334
-0.133443
0.089267
0.036435
0.111384
0.070428
0.017248
0.069190
0.005741
-0.150654
0.136206
-0.115398
0.050771
0.055788
-0.108858
-0.088523
-0.049562
0.077844
0.080751
0.095090
0.139072
-0.135449
0.032405
0.031603
-0.113497
-0.067671
-0.118353
-0.073817
0.044378
-0.169036
0.174899
0.203886
0.138540
-0.152025
0.015166
0.062054
0.100186
-0.168700
0.126598
0.073977
-0.068319
-0.146570
-0.065425
-0.111414
0.128899
0.022143
-0.198757
0.165615
-0.011035
-0.027808
0.026615
0.135224
0.006947
0.002638
-0.119895
0.045679
0.084584
0.024604
-0.091620
0.058393
0.097825
0.040404
-0.206322
-0.133419
0.054459
0.014640
0.095497
-0.008183
0.136727
-0.042984
-0.065460
-0.165331
-0.228447
0.151521
0.024617
0.156079
0.172394
-0.052157
-0.211751
-0.055418
-0.018196
0.068784
-0.109929
-0.158725
-0.008361
0.002927
0.032456
-0.100921
-0.041273
-0.187223
0.010884
0.109879
-0.008888
-0.111013
0.086563
-0.008089
0.080902
-0.110493
0.036069
0.087568
0.041499
-0.174178
-0.040186
0.041867
0.089904
-0.024565
-0.200033
0.029590
-0.063507
-0.064079
0.102432
0.075016
0.009678
-0.148145
0.046799
0.103501
-0.120887
-0.082994
0.095320
-0.066840
0.089619
-0.048015
-0.075457
0.021311
-0.156003
0.024257
0.095717
-0.022066
-0.227771
-0.192379
-0.154377
-0.165029
-0.051012
-0.088238
0.159429
-0.204961
-0.176851
0.058145
-0.000974
-0.073936
-0.129830
0.052794
0.026559
-0.164664
0.108961
-0.094199
0.009937
0.041630
0.065684
0.111104
0.077827
0.018398
0.104888
0.074147
0.069850
-0.142819
-0.072122
-0.104681
0.109609
0.153508
-0.047923
-0.063761
0.079085
-0.001143
0.027954
0.059316
-0.184721
0.101376
-0.161643
0.015068
0.171616
-0.007443
-0.093269
0.047724
-0.112488
-0.087290
-0.070676
-0.001712
0.062468
-0.005839
-0.118667
-0.092675
-0.001937
-0.035936
-0.146469
0.167939
0.208104
0.126445
-0.067159
0.032467
0.074547
-0.149520
0.098872
0.081642
-0.090168
-0.090808
0.160957
-0.159790
0.051930
0.079581
-0.144202
0.131855
-0.057326
-0.069823
-0.081034
-0.027500
0.011158
-0.200907
0.076427
-0.073255
0.110754
0.018746
0.034486
-0.144868
-0.214160
0.137776
0.052015
-0.057182
0.221578
0.018780
0.026220
0.152277
0.101139
-0.195073
-0.026834
0.045652
0.128962
-0.014630
-0.087573
-0.104524
0.028336
0.141369
0.027923
-0.090814
-0.071540
0.024581
0.069118
-0.066037
-0.056450
-0.018748
-0.137804
-0.069354
-0.052416
-0.105670
0.060166
-0.094665
0.189300
-0.149593
0.002346
-0.148098
-0.187541
0.112658
0.058697
0.065770
0.155415
0.039779
0.052757
0.104099
-0.103473
0.024311
-0.083716
0.117261
-0.063856
0.113761
0.095329
0.010458
0.042435
-0.020515
-0.093704
-0.150709
-0.025248
-0.071179
0.125659
0.139851
0.090221
-0.081204
-0.102230
0.022341
0.038824
-0.117803
-0.010149
-0.084217
-0.044051
0.186694
-0.143781
-0.133575
-0.069517
-0.092133
0.167659
0.052846
0.112437
0.126846
0.036137
-0.081489
-0.007887
0.095860
-0.120178
0.030871
-0.001430
0.101477
-0.176468
-0.070115
-0.105884
0.052372
-0.035037
-0.038056
0.012975
-0.014758
-0.180005
-0.035948
-0.038818
0.011460
-0.061544
-0.035985
0.128518
0.007681
-0.121966
-0.050398
0.195951
-0.043986
-0.007266
0.188747
0.025675
0.105492
0.203141
-0.034479
-0.059287
0.201229
-0.216807
0.182978
0.010892
-0.156410
-0.159397
0.134640
0.061685
0.062681
0.133000
0.158251
0.026076
-0.149944
-0.070342
0.069384
0.074847
-0.162479
0.059324
-0.220414
0.043168
0.051748
0.077229
-0.089599
-0.035470
-0.241388
0.004127
-0.007323
-0.123723
0.159312
0.059625
-0.002913
-0.083615
0.057707
0.125686
0.185638
-0.087143
0.006618
0.099786
0.099578
-0.044675
0.049841
-0.027460
0.131202
0.018291
-0.010404
0.100501
-0.039965
-0.047147
0.077304
0.073228
0.081297
-0.142971
-0.077372
-0.121930
-0.039498
0.091526
0.131270
-0.073575
0.047589
0.050598
-0.072075
-0.130340
0.033152
-0.068265
0.209624
-0.108135
0.143780
0.136993
-0.220740
-0.077333
-0.220595
-0.070717
0.035994
0.050449
-0.153804
-0.128622
-0.132450
-0.008280
0.086917
0.174706
0.108237
-0.005179
-0.071386
0.027856
-0.013248
-0.103171
-0.032215
0.091172
-0.056353
0.024909
-0.040431
-0.177436
0.117073
0.086433
-0.024862
0.070899
-0.061504
-0.010973
0.120707
0.159386
-0.188798
0.056528
-0.059329
-0.105596
-0.066376
0.073923
-0.078991
-0.009025
-0.012505
-0.148265
-0.143601
0.101808
0.038289
0.121088
0.105878
0.149638
0.123486
-0.025564
-0.058929
-0.023048
-0.173148
0.190174
-0.180907
0.029096
0.116337
0.082234
-0.016478
-0.081772
-0.048425
-0.031471
-0.037307
0.172138
0.115652
0.005883
-0.179491
-0.028669
-0.195629
-0.165695
-0.119729
0.045561
0.037113
0.041094
0.048051
0.003449
-0.145204
0.063095
-0.016632
-0.155608
-0.003491
-0.005293
-0.028284
-0.000037
0.033256
0.026187
-0.087812
0.118606
-0.245204
0.050635
0.134758
-0.010674
0.128941
-0.139858
-0.016888
-0.170747
-0.118036
-0.064571
-0.061725
-0.147883
-0.153048
0.171073
-0.087966
-0.023365
-0.075920
0.002613
0.180345
-0.022294
-0.099061
0.120800
0.059666
0.073526
-0.057867
0.125047
0.062350
0.199379
-0.054755
-0.177119
0.083886
-0.054895
0.009504
-0.009925
0.130700
-0.024743
-0.165385
0.039161
0.154628
0.095130
-0.122763
0.046907
-0.036671
0.143627
-0.137087
0.157634
0.045232
-0.035624
-0.066299
0.071544
-0.053449
0.112895
-0.064763
0.126214
-0.119994
-0.079615
0.030826
0.026268
-0.062218
0.116215
-0.007800
-0.112216
-0.125600
0.065225
0.114033
0.176193
-0.123420
0.254820
-0.006466
0.000110
-0.018501
0.039863
-0.152142
-0.140186
-0.089210
-0.154042
-0.112934
-0.161874
0.075698
0.130083
-0.192301
0.019901
0.048532
0.073078
-0.017639
0.011216
0.005141
-0.091201
-0.121486
-0.149867
0.113735
-0.072953
0.015604
0.036830
-0.012404
0.084153
0.008676
-0.012884
0.078164
0.083404
0.011888
0.039530
0.044968
0.038478
-0.099193
-0.158780
-0.147988
-0.081099
0.052895
-0.120787
0.009615
-0.133765
-0.032098
-0.007969
-0.119748
-0.018062
0.060667
0.097717
-0.090557
-0.064133
-0.004925
-0.139573
-0.052565
0.015582
0.110672
0.056466
-0.014282
-0.074416
-0.018286
0.203332
0.101599
-0.154635
0.155148
-0.045768
-0.008847
0.115259
-0.188601
-0.142099
0.117244
-0.099794
0.123099
-0.101137
-0.153783
-0.112697
-0.059144
-0.052187
0.027071
-0.136044
-0.006548
-0.027349
-0.240681
-0.009744
-0.197045
0.100062
0.145196
0.016318
-0.081157
0.126306
-0.110084
-0.125854
-0.059042
-0.057917
0.134969
-0.036699
0.098229
-0.150672
-0.076285
0.203033
0.111420
-0.123852
-0.030241
0.036301
-0.140345
-0.157884
-0.004938
0.040190
0.039019
-0.088277
-0.026069
-0.006702
-0.051872
0.043876
0.096896
-0.191751
0.084695
0.151820
-0.167895
-0.109774
-0.048583
0.102806
-0.103824
0.060181
-0.011896
-0.145577
-0.045935
0.081460
0.032554
-0.163411
-0.143161
0.022794
0.106689
-0.156769
0.012396
0.015321
0.071725
0.195777
-0.068285
0.136614
-0.149210
0.111759
0.054195
-0.196049
-0.099178
0.015503
0.026746
0.148004
-0.162414
0.059054
-0.151384
-0.033026
-0.149454
0.110930
0.117149
-0.071063
0.112836
-0.252874
-0.002691
0.138928
-0.090234
0.112487
0.196373
0.093622
-0.005785
0.010536
0.012749
-0.136472
-0.015576
-0.167073
-0.102730
0.031849
0.149278
-0.060638
0.242469
0.060773
0.063224
0.051858
0.169323
-0.027869
0.097550
-0.090531
0.041836
0.187048
0.151909
0.061371
-0.177559
-0.047660
0.025723
0.091360
0.105577
-0.132036
-0.054659
-0.100932
0.161295
-0.040965
-0.094878
0.162743
-0.093294
0.059572
-0.140980
0.066823
-0.024915
-0.118567
-0.168726
-0.076836
-0.022218
0.183311
-0.006145
0.070368
-0.116744
-0.122368
0.218842
0.032064
-0.186867
0.052676
-0.037973
0.027257
0.018772
-0.072802
-0.143275
-0.073649
0.040320
0.062155
-0.123504
0.052370
-0.042460
0.003647
0.179589
-0.104661
-0.071827
-0.008122
-0.077620
-0.134160
-0.023261
0.094653
-0.071125
-0.083026
-0.056508
-0.212980
-0.211398
-0.022139
0.048719
-0.177042
-0.091473
0.046112
0.113420
-0.152657
-0.012071
-0.017964
0.058233
0.270809
-0.092288
0.126906
-0.058988
-0.027764
-0.071817
-0.140388
-0.047403
-0.138840
0.005415
0.140259
-0.145769
-0.005224
-0.186193
0.111608
-0.089544
0.028530
-0.025731
0.163442
0.029333
-0.052047
0.087482
-0.058661
-0.014755
0.015145
-0.228279
-0.072370
0.107835
-0.142710
-0.025140
0.148187
0.043281
-0.009209
0.188274
-0.169786
-0.190977
0.167535
0.012531
-0.041791
-0.062029
0.042339
0.126451
0.160456
0.178139
-0.206478
-0.069630
0.072817
0.082860
0.000458
-0.025387
-0.136037
0.108667
-0.035740
0.031936
0.030325
-0.110673
-0.124927
-0.081461
0.078527
0.042111
-0.068089
0.057130
0.081521
0.058405
0.095147
-0.002464
-0.119823
-0.089819
0.115360
0.085045
0.122888
0.043132
-0.075494
0.112000
0.050872
0.039788
-0.038192
-0.029000
-0.166021
-0.017282
-0.171845
-0.094520
0.080779
0.019921
0.039680
-0.141391
0.106549
-0.123764
-0.064215
-0.130096
0.063790
-0.125058
0.034959
0.150427
0.082394
0.033653
-0.089812
-0.195957
-0.144126
-0.067514
-0.027090
-0.053000
-0.133367
-0.105679
-0.142023
0.148495
0.185211
0.043514
-0.091234
-0.003984
0.056517
-0.201919
-0.046903
-0.093910
-0.039727
0.020978
0.097655
-0.148711
0.182646
0.007467
0.106938
-0.055023
-0.237450
-0.143569
0.079721
-0.002191
0.095474
0.083374
-0.206538
-0.055176
-0.028338
0.044017
0.039873
-0.018187
0.053809
0.014339
0.059658
-0.148707
-0.166792
0.017879
-0.240599
0.146524
0.028989
-0.080426
0.111131
0.140061
-0.113278
0.011542
0.159536
-0.084510
-0.024478
0.090507
0.082896
-0.112810
0.054860
-0.184955
0.169167
0.077793
0.062328
-0.034204
-0.117116
-0.197400
0.069607
-0.194571
0.038821
-0.085674
0.017127
-0.160612
-0.017751
-0.223725
0.148077
-0.017295
-0.022992
-0.004493
-0.083719
-0.142371
-0.030360
-0.086234
0.103447
-0.139645
-0.040818
-0.030302
0.103459
-0.069311
-0.116822
-0.171664
-0.004031
0.051500
-0.111809
0.073230
0.171869
-0.188940
0.165397
0.066139
0.038293
-0.110111
-0.126846
-0.188254
0.049438
0.024188
-0.055630
-0.017487
0.061848
0.194273
0.085518
-0.057686
-0.016911
-0.056674
0.015611
0.046272
0.041074
0.156316
0.099728
-0.033626
-0.216211
0.016141
-0.117990
-0.167348
-0.159544
-0.044663
-0.051737
-0.052251
0.022603
-0.053569
0.049593
-0.064130
-0.070625
-0.101432
-0.007547
0.083334
0.145652
-0.199184
-0.138391
-0.261683
-0.103889
-0.015777
-0.096037
-0.124428
-0.045171
0.147096
-0.060424
-0.187749
-0.023613
0.137356
0.095441
0.041361
0.030668
0.070861
0.012647
-0.049388
-0.009567
0.008590
0.118015
-0.012210
-0.108362
0.050627
0.009602
-0.163550
-0.150362
-0.106035
-0.176493
0.117025
-0.073525
0.133564
-0.052448
0.091762
-0.083640
0.004892
-0.018091
-0.113540
0.135381
-0.135644
0.076798
0.084726
0.072126
-0.117598
0.031112
0.208266
-0.091525
-0.099453
0.032639
0.094507
-0.154682
-0.041599
-0.156401
-0.031460
-0.115014
-0.009387
0.045147
0.096154
-0.096261
-0.135050
-0.075959
-0.046803
0.034098
0.129372
-0.113210
0.029296
-0.116683
-0.245575
-0.070427
-0.039100
-0.019718
0.023857
0.133316
-0.058596
-0.131281
-0.049998
0.131076
-0.085327
0.125096
-0.149675
0.021930
-0.121128
0.085557
-0.126293
0.039332
-0.133977
-0.138125
-0.009777
-0.014848
0.069745
-0.200781
0.061536
-0.180501
0.037325
0.094558
-0.183583
-0.087549
0.153620
0.172577
-0.175240
0.173254
0.037525
-0.153126
-0.132297
0.088030
-0.039113
-0.005756
0.072266
-0.094575
-0.182617
-0.083413
-0.131026
0.087688
0.033032
-0.075218
0.046737
-0.228177
-0.066204
-0.077179
0.034441
-0.018740
0.009240
-0.153188
0.131318
-0.097629
0.087225
-0.061895
-0.062518
-0.003831
-0.086914
-0.003874
-0.123730
0.203324
0.105916
-0.022920
-0.005875
-0.054574
-0.069353
0.180613
0.193379
-0.039884
0.058583
0.181880
-0.138562
0.012771
0.055893
0.102120
-0.027851
0.124756
-0.094054
-0.144022
0.135280
-0.096206
0.021106
0.154043
-0.186616
-0.015482
0.092950
-0.059035
-0.166673
-0.035159
-0.130748
0.168770
0.013117
0.068354
0.145457
0.169937
0.011117
-0.139051
-0.068158
0.106296
0.154218
0.011750
0.082569
0.179901
0.158488
-0.045994
-0.019176
-0.041867
-0.022897
0.022525
-0.173684
-0.038916
0.049109
0.121535
0.060851
-0.049021
0.193239
-0.049501
0.067909
-0.091712
-0.102621
-0.039403
0.049058
-0.053966
-0.013642
0.080886
-0.069364
0.036246
0.064790
-0.149278
-0.112723
-0.031205
-0.039405
0.053409
0.015271
0.028245
0.020577
-0.124866
-0.042425
0.099380
-0.126587
0.017614
-0.016253
0.005001
0.124353
0.061827
0.175361
-0.180527
0.132461
-0.099079
0.084795
0.107549
-0.196799
-0.106368
0.008885
0.039686
0.025015
-0.102682
-0.143274
-0.075207
-0.119082
-0.013439
0.079216
-0.023613
0.133515
-0.118698
-0.080644
-0.043834
0.049060
-0.003073
-0.005338
-0.078535
-0.202788
-0.033475
0.018832
0.142625
0.177350
0.107005
-0.059784
-0.140161
-0.068947
-0.085151
-0.141153
-0.013968
0.073727
-0.065622
0.121446
-0.160537
0.145345
0.030412
-0.089959
-0.002509
-0.163700
-0.032247
0.057862
-0.058222
0.083652
-0.032626
0.074279
-0.026666
0.023006
-0.008123
0.162756
0.093699
-0.095238
-0.179910
-0.192075
-0.191959
-0.044554
0.065656
0.024402
-0.135343
-0.090928
-0.143369
-0.029905
-0.041672
0.152802
0.067558
-0.037117
0.027499
-0.052754
-0.124016
-0.197349
-0.028586
-0.139128
-0.230360
-0.049020
0.118207
-0.175529
-0.020281
-0.080375
-0.138032
0.124937
-0.167302
0.012093
0.098209
-0.008029
-0.116391
-0.022609
-0.008486
-0.069643
-0.084823
0.040161
-0.119706
0.002105
-0.120207
0.160844
-0.085152
-0.059908
0.088123
-0.173478
0.008849
-0.124028
-0.015853
0.156077
0.069147
-0.133216
0.083331
-0.012887
-0.010248
0.047125
-0.071113
-0.103685
-0.111977
-0.028106
0.101953
0.017004
0.008383
0.021948
-0.132213
-0.046137
0.057385
-0.028829
0.111993
-0.139527
-0.165908
0.147883
-0.032329
0.119499
0.006501
0.211398
0.256709
-0.095696
-0.063074
-0.097025
-0.144794
-0.067697
0.015426
0.123081
0.041211
-0.018971
-0.118877
0.130692
-0.164165
0.281279
-0.197548
-0.088014
-0.009400
0.112274
-0.088105
0.171654
0.181983
-0.148147
0.049178
0.010437
0.063419
-0.258279
0.107749
0.168200
-0.157002
0.011671
0.093474
0.066938
-0.020591
-0.094861
0.068278
-0.095848
-0.113509
-0.187612
-0.087545
-0.205917
0.047029
0.045572
-0.061065
0.090537
-0.154476
-0.072558
0.022332
0.115822
-0.088612
-0.020726
0.094239
0.120922
-0.183464
-0.170828
0.100759
-0.165423
0.118459
-0.144202
-0.158312
0.076218
-0.155324
-0.016401
-0.115272
-0.042638
-0.036926
-0.188208
-0.111267
-0.219961
-0.149256
0.006585
0.145066
-0.133510
0.042683
0.185981
-0.092104
-0.122985
-0.213775
-0.145778
0.097249
0.057870
0.178933
-0.133338
0.082628
0.127689
0.061815
0.018505
0.044574
-0.014904
-0.030770
-0.031796
-0.188836
0.009551
-0.198555
0.078039
0.156308
-0.143238
0.041562
-0.028206
0.077214
-0.134211
-0.021575
-0.066966
-0.048361
-0.109401
-0.173858
-0.023118
0.080843
-0.086444
-0.052274
-0.119654
-0.103432
-0.013153
0.238870
0.184763
-0.143921
-0.186582
0.125385
-0.035594
0.081458
-0.009795
0.150193
0.063847
0.101481
-0.127149
-0.005066
0.017128
0.017392
0.127125
-0.072539
0.067762
0.001520
-0.038973
0.126301
0.080067
-0.105928
0.067637
-0.111780
0.154442
-0.151955
0.034034
-0.132260
-0.228722
0.022629
-0.095063
0.050657
-0.080199
0.141760
-0.080222
-0.043390
-0.035335
0.060063
-0.021600
-0.179544
-0.023781
-0.151701
-0.145659
-0.157199
-0.031024
-0.171837
-0.041354
0.141393
-0.096066
0.069022
0.082715
-0.011407
0.132900
0.163585
0.080764
-0.076558
0.043914
-0.087415
-0.172705
-0.093419
0.098204
-0.117434
-0.019157
0.082702
0.084501
0.052375
-0.091807
-0.142986
-0.082017
0.041336
0.066655
-0.066751
0.155931
0.121663
0.183611
0.066178
0.126134
-0.109071
0.146588
-0.135881
0.098228
-0.128734
-0.052721
-0.145148
-0.146766
0.094876
-0.020166
0.093992
-0.145775
0.180523
-0.069035
-0.048014
-0.097908
-0.039068
0.040646
-0.007596
0.162022
0.156046
-0.135812
0.179152
0.181769
-0.027445
-0.104191
0.005248
-0.143840
-0.107084
-0.140237
0.046369
-0.162571
-0.160853
0.049403
0.084805
0.099885
-0.075486
0.046752
-0.057437
0.141574
-0.020331
0.003109
-0.112569
-0.151318
-0.075661
0.029412
-0.157229
0.043474
-0.046459
0.084028
-0.045391
-0.010575
0.097321
0.221424
0.105908
0.035562
-0.138285
0.015491
0.057592
-0.092651
0.131268
0.074417
-0.151462
-0.047708
0.126167
-0.019384
0.096408
-0.054114
0.112624
-0.080006
-0.144781
0.048696
0.075652
-0.163758
-0.025363
0.119018
0.063619
0.054315
-0.067608
0.125508
0.044732
0.020649
-0.053042
-0.036941
0.015762
0.092402
-0.202569
-0.166255
-0.152013
-0.098445
-0.025129
0.099104
-0.049269
-0.103550
-0.113877
-0.058723
0.150006
0.012751
-0.051995
-0.147474
0.205298
-0.063097
0.093003
0.170490
-0.058787
0.221294
0.026042
0.180014
-0.045106
-0.107548
0.006060
0.213923
0.203478
0.115674
-0.058566
0.009619
0.102960
0.002693
-0.052806
0.053868
0.036755
-0.170402
-0.058479
-0.063298
-0.128797
0.120395
-0.170966
-0.123201
0.041169
-0.017602
-0.019594
-0.081659
0.005409
-0.129059
-0.100696
-0.075161
0.058157
-0.159854
-0.200113
-0.060875
0.122569
-0.110847
0.174469
0.001870
-0.048500
-0.107749
0.057292
-0.124827
0.076955
0.050011
0.147804
-0.028957
-0.164791
0.003353
-0.088729
0.218310
-0.111334
-0.011540
-0.098245
-0.173079
0.016092
0.030175
-0.077843
-0.026665
-0.023233
-0.115978
0.126191
0.181056
-0.070694
-0.165007
-0.107124
-0.152251
-0.001622
0.144020
-0.158078
-0.093158
-0.039937
-0.037828
0.151006
-0.159330
0.065584
-0.002361
0.035030
0.047258
-0.204833
-0.024196
-0.040000
0.001812
0.082556
-0.087992
-0.088611
0.010275
-0.127186
0.020538
-0.229285
-0.144661
0.047593
0.052224
-0.143932
-0.138724
-0.148416
0.169026
-0.008623
-0.078768
0.016226
-0.053681
-0.053698
-0.001688
-0.022754
0.189350
-0.124913
0.066512
0.146120
0.160331
0.140666
0.054714
0.149823
0.069497
-0.015404
-0.167342
-0.116021
-0.022730
0.039105
0.162888
0.211302
-0.048510
-0.122496
-0.019706
-0.023285
-0.103997
0.176311
-0.067051
-0.072258
-0.170649
-0.052955
0.183441
0.151857
-0.073501
-0.071174
0.030784
-0.026319
-0.195612
0.195423
-0.012098
0.018552
0.016649
-0.004103
0.089072
-0.000436
0.152564
-0.069040
0.057461
0.103621
-0.163677
-0.086451
0.000137
-0.104810
-0.198841
-0.096324
0.127954
-0.127269
-0.026478
0.115971
-0.080204
0.120139
0.009690
0.080820
-0.112047
0.060406
0.027155
-0.127871
-0.011429
0.134756
-0.087923
0.137426
0.123536
-0.079527
-0.192220
0.167313
0.067451
-0.060982
0.062535
-0.024705
0.009313
-0.076095
-0.031795
-0.001509
-0.160217
-0.021539
-0.017116
-0.102159
-0.005594
0.151154
-0.033598
0.005971
0.032070
-0.051779
-0.127047
-0.161226
-0.027286
0.064102
-0.204258
-0.202289
-0.041267
-0.123814
-0.142222
-0.167067
0.070975
-0.027330
0.125943
-0.126908
-0.173792
-0.032743
-0.005935
0.084482
0.091337
-0.173114
0.154991
0.092689
0.139224
-0.079930
0.154512
0.019505
-0.191129
0.225739
-0.008131
-0.036318
0.100346
-0.170428
0.134641
0.030379
-0.005402
0.010929
0.157718
-0.101284
-0.018418
-0.120417
0.041890
-0.067070
-0.005077
-0.054166
0.211607
0.157790
-0.008134
0.028672
-0.031285
-0.040459
0.056923
-0.080334
-0.171472
0.098707
-0.228674
0.016825
0.000266
-0.087737
-0.179045
-0.026531
0.066839
-0.046391
-0.053151
-0.054424
0.022456
-0.133749
-0.133371
0.029420
0.029687
-0.034607
0.118594
-0.036941
-0.007928
-0.076627
-0.159056
0.176683
-0.079080
-0.130297
0.163520
-0.144413
0.079443
0.041570
-0.150632
0.099374
-0.164882
0.048172
0.050648
0.097146
-0.000084
0.053540
0.044170
0.093358
0.078472
0.104228
0.049828
-0.069746
0.085977
-0.006583
-0.142867
0.035749
-0.021768
-0.127288
-0.166411
-0.120359
-0.110543
-0.021609
0.045804
0.151187
0.003658
0.053851
-0.097186
-0.018825
0.073992
0.059769
0.034596
0.063828
0.192276
-0.170296
-0.058955
0.164465
-0.068799
-0.150334
-0.181954
0.024138
-0.122241
0.110072
-0.074765
0.026585
0.049042
0.066256
0.142176
0.167563
-0.060268
-0.088539
0.048772
-0.017336
0.091568
0.163986
0.190366
-0.074145
-0.039667
0.024081
0.034636
0.053988
-0.211738
-0.148303
-0.004400
-0.087752
-0.051118
0.022712
-0.051210
0.147726
0.107152
-0.195513
-0.115599
-0.182621
-0.038300
-0.004150
0.092570
0.003770
-0.130184
-0.142965
-0.040314
0.039064
-0.137341
0.004125
0.079662
-0.017485
-0.127986
-0.057866
-0.018756
-0.061405
0.078385
-0.104743
0.143430
-0.093333
-0.143510
-0.049390
-0.047999
0.011765
-0.079907
-0.073816
-0.048448
-0.129854
-0.070503
0.086777
-0.112008
0.048956
0.104042
0.013366
0.080023
-0.064091
-0.008726
-0.094813
-0.066261
-0.115204
0.026190
-0.041344
-0.123271
-0.059598
0.106401
0.003873
-0.038993
-0.099710
-0.092635
0.134904
0.130990
-0.118280
0.017221
-0.116463
0.032258
-0.059823
-0.089680
0.057162
0.054994
0.029012
0.036253
0.102884
-0.077382
0.079909
-0.032505
-0.091150
0.028945
0.120180
0.116506
0.003691
-0.120956
0.002856
0.002323
-0.055391
-0.069528
0.004977
-0.108299
-0.027900
-0.027600
-0.033031
0.035242
-0.117786
0.166085
0.015064
-0.010829
-0.181995
-0.144402
0.041574
0.055038
0.187286
0.044468
0.154778
0.117441
-0.086470
-0.158475
0.077480
-0.225736
-0.170174
-0.076807
-0.104798
-0.063191
-0.024951
-0.068431
0.135078
0.159607
-0.042484
0.035766
-0.014895
-0.046578
-0.167955
-0.081832
0.121777
-0.060441
-0.025491
-0.162611
-0.104554
0.141818
0.119983
-0.145223
-0.171726
-0.110461
0.150729
-0.056543
-0.033336
-0.073543
-0.003879
0.083366
-0.157827
-0.152115
-0.118306
-0.012449
0.041206
-0.118385
-0.182610
-0.145386
-0.134315
-0.005873
0.098543
0.010725
0.096388
0.023925
-0.123519
-0.198981
0.000374
-0.122028
-0.067741
0.010418
-0.126701
0.083309
0.083271
0.078685
-0.103461
-0.015713
-0.144423
-0.176741
-0.128264
-0.017922
-0.144281
-0.094503
-0.072602
0.189728
-0.053294
-0.155393
0.085528
-0.169979
0.107470
0.034448
-0.126058
-0.096545
0.019332
0.025318
0.097372
0.053567
0.042862
-0.057080
0.070931
0.133148
-0.166420
0.210420
-0.002013
0.036822
-0.083232
-0.030574
-0.124758
-0.077640
0.089424
0.036353
0.093824
-0.070020
0.019082
0.096806
0.159328
-0.070421
-0.232760
-0.112884
-0.160700
-0.079098
0.105311
-0.079912
-0.009118
-0.115488
0.204008
0.042336
0.021106
-0.116399
-0.041959
-0.071166
-0.145114
0.072736
-0.151552
0.290783
-0.044648
-0.188154
0.137617
-0.122275
-0.149314
-0.062034
-0.021900
-0.201473
-0.059932
0.171125
-0.130692
0.067068
0.081449
-0.168867
-0.108539
0.117136
0.066502
0.080232
-0.036635
-0.034309
-0.025445
0.139378
0.094596
0.038981
-0.037607
-0.044026
-0.199187
-0.139819
-0.096048
-0.224393
0.125762
-0.040396
0.145288
-0.174241
-0.016838
-0.174040
-0.008895
0.143907
-0.115310
0.004939
0.032980
0.193453
0.091448
-0.119693
-0.200109
-0.177377
0.050648
-0.082815
-0.073181
0.048308
0.106568
0.081132
-0.079875
0.003149
-0.044451
-0.071118
0.014298
0.044754
0.057306
-0.181171
0.078695
-0.129431
0.005695
-0.095377
0.026074
-0.087402
0.141803
0.122209
0.170212
-0.169489
-0.020145
0.057406
0.164975
-0.075000
-0.158954
-0.183397
0.152426
0.127781
-0.035641
0.023091
-0.010518
-0.070152
-0.073407
-0.129147
-0.040833
-0.164667
0.100401
0.078114
-0.149741
0.127195
-0.143807
-0.003208
-0.095036
-0.146955
-0.039889
-0.185968
-0.048624
-0.103006
-0.207363
-0.066124
0.031933
0.056266
-0.171084
-0.211421
0.116852
-0.147460
-0.128452
0.127937
0.016009
0.075982
0.082328
-0.216244
0.041320
0.074871
-0.107642
0.083232
-0.180054
0.052527
0.103504
-0.130977
0.181152
0.074062
0.106315
0.116848
-0.152877
-0.027880
0.178453
0.184130
-0.066680
0.161351
0.004288
0.107753
-0.077469
-0.101058
0.169817
-0.107182
-0.067431
0.042079
0.101609
-0.025398
-0.037847
-0.014594
0.148188
-0.061237
-0.114637
-0.019953
0.064980
0.030748
0.066387
-0.019289
-0.018156
-0.124679
-0.195778
0.130534
-0.038431
-0.019007
-0.015481
-0.213906
0.096555
0.050042
-0.064921
-0.133465
-0.040992
-0.034292
0.041924
0.082451
0.142703
0.007329
-0.098313
-0.108787
-0.046634
-0.191224
-0.216658
0.038532
0.196590
0.095847
0.095127
-0.000082
-0.078807
0.119127
0.007893
0.009916
-0.171666
-0.107809
0.028206
-0.013326
0.022371
0.087615
-0.101427
-0.008129
0.184543
0.138542
-0.107258
0.084471
-0.109860
-0.028991
-0.181092
-0.177822
-0.040522
-0.158994
-0.038252
0.157511
0.253842
0.004398
0.050208
0.123099
0.027627
-0.156834
-0.139623
-0.068367
-0.042752
0.060784
0.072978
-0.155826
0.032892
0.008306
0.067306
-0.077203
0.091572
0.099517
-0.205366
0.040359
-0.043128
-0.046275
-0.168739
-0.052110
-0.043069
0.090949
0.118124
-0.059734
0.118634
-0.056930
0.050846
-0.106576
-0.096060
0.009429
0.006598
0.068284
-0.021027
-0.109102
0.103847
-0.233057
0.088466
0.000678
-0.029152
0.188334
-0.126597
0.090785
-0.028421
0.063344
0.053200
-0.075066
0.038631
-0.141676
-0.131631
0.106402
-0.006329
0.038505
0.007940
-0.071538
-0.000133
-0.055009
-0.150486
0.068613
-0.075851
0.065994
-0.074507
0.056221
0.035610
-0.022730
-0.107577
-0.017066
-0.153773
-0.020920
-0.065417
-0.149509
0.116090
0.014140
-0.122131
-0.162166
-0.025251
-0.059934
-0.153480
-0.147631
-0.117375
-0.014596
0.151565
-0.088824
-0.113299
-0.185338
0.028002
-0.077834
0.166761
0.033801
-0.058503
0.133223
0.057990
-0.089771
-0.045734
0.194245
-0.093103
0.163826
-0.165516
0.168554
0.102479
0.006870
-0.075390
-0.155303
0.002228
0.050632
0.009438
-0.027096
-0.075140
-0.164693
-0.038993
-0.129781
0.076676
0.105621
-0.179555
-0.111531
-0.029357
0.156730
0.089699
-0.184476
-0.028673
-0.165234
0.019336
0.111767
-0.120306
0.077213
-0.010410
-0.018168
-0.009825
0.154406
0.085751
-0.054372
0.115936
-0.118108
-0.107545
-0.087313
-0.090303
-0.145330
-0.087870
-0.212442
-0.139301
0.188838
-0.124362
-0.053983
-0.099960
-0.027492
0.005294
-0.153697
-0.084526
-0.089244
-0.126520
0.115155
-0.003209
-0.060534
-0.079654
0.121154
-0.090211
0.081280
-0.002428
0.041672
0.087973
-0.132203
0.019100
0.205009
0.161248
0.085167
-0.160089
-0.154357
-0.136481
-0.081060
0.100147
0.014476
-0.149328
0.009015
0.143485
0.122948
0.076663
-0.157937
-0.120792
0.027796
-0.191346
-0.077408
-0.065555
0.033459
-0.135749
0.117027
-0.028361
-0.111073
-0.187939
0.122913
-0.028863
0.109845
0.018540
-0.120952
-0.162802
-0.043522
0.192211
-0.012151
0.033472
-0.135934
-0.004566
0.289065
-0.166683
0.007490
-0.069830
-0.099526
-0.096961
-0.069938
0.030821
-0.036850
0.136237
-0.199972
-0.227893
-0.023313
0.099981
-0.046347
0.102787
-0.093852
0.060612
0.123311
0.023045
-0.014432
0.104946
-0.035351
0.054162
-0.173322
0.010748
-0.215437
0.156182
-0.212579
-0.187582
0.108390
0.048722
-0.146002
-0.163011
-0.202220
-0.015934
0.119780
0.049415
0.007965
0.058215
-0.137830
-0.122135
-0.034784
-0.037630
-0.060235
-0.055728
0.123483
-0.130010
0.011362
0.085449
-0.202145
-0.052708
0.009747
-0.110022
0.138525
-0.024056
0.087536
0.118347
0.106219
0.063462
0.056895
0.042509
-0.202165
0.150450
-0.107840
-0.072096
0.048855
-0.164994
-0.041240
0.127195
-0.090123
0.004281
0.137997
-0.147290
0.150390
-0.193879
0.014835
0.155987
0.062751
-0.185747
0.021680
0.014973
-0.119044
-0.173260
0.019335
-0.009598
-0.007014
0.210502
-0.133797
0.099485
-0.154406
-0.146060
-0.137593
-0.056244
0.133503
0.075409
-0.067053
-0.026815
-0.149919
0.128252
0.044880
-0.044771
-0.083256
0.067777
0.076499
-0.111320
-0.178868
0.143603
-0.000112
0.083707
0.122202
0.083575
0.008887
0.109737
-0.140105
-0.066679
-0.095815
-0.158666
-0.173603
0.123561
0.158410
0.145995
0.020931
-0.090141
0.175488
-0.066056
0.177747
0.095709
0.030650
0.006633
-0.087073
0.067716
-0.045003
-0.105136
-0.101345
