3.000000	0.700000	50	0.100000	ARCHIVOS_REDES\ER\ER_624.txt
0.039565	2.630452
2.922958
-2.857499
2.727233
-2.921938
2.870005
2.920684
-2.948389
-2.939327
2.957062
-2.827030
2.941700
2.733006
-2.700493
-2.819801
-0.230220
2.939908
-2.914210
2.983740
-2.550550
-2.869903
2.120590
-2.906822
2.719931
-2.940634
2.657778
-2.159329
1.784942
-2.399590
-2.905356
2.888371
2.877073
2.852213
-2.339798
-2.618185
-2.764735
2.923965
-2.940003
2.873940
-2.784832
2.911236
-2.624935
2.935044
-1.983229
-2.382817
-2.755912
-1.776558
2.907803
-2.737734
2.914823
2.716826
2.926791
-2.650857
-2.811175
2.533459
-2.755395
2.852259
2.777433
-2.945280
2.932878
2.938886
-2.897992
2.736794
2.577845
-2.399840
-2.554673
2.859358
2.921689
2.831256
2.776339
2.946122
2.676676
-2.897689
-1.673116
-2.946284
-2.903075
2.886887
-2.750000
2.601538
1.837881
2.833813
-2.804339
-2.665222
-2.931489
2.891747
-2.884505
2.843554
-2.918317
2.874117
2.469554
2.867164
-2.814856
2.804557
2.836261
2.680485
-2.951527
-2.040194
2.897646
2.874945
-2.597285
1.867878
1.303198
-2.943247
2.924718
-2.730855
1.227738
2.948887
-2.662070
2.910060
-2.726602
-2.907649
-2.581438
2.923685
2.643561
2.703329
1.967801
2.247847
-2.818854
-2.645079
2.350090
-2.635256
1.941281
2.818431
2.827206
-2.688582
-2.970044
-2.949694
-0.564818
-2.227793
2.846701
2.721943
-2.923377
2.900485
2.908122
-2.855566
2.922609
-2.829444
2.853460
-2.347853
0.569657
2.710847
2.868564
-2.957822
1.890257
0.085098
2.942226
2.906261
-2.202397
2.880565
-2.315220
2.908695
-1.927972
2.919350
1.423034
2.914510
2.116396
-2.876228
-2.353274
2.924846
-1.888902
-2.868431
-2.957314
2.798833
-0.553582
2.724330
-2.784829
-2.881365
-2.248117
-2.854311
-2.775699
-2.777218
2.121594
-2.865381
2.929276
2.880067
0.718181
2.839769
2.879214
2.639495
2.404541
-2.275368
-2.637215
2.878636
-2.912793
1.077416
2.847435
-2.916176
2.655264
-2.921928
2.927741
-1.508158
2.894432
-2.771324
-2.930855
2.946022
-2.395143
2.595599
1.686742
2.826415
2.926509
-2.736738
-2.930433
2.873325
2.834177
-2.560326
-1.901467
-2.896382
1.895383
-2.356565
1.860254
-2.931210
2.935895
2.422669
-2.300445
-2.851138
-2.811185
-2.699139
2.890994
2.933413
-2.864992
-2.909541
2.790507
2.820169
2.538854
-2.676841
2.718061
1.074504
-1.030889
-2.924069
2.915279
2.841241
2.870214
2.916521
-0.547723
2.930431
-2.968804
-2.541409
-2.827094
2.881477
-2.819012
2.847229
2.502386
2.701276
2.931314
-0.042413
-2.884035
2.581868
2.189150
-2.809392
-2.272816
2.904018
-0.628558
2.922371
-2.859783
2.699384
2.776080
2.926787
2.917172
-2.926856
-2.922061
2.934958
2.861663
2.903347
-2.749945
2.915702
-2.914988
-2.682499
-2.896403
2.660240
-2.582371
2.944549
2.382027
2.148257
2.949100
1.966505
-2.907757
-2.888153
-2.794663
2.910043
-2.846311
-2.977862
-2.910657
2.965734
2.862312
2.885873
-2.700305
-2.966473
-2.081703
-2.888621
2.911676
2.918504
-2.839691
1.397209
2.800099
-2.632288
2.870579
-2.726514
2.942222
2.390378
2.925052
1.781226
-2.894369
2.766666
-2.598249
2.307051
-2.166545
1.406092
2.576248
-2.904919
-2.920965
2.775757
2.953766
2.663304
2.952308
0.101600
2.954402
-2.712868
1.964445
-1.847925
-2.931791
-0.594197
-2.892061
-2.754187
2.797287
-2.882521
-0.927541
2.230552
2.825649
2.905089
-2.566007
1.078289
2.952901
2.761205
-2.275124
-2.867609
-0.938155
-0.986181
-1.792774
-2.571474
2.899543
-0.026149
-2.748811
2.487881
2.430000
2.914297
2.554885
2.926648
1.413151
2.915640
2.922902
-2.919054
2.825261
-2.863350
2.745362
-2.354318
-2.616073
2.808222
-2.903394
-2.779859
2.746500
2.882002
-2.924150
-2.269098
2.911398
2.880850
2.921162
2.321686
-2.874854
2.905067
2.454872
2.523495
-2.575048
-2.618872
-2.923493
2.832142
-2.326968
2.590180
-2.839581
2.946958
2.878194
-2.925945
-2.516390
2.856587
-2.798702
0.797379
-2.906559
-2.819031
-2.845565
-2.848308
-2.113130
2.564271
2.889305
0.404648
2.736913
-0.008053
2.892264
2.849628
-2.832818
-2.936826
-2.633683
-2.893878
-2.351605
-2.883697
2.811566
-2.952334
2.919084
-2.933881
2.817850
-1.762247
2.403938
-2.962268
2.920217
2.759502
-1.209327
1.305670
-0.806141
2.893725
2.786721
-2.714374
2.684846
2.134093
-2.578057
2.006267
-2.955607
2.936763
2.882409
-2.882002
-2.521512
-2.857858
-2.527270
-2.892828
-0.535074
-2.893576
2.566388
2.918842
-2.840382
-2.922238
-2.772486
-2.846235
2.844551
2.493190
-2.507369
2.776936
-2.938026
-2.946947
-2.610801
0.173438
2.258283
-2.869571
2.951839
-2.024223
2.860256
-2.890624
-2.585318
2.765601
-2.876412
-2.710081
-2.531438
-2.933058
2.426137
-2.885709
-2.952456
-2.902656
-2.059217
-0.986179
2.909975
-2.930929
2.887035
2.624608
-1.508410
-2.915296
2.888155
2.931878
2.226171
2.895081
1.592348
-2.911232
2.472623
2.926574
2.818146
-2.877979
-2.940551
-2.820113
1.874562
-2.709176
2.648461
-2.675819
2.677877
-2.886526
-2.903040
2.933741
-2.812080
2.758027
2.866114
-2.813275
-2.914672
1.322491
2.912782
2.234678
2.273277
2.792992
2.806989
-1.513166
2.943786
2.905542
2.526802
2.603992
-2.906805
-2.268699
-2.899337
-2.931741
-2.842584
2.901766
2.908926
-2.960645
2.916180
1.077893
-2.897823
2.929291
-1.001011
2.874692
-2.865078
2.733343
2.590042
2.596821
2.960190
1.875876
-2.743339
-2.838543
2.975536
2.852102
2.244607
-2.931122
-2.856159
2.904824
2.912696
-1.581424
-2.941950
2.766085
-2.584412
2.880216
-2.525415
-2.682660
2.971076
2.954881
2.697376
2.745813
2.583432
-2.314556
2.929514
2.774771
-0.218680
-2.849245
2.683875
-2.951723
-2.893082
2.096451
2.674378
2.891660
-2.454493
1.833234
1.739659
0.256761
-1.957411
-2.938108
2.938298
0.589188
-0.586701
2.947579
2.909055
-2.861677
2.916147
2.111129
2.430040
2.860610
-2.883938
-2.948458
-2.965949
2.719190
-2.947305
2.270730
-0.517998
-0.025480
2.679465
2.919243
-2.849302
2.940120
2.959936
-2.883254
-2.775738
2.911275
-2.898344
-2.939255
2.555917
-2.731202
-2.155260
-2.468087
2.418745
2.954471
-2.939544
2.836230
-0.931197
-2.918489
2.842904
-2.772044
2.398252
-2.839060
-2.840947
2.862771
-2.779211
-2.509129
2.945196
2.938103
2.888285
-2.926513
-2.881462
-2.894474
2.793123
-2.840540
1.540549
-2.932986
2.870776
-2.941197
-2.732697
-2.185363
-2.929606
0.832590
2.820117
1.985101
-2.759552
-2.905718
-2.851046
-2.278030
-2.939479
2.082129
-2.710674
2.928086
0.181406
-2.955865
1.200914
-2.828760
2.873569
2.873326
-2.918283
-2.408409
2.914984
2.907011
-2.792195
-2.741963
-2.626099
-1.012842
2.977642
2.219769
-2.637818
2.929435
2.812701
-2.963107
2.922297
-2.891190
-2.794165
-2.653149
2.901823
2.922560
1.750691
-2.930864
-2.950905
-2.770527
-2.342270
-2.955669
-2.949581
2.900711
2.913409
-2.958403
1.916754
-0.289347
2.513736
-2.940701
2.752074
2.750996
-2.128066
-2.894365
-2.776319
2.629401
2.904931
-2.790902
-1.859991
2.525721
-1.821483
-2.920621
2.933560
2.895296
-0.470872
2.889888
2.811146
2.665840
-1.505875
2.929115
-2.637619
-2.401675
-2.936655
2.939071
2.911216
-2.633996
2.872775
-2.845350
2.939892
2.941750
2.761628
-2.918096
-2.845931
2.969994
2.892639
-2.909908
2.594962
-2.934061
-2.663651
2.641881
-1.112321
-2.597093
-2.766278
-2.412397
2.940577
-2.311234
2.846654
2.686161
2.878536
-2.817144
0.732744
2.972315
-1.309296
-2.406773
-2.313632
1.920100
-2.126836
-1.906056
2.867326
2.849385
-0.814396
-2.633757
2.878059
2.878202
2.683059
-2.962637
1.599083
-1.077379
2.906342
2.585781
2.889800
2.968655
1.725675
-2.941720
2.929124
-0.011922
2.819914
0.555074
-2.333802
-2.514919
-2.668467
-2.793390
2.851618
-2.833746
-2.831882
-0.894234
2.693195
-1.757159
2.894545
-2.921559
-2.914678
-2.895339
-2.898629
2.923087
-2.864110
1.500071
-2.446185
-2.846919
2.312830
2.820045
2.896505
-2.732837
-2.933918
-2.981004
-2.914297
2.944812
-2.809812
-2.886217
1.772416
-2.364136
-2.913505
-2.926486
2.715589
2.897817
-2.951475
2.657139
-2.237922
2.851578
2.738003
2.507227
2.953890
2.785666
-0.431802
2.935282
-2.916890
-0.801414
-2.928444
2.931591
-2.216500
-2.924930
-2.914187
1.318839
-2.915328
2.937302
-2.977819
-2.773075
-2.187290
-2.846967
0.190744
2.917407
2.763392
2.874849
2.928870
2.597091
2.944771
2.485375
-2.865708
2.413357
-2.774884
-2.939416
2.904822
-2.881400
2.667536
2.598177
-2.950526
-2.936208
2.926985
-2.785540
-2.882258
-2.885140
-1.944565
-2.586272
2.668868
-2.428663
2.890680
-2.916577
2.506423
2.884684
-2.915043
2.794632
-2.689331
-2.933641
-1.071115
-2.913144
2.861182
-2.902083
-2.698895
2.739720
2.908159
2.918114
2.748882
2.633146
-2.851145
-2.952141
2.751794
2.896185
2.538551
-2.882557
-2.874846
-2.924252
-2.790995
2.959387
-2.909059
-2.901148
2.858842
-2.952528
2.844261
2.418207
1.876097
2.719884
-2.389769
-2.380827
2.881445
2.664784
2.954558
-2.878161
2.372620
-2.544963
2.912978
2.770541
-2.685635
-2.899113
-2.979217
-2.878620
-2.896852
-2.183044
-2.905734
2.865138
-2.958216
2.779504
0.872452
2.499669
-2.917081
2.945461
-2.855077
-2.947095
2.939833
-2.920596
2.614799
-2.285158
-2.844112
2.939011
0.406724
2.893998
2.733712
-2.717595
2.806327
2.700388
2.799357
2.889925
2.900772
2.909160
-2.979966
2.864543
-2.794391
-2.866232
2.932456
2.893503
-2.917003
-2.681045
-2.879749
1.942540
-2.904818
2.932438
2.890260
-2.948546
2.901731
-2.636202
2.913261
2.903554
-2.051256
-2.914901
2.892244
1.847513
2.894221
2.965820
2.923031
2.644466
-0.509359
1.223381
-2.905826
2.941229
2.938576
2.682147
2.433945
2.851258
-2.665691
-2.945963
2.875512
2.947777
-2.311850
2.320808
2.585085
2.879769
-1.856844
-2.804076
2.887825
2.335068
-2.897146
2.908509
2.889880
-2.757174
-2.923853
2.689410
1.438891
2.947335
2.852234
-1.744736
2.489592
2.818151
2.282428
-1.774060
2.792930
2.776509
2.802701
2.801900
2.633561
-2.796777
2.841550
2.906054
-2.937718
2.885127
-0.202024
-2.853297
2.925321
-2.905531
-2.704933
1.667004
2.905452
-1.909388
-2.921055
2.803666
2.934708
2.898622
-2.938955
2.347096
2.246948
-2.860435
-2.947250
2.275684
-1.086435
2.918144
-1.767177
2.975339
2.537370
2.940297
-2.827267
-2.896699
2.946171
-2.920627
1.496391
2.638818
-2.865288
2.912555
-2.770655
1.860956
0.241323
-2.839286
-2.860576
-2.905597
2.918362
2.699301
2.917714
-2.947217
2.001326
2.931615
-2.928792
-2.912315
-2.522507
-2.902758
-2.094190
2.976660
2.024888
-1.779968
-1.308570
-2.626854
-0.982256
2.551943
-2.930403
2.960016
-2.953081
2.658948
-2.882418
2.904748
-2.427846
1.914368
2.391653
-2.630939
-1.314392
-2.894878
-2.913863
-2.389881
-2.925899
2.470198
2.864591
2.944031
2.387156
-2.932385
-2.770070
-2.408483
2.834918
1.750866
2.007046
-2.525614
2.811147
2.928789
2.978188
-2.854233
0.840878
0.167440
2.885392
2.149662
2.782188
1.483815
-2.845475
-2.017857
2.446936
2.870361
-1.169077
-2.768236
2.747191
2.876798
2.973922
-2.889013
-2.563363
-2.907303
-2.840212
1.296757
-2.633643
2.925331
2.908126
-1.271164
2.951099
-2.479682
2.893862
2.770545
-2.861728
-2.864007
-2.878129
-2.859591
0.684689
-2.677908
2.924264
2.130164
-2.616492
2.956302
2.941647
-2.912049
2.861199
-2.942799
-1.848235
-2.707370
2.282782
-2.649713
-2.922036
-2.933722
-2.908110
2.604259
2.876795
-2.822553
2.878982
-2.587215
2.846777
-2.924705
-2.912697
-2.930830
-2.076442
2.608945
-2.827365
1.397574
2.907795
-2.891025
2.717193
-1.397223
2.933854
2.798046
0.250644
-2.121372
-2.419125
2.857902
-2.953174
2.976069
-2.886485
-1.576969
-2.852528
2.788392
-2.802366
2.060441
-2.792059
2.950388
1.089111
-2.673505
2.811528
0.944151
-0.002068
-2.633909
2.948930
2.920457
-2.904718
-2.500558
-2.919591
2.912703
-2.078271
0.450371
2.742205
-1.419308
2.822040
-2.713933
-2.939096
2.939405
-2.807638
2.979465
2.463042
2.510764
2.936165
-2.903073
2.674509
2.945864
-2.617505
-2.945377
-2.769340
1.760044
2.900871
2.706081
2.052242
-1.899860
-2.806454
-2.925462
-2.771138
-2.928479
1.885257
-2.836923
-1.166778
-2.931255
2.930204
0.077303
-2.930505
-2.858417
2.839600
-2.668813
2.944135
2.920879
-2.709254
2.818561
-2.498166
2.910675
-2.879782
-2.839786
-2.853538
2.902629
-0.962711
2.905835
-2.789958
2.712470
0.207921
-2.923065
-2.721111
-2.900680
-2.898648
-1.904415
0.582793
2.848623
2.632963
2.901214
2.935198
-2.862798
2.740806
-2.877078
2.768605
-2.934103
0.686038
-2.914285
-2.800792
-2.849477
-1.330536
-2.942032
-1.888913
-2.961279
-2.731376
2.949341
-2.459377
-2.928291
-1.098214
0.985552
2.828374
-2.923126
-2.944918
2.834659
2.892322
2.897312
2.891215
2.902820
2.951984
2.922392
-2.809407
-2.942379
2.867785
-2.915951
-2.863918
-2.378294
-1.652542
-2.931293
2.794308
2.958174
-2.892370
-2.911356
0.975635
-2.774963
-2.668430
2.634153
-2.134678
2.533470
-1.660452
2.941204
-2.930552
2.917122
-2.869569
-2.904140
-2.877484
-2.551346
2.921782
2.900520
2.308785
-2.833758
-2.955186
2.936661
2.920836
2.614296
-2.980475
2.439052
2.354115
-1.912474
1.645584
2.774720
-2.937780
-2.864374
-2.876694
2.789234
2.800871
-2.945620
2.829671
-0.304984
-2.939084
1.205770
2.204321
-1.430553
-2.905980
-2.589129
2.814744
-0.014407
1.981392
-2.341377
2.872322
2.139848
-2.646923
2.955556
2.941641
-2.932347
-2.948542
-2.437326
-2.883983
2.823013
-2.946210
-2.951359
-2.637763
-2.948159
-2.910970
-2.957270
-2.813162
2.914482
-2.363283
-2.880100
-2.925777
-2.935029
1.874203
2.936313
-2.612736
-2.844964
2.948383
-0.657404
-2.923080
2.709924
-2.928744
-2.249071
2.883154
-2.879868
2.683439
-2.879844
-2.653415
-2.858866
2.748076
-2.800715
-2.836764
-2.864093
2.223792
2.913576
-2.881446
-2.919651
-2.911734
1.711728
2.940155
-2.980284
-2.804067
2.709620
2.621195
2.865813
2.915640
-2.915506
2.935715
2.857457
2.568885
2.901552
2.908663
-2.937367
-0.469989
2.517915
2.837231
-2.362249
-2.917060
-2.927665
2.703190
-2.880071
-2.882616
2.148410
-2.835922
2.913175
-1.913639
-2.714087
2.903667
-2.937986
2.910306
2.931924
2.904350
-2.931256
-2.978241
-2.470247
-2.876046
2.627789
2.722464
2.407486
2.838278
2.078238
2.941303
2.757674
-2.591828
2.750680
0.714484
-2.855982
2.937214
-2.784521
-2.846909
-2.769233
2.646739
2.619788
-2.522499
-2.897742
2.747563
-2.934768
-2.876434
2.256133
-2.935440
2.563190
2.508109
2.946129
2.847124
0.145841
-2.611485
2.971321
-2.903691
2.896169
2.725780
-2.003448
-2.801838
2.890557
-2.560079
2.879395
2.758300
-2.852859
-2.739625
-2.824389
-2.908212
-2.062259
-1.256038
2.928775
2.911465
-2.002406
2.831591
2.855277
2.879002
2.273851
-2.081682
-2.918081
2.936414
-2.954685
2.588657
-2.907662
-2.926707
2.831909
-0.565872
2.883860
2.792123
2.815106
-1.642749
-2.947410
-2.414466
2.394179
-2.797440
2.855799
2.906412
2.907258
-2.858872
2.976507
2.368721
2.873370
-2.620703
2.390245
-2.828928
-2.868355
2.782909
-2.909782
2.868563
0.306938
2.337456
-2.921615
2.928600
-2.723767
-1.064349
-1.319865
-2.553556
-2.883618
2.828728
-2.814680
-2.665345
-2.914762
2.715645
-2.091728
-2.943320
-2.974668
2.573377
2.941959
2.847939
-2.930976
2.890262
2.938648
2.912708
2.929500
-2.842881
1.963503
2.557696
-2.959693
-2.867424
-1.249746
2.616814
-2.885123
2.957947
-2.918661
-0.514786
-1.773232
-2.909582
2.894039
2.882628
2.836721
1.241029
2.856069
-2.729268
-2.296520
2.896553
-2.372824
-2.948920
-1.363632
-2.428520
-2.931806
2.862816
-2.321887
2.950656
-2.943768
-2.088261
2.937091
2.158699
2.829584
-1.577962
2.913803
2.058548
2.596995
2.920392
-2.800234
2.680076
-2.933043
2.550868
-2.742803
-2.936485
-1.779314
-2.791786
2.925636
2.590846
0.910454
2.939550
-2.889174
-2.444790
2.922362
-2.210180
-1.789732
2.268250
-2.783356
2.687468
-2.849552
2.812048
-2.876736
-2.712621
-2.880198
-2.533091
2.816318
2.753352
-2.844130
2.972467
-2.875343
-1.485949
2.461715
-2.154530
2.854223
2.867415
-2.540221
-2.892072
-2.949820
2.872624
2.808616
0.771657
-2.843551
-2.915928
-2.924087
-1.778827
-2.797224
-2.680093
-2.940107
2.790663
-2.929316
-2.505107
1.273628
2.625990
-2.849297
2.834414
-2.939015
2.910391
2.914258
2.746175
2.761503
-1.042362
2.768884
-2.910436
-2.889117
2.878277
-1.608787
-2.942531
-2.810748
-2.902054
-1.927590
-2.878516
1.234694
-2.850469
-2.777468
2.735341
2.848168
2.850202
2.915359
-2.775847
2.857202
2.838201
-2.880570
-2.048083
2.944854
-2.936383
2.910475
-2.937661
-2.943450
-2.748746
-2.883468
2.169262
2.017860
-2.805194
2.875890
2.832539
-2.842828
-2.617734
-2.926134
2.766586
-2.847491
-2.752421
2.617514
0.785537
-2.928191
-2.869041
-2.208552
2.908747
-2.931322
-2.933203
2.804731
-2.784477
2.945739
-2.846757
2.918142
2.158921
2.753850
-2.850354
2.670834
0.919832
-2.606080
-2.897709
-2.804500
0.563217
-1.896381
2.688856
2.921918
1.900417
-2.768945
-1.907027
2.854800
-0.601350
-2.877214
2.922826
2.938446
2.866393
2.857286
2.423351
2.888252
2.144442
2.841835
2.668859
-2.943248
-2.913157
2.236209
-2.626956
-1.819288
-2.561212
2.826496
-2.917195
1.706273
2.642874
2.894579
-0.727923
2.931202
-2.556890
2.653671
-2.792605
1.924266
-1.648623
2.856303
-2.778493
-0.376308
-2.908305
2.962597
-2.715126
2.921179
2.881726
-2.910200
2.527260
2.969823
2.501897
-2.053668
2.927239
2.836853
1.288050
-2.725696
2.950191
2.934196
-2.884026
-2.691864
-0.660304
-2.834932
-2.571309
1.297422
-2.488328
-2.401602
2.838117
-2.902324
2.866527
-2.967585
2.778027
-2.802252
-2.865885
2.949380
-2.912240
2.677574
-2.929044
-2.855910
-2.880116
-2.747743
-1.473366
-2.926369
2.642877
-2.959123
2.676487
-2.524468
2.729953
2.942305
2.960204
-2.902060
-1.320905
-2.508343
2.695394
-2.665623
-2.760171
-2.748975
2.960719
2.726759
-2.549388
-2.936668
2.762240
2.965716
-2.111979
2.808062
-2.924388
-1.567911
-2.405351
2.846225
2.952547
-2.074931
2.824957
-2.565295
-2.754734
1.974314
-2.706500
2.465842
-2.632687
2.880607
1.755268
-2.436590
-2.862318
2.794562
2.968592
2.670435
2.828486
-2.944824
2.900026
2.900387
-2.772851
-0.104301
-1.818113
2.601263
2.809470
2.528848
2.921847
-2.887896
-2.777049
-2.839965
2.527796
-2.925754
2.934701
2.945913
-2.894027
-1.161653
2.775282
-2.887162
-2.924123
-2.933331
2.805272
-2.657748
2.867167
-2.947639
2.826463
-0.976421
-2.939275
-2.876588
2.600924
-2.977101
2.886921
-2.903151
2.871833
-2.103861
2.956384
-2.941265
-2.925257
2.929834
2.302960
2.682865
2.905352
-1.462175
-0.941004
2.733305
1.379360
-2.464792
-2.873712
2.797539
-2.756404
-2.890244
2.982150
2.879547
-2.169083
-0.647533
2.937846
-2.846956
-0.499478
2.826431
2.951094
-2.946087
-2.878429
2.837170
2.776464
-2.846724
-2.841703
2.913590
2.224006
-2.898139
-2.940456
-2.281075
2.924043
-2.961193
2.852588
-2.947108
-2.947379
-2.356711
-2.796651
2.864581
2.924841
2.821081
2.833324
-2.867691
-2.954534
2.873042
-2.944430
-2.733421
-2.910414
-2.937293
1.145775
1.953204
2.426619
2.936313
-0.025186
-2.737300
-2.355452
2.861487
1.332340
-2.817837
-2.911430
-2.905643
-0.752244
2.681130
-1.286013
2.587610
-2.864768
-2.929055
0.077183
2.872885
-2.817501
2.835698
-1.297591
-2.372487
2.842360
-2.556877
-2.907912
2.563919
2.883386
2.760307
2.907848
-2.895053
-2.795082
-2.821668
2.892400
2.928601
-2.907121
2.961728
2.759445
-2.813600
2.851756
-2.613499
-0.326639
2.909957
2.951218
2.937245
-2.892201
2.859910
-2.925703
2.964863
2.793656
-2.925234
2.890369
1.977668
-2.943949
-2.518214
2.801554
-2.938858
1.115805
-2.878684
2.327851
-2.913715
-0.426626
-2.862546
2.743453
2.759997
-2.414626
-2.617596
2.912525
-2.945451
2.550570
2.698226
2.917074
-1.950951
2.886403
2.924024
2.914173
-2.903283
2.917719
-2.611266
-1.795193
2.453849
2.836111
-2.369274
-2.924429
1.572454
2.882856
2.715570
-2.943999
2.981365
2.858413
-2.715251
-2.066685
-2.917991
2.866754
2.724099
2.943509
2.938609
2.911575
-0.536177
-2.573580
-2.299793
1.381891
-2.840841
1.475121
-2.793876
2.889065
2.922836
-2.900852
-2.793053
-2.853274
2.896359
1.846543
2.957797
-0.613382
2.913576
2.905761
2.934073
-1.013034
-2.921793
-2.918707
2.857547
-2.197259
2.782478
2.891771
2.745792
-2.917049
2.937424
2.926014
-2.904598
-2.917289
-2.252422
-0.291420
2.855156
2.915470
-2.943597
2.001645
2.922028
-2.865305
1.985003
2.868917
-2.883125
2.906007
2.844606
0.322089
2.827727
-2.724807
-2.832763
-2.948712
2.350781
-2.643668
-2.714072
2.876348
2.919293
2.769328
2.028818
-2.897595
-1.906699
-2.798612
2.927760
2.907016
-2.775551
2.938200
-2.966972
1.925827
2.748043
-2.983113
2.852723
-2.890637
2.903947
-2.650780
-2.928836
-2.837810
-2.947013
2.613327
-2.886025
2.947745
2.936061
-2.838023
-2.196041
-1.394245
-0.281618
2.865689
-2.900492
-2.913856
-2.798421
-2.470673
2.727567
2.402447
2.861017
2.784340
-2.901755
-2.970514
-2.872548
-2.895648
2.420700
2.925341
0.004039
2.943518
2.622767
2.940894
2.701497
2.917093
1.010036
-2.869014
2.840170
2.843892
-2.940368
-2.923336
-2.920690
-2.615368
-2.892710
2.603897
-2.917711
-1.787923
-2.693130
2.843522
2.892856
2.015187
-2.494779
2.887753
2.891706
2.934313
2.283691
-2.842504
2.766477
-2.724468
1.409681
2.406461
2.840644
2.934800
-2.565233
-2.811963
2.840835
-2.344031
-2.642252
2.901770
1.584910
-2.676145
2.910288
-2.936068
-2.904819
2.902745
2.574522
-2.858166
-2.916380
-2.948456
2.114616
2.235363
2.812209
2.844121
-2.616526
2.845925
2.139279
2.709207
2.913829
0.387072
-2.867353
-2.384129
-2.232502
2.913666
-2.740654
2.832046
2.795530
-2.967894
2.828447
2.945727
2.893815
-2.911680
2.778602
-2.819633
-2.813321
-2.897782
-2.934230
-2.920211
2.881889
2.901464
-2.777247
-1.942835
2.697595
2.505654
-2.130557
1.942524
-2.804727
2.581463
-2.902000
-2.814956
-2.974284
-2.495233
-2.945017
2.613551
0.418744
-2.920874
2.589675
2.835159
-2.800811
-2.899859
-2.922379
1.279947
-2.686178
-2.857823
2.828571
2.923395
2.931851
-0.073605
2.760199
2.883784
0.883788
-1.838428
2.327920
-2.738557
-1.492754
2.929559
0.837683
0.422724
2.845701
-2.842871
2.847942
2.886449
-2.833714
2.810912
2.645070
-2.604224
-1.082561
2.626701
1.654710
-2.925812
2.936258
2.901851
-2.929380
2.761227
-2.613967
2.926949
2.729801
2.956954
-2.927028
2.890505
2.878746
-2.780123
1.562682
-2.943021
2.842554
2.705399
-2.567587
2.904179
-2.319957
-2.891514
-0.877551
-2.920038
1.998294
-2.685592
-1.771747
-2.941354
-2.016673
-0.970421
2.608567
2.908608
-2.752440
0.673882
-2.872896
-2.861062
-2.934643
-2.350487
-2.898804
2.665941
2.939811
0.379082
2.883092
2.922676
-2.462414
-2.794366
-2.465314
2.780247
-2.621194
2.849018
-2.935896
2.864409
0.734171
-2.893842
2.706353
2.738944
-2.884648
-2.860666
2.873236
2.316731
2.322903
-2.724003
0.111259
-2.899842
2.939323
-2.132613
2.653032
2.905406
2.396237
-2.442182
-2.775514
2.934244
2.822714
-2.927337
2.865297
0.664286
0.667992
-2.469333
2.148998
-2.891323
-2.536689
-2.860609
2.905373
2.881179
0.255442
2.929267
0.182386
1.880149
2.772212
-2.713276
-2.937312
-2.965321
-2.676636
-1.369345
2.900004
-2.870632
2.821916
2.719910
2.086114
2.899198
2.861573
-0.757833
2.793307
-2.525903
-2.605304
2.768559
-2.922492
2.066226
-2.938933
-2.629605
2.933646
2.927147
2.389693
-2.908687
2.257288
-2.948997
2.918536
2.934043
1.836486
2.916761
1.565363
2.846253
-2.832296
2.862281
-2.538352
-2.132331
-2.818523
2.958096
-1.777382
2.767114
-2.904821
-2.900218
2.728120
2.504265
2.883787
2.866030
-2.684811
-2.757150
-2.932322
2.432397
-2.903776
-2.811326
-2.934978
-2.879781
2.935388
-2.920643
-2.873605
2.924300
-2.886667
2.726380
-2.968632
2.974588
-1.783824
1.798210
-2.927699
-2.872957
2.883283
2.882515
2.729122
-2.943794
-2.809925
2.827141
2.850296
1.618184
-2.192498
-2.245891
2.565579
2.761119
2.920570
0.639408
-1.361607
-2.913824
2.848211
-2.652559
-2.561144
-1.687477
2.867185
2.860124
2.825264
-2.794035
2.686750
-2.898599
-1.835954
2.810720
-2.779723
2.912959
2.973212
-2.912914
-2.962302
2.772442
2.921293
2.896075
2.742007
2.928275
2.922437
-1.942365
-2.947473
-2.844223
2.834667
2.634479
-2.971164
2.949535
-2.680661
-2.387573
2.930861
2.550841
2.861022
-2.883512
2.938246
-2.946369
-2.570084
-2.897896
-2.873719
2.518274
-2.711390
2.912442
-2.930347
2.934907
-2.789295
-2.886424
2.924805
2.840369
2.737686
-2.787577
-2.102598
-2.634272
-0.087163
-2.911487
2.927020
-2.847696
2.634626
-2.843817
-2.826062
2.162400
0.288021
-2.921094
2.810073
-2.783044
-2.913755
2.537369
-2.882051
-1.996240
-2.920725
-2.806309
-2.915457
-2.894565
2.917020
2.874581
-2.921862
-1.049966
2.846222
2.945567
-2.924801
-2.653163
-2.570886
2.891676
2.950200
2.908464
-2.483373
-2.810110
-2.855206
2.509525
-2.784652
-2.938043
-2.939892
2.920151
-2.964570
-2.872314
2.884193
-2.902284
-2.949406
2.895914
-2.899102
2.594637
-2.844056
2.952122
-2.754620
-2.693749
2.899735
2.931263
-2.916634
-1.657354
-2.667164
-2.874854
2.927295
2.883934
2.840134
2.648389
2.598141
-2.808288
-2.909069
2.205223
-2.771697
-2.751670
-2.779389
-2.888892
-2.866320
-2.973338
2.934815
-2.982224
2.960278
-2.909464
-1.478524
-2.667787
2.929821
-1.638211
-2.824823
-1.085114
-2.923295
-2.776342
2.610667
-2.878816
2.813588
-2.625832
1.229143
-2.881454
2.586625
-2.294994
-2.873382
2.697757
2.929327
2.839605
-2.821871
2.903860
2.936249
2.887153
-2.915894
2.628573
-2.913800
2.955540
-2.686883
-2.544312
2.913045
-2.840077
2.920860
2.920960
2.896984
-1.536179
2.885781
2.904898
2.798651
1.912839
-2.895803
-2.918824
2.740184
-2.761155
0.689501
2.903002
1.373594
-2.773448
-0.947469
2.863942
2.897431
-1.687771
2.543259
-2.933181
-2.740106
-2.140565
-1.992685
2.899890
2.950897
0.992418
-2.880173
2.897815
-2.944977
-2.888028
-2.907949
2.810968
0.323331
2.273086
2.904205
-2.770313
-2.726287
2.808757
-2.961920
-2.954225
-2.539929
-2.946350
-2.909194
-2.891408
-2.952008
2.914199
2.220753
-2.773417
2.868822
-2.923602
2.903239
-2.785364
-2.888025
-2.947188
-2.810448
2.697886
2.982649
2.872241
-1.573795
-2.903936
-2.803317
2.787860
-0.533994
-1.684953
2.292206
0.046713
2.979824
2.670620
-2.875847
2.214215
-2.353529
2.851467
-2.863692
-2.286421
2.707230
2.923866
-2.483280
-2.682816
2.922350
-1.068525
-2.674744
2.920116
-2.877357
2.911896
-1.540124
2.639235
2.400707
-2.845737
2.009701
2.887949
-2.926342
-2.952705
2.882369
2.821788
-2.933781
2.764607
2.714261
0.808450
-2.656488
-2.941085
2.340249
2.917334
-2.747303
-2.930075
-2.880468
-2.065241
-2.844347
-2.875103
-2.926932
2.792533
-2.916903
2.815682
2.922277
2.848072
-2.925970
2.931390
2.886965
2.907460
-2.646522
-2.923435
-2.930945
1.645632
-1.960887
-2.928593
-0.162765
-2.808442
-2.933484
1.920484
1.980898
-2.924994
-2.859874
-2.488721
-2.834483
2.499980
-2.943524
1.321606
-2.893859
2.950403
2.841426
2.890886
-1.121626
-1.127100
-2.830368
-2.394813
2.764176
0.363333
-2.951134
2.861832
2.623478
1.172795
-2.948592
-2.972297
-2.912395
2.875400
-2.701244
-2.906319
-2.875613
-2.314659
-2.572607
2.938204
2.868369
-2.911990
0.318882
1.150553
2.887977
-2.867562
-2.928145
-2.842094
-2.634386
2.876632
-2.854050
2.877675
2.936960
2.818903
0.983625
-2.173856
-2.917861
-2.619788
2.754346
2.945507
2.947483
-2.931507
-2.922315
-2.815368
-2.887424
-2.935541
2.483015
-1.439470
2.945021
-2.891206
1.824315
-2.911899
2.936357
-2.922635
2.974192
1.969716
-2.892491
-2.457887
2.836583
-2.725333
-2.934236
-2.238118
-2.876538
-1.893690
2.131170
2.682051
-2.875713
-2.790059
-2.859428
-2.304746
-1.480391
2.380827
-2.902891
-2.414408
-2.853912
-2.757052
1.334900
2.944544
-2.862683
2.823713
0.162450
-2.897439
2.911835
-2.868133
0.950101
-2.831794
2.311476
2.427653
-2.307664
-2.925624
-2.770759
2.774910
2.942429
-2.490436
2.839821
-2.972347
-1.815877
2.867799
-2.849834
-2.827028
2.672313
-2.514173
-1.760836
2.087179
2.797744
-2.840955
-0.321448
-0.467046
2.809775
-2.835459
-2.880746
-2.860916
2.896181
-2.752459
2.518772
-2.899542
1.936180
2.976006
-2.934012
2.943193
2.732787
0.011596
-2.865207
2.818850
-2.926856
2.856530
2.904814
-2.918506
2.886221
2.432750
2.976520
1.043624
-2.928829
-2.872751
1.648715
1.549083
-2.384033
2.753051
2.237041
-2.883924
-2.842599
2.974228
2.418941
-1.912944
-2.963554
-2.293626
2.878481
2.888733
-2.828305
0.252576
-2.907009
-1.922974
2.900211
2.816193
2.909645
2.955968
2.764576
-2.897184
-2.950354
2.941902
-2.903059
-2.910698
2.927895
2.980245
-1.235856
2.919201
-2.860465
2.925640
2.900597
2.854699
-2.349859
-1.991453
2.863015
-2.896407
2.775807
-1.452617
-2.845903
-2.530599
-2.882820
1.924977
2.978704
-0.173151
-2.878530
-1.032080
2.391821
-2.825543
2.649473
2.911562
-2.932240
2.888256
2.857466
-2.837892
2.901159
-2.561190
2.789620
2.800415
-1.173769
-2.790708
2.887342
2.922612
-2.872178
-2.774855
2.900300
2.863515
-2.889603
2.881865
-0.181980
-2.737319
0.004866
2.880999
-2.879199
-2.699006
-2.922281
-0.016096
2.957642
2.570687
-2.756999
0.032162
-2.931539
2.925767
-2.817348
-2.948561
2.944690
-2.836849
-2.695792
2.849166
2.617111
0.110197
2.800852
-2.642697
2.757875
2.755850
2.937241
2.774527
-2.556200
-2.932787
2.795052
-2.860977
-2.955480
2.821099
2.917422
-2.269951
2.339579
2.591045
-2.150312
-2.524082
2.694990
-2.482074
1.268378
2.956671
2.934862
-2.799796
2.936237
-2.865634
2.819207
2.652634
2.906779
-2.746922
0.035091
-1.897779
-2.243802
-2.777439
2.935567
-2.928047
0.816840
-2.944955
2.880227
-1.907165
-1.404122
2.901446
2.871240
-2.253668
-2.934774
-2.940301
2.915940
1.469284
-1.353916
-2.960084
2.918033
2.921001
-2.791522
-2.872502
2.368149
2.906157
2.940664
-2.951436
2.455232
-2.905380
2.409298
-2.817073
-2.940034
2.685064
2.809646
2.875785
-2.760697
2.864969
2.216470
2.646759
-2.950091
-0.899701
-2.934645
-2.893464
2.806113
-2.874784
-2.921132
-2.022292
2.899350
-2.873145
-2.940102
-2.820264
-2.910083
2.943970
-2.897618
2.938701
2.661388
-2.922227
2.933985
-2.956145
-2.869170
1.774222
-2.950262
-2.450039
2.366509
-2.759132
-2.927068
2.982077
-2.484448
-1.994843
2.878954
2.865463
2.924145
2.941936
-2.863266
-2.848782
2.749365
2.497871
2.934161
-1.453771
-2.891347
2.865129
2.931033
-2.875365
-0.926362
2.574282
-2.982583
-2.884284
2.820140
-2.918073
2.828324
2.927287
-2.826943
1.980339
1.575230
2.897710
-1.370144
2.758680
2.878444
2.879675
2.677961
-2.854235
2.943992
-0.727780
2.942024
-2.903412
-2.950109
0.022587
2.952651
2.543253
-2.771317
-2.215415
2.938597
-2.743936
-2.945473
2.808727
2.916185
2.935251
-1.845055
-2.896657
-2.277891
2.778171
2.335620
2.812146
2.421811
0.029377
2.186682
-2.944107
-2.848031
-2.746949
-0.578310
-2.890216
-2.473071
-2.673558
1.907442
2.514898
1.392754
-2.917025
2.934097
2.908285
-1.810419
2.922149
2.933751
2.866436
2.938889
1.906302
2.694789
2.924878
1.991051
-2.923457
-2.912008
2.964328
2.946003
2.704387
-2.852182
2.896687
-2.936587
-2.741793
2.941561
-2.690333
-2.730482
1.161957
-2.857382
-2.717751
2.909313
2.855603
-2.920565
-2.940743
-2.425118
1.613452
2.680922
1.617497
-2.891268
-2.864613
2.826706
-2.214692
2.928873
0.756749
1.542055
2.937598
2.526843
2.801082
2.809575
-2.910105
-2.876021
-2.806138
2.716601
-2.749791
2.865333
2.936745
2.948743
2.826194
2.687396
2.673533
-2.952103
-2.580418
2.830617
2.897579
-2.913692
2.728057
-1.786053
-2.799072
2.926454
2.855914
-2.935329
2.943549
2.820069
-2.934903
2.691530
2.920378
-2.824438
-2.021363
2.758817
-2.955144
-0.978068
-2.825340
2.938092
2.922167
-2.656426
-2.803230
2.629790
2.913161
-0.774377
2.914554
2.933739
-0.384851
2.909346
-2.916496
-2.937518
2.774602
-2.321883
-0.133991
2.850748
-2.874593
1.784671
-2.085992
-2.909295
2.214522
-1.500503
-2.848610
2.932701
-2.890396
-2.766124
-2.855950
2.867517
2.983469
2.879662
2.950468
0.295716
-2.775482
1.718851
2.681537
-2.698934
-2.387519
-2.691166
-2.835914
2.828372
2.666984
2.107504
-2.688517
-2.918749
-2.595722
1.158315
2.756555
-2.689807
2.773677
-1.669635
-2.885782
2.955781
2.295349
-0.634086
-2.117659
2.940553
-2.785510
-2.886303
1.761910
-2.511381
2.937277
2.899843
2.920495
-2.823252
-2.610281
2.944740
-2.894554
-2.881954
2.954769
2.684889
2.705959
-1.728486
2.722892
2.534729
-2.824282
2.594778
-2.780111
1.959755
-2.876422
1.727164
-1.711392
-2.940729
2.896193
2.764090
-0.784958
-2.771893
2.748733
0.106161
2.835769
2.922115
-2.518343
-2.915225
-2.772333
-2.850366
2.938779
-2.757316
1.394181
-0.970052
2.800242
2.931309
2.859320
2.937050
-2.982470
2.568725
2.518494
1.730909
-2.946080
2.925010
-2.652198
-1.237146
2.906919
2.835909
-2.611990
2.918751
-2.856024
2.850385
2.935133
1.179003
2.925299
2.895453
2.928275
2.876595
-1.926211
-2.931789
-2.825921
1.036532
-2.776962
2.314012
0.076657
2.882452
-2.896324
2.730365
-2.743034
-1.906279
-2.938572
2.853558
2.843292
-2.932639
-2.937895
-2.933459
-2.911164
-1.371477
-2.947337
-2.914914
2.920353
2.463254
2.845337
2.687358
1.666285
2.943009
2.618832
2.920849
-2.834248
-2.943542
1.929846
2.790335
-2.815864
2.912048
-2.082247
1.069673
2.886919
-1.856754
-2.738085
-2.942058
-2.435168
-2.786967
2.942177
2.670432
-0.690925
2.889051
2.910875
-2.827989
-2.943262
2.923667
2.116719
2.810907
-2.584054
2.815130
-2.871936
-2.332457
2.644283
1.123475
2.900288
-2.932251
1.603407
2.833716
-2.890525
2.927958
2.927547
2.938758
2.855633
2.112345
2.944790
2.641504
-2.853761
2.864138
2.844692
1.865689
2.958559
2.748473
1.519665
2.107921
2.916156
-2.856223
-2.932374
-2.772836
2.840194
-2.892928
-2.957810
2.847020
2.976943
-2.238118
-2.284310
-2.636666
-2.453795
2.874642
-2.952498
2.176673
1.290461
2.878964
2.823827
2.864605
-2.636669
2.891301
2.898455
2.941788
2.980987
-2.894180
2.369170
-0.793997
2.878482
2.934105
2.941438
2.950229
-2.899716
0.486846
0.987089
-1.918643
-2.261023
-2.980287
-2.846447
2.900724
2.819540
2.983959
2.550091
-2.756712
2.923212
2.710676
-2.686497
2.843692
2.853336
-2.870270
-2.840015
-2.899309
2.956155
2.885751
2.955601
-2.760233
2.921622
-2.803731
-2.820090
-2.790713
-2.928139
2.071912
2.930909
-2.240635
-0.066477
2.900721
2.148094
2.933609
-2.934762
2.980592
1.157236
1.680790
-2.952055
-2.925935
-2.763914
-2.724777
2.938718
1.897226
2.960292
-2.890412
2.930445
-2.865595
2.908838
-2.939575
-2.899282
0.142244
2.905873
-2.727203
-2.670882
-1.261891
-2.841921
2.852762
-2.901530
-2.870450
-0.326093
2.928808
-2.012739
2.569423
1.981480
2.343818
2.921551
0.082249
1.879862
2.620661
-2.868353
-2.889434
0.581587
2.866861
-2.921981
2.952813
2.920333
-2.980595
2.928899
2.711486
2.944992
-2.598964
2.767424
-2.890420
-2.258343
-2.873058
0.180011
-2.348899
-2.911901
-2.798113
-2.762288
-0.489471
-1.523229
2.770699
-2.250440
-2.690844
2.792161
-2.070713
-1.909489
2.834169
2.909999
2.940602
2.900425
2.950096
2.838305
2.872420
2.628135
-2.976947
-2.501604
2.948370
-0.845608
2.837120
-2.855709
2.960060
2.861683
-0.194947
2.803442
-2.693255
-2.237549
2.831331
-1.440090
-1.441381
2.732185
-2.811371
2.862399
2.842367
2.747797
2.807354
-2.923018
-2.870030
-2.931660
2.939635
-2.896628
-2.943354
-2.087206
2.639008
2.875550
2.878885
-2.923549
2.945237
-2.846782
2.930193
-2.565779
-2.345235
2.829333
2.897318
2.927179
1.760921
-2.701797
2.886724
-2.909142
-2.357502
1.245145
2.903779
1.230193
2.924314
-2.769024
-1.677166
2.927137
2.197692
-2.779597
2.912131
2.950842
2.888290
2.325764
-0.530829
2.977119
-0.146044
2.265174
2.627736
2.897272
2.780805
2.832180
2.903309
-2.890841
2.921181
2.626818
-1.777716
2.541527
-2.730411
-2.821376
-1.955770
-2.869486
2.926271
1.830431
-2.888902
2.754942
2.866650
2.922187
2.057133
2.945885
2.710495
1.517652
0.956059
2.975379
-2.881337
2.835097
-2.453115
1.565551
2.906919
2.890340
2.922165
1.873123
2.968108
-2.799259
-2.869863
-2.890815
-1.971810
-2.945607
2.953912
2.850770
2.920560
2.368284
-2.248786
-2.923395
-2.861738
1.727946
-2.817901
-2.949233
-2.915810
-2.728734
-2.249161
1.071249
-0.543765
-2.882497
2.899910
2.603528
2.947813
2.901739
2.535532
2.929674
-2.909173
2.982399
-2.941263
2.832999
-2.841295
2.868100
-2.050117
-2.943428
2.816811
2.939647
1.518331
2.887986
2.594875
-2.607202
-2.919592
-2.932645
-0.551422
-2.883549
-2.723217
0.519307
2.934572
2.906733
-2.925678
-2.066845
2.881726
-2.934288
2.916677
-2.008353
2.789413
2.402228
0.632127
2.920837
2.940555
-2.920403
-2.823796
-0.669248
-2.922245
2.906483
-2.755847
-1.573637
-1.505538
2.930358
2.980949
2.938681
2.080154
2.941979
2.538618
2.882219
2.925864
2.639753
2.871269
2.893379
2.438527
1.889608
-1.219766
2.882886
-1.952117
-2.832382
-2.941258
2.898934
2.892052
2.927408
-2.712210
2.924099
-2.884546
-1.727779
2.951685
-2.849209
0.259576
2.804964
-2.937811
-2.546366
-2.918740
-2.910407
-2.875794
2.911456
1.728372
2.934539
-2.285205
-1.403295
2.744397
-2.928719
2.855957
2.918150
-0.967670
2.931432
-2.715863
-2.903966
-2.863070
-2.865176
2.863053
2.952006
-2.741125
-2.977528
2.955414
-2.902304
2.625804
-2.457656
2.590478
2.892297
2.884889
-2.485181
-2.934283
2.637787
-2.934418
2.934975
2.943818
-2.871298
-1.194841
1.923370
-2.906136
2.950427
2.860960
2.823555
-2.914581
-0.480615
1.194527
0.291927
-2.916379
2.709943
-2.725472
-2.751753
2.864455
-1.242519
2.881577
-2.708247
-0.021290
-2.874359
2.834890
1.878676
1.656481
2.945121
-2.819687
-2.921841
2.926755
-2.868232
-2.954823
-2.784104
2.851447
2.940815
-2.796213
2.673560
-1.665124
-2.929860
2.879505
-2.933622
2.946877
-2.686751
1.968687
2.819080
-2.923532
-2.608803
-2.882692
2.707275
-2.751038
2.936305
-1.141233
-2.704725
2.935348
0.809136
2.905484
-2.838023
-2.741579
-2.874360
2.920000
2.388616
-2.143490
-2.763547
-2.736454
-2.474552
2.777655
1.301312
-2.268632
2.894276
-2.650150
2.366225
2.771071
-2.512831
-0.372741
-1.230762
-2.892461
-2.897736
2.860696
0.814174
-2.769851
-2.945661
-1.959345
2.814530
-1.616650
2.893543
2.940174
-2.655548
-2.877159
-2.941040
0.549805
2.886666
-2.921681
-2.278385
2.953578
2.946320
-0.905455
-2.697303
-2.833342
2.920067
-2.925814
-2.918493
2.951471
2.823242
2.736174
2.956783
2.923560
2.940309
-2.862432
2.813056
2.918886
2.887660
-2.814091
-2.849366
2.785596
2.914050
-2.578143
2.838795
2.727076
-2.737653
-2.883241
2.625401
2.712461
-1.939345
2.982678
2.914325
-2.540619
2.936251
-2.330211
2.574493
2.791833
-2.796728
-1.978427
1.052920
-2.751693
1.100370
-2.883141
-2.818393
-1.427961
-2.910601
2.684570
-2.900329
2.928312
-2.939552
-2.572646
2.941391
-2.822922
2.951191
-2.679264
-2.866311
-1.483705
-2.822353
-2.757821
-2.301309
-2.074100
-2.042807
2.750543
-2.889552
-2.929613
-0.025167
-2.601204
-1.552416
2.932518
2.775368
2.883338
-1.660340
2.817620
-2.904156
1.649702
-2.910704
2.607053
-2.735052
-2.921071
-2.889862
2.874580
-1.683092
-2.951739
-2.908449
-0.278702
-2.509394
-2.826503
1.811258
2.781361
2.939829
-1.828882
2.918080
2.667293
1.911705
2.911445
-2.885271
-2.852859
2.692472
0.871499
2.944263
2.963028
2.723003
-1.709157
2.907408
-2.507297
2.916657
-2.885557
-2.560092
-2.908966
-2.516712
-2.934881
2.875673
2.870393
-2.239917
2.888238
-2.742304
2.653645
-2.900760
-2.914416
-2.896745
-1.949179
2.660295
2.856407
-2.545723
2.885680
2.955879
-2.783126
-1.354458
2.906468
2.848348
-2.882696
-1.350232
-2.970006
-2.628114
2.646645
2.719424
1.629114
2.549743
-2.930213
-1.226367
2.938585
-2.869236
-0.004446
2.908673
2.565425
-0.410926
2.914506
2.631123
-2.892986
2.101709
-2.621982
2.929471
-2.926682
2.923203
1.906674
-2.817765
2.829118
2.926886
-2.889472
-2.928639
-2.877481
-2.923118
-0.194100
2.914548
-2.918374
2.739324
-2.796254
-2.633087
2.977945
-2.891203
2.911253
-2.938227
-2.845667
-2.638004
2.129805
2.389448
2.893639
2.908950
-2.853343
-2.655294
-2.870817
-2.615180
2.868478
-2.883972
2.864955
2.854815
-2.370572
-2.929791
-2.854034
2.810514
-2.767272
-2.876010
2.455017
-2.880232
2.981427
2.870936
-2.949717
2.927612
-1.341449
2.765819
-2.945693
-2.126481
-2.788458
2.624406
2.917497
1.379668
1.902415
-2.749342
1.267697
2.471182
-2.766750
2.887855
2.918268
-2.905868
2.907171
-2.931746
2.887616
-0.859970
-2.901086
1.718239
2.003807
-2.496940
-1.624770
-2.651809
-2.886987
2.885837
2.094862
2.939589
-2.731357
-0.317803
2.303620
2.900960
-2.598183
-2.844825
2.792274
2.913519
-2.831203
-2.707475
2.831442
0.865060
-2.869393
-2.382701
2.895886
1.638871
-2.892188
2.774645
2.536301
-0.098242
-2.872183
-1.611907
2.909588
2.595478
-2.809925
2.668536
0.404670
-1.433999
0.579610
-2.950698
-2.883788
2.917348
2.953975
1.591066
-2.637988
-2.790468
-2.923621
2.574425
2.736527
-2.834158
-2.799359
-2.829347
2.974452
2.914581
-2.216614
1.657884
-2.846061
2.935299
-2.736947
2.952338
1.364201
0.123637
1.634442
2.716222
2.709806
2.955273
-2.922036
2.912369
2.926997
2.625118
-2.922711
1.963435
1.911741
-0.647367
-2.853684
2.508129
-2.707789
1.495203
-2.781311
-2.879634
2.828274
-2.758292
2.898455
-2.941359
2.121141
2.335895
-2.917404
-2.648326
-2.860347
2.854595
-2.842379
2.869536
-2.809210
2.952865
-2.936321
2.941052
2.426145
2.854178
-2.675459
2.536714
2.942600
2.423375
-2.948697
-2.590521
2.913319
-2.882253
2.929132
2.317270
-2.932103
-2.794825
-2.905442
-2.099936
-2.324313
-2.919918
-2.432240
-2.940092
-2.963257
-1.901153
2.911205
2.483684
-2.686000
2.895499
1.411893
-2.936192
-0.273161
-2.865245
2.445530
-2.943826
-1.931149
-1.043018
2.868937
2.823042
2.917851
-2.900606
2.599520
2.933123
-2.900789
2.899720
2.045389
-1.622940
-2.944687
2.947528
-2.842331
1.437762
2.482764
2.926520
-2.717111
2.894116
2.613290
-2.903804
-2.579680
-2.927794
2.902636
-2.921438
-2.382967
2.101017
2.891215
-2.935882
2.910763
-2.779474
-0.773542
0.005170
2.898188
2.914199
-2.886364
-2.606136
2.924310
2.008780
-2.959030
-2.906761
2.921019
-2.572867
-2.852578
2.931037
2.933795
2.752706
2.743696
-2.924028
0.445412
-2.907654
2.886999
-2.839270
-2.933872
-2.445425
-0.993614
-2.785501
-2.719706
2.907697
-1.500297
2.869704
-2.535615
2.936736
-2.931739
-2.910017
-0.928300
-2.871764
-2.941276
-2.556517
-2.911289
2.908825
2.861851
2.463020
-2.835989
2.827662
2.892413
-0.326007
-2.911873
2.914783
2.931814
2.852662
2.914823
2.738863
2.033194
-2.890122
-2.940250
2.855079
1.404530
2.941832
-2.579596
-2.798947
-2.918896
-2.896248
-2.865818
-2.923798
-2.851238
-2.383268
-2.594619
2.938533
2.980504
2.975549
2.884881
2.862017
1.866106
-2.977772
-2.896474
-1.554448
-2.649813
-2.472613
-1.570949
-2.862925
-2.842794
2.768720
2.749134
-2.819251
-2.269638
-2.944494
-2.714764
0.339228
-2.154266
2.597688
2.919639
-2.769202
1.078946
2.877112
-0.278687
1.412797
2.701054
2.942495
0.421374
-2.893162
2.835180
2.936761
2.929290
2.898686
-2.873145
0.200786
2.170575
2.912862
-0.629523
-2.717125
-2.883018
2.376895
-2.935057
-1.821015
2.903225
-2.182390
-2.897710
2.954982
-2.900682
2.811401
-2.930986
-2.873679
2.914229
2.950487
2.346581
-2.349092
2.525468
2.845033
1.690623
-2.194563
-2.775103
-2.792897
-2.791584
2.879163
2.003076
-2.925834
1.936580
-2.950549
2.831874
2.876462
2.929054
2.865976
2.809258
2.847129
-2.982100
1.912706
-2.682005
-2.834749
-2.789448
-2.948358
2.273080
-2.867814
2.926665
2.674741
2.483274
-2.885118
2.860591
-2.861789
-2.924132
-2.904123
-2.937540
-2.919704
2.982092
2.936975
-2.704358
2.827953
2.868287
-2.934644
-2.939725
2.938818
-0.906061
0.933535
-2.902182
2.929861
2.952757
-1.096303
2.579349
2.927914
2.908873
1.974753
-1.539267
-2.556303
2.552452
2.942418
2.871340
2.143263
-2.281062
-2.946826
2.892067
2.882841
2.694852
0.719415
2.535015
2.230855
-2.339554
2.292806
2.870891
-2.875568
-2.890063
2.943724
-2.796098
-2.745539
2.926709
2.689052
2.445328
-2.917564
2.659475
-2.135424
2.912976
-2.895449
-2.947855
2.126524
-2.943499
-2.407805
2.842102
2.319357
-2.579844
2.079362
-2.389461
2.941042
-0.390500
-2.297072
-2.918363
2.830023
1.529621
1.966165
2.937801
2.872092
0.483766
-2.749391
-2.836606
2.582791
-2.774293
2.622895
2.709953
-2.882693
-2.907831
-2.773490
2.891901
2.604115
-2.725259
2.874269
2.576666
1.456549
2.804172
-2.859186
2.454471
-2.927380
-2.313662
-1.036467
-2.902195
2.636812
2.576951
2.927964
2.939431
-2.614344
-2.844538
-2.854591
2.871239
-1.726250
2.804684
1.844494
-2.675064
2.824301
2.856429
-2.870522
-2.905895
2.912101
-2.930308
2.167142
-2.836819
-2.950366
2.939618
2.697011
0.017146
2.854332
-2.959407
-1.847542
2.824928
2.947048
-2.881030
-2.923046
2.931709
-2.945011
2.982088
2.041564
2.857915
-1.908089
2.621138
2.956535
2.769264
-2.819913
2.954123
2.937458
-1.700301
-2.909611
2.932717
2.872000
2.608416
-2.979255
-2.437568
2.773740
2.834433
2.863533
2.912367
-2.836026
2.833266
-2.853692
1.296433
-2.753066
2.581735
2.843283
-1.279763
1.885133
2.827796
-2.909094
1.586021
-2.252245
2.941302
2.821237
-2.919197
-2.020075
-2.929954
-2.931562
2.672732
-2.908512
-1.793958
-2.936146
2.921631
2.918748
-2.790360
2.919110
2.920528
2.907219
2.936110
-2.933787
2.725515
-2.920653
-2.920552
2.384384
1.125845
-2.879627
2.924261
2.868956
-2.912293
-2.811789
2.495979
-2.859899
-2.775287
2.947965
0.966317
2.607519
-2.684940
2.932954
2.922022
-2.865772
1.715485
-2.779342
2.946459
2.148223
-0.411436
-2.893104
-0.990498
2.940632
-2.712480
2.949077
-2.878506
1.427305
-2.935787
2.879929
-2.193796
-2.194690
2.388727
2.775648
-0.287517
1.277406
-2.796183
1.028067
2.945497
-2.682138
2.736515
2.729812
2.847446
1.771666
-2.956182
-2.939499
2.886461
2.851757
2.844511
2.581893
2.837109
2.903410
-2.948933
-2.905535
0.545318
2.922487
2.937678
-0.402904
2.863136
2.940716
-0.480944
2.849567
-2.740996
2.813472
-2.433501
2.926617
-2.925499
-2.864232
2.897238
2.902467
2.945998
2.947999
-2.806620
-2.905960
2.871764
2.946476
-2.871613
-1.238815
-2.921137
-2.936671
-2.944290
2.933559
-2.483559
2.676905
2.527193
2.772239
-2.503031
-2.937105
-2.870636
2.907711
-0.555528
-2.285830
-1.521549
2.888260
-2.770243
-1.030342
-2.883409
2.945916
2.692701
-2.887121
2.895104
-2.926291
-1.559982
-2.583224
2.936155
-2.851159
2.816604
-2.771181
-1.032210
2.069208
2.851321
-2.903408
-1.513931
2.807596
2.697246
-2.942594
-2.591339
-2.772861
-1.924754
-2.875962
0.666491
-0.501458
-2.867036
-2.426871
-2.878446
-2.547630
-2.870660
2.482557
-2.921022
-2.701167
-2.819501
2.752120
2.934342
2.970784
2.891182
2.938056
-2.804631
2.698419
2.710579
2.859886
-2.854732
2.787790
-2.823893
-0.010205
1.799033
2.889165
-2.948317
-2.904388
2.853813
-0.798862
-2.736596
2.891563
2.637092
1.892583
-2.947436
2.939893
1.982948
2.877502
-2.924526
2.584832
2.232768
2.838216
-1.990927
2.337005
2.933729
-2.888370
-2.936041
2.942443
2.373498
2.931306
2.682330
0.150711
-2.946004
-1.839651
-2.414067
2.869250
2.915035
2.855174
2.380022
-2.783927
2.937688
2.253653
-2.766942
2.939624
2.396480
2.809578
-2.667963
-2.942489
-2.795398
-2.896071
2.855120
2.635707
2.790155
-2.832440
-2.695222
-2.829509
2.934919
2.901029
2.489670
-2.816375
-2.904204
2.940019
2.842889
2.812520
-2.854675
2.910955
-2.608682
-2.925966
0.586676
2.068569
-2.869162
-2.901256
2.919195
2.574802
-2.909015
-2.928450
2.795811
2.907723
-2.533860
-2.523181
2.084388
-2.847624
2.115481
2.852191
2.904882
2.944678
-2.912618
2.481259
2.450311
-2.942815
-0.132301
-2.922834
2.805331
-2.835298
2.947299
2.830810
2.720953
-2.905768
-2.884109
-2.945390
2.831604
-2.919912
2.826832
-2.839323
2.797369
-0.844396
-2.907414
-2.939338
2.928065
2.824290
-2.926308
1.418328
-0.013825
-2.902346
2.895143
2.918196
2.510061
-2.758423
2.105332
1.339438
2.916619
-2.738838
-0.853906
2.389136
-2.753957
1.587422
2.929303
-2.810229
2.896171
2.857395
2.927619
-2.411667
-2.784201
2.947768
2.798569
-2.937095
-2.864572
-2.950511
2.943256
-2.913545
-2.365062
-2.898995
2.939485
2.747075
-2.488931
-2.894888
1.822697
-2.923293
-1.524395
2.616257
-2.817504
-2.838809
-2.929003
-2.499760
2.787744
-2.882402
-2.890631
-2.846417
-2.915371
2.942399
2.948172
-2.657826
2.849862
2.906089
2.939014
2.488637
-2.758638
2.800890
-2.643697
2.951971
2.913102
1.710652
2.845821
2.896001
2.918608
2.270602
2.902360
-2.309234
0.632604
-2.137720
2.947906
2.916886
1.312533
-2.882803
-2.896453
2.864736
-2.941296
2.915101
2.882911
2.776493
-2.198114
-2.925019
2.500404
2.127651
-2.349279
2.883090
-2.889522
-2.977601
-2.904288
2.940816
-2.233602
1.297562
2.831620
-2.510721
-1.086227
-2.965648
-2.913428
1.938069
-2.134453
2.872562
2.877003
2.644334
1.148887
2.611468
2.944849
2.981061
-2.849680
2.937881
-2.932684
2.879586
0.847164
2.549892
2.866143
-2.898234
2.910447
2.922636
-2.893163
-2.818144
2.081340
-2.695119
-2.907437
-2.876093
-2.398631
0.112237
-2.790885
2.925124
2.039092
2.702264
-2.885261
-2.902857
2.906321
2.940395
2.610374
-2.823417
2.816208
-1.469303
-2.854910
2.941830
-2.032067
-2.886167
-2.869362
2.804903
2.277983
-2.674749
2.941056
-2.885761
-2.535253
2.925616
2.977916
1.532542
2.920882
2.918268
2.838099
-2.877970
2.812723
-1.573088
-2.580462
-2.922795
-2.806334
2.501830
1.566731
2.014478
2.822347
2.822807
2.511319
2.923359
-2.892271
2.908662
-2.949327
-2.834169
-2.924940
2.859827
2.723850
-2.893707
2.958940
-2.823990
2.917063
-2.872827
2.899657
2.806081
2.859966
-2.935582
-0.156163
2.706384
2.844934
-2.974039
-2.689197
-2.933498
2.849805
2.857959
-2.801255
-2.506194
-2.691791
2.872753
-2.932801
2.799874
-2.705222
2.923892
2.906739
-2.933482
2.868339
2.761146
-2.527725
2.930080
2.895635
-2.305001
-2.794447
1.927687
2.846274
2.913600
1.871488
2.890917
-2.693834
-1.517972
2.230220
2.951095
-1.698129
-2.923874
2.567811
2.795346
-2.911295
-2.892258
0.073182
2.802974
2.965416
-2.734371
0.682464
2.963055
2.867540
-2.809347
2.757525
2.866540
-1.396322
2.950439
2.875382
0.817238
-2.325086
2.828537
-2.905689
2.847855
-2.838109
-2.265901
2.897885
2.760768
2.822376
2.866835
2.889022
2.934377
2.951399
2.871409
0.188765
-2.903292
2.679273
2.461362
-2.540917
-2.924681
-2.255141
2.633103
2.934133
-2.863004
2.873075
2.967136
-2.779456
1.944372
-2.776544
2.775656
2.815944
-2.879503
2.934836
1.488001
2.897523
2.256484
-0.262915
2.838945
2.830450
2.701143
-2.909237
-1.962926
-0.171718
2.934442
-2.925453
-2.303302
-2.814042
2.034096
-2.691536
-2.932213
-2.811250
2.789333
-2.575225
2.052959
-2.918157
2.958539
-2.882638
2.912435
-2.473556
2.951355
-2.935613
2.078448
2.919485
2.983931
2.917260
2.936540
2.875906
0.596696
2.762833
-0.612753
-2.916309
0.235545
2.874710
0.112714
-2.940838
2.532096
-2.909320
2.895548
-2.869362
-2.695524
-2.850298
2.953095
2.511867
2.832905
-2.864144
-2.912239
-2.127936
2.495525
2.905964
-2.534488
2.940381
2.941583
2.748242
1.899657
2.464147
-2.874946
-2.892361
2.917790
-2.765350
-2.939679
2.090420
1.289517
2.672053
-2.862941
2.942508
-2.930530
2.290117
0.336520
2.767244
-2.770625
-2.705097
2.703540
2.933806
-2.492220
2.886872
-2.902074
2.831870
-2.413568
-2.399283
-2.775219
2.191657
2.611287
-2.847115
2.930202
-2.861600
2.916140
-2.771068
2.930605
-2.951412
1.928940
-2.916825
-2.657296
2.804502
-2.828772
-2.825011
-2.750420
2.171196
2.870648
2.918309
2.357409
2.927398
2.736953
2.847668
-2.949359
-2.868399
2.948991
2.957725
2.263538
2.860233
-2.826046
-2.538524
-2.868999
-1.563110
1.466068
2.702849
-2.889636
-2.654051
2.926480
-2.165063
-0.572701
-2.939978
2.770511
2.774201
2.651820
2.964322
2.419590
0.308746
-2.775290
-1.280245
-2.754475
2.782321
-2.904861
2.863805
-2.864319
-2.760308
-0.015713
-2.920780
2.455965
-2.910469
-2.755323
-2.773090
-2.400926
-2.675614
-2.882097
2.948623
-2.932019
2.215148
-2.724445
2.930286
2.910787
-2.824450
-2.902793
2.938852
2.838253
2.806300
-2.787573
2.684369
2.866195
-2.569271
-2.693633
2.929975
-2.228188
2.867447
-2.873888
-2.943584
2.592499
2.434364
2.860959
-2.830502
2.850073
2.263082
2.931692
0.511143
2.789300
-2.893534
2.913857
-2.542260
2.959644
-0.465718
2.791182
1.436695
2.979935
-2.939827
-2.671907
-1.392253
-2.330960
1.891181
2.648798
-0.337549
-2.368092
-2.901022
-2.922984
2.656283
2.444649
-2.809027
1.068042
2.453860
-0.764685
-2.846107
2.795821
2.861074
2.732401
2.362204
2.844955
2.890850
0.095522
-2.918286
0.132961
-2.864924
2.651732
-2.871273
2.553750
1.351744
2.822423
-2.829329
-2.890077
2.933471
2.785280
-2.676165
2.923275
2.900066
2.215935
2.815433
-2.809149
1.940309
-2.540119
2.813456
-2.921165
-2.524612
2.876438
-2.660388
2.466738
2.893403
1.851975
2.700195
2.752951
2.915904
2.907890
2.755920
2.913918
-2.918252
2.725582
-2.922735
2.225214
-2.684295
2.299232
2.387637
-2.458313
2.811890
2.638564
-2.668441
-2.940694
2.932550
1.568506
-2.727057
2.701882
-2.894220
-2.814560
2.954147
-1.302495
2.850103
-2.950679
-2.572913
2.958547
-2.462012
2.303318
2.833068
2.845873
2.944924
-2.389529
2.904946
2.941509
-2.941895
-2.601714
2.906765
-2.890216
-2.927800
2.827725
-2.808675
2.396051
-2.740144
2.982632
-2.929572
2.827723
2.263168
-2.045792
2.843247
-2.720952
2.909027
-2.480277
2.695442
2.760171
-2.893346
2.794761
2.362966
2.834527
2.858637
2.959917
2.805760
-2.823199
-2.942030
-2.939286
2.815197
-2.931633
-2.912653
2.909709
2.931112
2.713253
-2.839639
2.938437
2.808164
2.337256
-2.867097
2.879728
-2.889572
-2.909222
1.456212
2.956961
2.202160
2.825387
-2.921794
2.955876
-2.028930
-2.468093
2.871866
-2.654919
-1.635798
-2.863645
-2.925436
-2.859207
2.948567
-2.835995
-0.927831
1.177399
2.906280
-2.193768
-2.869411
2.980352
-2.918466
2.861250
2.649864
-2.150832
2.886648
-2.891053
2.681443
-2.766259
2.849696
-2.934325
2.834962
2.071230
-2.415360
2.904236
2.920913
1.910241
2.871119
-2.846152
-2.947986
2.661347
-2.820625
1.149758
0.403913
-2.916338
2.933051
2.928714
-2.904226
2.834485
2.902967
-2.967716
-2.730374
2.803264
-1.940820
-2.925128
-2.928385
2.929650
2.894644
-2.564154
2.780975
2.955840
-2.910373
2.847667
-2.956126
2.588443
2.946730
2.915292
2.975003
2.921388
2.051869
-2.888842
2.817313
2.882873
-2.576256
2.892312
-2.603060
2.957379
-2.816845
-2.817610
-1.431643
0.488727
2.863040
2.942986
-2.840948
-2.846231
2.781878
-2.881963
1.718221
2.972071
2.823745
-2.910741
1.046837
-2.747445
0.695978
2.855544
2.612741
2.574096
2.065034
2.939663
-2.944361
2.919125
2.112958
-2.797468
2.979640
-2.946506
-2.860491
-2.852986
2.925692
2.448630
-2.945091
-2.701657
2.499740
2.951159
-2.904337
-2.780605
-1.396222
-2.855601
2.018706
-2.662575
-2.927667
-2.602601
1.266904
2.893815
1.315943
-2.774037
2.931057
-0.440784
2.966260
-2.334875
2.938986
-2.843191
-0.284751
-2.822842
2.179140
2.924198
-2.874010
-2.801481
2.889020
-1.958425
-1.766763
-2.889261
-2.037851
-2.903904
0.015257
-2.927171
-2.928984
-2.822688
2.682869
2.911852
2.832393
-2.236448
2.537077
2.519802
2.922248
2.920594
-2.908751
-0.938178
1.153415
-2.901550
-2.091997
1.358114
-1.412413
2.321706
-2.903792
-2.512675
-2.950442
-2.828249
1.502433
-2.819511
0.033016
-2.537059
-2.928200
-2.737088
2.503806
-2.931575
2.756660
2.973522
-2.601099
-1.894173
1.738040
2.922492
-2.672369
-2.582629
2.938944
2.952070
-2.893633
2.848355
-2.661859
2.855448
2.694550
-2.881077
-2.857519
2.770923
-2.909617
2.356327
2.926677
-1.120728
0.784189
2.907914
2.965686
-2.879791
-2.891454
2.737875
2.378952
-2.454985
-0.639436
1.730940
2.886867
-2.651321
-2.913238
2.823888
-2.653747
-2.918024
-2.849395
-2.917974
0.483177
-2.942169
2.852657
-2.856070
-1.297653
-2.941865
-2.942911
2.953508
2.910274
2.893232
2.582693
2.949611
-2.859138
2.797040
-2.938120
2.929800
-2.910811
-2.101229
-2.929365
2.947825
2.926794
0.038350
-1.421893
2.194448
2.923080
2.825888
2.959065
2.772603
-0.632958
-2.883851
0.211254
2.891589
2.954897
0.329171
2.805163
-1.265784
-1.437300
2.116398
1.172706
-1.361040
0.168316
2.427477
-2.914498
2.676143
2.931533
-2.480363
2.940303
-2.875798
-2.862462
1.907216
2.917355
2.513034
2.981361
-2.924441
2.927359
2.220942
-2.923945
-2.908023
1.801987
-2.983144
-2.688423
-2.351293
-1.714551
2.887922
-2.732198
2.713497
-2.788459
-2.969832
-2.927441
-0.778529
-1.758510
-2.718453
0.539283
-2.785247
-2.758655
-2.805697
2.877052
-2.912608
-1.308203
2.810088
2.695481
-2.851218
2.483767
2.947499
-2.757974
2.905925
2.937802
-2.926378
2.702236
-2.910667
-1.808788
-2.946194
-2.643346
2.701562
-0.717214
2.847414
-2.949365
2.830805
1.966137
2.863190
2.622318
2.606556
2.686827
-0.518492
-2.947280
2.911497
-2.733336
-2.858398
-0.902490
2.390263
1.636137
-2.943283
-2.437518
-2.687113
2.649880
-0.638948
-2.915715
-2.954638
-2.731666
-2.813978
2.792252
-2.942842
-1.888830
-2.784754
-2.940593
2.880820
1.235369
2.639564
2.261956
-2.934024
-2.597459
2.548065
-2.677045
-2.655440
-2.896790
2.746498
2.858272
2.722038
-2.853373
2.973877
2.744886
-2.922481
-2.294861
-2.667875
-2.940027
-2.802098
2.846445
2.936036
2.845019
-2.905820
-2.652650
2.905968
2.403784
2.954093
-2.842365
2.567239
-0.149976
-2.680056
2.920067
-2.946730
2.964989
-0.395284
2.947534
1.167157
2.254819
-2.887522
2.845988
2.882790
-2.686663
-2.350772
2.540052
-2.895684
-2.838158
2.981348
-2.939281
0.896784
-2.578139
-2.981237
1.554114
-2.128981
-2.899445
2.874505
2.767043
-1.412423
-2.269127
-2.882202
2.832163
2.941596
2.837214
2.940208
2.864155
-2.686828
2.882506
0.521719
2.832488
-2.875679
-2.409460
2.659786
2.913693
2.728889
2.872379
-2.741006
2.961812
2.807578
-2.822096
-2.033714
2.931049
-1.272407
2.820933
2.901388
-2.882200
2.878936
-2.824471
-2.685523
-2.921437
-2.742951
-2.915513
-2.178068
2.867413
-2.284642
2.860612
-2.744168
-1.786120
2.040712
2.934044
2.929154
1.558320
-0.336680
2.189052
2.942154
2.268629
1.163144
-1.673396
-2.691042
-2.770840
2.905970
2.850499
2.375576
-0.682658
2.662831
1.730481
2.026470
2.929844
-1.924645
-2.711669
-2.674482
2.818494
2.935848
-2.525680
-2.723846
-2.869624
-2.852846
-2.799895
-2.910787
2.891283
2.843243
2.907603
2.946990
2.917960
2.923555
-2.912255
2.978227
-2.755431
-2.882579
2.793889
-2.122309
-2.858150
2.420624
-2.678184
-2.969454
2.062287
2.271522
-2.583644
-2.600964
2.937765
-2.891761
2.933173
-2.759036
-2.901088
1.842017
-0.299753
2.934772
-2.774717
-2.882601
-2.764749
2.214430
-2.916333
2.563714
-2.943256
-2.825848
-2.540393
2.879978
-2.658231
-2.903496
-2.923303
0.494600
2.928053
2.875024
2.685861
1.059944
-2.870728
2.910033
-0.706749
-2.902986
-2.771541
-2.839341
-2.912890
-2.902726
-2.923346
-2.901957
-2.897501
2.655500
1.273646
2.949096
2.910713
2.834752
-2.896812
-2.877259
2.896178
2.875339
-2.981268
-2.954332
2.803631
-0.339573
-2.908589
-2.931605
-2.625043
-2.305162
-2.891520
-2.926066
2.511854
-2.934464
-1.523578
-2.855687
2.881142
-2.904993
-2.931513
2.924912
2.981615
-1.683537
-2.592933
-2.861720
-2.623771
2.332101
-2.918294
2.580656
2.724045
-2.494239
-2.627190
2.888864
2.910258
0.008304
-2.903128
-2.443572
2.906436
-1.880744
2.897871
2.104666
-2.843553
-1.672095
2.874242
-2.735472
-2.547454
-2.922086
2.653791
-1.960900
2.980241
-0.778050
2.709241
2.768966
2.290991
-2.050411
2.887867
1.095029
-2.722767
2.898977
2.818433
-2.920657
2.921892
2.699757
-2.417217
-2.814282
2.840980
-2.001505
-2.691441
2.885440
-2.876682
2.933635
-2.870065
2.927454
2.769176
-2.680897
-2.675063
-2.902697
-2.756843
2.568552
2.385950
2.939762
2.869710
2.936844
-2.773899
-2.308696
-2.853065
-0.041177
-1.818565
-2.921091
2.863578
-2.547817
2.762779
-2.503115
2.845746
-2.921573
2.954547
2.938033
-2.938304
2.791453
2.906811
1.365917
0.367665
-2.664309
2.873793
2.645415
-2.457414
1.678199
-2.518644
-2.928257
2.627574
2.522882
-2.891107
2.391401
2.897137
-2.828355
2.757173
-2.937527
-1.611070
-2.500439
2.684948
-2.517899
-2.791765
-2.844093
1.675290
-2.760622
-2.809150
2.910363
2.868142
-2.880453
-2.760664
-2.862082
-2.305643
2.924134
-2.855536
2.915872
2.735059
2.931352
2.943785
-2.729464
2.888814
-2.849293
2.950569
2.940953
1.826798
-2.890911
-2.936817
-2.828311
1.166624
-0.118440
-2.948529
-2.922181
-2.941330
1.313539
-2.845228
2.707205
-2.910815
-2.907225
2.781935
-2.451143
2.448689
2.714275
-2.775155
-2.821156
2.038885
-2.982025
-2.924202
2.901271
2.631548
-2.980812
2.802235
2.483159
2.918191
-0.717878
2.935175
-2.105349
-2.433300
-2.932427
-2.905791
-2.833001
-2.812992
2.957447
2.935738
-2.790764
-2.922615
2.535159
-2.915515
2.838014
-2.296830
-2.925805
-2.963505
2.649292
2.886101
-2.981759
-2.682917
2.925306
1.856187
-2.922128
-2.269344
2.923874
2.891763
2.731815
2.624839
2.810170
-0.519996
-2.928802
2.688470
-2.976518
2.698926
-2.939723
-2.937588
2.924569
-2.891810
2.688968
-1.769644
-2.894154
-2.437176
2.728064
-2.734112
-2.587882
-0.198713
-2.837638
-2.828291
-1.074986
-2.811086
-2.900939
2.697561
2.348604
2.222285
-1.344860
-2.907017
2.704163
1.816925
-2.809817
0.946161
-2.437608
2.489544
-2.691801
2.915069
-1.629675
2.841691
0.461400
-2.872317
-2.578773
2.902532
0.612729
-2.605682
-2.893729
0.224167
2.140974
2.930120
-2.906256
2.271961
2.889447
-2.894319
1.218526
-2.912615
-2.600807
2.673951
-2.361366
2.807101
-2.694998
2.890823
-2.915521
2.873801
2.888679
2.771183
2.168049
2.928976
-2.939693
-2.499313
2.402061
1.821617
2.634458
-2.928079
2.916350
2.478180
-1.714469
2.846649
2.765867
-2.511418
-2.773710
-1.611257
-2.728074
-2.910330
2.931492
2.937424
-2.977982
2.912269
-0.477642
2.946614
-2.600685
-2.380650
2.785007
2.747116
-2.723294
-2.691059
-2.528934
2.935023
-2.867500
2.691640
2.918767
-2.902954
2.869694
-2.766606
-2.697806
-2.950620
-2.952146
-2.940581
2.930504
-2.903297
2.796427
-2.941048
1.233475
2.941356
-2.882538
-2.391305
-2.812669
2.937234
-2.878540
-2.182857
-1.710878
-2.858254
-2.923195
-2.881950
-2.577218
2.975333
-2.879927
2.867652
2.914749
2.920846
-2.908424
2.832533
-2.931607
2.934221
2.895382
-2.891488
-2.020254
2.730871
-2.800886
2.765293
2.952865
-2.574073
2.918826
1.352312
2.877473
2.817261
-1.826364
2.938187
2.924300
-2.915392
0.325334
2.955883
2.907761
-2.780285
-2.981673
-2.913483
-2.909807
2.891188
2.960221
-2.948715
0.366158
-2.820901
-2.847705
-2.887973
-2.851164
2.887058
0.948225
-2.879626
-2.946125
2.759329
-2.819162
-2.906835
-0.683222
0.098040
1.054800
-2.773755
1.793752
-2.918099
-2.882150
-2.929345
-2.921656
0.699732
2.857596
-2.869054
2.927519
-2.938754
-2.256767
2.911503
-2.646471
2.947835
2.692578
-2.852381
-2.880385
2.913651
-2.924060
1.309243
2.884227
-2.911737
2.891612
-2.934483
2.744346
-0.291212
2.902898
2.954698
-2.823747
-0.929490
-2.359224
2.839682
2.880997
2.954714
2.889852
-0.091276
2.826386
0.643173
-2.923721
0.680694
-2.871434
-0.335335
2.919165
2.980522
-2.565234
2.912554
-0.716568
-2.804094
-2.906397
2.832957
2.816172
2.921073
-2.338704
-2.979122
2.688414
2.977024
2.938010
-2.637061
2.951116
2.825669
1.724437
-2.873633
2.975240
-2.779378
-2.937293
-2.934351
-2.407040
-2.691908
2.937840
2.932081
-2.872262
2.973475
2.880148
2.925047
2.952249
-2.960452
-2.702513
2.873362
-1.723493
-2.659728
2.826413
1.989378
2.764020
-2.796180
2.796744
-0.584451
2.778064
0.814955
-2.356408
-2.912762
-2.956189
-2.934689
2.893221
2.930163
-1.970913
2.980765
0.213269
-2.903059
-2.867228
-2.919953
-2.931945
-2.909144
2.860571
0.085792
-1.354787
0.833461
2.840517
2.947129
-2.972355
-2.052016
2.838793
2.617486
2.910465
2.234650
2.703770
-2.734326
-2.927769
-2.688666
2.723098
-0.294635
-1.682373
2.858527
2.871284
-2.216437
-1.417675
-2.951789
-2.865041
-1.906364
-2.733229
-1.929470
-2.324505
2.827569
-2.952089
2.886526
2.573618
1.448823
-2.132780
-1.833905
-2.916485
-2.898670
2.018936
0.795340
-2.913964
2.881435
2.709226
0.282482
-2.868537
2.847338
2.942259
2.885509
-2.875381
2.244582
-2.804322
2.470584
2.937247
2.801492
2.813501
1.568852
2.675817
-0.770046
-1.846887
1.913360
-2.835558
2.882108
2.263082
-2.917978
-2.620415
-2.827917
2.926337
2.909112
2.361055
-2.330170
-2.356170
0.223209
2.878920
2.921007
0.277576
-2.961142
-2.822830
-2.281339
-2.896198
-2.852172
-2.938722
-1.140518
-2.640570
-2.741400
2.954782
-2.878396
-2.454506
2.672880
-2.412725
-2.835568
-2.946719
2.877823
2.921013
-2.813558
2.910939
-2.913162
-2.869244
-2.875316
2.187654
-2.940282
-0.231615
1.310500
-2.918647
-2.929201
2.929369
-2.959139
2.850917
2.888409
2.648181
2.950278
-0.220024
-2.301152
-2.931111
-1.855890
-2.888363
-2.428306
-2.935153
-2.712859
2.782171
2.921859
-0.903470
2.281645
-2.981357
2.911378
1.877884
1.750090
2.923412
2.872745
-2.236663
0.867187
-2.955526
2.447018
-2.915129
-2.254828
-2.948491
2.922270
-2.955925
2.567761
-2.928804
-2.928952
2.857691
2.940252
2.778860
-0.288494
2.913526
2.938747
2.698674
2.955992
2.078907
2.931718
2.958287
2.925044
2.378730
2.686224
2.949915
2.839011
-1.314473
2.659300
2.924704
-2.843361
-2.659096
2.641419
2.931813
2.937085
-2.788279
-2.539417
2.658681
-2.287506
2.960202
-2.769631
2.395161
-2.915130
-2.924371
-1.058198
2.927457
2.715263
2.938814
-2.884119
-2.552890
2.250268
2.902357
-1.534317
2.930430
2.725858
2.798763
2.848663
-2.436334
2.701697
-2.418297
-2.282572
-1.878488
2.798470
2.566587
-2.829946
-2.793314
2.937105
-2.929745
-2.619171
-2.289656
2.137718
-2.932934
2.920899
2.787737
2.844215
2.783711
2.852724
2.844655
-2.868412
-2.915861
-2.962758
-2.890199
2.815290
2.762838
-2.795128
2.923932
2.703780
-2.571699
2.889390
2.068478
-1.612745
2.419668
2.868649
2.927849
-2.945329
2.949286
-2.931317
1.846161
2.320760
-2.853465
2.905835
2.494419
-0.835762
2.918531
-2.501588
-2.949964
-2.143178
-2.333138
-2.797639
2.766447
-2.709223
-2.789733
2.932482
-2.765390
-2.514685
-1.986656
2.974909
-2.934045
2.884385
2.557804
-2.235190
2.574617
-2.839245
-1.707989
-2.844544
2.677680
2.830543
-2.922441
-2.748556
-2.920274
-2.173166
-2.890491
2.894228
2.758596
2.154645
-2.922791
2.831395
-2.707481
-0.111354
2.978587
-0.109094
2.933001
2.980620
2.932504
1.340910
-2.025173
2.566343
-2.846732
2.489964
2.948774
-2.866189
-2.907537
-2.335361
2.921308
0.280011
-2.714319
-1.803237
0.142984
-2.944119
-0.773424
-2.950269
-2.902333
-2.911829
-0.550138
0.414869
-2.878890
-1.001565
-2.929184
-2.823700
2.920659
2.876960
2.924433
2.124447
-2.104160
2.581238
1.145944
-2.648330
-2.131752
-2.892514
2.281820
-2.826394
2.426927
-2.636390
2.925204
2.493699
2.948655
2.891265
-2.832305
2.898776
-2.835341
1.984856
2.375568
-2.808870
2.927438
0.996307
2.203847
2.031441
2.885902
-2.114006
0.149175
-2.956891
2.930285
-2.881165
-2.954472
2.777964
2.343026
2.778183
-1.641633
2.787415
2.590772
-2.856750
1.948732
-2.791122
-2.149736
2.902470
2.914358
2.979776
-2.931449
0.736422
-2.685990
2.501581
-2.898707
-2.897461
2.197258
2.023298
2.937361
2.903306
2.939440
-2.849655
-2.934248
2.910220
-0.385217
1.081552
-2.869995
2.501710
2.908026
-2.708298
-2.861187
-2.933792
2.905040
-2.429397
1.301262
-2.617137
2.873578
1.062107
-2.530801
-2.930169
-2.928884
-2.467356
2.882996
-2.821608
-2.857830
-2.557673
2.877863
-2.481944
2.826046
2.456458
-2.981159
-1.365423
2.905875
2.967705
-2.820576
2.943828
-2.859258
2.885203
2.898816
-2.515383
2.914612
0.599156
-2.948392
-2.918922
-2.314333
-2.324825
2.921013
1.903120
2.297141
2.957025
2.920084
-2.927625
-2.334835
2.883954
2.851594
2.954161
-2.922622
-2.927160
-2.498374
-2.949316
-1.351434
-2.846118
2.931068
-2.123488
2.899285
2.956371
-2.784743
-2.134519
2.824216
2.575272
2.287596
-2.904451
2.784816
-2.822673
2.849012
2.943605
2.980435
-2.707219
2.913821
2.355067
2.797438
-2.862982
2.663643
-2.890490
2.259372
-2.030733
1.751009
2.590929
-2.925292
-2.874354
-2.815882
-2.979407
-0.947369
-2.508303
-2.690662
-2.434130
2.945830
2.983135
-2.672311
2.977049
2.920187
2.716956
2.691144
-1.721957
2.145150
-2.702306
-1.457850
2.032802
2.777842
2.980744
2.899487
-2.914839
2.894734
-2.906132
-1.346437
-2.915370
-2.935385
2.192721
-2.347130
2.918254
2.892485
2.845944
2.437990
0.848678
2.809320
-2.948918
-0.407510
2.921164
-2.899584
2.725797
-1.060466
2.178034
-2.409158
2.878829
2.870553
-2.844255
2.517404
2.048144
-2.796724
-0.105451
2.878291
-2.903544
-2.927445
2.897745
-2.643608
-2.880896
2.556615
2.968943
-2.861278
-2.853515
2.646985
2.885709
2.921663
1.105297
-2.880736
2.934769
-2.859339
-2.889407
-2.932115
1.101706
2.216839
-2.799220
-1.873128
2.390591
2.929091
-2.939315
-2.706853
2.892388
-2.676205
2.888946
2.874240
-2.928665
2.874743
2.649385
-2.921424
2.923717
-2.820153
-2.883742
-2.618647
-2.679562
-2.924976
-2.929481
-2.849389
-2.876158
2.539401
-2.977095
2.175578
-2.506113
-2.904617
2.951910
-2.923177
-2.932552
-2.635084
-2.885036
1.850742
-1.909174
-2.913554
-1.833698
-2.926156
2.915215
-2.386387
2.926949
2.866864
-2.835939
-2.868998
2.919211
2.405830
-1.661418
-2.730435
-2.570239
-2.892729
1.627487
-2.903854
-2.667706
2.927729
-2.911986
-2.909451
-2.955308
-2.576096
-1.891287
2.896383
2.940250
2.905733
2.874888
2.693287
-1.893260
1.780922
-2.812529
2.100577
-2.847955
2.829367
-2.834713
0.942249
-2.617256
2.781202
-2.876456
-2.915875
-2.664519
-2.834292
-2.888259
2.866576
-2.933443
2.372411
-1.555369
1.527358
-2.944254
2.848877
-2.538042
-2.794971
-2.911950
-1.675995
2.941041
-2.945022
2.896298
-2.878370
-2.567417
2.829237
2.913442
2.882368
2.892578
-1.663720
-2.724214
2.925404
-2.931755
2.914697
-2.751924
2.887098
-2.255847
2.918569
2.942183
1.934816
2.895607
-2.897832
0.752200
-2.521673
-0.841011
2.509489
-2.473557
2.826351
1.098896
1.011014
-2.968211
2.866810
-1.500665
2.588343
-0.740466
-2.198569
-2.832114
1.704708
-2.933732
-2.827892
2.912337
2.742220
-2.844702
2.883326
2.886908
-2.829381
2.776255
2.909269
-2.180008
-0.995142
2.785750
-2.893042
1.990519
2.779235
-2.804302
-2.894449
-2.927325
-0.998108
-2.394616
-2.845694
-2.952125
2.900803
2.855797
2.454507
-2.851334
2.754336
-0.120767
2.557316
-0.879544
2.476810
2.934564
2.619107
-2.693997
-2.846476
2.604901
2.937192
-2.901749
2.910467
2.880891
2.781197
-2.777306
-2.717106
2.042343
-2.923283
-2.898042
2.917076
-0.172829
2.918063
2.947944
-2.568992
-2.264664
-2.831684
2.880540
-2.936671
-2.746943
2.790125
2.920043
-2.431678
-2.819995
-2.980385
-2.871540
2.112643
-2.967284
-2.851406
2.925923
-2.476954
-2.924022
1.978680
2.942639
-2.575267
-2.904093
-2.878724
2.958026
2.917664
2.733819
-2.953650
-2.713617
-2.930606
2.921293
2.802430
2.759993
-2.910735
-2.979194
-2.892385
0.405533
-2.832510
2.410412
2.947038
-2.937701
-2.519636
2.914662
2.902980
2.878204
2.909143
2.920069
-2.920923
-2.787230
-2.849241
2.826512
-2.912674
2.871197
-0.788528
2.904805
2.917315
-2.871204
-0.354291
-0.435453
-2.882179
2.925511
2.856427
2.944620
2.657565
-0.522673
-2.811830
-2.815073
1.373529
-2.913546
2.459462
-2.944006
-2.784671
2.869254
1.775856
2.932781
2.930348
-2.884112
-2.918889
2.883631
-2.798354
-2.328703
-2.879191
2.901090
2.539170
-2.811256
2.835897
2.893120
-1.285298
2.693057
-2.835094
2.811399
1.967157
-2.823655
2.534254
-2.950213
2.941119
-2.928362
1.176428
2.923071
2.626320
2.934850
-1.249149
2.897041
-2.983101
-2.944611
1.270644
2.947893
2.948873
2.434862
-2.909571
1.254965
2.925911
2.206515
-2.426698
2.939197
2.807393
-2.892663
-2.694542
-2.913461
2.912147
2.839655
-2.917146
2.942388
2.944317
2.562743
-2.487333
2.697755
-2.911900
-2.671221
-2.763221
2.580269
-2.289945
2.951854
2.879111
-0.482124
-2.431963
-2.920549
-1.017106
0.790861
2.794931
-2.922221
0.886928
2.885390
-2.898600
-2.567361
2.908336
2.891033
-2.760586
-2.504028
0.502364
2.954815
2.709168
-2.879881
2.727697
-2.583612
-2.856887
2.807990
-0.989796
1.605979
-2.981481
2.936393
0.783296
2.656887
-2.883064
-2.938316
-2.938355
-2.801429
-2.969022
-2.850969
-2.177302
2.751528
2.722549
-2.910804
-2.693673
-0.298759
2.428145
2.784978
-2.875295
-2.753205
-2.949585
-2.680321
2.918958
0.688671
-2.561669
-2.844961
2.661332
-2.404732
1.661715
2.835031
2.886790
2.730935
1.481246
2.693641
-2.335512
-2.835437
2.866890
-2.930434
1.954592
-2.909361
2.078238
-2.621305
1.934305
-2.419650
2.752049
-2.896368
1.852395
-2.929516
-1.651076
-2.953254
-2.763379
0.713126
-2.936256
2.395227
-2.381728
-2.926344
1.018551
2.266958
2.918803
-2.687303
2.943761
2.948253
2.889247
2.900553
-2.878903
-2.833403
2.875028
-2.913912
-2.946131
-2.910159
2.958160
-2.655820
-2.901650
2.273244
2.273220
-2.896663
2.491199
-2.870623
2.864163
2.698051
-2.495191
1.037210
1.600240
2.669617
-2.817767
2.605127
2.981255
-2.894442
2.793808
2.549729
-2.771280
-2.157495
-2.940386
2.682042
-2.925693
-2.851884
2.939820
1.296724
-2.870148
-0.489633
2.571289
2.905436
2.399353
-2.845725
0.923671
-2.818753
2.800685
2.854559
2.914261
-2.920370
2.907061
2.953603
-2.647741
-2.898309
2.890226
-2.832115
2.411380
2.757232
2.671721
-2.491268
-2.826172
-2.881061
-2.858431
-2.926900
-2.901767
1.889714
2.048109
-2.849651
2.717775
2.956455
2.942797
2.921921
1.749560
1.682179
-2.928078
0.561000
2.784521
2.906194
-2.920166
2.341735
-2.850263
2.701977
2.927171
-2.717103
2.720615
-2.930469
-2.976517
-1.013996
-2.890021
2.931224
1.938469
-2.624574
-2.928605
2.920235
2.908519
-2.920015
-2.784668
2.884500
2.950455
2.541439
0.480476
-2.884492
2.818581
-2.908279
-0.129481
2.932423
2.933761
-1.498564
2.919412
2.385629
-2.921770
-2.681959
2.951537
-1.883448
-2.826658
-2.918253
2.930312
2.779428
2.751675
2.378184
-2.278223
-2.280902
2.920117
-2.943143
2.953437
2.771280
2.884216
2.789940
2.604011
2.951096
-2.375266
2.171883
-2.756119
2.585897
2.953266
2.764676
2.927440
2.886968
2.948994
2.868375
2.953079
2.913075
-1.807667
2.701296
-2.824752
2.914145
2.685362
-2.907043
2.910831
-2.683486
-2.648449
2.975699
2.938029
-2.914814
2.409363
2.803631
2.885040
-2.945258
-2.798290
-2.942691
2.768002
2.778637
2.929284
2.679764
-2.908792
2.808449
-2.638936
2.874711
-2.929590
2.919003
-2.842911
-2.939726
2.816086
2.727936
-2.886062
2.706280
-2.937009
-2.939223
-2.923830
2.945739
2.652541
2.891694
-2.926018
-2.925076
2.910940
-1.933067
-2.918256
2.221935
2.754808
1.102271
2.939940
-1.877961
1.981674
-2.852945
-2.918756
2.847245
-2.888736
2.581124
-2.898909
-2.249874
-2.907882
1.835715
2.918420
0.839948
2.905581
2.887170
2.930136
2.888819
2.887189
-2.836186
-2.913711
-2.866424
-2.911252
2.930370
-2.852028
-0.220938
-2.826396
-2.876145
-2.841484
-1.910737
2.139915
-2.591320
2.943492
-1.311144
-2.891132
2.940326
2.730106
-2.887569
-2.826412
2.910563
2.823425
2.544038
-2.899160
2.933561
-2.914314
2.881802
2.908935
2.804145
-2.013199
-2.092840
2.941854
-2.825143
-2.795652
2.899746
2.929204
2.931184
2.915009
2.780560
2.590448
0.640703
-2.387051
2.949120
2.960115
2.933205
-2.659462
2.903803
-2.723450
2.939101
-2.798540
2.918162
-2.783354
0.010303
-2.925906
0.606074
-2.716708
-2.625293
-2.831300
2.858586
-2.844936
2.840688
2.864996
2.807588
2.519376
-2.839827
2.759897
-2.711380
2.926678
2.904883
1.934476
2.772066
-2.914467
-2.893937
2.622579
-2.911962
2.909542
-2.935435
2.513955
-1.898284
-2.765704
-2.581811
2.929766
-2.920690
-2.978188
2.952292
2.946290
-2.826005
-2.792317
-2.043768
-2.857125
-2.300705
2.847053
-2.854169
2.397513
2.571583
2.749527
-2.948950
-2.047864
2.867274
2.874597
-2.832474
-2.935188
1.580027
-1.426701
-2.859734
-2.851531
2.976570
2.908462
-2.566344
2.696603
2.845966
2.911951
2.813376
-2.388854
2.093098
2.584005
-1.651129
2.805450
2.778590
-2.774127
-1.375313
2.615029
2.677594
-2.838923
2.773733
2.901767
2.859939
2.891977
-2.778232
2.414714
-2.639005
-2.817884
-2.975182
2.289663
2.944437
-2.755605
2.825048
-2.903214
-1.781691
-1.408667
2.863888
2.515905
-1.781997
2.871397
-1.688324
-2.629111
2.419998
2.912396
2.733938
1.549469
-2.792990
-1.607051
2.872681
-1.231173
-2.349666
2.373545
2.875901
-1.054582
-2.937883
2.638207
2.871024
-1.936168
2.938341
-2.811781
2.090485
-2.751366
2.930120
2.887150
-2.469860
2.922612
2.573410
2.723762
-2.950838
2.957370
2.405189
2.905607
2.946239
-2.816908
-2.867832
-1.418691
-2.939981
-2.898321
2.124711
-2.623487
-2.858433
2.881644
2.760171
-2.923532
2.219408
-2.855634
-2.878966
2.869644
2.820436
-2.796558
2.677673
2.601040
-2.800875
-2.640218
-2.975624
2.728346
2.622593
2.915387
-2.492238
-0.099134
-2.973060
2.224152
2.926324
1.944384
2.294986
1.975803
2.738054
-2.911375
2.710893
2.799349
-1.980405
2.580995
2.824370
-0.938362
0.191294
-2.858257
-2.903317
2.872466
-2.893053
-2.944102
2.907985
-2.853952
2.072490
2.922205
0.859689
2.912511
2.759620
-2.853634
-2.797886
-2.914016
2.923973
2.674572
-1.423827
2.924846
1.565638
-2.916711
2.861380
-2.288387
2.915876
-2.881052
-2.187258
-2.487764
2.434851
1.297242
2.937950
1.290684
-2.216603
2.939736
2.646620
2.860874
2.928671
2.747248
2.870168
2.897877
0.167528
-2.715480
-2.927273
-2.917372
1.504085
2.493810
-2.927436
1.917979
-2.848091
2.094041
2.926454
-2.882791
2.934742
-2.913296
-2.438644
2.508713
-1.857308
2.894605
2.922958
2.902330
1.227790
2.360088
-2.577344
-2.943231
-2.719351
-2.888072
2.693663
-2.783605
-2.081633
-2.761062
-2.894015
2.750368
2.892170
2.809597
-0.075492
2.883387
-2.867097
2.680901
2.927340
2.868729
-2.920377
-2.844125
2.940873
2.843013
-2.942902
2.945647
-2.861076
-2.301298
-2.923830
2.645541
2.745397
-2.939543
-2.869960
-2.406354
-2.907528
-2.863525
-2.758591
2.981707
-2.820374
2.911965
2.828713
2.919953
-2.776373
2.922541
-2.871973
-2.855259
1.918007
2.800999
2.915410
0.628731
-2.574028
-2.946039
-1.116363
-2.090202
-2.680590
0.969784
2.938101
-2.889822
2.246394
2.683934
-2.938995
2.910391
-2.797448
-2.765436
-2.931891
-2.981192
2.831554
-2.307198
-2.900198
-2.677288
-1.211875
2.950278
-1.403770
-2.257544
1.832294
2.863430
-2.608012
2.880131
2.782907
2.926419
-2.943348
2.846466
2.787886
-2.894736
-2.347616
-2.071218
-2.743777
2.486857
-2.745806
1.341567
2.925218
2.871944
-2.822231
-2.856806
2.929437
2.078027
2.849993
2.937554
-2.237241
2.705718
-2.939094
-2.584280
2.746665
2.426035
2.896932
2.701788
-2.926972
-2.943977
2.912360
0.938272
2.656269
2.539556
2.949329
-2.510587
-2.789419
-2.905376
-2.926810
-2.469084
-2.600887
-2.860895
-1.955465
-2.821695
-2.939074
-2.376459
-2.822283
-2.419115
-2.697780
1.875271
2.717654
2.862379
-2.836851
2.928891
-2.823337
-2.846673
-2.808781
-2.841667
2.931031
2.790138
-2.195381
2.949469
-2.857440
-2.899701
2.835036
2.253253
1.587968
2.926744
0.879115
-2.891163
-2.943628
-2.373574
-2.369839
-1.112053
1.465310
-2.836570
-2.825162
-2.015169
2.912851
-2.935017
2.949589
-2.926776
2.809122
2.929563
2.814781
2.781088
-2.868498
2.649372
-2.731757
-2.851756
-2.878326
-2.813563
2.820668
2.232284
-2.944051
2.742752
-2.031686
-1.622897
2.955279
2.686056
2.838357
-2.913194
-2.798257
2.949675
-2.829783
2.916063
-2.521256
2.922122
-2.932805
-2.899576
-1.355712
2.933798
-2.901846
2.895334
2.982179
1.605744
2.869877
-2.891899
-2.733273
-2.822051
2.895760
2.956701
1.957058
-2.792298
2.770219
-0.950532
-2.952461
-2.738819
-2.247059
2.908401
2.948537
2.933182
2.929098
-2.976603
-2.858840
-2.295561
-0.745751
2.936779
2.835800
2.821259
-2.909507
-2.549076
2.685106
2.892197
2.925397
2.855190
2.277770
-0.963753
2.480492
2.889356
2.908778
-2.974100
-2.964881
2.905984
-2.833916
-2.920900
-1.473282
-2.165501
-2.818991
2.899677
-2.927255
-0.473843
2.840605
0.655447
-2.812930
-2.821425
-2.807378
-2.554973
2.952656
0.252837
-1.729457
-2.798507
-2.772865
-2.945180
2.878700
2.698373
-2.920530
2.626902
-2.748048
-2.860852
2.934484
2.911236
2.783108
2.723411
2.472612
2.835950
2.930559
-2.687578
-2.917343
-1.748012
-2.863466
-2.836493
-2.591410
-2.409496
2.475037
-2.442039
2.651334
-2.903134
2.686453
-0.239044
-1.173217
0.208034
-2.040462
-2.915258
-2.954410
2.945708
2.674696
-1.720851
2.941766
1.423996
2.869621
-2.908110
2.948526
2.952677
-2.931055
2.841536
-2.858131
-2.646601
0.248349
2.898455
-2.878797
2.218767
2.911759
2.772886
-1.025723
-2.350329
-2.605179
-2.575036
-2.810502
-2.927720
-2.870423
2.669418
-2.363005
-2.191666
-2.126106
-2.072020
2.942218
2.873101
2.763612
-2.605385
2.902464
-2.839892
-2.760057
-2.342022
-0.873567
2.779533
1.121145
-1.201579
-2.747151
-2.860473
-2.775673
2.829250
-2.408795
-2.752012
-2.818718
-2.945748
2.894885
2.915462
-2.665067
-2.872477
-2.902678
-2.856820
2.958570
2.932071
2.848677
-2.895692
-2.731510
2.917243
2.971378
0.783675
1.689184
2.851683
2.930432
-2.922816
2.754381
2.759449
-2.773518
-2.743842
-2.930955
2.939069
2.583827
-2.901169
2.927008
0.222499
2.890759
2.787878
-2.893942
2.912310
-2.938547
-2.850294
2.949375
-2.878184
2.757995
2.876835
2.711834
-2.318877
2.564787
2.692499
2.708845
-2.122100
2.793956
2.318972
-2.783461
-2.679796
2.698795
2.896548
-1.597054
2.008834
-2.864687
2.474387
2.893675
2.917097
-2.932518
2.898564
-2.752589
2.599059
-2.063504
2.744368
-2.883921
2.912014
2.030378
-2.556577
-2.926358
2.881490
-2.842188
2.843826
-2.981288
2.948329
-2.949461
2.235467
-1.953387
2.737567
2.517378
2.490348
-2.920052
2.925074
-2.799691
-1.995327
-2.423478
2.841566
-2.287470
-2.845422
2.953312
-2.884293
-2.733658
-2.914364
2.943670
-2.911562
-2.841093
2.936095
-0.659818
-2.756047
2.573794
2.859989
2.920803
2.913547
-2.860433
-2.934881
-2.659709
-1.582800
-2.557451
2.949900
-2.965024
2.915756
2.908544
2.917016
2.946949
-2.920512
-2.889900
2.527841
2.929730
2.899348
-2.776694
-1.630257
2.840288
-2.890560
-2.935173
2.978549
-2.916464
-1.086070
2.915459
2.879704
2.951898
2.549404
-2.271654
-2.948274
-1.968850
2.938375
2.919831
2.825665
-2.916782
2.936818
-2.855551
1.414054
2.633953
-2.897515
-2.937169
0.781619
-2.924319
-2.666081
-2.771629
2.942957
-2.911502
-2.939970
-2.732632
0.080657
2.409980
-2.389313
-2.876508
-2.766494
-2.796845
2.933556
2.936444
2.661179
2.754914
1.316407
2.899661
2.932491
1.409098
-2.713006
-2.925775
2.890202
2.834615
2.857808
-2.944051
-2.037339
2.774046
2.616080
-2.688938
-2.723483
2.931049
2.899576
-0.797113
-2.897330
1.711045
-2.437716
2.881066
-1.983315
-2.533148
-2.923646
-2.908425
-2.886097
-2.230418
2.190577
-2.936954
2.811796
1.097806
-2.839229
2.902573
2.427909
-2.756969
2.580541
-2.858591
2.770478
-2.855487
2.665108
2.524286
-2.872951
2.957823
2.952909
2.696082
-2.823490
2.165022
-2.669086
-2.843243
-2.659121
-2.827806
0.510706
1.677336
2.857007
-2.606983
-2.562188
-2.849778
-2.905329
-2.946211
2.250725
2.911662
1.430548
-2.875918
1.953271
-2.815935
-2.700405
-2.916322
-2.904330
-2.905178
2.908233
-2.759067
-2.916597
1.090044
2.978747
2.880770
2.699764
-2.941195
-1.944255
2.568617
2.819969
-2.417090
-2.804962
1.493221
-2.936121
2.881434
-2.825254
-1.780989
-2.823684
1.217489
2.885576
2.855190
2.907509
-2.933737
2.945125
-2.904680
-2.825127
-2.920599
-2.928958
2.830292
-2.929126
-1.807018
-2.909387
2.586738
-2.937952
2.689168
-2.898145
-2.927270
2.891542
-2.851045
-1.913054
-2.285936
2.853482
-2.922131
-2.946194
-1.902148
2.951288
2.707789
2.701176
2.932549
-2.849505
2.927769
2.935823
-2.937955
-2.089833
2.681537
-2.958119
-2.873594
-2.654222
-2.836370
-2.923730
2.941367
2.652414
-2.648312
2.919123
-0.407607
-2.917978
2.884295
-2.438853
1.570821
2.974645
-2.270301
2.908842
-2.908587
2.845368
0.899063
-2.865150
-2.342058
-2.856372
2.908477
-2.886045
-2.843857
-2.850682
-2.875512
-2.895232
-2.566448
-1.046228
-1.632254
-0.017688
-2.595572
-2.934464
-2.528114
2.926934
2.911847
2.100196
1.101455
-0.054293
2.868964
1.972819
2.921785
-2.911581
-2.897113
-2.731283
2.931356
2.917640
2.702743
-2.935552
-2.797096
-2.812014
2.890369
2.913117
2.931391
-0.080884
-2.754408
2.832869
-2.887138
2.485433
-2.815825
-2.894907
-2.955298
2.816666
2.591005
-2.957775
-0.962066
2.879607
0.305472
-2.757411
-2.804085
2.159842
-2.413380
-2.755586
2.716012
2.890005
-2.893659
2.160835
-2.911233
-2.936977
-2.922261
-2.821547
2.867597
2.795672
-2.570921
-2.926693
-2.834866
0.102890
1.399342
-2.795173
-2.920250
2.767190
2.645293
-2.918214
-2.935450
-2.910449
-2.457845
-2.900722
-2.791948
1.095049
-2.960093
-2.824708
2.881842
-2.417615
2.867719
-2.720991
-1.235390
2.500427
2.590110
2.155276
-2.869477
-2.791745
2.457111
-1.611572
2.282620
2.802247
-1.552305
-2.903885
-2.944917
-1.212901
-2.982655
-0.467143
2.894179
-2.112012
2.910510
-2.557179
-2.754373
2.870762
1.925768
2.930529
-2.898178
2.930277
0.747565
2.903486
2.907820
-2.869170
2.858758
-2.927839
-2.896713
-2.763333
2.730988
2.967316
-2.834940
1.699416
-2.731449
-2.700048
-2.907801
0.535421
2.924633
-2.742423
-2.813317
2.957676
-2.744816
2.971372
-2.395968
2.843797
2.923226
2.929603
1.786361
2.628182
2.906031
2.811137
2.900808
-0.735617
-2.698296
-1.787028
2.952156
-2.715460
-2.926355
1.144238
-1.883864
-2.883075
-2.925015
-2.813830
2.936948
2.950644
2.664146
-2.937486
2.769432
2.849702
1.675464
2.516129
0.418171
-2.882148
1.162706
2.762177
2.936907
2.824833
-2.890457
2.859972
-1.982201
2.919633
2.911694
2.326455
-0.907776
2.945970
-2.886899
-2.831758
-2.488973
-2.911362
2.934541
-2.889766
-2.914104
-2.659800
2.894457
2.907635
2.879094
2.920272
-2.876743
-2.308802
-2.555861
2.940497
-2.900047
2.841378
-2.928988
2.890633
2.383334
2.823997
-2.846591
-2.855463
2.979908
2.789177
0.852727
-2.399420
-2.367314
-2.892563
2.870904
1.027516
-2.939609
-2.906752
-2.603893
0.244238
-0.944992
-2.391352
1.113929
0.209841
2.958768
2.596022
-2.721632
2.930113
-2.298898
-2.523536
2.942524
2.877510
-2.921372
-2.957725
2.289215
2.879232
2.761308
2.662593
2.963165
2.746762
1.332723
-2.310428
2.897529
2.889684
2.893846
2.877375
1.185013
-2.929437
-2.924880
-2.500536
2.941856
2.716338
2.890436
-1.363804
2.279115
-2.601874
-2.939051
2.400219
-2.945924
-2.948098
-2.799738
-2.941451
-2.899255
-2.904375
2.923966
-2.938689
1.459901
-2.926545
2.887505
-2.944255
-1.228022
-2.911779
2.901369
1.848021
-2.441046
2.905549
-2.575300
-2.012636
2.931355
-2.907243
1.596826
-1.762087
-2.914546
2.768735
1.804611
2.686501
-2.786223
-1.886261
2.900181
1.558367
2.288039
2.672890
-1.190609
2.924399
2.914410
2.957638
2.870325
-0.068177
-2.712438
2.878976
-2.884242
-2.964264
-2.923322
2.761932
-2.950005
-2.762769
-2.918208
2.883487
2.271231
2.786088
-2.754602
2.931170
2.734372
2.883364
-2.767817
2.258672
2.478345
-2.961922
-2.862964
-2.910821
-2.877928
-2.887341
0.506795
2.861336
-2.522307
-2.756799
-2.887944
-2.927016
-2.917804
-2.886371
1.805571
2.832959
-2.917713
2.914969
2.940753
-2.810437
-2.936412
-1.385454
-2.909081
1.878747
0.876090
-2.870997
2.741936
2.853000
2.538442
-2.654467
1.153024
2.928033
-2.769376
2.860488
2.014889
-2.300309
2.927540
2.892287
2.741291
-2.938157
2.531007
-2.750069
-2.948446
2.804967
2.688339
-2.918664
2.634206
-2.924779
2.897077
-2.915280
-1.076213
-2.844364
-2.929229
2.891741
-2.355772
2.881905
2.701999
2.921740
0.293070
2.712315
-2.884761
2.869411
-2.882994
0.337451
2.720297
-2.862483
2.863580
-2.796789
-1.600040
2.625469
-2.893579
2.957647
-2.688551
-2.677382
-2.861052
-2.899279
2.428167
-2.585129
-2.849582
-2.879256
2.851226
2.910204
2.927961
2.768660
2.896433
2.792869
2.792556
2.824886
2.763206
-2.533124
2.945554
2.914965
2.682910
2.133211
2.660885
-2.918576
1.855474
2.800507
-2.765803
-0.951781
2.842000
-2.803665
-2.861994
-2.899184
2.951091
-2.721792
2.790890
2.629510
-2.937321
2.885129
-2.003474
2.840113
2.817550
2.961501
1.507792
-2.912224
-1.497741
2.659834
1.906185
-2.949122
-2.683287
2.865543
-2.934345
2.938817
2.834499
-0.041604
2.908701
2.897758
2.980646
2.944756
2.874402
-2.166215
-2.820733
-2.150774
-2.943578
2.913269
-2.612640
2.218167
2.764453
-2.824077
2.936574
2.803095
2.760745
2.951698
2.859782
-2.138854
-2.529035
-2.711834
-2.893513
-2.813478
-2.795689
-1.582571
2.723282
2.877763
2.927389
-2.891914
-2.865164
2.929917
2.420151
1.392025
-2.025080
-2.579128
-2.824023
-2.929507
-2.736510
-2.878408
2.755264
2.892157
1.055286
-2.918599
0.096009
-0.540529
2.892782
2.949952
2.868020
2.683912
-2.800535
2.115693
2.093754
-2.942801
-0.734457
-2.591479
1.690797
2.734919
-2.790198
2.616816
-2.301757
-2.914842
2.913925
2.867769
1.448663
2.920374
-1.027629
2.069771
2.427496
2.795274
2.920232
2.565610
-2.890155
0.612443
-1.744272
-2.881878
-1.248381
-2.887097
-2.947991
-2.862257
-2.861450
-2.288998
1.126424
-2.892557
-2.826619
2.936007
-2.654782
2.828939
2.936798
2.858717
-2.899565
-2.919209
-2.875468
-2.886768
-2.834229
-2.840573
-2.889762
-2.916497
-2.477054
2.947394
2.873166
2.912892
2.847478
-2.873603
-2.899181
0.874925
-2.927693
-2.858291
-2.904656
-1.080846
-2.739794
2.944306
0.035536
2.723942
2.864447
0.329395
-1.528373
-2.890763
-2.742306
2.780718
-1.320578
-2.977402
2.882376
2.747713
2.590697
-2.747318
2.947244
2.879534
2.872302
-2.956434
-2.755061
2.909103
2.865456
-2.909432
2.839954
1.877734
-2.192372
-2.924717
2.859797
-2.850607
-2.914834
2.950726
2.737764
-2.737625
2.750966
-2.824730
2.735789
2.856056
-2.749628
2.886224
0.085454
-2.868358
2.841681
2.917489
-1.678559
-2.740799
2.222068
2.891580
-2.956727
-2.938730
-2.895801
2.874118
2.914961
2.938559
2.862851
-2.942938
2.354475
2.887222
2.816829
2.757062
2.640057
2.145843
-2.923041
-0.952197
2.873310
-2.448928
2.789703
0.717856
2.823155
2.888371
-1.446804
-2.943634
2.669133
-2.899451
2.446831
2.602823
-2.876281
-2.837636
2.898514
-2.916366
2.553553
-2.598691
-2.928836
-1.902252
-1.929560
-2.656051
2.856627
2.061592
1.453916
2.963151
0.299204
2.924548
-2.908038
-2.849157
2.833125
-2.186239
2.867076
2.721783
-0.712410
1.515173
-2.638000
2.944127
-2.696527
-1.042239
2.680570
-2.878041
2.961854
1.594186
-2.555848
2.946903
2.845228
-2.933403
-1.023501
-2.862134
-2.886074
2.797768
2.917823
-2.924423
2.476910
-2.942012
-0.730851
2.938346
1.993505
2.923299
2.884099
-2.938479
2.938432
-1.865249
2.485271
-2.782187
2.056181
2.812654
-2.931561
-2.941615
-2.854070
2.899721
2.804352
-2.841400
2.828142
-2.849700
2.284275
-2.834634
-2.071961
2.933697
-2.653198
1.911876
2.903588
2.396317
-2.850020
1.048035
-2.784519
2.839641
2.793681
-2.268877
-2.660391
2.787130
-2.895525
2.903562
2.293317
2.583266
1.265882
-2.526074
-1.787663
-2.917318
-2.793208
2.790488
-2.823724
2.527064
2.837607
2.397957
1.047955
2.901583
-2.844562
2.916093
2.903368
2.822078
2.917677
2.882216
-2.883762
-2.938050
2.935563
2.934749
-2.782915
2.861906
2.939011
1.174897
-2.940876
2.170987
-2.946600
-2.852292
2.923756
2.907970
2.903232
2.934201
2.893154
2.911533
1.961176
-2.175312
2.760073
2.231587
2.276672
-0.269270
-2.951770
2.886401
2.814854
2.914995
2.866861
-1.092131
2.895669
-1.430755
-2.706174
2.982305
-1.731992
2.854023
-2.863811
-2.944774
-1.868470
-2.951199
2.885957
2.882395
-2.910579
-2.924704
2.931595
-2.917262
-2.504129
2.358490
2.943619
-2.904157
-2.539519
-2.876210
2.852265
0.354036
-2.157666
2.836367
-2.731090
-2.913169
-0.230353
-2.492955
2.859789
2.790051
-2.924158
-2.350032
-2.926182
0.265284
-2.789234
2.402354
2.308914
-2.899502
2.043216
2.921120
-0.405313
2.804173
-2.061621
2.711807
-2.945173
-2.973043
-2.311034
-2.791300
2.910662
-2.947085
0.671599
1.592911
2.898845
-2.925094
2.937009
-2.789385
2.925991
2.807856
2.637193
-2.319560
2.189042
0.495494
-2.936397
-1.379818
-2.897106
-2.721601
2.817883
2.914071
2.677799
-1.844660
-2.891133
2.886228
2.277970
-1.981639
2.911617
2.893110
2.912732
-2.934890
2.943213
2.619219
-2.615904
2.830240
-2.115201
-2.693579
-2.759776
-2.260951
-1.062168
2.807130
2.919256
2.812997
-2.922658
2.766207
2.934230
-2.780854
-2.759320
-2.892734
2.893386
-2.171014
-2.824527
2.782598
-0.255091
2.681350
-2.875642
-2.749380
-0.541517
-0.251684
2.011863
2.251369
2.845540
2.863326
-2.808279
-2.846782
2.640534
-2.915946
-2.919018
-2.164993
-2.784890
2.511808
-2.878501
-2.981096
-2.864117
2.898881
-1.977063
2.259886
-2.513969
2.883249
2.229956
-2.941178
2.835485
2.780713
-2.907111
2.861141
-2.462129
-2.843379
-2.665081
2.645364
2.503462
-2.817241
-2.938516
-2.937328
2.912967
2.738068
2.857256
2.926572
2.965400
2.543297
2.828630
2.658425
-0.338047
2.677994
2.807747
2.877292
-2.916581
2.898497
-2.669063
2.927629
-2.886726
2.908116
2.752423
-2.835667
-2.909619
1.834640
-2.913006
-2.781025
0.277694
2.802774
-2.879164
2.868378
2.862703
2.888649
2.858604
-2.952749
-2.953517
2.508012
-2.696633
2.922907
-2.394915
2.676281
2.899560
-2.907208
2.949038
-2.948454
-2.935820
-2.878222
-2.480870
2.768505
2.662089
-2.632997
-2.723256
-2.882821
2.940876
-2.790909
1.178349
2.612553
2.932684
2.907624
-2.501032
-2.893234
2.936232
2.921121
0.934298
2.928120
-2.610336
-2.946907
-2.748517
2.869822
2.888097
2.885078
-1.623091
-2.674825
2.352487
-0.375493
-1.148946
-2.950387
-2.417768
-2.843812
2.936412
-2.947623
2.578436
2.799148
2.753295
-2.865588
-2.905240
2.928135
2.900379
2.890667
2.854061
2.676571
2.242371
-2.880190
2.465203
-2.955354
2.936651
2.882186
2.870514
-2.419779
-2.938763
-2.474960
-1.565490
2.926032
-2.935712
2.705231
2.879603
-2.899171
-2.907102
-2.886291
-2.602231
2.830898
0.337745
2.935002
-2.885009
2.898056
-2.667653
2.930785
-2.917596
-2.617996
-2.489257
2.916633
-0.213406
2.468124
-2.921817
2.001075
-2.926266
-2.847192
2.930802
-2.405996
1.634489
2.888029
-2.698018
2.503128
-2.871202
2.847333
-2.843895
2.956421
-2.708315
2.891016
-2.680778
-2.864884
-2.031068
-2.549448
-2.892904
1.184896
2.704818
2.971028
-2.917168
2.723076
0.314584
-2.926872
0.774828
2.935490
-1.724267
2.957916
-2.743848
-2.888905
-2.889434
-2.882203
2.914807
-2.917235
-2.436492
-2.800854
0.395454
-2.683688
2.931480
2.703082
-2.242401
-2.850126
-2.914645
0.186747
-2.646524
2.313760
-2.926175
2.940675
2.922690
-2.293878
1.534519
-2.886990
-2.903733
2.905337
2.871438
2.726560
2.765570
-2.978564
-2.957803
2.877861
2.880100
-2.678494
-2.770072
-2.594533
2.876027
0.691832
-2.884682
2.913474
2.766300
2.927518
-2.912348
2.858545
-1.478332
1.016521
-2.864376
1.971543
2.921398
-2.921160
2.929791
2.840736
1.808731
-2.723552
-2.914679
-2.861303
-2.889341
-2.898048
2.938810
-2.915905
2.640982
-2.785020
1.439048
2.737485
-2.923553
1.299213
2.913955
-2.683100
-2.982097
2.710308
2.935584
2.926636
2.726215
-2.855555
-2.737283
-2.736859
2.937137
2.588362
2.740637
2.894145
-2.918518
-2.940954
2.877673
-2.636138
2.143419
-2.544278
2.664691
-2.937334
-2.273703
2.909580
-1.905992
2.913757
-0.124648
-2.925410
2.600022
1.940421
2.894195
2.889049
-2.379573
2.955023
-1.878309
-2.882468
2.736397
2.931483
2.853476
-2.213677
2.933416
2.705266
2.416120
-0.416752
-2.868340
-1.332809
2.979544
-2.654995
0.770643
2.911169
-1.474152
-2.846701
-2.968336
2.926807
1.797852
2.814512
-1.877538
-2.878462
-2.854736
2.892755
-0.093895
-2.893609
-2.731123
2.401990
2.588471
-2.872507
-2.892056
-2.909506
-2.895016
-2.739747
0.944655
2.750269
2.704767
-2.761046
-2.874995
2.865508
2.729435
2.852560
-2.597950
-2.944396
-2.680887
-2.293658
2.182536
2.253203
-2.724200
2.914945
-2.748857
0.286171
-2.695137
-2.475299
-2.941051
2.865151
2.902150
2.933149
-2.144773
2.734320
-2.930536
-2.947856
-2.915135
1.951583
-2.918108
2.420081
-2.623827
-2.648683
2.760929
2.958492
-2.876262
-2.916397
2.099161
2.813326
2.896365
2.760603
2.075703
2.795160
2.666876
-2.145603
-2.248103
0.452645
-2.870712
-2.696673
2.913343
2.928398
-2.843437
2.827193
2.790421
2.938186
2.885610
-2.939281
-1.293168
2.606867
2.918833
2.939660
-2.743887
2.007366
-2.889906
2.561967
-2.705533
-0.230800
-2.931295
0.543617
-1.752771
-0.468156
-1.439713
-2.937166
0.238558
-2.816507
2.510245
-0.897424
-2.858768
-0.210819
2.907908
2.936019
-2.321301
-2.804693
-2.790106
2.928555
-2.778123
2.856357
-2.483480
2.880414
-1.223733
-1.731411
2.850658
-2.952431
2.914339
-0.366614
2.796848
-2.739853
-2.811683
2.062726
2.977164
2.722405
-2.959845
-2.234556
-2.385540
2.956099
-2.923418
-2.886953
2.896816
1.422666
-2.949753
2.904334
-2.629177
-2.861881
-0.129773
2.954926
-2.981789
-2.835534
2.930246
2.978595
-0.001378
2.895117
-2.913027
-2.815385
-1.761968
-2.320652
2.874000
2.903775
-2.874665
1.802591
2.940684
-1.583513
2.716010
-2.897292
2.905785
-0.887979
-2.932687
2.494882
-2.925887
-2.935579
1.975436
2.922888
-2.932079
2.953000
-2.649741
2.740007
-0.111604
2.977322
-1.674270
2.074393
2.922504
-2.550007
-0.632140
2.709128
-2.672994
2.438662
-2.934472
0.753533
-2.759373
-1.886740
-1.514314
2.938143
-2.633895
-2.930771
2.953675
-2.873618
-2.407744
-2.860311
2.931786
0.584314
-2.893394
2.875743
1.305653
2.807933
2.899369
-1.069021
-2.887652
-0.076783
2.908374
-1.248277
-2.606619
-2.323405
2.894932
2.919880
2.598871
-2.900523
0.478128
-2.023831
-2.764056
0.067724
2.727299
-2.924727
-2.333033
2.910128
2.233273
-2.297035
2.866775
2.823954
-2.747440
-2.899781
-2.937627
2.873780
-2.364007
-2.924157
-1.985907
-2.471473
2.950339
-2.695298
-2.919001
-2.750756
2.615420
-1.705118
-2.849380
-1.190012
-2.934725
-2.891696
-2.745870
2.607147
2.344739
-2.770647
-2.886359
2.794334
-2.867871
-1.895419
-2.949383
2.935201
-2.912128
-2.887981
2.888471
-2.934692
1.274538
-2.938453
-0.020881
2.897056
-2.747223
2.738978
2.611137
-1.850551
-2.850155
-2.763995
1.581039
2.883311
-2.895461
-2.833287
-2.866106
-2.835446
2.373758
2.865213
-2.970581
2.941130
-2.978503
-2.688020
2.954558
2.867032
-2.745904
2.759387
2.748064
-2.705982
2.925354
-0.848446
-2.404573
-2.082008
2.491268
-2.940348
-2.873062
2.857257
-2.859459
-2.815726
-2.888282
-2.940222
-2.814761
1.341592
2.890008
-2.951135
-2.724402
2.764141
-2.910484
2.355970
2.727545
-2.896366
2.860794
2.857532
2.922529
2.937320
-1.244101
-2.955887
2.533431
-2.812715
0.901979
-2.828857
-0.259512
-2.899434
2.631841
2.923628
2.706333
-2.799401
-2.885669
2.820043
-2.885228
-2.784840
2.941829
2.921277
-2.789033
-2.921353
2.296911
-2.187626
-2.858495
-2.859415
0.838704
-0.041246
2.856979
-2.868162
2.541249
-2.777780
-1.446382
2.896669
2.665237
2.827800
2.944956
2.764485
1.851060
2.885900
2.491834
2.750833
-2.636803
-2.416647
2.868548
1.442320
2.910711
2.326910
-0.471427
2.958919
-1.026753
-2.844754
-2.810955
-2.905086
2.843947
2.356755
2.906204
2.032957
0.197092
-1.423606
2.757612
1.552963
2.880489
2.902172
-2.910631
2.558868
2.812919
-2.896871
-2.846302
1.684316
2.925745
-2.822667
-2.671918
-2.838553
1.210863
2.758143
-2.916858
-2.400551
-2.928697
-2.898794
-2.288309
2.652058
2.933511
2.940899
-2.876263
2.912919
2.838895
-2.839712
-2.933228
1.295648
-2.793289
0.788938
-2.400343
-2.882893
2.653666
