4.000000	2.000000	50	0.100000	ARCHIVOS_REDES\ER\ER_631.txt
0.016923	3.973585
3.956117
-3.963680
3.955892
-3.983855
3.982829
-3.944381
3.982363
3.990537
-3.991750
-3.986421
-3.971444
-3.996506
-3.995068
-3.976794
-3.985228
-3.960114
3.988519
-3.984301
-3.992004
-3.984563
-3.967861
-3.977598
-3.955457
3.995034
-3.997073
-3.974228
-3.972991
3.973472
3.981367
-3.992986
3.997022
3.977363
3.983171
3.970316
3.990281
-3.981292
3.968281
-3.940459
3.988643
3.992643
3.987610
-3.957220
-3.979859
3.981978
3.959586
3.980223
-3.992012
3.991511
-3.978299
3.879728
-3.992744
3.991660
-3.970300
3.982216
-3.963738
3.989142
-3.971388
-3.985779
3.974201
3.994420
3.986528
3.983490
-3.983881
-3.982318
3.986058
3.967832
3.971739
3.980490
3.986954
3.989664
3.915641
-3.968405
-3.986134
-3.995314
-3.964302
3.970790
-3.966192
-3.927734
-3.971909
-3.980425
3.991466
3.974019
-3.990208
3.991996
-3.986841
3.980969
3.955790
-3.952677
-3.991247
3.996653
-3.970016
-3.981644
-3.967746
3.983241
-3.979274
-3.974265
3.986629
3.986818
3.993730
-3.976808
3.942176
3.970706
3.976671
-3.981181
-3.914810
-3.983646
3.985905
-3.986166
3.990403
-3.957769
3.992572
3.971513
-3.987179
3.975924
3.988024
-3.960867
3.943718
-3.990752
-3.980832
3.956746
-3.987724
-3.994122
-3.993290
-3.991755
3.931340
-3.875562
3.958220
-3.991904
-3.963960
-3.985355
3.975813
3.943770
-3.989498
3.958806
-3.982638
-3.979417
3.989762
-3.993800
-3.984228
3.975360
3.974722
-3.965074
3.974743
3.994423
-3.996834
-3.991943
-3.978086
3.971841
3.978301
3.982917
-3.976963
-3.977916
3.977649
-3.989439
3.966906
3.942440
-3.995123
3.982210
-3.950702
3.969667
-3.919038
3.988289
-3.973216
3.980892
-3.965664
3.959835
3.993747
3.995093
-2.645649
3.992202
3.983140
-3.991582
-3.985410
3.993296
-3.995678
3.971952
3.987107
3.987908
3.986281
-3.993733
-3.990301
-3.967800
3.980517
3.984872
-3.959989
-3.924936
3.985130
-3.984387
-3.990263
-3.996542
-3.964585
-3.987281
-3.981341
-3.963026
3.951232
3.992688
3.988830
-3.984582
-3.990772
-3.993213
3.919618
-3.994814
3.994154
3.992627
-3.971017
3.948002
3.917690
3.995143
3.969176
-3.981239
3.988453
-3.988102
3.983150
3.983102
3.983797
3.935976
3.931670
-3.979681
-3.973147
3.921390
3.988182
-3.990571
-3.911577
-3.965623
-3.950168
-3.995578
-3.955797
3.986036
-3.961654
-3.981608
3.991693
-3.955590
-3.970023
-3.987492
3.977510
-3.972977
3.988098
3.987785
-3.986267
3.968701
3.988997
3.993721
-3.974846
3.985299
3.990904
-3.978552
-3.982311
3.962345
3.983194
3.982183
3.981027
3.986831
-3.973473
-3.996961
-3.986117
3.992577
-3.982525
3.993019
3.981453
3.971227
3.959540
-3.991902
-3.979413
-3.976494
-3.991215
-3.958324
3.989661
-3.974299
-3.983732
-3.989641
-3.980296
-3.970946
3.976191
-3.976222
-3.981471
3.988208
3.984522
-3.936862
3.930812
-3.990817
-3.963085
-3.975581
3.996656
-3.959568
3.974782
-3.958313
-3.980259
3.965819
3.968711
-3.931272
-3.961901
3.965719
3.954005
3.926008
-3.981136
3.986685
-3.983493
-3.975855
3.994442
-3.964877
3.985483
-3.971804
3.963429
-3.993635
3.930254
-3.915408
-3.975841
-3.952891
3.979408
3.982813
-3.986173
3.905249
-3.960882
3.975629
-3.987695
3.989733
-3.990280
-3.982508
3.992714
-3.985261
3.980012
3.977136
-3.990726
3.905494
3.938822
3.977474
3.995161
-3.960072
3.989264
3.995981
-3.977515
3.977743
-3.978164
-3.988916
3.967184
3.980717
3.971468
3.983469
3.949577
3.982466
-3.994182
-3.969537
3.970038
-3.986225
-3.986505
3.988894
3.996496
-3.988587
3.987846
3.990735
-3.967464
-3.993321
3.960901
-3.977109
3.992931
3.979359
3.984576
-3.978497
-3.991205
-3.970976
3.976802
3.968688
-3.974294
-3.994908
3.950551
-3.975642
3.994162
3.965867
-3.959426
-3.977372
-3.952865
-3.984174
-3.990855
-3.953375
-3.976278
3.990282
-3.979214
3.950091
3.974181
3.988115
-3.992698
-3.991163
-3.949564
-3.961112
-3.927396
-3.987686
-3.993342
-3.988205
-3.972321
3.869856
-3.957508
3.977539
3.980350
-3.991767
-3.975084
3.993141
-3.993863
-3.995887
-3.988114
3.991527
-3.973702
3.994698
-3.983834
-3.983698
-3.975378
-3.993653
-3.961981
3.985285
-3.966950
3.984024
-3.966896
-3.969085
-3.991742
-3.986926
-3.987653
3.977005
-3.965604
3.968810
-3.974234
-3.989424
3.973697
-3.989678
3.629395
-3.989797
3.990171
3.966337
3.956055
3.966134
3.985163
-3.995529
3.976825
-3.966706
3.991630
3.987525
-3.975774
3.978746
-3.991410
-3.983064
-3.953550
3.990963
-3.941674
3.986528
-3.955513
3.980587
-3.985064
-3.937707
3.900634
-3.967528
3.990794
-3.953898
3.860507
3.992414
3.979718
-3.982086
3.980516
3.978364
-3.985805
3.971757
-3.961364
3.983170
3.967864
-3.989234
-3.974570
3.972912
-3.965103
-3.959285
-3.980375
-3.985626
3.983677
3.992121
-3.969436
-3.973423
3.994652
-3.950848
3.993769
3.969428
3.979750
-3.980475
3.994481
-3.938352
3.984856
-3.986109
3.991336
-3.965887
3.990396
-3.979852
3.975714
3.967993
-3.946026
-3.978206
3.984726
3.990090
-3.985571
-3.991452
-3.974809
-3.968570
3.972964
3.993052
3.960225
-3.994231
3.995031
3.988996
3.959567
3.986608
3.986438
-3.988609
-3.894368
-3.990322
-3.990171
3.979159
-3.956826
3.977382
3.980802
-3.984779
3.986553
-3.982057
3.976929
3.985328
-3.987317
-3.986859
-3.986057
3.990097
-3.983572
-3.982746
-3.910724
3.960305
-3.993841
3.982757
3.983027
3.924134
-3.977596
-3.988842
-3.988122
3.987235
3.966851
3.960673
3.975571
-3.985844
3.967033
-3.976567
3.967968
3.991686
-3.993075
-3.988488
3.981276
3.974410
-3.979171
3.976026
3.971661
-3.951181
-3.979181
3.912784
3.974298
-3.980691
-3.983876
-3.958813
-3.962020
3.985953
-3.983916
3.986365
3.978109
-3.994129
-3.977434
-3.941302
3.990727
-3.975227
3.976772
-3.975547
3.968428
3.980765
-3.972518
3.988747
3.981278
3.983961
-3.992947
-3.993028
-3.975633
-3.987942
3.995377
3.941496
-3.984406
3.994230
3.979162
3.988080
3.971664
3.978244
-3.932443
-3.994812
-3.992638
3.968140
3.988340
3.988005
3.956297
3.978816
3.932490
3.991439
3.971665
-3.993947
3.975398
3.898085
-3.990565
-3.983228
3.993309
3.972221
3.987695
-3.986920
3.988598
3.961654
3.979942
3.953028
3.965852
-3.974425
-3.991313
3.969110
-3.975317
3.975093
3.993067
3.983284
-3.962978
-3.994613
-3.987314
-3.986191
-3.986227
-3.973998
3.988006
-3.993405
3.979855
3.979783
-3.981995
-3.978750
-3.992068
-3.972282
-3.954124
-3.970775
3.978996
3.952551
3.971698
3.987103
3.992184
3.981747
3.967914
-3.989701
-3.978908
3.930652
3.987804
3.973849
3.987053
3.991433
3.992981
3.942506
-3.978047
-3.983415
3.984976
-3.955693
3.962055
3.992212
-3.975392
-3.979402
3.984420
3.982614
-3.975503
3.283012
3.987080
-3.927854
-3.982300
-3.974206
-3.990665
-3.991173
3.947673
3.975374
3.992879
-3.990960
3.993930
3.962813
-3.967349
3.966268
-3.982035
-3.985105
-3.996335
3.980878
-3.953120
-3.965679
3.981050
-3.996642
-3.987678
3.994698
3.953124
-3.967620
-3.981300
-3.962885
3.970373
3.979550
-3.991564
3.978069
3.953357
3.962419
3.982233
-3.994151
3.975051
-3.993038
3.994798
-3.959704
3.970151
-3.986028
3.978228
3.995614
3.980959
-3.974218
3.989741
3.941941
-3.969527
-3.973185
3.946254
-3.994952
3.978467
-3.962022
-3.977898
3.965726
-3.993900
-3.862959
-3.993208
3.959841
3.987053
-3.986360
3.975313
-3.980917
-3.993894
-3.966363
3.974615
-3.974768
3.973456
-3.992900
3.955168
3.973295
3.951216
-3.982691
3.992487
3.992746
3.996041
3.990377
-3.966991
-3.996286
3.995280
-3.978593
-3.992138
3.985627
3.981993
-3.980649
3.981446
-3.980818
-3.973300
3.955121
3.980477
3.995978
-3.987608
3.964989
3.988264
-3.987122
-3.969860
3.993128
-3.984875
3.963405
-3.986497
3.979795
-3.987637
3.977000
3.989259
-3.983880
3.970990
-3.975997
3.974756
-3.994726
3.978417
3.981904
3.976971
-3.995740
3.965363
3.980772
-3.994777
3.981697
3.938877
3.993569
3.994463
3.972684
3.984143
-3.987906
3.988849
-3.988398
-3.982981
-3.972530
-3.991108
-3.956304
-3.982358
-3.991066
3.979916
3.963563
-3.988242
3.963327
3.987086
3.908718
3.985472
3.943951
3.993009
-3.979099
3.936424
3.968081
3.984332
-3.977648
3.980200
-3.974553
3.981011
-3.993155
-3.983178
-3.976896
3.978347
-3.975475
-3.969892
-3.985533
-3.986397
-3.934333
3.925806
3.983136
-3.959337
-3.988750
-3.989948
3.958680
3.991879
-3.992511
-3.979875
3.955680
-3.989925
3.983502
3.922933
-3.986719
3.992949
3.987710
3.936981
-3.974665
-3.945324
3.996068
-3.987870
-3.975594
3.969627
3.986019
-3.984565
-3.994852
3.988845
3.988598
3.993766
3.941605
3.995367
3.943896
3.976126
-3.992882
3.982414
3.958683
3.974747
3.995738
3.991740
3.989586
-3.972234
3.958484
3.953895
3.981373
-3.992535
3.948562
-3.970657
-3.966510
3.977634
3.987349
-3.959200
-3.986703
-3.995289
3.967597
-3.973086
-3.969987
3.969065
3.982231
-3.993971
-3.984255
3.987426
3.995172
-3.995866
-3.993075
3.931694
-3.995244
-3.993959
-3.983578
-3.980550
-3.967124
3.981387
-3.984859
3.991363
3.995412
-3.982581
3.979625
-3.976100
-3.992415
-3.989923
-3.620287
3.991182
3.963556
3.993195
-3.994462
3.995980
-3.977632
-3.970870
3.981742
3.982181
3.989968
3.988759
-3.992123
-3.939878
3.980283
3.973508
3.991073
3.972368
-3.986988
3.986213
3.996281
3.971397
-3.987871
-3.985322
3.926782
3.987856
-3.961340
3.970538
3.996890
3.986133
3.986147
-3.992855
-3.982576
-3.996901
-3.986784
-3.994646
3.989232
-3.975758
-3.958496
3.991726
3.961441
3.992629
3.991513
3.919237
3.972255
-3.972604
3.977811
-3.973659
-3.953190
3.992830
-3.992500
3.992222
3.982511
3.981172
-3.980488
3.993256
-3.996111
-3.992376
3.994877
3.968069
3.958879
-3.973137
-3.994170
3.982831
-3.973507
3.995036
-3.992576
3.984353
-3.981103
-3.972796
-3.968051
3.981109
-3.991759
-3.967617
-3.992157
-3.977330
3.991268
-3.994570
3.977880
-3.994320
-3.986363
-3.971423
3.994640
-3.976963
3.975661
-3.983564
3.982397
-3.981670
-3.983789
-3.987600
-3.985187
3.992982
3.968791
3.970836
3.972981
-3.993162
-3.979505
3.982043
3.962146
-3.958619
3.990170
3.986071
3.950536
-3.991131
-3.970132
3.974287
-3.934162
3.993045
-3.978479
3.983554
3.956061
3.934344
-3.961358
-3.988879
-3.977619
-3.968709
3.970842
3.947773
-3.922026
-3.962824
3.912828
-3.985493
3.988213
-3.986270
3.973299
3.846811
3.974831
3.975761
-3.986872
-3.978633
-3.990456
-3.978271
3.948807
-3.978365
-3.983357
-3.996841
3.940221
3.990755
-3.970971
-3.978471
-3.970954
-3.977433
-3.973453
3.936064
3.986433
-3.969023
-3.974828
3.981870
3.987564
3.987223
-3.992469
-3.982967
-3.980572
3.996094
-3.957735
-3.973036
-3.985369
3.948810
3.981421
-3.994108
3.978340
3.978232
3.942603
-3.982251
-3.989958
-3.992924
3.962808
-3.994882
3.665865
3.973821
3.984781
3.972363
3.952095
-3.991534
-3.988623
-3.976398
-3.979665
-3.986273
-3.995882
-3.978644
-3.987626
3.978499
-3.976864
-3.969960
3.972831
3.959134
3.957630
3.991767
-3.996484
3.986793
3.986644
3.945348
-3.977720
-3.994125
-3.983914
-3.977795
3.988248
-3.994881
-3.993073
-3.983837
-3.989452
-3.980781
3.964369
-3.978830
3.986343
3.989558
-3.972993
-3.980054
3.960338
3.954205
-3.963003
-3.982500
-3.975493
-3.973700
-3.961146
-3.942057
-3.994879
3.972476
-3.964127
-3.606459
3.993564
-3.990113
-3.967309
-3.989001
3.995250
-3.974894
3.990265
3.988177
-3.992548
3.965142
-3.986303
-3.935262
-3.989541
-3.977436
3.946557
-3.985024
-3.991256
-3.986344
-3.978654
-3.990740
-3.979757
3.940300
3.972711
3.992615
3.927172
-3.981343
3.975574
3.985650
3.991197
-3.972081
-3.969696
-3.985671
-3.994705
3.947787
-3.981123
3.984511
-3.931576
3.971815
3.971552
-3.970623
-3.985228
3.965623
3.977865
3.957494
3.962964
-3.980612
-3.960931
-3.969178
3.960623
3.907157
-3.995848
3.953056
-3.985778
-3.975423
-3.976952
-3.985802
3.969036
3.968766
3.989813
-3.970408
-3.976202
3.985624
3.972825
3.992820
-3.941342
3.966974
3.964722
-3.995506
-3.988875
3.918379
-3.986562
3.988491
3.979601
-3.968037
-3.867796
3.983075
-3.982048
3.972192
3.995626
3.993325
-3.977429
3.994937
3.985583
-3.979012
-3.987174
-3.988839
-3.978853
-3.993143
3.982149
-3.988975
-3.983045
3.993760
3.988942
3.990524
-3.984862
-3.993743
3.971410
3.951883
3.981614
-3.977757
-3.995414
3.968472
-3.991196
-3.972115
-3.954914
3.861907
3.983525
-3.974540
3.988657
-3.993777
3.974482
3.985880
3.984223
-3.993834
3.986967
3.966217
-3.976898
-3.989316
-3.989454
3.987610
-3.977901
-3.987219
3.988905
-3.947853
-3.986723
3.992477
-3.976591
3.980899
3.990433
-3.957540
-3.981660
3.983989
3.985631
-3.969199
-3.986667
3.912346
-3.970540
-3.978314
3.980713
-3.953403
3.959299
-3.993234
3.986093
3.978619
3.980810
-3.962550
3.993164
3.958208
3.990952
3.951946
-3.961166
-3.993640
3.987108
-3.971414
-3.988008
3.980283
-3.987667
3.985594
3.948885
-2.098294
-3.992467
3.992846
-3.985673
3.968054
3.984390
-3.987659
3.986633
3.980510
3.965765
3.984474
-3.992917
3.980841
-3.985018
-3.982566
-3.993700
3.984897
3.983405
-3.991530
-3.990317
3.993236
-3.915590
3.961727
3.976673
3.975821
3.986699
-3.989641
-3.971387
-3.961448
-3.610612
3.978387
3.987807
-3.978197
3.990638
-3.972915
3.945169
-3.980724
3.991554
-3.992460
3.916421
-3.968031
-3.976074
-3.975824
-3.954359
3.985251
-3.975730
-3.975448
-3.949901
3.963040
3.986167
3.969898
3.994932
-3.960364
-3.972932
3.971470
-3.980750
3.977471
-3.975323
-3.993917
-3.989436
-3.974584
3.974816
3.989733
-3.995578
3.994564
-3.975095
3.985605
-3.977847
-3.970727
3.996459
-3.947874
-3.966553
3.945477
3.977687
3.990848
3.989024
-3.996542
-3.990209
-3.994251
-3.982023
3.978781
3.992188
-3.990347
-3.971100
3.947886
3.960724
3.991925
-3.967205
3.977066
-3.986070
3.974400
3.982477
-3.969004
3.965095
-3.959313
-3.953439
-3.991991
3.963649
3.962389
-3.972788
-3.974169
-3.978925
3.982029
3.994731
3.976508
3.916426
-3.986997
3.978960
3.943333
-3.924578
-3.993749
3.962613
-3.975299
-3.975199
-3.982612
3.979793
-3.976095
3.976610
3.990658
-3.979978
-3.979827
-3.969246
-3.993468
3.981138
3.986830
3.991464
3.982393
-3.982621
-3.986375
3.988549
-3.961258
3.974695
-3.979863
-3.957126
-3.985405
-3.981611
3.988150
-3.954805
-3.981748
3.983942
-3.982654
3.973446
-3.989395
3.927099
3.979535
-3.982294
-3.982728
3.992050
3.992281
3.996143
3.989265
-3.996033
3.940702
-3.966044
-3.971722
-3.983848
-3.990163
3.996787
3.982854
-3.983097
-3.979185
3.968582
3.973898
3.973787
3.990052
3.955455
-3.978759
-3.991754
-3.990187
-3.977999
3.991831
-3.983956
3.983699
-3.977480
-3.993974
-3.979308
-3.978308
-3.970337
3.967030
3.988522
3.996195
-3.964276
-3.951902
3.968964
3.976008
-3.717878
3.967583
-3.986215
-3.970229
3.987816
3.881706
3.992994
3.971545
-3.963358
3.981965
-3.947219
3.994005
3.966249
-3.870654
3.962204
3.989019
-3.990163
-3.978493
3.974492
3.988404
3.987915
3.961942
3.943621
-3.991275
-3.976639
3.977765
-3.979878
-3.984362
3.980617
3.983821
3.989520
-3.984658
3.951057
-3.984301
3.988071
-3.972450
-3.993794
3.970187
3.981625
3.951448
-3.986964
3.928139
-3.994895
3.993255
3.929570
-3.990214
3.986155
3.991834
-3.979185
-3.984381
-3.990501
-3.958590
3.985478
3.979379
3.956494
-3.984487
3.992887
3.912793
-3.986567
3.976482
3.995616
3.963181
3.959445
-3.986845
3.992263
-3.974752
-3.982757
3.982109
3.995525
3.967367
3.975484
-3.973684
3.970219
3.977065
-3.989953
3.996646
3.994673
3.986474
-3.985365
-3.993051
-3.971459
3.989707
3.976824
3.985320
-3.970251
-3.984701
-3.994765
3.987701
-3.989065
3.958200
3.976615
-3.959681
-3.985999
-3.985241
3.959845
-3.979235
3.981952
-3.922733
3.995425
-3.976319
3.961210
3.995334
3.984497
-3.993904
3.986718
-3.987989
3.988571
-3.988500
-3.983917
-3.994798
3.957416
3.978548
3.972790
-3.987938
3.974733
3.970162
-3.979127
-3.995739
-3.961853
-3.983749
-3.989008
3.954634
3.985951
-3.987373
3.987851
-3.976823
3.977656
-3.976411
-3.994135
3.980429
-3.986960
3.967808
-3.980798
-3.982638
-3.988046
3.992024
-3.991743
-3.934698
3.977449
-3.985417
-3.992868
-3.972232
-3.974494
-3.982136
3.945036
-3.971583
3.994943
3.967785
3.988890
-3.987985
-3.979206
3.987411
-3.984118
-3.971640
3.980472
3.974025
-3.983136
3.943378
3.996102
3.985392
-3.995900
3.973438
3.987584
-3.993321
3.964908
3.947894
-3.956711
-3.980077
3.983517
3.992990
-3.946388
-3.947091
-3.986383
-3.953997
-3.983333
3.968952
3.971016
-3.953851
-3.979559
-3.996849
-3.963059
-3.970840
3.988202
-3.990125
3.985046
3.993789
3.996424
3.972414
-3.981978
-3.982172
-3.989901
3.984185
-3.995946
-3.966999
-3.969388
-3.956250
-3.981041
3.971881
3.980688
-3.992900
3.941278
-3.993404
3.968852
-3.994416
3.974772
3.981007
-3.968608
3.991197
-3.993516
3.983423
3.969418
-3.990377
3.971697
3.990317
-3.973187
3.968583
3.962973
3.985653
3.972413
-3.928514
-3.973833
-3.978058
-3.971543
-3.958951
3.968396
3.956946
3.981214
-3.985781
3.996134
3.996292
3.943943
3.881440
3.914567
-3.987153
3.986655
-3.982291
-3.964205
-3.990706
-3.978203
-3.963521
3.989739
-3.984686
3.952144
3.975706
3.986368
3.971761
3.996989
-3.988289
-3.980627
3.988752
-3.995673
-3.994733
3.987853
-3.968526
-3.984985
-3.982054
-3.971187
3.965895
3.949886
3.981187
3.992535
-3.989615
-3.974282
3.990272
-3.976800
3.979970
-3.990617
-3.977378
3.995014
-3.991666
3.996876
3.993394
-3.972287
-3.977861
3.978180
3.990676
-3.986564
3.982829
3.982531
3.987683
3.977896
3.971292
-3.994857
-3.984598
-3.942541
3.990541
-3.955062
-3.992295
-3.977963
-3.994976
3.984919
-3.989050
3.995948
3.977242
3.992297
-3.990278
3.962381
-3.982474
-3.977037
3.993943
3.952728
-3.963185
3.975710
-3.978064
3.990099
-3.992813
-3.972311
3.986865
-3.979488
-3.976948
3.970616
-3.985739
-3.993545
3.993094
3.987623
3.966876
3.987322
3.988485
-3.989375
-3.995963
-3.978316
-3.986882
-3.994448
-3.977007
3.964611
-3.982972
3.953103
-3.985682
3.893715
-3.975600
3.960957
3.962062
3.989596
3.992819
-3.976241
3.985202
-3.994468
3.984932
-3.953817
3.988222
3.970540
3.852161
-3.961937
3.914004
3.964734
-3.936303
-3.992126
-3.957820
-3.996478
3.986317
3.954766
-3.974160
3.957004
3.986702
-3.990629
3.994111
-3.978204
-3.974853
-3.973366
-3.964319
-3.988796
-3.980078
3.984897
-3.960601
-3.945845
-3.964999
3.983562
3.992381
3.893985
-3.989324
3.965590
-3.985604
-3.988363
-3.981984
3.991834
-3.988667
3.971124
-3.970355
3.985114
3.995845
3.986759
-3.993016
-3.977842
3.987437
-3.974497
-3.975620
-3.981866
3.955340
3.973429
3.987441
3.989617
-3.916782
-3.878548
-3.993775
-3.993289
3.958433
3.967622
3.956812
-3.985139
-3.942613
-3.973866
-3.989995
-3.894282
3.960205
3.958741
-3.996272
3.986508
-3.984951
3.988755
-3.994267
-3.965662
-3.989972
3.982386
3.985900
-3.976913
-3.963663
-3.992752
3.944230
-3.987548
-3.978297
-3.985473
-3.972931
-3.995451
-3.996359
3.973440
3.993411
3.992712
3.985922
-3.993983
-3.983922
3.981469
-3.970755
-3.962668
-3.992972
3.874113
3.972055
-3.984006
3.990760
3.978881
-3.992978
3.987833
3.951562
3.984910
3.965239
-3.989190
-3.985110
-3.974178
-3.992063
3.963437
3.986391
3.991396
-3.982860
-3.987447
3.972823
3.991415
-3.964389
3.980038
3.988554
-3.989715
3.979384
-3.992291
-3.989390
-3.968539
-3.981426
-3.994182
3.975913
-3.959249
3.986013
-3.988913
-3.986501
-3.992174
3.979367
-3.966568
-3.986946
-3.979642
3.985596
3.955418
-3.979422
-3.946639
3.965763
-3.972816
-3.990419
3.991883
-3.982764
-3.974579
-3.956971
-3.950399
3.994643
3.963068
-3.984338
3.974861
3.985495
3.996194
3.921008
3.978886
-3.938210
-3.959638
-3.987346
3.951039
-3.977876
3.994030
-3.988742
-3.985417
-3.990511
3.983751
-3.952978
-3.972303
-3.991303
-3.978289
-3.958304
3.991733
3.932505
-3.967076
3.989170
-3.989438
3.982217
-3.948328
3.971014
3.962111
-3.940169
-3.979881
-3.993856
3.985968
-3.990220
-3.961128
-3.987125
-3.987429
-3.989918
-3.983779
3.991812
-3.985908
-3.987878
3.991836
-3.990399
-3.688268
3.976965
3.992467
-3.977317
-3.982099
3.949047
3.984018
-3.992067
3.958783
-3.992415
3.989053
-3.983720
3.988222
-3.982833
-3.988655
3.991627
3.989697
3.983945
-3.987403
3.981663
-3.970082
-3.924896
-3.997117
-3.993878
3.989616
-3.977087
-3.994934
3.968996
-3.994892
-3.990787
-3.987605
-3.966639
-3.986747
-3.994827
-3.981679
-3.992343
-3.973050
3.989907
3.959426
-3.990761
3.993623
3.929567
-3.985465
-3.968340
3.981114
3.986772
3.956657
-3.982895
-3.990539
3.969785
3.959442
-3.972640
3.972480
3.988141
3.973728
-3.984272
-3.977643
3.970515
3.977400
3.984077
3.969351
3.972539
-3.989306
3.910045
-3.979176
-3.990981
-3.982342
3.944611
3.953043
3.985237
-3.986159
-3.920769
-3.987196
3.955595
-3.974175
3.966343
3.990918
3.965956
-3.994942
3.962613
3.986045
-3.992841
3.996966
3.952252
-3.994057
3.973235
-3.987268
-3.944845
-3.953038
3.974889
-3.988425
3.991254
-3.974637
-3.995482
-3.983156
3.902750
-3.849302
-3.988586
3.968344
3.985410
-3.993375
3.975607
3.956473
-3.980411
-3.974874
3.987254
-3.982009
-3.953794
3.990157
3.993760
3.985470
3.976828
-3.922813
-3.989428
-3.980955
-3.983157
3.941384
-3.993604
3.988673
-3.985569
3.975692
3.898810
3.965776
3.961802
3.964397
3.943229
-3.978104
-3.962038
3.987348
3.903303
3.995956
-3.997178
3.976523
3.974296
3.949788
-3.959509
3.964159
3.983133
-3.958253
-3.994133
3.967326
3.976029
3.956158
3.966670
-3.968029
3.985683
-3.981908
-3.987005
3.983025
-3.981583
3.990671
3.950574
3.974406
3.963922
-3.978397
3.959570
-3.979203
3.990543
3.994015
-3.981122
-3.987100
3.988215
-3.951932
-3.970615
-3.942530
3.978978
3.950800
-3.970612
3.983616
3.983282
3.990429
3.994441
-3.975199
3.990270
3.960959
-3.972524
3.996174
3.983659
3.995178
-3.945049
-3.980888
-3.992286
3.993569
3.990094
-3.962014
3.889398
3.904580
3.964854
-3.952923
3.989956
-3.961883
3.966216
-3.972753
3.964067
-3.987970
3.989051
-3.996493
3.968447
-3.967929
3.996285
3.979705
3.960052
3.956392
-3.958939
3.986833
3.979859
-3.983001
3.996150
-3.976264
3.925636
3.970468
3.982813
-3.971501
-3.990898
3.929571
-3.988004
3.978365
3.986726
-3.983417
3.991228
-3.975002
3.995554
3.983501
-3.985080
-3.991980
3.983092
-3.980485
3.994580
-3.992386
3.985266
-3.994025
-3.946633
-3.985705
-3.990354
3.955126
-3.990746
-3.983426
3.995106
-3.993773
-3.968542
3.971048
-3.992550
-3.964042
-3.977061
3.980814
3.980323
-3.987277
-3.979358
-3.986094
-3.992141
3.994543
3.976628
-3.976605
-3.978859
-3.972248
-3.979659
3.989802
-3.986693
-3.984249
3.973598
-3.992659
3.972565
3.969456
-3.994940
3.988165
3.972359
-3.973525
-3.982259
-3.985877
-3.979085
-3.963795
3.990302
3.974470
3.970866
-3.990994
3.987134
-3.980150
-3.982084
-3.993311
3.967779
3.947358
3.965581
3.976460
-3.977446
-3.994640
3.989366
3.957703
3.981038
-2.493883
3.964490
3.973681
-3.979320
3.955986
-3.984538
3.962694
3.992893
-3.984888
-3.983363
-3.968151
3.976424
-3.961416
-3.994025
-3.935185
-3.974361
3.972806
3.988809
-3.987163
3.971147
-3.961128
3.969910
-3.974457
-3.992024
-3.982650
-3.986956
-3.972705
3.994340
3.965099
3.948747
-3.993173
-3.995050
3.991591
-3.986743
-3.978926
-3.989525
-3.993951
-3.972969
3.979081
-3.954654
3.984443
-3.984423
3.927741
3.968407
3.947933
-3.961938
3.988698
-3.991460
-3.988779
-3.965776
-3.928110
-3.960613
-3.994023
-3.970049
-3.992821
-3.982114
3.976290
-3.941988
-3.968182
-3.992387
3.982592
3.988716
3.953849
3.991287
3.967916
-3.964895
3.990439
3.967812
3.980692
3.983495
-3.988447
3.983955
3.990676
3.991990
-3.992279
3.980508
-3.996594
-3.965842
3.993101
-3.983593
3.993852
3.947078
3.996559
3.982347
-3.932022
-3.971001
3.981494
-3.976158
-3.982045
-3.984352
-3.991779
3.986042
-3.981636
-3.984776
-3.985872
-3.993413
3.977643
-3.992730
3.981037
3.980506
3.974179
3.983847
-3.961118
-3.969316
3.989406
3.979392
-3.978204
3.989840
-3.981117
3.984680
3.980581
3.995027
3.984358
-3.969630
3.987934
-3.981500
-3.987898
3.980220
3.992483
3.976859
-3.987628
3.982189
3.996335
3.983401
3.969027
3.969427
3.981413
-3.987667
-3.983279
-3.987876
3.989345
-3.963807
-3.990900
3.976000
-3.967751
3.078222
3.986889
3.961361
-3.972040
3.852578
3.984170
-3.996624
3.990662
-3.955935
-3.992119
3.987882
-3.980410
-3.951683
-3.977739
3.944160
-3.969697
3.975395
-3.970790
-3.983921
3.983902
-3.991201
-3.946001
-3.990394
3.983286
3.991674
-3.978163
3.987634
3.978731
3.971883
3.991879
-3.970898
-3.970035
3.955101
3.989627
3.995263
-3.956034
-3.985064
3.964651
-3.955373
3.973518
-3.982938
-3.981254
3.981245
3.986500
-3.980598
-3.983168
3.985749
3.976333
3.962855
3.951311
-3.989711
-3.978050
3.964766
-3.988286
-3.969062
-3.968686
-3.975606
3.969152
3.986709
3.982285
-3.993093
-3.982949
3.982160
-3.976519
-3.994933
-3.995287
3.972299
-3.984612
3.983542
3.993205
-3.992704
-3.971976
-3.976597
3.975708
-3.980208
3.996323
-3.988092
3.995368
-3.990702
-3.974915
-3.990235
-3.976229
-3.967475
3.971984
-3.984061
-3.979011
3.989247
3.951364
3.993275
-3.990247
-3.996419
3.976884
-3.995099
3.973985
-3.982753
-3.974928
-3.979064
-3.986892
3.994358
3.989289
3.993052
3.981568
3.991315
-3.983219
-3.982073
3.962210
3.996220
3.967191
-3.990001
3.978824
3.987303
3.987445
3.957381
3.987032
3.976003
3.988941
3.994762
3.965427
3.988437
3.923892
3.979942
-3.927691
3.893338
-3.977095
-3.978277
-3.993511
-3.983610
-3.979932
3.990647
-3.991669
3.975021
-3.971754
3.967751
-3.985252
3.950136
3.975759
-3.985966
-3.985345
3.975432
-3.960548
3.972078
-3.992412
-3.974555
-3.983517
-3.940327
-3.975825
3.986759
-3.976099
-3.991999
-3.919980
-3.975557
-3.946172
3.978844
-3.977936
3.953531
3.969485
-3.994197
3.990065
3.987926
3.976963
-3.979047
3.950946
-3.956654
3.974040
-3.982223
3.989370
-3.977847
3.990194
3.977259
3.967547
-3.978825
3.981108
3.970402
-3.983978
-3.960294
3.961066
-3.987327
-3.959547
-3.987311
3.948351
-3.978476
-3.978446
-3.981548
-3.980049
3.965561
-3.991409
-3.992690
3.988562
-3.989062
3.991432
3.993287
3.964753
-3.991631
-3.992920
3.964139
3.971950
-3.993528
3.981815
3.960907
-3.987863
-3.989804
3.971904
-3.966539
3.971122
-3.989499
3.965572
-3.992391
3.972433
-3.911069
3.997056
-3.989776
-3.988905
3.995565
3.982205
-3.991378
-3.978835
-3.973985
-3.980164
3.989412
-3.986301
3.995807
-3.977717
3.852368
3.960281
3.972168
-3.980858
3.991743
3.961831
3.959713
-3.975088
-3.977338
3.991998
3.995460
-3.984415
-3.966936
-3.918205
3.988450
-3.987349
3.982550
-3.985550
3.988507
-3.982828
3.974838
3.986181
-3.986924
3.957835
-3.980177
3.973011
-3.994783
-3.984634
-3.951672
-3.987642
-3.967242
3.982900
-3.990841
-3.988102
-3.994845
3.962470
3.982458
-3.989376
-3.994856
-3.968088
-3.984058
-3.996181
3.979070
-3.977516
-3.983208
3.986591
3.973187
-3.987685
3.991420
-3.970132
-3.992257
3.965866
3.986073
3.982474
3.991935
3.990140
3.991336
-3.988926
3.970422
-3.991764
-3.986780
-3.981496
3.972618
-3.987515
3.984643
3.942088
-3.927503
-3.978993
3.954899
-3.961708
3.994857
-3.981477
3.964132
-3.993073
3.984040
-3.986476
-3.986541
-3.974237
-3.955670
-3.979239
3.960698
3.997000
3.974348
-3.969829
3.987072
3.985024
-3.957488
-3.986100
-3.983998
-3.995861
-3.989483
-3.992901
3.992425
-3.967281
-3.976001
3.996034
3.963305
-3.948246
3.981830
-3.953931
3.969198
-3.978566
3.975853
-3.976414
3.978342
-3.979078
3.990159
3.987105
3.937953
3.994679
-3.978975
3.972174
3.973193
3.974469
-3.980999
3.980394
3.985467
-3.976518
-3.979541
3.987762
3.940686
-0.476537
3.974216
-3.985653
3.980675
-3.971091
-3.985001
-3.996307
3.991841
3.993371
3.971270
3.979586
-3.993984
3.959899
3.981447
3.989009
3.960671
3.968737
3.962342
3.972836
-3.965375
3.971982
-3.988108
3.989467
3.986775
3.947873
3.975423
3.984972
-3.984242
3.982625
-3.990414
3.968095
3.970791
-3.986502
-3.983312
-3.963500
-3.961379
-3.959667
3.958250
3.922752
3.918759
3.950058
-3.920782
3.979193
3.984363
-3.988197
3.986711
-3.984070
3.988514
3.943785
-3.957456
3.994540
-3.917549
-3.931014
3.995411
3.927360
3.973104
-3.982538
3.973265
3.975057
-3.931041
3.975397
3.981803
3.995865
3.964253
3.960499
-3.989781
3.974510
3.981931
3.975782
3.989202
-3.991012
3.983642
3.967516
3.983685
3.957814
-3.987485
-3.971322
-3.976300
-3.979612
3.985927
-3.984407
3.993021
-3.989000
-3.980986
3.990089
3.996993
3.961991
-3.980125
3.962611
3.989376
-3.992342
-3.990678
3.979642
-3.975400
-3.997089
3.987768
-3.960183
-3.980153
3.959813
3.909504
-3.959168
-3.981310
3.981361
3.983931
-3.992583
3.987562
-3.995017
3.990761
3.922211
3.979364
-3.963472
-3.994384
3.972634
-3.996420
-3.971326
-3.984267
-3.982082
-3.992469
-3.972332
3.988599
-3.957469
-3.982794
-3.996588
3.988956
3.983779
3.993376
-3.986215
3.991848
3.990274
-3.989441
3.985962
3.963167
-3.951848
-3.971279
3.980929
3.954502
-3.963244
-3.927416
3.994773
3.989518
3.982620
3.977937
-3.996730
3.986115
-3.985911
-3.979114
3.988779
-3.982978
-3.981574
3.967857
-3.996267
-3.990526
3.990694
3.969531
-3.990688
3.978604
-3.949170
-3.982966
-3.980382
3.965932
3.991545
3.978827
-3.987806
-3.956331
-3.974056
-3.989852
3.967854
3.971733
3.978393
3.978985
-3.991156
-3.978561
-3.988184
-3.991057
-3.962348
-3.991066
-3.978518
-3.966442
3.956496
3.958947
3.973092
-3.970351
-3.990469
-3.915456
-3.985628
3.983959
-3.995790
-3.978104
3.975214
3.974789
3.975581
-3.982019
3.970305
-3.965442
3.990516
-3.987329
3.991031
3.762014
3.987829
3.976754
3.977809
-3.980562
3.989978
3.981320
-3.984993
-3.967543
3.993580
3.983177
-3.982358
-3.974709
-3.969942
3.961726
-3.973190
3.985497
3.976983
3.991822
-3.964051
3.980130
-3.979381
-3.993329
3.988785
-3.953026
-3.992570
3.994531
3.980868
-3.969337
3.954657
3.973248
-3.979957
-3.970350
-3.964166
3.989816
3.994645
-3.982800
3.990766
3.989319
3.992828
-3.981443
3.960712
-3.968997
-3.995872
3.980036
-3.977085
3.992497
3.968295
-3.985990
3.996796
3.997009
3.974959
-3.979511
-3.964319
3.986153
-3.980185
-3.977692
-3.958492
3.988952
-3.967493
-3.993901
-3.979622
-3.989021
3.967873
3.977615
-3.973226
-3.969381
-3.951376
-3.971324
3.968851
3.984919
-3.961397
3.972866
3.961042
-3.928345
3.972472
-0.000409
3.993218
3.977913
-3.967354
3.888606
3.991045
3.987903
3.992749
3.954719
3.974811
3.990772
3.954130
3.912969
-3.958832
3.985898
3.974010
3.981855
-3.968934
-3.965299
-3.992380
3.985067
-3.985635
3.981177
-3.990895
3.989991
-3.988096
3.978169
3.985487
3.995312
3.971847
3.980068
3.985007
3.943315
3.996918
-3.986045
-3.972640
-3.972971
3.953834
-3.983204
3.974167
-3.967178
-3.976044
3.982125
-3.971709
3.973756
3.970926
-3.988321
-3.958797
3.985498
-3.980523
-3.963131
-3.975405
-3.983945
3.983214
3.986998
-3.987658
3.973602
3.988894
3.974030
3.971904
-3.972770
3.986975
3.890112
-3.995355
-3.968928
-3.994809
3.992610
-3.992949
3.986606
3.905147
3.951926
-3.978124
3.996041
3.953552
-3.990845
3.992812
-3.977446
3.994524
-3.973098
-3.926146
3.968431
-3.993443
-3.979115
3.994372
-3.968300
-3.977956
3.980370
3.973539
3.977403
3.987057
-3.994910
-3.972354
-3.953423
3.985408
3.916596
-3.964714
-3.952692
-3.866631
3.978809
-3.981180
-3.978338
3.984271
-3.979489
-3.965562
-3.982578
-3.972546
-3.991480
-3.972936
-3.983805
3.957793
-3.981466
3.993639
3.976935
3.926218
3.966890
3.984092
-3.981984
3.971971
-3.975776
3.950742
-3.989501
-3.992046
-3.976340
3.983239
-3.974939
-3.979111
3.990690
3.978423
-3.938048
3.987206
3.983477
-3.977487
3.991437
3.984042
-3.977962
3.942488
-3.976392
3.991426
3.990691
3.976183
3.984803
3.983644
-3.992838
-3.911022
3.976366
-3.984609
3.992101
3.980044
-3.990157
3.930242
3.991756
-3.987950
-3.991748
-3.965976
3.981233
3.978510
-3.953475
3.968347
-3.976198
-3.974828
3.942556
-3.979719
-3.965777
3.990087
-3.954973
-3.982123
3.952183
3.992425
-3.971851
3.991828
-3.985733
3.967007
3.988207
-3.991291
-3.980587
3.968533
3.982579
3.982546
-3.433330
3.990045
3.987539
-3.991140
-3.971956
3.936913
3.973664
3.995135
3.942173
-3.970658
-3.984356
3.989345
3.980060
-3.966395
3.926532
-3.995058
-3.970568
3.994580
-3.979613
-3.955180
-3.939928
-3.977443
-3.919160
-3.983775
3.990201
3.964143
3.994040
-3.942048
-3.967491
3.973114
3.973103
-3.989669
3.955923
3.716200
3.992168
3.979879
-3.978598
3.992487
-3.992289
-3.983700
3.988715
-3.975475
3.911423
3.981545
3.988298
3.976910
-3.915576
-3.989474
3.974755
3.989143
3.959283
-3.995873
3.988330
3.923120
3.992841
3.958238
-3.992513
-3.959238
3.994475
-3.984109
3.968516
-3.926246
3.984771
3.964954
3.961085
-3.982169
-3.975703
3.988239
3.995742
-3.985324
-3.942494
3.992060
3.983805
-3.950153
3.987611
-3.997091
-3.973628
-3.941728
3.975988
3.975572
-3.968479
-3.992807
-3.981995
3.991978
3.363686
-3.803891
3.987059
-3.971971
-3.982037
-3.986563
3.926175
-3.990354
-3.993167
-3.977206
3.984705
3.966643
3.989512
-3.963972
3.972619
-3.981650
-3.958707
-3.982264
-3.988428
3.946654
3.971863
3.961037
3.976695
3.959961
3.981232
3.982825
-3.993091
-3.963809
-3.984953
-3.979840
-3.977854
3.952721
3.978672
3.960717
-3.933579
-3.968267
-3.987302
3.973872
-3.973125
-3.978248
-3.977109
-3.995261
3.964973
3.959807
-3.983621
3.987783
3.983979
-3.992831
3.921369
3.976085
-3.971153
3.966573
-3.983195
3.949032
-3.993959
3.978303
-3.993643
-3.972266
3.985592
-3.973730
3.984702
-3.978458
3.987688
3.987948
-3.992594
3.994987
-3.989700
3.994271
3.981347
-3.964163
-3.945507
-3.976530
-3.989864
-3.990681
-3.963206
-3.637392
-3.986307
-3.972510
-3.971826
3.986793
-3.991771
3.982429
-3.981935
3.974983
3.985374
3.967382
3.989667
-3.982117
-3.976157
3.976466
-3.984681
-3.991190
3.962242
-3.990072
-3.991331
3.980618
3.996065
3.971380
-3.989817
-3.976943
-3.977139
3.969126
3.923931
-3.987280
3.979106
3.984299
-3.982973
-3.972777
-3.910821
-3.987960
3.964882
-3.964362
-3.970542
3.964656
-3.971678
3.976983
3.982136
3.973168
-3.966135
-3.943619
-3.977401
3.972035
-3.974282
-3.979202
3.962945
3.987688
3.984239
3.969285
3.995624
3.993426
3.986020
3.978526
-3.954486
3.971583
-3.968187
-3.985782
-3.969461
3.986780
3.976348
-3.950437
-3.982060
-3.976847
3.994391
-3.983132
3.950570
3.980794
3.977651
3.994332
3.983397
3.985248
3.975975
3.979777
3.964710
3.989187
-3.962249
3.890148
-3.918162
3.980481
3.945964
3.976961
-3.993719
-3.946589
-3.400124
-3.976848
-3.971823
3.966787
3.937851
-3.984514
3.995396
3.978457
-3.961394
-3.992426
3.975627
-3.983273
3.975694
-3.994881
-3.938725
3.941688
-3.981623
3.971112
3.987554
-3.978245
3.993444
-3.989253
-3.979077
3.983050
3.988377
-3.990461
-3.959728
-3.981858
-3.988160
3.989753
-3.990149
3.956895
3.972929
-3.985286
-3.982783
-3.987636
3.978629
-3.978359
-3.990380
3.988380
-3.955663
3.994497
-3.976419
3.934294
-3.823642
3.993455
-3.925789
3.982110
3.995040
3.949470
-3.980844
3.956347
-3.980270
-3.994430
3.969142
-3.975092
3.974424
-3.935249
-3.967295
3.994163
-3.992945
3.989755
3.987947
3.988922
3.975371
-3.981752
-3.970395
-3.988052
3.993926
-3.985036
-3.968724
3.982967
-3.964023
-3.991130
-3.994592
3.952663
3.964770
3.968545
3.974914
-3.987223
-3.946781
3.982691
-3.854336
3.963137
-3.989701
-3.980386
3.955230
-3.989054
3.973551
3.989975
-3.990091
3.981093
-3.972795
-3.991847
3.974164
-3.968183
-3.984261
-3.978494
3.996610
3.995457
3.986997
3.984329
3.993408
-3.982658
-3.976425
3.996681
-3.989625
3.734954
3.970751
3.984995
-3.976817
-3.996112
-3.993492
-3.986410
3.976547
-3.980369
3.960774
-3.994658
3.950508
3.911531
3.992850
-3.965255
-3.983663
-3.977776
3.971478
3.993132
3.974372
3.989920
-3.976515
-3.987310
-3.953965
3.988354
3.951369
3.958757
3.991181
3.981234
3.988855
-3.956778
3.979393
-3.977923
-3.990822
-3.988390
3.983513
-3.986975
-3.964599
-3.987631
3.972587
-3.984725
3.996414
3.990791
-3.990866
-3.962697
3.981706
-3.982329
3.981769
3.989493
3.978515
3.987029
-3.987350
-3.561704
3.994942
3.961159
3.971117
-3.981120
3.995772
-3.984592
-3.992674
3.978310
-3.990737
3.983013
3.983346
3.992693
3.975765
-3.961895
-3.954034
-3.985050
-3.979957
3.930498
3.983217
-3.983166
3.967728
3.988323
-3.952454
-3.799629
3.982056
-3.981821
-3.980131
3.966276
-3.979441
-3.994343
3.971084
-3.982065
3.951196
3.988756
-3.977243
3.991284
-3.966088
-3.994688
-3.992833
-3.974124
3.989277
3.969248
-3.987166
3.981224
3.976308
3.953693
-3.992971
-3.976927
3.975291
3.992374
3.990623
3.970606
-3.991410
-3.969990
3.968171
3.994906
-3.977741
-3.976328
-3.988010
3.989798
3.965595
3.963464
3.972808
3.945907
3.968969
3.974463
-3.981546
-3.951760
3.983555
3.972735
-3.981678
3.981935
-3.985543
-3.987986
-3.983305
-3.980686
-3.976944
-3.970047
-3.991084
-3.952904
3.969903
3.966408
3.989644
3.972461
-3.977491
-3.978937
-3.977821
3.979600
3.989453
-3.979377
-3.973945
-3.982207
-3.991124
3.971312
3.992915
3.954088
3.984813
-3.963258
3.957734
-3.985484
-3.970798
-3.986024
3.986894
3.977215
-3.990771
3.971133
-3.972847
-3.992115
3.950702
3.971261
-3.990626
-3.987484
3.977092
3.989377
3.995954
3.987190
-3.983284
3.951676
-3.987785
-3.975339
-3.994631
3.986283
-3.987859
-3.972341
-3.990919
3.992843
-3.985311
-3.973687
3.986913
-3.972521
3.950138
3.963846
-3.972388
3.982115
3.980113
3.966127
3.970947
-3.980846
3.963137
3.993435
3.977193
-3.983072
-3.992057
-3.940106
3.944155
-3.988833
3.982689
3.995047
3.993563
3.938679
-3.955822
-3.988909
-3.979454
-3.951927
3.991647
-3.985264
-3.979947
3.980383
3.959254
-3.973245
-3.977340
3.974757
3.994476
-3.967732
3.989488
-3.956220
3.966892
-3.972836
3.981923
3.994324
3.988238
3.982953
-3.993710
3.966630
3.988417
-3.950818
3.985047
-3.968090
3.995504
3.987137
-3.988060
3.966635
-3.973102
3.992364
-3.977065
3.981653
3.937246
-3.961610
3.991340
-3.973783
3.960375
3.972407
-3.963114
3.917365
3.976993
3.994424
-3.982039
3.948697
-3.986863
3.991993
3.927222
3.985133
3.965066
3.974006
-3.954375
3.995952
-3.993255
3.967728
-3.963860
3.988534
3.981819
3.929038
-3.986038
-3.980110
3.979728
-3.982273
3.968850
-3.990445
3.984803
3.970299
3.973271
3.989634
3.970494
-3.987272
3.978990
3.976578
-3.996599
3.984401
3.986158
3.973838
-3.959653
3.964824
3.952692
3.976363
3.968874
3.983435
3.989190
-3.989493
3.990823
3.988315
3.977724
-3.975600
-3.970360
3.987876
3.985095
-3.770278
-3.983831
-3.973427
3.983570
3.986218
-3.976762
3.986876
3.992839
3.940959
3.963609
-3.973530
-3.992356
-3.972641
-3.969117
3.964199
3.982544
3.980880
3.980740
-3.978760
-3.979007
-3.983495
-3.880456
3.965820
-3.995248
3.995266
3.976498
-3.984613
3.993031
3.975877
3.974344
-3.956536
-3.978685
3.985167
3.669484
-3.991588
3.984812
-3.988119
3.919291
3.970123
3.973772
-3.987610
3.985617
-3.975462
3.996697
-3.987551
3.945837
-3.976660
3.966859
-3.978395
3.983525
3.974680
-3.971606
-3.984960
-3.993347
3.976634
3.970049
-3.993792
-3.983822
-3.990912
3.977160
3.986601
-3.936387
3.977594
3.957649
-3.961662
-3.971045
3.993060
-3.993838
-3.990925
-3.983261
3.967721
3.980699
3.986173
-3.978930
-3.993179
-3.976273
3.995160
3.985243
3.995485
-3.966941
-3.980757
-3.983944
3.936831
3.995963
-3.986867
-3.974911
3.982693
3.982537
-3.991261
-3.979140
3.972183
3.991082
3.930761
3.982342
-3.980852
-3.990494
3.979411
-3.978326
-3.887074
-3.967745
3.987973
3.978679
3.967392
3.991481
-3.993419
3.982168
3.986912
3.989008
-3.976906
-3.979291
3.980861
3.989568
3.992155
3.957367
-3.983552
-3.978043
3.974058
-3.980913
3.958461
-3.977672
-3.936911
-3.976700
3.972416
3.931297
-3.988485
-3.977111
3.988923
3.980388
-3.992540
3.994657
-3.973321
3.976600
-3.981906
-3.975224
-3.945804
3.988737
3.990372
-3.964681
3.986716
3.897627
3.988075
3.971956
-3.989088
3.933165
3.990185
3.987084
3.986319
3.957641
3.989901
3.993617
-3.985914
-3.980019
3.982981
3.977865
-3.916085
-3.958221
-3.993816
3.990139
-3.972831
3.987084
-3.965364
3.990259
-3.983928
3.962430
-3.984755
3.987686
-3.976853
3.988571
3.974951
3.971296
3.987220
-3.968646
3.991281
3.984999
-3.977618
-3.962218
-3.981958
-3.988776
-3.942027
-3.985393
-3.973603
3.978954
3.986663
-3.976261
-3.990868
-3.967516
-3.972833
-3.975092
3.987281
-3.967838
3.996940
3.945450
3.993001
-3.950953
3.989615
3.973801
-3.970476
-3.983504
3.879791
-3.978190
-3.990825
-3.989583
-3.978875
-3.985059
3.987832
3.978034
-3.975387
-3.971621
3.969870
-3.979524
-3.985052
3.961785
-3.985808
-3.982472
3.981881
3.990476
3.991019
-3.990415
-3.996081
-3.957099
3.990963
-3.973342
3.991523
-3.982393
-3.967705
3.991742
-3.993593
3.979975
3.712997
3.983874
-3.982325
-3.976326
-3.966460
3.981881
-3.989390
-3.990099
-3.994283
3.977634
-3.924627
3.987181
3.962051
3.968499
3.974749
3.990919
-3.940487
-3.969282
3.958774
3.976582
-3.992768
3.975284
3.987428
3.985796
-3.969937
-3.983281
3.882239
-3.991094
3.995622
-3.991752
-3.983891
3.980561
-3.981666
-3.993405
-3.977628
-3.975421
-3.986561
3.997097
-3.978781
-3.975060
-3.963024
3.966098
3.966245
-3.979077
3.996705
3.978029
-3.986465
3.980955
-3.982463
-3.957353
3.980660
3.993376
3.991243
-3.970663
3.989050
-3.974223
-3.973937
3.991947
-3.955631
3.969932
-3.992411
3.980493
-3.949688
3.992790
3.983621
3.991677
-3.978228
3.965845
-3.970218
-3.989889
-3.992688
-3.983603
-3.974969
3.976610
-3.995192
3.966482
-3.990493
3.937618
-3.978196
3.953544
-3.943223
3.987430
-3.985504
3.975041
-3.993333
3.898887
3.987209
-3.980810
3.987978
3.976182
-3.984413
3.977631
3.979090
-3.971797
3.968709
-3.981281
3.977925
-3.965186
-3.989768
3.960337
-3.962166
-3.984439
-3.931163
3.970423
3.974469
3.983037
-3.971565
-3.994069
-3.984818
3.992105
-3.992053
3.968409
3.989900
3.935905
3.985716
-3.987388
3.978028
3.976833
-3.985320
3.967740
3.986756
3.996161
3.991775
3.975606
-3.990783
-3.989091
-3.993080
3.980998
-3.983288
-3.992739
3.985424
-3.953276
-3.986088
-3.984328
-3.957876
-3.975247
-3.978651
3.985150
-3.991591
3.962802
3.981386
3.973705
3.963733
-3.957720
-3.974217
3.991502
3.985851
-3.973331
-3.983244
-3.992183
3.991053
-3.968805
-3.990749
3.951912
3.937397
3.994846
-3.994614
-3.981058
3.988454
-3.970401
3.960541
-3.957630
3.969201
-3.995003
3.981296
-3.963608
-3.984420
3.939388
3.978543
3.995195
3.976905
3.969254
3.987469
-3.993214
3.985755
-3.992483
-3.981628
-3.991250
-3.975614
3.979684
3.975163
3.990349
3.972875
-3.996667
-3.976117
-3.979193
-3.988866
3.975117
-3.938697
3.904898
3.949316
-3.984926
3.988040
3.978032
3.981260
-3.966594
3.981738
3.972827
3.961172
-3.959371
-3.981986
-3.972223
-3.992858
-3.992238
3.974902
3.936707
-3.978642
3.956946
-3.963602
-3.978864
3.992685
-3.985481
-3.984169
3.893261
3.977111
3.963487
-3.974268
3.975032
-3.994040
3.988894
3.958663
3.951367
-3.991459
-3.976622
3.995815
3.987301
3.985203
-3.979856
-3.981432
3.987580
3.899007
-3.980733
3.984172
3.950838
-3.994706
3.970080
3.994133
3.989598
3.996532
3.958919
-3.983346
3.949824
-3.988121
-3.973918
3.969645
-3.985117
-3.959508
-3.987819
-3.932864
-3.987851
3.993416
3.962754
3.887372
3.979532
-3.997135
3.989221
3.990397
3.964994
-3.970282
-3.992660
3.977975
-3.995102
-3.989400
-3.972985
-3.976980
-3.993144
3.978574
-3.987213
3.993015
-3.991984
-3.990465
3.981473
3.995666
3.988391
-3.924157
-3.990984
-3.976882
3.972464
-3.985098
-3.983964
3.963854
3.960553
-3.970266
-3.910794
-3.991044
-3.981234
-3.989434
3.990406
-3.949756
3.968851
-3.969268
3.917741
3.987556
-3.996598
3.966759
3.975891
-3.987884
-3.994749
-3.983099
-3.982140
-3.977684
3.963988
-3.991547
3.989786
3.995408
3.986818
-3.938151
-3.979076
-3.984427
-3.958814
-3.975427
-3.995789
-3.962406
3.932699
-3.991705
-3.992549
3.992218
-3.991283
3.988015
3.984654
-3.970611
-3.988298
3.983295
3.987966
3.994717
-3.982229
3.961367
3.988662
3.948258
3.982803
-3.990762
-3.992123
3.970320
3.990125
3.995267
3.977172
-3.973279
-3.990626
-3.985269
-3.951972
3.984483
-3.985902
3.982853
3.987294
3.984945
3.973077
-3.981252
-3.965795
-3.984864
3.993021
-3.980116
3.944830
-3.982269
-3.971638
3.968370
-3.992891
3.980355
-3.989884
-3.982933
-3.989547
3.987035
3.981879
3.986943
-3.985231
3.968485
3.990593
3.979959
3.978185
-3.980846
3.982093
3.972838
3.988651
-3.986268
3.992438
-3.970356
-3.994893
-3.951146
-3.981512
3.974207
3.297859
3.952354
-3.968369
3.982416
-3.957010
3.973008
-3.988677
-3.987900
3.963119
-3.989746
3.974839
3.972845
3.983487
-3.995587
3.990185
-3.992838
3.980083
3.991482
3.983600
3.993671
3.980888
3.975714
-3.993425
3.990336
-3.969080
-3.984927
3.980555
-3.986581
-3.991922
-3.986489
-3.987848
3.984852
3.979925
3.987706
3.983768
3.993910
3.985692
3.992278
-3.978633
3.990729
-3.985435
3.979285
3.988283
-3.981277
-3.960774
-3.984934
-3.979221
3.980927
3.715058
3.983067
-3.991184
3.971895
3.971276
-3.972364
3.970596
3.956557
3.983695
3.994228
-3.970274
-3.984380
-3.983120
-3.974191
3.970739
-3.991115
3.994348
-3.953343
-3.993041
3.983023
3.993048
3.932474
-3.991173
-3.925552
-3.954713
-3.983364
-3.981533
3.964047
-3.981199
-3.968339
3.932043
3.982954
3.938566
3.981658
-3.978406
3.970716
-3.982330
-3.977656
-3.983782
-3.985902
-3.986206
-3.992513
-3.969575
-3.990025
-3.993937
3.987249
-3.983554
-3.980798
3.982041
-3.957534
-3.983211
3.983211
-3.989486
3.967799
-3.995429
3.973982
-3.964736
-3.993171
-3.975049
-3.975856
3.989639
-3.980914
3.990794
-3.974320
3.984398
3.987034
3.980565
3.943033
-3.975786
-3.990414
-3.994625
3.978730
-3.961477
-3.966248
3.996555
-3.989903
-3.989758
3.979231
3.984440
3.973756
-3.988306
3.972100
3.990097
-3.947471
3.975715
-3.962229
3.987611
-3.982177
3.958896
3.979004
-3.972980
-3.984014
3.983090
3.982131
3.978803
3.984755
-3.966638
-3.970207
-3.940658
-3.993766
3.985824
-3.981574
-3.953775
-3.995246
3.988317
3.968034
-3.947066
-3.988946
3.976336
3.975051
3.943377
-3.964570
3.975377
-3.993215
-3.944609
-3.981047
-3.947433
3.987711
3.915209
-3.980871
3.973559
3.971507
-3.983772
3.868713
-3.961376
-3.966247
-3.985732
3.983777
-3.977244
-3.934942
-3.989192
-3.952708
-3.917749
-3.922714
-3.972749
-3.963302
-3.986266
-3.993452
3.975965
3.978714
-3.962337
-3.986006
-3.922275
3.982355
-3.974313
-3.957959
-3.987526
-3.970817
3.996394
-3.991185
3.978858
-3.990883
3.993560
3.991221
3.984564
3.991387
-3.958325
3.988153
3.984712
3.976712
3.977561
3.987383
3.956140
3.993588
3.973007
-3.988516
3.959495
3.995108
3.986466
-3.981621
-3.980852
-3.986461
-3.995212
3.991664
3.985727
3.975969
3.990664
-3.990582
-3.992685
3.980877
-3.951306
3.992248
3.978083
-3.993485
-3.994835
3.963019
3.971016
-3.986887
3.952899
3.964300
-3.931731
-3.974285
3.947105
-3.947404
3.994362
3.976052
3.988773
3.930843
3.830865
-3.976059
3.971636
3.981336
3.974434
-3.984138
3.995653
-3.984880
-3.987296
3.963445
-3.968848
-3.991218
3.982468
-3.969131
-3.988703
-3.990963
3.962447
3.977190
3.976113
-3.996655
-3.991189
-3.961906
3.989206
-3.989856
-3.993639
3.987536
-3.984127
-3.979260
3.975575
-3.976074
-3.978663
3.989760
-3.984324
-3.994953
-3.995644
-3.963628
-3.991539
3.963950
3.992845
-3.967118
3.983789
3.991895
-3.959986
3.966767
-3.993508
3.973812
3.969142
-3.974416
3.962999
3.968966
-3.990759
3.988019
-3.979670
3.934393
3.972285
-3.973500
-3.985617
-3.990076
3.980913
3.982739
3.951264
-3.972848
-3.994138
-3.975489
-3.991248
3.989338
3.993818
3.983583
3.977340
-3.981709
3.969266
3.980835
3.945762
3.975788
-3.826380
-3.988738
-3.992020
-3.963787
-3.980246
-3.981245
3.974165
3.981059
3.988699
-3.986720
-3.986671
-3.994452
-3.978302
3.986492
-3.967903
3.945449
-3.960562
3.976918
-3.984713
3.989667
-3.992372
3.996820
-3.991990
3.981934
3.992784
3.981167
-3.983995
-3.981298
3.957804
3.944072
3.986988
-3.975792
3.992066
3.990587
-3.991938
3.994603
3.990396
-3.979010
-3.973859
-3.994235
-3.971814
-3.777016
-3.979212
-3.993342
3.969105
3.951193
3.981591
-3.959909
-3.964003
-3.964832
-3.974518
3.951402
3.966058
3.981675
-3.952935
3.981475
3.989416
-3.978633
-3.993644
-3.994695
3.947378
3.974976
3.989745
-3.989815
-3.983631
-3.972393
3.991556
3.996219
3.993709
3.992369
-3.984487
3.979100
-3.968896
3.995019
-3.981514
3.947787
-3.985780
-3.968578
-3.974127
-3.938889
-3.981935
-3.977483
3.954297
3.977079
3.968264
-3.949950
-3.994298
-3.992491
-3.960134
-3.983268
3.985744
3.982155
3.564086
-3.994272
-3.991273
-3.996314
-3.985553
-3.992548
-3.982671
3.980692
-3.988244
3.209886
3.978247
-3.994386
-3.980212
3.965420
-3.980625
3.989563
3.994660
-3.933538
3.980782
-3.960258
3.991375
3.975893
3.986701
-3.975327
-3.978590
3.991763
3.980914
-3.983810
3.980890
3.964831
3.957618
-3.983748
-3.974235
3.977983
-3.988780
-3.948209
-3.989335
3.974614
3.960026
-3.995880
-3.987594
3.992454
-3.979840
-3.958852
3.975618
-3.973923
-3.971955
-3.981346
3.935955
-3.589565
3.979090
3.991192
-3.995793
3.996403
-3.991599
-3.970116
3.991070
-3.931973
3.980424
3.969628
-3.979356
3.974969
-3.984388
3.988929
3.958248
-3.981695
3.982300
3.988745
3.988247
3.965723
-3.992568
-3.974117
3.972803
3.976916
3.995078
3.981344
-3.990665
-3.979817
-3.969679
-3.949939
-3.986327
-3.979927
-3.965140
-3.984405
3.979798
-3.994465
3.972063
3.987377
3.983090
3.980523
3.951471
-3.996785
-3.996381
-3.935571
-3.960662
3.989430
-3.993018
3.931679
3.898345
3.987135
3.988143
3.993545
3.988879
3.982991
-3.949719
3.985599
3.988494
3.926771
3.959779
3.983682
3.993854
3.980283
-3.975905
-3.964413
3.985623
-3.925575
3.972934
-3.989896
3.986850
3.992393
3.993023
-3.990803
-3.993327
-3.978194
3.990268
-3.981637
3.984568
-3.989224
3.984066
-3.993556
-3.964450
-3.986366
3.993491
-3.974479
3.967343
3.976534
-3.976358
-3.995388
-3.898771
3.979624
-3.991401
-3.953269
-3.964288
3.992671
-3.979493
-3.975541
-3.981841
-3.992925
3.993702
3.994064
3.991420
-3.974353
3.983889
-3.976113
-3.984972
-3.942478
3.995069
-3.968015
-3.955840
3.993187
3.952083
-3.979975
3.968203
3.981067
3.950081
3.937526
-3.981194
3.991115
3.983660
-3.975019
-3.981924
3.963650
-3.994286
3.980168
3.987816
-3.995473
-3.976596
3.974094
-3.990819
3.935308
-3.967038
3.966216
3.988681
-3.989389
3.972893
3.982457
-3.963649
3.978289
-3.993072
-3.959789
3.961775
-3.966545
3.970482
-3.916773
-3.996131
3.986616
3.990795
3.992858
3.982320
3.987853
-3.982271
-3.977827
3.543392
-3.984726
3.981153
3.995192
-3.980733
3.971467
-3.994128
3.951446
3.884740
-3.976107
-3.977460
-3.962175
-3.968082
-3.867809
3.985377
3.936923
-3.954890
-3.978491
-3.973846
-3.961074
-3.989103
-3.976218
3.985627
-3.962921
-3.995075
-3.965564
-3.983314
-3.990315
-3.967788
-3.978807
-3.991549
3.985105
-3.974364
-3.990399
-3.979780
-3.983212
-3.655328
-3.984352
-3.982506
3.942693
-3.958192
3.943509
-3.977653
3.971348
-3.987779
-3.996607
3.977143
3.983440
-3.993134
3.987175
3.980190
-3.956781
-3.982865
-3.989332
-3.995189
3.987803
-3.981057
-3.991584
3.970803
-3.985436
-3.977651
-3.768955
-3.975888
-3.981474
-3.962339
3.987068
-3.986380
-3.987707
3.984871
-3.992831
3.992458
-3.970220
-3.980852
3.996216
3.989567
-3.980736
-3.973960
3.993205
3.973756
3.942830
3.954751
3.988577
-3.973954
3.986293
3.973812
3.983008
-3.968253
-3.995049
3.949410
-3.970207
3.994744
3.980545
3.984204
-3.995987
3.992350
-3.986523
3.968666
-3.994160
3.956222
3.957529
3.972029
3.980504
-3.986291
3.965937
-3.994658
3.988783
3.982055
-3.987029
-3.986464
-3.983209
-3.975402
3.975418
-3.979143
-3.984686
-3.984060
-3.989978
3.974847
-3.984260
3.994078
-3.990455
-3.991065
3.989627
-3.993602
3.979871
3.984252
-3.980808
3.989156
3.995550
3.989793
3.965969
3.990740
3.991321
-3.991352
-3.979003
-3.992892
3.987845
-3.986913
-3.968824
-3.978052
-3.942166
3.954542
-3.968041
3.996141
-3.991820
-3.990434
3.986235
3.974193
3.947298
3.986198
3.974225
3.988570
3.981546
-3.938823
-3.941137
3.959285
-3.978568
-3.979311
3.976905
-3.991375
3.988378
3.981702
3.982035
3.958431
-3.993382
3.988007
3.946434
3.977413
-3.987097
-3.981889
-3.986291
3.940252
3.963124
3.990464
3.987048
-3.985352
3.951360
-3.985585
3.986334
3.955386
-3.967731
-3.972611
-3.990366
-3.983185
-3.979244
-3.987754
-3.966777
3.979906
-3.973053
-3.964749
-3.962477
3.972375
-3.992384
3.988462
-3.966327
-3.992977
-3.983147
3.982435
-3.907143
-3.974005
-3.981460
-3.988645
3.978090
3.983769
-3.967198
3.994483
-3.978850
3.945898
-3.964247
-3.944403
-3.965371
-3.967269
3.990584
3.918820
-3.966133
-3.984452
-3.951048
-3.940334
3.980024
3.900327
3.990526
-3.991301
-3.982097
3.956024
3.977932
-3.981510
-3.991104
3.980355
3.988470
-3.994062
3.982184
3.991319
3.990061
-3.994626
3.975054
-3.994345
3.965911
3.985057
-3.951974
-3.965427
3.974354
-3.993439
-3.985298
-3.984698
-3.989092
-3.950989
3.978863
-3.991662
-3.975294
-3.958268
3.971406
-3.978018
3.977916
3.989296
3.939098
3.985882
3.975713
-3.993384
-3.982589
-3.986583
-3.977743
3.995365
-3.952130
3.991936
3.973054
-3.968511
-3.986667
3.987008
3.967026
3.945350
-3.931220
3.978204
-3.968027
3.925900
3.971421
-3.971300
3.989286
3.936386
-3.986914
3.995148
-3.984437
3.991192
3.987796
3.983544
-3.965497
-3.988847
-3.985668
3.984259
-3.992921
3.991497
3.958305
3.982813
3.982105
3.958178
-3.977831
-3.758423
3.994860
3.983953
-3.988286
-3.984225
3.972777
3.987455
-3.956788
3.983439
-3.986074
-3.989178
-3.973249
-3.992860
-3.977357
-3.965176
-3.966283
-3.985177
-3.991176
-3.959742
3.986744
3.991306
-3.946236
-3.987680
-3.991776
-3.965686
3.956289
3.966025
3.973334
-3.976417
-3.996272
-3.971719
-3.993626
3.992158
-3.976981
-3.967233
3.989594
3.977065
-3.981159
-3.975830
-3.975757
-3.970361
-3.983792
-3.977913
3.808768
3.979616
3.992185
3.989309
3.984410
-3.991775
-3.968839
3.972615
3.953657
-3.969031
3.992416
3.979392
3.959435
3.990425
3.981753
-3.989527
3.989398
-3.961063
-3.972420
-3.980989
-3.959452
-3.951023
-3.991727
3.942150
3.978373
-3.835462
3.953726
-3.943933
3.984598
-3.977338
3.961494
3.987692
3.989091
3.972851
3.960980
-3.981109
-3.979602
3.989257
-3.972583
3.942796
3.987939
3.989156
3.967699
3.980809
3.931655
3.972158
-3.944162
-3.992019
-3.993525
-3.991049
3.960740
-3.982023
3.980588
3.964305
-3.971630
3.961536
-3.985315
3.997152
3.979770
-3.980614
3.968650
-3.985728
3.969050
3.976652
3.982782
-3.984547
3.993123
3.987661
-3.973841
-3.996577
-3.996447
3.994120
3.991164
-3.990543
-3.983181
3.976982
3.977591
3.967879
-3.970020
3.985396
3.970086
3.968801
-3.937670
-3.688379
-3.996048
3.956833
-3.967664
-3.939371
-3.991025
3.967033
3.973270
3.968477
-3.987828
3.977889
-3.987372
-3.990465
3.979416
3.981361
-3.924821
3.958809
-3.963241
3.987459
3.959137
3.993336
3.990158
-3.971486
3.978868
3.980956
-3.972079
-3.989279
-3.849580
-3.916061
3.985589
3.952239
3.971206
-3.967780
3.983221
3.965033
-3.984744
-3.956041
-3.989030
3.984613
3.949464
-3.981555
3.978280
3.988648
3.984465
3.984498
3.995385
3.993973
-3.980896
-3.981586
3.969386
3.983392
-3.996565
3.970316
-3.960002
3.988045
-3.959608
-3.958504
3.976169
3.971438
3.966283
-3.981034
-3.960580
3.949012
-3.989578
-3.977081
-3.945114
3.977251
3.978492
3.988694
3.942820
3.995224
3.980857
3.979154
-3.995352
-3.981370
3.984925
-3.918129
-3.974929
3.995959
-3.991105
-3.980791
-3.983764
-3.982210
-3.985314
3.985364
-3.991232
3.976705
-3.980320
-3.994774
-3.992282
-3.975227
3.978185
3.977497
-3.982323
-3.976999
3.985168
3.991385
-3.947037
3.980827
3.977018
-3.968036
-3.990375
3.980072
3.970197
-3.981793
3.972452
3.989166
3.973754
-3.968252
3.978207
3.975450
3.988571
-3.987888
3.975700
3.985292
3.992668
-3.992543
-3.974346
3.943189
-3.971894
3.964212
3.995412
3.979348
3.991568
-3.957356
-3.994345
3.965378
3.970795
-3.991966
-3.985378
3.969365
-3.989049
3.992316
-3.942139
3.969247
-3.977334
3.986536
-3.956764
-3.950297
3.993524
3.991333
3.991156
-3.982798
3.994554
3.993690
3.984804
3.988536
3.989581
3.969328
-3.971207
-3.979775
-3.973916
-3.970979
-3.970041
-3.992946
-3.969991
3.968825
3.992466
-3.977227
3.925862
3.978083
-3.992513
3.963095
-3.973248
3.986149
-3.990560
-3.990713
3.981872
-3.966243
-3.821900
-3.991863
-3.981108
3.987031
-3.987612
3.959474
-3.987438
3.969541
-3.986861
-3.989706
3.985869
3.991079
-3.987820
-3.973528
-3.982454
3.981637
3.970648
3.983857
-3.992293
-3.920841
-3.990243
-3.983295
-3.985543
3.962674
3.967896
-3.970602
-3.981462
3.933352
3.836293
3.971648
-3.989219
3.943702
-3.989978
3.969288
3.971556
-3.995582
3.985330
3.950450
3.955796
3.977501
-3.992719
3.995882
-3.981595
3.974979
3.991036
-3.971534
-3.964761
3.955464
-3.984066
3.960202
3.990642
3.996797
3.992294
-3.980649
-3.975214
-3.963807
-3.994718
-3.950795
-3.983966
-3.991124
3.970713
-3.974659
-3.991267
-3.969598
-3.968098
3.993627
-3.945740
3.984983
-3.981828
-3.977402
3.994737
3.978596
-3.975046
-3.988165
3.907926
3.976942
3.991914
-3.988200
3.981179
3.972563
-3.996843
3.965733
3.959053
3.979520
-3.992194
-3.984643
-3.974873
-3.965701
3.980077
-3.956814
3.963260
-3.971452
-3.985272
-3.973867
3.950865
-3.966854
-3.992397
-3.980805
-3.932226
3.969276
-3.991364
-3.993345
-3.985655
3.990139
3.967964
-3.966877
3.986677
3.830145
3.987423
3.968360
-3.963899
3.950827
3.969965
3.951968
3.985877
3.991177
-3.991989
-3.985399
3.988686
3.985320
-3.969837
-3.984574
-3.975184
3.990750
-3.956673
3.978827
-3.996200
-3.953919
3.967964
-3.966018
3.962737
-3.958766
-3.988045
-3.989846
3.975318
-3.979750
3.988836
3.993881
3.973888
3.995091
3.938943
-3.992438
-3.989218
3.966758
-3.985622
3.991019
-3.984133
-3.992780
3.988822
3.993619
-3.990635
-3.974817
-3.941223
-3.982979
-3.983297
-3.985488
3.976178
3.983027
-3.973264
-3.981653
3.994519
3.976625
-3.975493
-3.970680
-3.966566
-3.991761
-3.905410
3.946224
-3.988196
3.990945
3.995216
-3.924914
-3.995038
-3.986453
3.983110
3.992437
3.980490
-3.976511
-3.979718
3.992531
-3.971031
3.970318
-3.867751
3.988732
3.985145
-3.979737
-3.990940
-3.977537
-3.982330
3.983262
3.983183
-3.977791
3.992711
3.993498
-3.975051
3.977580
3.975097
3.980487
-3.965356
3.967546
3.991878
3.992589
-3.995742
-3.982042
-3.985968
-3.993642
-3.991972
-3.966717
3.977637
-3.965416
-3.967843
3.969242
3.987319
-3.986928
3.996824
3.985871
-3.721084
-3.989674
3.989479
-3.960258
3.979526
-3.993671
3.992378
3.992538
3.988629
-3.968067
-3.987171
-3.972622
3.955382
3.985665
-3.965309
3.943361
-3.980457
3.981050
3.972563
-3.985087
3.989818
3.964518
3.971199
3.988187
-3.975116
3.983732
3.991860
-3.977770
3.918191
3.983894
3.992287
-3.973636
-3.983783
-3.874527
3.975763
-3.990686
3.989389
3.972282
-3.941123
-3.987143
3.974761
-3.975293
3.979155
3.970530
-3.992128
-3.980056
-3.966901
-3.964573
-3.990430
-3.990641
3.973767
-3.984749
-3.975567
-3.987830
3.988665
-3.947728
-3.971119
-3.987753
-3.996125
-3.951552
3.990378
-3.968003
-3.991761
3.976337
-3.985555
-3.980856
-3.986614
-3.992374
3.958265
-3.979123
-3.987683
3.990279
3.943637
3.983627
3.984426
3.956631
-3.992558
3.984962
3.989785
-3.970771
3.989653
3.989715
3.991873
-3.991778
-3.989595
3.970052
-3.977559
3.989911
3.952737
-3.985066
3.988537
-3.954534
3.968791
-3.994358
3.959978
-3.964275
-3.987142
-3.979896
-3.990142
-3.970080
3.981230
-3.989161
3.950184
3.979290
-3.995549
-3.996306
3.984928
-3.990563
-3.989458
-3.956645
3.955771
-3.989734
3.970295
3.992583
-3.988158
-3.989141
3.986658
-3.979111
-3.990030
3.982454
3.988420
3.973888
-3.967868
-3.993598
-3.968511
-3.988635
3.980477
-3.976459
3.972550
-3.981066
-3.986400
3.968705
3.981294
-3.904304
-3.975266
-3.992035
3.978988
-3.977542
-3.973008
-3.970727
-3.989344
-3.992723
3.993369
-3.994046
-3.977409
-3.982372
3.985565
3.988766
-3.987750
-3.990929
3.984898
-3.991086
-3.986686
-3.977829
3.980823
3.977052
3.958319
3.970898
3.992842
3.980176
3.981528
-3.971407
3.986676
3.995691
3.990913
-3.991549
-3.978226
-3.982899
-3.995364
3.994148
3.986254
-3.969028
-3.988282
3.973124
-3.967191
-3.974839
-3.981301
-3.968080
-3.963039
3.973313
-3.988772
3.972311
-3.985928
-3.928075
-3.995267
3.994664
-3.940526
-3.987071
-3.978516
3.979710
-3.982557
3.968974
3.933731
-3.982682
3.970288
3.980195
3.973299
-3.982955
-3.966931
-3.995222
-3.976798
-3.982813
-3.972183
-3.979062
-3.986399
3.990274
-3.983910
-3.983627
3.971181
3.978706
3.955885
-3.927993
3.983187
3.977651
3.968024
-3.986173
3.956786
-3.968467
3.974683
3.940750
3.981092
3.982047
-3.958654
-3.975414
3.963926
-3.993122
3.983409
3.980384
3.981318
-3.975534
-3.982735
-3.979162
3.973397
3.964292
-3.974763
3.994170
3.982063
-3.982009
3.943415
3.912773
-3.992973
3.995862
-3.970330
3.990322
-3.789152
3.993770
3.968252
-3.978099
-3.968088
3.963764
3.944617
3.994683
3.964836
-3.968548
3.995218
-3.977566
3.982687
3.975507
3.973639
-3.994132
3.891902
-3.987542
3.960433
-3.954429
3.898564
-3.984246
3.986402
-3.980079
-3.981278
-3.968765
3.994168
3.974634
-3.992315
-3.980543
-3.991665
3.981322
-3.973054
-3.975788
3.969296
3.995512
-3.984256
-3.971284
-3.983448
-3.991264
3.945602
-3.980281
-3.988746
-3.992462
-3.939848
-3.970092
-3.962900
3.992015
-3.985336
-3.995946
3.987183
-3.978616
-3.986145
3.980641
3.984046
-3.964978
-3.955620
3.977289
-3.995550
-3.987336
3.975561
3.976371
3.985232
3.987775
-3.975230
3.960640
3.986986
3.987364
-3.995833
3.960024
3.984251
3.978092
-3.977818
3.994816
-3.966643
3.978801
-3.971132
3.993922
3.996141
3.958403
3.982664
3.980511
3.981144
-3.640986
3.972872
3.944932
-3.979215
3.984308
3.987270
3.991579
3.981451
-3.981516
3.975380
-3.986708
3.963378
-3.968222
3.974877
3.961504
-3.976258
-3.978387
3.968020
-3.976638
3.968097
-3.994097
3.995916
-3.993018
-3.991109
3.986987
-3.977293
3.973158
3.957328
-3.987247
3.985970
3.979931
-3.975101
3.983496
3.943755
3.989944
3.985654
-3.970911
3.976675
3.961202
-3.990305
3.984865
3.836275
3.992727
-3.980710
-3.990120
3.975874
-3.990038
-3.967386
3.983150
-3.978951
3.959842
-3.986812
-3.941377
3.972336
3.970832
3.990220
3.986285
-3.993577
-3.964857
3.986743
3.922800
3.988612
3.987626
-3.979977
-3.986545
-3.990514
3.944629
-3.966748
3.989037
3.987838
-3.904241
3.977726
3.973735
3.994330
-3.994304
3.977587
-3.982343
-3.988935
-3.971326
3.986905
-3.980530
-3.979585
-3.982993
3.948319
-3.948093
3.934090
-3.967562
3.980239
-3.969282
3.993201
3.973588
3.981566
-3.971858
-3.961463
-3.947984
-3.974042
-3.994105
-3.986113
3.993359
3.959088
3.991110
3.994114
-3.994208
3.888020
-3.991088
3.980193
3.981931
3.987130
-3.984104
-3.979074
-3.995671
3.971945
-3.931167
-3.970507
-3.963252
3.974658
-3.972721
3.996170
3.954197
3.972791
-3.990023
3.993521
-3.978453
3.990041
3.993788
-3.967638
3.986506
3.992844
3.971947
-3.977089
3.967324
-3.986642
3.990061
-3.991591
-3.975318
3.974233
3.976842
3.969872
-3.987894
-3.980081
-3.984164
-3.958617
-3.981335
3.913306
-3.979564
3.972731
-3.981899
3.991188
-3.992020
-3.967957
3.988591
-3.992201
-3.985725
3.979170
3.981038
3.992008
3.975133
3.975858
-3.982364
3.992372
3.987123
3.975162
-3.978994
-3.987767
3.993057
3.995186
3.989672
3.981523
-3.974403
-3.982978
-3.718770
-3.979773
3.985678
-3.987952
3.992155
-3.977209
3.984837
-3.969428
3.987881
3.989756
-3.980799
3.974785
3.932959
3.982144
-3.982912
3.997222
-3.987954
-3.968706
-3.977674
-3.985715
3.966870
-3.979711
3.958684
-3.947880
-3.964812
-3.985456
-3.992109
-3.975811
-3.823685
3.968504
-3.990414
-3.979645
-3.983472
3.962133
3.991984
-3.988470
-3.982319
-3.982492
3.958911
-3.978600
-3.979981
3.960717
3.968547
-3.976823
3.958851
-3.972762
-3.984869
-3.980204
3.985961
3.934670
3.988257
-3.979909
3.983870
3.974800
-3.978787
3.989952
3.991403
-3.948115
3.980601
-3.994337
-3.979966
-3.990582
-3.973523
-3.987986
-3.956331
-3.965975
3.972231
3.992328
-3.991330
-3.973711
-3.989195
3.969559
3.982598
-3.953599
3.977693
3.940652
3.996923
-3.979012
3.985630
-3.968257
-3.994397
3.983516
3.956437
-3.976422
3.974975
3.993653
-3.955640
-3.986297
-3.981676
-3.983644
3.977066
-3.987363
3.987882
-3.984822
3.977279
3.984231
-3.963844
-3.987036
-3.968659
3.980831
3.988620
3.977711
-3.954794
-3.799570
3.964901
-3.968262
-3.974918
-3.979660
3.991510
-3.992992
-3.985803
3.966134
-3.984915
3.951391
3.991983
3.981421
3.991856
3.970271
-3.979453
-3.986083
-3.982052
-3.924912
3.989901
3.991878
3.993639
-3.952257
-3.976509
3.976756
3.984919
3.983838
3.989794
3.970881
-3.975406
3.973553
-3.980516
3.944246
3.985867
3.990190
-3.958146
3.996280
3.971078
3.982819
3.889781
3.988714
3.972318
3.957482
3.988285
3.971731
3.979266
-3.976015
-3.974833
-3.951748
3.959339
-3.986156
3.984722
3.971064
3.983795
3.981155
-3.980598
3.961911
3.977408
3.988823
-3.990089
3.985911
-3.991234
3.977364
-3.620174
-3.995443
3.978572
-3.981568
3.985449
-3.994068
-3.985911
3.992084
3.934597
-3.992886
3.985099
-3.982419
3.976108
-3.975721
3.981467
-3.969470
3.971058
-3.987724
-3.995299
-3.976573
3.986543
3.985370
-3.993410
3.991383
-3.993133
3.987921
3.971769
3.989500
-3.970166
3.982903
3.991883
3.980983
-3.950900
-3.996122
3.994338
3.995055
3.994726
3.996593
3.993370
-3.978130
-3.988765
-3.994634
-3.993905
-3.981508
3.974328
-3.989127
-3.983747
-3.977062
3.975812
-3.994094
3.955667
3.968188
3.992264
-3.986893
3.991411
3.983011
-3.953479
3.951197
3.997064
3.989925
-3.975337
-3.988905
-3.970389
3.981548
3.993697
-3.987033
-3.959897
-3.984446
-3.993859
3.972546
3.990043
-3.981876
3.913745
3.993915
3.991283
3.976988
-3.975540
-3.988605
3.983496
-3.988242
3.965471
3.969351
3.985141
3.982762
-3.978479
3.880626
-3.983874
-3.988737
3.990428
3.966937
-3.973235
3.984616
3.963111
3.968212
3.960926
3.991145
3.973205
3.962601
3.982968
-3.989593
-3.988145
3.990340
3.964790
-3.975807
-3.992114
-3.975416
3.987767
-3.990496
3.991967
3.977675
-3.989291
-3.981994
-3.977695
3.995849
3.991502
-3.970959
-3.995447
3.989135
-3.982509
-3.959054
-3.982804
-3.984105
-3.985951
-3.986024
3.955898
-3.995283
3.991028
3.984440
3.995403
-3.951872
-3.984223
3.983220
3.990352
3.984762
-3.994452
3.983370
3.975067
-3.934201
-3.964889
-3.979628
-3.953231
-3.979227
3.965949
-3.968838
3.992222
3.994035
3.970673
-3.993409
-3.986076
-3.976177
3.978852
3.934059
3.900512
3.958698
-3.994740
3.979546
-3.991004
3.964177
3.945557
3.948357
-3.989637
-3.977871
-3.980701
-3.974729
-3.975638
-3.890745
3.991687
3.993830
-3.986291
-3.982654
-3.990784
3.984795
3.982193
-3.927601
3.975602
3.991488
3.980284
3.990707
3.987349
-3.986387
3.975457
-3.982231
-3.985797
-3.962674
-3.973488
-3.986330
3.950981
3.992420
-3.955990
-3.978405
-3.995903
-3.971219
-3.985549
-3.973181
-3.972281
-3.981617
-3.988221
3.976494
-3.979538
3.963750
-3.984965
-3.985836
3.972655
-3.994056
3.667844
-3.988008
-3.976323
-3.969986
3.958156
3.996261
3.973494
3.983811
3.974537
-3.985513
-3.975351
-3.997079
-3.978865
3.983403
-3.989636
-3.980570
-3.972748
3.976642
-3.943506
-3.979040
3.983599
3.955431
-3.993882
3.978654
3.988907
3.946778
3.982602
3.970356
3.994622
3.962369
3.938856
-3.964592
-3.849565
-3.988870
3.988975
3.982033
-3.986578
3.982926
3.994308
3.987068
3.976062
-3.980348
3.980462
-3.989827
3.940854
-3.981575
3.973328
-3.994098
-3.989862
-3.975305
3.986742
-3.957540
3.969113
3.908373
3.985018
-3.987460
3.975042
3.987091
3.964170
-3.981403
3.959179
-3.988650
-3.938231
-3.977266
3.972172
3.972489
-3.978149
3.966645
3.977360
-3.990892
3.991011
3.984942
3.983009
3.985990
-3.987320
3.997166
3.990796
-3.969844
3.972747
3.950104
-3.989128
3.981067
3.989293
3.859078
3.991013
-3.969972
-3.988459
-3.978187
3.988678
3.904367
3.958217
-3.943642
-3.981343
3.957480
-3.991909
3.988641
-3.976477
3.980759
-3.990273
3.955097
3.983649
3.973618
-3.949836
3.987853
3.978323
-3.958607
-3.983599
3.979984
-3.895081
-3.985440
3.971721
3.985302
-3.976185
3.991917
3.979965
3.949559
3.988720
-3.983799
3.968932
3.975599
-3.981296
-3.960418
3.980453
-3.991338
-3.973002
3.986178
-3.981544
-3.990255
-3.961204
-3.973078
-3.986957
-3.993147
-3.988219
-3.987074
3.986421
-3.983565
-3.980397
-3.950945
3.983089
-3.969881
3.980424
-3.971833
3.992066
3.996325
3.975861
3.981770
-3.952120
3.986471
-3.977294
-3.974636
-3.996455
3.964476
3.992789
3.993100
3.993137
3.995205
-3.798653
3.990529
-3.959683
-3.988435
-3.971339
3.966319
-3.988187
3.973465
3.974855
-3.989773
-3.991144
-3.954346
3.981039
3.995306
3.981737
3.929837
3.993317
-3.953565
3.984029
-3.994673
3.982243
-3.971656
3.990536
-3.973271
-3.994950
-3.994269
3.987496
-3.977907
-3.990031
-3.986106
3.967963
-3.970927
3.991212
-3.978501
3.983218
3.987384
-3.948408
-3.986130
-3.996591
-3.972228
3.979604
3.956740
-3.980297
3.958974
-3.955524
-3.975515
3.983863
3.976901
-3.969018
3.992347
-3.991207
3.982275
3.852790
-3.985555
3.924432
-3.967657
3.959122
-3.982731
3.984773
-3.981455
-3.963669
3.974471
-3.972050
-3.988536
-3.952786
-3.986759
3.985736
-3.996084
3.984667
-3.981788
-3.966520
3.988068
-3.988153
-3.987801
3.985422
-3.993987
-3.964382
-3.986924
3.974330
3.977855
3.995288
3.996931
3.983823
3.996798
-3.969552
3.899477
3.981133
3.978262
3.979808
-3.972427
3.969063
-3.976021
3.980380
-3.985891
3.979906
-3.973847
-3.969566
-3.988301
3.961028
-3.968587
-3.989565
3.970968
-3.937728
3.987179
3.910035
-3.992291
3.974845
3.958491
-3.992997
-3.989353
-3.965567
3.974094
-3.976029
3.986732
3.971006
-3.971661
-3.988553
-3.984152
-3.973399
-3.985208
-3.993151
3.978367
3.993115
3.980707
-3.986248
-3.978576
-3.938775
3.966673
-3.947800
3.991087
3.922567
3.957880
3.990945
3.968906
3.992096
3.971583
-3.953234
3.962874
-3.966105
-3.958919
-3.966851
-3.989327
3.990677
3.965327
-3.991900
-3.987779
-3.945436
3.966093
3.984180
3.988802
-3.983030
-3.976873
-3.993466
3.992920
3.973488
-3.978726
-3.980926
-3.992681
-3.975553
3.977677
-3.934762
-3.969761
-3.986222
-3.979800
3.982127
3.953899
3.985431
3.984578
3.979160
-3.989549
-3.990723
-3.978976
-3.977917
-3.989892
-3.989089
3.975533
-3.981824
3.940229
3.954310
3.994006
-3.993065
-3.968249
3.985189
-3.990193
3.949990
3.974168
3.968483
3.992759
-3.957585
3.964317
3.994181
-3.983294
-3.977191
3.952889
-3.993136
3.983228
3.974624
3.991070
3.980004
3.979569
3.976494
-3.984423
-3.989389
-3.976887
-3.912140
-3.974870
3.993968
3.976341
-3.988166
3.991160
-3.985915
-3.951464
-3.996682
3.993979
3.995772
3.986652
3.967203
3.992037
3.951830
-3.974717
-3.980371
3.997025
3.995046
3.987930
-3.976834
3.975422
-3.981555
-3.969163
3.976569
3.590211
3.944752
3.903323
3.963571
-3.952548
3.984082
3.983768
3.991953
-3.989852
3.950674
3.993756
-3.965770
-3.986293
3.993827
-3.994943
3.993505
3.987208
-3.975886
-3.991225
3.949019
3.961904
-3.982989
-3.982410
-3.902811
3.986862
-3.974118
3.979872
-3.979542
3.988063
3.982517
-3.921812
3.953881
3.986804
-3.975397
-3.960040
-3.994706
-3.994452
3.936961
3.978038
-3.985482
3.985488
3.982678
-3.945914
3.982842
3.979509
3.968985
-3.984997
3.948012
-3.972357
3.990524
-3.992243
-3.976893
-3.984901
3.970972
-3.989396
-3.996722
3.971710
3.975618
-3.969565
3.974213
3.989430
-3.953467
-3.973878
3.964426
-3.980479
3.981791
3.973645
-3.973588
3.983255
3.977967
-3.988619
-3.985868
-3.984970
3.988787
3.969117
3.974576
-3.934063
-3.964635
3.972763
3.984138
-3.994153
-3.979027
-3.978574
3.976688
-3.920771
3.989979
3.951807
-3.968482
-3.984244
3.992831
3.996247
3.976318
-3.991147
3.981838
3.974199
-3.979887
3.977814
3.964463
3.984938
3.994516
3.984174
3.984432
3.994225
3.958088
-3.992988
3.981057
3.992297
-3.991225
-3.972206
3.993847
-3.878538
3.978044
3.980003
3.950063
3.974127
3.986459
-3.940722
3.967294
3.975121
3.996133
-3.995922
3.992113
3.986383
-3.957497
3.973894
-3.973661
-3.959997
3.981234
-3.925703
-3.987458
-3.992777
3.984338
-3.939943
-3.977442
-3.991722
3.988252
-3.974311
3.982620
3.970281
-3.988696
3.979389
-3.953830
-3.968105
3.985100
-3.987282
3.956863
-3.968685
3.970379
3.987754
-3.990932
-3.989080
-3.991734
3.922571
3.970717
3.973931
3.987139
-3.988333
3.960020
-3.978702
3.967142
-3.993831
3.959870
-3.994245
-3.964666
-3.953357
3.967442
-3.985350
-3.982183
-3.986757
3.991861
-3.990195
3.950085
-3.962065
3.992003
-3.943607
3.985135
-3.952137
3.996232
-3.969688
3.959863
-3.976834
-3.985497
3.987376
3.957706
3.991844
3.992806
3.983146
3.967918
-3.995980
3.932362
-3.986688
3.974088
-3.991340
3.984039
3.968676
-3.973843
-3.973220
-3.974721
3.990781
-3.991317
3.984618
3.960240
-3.973148
3.980399
-3.975403
3.966213
-3.968216
3.978647
3.984554
3.982866
3.976645
3.982974
3.981386
3.994831
3.993597
3.972434
-3.976932
3.991016
3.980331
3.988408
-3.970835
3.962579
-3.989127
-3.980799
-3.983574
-3.963989
3.993984
3.987436
3.985391
-3.984940
3.987374
3.994332
3.971273
3.972275
3.954768
-3.990950
3.984812
3.982457
3.980638
3.992398
-3.968698
3.976229
3.990262
3.978336
-3.892581
3.950134
-3.950106
3.976189
-3.953379
-3.981335
3.959448
3.996235
3.966997
3.969933
3.979470
3.975209
-3.964710
3.972569
-3.995030
3.988420
3.995039
-3.969082
-3.967067
3.981186
-3.982550
3.983828
3.987793
3.974701
3.980682
3.994429
-3.991588
3.994577
3.993315
3.981948
3.990471
3.992130
3.914011
3.995255
-3.973454
3.969431
3.978920
-3.977026
3.978846
3.993238
-3.984191
-3.985673
-3.972608
3.973605
3.982147
-3.960620
3.994517
-3.985154
3.984028
3.995382
-3.995100
-3.933519
-3.711017
3.992629
3.990073
-3.973464
3.987042
-3.977249
3.990859
3.975747
3.827556
3.964874
-3.992603
-3.688328
3.975600
3.951429
-3.973666
-3.983543
-3.989382
3.992978
3.994640
-3.968080
-3.981113
-3.972314
3.974467
-3.977267
3.959370
-3.972811
-3.982782
3.943085
3.983936
3.943354
3.984855
3.995377
-3.995666
3.978609
-3.968233
3.984398
-3.969142
-3.991469
3.965995
-3.981640
-3.985021
3.993496
-3.988769
-3.967544
-3.985396
-3.986605
-3.979192
3.979728
3.952287
-3.975376
3.969316
-3.994775
-3.976278
3.952786
3.982038
3.990201
-3.994250
3.973072
3.991100
3.993958
-3.988565
-3.971224
-3.990734
3.974097
-3.992281
-3.985535
-3.980100
-3.975479
3.957027
3.977648
-3.971805
-3.991059
3.984629
-3.981748
-3.973192
-3.951918
-3.984856
-3.977623
3.973360
-3.954958
-3.960842
3.958137
-3.974904
-3.992775
3.981739
-3.995782
3.996394
3.991606
3.990263
3.990530
-3.983064
3.986547
3.975419
3.978746
3.990610
3.959525
3.987982
-3.994468
3.994500
-3.980466
3.976336
-3.972816
-3.927858
3.993009
3.976595
-3.976960
-3.983353
-3.988387
-3.977621
-3.989314
3.996405
-3.989966
-3.972487
3.981907
-3.992072
-3.956961
3.938827
-3.984409
-3.950927
-3.982419
3.974244
-3.986629
-3.988222
-3.990699
3.988757
-3.995949
-3.988284
-3.992531
3.974373
-3.967167
-3.990958
-3.945178
-3.978967
3.970012
3.994781
3.980295
-3.976499
3.969269
3.979776
3.984112
3.990349
3.985910
-3.945802
3.972519
-3.929126
-3.991808
-3.975205
3.937439
-3.986289
3.944617
-3.989195
-3.994425
-3.974361
-3.982463
3.974594
-3.975647
3.993753
-3.985990
3.987360
3.983395
3.996800
3.996304
3.987698
3.994638
-3.989426
3.981872
3.987405
3.987129
-3.995915
-3.985535
-3.973844
-3.968965
3.987754
3.988037
3.913226
-3.986224
3.995284
3.992580
-3.995849
3.955280
3.979814
-3.977482
-3.992215
3.979483
3.988343
-3.964125
-3.970481
-3.995963
3.962100
-3.994973
3.971853
3.949500
3.971222
3.962702
3.995288
-3.990226
3.966895
-3.979868
3.995404
3.955806
-3.968909
-3.971740
3.986487
3.993924
3.990113
-3.964123
-3.989318
-3.985282
3.982958
-3.982502
-3.975507
3.990396
3.974318
-3.987723
-3.992296
3.994171
-3.953124
-3.991442
-3.955502
3.929634
-3.945927
-3.976617
-3.963337
-3.979255
-3.980710
-3.970369
-3.985095
-3.990203
3.991116
3.980219
-3.984112
-3.975352
-3.982647
-3.977818
-3.979789
-3.992840
-3.980778
3.993606
-3.995651
3.972396
3.980359
3.972553
-3.994980
-3.992338
-3.985006
3.944261
3.990001
3.969507
-3.966766
3.987354
-3.986340
3.978185
3.970964
-3.994366
3.975651
3.981258
3.996409
3.992065
-3.994158
-3.975239
3.978098
-3.954938
-3.984749
-3.935194
-3.970947
3.936956
-3.967667
-3.987346
3.987068
3.968646
-3.986924
-3.963604
3.994074
-3.981073
-3.988282
3.994784
3.937273
3.990080
-3.985723
-3.980297
-3.985741
3.964157
-3.972764
-3.938091
3.979814
-3.994521
3.990582
3.942890
3.991558
3.992997
-3.974983
-3.954588
3.979888
-3.980369
3.969715
3.993469
3.986122
3.990720
-3.983746
-3.971420
3.937744
-3.976946
3.968430
3.983264
3.970119
-3.987242
-3.988233
-3.975506
3.994923
3.987343
3.963190
-3.987285
-3.969103
-3.970717
-3.980944
3.978304
-3.981136
-3.980856
3.970272
-3.969983
-3.979008
3.973000
3.995555
-3.955042
-3.970598
3.958855
-3.984915
-3.986045
3.991906
-3.981365
-3.997097
3.988822
-3.980694
3.871134
-3.992826
3.986481
-3.993216
-3.991331
3.995701
3.968080
3.971512
3.995857
-3.963191
-3.984149
3.992561
-3.978359
-3.960182
3.934781
-3.960595
3.981159
-3.993185
3.990558
3.976650
3.986940
3.989243
-3.967002
3.987853
3.992034
3.981357
-3.981872
3.995935
3.981243
3.982394
-3.980253
-3.988711
3.975867
-3.958965
-3.993960
3.991633
-3.969639
3.991402
3.973164
3.991219
3.992690
-3.982217
3.952838
3.948062
3.977813
-3.987365
3.990331
3.986987
-3.973172
3.956366
-3.627366
3.970783
-3.996374
3.990387
3.985769
3.968179
-3.991189
-3.989023
-3.974771
3.953609
3.992234
3.973602
-3.983320
3.965860
3.958893
-3.952711
3.974923
3.985324
-3.974803
3.973124
-3.990449
3.953829
-3.978498
-3.978692
-3.961164
3.958168
-3.964998
-3.975329
-3.990350
3.991227
-3.977269
-3.990266
3.991898
3.989142
-3.984656
3.963837
3.960837
3.986336
3.964203
3.926573
3.996635
-3.981056
-3.991017
-3.982271
-3.993732
-3.989241
3.994412
3.973051
-3.985467
3.966945
3.974884
-3.979655
3.980995
-3.978349
3.989740
3.979802
3.981148
-3.984298
-3.992511
-3.984074
3.984722
3.984856
3.961662
3.989838
-3.972984
-3.975303
3.969230
3.964112
3.969146
-3.971921
-3.980991
-3.942142
-3.996523
3.991438
3.990949
3.980125
3.984679
-3.969515
3.987700
-3.952964
-3.973999
-3.981188
3.960621
-3.962517
3.986113
-3.991915
-3.980775
3.974107
-3.982629
3.984946
3.969295
-3.995539
-3.970966
-3.977977
-3.987498
3.985374
-3.982197
-3.984118
-3.951908
-3.985043
-3.977860
3.988880
3.982851
3.965987
-3.946746
3.981015
3.977522
-3.967989
3.965655
3.990182
3.980504
-3.968194
-3.981586
-3.994531
3.982032
3.990398
-3.970407
3.990292
-3.978293
-3.984157
-3.987733
3.992290
3.953916
-3.978800
-3.977736
3.916431
-3.976230
3.980636
-3.984286
3.974116
-3.979202
-3.993598
-3.983106
-3.974211
3.981051
-3.980301
3.981456
3.972296
-3.986468
-3.983116
3.987724
-3.994393
-3.979835
3.977396
-3.986561
-3.987532
3.973452
-3.992845
3.985668
-3.986252
3.972098
3.990248
-3.991392
-3.975968
3.991949
-3.983352
-3.951860
3.975030
-3.982636
-3.971205
-3.987116
-3.995226
-3.989989
-3.985490
-3.967230
3.969540
-3.969439
3.993610
-3.946353
3.988780
3.985255
-3.959642
-3.981900
3.960466
3.965675
3.967074
3.979809
-3.991605
3.987418
3.979213
-3.987851
-3.988700
-3.980831
-3.992485
3.984609
3.992461
-3.973743
3.937047
3.988394
-3.970763
-3.994045
3.958916
-3.972149
3.991230
-3.887429
-3.991030
-3.898701
-3.981432
-3.985563
-3.972494
3.958016
-3.983118
-3.976656
3.974691
3.981338
3.995364
3.979076
-3.982973
3.980084
3.963985
-3.983486
3.993156
-3.984278
3.952483
3.990011
-3.985074
-3.974438
3.980941
-3.994965
3.989214
-3.991157
3.991893
3.996112
3.970360
-3.969610
-3.973915
3.982825
3.352332
-3.991077
-3.976498
-3.990192
-3.981893
-3.977516
-3.993215
-3.982833
-3.994140
3.972429
3.944469
-3.957495
3.977172
-3.973808
-3.983976
-3.983392
-3.979972
3.970968
-3.910320
-3.969954
3.990912
-3.993199
3.994549
-3.931988
3.988796
3.965949
-3.821698
-3.980429
-3.973386
3.995556
-3.986312
-3.974451
3.979947
3.986240
3.977017
3.992846
-3.990769
-3.987998
-3.977209
-3.977065
-3.983301
3.973779
3.989235
-3.967435
3.986838
-3.992789
-3.989499
-3.962064
3.982746
3.967753
3.986933
-3.923969
3.978332
3.968102
3.993434
-3.991563
3.977043
-3.965267
3.967980
-3.968956
3.987706
-3.984690
-3.962381
3.952372
-3.965653
-3.985711
3.975679
3.977773
3.965787
3.986454
3.973031
-3.983297
-3.919080
-3.972870
3.978751
3.987116
3.898049
-3.956534
-3.980811
3.980276
3.977069
3.959137
3.986778
3.984899
-3.987108
3.990421
-3.981945
-3.965150
3.961743
3.983742
3.969174
-3.984525
3.972369
-3.972007
-3.972667
-3.992058
3.976080
-3.980020
-3.959457
-3.981813
3.984765
-3.971903
-3.976711
3.949374
-3.956977
-3.990879
-3.995306
-3.973366
3.961903
3.978105
3.996568
3.980834
3.985104
-3.979175
3.990804
3.974366
3.962894
-3.993055
3.952283
3.979117
3.984926
-3.982068
-3.968498
3.963157
3.974977
-3.982527
-3.985519
-3.984237
3.991577
3.993241
3.980366
3.979400
-3.981236
-3.977328
3.973136
-3.965291
-3.968224
-3.989846
3.972914
3.991009
-3.950413
-3.987693
3.977867
-3.974554
-3.974672
3.951010
3.943538
-3.987748
-3.987983
3.978189
-3.971795
3.987566
-3.970235
-3.961909
3.977074
3.944401
-3.977424
3.959593
-3.944722
3.974791
-3.991698
-3.953051
3.990406
3.995962
-3.986632
3.995783
3.995251
-3.963858
3.969673
-3.979514
-3.991413
3.936434
3.994254
-3.988723
3.984414
-3.982275
3.991778
3.976573
3.993088
-3.974550
-3.990645
-3.968684
-3.992131
-3.992693
3.949515
3.979233
3.979023
3.976323
-3.958442
3.988166
-3.965847
3.987148
-3.966204
-3.989193
-3.985279
-3.989405
3.970371
3.914060
3.985809
-3.977486
-3.989427
-3.977859
-3.928854
3.981035
-3.970136
3.962100
-3.981987
3.932625
-3.967656
-3.987111
3.987826
-3.970967
-3.946850
-3.951333
3.961074
-3.983007
-3.973953
-3.990386
-3.965058
-3.975019
-3.994712
-3.979264
3.992990
3.981132
3.977318
-3.982974
-3.984684
-3.980950
3.904015
3.992439
-3.942054
-3.993516
3.961899
3.963527
-3.959381
3.989904
-3.982086
3.955818
3.986094
-3.946236
-3.978371
-3.992684
-3.976571
-3.970648
-3.971144
3.989003
-3.962470
3.980924
3.954778
3.961790
-3.965791
-3.992450
3.971669
3.983679
3.992435
-3.962068
3.988948
-3.993016
-3.977056
3.959659
-3.986978
3.983023
-3.989970
-3.958160
-3.973338
3.982334
3.787888
3.969906
3.981556
3.981150
3.939363
3.987283
-3.972233
-3.989878
3.983252
-3.960404
-3.922369
-3.964915
3.987309
-3.919104
3.979939
3.975853
3.994710
-3.973384
3.982190
-3.974106
3.961626
-3.994769
3.963946
-3.982145
3.969493
3.988074
-3.983823
3.978566
3.931626
3.968503
-3.990391
3.936508
3.964098
-3.942392
-3.993258
-3.934236
-3.934684
3.982977
3.986484
-3.992017
3.989212
-3.922434
3.969588
-3.994677
-3.956033
3.987872
3.990055
3.992830
3.991190
-3.932554
-3.979653
-3.984978
-3.996743
3.992349
3.969560
-3.968409
3.981679
3.973341
3.992915
3.991492
-3.980154
-3.986943
-3.988490
3.988353
3.975694
-3.991492
-3.977307
3.989023
-3.982660
3.984262
-3.980030
-3.981041
3.966700
3.987250
3.944570
3.985754
-3.996802
3.991732
-3.967022
3.969959
3.988657
3.982341
3.993499
-3.991766
3.983614
-3.986171
-3.976668
3.987821
-3.994106
-3.993959
3.961708
3.963857
3.968991
-3.936227
3.993500
-3.980061
3.994038
3.973122
3.950171
-3.986349
-3.990491
-3.962242
3.978451
3.988435
-3.960946
3.989650
3.994466
-3.988225
-3.952078
-3.982863
3.992174
-3.922225
3.995105
-3.994193
-3.980134
3.991262
-3.973271
-3.994605
-3.951896
3.971983
3.970603
-3.985763
-3.956828
-3.980310
-3.986348
-3.981305
-3.967684
-3.975758
3.969270
-3.982913
3.948973
3.993596
3.986411
-3.988358
3.969211
3.990190
3.992836
3.978021
-3.984920
3.987024
3.992060
-3.936578
3.976022
3.989232
-3.984195
-3.986165
3.968110
3.977300
3.965885
3.987616
-3.981603
3.946705
3.996620
3.959606
-3.991301
3.991118
-3.957832
3.986853
3.994468
-3.990881
-3.980834
-3.995701
-3.985896
3.993759
-3.984775
3.973185
3.982469
-3.993329
-3.994939
3.974002
3.973834
3.991244
3.969030
3.955693
-3.960817
3.988361
-3.993987
3.989231
-3.984781
-3.989368
-3.976809
-3.995167
-3.991213
-3.956380
3.915602
-3.993084
3.988071
3.968729
-3.964846
3.995001
-3.974508
3.964182
-3.982611
-3.982990
-3.985130
-3.980250
-3.980222
-3.983868
-3.963927
3.994800
-3.977443
3.994143
3.994711
3.958066
3.968365
3.965864
-3.973900
3.993778
3.975144
3.983746
-3.980798
3.980142
3.973258
3.980824
3.994417
-3.975709
-3.976693
-3.974427
3.994162
3.985141
-3.996322
-3.986977
3.977756
-3.952874
3.976497
3.994987
-3.983869
-3.974942
3.996202
3.988375
-3.984151
3.989347
-3.983142
-3.986453
3.997171
-3.968944
-3.987663
3.994742
3.970844
-3.981066
3.995084
-3.939325
3.988245
3.961802
3.970733
3.966700
-3.985125
3.982910
3.990944
3.980623
3.974973
-3.984718
-3.980608
-3.993090
3.971204
-3.970261
-3.990479
3.972202
3.981914
3.985035
3.985714
3.990842
-3.982370
3.988533
-3.967507
-3.986105
-3.995929
-3.976548
-3.950835
3.994288
3.971224
3.983395
-3.968793
-3.983025
3.992609
-3.996092
3.984835
3.975988
3.966517
3.982375
3.911023
3.951811
3.995083
3.988602
3.962892
-3.973710
-3.987394
3.969815
3.993874
-3.979207
-3.965281
3.963708
-3.991996
-3.982707
3.990425
3.990195
3.986972
3.988742
-3.992828
-3.968477
-3.985096
-3.972494
-3.986222
-3.988531
-3.993151
-3.975666
-3.941481
3.969146
3.808739
3.987668
-3.981511
3.993017
-3.956209
-3.986735
3.992554
3.994485
-3.984091
3.978896
-3.961762
-3.984890
-3.988375
-3.970426
-3.990072
3.986640
-3.961271
-3.962332
-3.986375
-3.937440
3.971445
3.966366
-3.991712
-3.989986
3.981450
-3.984833
3.995703
3.986042
3.988164
3.981210
-3.993934
-3.990250
3.975139
-3.984874
3.983052
3.989584
-3.966644
-3.988521
-3.963356
-3.990506
3.988173
3.988043
3.954513
-3.994413
-3.976948
-3.982140
3.949462
-3.987324
3.976091
-3.974463
-3.986776
-3.981522
3.933989
3.973010
3.983842
-3.990422
-3.988763
-3.966416
-3.939944
-3.981872
-3.984689
-3.978869
3.974144
3.985743
3.983683
3.969431
-3.990394
3.991511
3.972749
3.989152
-3.981606
-3.991851
-3.982827
3.979936
3.960972
-3.954305
3.984774
-3.984798
-3.962506
-3.984839
3.964853
3.960271
3.976939
-3.978104
3.965613
3.971883
-3.973585
-3.977070
3.980657
-3.992631
-3.989868
-3.989208
-3.979513
3.986253
3.978849
-3.937907
-3.985497
-3.984824
3.977995
-3.979772
3.965917
3.992783
-3.990395
-3.992379
-3.980728
3.992673
-3.991097
3.989423
3.968767
3.977117
-3.960493
-3.984410
-3.978085
-3.975469
3.978341
3.978748
3.967430
-3.993965
-3.994310
-3.991324
3.993756
-3.987157
3.968996
3.588049
3.982825
-3.955155
3.983844
-3.881395
3.987018
3.976600
-3.982536
3.943072
3.989516
3.986586
3.977661
-3.959369
-3.995148
-3.947529
-3.982127
-3.960492
-3.985225
-3.995309
-3.991218
-3.973586
-3.990479
3.992190
3.985187
-3.988237
3.964219
-3.950512
3.965449
3.993012
-3.965243
3.992454
-3.990771
-3.993396
-3.983329
3.989370
-3.975923
-3.982195
3.992961
-3.978879
-3.996460
3.977777
3.985299
-3.989385
3.858186
3.989970
3.967408
3.995486
-3.980622
3.976003
3.990170
3.984176
-3.966477
-3.953679
-3.984537
3.918106
3.987309
-3.976975
-3.975954
-3.952498
-3.965675
3.971575
-3.992049
-3.972127
-3.939414
-3.993725
3.974463
-3.976308
3.974772
-3.938125
-3.985258
3.974311
3.949306
-3.993934
-3.975664
-3.958059
3.984303
-3.977514
-3.218826
3.968557
-3.993647
-3.979922
3.977148
-3.969577
3.993058
-3.987287
3.957737
-3.995892
-3.992552
-3.947678
3.984337
3.983539
3.960509
-3.975544
3.961357
3.985913
-3.981976
3.973477
3.987856
3.954255
3.993052
3.972992
-3.995791
3.993651
3.988836
3.993119
3.960201
3.947979
-3.991021
-3.994687
-3.971797
3.995409
3.982624
-3.944498
-3.992201
-3.967136
3.972041
3.989892
-3.988330
-3.977391
-3.980166
3.978525
3.987860
3.990605
-3.983994
-3.787108
-3.965128
-3.987716
-3.973267
3.977310
-3.987085
3.978952
-3.970001
3.991500
-3.980279
3.993424
-3.848157
-3.979640
-3.990356
3.987569
3.971252
3.950188
3.976426
-3.975886
-3.959629
-3.992593
-3.981168
-3.972577
-3.993517
3.995329
-3.985438
-3.969582
3.949731
-3.993519
-3.992449
-3.954807
3.985889
3.944111
3.952177
3.993686
-3.955535
-3.980509
3.976417
3.986178
-3.992012
-3.992378
3.985148
-3.989706
-3.995560
3.991492
3.980212
-3.982080
3.959925
3.964968
-3.984073
3.949892
3.969912
3.993398
-3.983058
3.990278
3.975502
-3.984806
3.985485
-3.992132
-3.039047
-3.989763
3.967892
3.917164
3.972789
3.959949
3.954747
-3.989751
3.983528
3.954164
-3.986738
-3.994432
3.990759
3.969036
3.977995
-3.960200
3.985523
-3.962134
3.993180
-3.973625
3.973866
-3.974790
-3.989811
3.956658
3.992251
-3.988344
-1.852032
3.959616
3.987969
3.973126
-3.990031
3.966275
3.983307
-3.971487
-3.971087
3.917173
3.984179
3.982179
3.987351
-3.982075
3.991976
3.992500
3.995137
-3.969763
3.979613
-3.985976
-3.974041
3.957981
-3.935133
-3.981503
3.984762
-3.994884
-3.973412
-3.988054
3.948532
-3.958086
-3.983965
-3.983657
-3.983090
3.992909
3.992537
3.949014
-3.977120
3.986258
3.987591
-3.988306
3.987150
-3.983086
-3.992759
3.979143
-3.980417
-3.968104
-3.986924
3.948948
-3.992017
-3.985371
-3.978199
3.981127
-3.995703
-3.953676
-3.993574
-3.968240
-3.982553
-3.994488
-3.981987
3.976050
3.975523
-3.968801
3.983862
3.979696
3.959120
3.987323
-3.988348
3.945392
3.994697
-3.990771
3.977161
-3.971350
-3.992526
3.974191
3.799276
-3.989538
3.980757
-3.986599
3.983552
-3.990916
-3.984585
3.962740
-3.977019
3.891150
-3.981501
3.975389
3.995683
3.986273
3.979614
-3.986859
-3.989410
3.982242
-3.990046
-3.971180
-3.977834
3.985955
-3.857522
3.991142
3.968384
-3.962451
3.974648
-3.963937
-3.985100
3.992056
3.991614
-3.958306
-3.955736
-3.987698
-3.985768
3.975597
3.975292
-3.963131
-3.925681
3.977464
-3.972722
-3.990611
3.981506
-3.960920
-3.990931
-3.971116
3.839237
-3.940784
3.978314
3.974172
-3.970823
3.983023
3.988126
-3.945385
-3.984329
3.989486
-3.979320
-3.935116
-3.990231
3.987180
3.995200
-3.952307
3.981453
3.963829
3.984278
-3.992718
3.990590
3.950829
-3.990415
3.982934
3.954133
3.990436
3.995228
-3.984725
-3.971144
-3.961449
3.955985
3.947876
3.985499
-3.972723
-3.947231
3.992947
-3.971308
-3.972860
3.988348
3.983341
-3.994079
-3.943891
-3.982676
-3.991652
-3.972877
3.978355
3.994886
-3.983510
-3.995656
3.995595
-3.986158
-3.966111
-3.987400
3.989394
3.985922
-3.969686
-3.975519
-3.971852
-3.965426
3.993247
-3.971041
3.987816
-3.970202
-3.987347
3.973235
-3.982475
-3.990445
-3.979726
3.982350
3.982714
-3.982702
-3.985457
-3.985568
-3.610536
-3.973787
3.993568
3.936979
3.977296
3.962134
3.944855
-3.987995
3.957438
3.984072
-3.967755
3.960784
3.979684
3.988098
-3.976675
3.963014
3.967447
-3.991277
3.949949
3.951151
-3.971033
-3.984037
3.981699
-3.994124
3.990938
3.990562
3.982427
3.987582
3.988776
-3.978538
3.981608
3.987996
-3.990073
-3.991787
-3.990891
3.981773
-3.984132
3.944014
-3.995283
3.973632
-3.988138
-3.984993
-3.996887
3.964566
-3.993631
3.981936
-3.970717
-3.993004
3.981865
-3.987175
3.993165
-3.976942
-3.979570
3.957840
3.996714
3.972385
-3.982391
-3.974022
3.980609
3.989255
-3.975541
3.975297
-3.994930
3.982106
3.983158
-3.973465
3.980108
3.934372
3.896792
3.995565
3.982656
3.970667
3.992258
3.941111
3.980314
3.898256
3.976173
-3.974650
3.985350
-3.971778
-3.981394
3.954070
3.982201
-3.983484
-3.973386
3.976387
3.932570
3.989583
-3.970324
-3.996023
3.984346
-3.977975
3.992464
3.914023
3.987906
-3.970812
3.898153
3.976391
-3.924581
-3.972988
-3.987442
3.970152
-3.992250
3.984678
3.989423
3.995752
-3.979938
3.982296
3.992211
-3.992616
-3.982601
3.995173
3.972001
3.989726
-3.969862
-3.994874
3.993121
3.974050
3.977572
3.984917
-3.976970
3.981199
3.980889
3.958352
3.957734
-3.973564
3.969400
3.983491
-3.984091
3.936387
-3.976310
3.996559
-3.949179
-3.980446
-3.978105
3.966528
-3.987950
3.973722
3.986048
3.981329
3.980471
-3.961677
3.967798
3.978772
-3.984248
-3.962265
-3.982515
-3.946371
3.988827
-3.995868
3.977834
-3.987542
-3.986241
-3.981017
-3.990980
-3.971597
3.996737
-3.992207
3.967256
3.987722
3.989494
-3.986134
-3.988863
-3.977093
-3.993797
3.905678
3.960738
-3.993314
3.921029
3.955672
3.964712
3.968224
-3.976617
3.984765
3.993283
-3.989447
-3.968829
-3.982180
-3.992884
-3.969437
3.930788
3.995091
-3.937723
-3.974571
3.991073
3.938467
3.990718
3.950185
-3.988683
-3.994097
-3.960387
3.992165
3.968312
-3.991926
-3.972394
-3.973940
3.994455
-3.995068
3.951348
3.991816
-3.973882
-3.978259
-3.988430
-3.986358
3.982628
3.950983
3.987724
3.943538
3.991641
-3.990377
3.993183
-3.990526
3.986393
-3.994637
3.985013
-3.945601
3.989642
-3.973647
-3.987734
-3.984856
-3.991156
3.995950
-3.991040
-3.987520
-3.985738
-3.982946
3.984683
-3.968928
3.989234
-3.988779
3.991450
3.923194
3.984392
-3.989638
-3.952141
3.966674
-3.973625
3.970556
3.932339
3.980554
-3.990401
3.961743
-3.988349
3.971314
-3.986079
-3.989143
-3.988354
3.996831
-3.992325
3.969433
3.985911
3.969020
3.967980
3.996471
3.983379
-3.995564
3.988531
3.988883
-3.955816
3.958722
-3.987612
-3.981631
-3.980874
3.987522
-3.996697
-3.977021
3.977329
3.980071
-3.986353
-3.975426
3.984443
3.948890
3.976847
-3.827122
-3.962452
3.936778
3.974581
3.964867
3.990115
-3.952929
3.980797
3.980130
-3.989528
3.992857
3.984222
3.974960
3.995550
-3.984882
3.972517
3.980414
-3.969404
3.899134
-3.968043
-3.672829
3.953543
-3.940590
-3.984932
3.980079
-3.983571
3.989067
3.976725
3.952905
-3.976540
3.980050
-3.990842
3.974901
-3.966752
-3.970483
3.977831
-3.986334
-3.994180
3.989121
-3.984960
-3.952758
3.983658
3.983152
3.953379
3.989316
-3.991545
3.975175
3.966650
-3.978209
-3.980053
3.991442
3.994628
-3.965647
3.988215
-3.978359
-3.939780
3.982989
3.988114
3.975658
3.990628
-3.973597
-3.944483
3.981156
-3.991438
3.993574
3.956453
3.991006
-3.971636
3.979733
-3.959360
3.985142
3.974695
-3.989405
3.962700
3.980885
-3.995384
-3.995265
-3.980086
-3.994298
3.994189
3.989918
3.991561
3.931594
3.965155
3.978992
-3.991505
3.968796
3.958400
3.989469
3.957034
3.957547
-3.971904
-3.981234
-3.939386
3.975467
-3.979125
3.974579
-3.984312
-3.979526
-3.984440
-3.990792
3.986925
-3.813970
-3.977209
-3.932700
3.965617
3.973435
-3.986220
3.990986
3.963208
3.983656
3.988310
-3.977448
-3.975019
-3.977977
3.974595
3.975506
3.953395
-3.964772
-3.980767
3.879564
3.936927
3.974324
-3.982115
-3.966272
-3.972957
3.986158
-3.969500
3.977093
3.987655
3.983200
-3.972865
-3.985751
3.961138
-3.970305
3.974963
3.985407
-3.968523
-3.967101
-3.976104
3.973185
3.974271
3.985269
3.937369
-3.981754
3.991931
3.959299
3.992504
3.988291
3.960889
3.985751
-3.986972
3.882180
3.961682
3.983806
-3.991238
3.987351
-3.960385
-3.991376
-3.990593
-3.974403
3.994339
-3.979060
-3.963599
-3.983307
3.989386
3.929690
3.986334
-3.968730
3.978607
-3.978156
-3.970586
3.975126
-3.994455
3.988510
-3.988156
-3.983376
-3.939587
-3.986050
-3.985134
-3.970204
-3.978038
3.995495
3.971710
-3.949390
-3.983269
3.967677
-3.989835
3.966153
3.960047
3.993975
-3.985175
-3.928811
3.965510
-3.994278
3.968706
-3.992475
3.981244
3.945872
3.956493
3.983472
-3.974316
-3.969022
3.984087
-3.960399
-3.992706
-3.984904
-3.992863
3.978742
3.975205
3.996637
3.976448
3.983732
3.975626
-3.971326
3.990145
3.984015
3.990117
3.988624
-3.989313
3.986093
-3.984221
3.965777
-3.954168
3.995858
-3.981101
-3.960892
3.971201
3.988639
3.991985
-3.987398
3.976555
-3.991852
3.982574
-3.980465
-3.970561
3.988871
3.988834
3.990377
3.967250
3.994418
3.996212
-3.939327
-3.921803
3.982147
-3.972654
-3.960522
3.978552
-3.974543
3.985911
3.974971
3.994294
-3.992351
-3.987000
3.974216
3.979935
3.977268
3.990343
-3.979179
3.968899
-3.985408
3.994924
-3.987716
3.965560
-3.985756
-3.972106
3.937704
3.983983
3.990281
-3.983252
3.952943
3.972695
-3.979619
3.947638
-3.980965
-3.962505
3.980234
3.953997
3.992068
-3.981020
-3.979186
3.985416
-3.991439
3.977521
-3.944714
3.971090
3.984519
3.983877
-3.975323
3.978450
-3.978042
3.958582
3.987819
-3.984800
3.982701
3.986929
3.990190
-3.988675
3.963698
3.993054
-3.865897
3.990488
-3.973948
3.955377
3.962567
3.987046
-3.970314
3.977722
-3.982442
3.981160
-3.949143
-3.989127
3.966028
3.984229
3.966070
3.947600
-3.990102
3.934090
-3.993507
3.959532
3.962350
3.991983
3.963420
-3.987889
-3.971111
3.973350
3.986572
-3.974614
3.987664
-3.990800
3.994199
-3.951394
3.992950
-3.984571
-3.958122
3.990099
3.976233
-3.984166
3.993711
3.985685
-3.941064
3.986811
-3.973945
3.990374
3.991069
3.996871
-3.961089
-3.975897
-3.990133
3.979967
-3.982809
3.991463
3.980365
-3.871919
-3.989613
3.864936
3.969281
3.960215
3.992461
3.977013
3.984341
3.975695
-3.986416
-3.982586
3.965293
-3.945655
-3.979703
-3.977220
3.981541
-3.977375
-3.992696
-3.986998
3.991348
3.975497
-3.951039
-3.994805
3.983916
3.994524
3.956546
-3.962909
3.944508
3.989745
3.984479
3.991838
-3.969469
-3.982228
-3.951610
3.976379
3.947335
-3.983598
-3.977268
-3.979739
-3.985313
-3.947907
3.977294
-3.990182
-3.989746
3.962158
-3.983899
-3.979600
3.986781
3.981352
-3.989030
3.984740
-3.973142
3.981305
-3.962829
-3.984529
-3.913182
3.966833
-3.955681
3.967639
3.993449
-3.976769
3.983164
-3.970518
3.983668
-3.943355
3.922661
3.992031
-3.992841
-3.978165
3.990911
3.984770
-3.943889
3.967953
3.981647
-3.987478
-3.981635
-3.976909
-3.988537
-3.982459
-3.994080
-3.966430
3.979484
3.975894
-3.979866
-3.972345
3.952236
-3.991485
-3.994965
3.993068
-3.980733
-3.980951
3.961677
-3.978003
3.993961
-3.854265
-3.982877
3.981955
3.968798
3.958363
3.991728
3.983944
-3.985525
3.997132
3.990923
-3.978578
3.993740
3.992664
-3.970701
-3.976341
3.974174
3.983157
3.983484
-3.974050
-3.945955
3.970922
-3.988818
3.987208
3.989558
-3.967793
-3.990098
-3.974309
-3.995223
-3.958801
3.971673
3.939596
3.979953
-3.993787
3.955461
3.988342
-3.995271
3.974940
3.976104
-3.995338
-3.972845
-3.972663
3.986676
3.981641
3.995786
3.988827
3.992498
3.991114
3.990979
-3.965531
3.968933
-3.980598
-3.965678
-3.970567
-3.976397
3.993307
3.957161
-3.978117
-3.990547
3.916362
3.995088
-3.941311
-3.987814
-3.986770
-3.988864
-3.978180
3.964188
3.992578
3.989727
3.983183
-3.996934
3.960838
-3.982147
3.970924
-3.975803
-3.987984
3.976876
3.899221
-3.992074
-3.985102
3.988995
3.984757
-3.981113
3.985833
-3.989141
-3.810081
-3.990121
-3.974450
-3.943360
3.993138
-3.989496
-3.974125
3.950218
3.981540
-3.979380
-3.973455
3.993797
-3.977544
-3.956638
3.945263
-3.983817
3.984876
-3.983513
-3.986478
-3.971764
3.984043
3.964627
-3.939503
3.995915
-3.988713
-3.971194
-3.992640
-3.994124
-3.966376
3.996023
3.995775
-3.986637
-3.973808
3.959817
3.972112
-3.960097
-3.990856
-3.985939
-3.989525
3.898050
-3.976726
3.971273
3.953995
3.950798
-3.983972
-3.956685
3.973718
-3.982256
