4.000000	2.000000	50	0.100000	ARCHIVOS_REDES\ER\ER_664.txt
-0.001382	3.973745
3.988062
3.989527
3.989043
3.960622
-3.991192
-3.985713
-3.973285
3.961258
-3.978904
-3.982572
3.991438
3.980524
3.971322
-3.981307
-3.952910
-3.985975
3.996105
3.962366
3.991012
3.987090
3.984287
3.978619
3.991257
3.992952
-3.988283
3.964919
-3.972754
-3.978147
3.981359
3.972322
3.973444
3.972894
3.994872
3.943664
-3.976515
3.978858
-3.984718
-3.981517
3.958764
-3.974048
3.870410
-3.968970
-3.990964
-3.985023
3.963917
3.951370
-3.979735
-3.937921
-3.982186
-3.990379
-3.987995
3.979450
3.984729
-3.980377
3.956524
3.994027
3.993167
3.992297
-3.990438
3.954720
3.995556
-3.973254
-3.966128
-3.970231
-3.956951
3.986447
3.990323
-3.974229
-3.993070
-3.976806
3.978937
-3.983208
3.980554
3.979775
-3.983946
3.988925
3.972649
-3.984060
3.952425
-3.962969
-3.989244
3.966966
-3.974058
-3.979303
3.974300
3.976041
-3.918582
3.970504
-3.965553
3.968552
3.962198
-3.982173
3.978095
-3.985841
-3.996321
3.996368
3.973475
-3.977802
3.991895
-3.993613
3.989730
-3.991929
-3.991822
-3.972620
-3.989437
3.982431
3.967474
-3.966863
-3.990285
3.989924
3.976361
3.968025
-3.981468
3.985408
-3.482170
3.980426
3.973388
3.995244
3.975456
3.982602
3.986277
-3.976739
-3.952594
3.992762
3.972479
3.981812
3.976030
3.979797
-3.992381
3.974343
-3.982421
-3.984389
-3.977949
-3.947852
3.973618
-3.991789
-3.987485
3.982593
3.950247
-3.985747
-3.988656
3.995929
3.943795
-3.979779
3.962372
3.971594
3.969371
3.959322
-3.985898
-3.979982
-3.990868
-3.989553
3.978066
-3.977599
3.979269
3.974066
3.960546
-3.981484
-3.980208
-3.982670
-3.984761
3.992202
3.975048
3.976906
-3.962626
-3.969667
-3.996947
3.985608
3.952535
3.981370
3.952918
-3.989384
-3.989437
3.987563
-3.989202
-3.988506
-3.979340
3.960151
-3.983136
-3.991037
3.969645
3.958999
-3.972367
3.980265
-3.948945
-3.986121
3.973731
-3.969706
-3.973908
-3.964412
-3.964083
-3.990578
-3.968791
3.983884
3.980955
-3.985479
3.994329
3.961601
-3.948780
-3.993073
3.997055
3.972266
-3.987923
3.992526
-3.973993
3.978318
-3.990485
3.993223
3.977339
-3.993592
3.983719
-3.983511
-3.959140
3.950546
3.994431
3.984507
3.989198
3.986180
3.970924
3.957124
3.985330
3.995400
-3.968405
-3.981395
-3.982021
-3.978043
3.984057
3.986801
-3.977302
3.958619
3.990482
3.977887
-3.967829
3.978521
3.992118
3.986249
-3.985404
3.980250
3.967109
-3.948277
-3.990292
3.968898
3.965052
3.971425
-3.979651
-3.991857
-3.942226
3.966438
3.996529
3.989395
3.967388
-3.987878
3.985219
-3.954731
-3.916858
-3.929291
-3.987184
-3.964927
3.995973
3.969635
3.982440
-3.983907
-3.912713
-3.960998
-3.967220
-3.958718
-3.967647
3.982303
-3.993260
3.982946
-3.918521
3.995619
3.976845
-3.922541
3.966528
-3.965851
3.967468
3.986103
3.979636
3.973632
3.983083
3.987975
-3.971176
-3.988998
-3.978796
-3.919791
-3.941723
-3.990479
3.995480
-3.965462
-3.985781
-3.985889
-3.967289
3.967498
3.978926
3.743023
-3.996748
3.994137
3.992036
3.924210
-3.973902
3.940156
-3.979653
3.960829
3.996433
-3.986380
3.964967
3.968300
3.990056
-3.979528
3.972594
3.936888
3.950821
-3.984822
3.977606
3.982855
-3.984749
-3.982609
-3.969216
-3.971203
3.983463
-3.971677
-3.993485
3.960343
-3.969938
-3.994345
-3.987194
-3.984178
3.988206
3.976557
-3.975529
-3.992212
3.960610
3.991851
3.949413
3.970414
-3.982576
-3.973943
-3.985566
3.970393
3.986302
-3.972996
-3.957350
-3.990568
-3.988562
-3.974158
3.986399
-3.983365
3.960762
-3.977308
3.921177
3.980461
-3.990654
3.983144
-3.996640
3.977765
-3.975899
-3.991578
3.768437
3.974017
-3.993596
-3.978884
-3.955148
3.959979
-3.987993
-3.977595
-3.984421
3.973824
3.984735
3.970115
-3.957011
3.985459
3.994943
-3.715223
3.953600
-3.980033
-3.993539
3.875479
-3.994294
-3.975511
-3.979323
3.983973
-3.971256
3.987515
3.983459
3.974867
-3.975292
-3.979248
-3.996088
-3.993396
-3.973435
-3.906985
-3.951451
-3.986645
3.987777
3.950855
3.975954
-3.983166
-3.969031
-3.973158
-3.990773
-3.950757
3.995230
3.992962
3.991097
3.982668
-3.988604
-3.989808
-3.988406
3.993264
-3.978292
-3.962783
-3.977846
-3.994049
3.958299
-3.965145
3.989769
-3.952392
-3.988497
-3.975217
-3.994488
-3.985735
-3.986076
-3.967316
3.986831
3.991307
3.987801
-3.990348
3.972465
-3.979796
3.979547
3.975697
3.986006
-3.992347
-3.972700
3.965227
3.972591
-3.987106
3.988305
3.996209
3.993969
-3.937068
3.995697
-3.969691
3.994294
3.985530
-3.973000
-3.973055
3.990692
3.987904
-3.992937
3.986027
-3.991197
3.972752
3.982147
-3.984719
-3.974191
3.940753
3.965318
-3.971779
3.971193
3.990153
3.981411
-3.950281
-3.989690
3.994935
-3.969288
3.988289
3.864064
3.983727
3.975108
-3.984974
-3.970820
3.983811
-3.996543
-3.980958
-3.988093
-3.983372
-3.979558
3.988110
3.992496
-3.971580
3.974670
-3.990490
3.994784
-3.971897
-3.990812
3.993869
-3.991200
3.954399
3.985902
3.959012
-3.917817
3.981970
3.971317
-3.988885
3.949213
-3.993472
3.968513
3.967689
-3.965757
3.975978
3.987295
-3.971629
-3.989073
3.995799
3.960031
-3.983416
-3.983761
-3.994276
3.989441
-3.995919
-3.967854
-3.967848
3.968400
-3.946002
-3.975701
-3.932868
3.975208
3.980757
3.988425
3.446104
3.968679
-3.985716
-3.985130
3.987038
3.946440
3.973589
-3.977739
3.980224
-3.993423
-3.950907
-3.986344
3.974363
3.988694
-3.980859
-3.987901
-3.974146
3.976399
-3.971136
3.993965
-3.987794
-3.990833
-3.974094
-3.959136
-3.992058
3.978587
3.980488
-3.989650
3.979509
-3.995894
3.987579
-3.992634
-3.978869
-3.992881
3.994654
-3.987770
3.890220
-3.978003
3.978115
-3.977757
3.971861
3.994313
-3.967025
3.966434
3.971120
-3.945862
3.981984
3.989934
-3.975156
-3.986650
-3.972872
3.987790
-3.989301
-3.983844
-3.982881
3.977572
3.955642
3.995374
-3.980139
3.996916
-3.995457
-3.987587
3.987095
-3.949623
-3.992993
3.949195
-3.971448
3.985090
3.990184
-3.948999
3.991552
-3.983006
-3.996443
-3.989060
-3.977166
-3.971327
-3.983470
3.974841
3.986022
3.978905
3.988969
3.979329
3.829955
-3.990761
3.968732
3.980802
3.964942
-3.985450
3.928242
-3.985284
-3.978268
3.992404
3.991385
-3.983531
-3.984127
3.963303
-3.994659
-3.992331
3.979685
3.987902
3.995944
3.978964
3.996455
3.995425
-3.977834
3.993355
3.972404
3.968161
-3.986509
-3.983590
3.972030
-3.985921
-3.991042
3.989205
3.989864
3.988868
3.996430
-3.960668
-3.992262
3.979638
-3.991925
3.986701
3.964265
3.983157
-3.996487
3.983032
3.987596
-3.985093
3.971097
-3.971028
3.979514
-3.990904
3.980753
3.993238
3.992495
3.993808
3.971008
-3.996156
-3.963778
3.992793
-3.994369
-3.978143
3.979874
3.890226
3.987397
3.973146
-3.992671
-3.945916
3.975298
-3.977521
3.986489
-3.976212
3.948483
-3.972800
3.965838
-3.963805
3.987444
3.966754
3.973910
3.987439
3.993133
-3.985689
3.987997
-3.973811
-3.995191
-3.991459
3.984715
-3.989507
-3.984801
-3.967902
3.960106
-3.891309
-3.990036
-3.983505
-3.968771
-3.947108
-3.991543
-3.995659
-3.967310
-3.982226
-3.966939
3.984684
-3.992512
3.990213
-3.991808
-3.993460
3.959407
3.986604
3.979604
-3.924940
3.973268
-3.957659
-3.995456
3.987158
-3.976423
3.940378
3.973526
-3.986722
3.987770
-3.995213
3.983866
-3.989729
-3.966320
-3.979494
3.991027
-3.940076
3.948034
-3.991360
-3.972734
3.988262
3.986799
3.950293
-3.966030
3.973774
-3.995425
3.967591
3.990410
3.955215
3.982912
-3.993346
-3.990216
-3.976286
-3.989855
3.965650
3.979213
-3.880271
3.991426
-3.983307
-3.994211
-3.970812
3.938296
3.975189
3.975038
3.987979
-3.987208
-3.981644
3.962120
-3.983553
3.979823
-3.971622
3.970967
3.975594
-3.991382
3.983659
3.980072
3.972555
-3.984095
-3.986173
3.991888
-3.981043
-3.992782
-3.993292
-3.989852
-3.983066
-3.803859
-3.952490
-3.995807
3.992032
-3.996754
3.968752
-3.996831
-3.963157
-3.977521
-3.856524
-3.977652
-3.995025
-3.980202
-3.985490
-3.971450
-3.980494
-3.993675
3.972998
-3.990928
3.981382
-3.978271
-3.982407
3.993023
-3.990954
-3.979796
-3.989238
-3.959999
3.952234
-3.968912
3.988532
3.989044
-3.975466
-3.977661
-3.983520
3.911878
-3.993947
3.984593
3.958053
3.992484
3.997122
-3.990132
3.987124
3.987424
-3.994288
-3.966027
3.626875
-3.980459
3.987806
3.979638
3.929047
3.968054
-3.985783
-3.958611
3.958989
-3.994646
-3.970702
-3.993765
-3.991237
-3.985944
3.907540
3.955616
3.945101
-3.974205
3.977214
-3.977995
3.813009
-3.987900
-3.980127
3.995281
3.978021
-3.987869
-3.979907
3.933497
-3.992788
3.949544
3.991158
3.966727
-3.993969
-3.978870
-3.993872
3.987987
3.978410
-3.990373
3.994108
-3.984118
3.995605
3.987823
-3.982327
-3.968524
3.963075
-3.981514
-3.989430
3.986385
-3.983329
3.971907
3.988083
-3.981234
-3.978664
-3.984808
3.991747
3.996745
3.985313
3.996581
3.978790
3.984280
-3.952588
-3.982334
-3.965419
-3.959790
-3.991985
-3.972562
-3.981543
-3.989567
3.986015
-3.979342
3.974008
3.981408
-3.986489
-3.985209
3.985670
3.967594
-3.914712
-3.989989
-3.985388
-3.973428
-3.993708
-3.974256
-3.951053
3.897904
-3.952623
-3.969741
3.984544
3.989777
-3.989408
3.970455
3.994779
-3.994049
3.962213
-3.983794
-3.977750
-3.965424
3.975917
-3.983136
-3.975131
3.994346
-3.966348
-3.997201
3.978154
3.996937
3.971015
3.975140
3.957322
3.979947
-3.981704
3.980259
-3.986763
3.970228
-3.980920
-3.973095
3.980139
3.961341
-3.970856
3.980385
-3.979368
3.962267
-3.989094
-3.988513
3.994482
3.972714
3.993795
3.992099
-3.940824
-3.977657
-3.988462
3.957665
-3.962458
-3.986356
3.967403
3.971298
-3.970480
-3.936939
3.992057
3.979306
3.963566
-3.977995
3.988869
-3.977099
-3.968683
-3.955177
3.986386
-3.974122
3.979485
-3.893251
-3.991516
-3.983040
3.962916
-3.986982
3.961773
-3.939738
-3.995219
-3.994458
3.987888
3.967091
-3.802584
-3.990878
-3.931483
3.994975
-3.993447
3.980215
-3.916587
3.988604
3.982598
-3.964300
3.973794
3.990603
-3.980317
3.992013
3.986193
3.980470
3.977552
3.992722
-3.980675
3.988004
-3.981301
-3.977738
3.981255
-3.974788
-3.990892
3.991876
3.983621
3.979162
3.966146
3.979603
-3.977540
-3.963283
3.995065
3.987557
-3.984805
3.940512
3.985512
3.970872
-3.962167
3.988606
-3.683919
3.986088
-3.973461
3.942581
3.976944
-3.982183
-3.989252
-3.996344
3.980196
3.963736
3.973527
-3.983129
-3.995751
3.975271
3.947678
3.972735
-3.988833
-3.970683
3.993860
3.973442
3.969250
-3.988266
3.994155
-3.965458
-3.988634
3.993950
-3.981061
-3.992607
3.973864
-3.992721
-3.992850
-3.982054
-3.981907
-3.994560
3.982023
3.992108
-3.986931
-3.979848
-3.950069
3.971534
-3.979633
-3.965042
-3.978411
3.994663
-3.984351
-3.982235
-3.993867
3.981966
3.968860
-3.992696
-3.988556
3.980460
3.995105
3.972308
-3.990894
3.981910
3.937396
3.978759
-3.982278
-3.960071
-3.980603
3.957755
-3.980798
3.993564
-3.973760
-3.979890
3.984450
-3.985712
3.952249
3.992896
3.985634
3.984924
-3.988826
3.961176
3.953624
-3.959346
-3.979153
3.979434
3.990438
-3.993954
-3.976575
3.989738
3.974849
3.985059
-3.983738
3.964482
-3.981167
-3.990107
-3.983700
3.952957
-3.949531
-3.956349
3.985311
3.953269
3.981404
-3.977840
3.994945
-3.953748
3.988243
-3.944320
3.981287
3.969000
3.987376
3.969596
3.947424
-3.968777
3.991644
-3.976579
3.995707
3.992701
3.992400
3.992793
3.982700
-3.957879
3.973581
3.952826
3.994522
-3.987769
3.992954
3.822368
-3.942594
-3.984959
-3.990434
-3.991329
-3.975832
3.982547
3.951951
-3.988661
3.995234
-3.986349
3.984606
3.975466
-3.983473
-3.965661
3.977903
3.979527
-3.991274
-3.963449
3.964507
-3.980808
-3.985457
-3.995744
3.958117
-3.913536
-3.985566
-3.975415
-3.973044
3.997095
-3.990358
3.989115
3.995013
-3.974965
3.961954
3.972045
3.983764
3.875359
3.976419
-3.990612
3.970299
3.976015
-3.992395
-3.974874
-3.972040
3.983514
-3.975060
-3.991361
-3.983952
3.980760
-3.994397
-3.963121
3.996901
-3.987419
-3.980394
-3.967839
3.976635
3.993920
3.984646
-3.981330
-3.983576
3.983346
3.993288
-3.976190
3.986672
3.971105
-3.958872
3.990464
3.985453
-3.892881
3.977590
-3.973385
3.993535
-3.975858
3.983885
3.985776
3.961127
3.954976
-3.987157
-3.985251
3.957715
3.986474
3.982256
-3.988543
3.977862
3.968439
3.981953
3.979223
3.985526
-3.978636
-3.976988
3.993059
-3.951698
-3.991849
3.990883
-3.984467
3.965147
3.582630
-3.984718
3.994416
3.972415
-3.989208
3.991943
-3.996302
-3.962244
-3.978401
-3.979660
-3.986718
3.994838
3.972111
3.966457
3.956973
-3.981266
-3.991687
-3.884446
3.981620
-3.993263
3.976075
-3.964195
3.978589
3.995678
3.970566
3.955396
3.973560
3.965254
-3.993563
3.983932
3.903601
3.978814
3.976005
3.973992
3.945096
3.990937
-3.994618
-3.986930
-3.985112
-3.990174
3.989239
3.980783
3.957242
3.970487
3.973975
-3.976499
-3.981932
3.990813
3.973877
-3.960250
-3.989336
3.977665
3.996123
3.963622
-3.986020
3.983365
3.971525
3.987179
3.895882
3.985144
3.983663
3.974419
-3.982486
-3.983446
-3.985427
3.976720
3.974163
-3.996739
3.991604
3.987029
-3.959082
-3.991662
3.992059
3.989277
3.971948
-3.963305
-3.981938
3.991361
-3.977909
-3.987737
-3.992995
3.969014
3.993447
-3.989570
-3.986277
-3.967749
-3.981428
-3.985443
-3.985250
-3.970754
3.994156
3.930349
-3.983520
3.984976
3.977377
3.981974
3.975688
3.979740
-3.961298
3.956168
-3.980619
-3.971236
-3.972562
3.968100
3.957506
-3.971699
3.991031
-3.972927
3.977035
-3.978792
-3.991077
-3.962841
3.978103
-3.933442
-3.977197
3.968760
3.986363
3.951467
-3.986233
3.990695
3.987335
-3.980635
-3.976656
3.945111
-3.985195
3.996144
-3.989566
-3.963539
3.985698
3.937524
-3.990343
-3.991473
3.975825
3.982120
3.986166
-3.944551
3.945415
-3.524752
-3.966625
-3.979692
-3.973920
3.988957
-3.993232
3.973668
3.870767
3.973700
-3.983241
3.965374
-3.982759
-3.977164
-3.980847
-3.995495
-3.971784
-3.985702
-3.971971
3.982299
3.968261
3.992882
-3.985078
3.993484
-3.987610
-3.987510
-3.987644
-3.979155
-3.955837
3.991714
3.975632
-3.987765
3.987583
-3.942856
3.996220
-3.979226
3.948678
-3.993469
3.986671
-3.990512
-3.974579
-3.985815
-3.988510
3.985647
3.988764
-3.942731
-3.991856
-3.983324
3.992541
3.982182
3.992587
-3.960516
3.995837
-3.993868
3.953353
-3.975225
-3.983488
-3.976569
-3.968649
3.979586
3.987343
-3.978335
-3.995409
3.971316
3.988059
-3.977656
3.993723
-3.969585
-3.981368
3.983411
-3.991147
3.987564
3.986480
-3.981612
-3.975606
-3.968440
3.973991
3.991412
-3.982122
3.976223
-3.981379
-3.982892
-3.992601
3.972048
-3.994594
3.973501
3.993642
-3.957648
-3.985239
3.994235
-3.974568
-3.976046
-3.981857
3.968259
-3.987799
-3.979886
-3.968057
3.977297
-3.961960
3.975048
3.978879
-3.990538
3.989716
-3.974123
3.974446
3.973996
3.954790
3.994081
3.892503
-3.974929
3.976339
-3.982318
-3.973832
3.984545
3.980334
3.994809
-3.980730
-3.961996
3.942153
3.884959
3.967214
3.987842
-3.987345
3.962396
3.949955
3.983699
3.964574
-3.987485
3.989105
-3.985720
-3.980421
-3.985813
3.975291
3.950688
-3.984760
3.957753
-3.995406
3.989334
-3.977937
-3.985869
3.975388
3.978574
-3.976990
-3.983646
3.979964
-3.972776
-3.953193
-3.988516
-3.996150
3.968415
-3.978449
-3.984447
-3.978073
3.923411
3.970290
-3.988537
3.984414
3.941290
3.977972
3.983974
3.982376
3.981790
-3.973454
-3.988045
-3.984581
-3.975824
-3.980323
-3.990452
3.966968
-3.978290
3.988841
3.990591
-3.960743
3.910183
-3.976771
3.991193
-3.990419
3.966456
-3.959254
3.981883
3.973197
-3.978187
3.982114
3.993145
3.980583
3.986556
-3.972664
-3.981516
3.996463
3.982440
-3.978046
-3.982388
-3.985798
-3.986972
-3.982273
3.960641
3.989848
3.993186
3.965385
3.990766
-3.963922
-3.988148
3.994467
3.987857
3.977482
-3.916350
-3.995430
-3.979712
3.990256
3.995964
3.962102
3.946927
-3.977743
-3.983427
-3.978622
-3.914479
3.962013
3.959047
-3.967122
3.980777
3.981965
3.990307
-3.939462
-3.990105
3.976112
3.977250
-3.966116
3.985778
3.970211
-3.972971
3.967639
3.978753
3.995202
-3.979647
-3.992208
3.982255
-3.988706
-3.983659
3.988260
3.991901
3.972476
3.980424
-3.980919
-3.986075
-3.982908
-3.921429
-3.972081
-3.982323
3.990621
3.989045
3.970230
3.981629
-3.982872
-3.967708
3.988095
3.933697
3.993359
-3.992382
-3.987321
3.996207
3.978825
-3.987452
-3.993667
3.968366
-3.996467
-3.956352
-3.970475
3.987043
-3.861180
-3.976160
-3.964623
-3.986009
3.943342
3.988301
3.985382
-3.965443
-3.971069
-3.959958
-3.994956
-3.988408
-3.972550
3.961085
3.955579
-3.981717
3.973317
3.984473
3.994266
-3.989151
-3.969334
3.987104
3.934512
-3.970504
3.985502
-3.989970
3.986563
-3.984958
3.988775
-3.991597
3.973655
3.972738
-3.981879
-3.986889
3.585107
-3.992438
3.995941
-3.986509
3.989310
-3.985968
3.978616
-3.870595
-3.991640
3.969500
3.993828
-3.987048
3.992388
-3.965969
3.977084
3.961639
-3.994953
-3.991456
3.983280
-3.992033
-3.969943
-3.979608
-3.982078
-3.978431
3.991322
3.986709
-3.989847
3.953768
-3.967977
-3.988948
-3.993708
-3.986266
-3.984847
-3.995075
3.988175
-3.969632
-3.985490
3.983772
-3.993229
3.973290
3.971062
-3.964827
3.992467
3.976562
3.989826
-3.982456
3.781085
3.954876
3.973946
-3.983451
3.996921
3.988003
-3.947368
-3.986162
-3.972672
-3.989116
-3.948296
-3.991907
3.993121
3.981849
3.941044
-3.972136
-3.981806
3.991297
-3.972555
-3.991835
3.954231
3.974014
3.976157
3.963077
-3.985544
-3.978205
-3.992352
-3.977607
-3.991713
-3.994495
3.984532
3.963201
-3.982399
-3.984513
-3.974117
3.970137
3.976944
3.992390
3.940260
3.994934
-3.975577
-3.986622
3.986710
-3.980190
3.979148
3.966927
3.984953
-3.982144
-3.993277
-3.959964
-3.975389
-3.929129
-3.920685
-3.980582
-3.981600
-3.988774
3.981160
3.972631
3.902956
-3.983340
3.974090
3.989267
3.982217
3.949335
-3.969097
3.986605
-3.987561
-3.984921
3.976066
3.984674
-3.924184
-3.961051
-3.978739
-3.976196
3.967547
-3.983693
-3.975264
3.978680
3.987214
3.988472
3.985723
3.954965
3.951948
3.977441
-3.980230
-3.988506
-3.975546
3.959044
3.938942
-3.987240
3.981611
3.980968
3.949556
-3.991528
-3.972442
3.995247
-3.950819
-3.988226
3.981162
-3.981829
-3.981943
3.983793
-3.991485
3.983564
-3.983150
3.989414
-3.985733
-3.984726
-3.986040
3.955719
3.975662
-3.986684
3.962851
3.986993
-3.957078
3.995235
3.993975
3.995691
3.992972
-3.946405
-3.976388
3.977591
-3.968786
3.989749
3.969600
-3.967115
-3.986744
-3.992621
-3.926602
-3.977638
3.971433
3.921011
-3.983680
-3.994475
3.992847
3.983654
-3.992035
-3.979423
-3.954106
-3.990958
3.985335
-3.990570
3.987526
-3.980453
-3.978024
3.983846
3.990294
3.969349
3.972291
-3.980966
3.996048
-3.979585
-3.990416
3.971089
3.950674
-3.980326
3.843039
-3.966577
-3.987479
3.993476
-3.988131
-3.958475
3.984528
-3.921735
3.978720
-3.971944
3.987948
3.921176
3.975390
-3.979505
3.957724
-3.980059
-3.973399
-3.946208
3.990578
-3.973862
-3.993886
3.978023
3.974768
-3.990260
3.971840
-3.978206
3.984336
3.973044
-3.992763
-3.996753
3.987215
-3.989257
-3.979169
3.966344
-3.991238
3.974515
3.981589
-3.952463
3.985504
-3.991769
-3.990332
3.967591
-3.992327
3.969141
3.981100
3.995070
3.942792
3.961313
-3.948502
-3.967833
3.994084
-3.964383
3.970461
-3.976383
3.980056
3.983201
3.981136
-3.985945
-3.955448
3.958429
-3.977580
3.978936
3.981122
-3.991873
3.964291
3.985061
-3.983683
-3.972370
3.986306
-3.992584
-3.982847
3.976262
-3.940534
3.993404
-3.979704
3.978086
3.991249
3.967165
3.970167
3.976866
3.983984
-3.974816
3.829966
3.974198
3.976961
3.980233
-3.969167
-3.983563
3.993869
3.974496
3.980188
-3.976589
3.996362
3.972489
3.970354
-3.947462
3.986861
-3.972964
3.976111
-3.982263
-3.981087
-3.969891
3.991553
-3.982152
-3.988223
3.990278
-3.978822
-3.982298
3.981526
3.983230
-3.987505
-3.976670
3.981426
3.977246
3.993305
3.883676
3.992389
-3.979379
3.995715
3.978108
3.990106
-3.968895
3.996076
3.985382
-3.989597
-3.992200
3.987577
3.978677
-3.990620
-3.973605
-3.994195
-3.907516
3.901689
3.991249
3.933433
3.943595
3.986744
-3.982447
-3.982890
3.990492
3.970467
3.967943
3.972479
-3.985119
-3.981212
-3.952355
-3.978460
3.989162
3.978869
-3.967242
3.992846
-3.993358
-3.929989
3.983540
-3.976122
-3.983331
-3.972497
3.965373
-3.986763
-3.953801
3.970704
3.982136
3.981169
3.960273
-3.994851
-3.972260
3.967753
3.971235
3.973414
3.989315
3.995454
-3.981249
-3.988656
3.993897
-3.991390
-3.991980
-3.984091
-3.967239
-3.980552
-3.987233
-3.989398
-3.992160
3.991129
3.937504
-3.988372
3.996528
3.956454
3.978863
3.988671
3.989720
-3.975953
-3.984758
3.967310
3.981195
3.981125
-3.965711
-3.973072
3.980123
-3.992863
3.969489
-3.983789
-3.972707
-3.994117
-3.990013
-3.983317
3.907369
-3.972557
3.984619
-3.981828
-3.979898
-3.986529
3.979738
3.992266
-3.964575
3.979950
3.989263
3.968248
-3.995729
3.942043
-3.967181
-3.975846
-3.989136
-3.930360
-3.950017
3.992188
-3.968042
3.978467
3.971160
3.972576
-3.978948
-3.985049
-3.967188
3.904314
-3.991942
3.971666
3.987937
-3.979309
3.976357
-3.987958
-3.975561
-3.980274
3.967388
3.992354
3.983146
3.964298
3.989878
-3.977167
3.959669
3.990446
3.941618
3.971839
-3.960364
3.994850
3.979036
-3.970252
-3.986058
-3.973865
-3.996588
3.989648
-3.977645
-3.952525
3.979900
3.980650
-3.985950
3.986599
-3.990576
3.966119
3.949457
-3.970639
3.991841
-3.994055
-3.970902
3.976209
-3.970436
-3.986380
3.979186
-3.985228
-3.990745
3.989838
3.829597
3.988424
-3.982050
3.893097
-3.982568
3.979164
3.946909
3.979293
3.970543
-3.995427
3.992197
3.928525
-3.992957
3.990096
3.981876
-3.943236
3.978511
3.994650
-2.132520
-3.975952
3.978851
3.936945
-3.982628
-3.983674
-3.991828
-3.989740
3.981692
-3.982634
3.993211
3.994262
-3.988567
-3.818164
3.991276
-3.980294
-3.969765
3.975034
3.995119
3.992579
3.977857
3.964052
3.977270
-3.978533
3.991942
-3.949545
-3.991896
3.961522
3.904009
3.983415
3.996808
-3.981277
3.976665
-3.988790
-3.985056
-3.978170
-3.981440
-3.979484
-3.983786
3.988863
-3.964592
-3.992061
3.988962
3.987549
-3.981769
3.996672
3.994168
3.972017
3.985683
3.984776
3.992653
3.991878
-3.984363
3.992625
3.991721
-3.992214
3.969633
3.979779
3.993745
3.984581
3.951198
-3.988913
-3.989119
-3.990399
-3.976349
3.897888
3.991128
3.987810
3.990374
3.988521
3.982340
-3.960407
-3.994496
-3.983778
3.992506
3.977568
-3.994831
3.969357
-3.991977
3.973505
3.979118
3.977940
3.960463
3.990990
-3.965153
-3.982352
-3.981120
3.973921
3.966974
3.992723
-3.993969
-3.983706
-3.962384
-3.883759
3.992638
-3.960512
3.981893
3.977396
3.972912
3.982091
-3.982519
3.984767
3.977780
3.986184
3.985882
3.995291
3.974782
-3.972512
-3.968785
-3.986869
-3.977654
-3.960718
3.959073
-3.948144
-3.994427
-3.992123
3.995976
-3.934569
-3.979876
3.973387
3.989259
3.990419
3.992543
3.981635
-3.988164
-3.972455
3.970805
3.992050
3.987641
3.994539
-3.985888
3.976765
3.982469
-3.990450
-3.982984
-3.976112
3.972697
-3.982206
3.946965
3.971011
3.996646
3.964792
-3.993624
3.992213
3.986585
3.951071
3.984510
3.960619
-3.995622
3.984216
-3.994879
-3.989515
-3.911270
3.963877
-3.991277
3.995594
-3.996154
-3.989960
3.994149
-3.984513
3.964213
-3.955773
3.964069
-3.994434
-3.988462
3.990720
-3.982689
3.989606
-3.989386
3.937914
-3.993592
3.992568
3.981229
3.985205
3.829586
3.981835
3.980739
3.989405
3.940418
-3.987766
3.990523
-3.977290
-3.989661
3.971171
-3.960108
-3.993342
-3.989821
-3.959631
3.946284
-3.978959
3.952183
3.960325
-3.972388
3.894186
3.977942
-3.974563
-3.975324
-3.956410
-3.994084
-3.962724
-3.978748
-3.982487
3.989916
3.989516
-3.988520
-3.974850
-3.972669
3.976867
-3.979103
-3.976948
-3.978051
3.950149
-3.988424
-3.965486
3.967485
-3.987768
-3.984167
3.985974
3.963399
3.983006
-3.837176
3.987189
3.989130
3.948492
3.985287
-3.944626
3.963972
3.990568
3.969577
-3.982499
3.961161
3.996417
-3.940663
-3.988969
3.969056
-3.991547
-3.982094
-3.956826
3.977773
-3.983669
-3.980507
-3.986394
3.989745
3.929987
3.983397
3.976187
2.483150
3.970619
3.996027
-3.993086
-3.992007
-3.985832
-3.993406
3.950894
3.973269
-3.982009
3.991090
3.981417
-3.985318
3.988370
-3.951215
3.984395
-3.990331
-3.987005
3.986528
3.973793
3.982503
3.957973
-3.994036
-3.975253
-3.993191
3.985322
-3.983427
3.967595
3.976794
3.969441
3.990811
3.989653
3.991231
-3.983470
3.983515
3.979000
-3.978765
-3.994425
3.970240
3.979388
3.976336
3.995619
3.980977
3.991162
-3.892857
3.960717
3.991640
-3.987796
3.982937
3.956039
3.957642
-3.987449
-3.984016
3.980318
-3.978091
-3.958617
3.984749
3.995755
-3.888309
-3.941752
-3.984025
3.994843
-3.979716
3.979091
3.975647
3.986713
-3.988528
-3.986514
3.991326
3.930413
3.981047
-3.971454
-3.968803
-3.919528
3.992352
-3.992276
3.971201
3.988070
3.991135
3.995018
3.991244
3.984035
3.946409
-3.970440
-3.973308
3.980229
3.976881
-3.976144
3.971220
3.986856
-3.983723
3.992265
-3.986442
3.993024
3.990943
-3.986138
3.973656
3.993657
-3.985781
3.983195
3.977468
3.981960
-3.912556
-3.988589
-3.995252
3.979999
-3.995618
3.987864
3.975575
3.982992
3.980310
-3.970217
3.968743
3.955403
3.962119
3.989142
-3.982685
3.970022
3.911859
-3.989897
3.982242
3.980153
-3.976832
-3.977793
-3.989340
3.994439
3.952606
3.965580
-3.842378
3.960733
3.941979
-3.975888
-3.979630
3.979018
3.992310
-3.803783
3.989273
-3.951659
-3.977997
3.972619
3.976663
-3.988102
-3.967751
3.979571
-3.978740
3.984379
3.989313
3.989491
-3.952468
-3.977036
3.985266
3.970836
-3.996336
3.979385
-3.982282
3.992091
3.961725
-3.976555
-3.977136
-3.993144
3.987187
3.992995
-3.976701
-3.993487
3.958720
-3.979151
3.979536
-3.986603
-3.989477
-3.979869
3.991099
3.957556
-3.985027
3.984009
3.974133
-3.981911
-3.983967
-3.989264
3.975158
-3.990905
3.989737
3.977173
-3.969576
-3.988308
3.981039
3.988663
3.984027
3.970881
3.967840
-3.977074
3.976974
-3.984226
-3.986672
3.990878
3.973624
3.930156
-3.982377
-3.965453
3.966263
-3.989800
-3.983511
3.892717
3.963636
-3.995704
3.992586
-3.975795
3.973271
3.970796
3.987437
3.977419
3.991453
-3.995274
-3.981022
3.962512
-3.980352
-3.989392
3.984830
3.991093
-3.994018
3.987904
-3.961276
3.941419
3.972191
3.954118
-3.993621
3.924233
3.971955
-3.987222
-3.983305
-3.914579
-3.927638
-3.986249
-3.907511
3.988119
-3.987944
3.977731
-3.973958
-3.971935
3.994189
3.951704
-3.977426
3.961544
-3.983951
3.984549
3.954766
3.972291
-2.226289
-3.988366
-3.899565
3.978604
-3.996027
3.987154
-3.989631
-3.951770
-3.982813
-3.988397
-3.979461
-3.970944
-3.948175
3.967010
-3.972468
3.980921
-3.989173
3.984492
-3.971732
3.985283
3.982084
-3.915167
3.977530
-3.969027
-3.946209
3.976127
-3.974056
3.964525
-3.987510
-3.973713
3.952151
-3.973239
3.977713
-3.994237
3.993649
-3.973148
3.956039
3.949256
-3.980280
3.965312
-3.995082
3.959960
3.856655
3.947993
3.982178
-3.988553
3.973749
-3.979551
3.986952
-3.985616
-3.976572
3.993146
3.985557
3.988392
-3.989617
3.975672
-3.975517
-3.980455
-3.985992
3.993451
3.994336
3.987929
-3.987623
-3.950991
3.956630
3.981609
-3.946010
-3.986448
-3.979681
-3.996888
3.985314
-3.980849
3.978534
-3.994654
-3.982140
-3.986824
3.957273
-3.982036
3.989214
3.970996
3.964570
3.990785
3.985743
-3.970167
-3.984258
-3.976538
-3.992883
3.990158
-3.964168
3.937865
-3.960404
-3.977332
3.977342
3.965979
-3.969588
-3.992876
-3.980179
-3.975844
3.996712
3.974230
3.951887
3.984966
-3.964845
-3.984723
-3.983156
3.990630
-3.968764
-3.991815
3.983860
3.943896
-3.993520
-3.991795
3.948664
3.968775
-3.977056
3.979511
3.980926
3.989358
3.989882
3.986077
3.995055
3.833284
-3.967618
-3.976074
-3.989523
-3.980760
-3.982831
3.971010
3.982895
-3.995114
-3.988992
-3.954840
-3.966220
3.974113
-3.986119
-3.990074
3.988686
-3.950607
3.988851
3.969848
-3.956650
3.989841
-3.983971
-3.991240
-3.985263
-3.993203
-3.976444
3.975557
3.992035
3.997056
3.990646
3.952062
3.970407
3.982233
3.992173
3.989857
3.990458
-3.980025
3.978167
-3.977082
3.903957
-3.982939
3.989195
3.962700
3.992498
3.988814
3.983126
-3.956874
-3.986041
-3.973734
-3.987465
-3.988971
-3.950459
-3.982146
-3.905799
3.956276
-3.973853
-3.972889
-3.969352
3.977609
-3.989405
-3.993918
3.959207
3.973250
3.969488
-3.967955
-3.980638
-3.987252
3.904200
3.982576
3.984343
-3.977371
-3.991619
3.945053
3.995093
-3.926326
3.981113
3.974345
-3.982599
3.981611
-3.992232
-3.979427
-3.952812
3.985607
3.974452
3.995157
3.973461
3.978652
-3.992357
3.953679
-3.977463
-3.970561
-3.956260
3.994741
-3.982994
-3.963927
-3.976375
3.980993
-3.980061
3.993310
-3.995288
-3.971701
3.971382
3.973098
3.984343
3.976534
-3.978716
3.983610
-3.974868
3.978889
3.965267
-3.888251
3.975256
-3.984747
-3.981674
3.992321
3.992517
-3.994785
3.995843
-3.945457
3.972074
3.993982
-3.941732
-3.993804
3.957778
-3.980055
3.961501
3.996699
3.975632
3.983760
-3.896491
-3.973795
3.919568
-3.954054
-3.982206
-3.990427
3.979859
-3.967924
3.965947
-3.994589
-3.992251
3.933497
3.973575
3.987225
-3.980597
3.988670
3.987085
-3.978566
-3.993425
-3.981001
3.973578
3.986917
3.971114
-3.996484
3.980516
3.995012
-3.967910
-3.975662
3.988448
-3.992018
3.980602
3.979023
-3.939551
3.981771
3.931301
-3.980141
3.971388
3.977552
3.972639
3.989716
-3.988740
-3.988063
3.995041
-3.985067
3.938311
3.988184
3.978904
3.984071
3.974826
-3.986832
3.983313
3.988280
3.975791
-3.961485
3.989292
-3.975574
3.951371
-3.982253
3.949082
3.992395
3.982978
-3.984297
3.978083
3.987193
-3.995776
-3.986802
3.966629
-3.980943
3.970591
-3.995768
3.944234
-3.984120
3.935116
-3.973979
3.986805
-3.963020
3.746936
-3.944278
3.973380
-3.989594
-3.978467
-3.987966
-3.936634
3.996391
-3.973478
-3.989422
3.974636
3.977611
3.988674
3.935387
3.977140
3.981641
3.987983
-3.993336
-3.983808
-3.918537
3.995873
3.987940
-3.987144
3.990150
3.977310
3.987338
3.980837
3.980395
3.987987
-3.982584
-3.980941
3.930920
3.991638
3.992228
3.988591
-3.963114
-3.977727
-3.977804
-3.988920
-3.980497
3.987584
-3.972255
-3.934897
3.994825
-3.984937
3.954321
-3.955021
3.987005
3.977046
3.994942
-3.984340
-3.977848
3.988061
3.973739
-3.976806
-3.990382
-3.978639
3.971659
-3.950215
3.992660
-3.989659
3.937560
3.982926
3.970967
3.978508
3.974404
-3.944615
-3.922773
3.980215
3.989360
-3.991685
-3.994103
-3.583845
3.985438
3.976943
-3.982837
3.973869
-3.961048
-3.982756
-3.982172
3.990556
-3.965880
3.985382
-3.983309
3.978828
3.964286
3.984239
3.974005
3.985127
3.991117
3.971384
-3.958321
3.956464
3.985092
-3.969493
-3.974239
3.984845
-3.993905
-3.871870
3.987156
3.982075
3.989527
3.982456
-3.978242
-3.980154
3.980711
3.980008
3.980514
3.978260
-3.963560
3.969613
-3.969279
-3.988598
3.973673
3.965104
3.970861
-3.993131
-3.990985
-3.978215
3.981953
-3.970598
3.995803
-3.978104
-3.980847
3.991854
3.981317
-3.976800
-3.987978
-3.986804
3.970329
3.985734
3.976440
3.952829
-3.946033
3.989716
3.981184
3.981510
-3.956855
3.929784
3.992301
-3.951252
-3.734326
-3.980760
3.955050
-3.986308
3.980979
-3.993161
3.993581
-3.993103
-3.977152
-3.979321
-3.964929
-3.966434
-3.985976
-3.969006
-3.988281
3.921244
3.955662
3.993958
-3.996539
-3.987881
-3.950288
3.993862
-3.995313
3.987934
-3.976095
3.980108
3.965661
-3.969492
-3.974742
-3.989011
-3.984050
3.960249
-3.991617
3.991489
-3.958189
3.974817
3.986858
-3.963251
-3.975277
-3.975326
3.948847
3.992919
-3.976167
-3.976328
3.977053
-3.960360
-3.980811
3.961094
3.974953
-3.990602
3.969448
3.996740
3.975784
3.944203
-3.983655
-3.981495
-3.950806
-3.976608
3.984132
-3.921532
-3.971422
-3.997142
-3.969299
-3.986642
3.988321
3.987909
3.976896
3.959072
3.989497
3.990513
-3.988974
-3.992551
-3.903614
-3.982510
3.981273
-3.970652
-3.955293
-3.925467
3.986745
-3.983233
-3.980009
-3.995909
-3.984884
3.993858
3.984733
3.959631
3.980243
3.977991
-3.734332
3.971778
-3.995113
-3.992223
3.981261
-3.969411
-3.980150
3.994719
-3.995923
3.957475
-3.971871
-3.995741
3.989125
-3.989780
3.983860
3.983747
-3.960603
3.994617
3.964420
-3.994591
3.981336
3.968400
3.933734
-3.954232
3.974281
3.979706
3.987337
-3.980625
-3.986278
-3.994430
-3.994727
-3.940584
-3.991883
-3.932017
3.962450
-3.996876
-3.983354
3.973613
3.991627
-3.968251
-3.986057
-3.971316
-3.940957
3.965135
-3.954370
3.986724
-3.985432
-3.987656
3.972330
3.974068
-3.950244
3.981653
-3.986007
-3.985877
3.969243
3.982418
3.964748
-3.990072
-3.990184
-3.966979
-3.989427
3.976788
3.996050
3.981087
-3.929535
3.971539
-3.979140
3.971005
3.985825
-3.825405
3.918335
3.964391
-3.973056
3.962906
-3.993561
3.979537
3.957959
-3.982576
3.993663
-3.962398
-3.965624
3.973323
3.973974
-3.991974
3.982319
-3.988887
-3.994750
-3.983694
-3.982073
3.989625
-3.971454
3.960601
3.984447
-3.985621
-3.957128
3.992698
3.934227
-3.982289
-3.915190
-3.955794
-3.984868
3.989515
-3.986575
-3.970957
3.992787
3.994667
3.954568
3.865905
-3.962704
3.985374
-3.989793
-3.983075
3.986631
3.996628
-3.995693
-3.972360
-3.990593
3.989982
3.955446
-3.962101
-3.974104
-3.971294
3.968320
-3.972996
-3.986571
3.977918
3.961055
-3.989877
-3.978009
3.980076
-3.975211
3.989635
-3.995239
-3.979484
-3.913607
-3.954953
3.981199
3.834909
3.979783
3.979619
3.993410
-3.984469
3.986429
-3.983824
-3.993726
3.972279
-3.987653
-3.954667
3.982795
3.986558
-3.962230
-3.987588
3.984316
3.993435
-3.981186
3.993906
-3.978787
-3.958430
-3.970282
3.978773
-3.992945
3.990262
3.987410
3.969519
3.993173
3.986974
-3.952980
-3.987373
3.993962
3.994365
3.993637
-3.977490
-3.972115
-3.967959
-3.970794
3.986273
-3.994457
-3.975576
-3.977144
3.872599
-3.970627
3.954691
3.981756
-3.968889
-3.989951
-3.966612
3.983289
3.995734
3.996460
-3.991979
-3.952852
-3.962215
3.992783
3.968155
3.988037
-3.984849
-3.976118
3.986909
-3.987978
-3.977505
-3.986028
3.988980
-3.977018
-3.976860
3.996356
3.979294
-3.969044
3.987842
-3.973612
-3.961762
-3.973352
-3.975454
-3.974589
-3.954081
3.988509
-3.994226
-3.995719
3.981741
3.994349
3.986881
-3.991442
3.966238
-3.980803
-3.980419
-3.988170
3.994127
3.875418
-3.974301
-3.961726
-3.994330
-3.992113
-3.956648
-3.963837
-3.976503
3.966612
3.981299
-3.989902
3.969996
-3.990729
3.984109
-3.993508
-3.983038
3.982616
3.979094
-3.986133
-3.992983
-3.978894
3.983692
3.981959
3.915074
-3.970136
-3.985677
-3.983699
-3.995720
-3.945474
3.907841
-3.964733
-3.990467
3.982124
-3.935547
-3.975292
3.990337
-3.987058
-3.981667
-3.974788
-3.977022
-3.978103
3.962533
3.989704
3.993845
-3.840064
3.958717
3.970952
3.979495
3.990028
-3.990773
3.973698
-3.963593
3.981694
-3.991122
-3.991942
3.971256
-3.971925
-3.954558
-3.991660
3.992629
3.993379
-3.973738
3.988165
-3.995709
-3.994566
-3.952129
-3.992071
-3.989807
3.980299
-3.965026
3.961139
3.970745
-3.979585
3.982051
-3.977739
3.988342
3.971919
3.969024
3.957000
3.953074
-3.970433
-3.977460
-3.980739
-3.988135
-3.982006
-3.969934
3.992632
3.975949
3.984921
-3.981854
-3.996448
-3.988543
3.976068
3.962370
3.994726
-3.954054
3.970037
-3.995713
-3.966841
3.973981
-3.976057
3.992463
-3.979046
3.960772
-3.969423
3.979145
-3.971536
3.976831
-3.934527
3.995394
3.980364
3.979628
3.991950
-3.992734
-3.992792
-3.970905
-3.963085
-3.989271
3.981723
-3.973049
-3.990131
-3.984207
-3.927282
-3.935478
3.982555
3.994633
3.973823
3.967237
-3.981497
3.988470
-3.975834
3.977648
3.989031
-3.976822
-3.977264
0.813445
3.993075
-3.963693
3.990968
-3.988353
-3.984217
-3.984110
-3.986049
-3.986964
3.958612
-3.990050
3.917912
3.962178
3.970037
-3.996555
-3.971714
-3.944159
3.972795
3.989938
3.995760
-3.957619
3.975603
3.995426
-3.976673
-3.994578
-3.961026
3.978611
3.968524
3.969849
3.986868
-3.958930
3.975927
3.989578
3.951307
3.975263
3.979476
-3.986420
-3.977161
-3.971820
-3.987604
-3.984499
-3.990094
-3.975682
3.985533
-3.988532
-3.985738
-3.973777
-3.986262
-3.968909
-3.991009
-3.984592
3.947979
3.963872
3.974690
-3.971797
3.978351
3.975630
3.956571
-3.884392
-3.989706
3.970161
3.985296
-3.989831
3.983156
-3.995216
-3.984024
-3.972481
-3.971113
-3.993480
-3.986022
-3.990522
-3.992497
3.983069
-3.989781
-3.982453
-3.973790
-3.984998
3.912159
-3.991489
3.977879
-3.954380
-3.990616
3.920455
-3.982879
3.959798
3.973643
3.964304
3.988057
-3.981408
-3.995186
3.992487
3.972830
-3.976586
3.977439
-3.968392
-3.953308
3.981463
3.995855
-3.982305
3.970840
-3.986235
3.977842
3.959840
3.984400
3.961930
3.975990
-3.994757
-3.974733
3.986685
-3.982777
3.969707
-3.987094
3.957252
3.985124
3.992423
-3.983708
-3.985622
-3.989809
-3.928002
-3.955155
-3.898471
-3.958797
3.993986
3.979639
-3.978080
-3.987548
-3.993060
-3.988973
3.976676
-3.978720
3.978230
3.987386
-3.925080
3.975228
-3.985525
3.961086
-3.995335
3.972100
-3.963113
-3.975889
3.982407
-3.983558
3.979873
3.993087
3.968612
-3.994585
3.992656
3.792941
3.989224
-3.985583
3.944219
-3.984169
3.978610
-3.990782
-3.961181
3.991869
-3.988428
-3.987401
-3.994240
-3.971991
3.980388
3.979906
3.989469
-3.971175
3.993211
-3.993975
-3.969762
-3.994321
-3.960932
-3.979640
-3.927543
3.987445
3.959683
-3.985182
-3.995386
3.991125
-3.991274
-3.982078
-3.967557
3.975531
-3.981409
3.991498
3.967412
3.982982
-3.991184
3.971708
-3.970426
3.978380
3.979841
-3.985840
-3.927093
-3.956388
3.994382
3.965684
3.947531
3.976691
3.993904
-3.989935
3.992605
-3.964144
3.991588
3.989011
-3.996412
-3.984549
-3.981122
-3.958065
3.896795
-3.963659
-3.959996
3.968085
-3.981400
3.962749
3.981480
3.956794
-3.977410
3.984723
3.953516
-3.964876
3.977163
3.886841
-3.973356
-3.991586
3.992120
-3.947416
-3.983860
-3.991240
-3.981257
3.984757
-3.987892
-3.992481
3.993096
3.987115
-3.985357
-3.988004
-3.995069
3.983475
-3.981040
-3.988772
3.898635
-3.991934
3.992799
3.992533
-3.980160
-3.990417
-3.991778
-3.962028
3.958686
-3.957637
3.983596
3.968764
-3.958877
-3.977953
-3.961068
3.931417
3.984317
3.981048
-3.996340
3.970508
-3.985469
3.991479
-3.952993
-3.959096
-3.982938
-3.963526
3.988576
-3.971995
3.970283
3.974447
-3.984188
3.969014
-3.978031
-3.990730
-3.978586
3.966093
-3.927787
3.970203
-3.945520
-3.977549
3.971299
-3.974104
-3.978503
3.992352
3.940664
3.962944
3.977887
3.975070
-3.983277
-3.974866
3.972235
-3.953602
-3.987950
-3.937594
-3.899606
-3.988653
-3.985176
3.883696
3.968074
3.984536
3.979765
-3.983846
3.995759
-3.953279
-3.988029
3.982181
3.909716
3.979644
3.955405
3.959108
3.990987
3.976490
-3.939412
-3.966185
-3.904901
3.947915
-3.992522
-3.983171
-3.984380
3.965378
3.990563
-3.991925
-3.988254
3.956848
3.994460
-3.991228
-3.924309
-3.961068
3.972379
3.974120
-3.983035
-3.992018
-3.968067
-3.980780
3.973588
3.967889
-3.933390
3.968041
3.964263
-3.985285
3.974815
-3.974717
-3.960481
3.933392
-3.992921
-3.986984
-3.974318
-3.985612
-3.984910
-3.975024
-3.984323
-3.965379
-3.922128
-3.992385
3.957908
3.952972
-3.994303
3.989051
3.941969
3.982099
3.990907
-3.993233
3.989513
3.955508
3.993182
3.984547
3.993533
3.974550
3.987243
-3.981052
-3.984961
-3.972826
3.978820
-3.982788
3.965930
3.956836
3.956920
-3.980504
3.971882
3.992565
-3.994638
3.975241
-3.963418
-3.927487
3.973733
3.978212
-3.971215
3.981592
3.979379
-3.988672
-3.988218
3.994893
3.992718
-3.988528
-3.976614
-3.982978
-3.978769
3.971141
-3.977249
3.976780
-3.964971
3.980278
-3.976423
-3.986565
3.981589
-3.908587
3.993149
3.992006
3.980053
3.995903
-3.992982
-3.979326
3.975286
-3.991859
3.980067
-3.983050
3.992926
-3.979940
-3.975590
3.980548
3.986624
3.962165
3.975183
-3.970673
-3.982686
3.987240
3.986066
3.994742
3.979716
-3.962187
3.994749
3.981531
3.988306
-3.987904
3.988119
3.964620
3.983948
-3.989339
-3.953535
-3.984724
3.985087
3.990747
-3.992333
-3.974501
-3.973469
3.870296
-3.983824
-3.958773
-3.982129
3.979233
-3.983702
3.980357
3.975354
3.976367
3.981784
3.947815
3.978827
3.964796
3.995788
3.995700
-3.972537
-3.992886
-3.990942
3.974842
-3.972583
-3.991449
-3.977642
3.982118
-3.992707
-3.984041
3.966480
3.984722
3.951697
-3.989118
3.986970
3.984262
-3.967986
3.988113
-3.974806
3.957012
-3.987448
-3.995658
-3.970261
-3.977862
3.992615
3.979929
-3.982847
3.988703
3.987603
3.984193
3.977616
-3.979318
3.956076
3.992980
-3.968447
-3.966924
3.988591
-3.969176
-3.991376
3.990442
-3.966383
3.972565
3.940421
3.966968
-3.984769
3.996442
-3.980682
3.989528
3.977173
-3.981426
3.986585
-3.971483
3.977400
-3.984128
3.928277
3.973052
-3.982677
3.968827
-3.972133
-3.969471
3.988209
3.989104
-3.987947
3.962385
-3.968481
-3.826363
3.960921
3.988718
3.940501
3.969101
-3.965224
3.953802
-3.970808
-3.989783
-3.971901
-3.923766
-3.963360
-3.974533
-3.986626
3.976961
3.982522
-3.997092
3.982709
-3.976784
-3.975101
3.993539
-3.978116
-3.988642
-3.980753
-3.984623
3.954312
-3.966409
-3.963162
3.705614
-3.973181
-3.983905
-3.972846
-3.988500
3.991665
3.984948
-3.988702
-3.980249
-3.979107
3.935796
3.972258
3.951267
3.995761
-3.970803
3.987062
3.957499
-3.991869
3.983804
-3.994168
-3.977045
-3.974324
3.979039
-3.979647
-3.991726
3.992808
-3.992810
3.978532
3.949755
3.686975
-3.966605
3.991629
3.995235
-3.977807
-3.990215
3.978685
-3.987804
3.980645
-3.987951
-3.982618
3.977862
-3.969392
-3.988300
3.981232
-3.973760
3.992320
-3.972974
-3.980033
-3.992625
3.955189
3.956977
3.963588
3.943726
-3.984677
-3.994047
-3.992657
-3.986700
3.969915
-3.983213
-3.976102
3.981301
-3.967929
3.966038
3.979312
-3.981328
-3.991746
3.983991
3.975745
3.976453
3.984778
-3.991982
-3.870634
-3.973151
-3.978304
3.963939
3.987469
-3.983095
3.986056
3.983889
3.995126
3.986288
3.993608
3.989171
-3.988213
3.976810
-3.992791
-3.992700
3.982783
3.978166
-3.984329
-3.988833
3.979261
-3.983805
-3.986027
-3.986603
3.979312
3.992642
3.952337
3.989989
3.986972
3.990863
-3.974810
3.988899
3.946080
-3.973021
-3.980320
3.994149
-3.982123
3.955874
3.951629
-3.996359
3.992222
3.980753
3.988310
-3.970208
3.983061
3.987142
-3.984240
3.974560
3.919660
-3.991652
3.953886
3.993686
3.986960
-3.952683
3.982160
3.987199
3.974864
-3.990836
-3.959471
3.992956
-3.918523
3.980213
-3.975836
3.992781
-3.987140
-3.994726
-3.963641
-3.974423
-3.984181
3.950013
-3.975446
3.972685
3.968116
-3.970694
3.980104
-3.957249
3.995476
3.993527
-3.996181
3.982771
-3.994026
3.990463
3.973553
-3.887152
-3.962959
-3.967782
3.989098
-3.990123
3.980883
-3.945009
-3.963834
3.987668
-3.987408
-3.994673
-3.967753
3.987479
3.994376
-3.990157
3.975666
-3.980253
-3.989263
3.985330
3.978369
-3.960304
3.987721
-3.994656
3.994372
3.988426
-3.974907
3.989336
-3.988555
3.968651
-3.975172
-3.994479
3.983978
-3.986983
-3.968523
3.980584
3.968760
3.992485
3.973974
3.981316
3.993289
-3.946871
-3.984027
3.977420
-3.984149
-3.977372
3.990378
3.991016
3.965219
-3.986911
-3.972334
-3.988730
-3.953987
-3.966575
-3.903624
-3.971983
3.985741
-3.979942
-3.982058
-3.973180
3.970746
3.892977
3.963121
3.996878
-3.993774
-3.987642
3.959809
-3.994589
3.964596
-3.985062
3.991115
3.955428
3.985282
-3.968908
-3.977552
-3.970492
-3.984063
-3.974917
-3.947536
3.990705
3.964354
3.992406
-3.991337
3.981301
3.964591
3.944907
-3.957609
3.945780
-3.979848
3.990877
-3.979634
-3.993279
3.971401
3.965264
3.945832
3.962057
3.959028
-3.983056
3.987025
3.989451
-3.983620
-3.989947
-3.989720
3.970504
-3.982741
3.973980
3.991398
3.968149
3.966794
3.991318
3.994417
-3.984360
3.995075
-3.989399
-3.994530
3.967696
-3.963206
-3.991228
-3.978943
3.993040
-3.990065
3.977596
-3.995752
3.970142
3.976921
-3.976958
3.978327
3.990285
3.995539
3.988350
-3.985909
3.960610
3.977357
3.995422
3.977700
-3.995226
3.978747
3.964884
3.811300
-3.977027
-3.993892
-3.980391
3.984258
-3.985651
3.970122
-3.991392
3.930909
3.944949
3.983951
-3.980045
-3.989749
3.954104
3.993629
-3.990430
-3.996727
-3.970114
3.983152
3.984936
3.988079
3.956440
3.975249
-3.993293
3.835299
3.964629
-3.986065
-3.985571
3.969384
3.917912
3.977065
-3.996558
3.994463
-3.977715
3.973860
3.984353
-3.990891
3.979562
3.946371
3.977066
-3.994041
-3.978216
-3.977122
3.986523
-3.936927
3.970629
-3.992989
-3.966452
3.990035
3.988647
3.973253
-3.989373
3.931262
3.990573
3.979486
-3.929321
-3.995005
-3.989298
-3.978417
-3.972191
-3.987469
-3.993831
-3.964363
3.965450
3.978936
-3.971833
-3.962938
3.993558
3.977224
3.994570
-3.995896
-3.959631
-3.990271
3.979493
-3.968840
-3.974592
3.984162
3.978760
3.975172
3.965752
-3.971988
-3.981866
-3.979694
-3.953638
3.948868
-3.996852
-3.987074
3.993143
3.967972
-3.983292
3.988025
-3.962852
-3.985770
3.994516
3.993648
3.957911
-3.970685
3.975743
-3.968298
-3.949096
-3.947221
-3.948296
3.965400
3.983400
3.914814
-3.980582
3.948216
3.977651
3.971626
-3.975400
3.964280
3.992419
3.994426
3.985234
3.988060
-3.993551
-3.980932
3.984911
3.982208
-3.991845
-3.977397
-3.992524
3.989349
-3.995887
-3.966018
-3.989287
-3.991094
3.969281
3.983842
-3.985233
-3.951588
-3.988310
3.961192
3.975205
-3.984360
-3.974041
-3.985143
-3.948624
-3.993002
3.988527
-3.985816
3.968648
3.865895
3.982765
3.963082
3.972736
-3.968150
-3.978279
3.993185
3.978572
3.990750
3.981020
-3.983753
-3.947011
3.992119
-3.964420
3.985230
3.980233
-3.969923
-3.979165
3.979047
-3.987084
3.962481
-3.991061
-3.983913
3.971372
3.990242
3.988508
-3.967742
3.987312
-3.965999
-3.986368
-3.972182
3.985308
3.994495
3.985499
3.987182
3.977411
-3.978215
3.986348
3.993726
-3.989832
3.994816
-3.977145
3.962030
-3.965945
3.909807
3.989035
3.982449
3.969521
-3.969861
3.988814
3.984174
3.934399
3.980432
-3.977564
3.994560
-3.980142
-3.978524
3.956988
3.972992
3.961062
3.993495
-3.949986
-3.973067
3.994043
-3.985746
3.982784
3.969872
3.982788
3.986398
-3.979842
-3.972730
-3.981291
-3.991176
3.990335
-3.968798
3.968792
3.968236
3.956306
-3.828723
3.958943
3.986560
-3.970237
3.989560
-3.995932
3.967841
-3.987646
-3.984671
3.990117
3.991321
-3.992975
-3.968460
3.975554
-3.994929
3.980538
-3.988039
3.991821
-3.985948
3.962856
3.960816
-3.991421
3.992499
3.971314
3.989597
3.967822
3.993139
-3.992092
-3.994074
3.983213
3.952771
3.872195
-3.939946
-3.987202
3.994214
3.898608
3.983187
3.948544
-3.990097
-3.988850
3.990587
-3.982606
3.993046
-3.990475
3.969452
3.985096
3.967038
3.952106
3.986764
3.977580
3.987323
-3.990975
3.975787
-3.994516
3.974734
3.983669
3.956949
3.990160
-3.980583
-3.987311
3.974181
-3.974543
3.984120
3.986816
-3.995708
3.993075
-3.966000
3.994644
-3.975573
3.980901
3.959098
-3.886324
-3.971757
-3.976683
-3.966245
3.983749
3.984405
3.973810
3.985055
-3.985378
3.973068
-3.977733
-3.950001
3.988115
3.992615
-3.978340
-3.958797
-3.990118
3.992903
3.935061
3.931973
-3.982074
-3.969048
-3.991828
-3.992314
3.982321
3.975474
-3.946861
3.977278
3.952141
-3.951149
-3.982125
-3.974764
3.995441
-3.613512
3.972313
-3.988074
3.982497
3.992110
-3.989200
-3.987760
-3.990142
3.986207
-3.984302
-3.992160
3.990485
3.995241
-3.956120
3.966633
3.989564
-3.963752
-3.990744
3.968429
3.992204
3.979727
-3.994043
3.962879
-3.982442
3.968351
-3.952055
3.989774
3.976365
-3.990020
-3.972335
-3.983637
3.972583
3.986685
3.975425
3.983699
3.996093
3.973297
-3.985966
-3.978358
-3.978096
-3.961073
3.990215
-3.933231
3.996424
3.986747
-3.994654
-3.977431
3.967564
3.952419
-3.921664
-3.982141
3.970121
3.983861
3.981382
3.948210
-3.956079
-3.930143
3.987115
-3.969802
-3.954590
-3.973138
3.979764
-3.974657
3.981215
-3.974855
3.980779
3.969657
-3.989257
3.993366
3.951778
-3.981789
3.989193
3.988850
-3.982948
-3.990851
3.958258
3.956574
-3.985852
3.985704
3.991644
3.978902
-3.993413
3.950500
-3.985875
-3.987651
-3.978995
3.980666
-3.825441
3.987145
-3.989051
3.982208
-3.975421
3.970677
3.961912
3.995930
3.974835
-3.915395
3.976864
3.984268
-3.987170
-3.802384
3.985253
-3.971953
-3.963318
-3.989358
-3.976807
-3.972851
3.985809
3.994759
-3.960590
-3.966510
3.974673
3.969121
3.984348
-3.992815
-3.980937
3.994329
3.989234
3.991689
-3.986505
-3.984927
-3.989687
3.972110
-3.988590
-3.945583
3.995431
3.982238
3.974842
-3.972166
3.974814
-3.980911
3.945474
3.955391
3.969540
3.994563
-3.966732
3.987480
3.983030
3.962288
-3.968861
-3.981258
-3.609111
-3.995681
3.988760
3.955979
-3.980847
-3.974435
-3.978330
3.981178
-3.953145
3.954167
-3.993093
-3.994419
-3.985968
3.978200
3.978580
3.991848
-3.984237
3.960577
3.951772
3.967075
3.962818
3.985582
-3.975698
-3.968861
-3.968577
-3.986375
3.954062
-3.989721
3.962242
3.993426
3.970876
-3.964421
-3.996160
3.964433
3.973256
-3.969050
-3.978391
3.899768
3.925063
3.992668
3.995356
3.987897
3.989319
-3.986062
-3.992531
3.968972
3.972713
3.988672
-3.982016
3.967987
3.982139
-3.988839
3.994915
3.986829
-3.974030
3.971581
3.962108
-3.995288
3.980352
3.959864
-3.993004
3.967841
3.972163
3.970259
3.971024
-3.872823
-3.984494
3.956930
3.992580
-3.987622
3.978633
-3.983104
-3.981140
3.979409
3.969306
3.985144
3.955514
3.987730
3.987556
-3.963831
-3.994751
-3.976613
-3.980372
3.983673
-3.971401
3.976785
-3.995992
3.990760
-3.978245
3.989269
3.994143
-3.982867
-3.988785
-3.978243
-3.989579
3.989126
-3.984868
-3.987853
-3.989519
3.992440
3.979235
-3.981206
-3.983452
-3.952572
-3.995329
-3.989638
-3.966205
-3.992079
3.975374
3.986491
3.989120
3.986097
3.938668
-3.948213
-3.988642
3.972401
-3.950820
-3.976352
-3.976814
-3.977532
3.993540
-3.951453
-3.953648
3.992033
3.989054
3.979008
-3.958437
-3.975537
3.974354
3.948834
3.993238
3.992041
3.938976
-3.987152
-3.982785
3.988808
3.991858
3.948701
-3.971494
-3.974376
3.989993
-3.988609
3.947815
-3.987574
-3.992439
-3.992274
3.909843
-3.967279
3.961059
3.980573
-3.989006
3.995016
-3.950854
3.955661
3.972457
3.983023
-3.989169
-3.966864
3.981871
-3.979900
3.973084
-3.992234
-3.971942
-3.823835
3.987227
-3.989463
-3.976619
3.980095
3.960840
-3.959327
-3.987403
3.975659
3.970614
-3.993993
-3.984863
3.976384
3.978963
-3.961687
3.978175
-3.959173
3.974024
-3.954382
3.979265
3.990706
3.992391
3.987449
3.986106
3.948842
3.979787
-3.969739
3.959082
3.989353
3.977280
3.991971
-3.966409
-3.985433
-3.965705
-3.992796
3.974209
3.975334
-3.980627
3.977118
-3.983243
3.939794
3.985022
3.981882
3.991525
3.970378
3.987637
-3.985989
-3.974081
-3.980066
-3.983649
3.984572
-3.978625
-3.982748
-3.984999
-3.962601
3.989126
-3.904916
-3.993417
3.979028
-3.984584
-3.972291
-3.965010
3.987969
-3.990400
-3.994300
-3.991310
3.988519
-3.992088
-3.974381
3.947751
3.961794
-3.974395
3.985863
-3.978479
3.996064
-3.980546
-3.987439
3.993398
3.988828
3.987908
-3.968125
-3.962828
-3.992622
-3.988003
-3.993594
-3.989729
-3.969147
-3.920677
3.969603
-3.991888
-3.995366
3.976497
-3.987637
-3.981601
3.990372
3.967292
3.971438
3.977435
-3.987872
-3.986324
-3.974431
-3.939544
3.935766
-3.909608
-3.976395
3.984659
-3.961872
3.967891
3.976050
-3.966373
-3.986719
-3.985146
3.970789
-3.986493
-3.983565
-3.991044
3.963991
-3.969667
3.976968
3.970656
-3.944953
3.994515
3.995539
3.989257
-3.988155
-3.965811
-3.978436
3.954084
3.991382
-3.987297
-3.994265
-3.988273
-3.958472
-3.970413
-3.990378
-3.971011
3.991858
-3.984740
3.975306
3.993665
3.964229
3.946736
-3.986565
-3.976181
-3.986266
3.960424
3.995914
3.987465
-3.980813
3.978203
3.977622
-3.942849
3.946417
-3.975063
3.986939
3.983014
-3.989546
-3.983912
3.981686
-3.987739
3.977465
3.989646
3.991368
3.986720
-3.974538
-3.975994
3.966562
3.905067
-3.965583
3.985293
3.970503
3.988921
3.991735
-3.957486
3.975830
-3.975923
-3.991646
3.995266
3.989540
-3.939971
3.983371
-3.955426
-3.990657
-3.974435
3.979539
-3.977795
3.978411
3.953816
-3.978834
3.976375
3.992177
3.949594
-3.994938
3.951404
3.953919
3.977321
3.986605
-3.976791
-3.990185
-3.976077
3.995415
-3.827997
-3.906989
3.944731
-3.973327
-3.988115
3.974795
3.954075
3.982257
3.972745
-3.985081
3.992419
3.993629
-3.983317
3.987439
3.954248
-3.966881
-3.977186
-3.968208
3.965661
-3.991959
3.991413
-3.987336
3.985281
3.976826
-3.967096
3.983434
3.988717
3.972142
-3.990450
-3.973266
-3.989509
-3.984000
-3.985110
-3.991965
-3.979625
-3.982447
3.985371
-3.975527
-3.980755
-3.989063
3.985652
-3.994753
-3.981878
3.985085
-3.980757
-3.968972
3.980708
-3.986687
-3.980159
3.976205
-3.978585
3.991980
3.989637
3.981918
3.976660
3.983453
-3.988323
3.993586
-3.985800
3.960888
3.948884
-3.971315
3.977660
-3.943448
3.980910
3.975382
-3.974379
-3.994138
-3.979810
-3.974846
-3.984886
3.963889
-3.976159
-3.980674
-3.982251
3.980388
3.989222
-3.954545
3.966388
3.994014
-3.979324
-3.990663
3.977398
-3.978371
-3.971696
-3.975642
3.917270
-3.988153
-3.948143
3.960815
-3.985040
-3.842948
3.940639
-3.968307
3.984449
-3.978682
3.990796
3.963914
-3.988754
-3.984921
-3.983161
-3.931405
-3.992610
-3.980174
-3.829511
3.967368
3.991783
-3.992020
-3.988715
3.976556
-3.965768
-3.983453
-3.985156
-3.810238
-3.983530
-3.935603
-3.983282
-3.996143
-3.973201
3.995774
-3.986568
-3.991776
3.988978
-3.977456
-3.963131
3.987364
-3.814541
-3.981392
-3.983315
3.967349
-3.959190
-3.968875
-3.948758
3.993923
3.984010
3.980372
3.972536
-3.945664
-3.868670
-3.981861
-3.984180
3.981310
3.986584
-3.989787
-3.995610
-3.983698
-3.984866
-3.951176
-3.987560
3.996127
3.982055
-3.984605
3.971150
3.990191
-3.984950
3.960148
3.987523
-3.993545
3.985570
3.989310
-3.970963
3.989276
3.994977
3.983134
3.983094
-3.994861
-3.974357
3.995034
3.996050
3.978337
-3.956021
3.980817
-3.995910
-3.986185
-3.988756
-3.988982
3.932627
3.990493
-3.930149
-3.975379
-3.725679
3.983392
-3.971178
-3.993280
-3.976335
3.944776
-3.976675
-3.982188
-3.987355
-3.983498
-3.988006
3.981575
3.973240
-3.978713
3.990248
-3.982791
-3.972218
-3.965989
-3.994820
3.974279
3.992243
-3.996794
-3.988248
3.990528
-3.967945
-3.985125
3.986825
3.957237
3.986206
-3.986531
3.978858
3.994500
3.991961
-3.979055
3.982085
3.956631
3.990072
-3.989151
3.969392
-3.978513
3.985157
-3.989893
3.994926
3.969655
3.950785
-3.964484
-3.993216
-3.975763
3.991198
-3.986951
-3.989624
3.986439
-3.979947
3.975885
-3.976635
-3.972366
-3.978548
-3.989643
-3.976393
3.977496
3.994477
-3.974256
3.991845
3.993129
3.983290
-3.968839
3.982409
3.992886
-3.980373
-3.992777
3.975966
-3.989628
3.991795
3.965483
3.987529
3.994678
-3.995371
-3.971592
-3.992610
3.980339
3.969575
-3.975781
-3.974285
-3.972491
-3.984123
-3.978666
3.981780
-3.963213
-3.989900
-3.989113
-3.967841
-3.989914
3.945837
-3.840223
-3.985440
3.985774
-3.976591
3.983363
3.957476
-3.983189
3.990365
-3.983566
3.991045
3.973065
3.973674
3.973519
3.956779
3.984053
3.966970
-3.981601
-3.994383
3.993662
3.980485
3.976468
-3.992186
-3.976731
3.965161
-3.976203
3.956974
3.984157
3.969354
-3.948495
3.992282
-3.978104
-3.979487
3.982294
3.983947
-3.976882
3.982588
3.991317
-3.930070
3.993946
3.976496
-3.971593
-3.969864
3.994097
-3.991318
-3.989036
3.994694
3.961272
-3.990323
3.834307
3.991560
3.991495
-3.929281
3.972960
-3.976261
-3.955881
-3.992113
3.989134
3.978163
-3.995962
-3.967536
3.983221
3.985138
-3.905739
-3.989636
-3.949636
-3.983322
-3.983455
-3.981060
3.984740
3.988816
-3.988884
3.983665
3.993280
3.992269
-3.982646
-3.986966
-3.954202
-3.981433
3.995459
3.980533
3.975079
-3.981470
-3.986587
3.990655
3.990905
-3.988416
-3.992787
-3.977794
3.982669
3.975176
3.981679
3.978756
-3.926611
-3.984290
3.983991
3.987879
3.944830
3.976149
-3.979272
-3.839923
3.973396
-3.973481
3.994303
3.982682
-3.972056
3.987574
3.962122
3.977757
-3.956912
3.973052
3.995437
-3.994080
-3.988454
-3.949302
3.957670
3.990320
-3.919372
3.969471
3.988915
-3.982447
3.981938
3.974227
3.973540
3.996142
3.967065
3.961942
-3.993409
3.982005
3.980211
3.980525
-3.990804
-3.983479
3.994162
3.963948
3.993461
-3.984561
-3.966274
-3.991868
-3.993597
3.971595
3.995132
-3.950911
3.931986
-3.987854
3.649974
3.990075
3.985708
-3.976076
3.977890
-3.995466
-3.981620
-3.993019
-3.982889
3.919796
-3.981840
-3.978896
3.993464
-3.986254
-3.971693
3.972504
-3.969159
3.975535
3.979087
-3.978575
3.906029
3.934024
-3.960590
3.991365
-3.980297
-3.972069
3.993963
-3.971836
-3.985274
-3.981361
-3.987206
-3.934561
3.948975
3.984161
3.987099
-3.993998
3.995664
3.989212
-3.990716
-3.972789
3.958986
3.986553
-3.967585
3.990779
-3.979915
3.985498
-3.991076
3.963014
3.915062
3.924515
3.985093
3.986755
3.958910
-3.992719
3.976021
-3.990462
-3.966797
-3.986819
-3.952576
3.978313
3.980739
3.987250
3.976247
3.981451
3.985028
3.925091
-3.967378
3.979956
-3.976557
3.983374
3.984754
-3.974819
3.975252
3.979257
3.986020
3.981843
3.969434
-3.974869
3.993236
-3.990203
3.996307
3.968084
-3.978822
3.970990
-3.991423
3.973586
-3.984870
3.988626
-3.974223
-3.977224
3.991959
-3.996962
-3.977935
3.994648
3.981895
3.970364
-3.985223
-3.987197
-3.952768
3.980949
-3.979793
-3.962977
-3.984806
3.897394
-3.975005
3.994394
-3.977640
3.980057
3.936758
-3.980989
3.962318
-3.979194
3.987069
3.851986
-3.988054
-3.993351
-3.994734
-3.967137
-3.978907
-3.992683
-3.983802
3.970800
-3.965217
3.979248
-3.990767
3.978163
3.972961
-3.978757
3.963120
3.992707
-3.995650
-3.992598
3.973921
3.993572
3.987830
-3.960653
-3.981918
-3.986714
-3.936843
3.990713
3.987734
-3.989412
3.985253
-3.958399
-3.986788
-3.971736
-3.984996
-2.972061
-3.985685
3.979653
3.976990
3.969423
3.996526
-3.987993
3.967779
-3.992382
-3.980713
-3.986925
-3.978290
3.995527
-3.984400
3.993745
3.987589
3.955986
-3.974642
-3.982440
3.976773
3.984936
3.983134
-3.973954
-3.964105
3.985389
-3.964597
-3.993724
-3.982291
-3.978889
3.975050
-3.991950
3.941518
-3.937787
3.985203
-3.996118
3.962703
-3.973242
-3.939624
-3.988466
-3.959493
-3.976257
3.976014
3.985005
-3.990051
-3.918221
3.993990
3.996498
-3.996250
3.981723
3.989875
3.973573
-3.983165
-3.990901
3.979130
-3.970985
3.986999
-3.988091
-3.880341
3.938432
3.985152
-3.992014
-3.988066
3.892686
3.996037
-3.991969
-3.967404
-3.979608
3.979464
3.986572
-3.990143
-3.994101
3.971203
3.976499
-3.991840
3.989396
3.976256
3.989145
3.952831
3.917149
3.964066
-3.992643
3.980303
-3.923353
3.965504
-3.944529
3.988619
3.980823
3.981781
3.962270
3.984153
3.984235
-3.989180
-3.974966
-3.985288
3.960286
3.981669
3.970288
-3.964129
3.985865
-3.890904
-3.964084
3.934014
-3.985396
-3.977508
3.994549
3.986358
3.938330
3.980852
-3.986252
3.984572
3.931557
-3.971979
-3.979035
3.989673
-3.971963
-3.987776
-3.943795
-3.989977
-3.964535
3.990851
-3.969870
3.996913
3.991041
-3.982591
-3.991973
-3.993711
-3.966851
3.983550
-3.993493
-3.979438
3.976069
3.979047
3.996801
-3.988089
3.941865
-3.988874
-3.986331
-3.981023
3.989398
3.976649
3.990975
3.677008
3.982581
3.985404
3.968529
-3.964392
-3.992950
-3.975749
-3.996176
-3.981815
-3.972888
-3.969359
-3.987029
-3.978697
3.969034
3.986939
3.977088
3.984065
-3.975744
-3.986710
-3.971926
-3.987054
-3.978332
3.981671
3.957444
3.966856
3.963654
3.826685
-3.985687
-3.983518
-3.979329
-3.993338
-3.992946
-3.974952
-3.942739
3.981336
3.991385
3.992752
-3.973664
-3.969375
-3.972341
-3.956897
3.965196
-3.986842
-3.993204
-3.988650
3.996265
3.994906
3.996546
-3.986382
3.989968
-3.991339
-3.945115
3.974818
-3.996147
3.913110
3.967595
-3.990634
3.987782
3.990081
3.979241
3.984710
3.988114
3.987385
-3.986169
-3.987363
-3.988684
-3.968727
-3.994694
-3.992496
-3.979498
3.988851
-3.979986
3.993012
3.981282
-3.981542
-3.975875
-3.988061
-3.985998
-3.948449
-3.988450
3.990300
-3.951440
3.979457
-3.984180
3.968044
-3.966334
-3.951732
-3.992448
-3.976498
3.952495
3.989921
-3.974336
-3.985449
3.982214
-3.967127
-3.984292
-3.963727
-3.995061
3.991788
3.975483
3.968199
-3.992819
-3.980919
3.992441
-3.965758
-3.988638
-3.885345
3.993698
3.942926
3.956314
-3.980614
3.986287
3.900862
-3.987632
-3.988336
-3.983386
-3.978085
-3.975194
3.964293
-3.971209
-3.963137
3.951206
-3.996843
3.981350
-3.988922
-3.964090
3.981487
-3.963770
-3.856108
3.973208
-3.903590
3.974610
3.978134
-3.988882
3.990263
3.985322
3.959638
-3.974381
3.972632
-3.994325
3.989719
3.968975
-3.972307
3.986756
3.991758
3.966200
3.976536
-3.988852
-3.994462
3.974506
-3.976641
-3.981097
-3.956751
3.983464
3.990593
-3.978313
3.950660
-3.932156
-3.975813
3.961949
-3.982928
3.987668
-3.969179
-3.977156
-3.990103
3.974125
-3.963930
3.990612
3.986228
-3.974670
-3.992607
3.919123
-3.966344
-3.991236
3.980271
-3.991777
-3.982323
-3.991601
-3.965224
-3.960610
3.975207
-3.971830
3.983013
-3.948407
-3.988490
3.960078
-3.988331
-3.981067
-3.978358
-3.872183
-3.976249
3.985521
3.965008
3.966103
3.991839
-3.982274
3.985795
-3.958650
-3.979498
3.963888
-3.974160
3.990892
-3.982521
-3.994082
3.981204
3.977447
3.990587
3.995227
-3.978036
3.978034
3.987589
-3.945832
-3.988468
3.989261
-3.964705
3.971674
-3.991901
3.967093
-3.965932
3.996402
-3.985766
3.983711
-3.979602
3.973614
3.949098
3.991771
-3.978641
3.984270
-3.988836
3.969866
-3.982558
3.955866
3.996458
-3.980604
-3.979924
-3.956913
3.988064
-3.967827
3.927919
3.989557
3.909848
3.995603
-3.985486
3.981303
3.973487
-3.964428
-3.969668
3.982930
3.975420
3.988483
-3.950267
3.979316
3.987566
-3.994092
-3.989030
3.991817
-3.984376
3.987470
3.985521
-3.985562
-3.967968
3.980048
3.975206
3.993732
3.929520
3.960557
3.956157
3.920463
-3.983549
-3.945060
3.945727
-3.971722
-3.981934
-3.980702
3.983087
-3.978852
3.983044
3.968552
-3.971538
3.959978
3.994157
-3.982544
3.994255
-3.971930
-3.984147
3.961673
3.966714
-3.988260
3.985962
-3.984786
3.991730
3.967003
3.964368
-3.993812
-3.970276
3.901797
3.981787
-3.970907
3.990336
-3.969561
3.917491
3.988182
-3.965334
3.975386
-2.212911
3.970530
3.992644
-3.972609
3.978739
-3.991736
3.960190
-3.967676
3.991999
-3.977036
3.977379
-3.987927
3.976420
3.969743
3.990208
-3.996449
-3.966138
-3.989901
3.993318
-3.981092
-3.974664
3.988546
3.993453
3.996847
3.976177
-3.991196
3.995907
3.987161
-3.972749
-3.978442
-3.984124
-3.992418
-3.969285
-3.923202
-3.991036
3.995057
-3.987476
3.983031
-3.969684
-3.994840
-3.982796
-3.989521
-3.952670
3.985858
3.982604
3.986559
3.977949
3.967350
3.968109
3.908743
-3.976432
-3.996399
-3.991559
-3.927089
-3.985229
3.995627
-3.960203
3.978195
3.986091
-3.994155
-3.966417
-3.973341
-3.959838
3.931601
-3.971244
-3.982848
3.982528
-3.995384
3.983522
3.970444
-3.980349
3.983740
-3.971493
3.903050
3.979323
-3.990118
-3.978168
3.988664
-3.982106
3.972886
-3.992123
-3.994221
3.956562
3.978188
-3.975071
3.983990
3.976445
-3.986991
-3.991553
3.982626
-3.984661
-3.977152
-3.997086
3.972624
3.979544
-3.973545
3.996135
3.982566
-3.975153
-3.971229
-3.981956
3.986406
3.997015
3.976402
3.978082
-3.996211
-3.991016
3.987819
3.957529
3.949002
-3.978811
3.995858
-3.985022
3.995279
-3.995969
-3.971861
-3.996791
-3.982284
-3.975192
3.978338
3.993959
3.949195
3.995558
3.987728
3.990339
-3.972431
3.989774
3.994773
-3.968142
3.974728
-3.980495
3.989066
-3.981442
3.980178
3.983509
-3.990559
-3.991883
3.980014
3.983745
3.970610
3.981679
3.985235
-3.990207
-3.994781
-3.994126
-3.987144
-3.977456
3.967901
-3.921985
3.989832
3.987773
-3.960671
3.981830
-3.982120
3.984468
3.973345
-3.990123
-3.978890
3.995763
3.981369
3.911891
-3.980092
-3.983926
-3.990848
-3.968113
3.978075
-3.968775
3.991170
3.919905
-3.970301
3.996517
3.985562
3.984832
3.988652
3.959469
3.965271
3.957775
-3.983193
3.992382
3.976737
-3.988340
3.976657
-3.987542
-3.989650
3.967054
-3.983851
-3.991968
3.975796
-3.991965
3.980508
3.910236
-3.995055
-3.966760
-3.973645
3.973889
-3.913412
-3.988334
3.909719
-3.981940
-3.979053
-3.952592
-3.969849
3.969067
-3.995185
-3.908431
3.995048
3.991376
3.984769
-3.983825
-3.970079
-3.965043
3.992558
3.974117
3.989750
3.993296
-3.981293
-3.967127
3.980638
-3.989084
3.984587
-3.972156
-3.991482
3.974182
3.984817
3.648222
3.960409
-3.984757
3.992872
-3.982168
3.994758
-3.977334
3.988365
-3.975840
3.993975
3.958963
3.917855
-3.980825
3.965884
-3.987869
-3.978272
3.978201
3.957891
3.965364
-3.993211
3.986081
3.993283
-3.972710
3.973777
-3.986860
3.990227
3.970956
3.986502
3.992587
3.989980
3.992869
-3.979319
3.983510
3.994327
-3.970595
-3.967892
3.978975
3.992871
3.977497
3.975187
-3.959464
3.984781
3.987855
-3.953010
-3.950862
-3.973889
3.961746
-3.989911
-3.988653
-3.983539
3.986163
3.978334
3.971827
-3.981550
-3.992844
3.967655
-3.983996
-3.983519
-3.994509
-3.964449
3.985104
3.984315
3.980537
-3.985756
3.992779
-3.948341
-3.992477
-3.973295
-3.977771
3.961000
3.972680
-3.991517
3.960274
-3.983376
3.974797
-3.991411
-3.981800
-3.994472
-3.982380
3.970212
3.970162
-3.952055
3.989784
3.996275
3.982769
3.958896
-3.982875
3.981804
3.996130
3.988309
3.987193
-3.976380
3.982400
3.975500
3.969477
3.975757
3.969162
3.983606
3.974931
-3.995574
-3.982826
3.994419
-3.969728
-3.990050
-3.966030
3.904037
3.987361
-3.969692
3.947233
3.966733
3.966993
3.978342
3.988091
-3.970523
3.953985
-3.989672
-3.995088
3.980781
3.976810
-3.994490
-3.899607
3.979930
3.975442
-3.872381
-3.982801
-3.933409
3.985373
-3.981248
3.941780
3.985306
-3.990729
-3.973225
-3.955364
3.981060
-3.987808
3.972610
3.974061
-3.995914
3.978881
-3.554567
-3.952406
3.994135
3.968307
-3.961416
-3.959284
-3.979616
-3.948773
-3.986465
-3.966816
3.975856
3.966403
3.993910
3.995537
-3.977530
-3.986101
-3.973176
-3.689336
-3.967822
-3.985232
3.985846
-3.989049
3.964534
-3.989491
3.951787
3.987192
-3.974919
-3.971281
3.980847
3.964917
3.937711
-3.984891
3.990158
-3.993039
-3.944474
3.987406
3.968539
3.986489
-3.960038
-3.978807
-3.986058
-3.872149
3.972552
3.981942
-3.972360
3.983469
3.993500
3.995720
-3.974693
3.958937
3.988057
-3.994403
3.982282
3.977528
3.954163
-3.978181
-3.973461
-3.986564
3.968940
-3.993997
-3.979944
-3.993301
3.973514
3.969481
3.974374
-3.988062
-3.955690
-3.973206
-3.988761
-3.993339
3.904378
-3.994795
3.983425
3.960337
3.989368
3.960916
3.961693
-3.969045
-3.970407
3.981397
3.995639
-3.974840
-3.987576
-3.990038
3.981238
-3.981895
3.983655
3.979091
3.981411
3.936377
-3.974525
3.989113
3.981463
-3.989386
-3.969368
-3.992614
-3.977208
3.994881
3.982040
3.985991
3.952250
-3.982635
-3.977343
-3.967659
3.993205
3.983554
3.987752
3.986043
-3.988046
-3.983433
-3.984293
-3.988954
-3.976369
3.967270
-3.994843
3.989781
3.994134
3.976771
-3.988015
-3.997030
-3.970528
3.991435
3.976728
3.983714
3.992620
-3.970362
-3.996191
3.987536
3.966511
-3.993915
3.973363
-3.980653
3.976327
3.976833
3.977947
-3.978297
-3.981650
-3.977471
-3.985582
3.994078
-3.981118
-3.984386
3.968379
3.992629
-3.937073
3.898002
-3.984553
-3.986980
3.993326
-3.959996
-3.990995
-3.986594
3.982917
3.981214
3.977717
3.986307
-3.981366
-3.984894
-3.948187
-3.986336
3.984114
-3.987370
-3.979303
-3.955224
3.974220
-3.975996
-3.970367
3.937527
-3.972753
3.981476
3.975774
3.990937
-3.974700
-3.989607
-3.972276
-3.990120
-3.973950
-3.982095
3.978191
-3.962154
3.944190
-3.987178
3.981651
3.995338
-3.919190
3.968682
3.984902
3.987037
-3.978972
3.986405
-3.958839
-3.982301
-3.964858
-3.970620
3.962228
3.956426
-3.964707
-3.988170
-3.985309
-3.980654
3.983767
3.979852
-3.986402
-3.992361
-3.978014
3.973345
3.986262
-3.995277
3.979183
3.991483
3.920827
3.979253
-3.951775
3.973624
3.986991
3.897780
3.945322
-3.972324
-3.951927
3.972361
-3.979544
-3.982488
-3.980689
-3.930932
3.980882
-3.983421
3.977319
-3.983754
3.978903
-3.975761
3.976701
-3.992623
3.986663
-3.976143
3.991685
3.963029
-3.964446
-3.986699
-3.978737
3.986998
-3.837199
-3.979202
3.992878
-3.971701
-3.990890
-3.969561
3.985291
3.961697
-3.984344
-3.975825
-3.943826
-3.954287
-3.953017
-3.990005
3.979612
-3.978984
3.995636
3.995056
3.994189
3.985033
-3.983046
3.971944
-3.994057
-3.985951
3.987282
3.992121
3.940431
3.971772
-3.965869
3.924423
3.970646
-3.976615
-3.983524
3.976692
-3.975117
3.942533
3.987072
-3.988461
3.986727
-3.967107
3.969439
3.994313
3.935392
-3.988614
3.986773
-3.992344
3.990128
3.994911
-3.985176
3.988915
3.990971
-3.992886
3.978904
3.980129
3.964215
3.969343
-3.982900
-3.988622
3.971256
3.974539
-3.970405
-3.996502
-3.991844
-3.970147
-3.957170
3.982596
-3.969479
3.966781
-3.976643
-3.980882
-3.950138
3.989053
3.965988
-3.946623
3.973149
3.996302
3.982980
-3.962166
3.969153
3.989789
-3.947485
3.994129
-3.989639
-3.977453
3.956405
3.994289
-3.984967
-3.983012
3.946364
3.989008
-3.985144
3.995098
3.988754
-3.983916
3.985577
-3.995410
3.972918
-3.978480
3.982314
3.989733
-3.992406
3.988042
-3.978738
3.996578
-3.982466
3.901817
3.992823
3.985939
-3.971085
-3.975634
3.993357
3.953372
3.977446
3.987492
-3.941865
-3.968176
-3.976672
3.961963
3.984881
-3.980346
-3.975194
-3.982225
3.968768
3.909597
3.970680
3.976525
3.985329
-3.992007
-3.982778
-3.945507
-3.980211
3.982638
-3.991027
3.989526
-3.975791
3.987743
3.972792
-3.956715
3.980992
3.994838
3.990011
3.964359
-3.949175
-3.864294
3.979061
-3.987531
3.988523
3.982730
-3.980381
-3.959590
3.984929
3.987303
-3.970739
3.981648
3.989475
3.983460
-3.982504
3.973402
-3.978621
3.970446
3.919671
-3.967421
-3.996597
3.980789
3.980748
-3.985090
-3.988952
3.982703
-3.948090
3.988530
-3.953340
-3.965927
3.958647
3.988197
-3.949059
-3.994524
-3.986305
-3.994347
-3.908550
-3.984837
3.987711
-3.978085
-3.992769
3.992495
3.966388
-3.990348
-3.986413
-3.995889
-3.981273
-3.991264
-3.977421
3.963966
3.971329
-3.987858
-3.987888
-3.990759
3.935107
-3.922501
-3.980084
3.981186
3.984362
3.979367
3.982461
3.968140
3.986594
3.981597
3.992199
3.990141
3.988620
3.985594
-3.964405
-3.979674
3.990981
3.984403
-3.969124
3.989340
-3.951657
-3.969615
-3.942994
-3.980463
3.990398
3.996701
3.972863
-3.991734
3.973844
-3.955451
-3.993368
-3.962813
3.993012
-3.989995
3.968599
3.971564
-3.993197
3.984250
-3.970225
3.913125
3.876404
-3.980774
-3.983337
3.904974
-3.984137
-3.995612
-3.977531
3.992986
3.984509
-3.992869
-3.988291
3.990311
3.991251
3.990486
-3.954280
3.981816
3.971274
3.988986
3.978032
-3.983361
3.971248
3.981340
-3.983930
3.988159
3.978253
3.921163
3.991872
3.972124
-3.996003
3.981677
-3.975427
3.964142
-3.994949
3.968403
3.979916
3.968802
3.980196
3.956102
3.970795
3.975431
-3.982896
-3.979593
-3.979423
-3.993523
-3.968107
-3.988756
-3.972550
-3.954164
3.961527
-3.985035
3.965128
-3.989812
-3.968829
-3.967683
-3.979979
3.955711
-3.993815
3.996755
-3.945951
-3.996380
-3.991181
-3.983614
-3.969175
3.983982
3.978134
-3.972001
-3.979028
3.975605
3.980926
3.980351
-3.991329
-3.936830
-3.973885
-3.977841
3.952520
3.978822
-3.966491
-3.990201
3.989349
-3.989062
3.980883
-3.990718
3.986805
3.967664
3.972785
-3.972126
-3.989789
-3.918240
-3.989402
3.994143
-3.945079
-3.968384
3.982754
-3.978671
3.987463
3.987094
3.994455
-3.968648
-3.979431
3.951599
-3.918230
3.986884
3.974919
-3.996216
3.903552
3.984419
-3.991822
-3.983880
-3.981933
3.985983
3.989817
-3.989544
-3.985609
3.970024
3.992188
3.967022
3.982510
3.957661
3.967978
-3.965822
-3.957845
3.972121
-3.991375
-3.982392
-3.978649
-3.979117
-3.976351
3.981580
3.987134
3.980968
-3.990803
3.978654
-3.981567
3.948670
-3.977556
-3.976563
-3.979514
-3.991808
-3.994426
3.978894
-3.980768
3.980242
-3.980883
3.966629
-3.995431
-3.947993
3.973772
3.959847
3.962913
-3.968912
3.990809
-3.983868
-3.987555
3.965218
-3.992441
3.880760
3.992972
3.962729
-3.978963
-3.960442
3.979311
3.979566
-3.957198
-3.993583
-3.994576
-3.982904
-3.977581
-3.990729
-3.976380
-3.964005
3.995849
3.966797
3.956971
3.965988
-3.980649
-3.968758
3.984832
3.996612
-3.981531
-3.991946
3.995991
3.977541
-3.953903
-3.986469
3.992942
-3.936916
-3.983945
3.994605
3.985993
-3.979682
-3.970580
-3.983819
-3.977624
-3.985174
3.995917
-3.982312
3.987948
3.977146
3.984697
-3.941392
3.973923
3.992776
-3.985882
3.965381
-3.984042
-3.959786
3.989274
-3.992379
-3.950787
3.981998
-3.962689
-3.973214
-3.977657
3.946844
-3.974846
-3.981141
-3.994779
3.987223
-3.986682
3.986135
3.996592
-3.983484
3.846808
3.977188
3.991805
3.993410
3.961651
-3.978180
3.948529
-3.988101
3.990255
-3.981668
-3.932901
-3.987201
3.972551
3.978484
-3.978165
-3.951657
3.985624
3.897145
3.898703
3.976938
3.962797
3.977521
-3.994296
-3.983499
-3.944457
3.994289
-3.983708
-3.842685
-3.986407
3.967123
-3.970478
-3.991653
3.973250
3.951411
-3.996186
-3.959027
-3.962322
-3.957563
3.992171
3.981720
3.974675
-3.982610
-3.990227
3.986037
3.990233
3.959037
3.973433
-3.968516
-3.893276
-3.985009
3.976325
3.987186
-3.994004
-3.962782
-3.983729
-3.977473
-3.943088
-3.980938
3.991762
3.987160
-3.986235
-3.900319
3.991239
-3.943941
3.956203
3.991459
3.967561
3.976474
3.976867
-3.987746
3.974015
-3.996076
-3.989911
3.978997
3.981749
-3.988293
-3.985118
3.961812
-3.988054
3.977227
3.989787
-3.988471
-3.987258
3.976227
3.942635
3.992638
-3.986398
-3.991103
-3.975999
3.959300
3.755591
-3.973188
3.982706
-3.937115
-3.984958
-3.977705
3.975196
3.990339
-3.985322
-3.991759
3.971450
-3.993955
-3.938764
-3.975037
-3.967692
3.977975
3.988648
-3.978949
3.961566
-3.972207
-3.932213
3.982276
3.976697
3.992254
-3.970808
3.979099
-3.983371
-3.948360
3.993141
3.984387
-3.992462
-3.990047
3.960617
-3.977747
-3.980077
3.977642
-3.986536
3.993199
-3.969423
-3.985519
3.950492
-3.982284
3.992599
-3.992564
3.989534
-3.971941
-3.982451
-3.992541
-3.990141
-3.985544
-3.955566
-3.973270
-3.988380
3.995941
3.995146
-3.944841
3.974570
-3.990067
-3.797772
3.992177
-3.951574
3.955695
3.988554
-3.971492
-3.982759
-3.958663
-3.980841
3.985555
3.994414
3.988232
3.984873
-3.979814
3.974615
3.989369
-3.991376
-3.989351
-3.986940
-3.988639
-3.968053
-3.984680
3.959251
-3.969853
-3.992670
-3.980631
3.986510
3.989082
-3.994443
3.982779
-3.980664
-3.919564
-3.979228
-3.976916
3.963828
3.939075
-3.989745
3.969889
-3.964660
-3.958048
3.975252
-3.955430
-3.970545
3.987744
3.961199
-3.994805
3.968492
-3.979699
-3.982885
-3.982793
3.981994
3.991152
-3.990646
3.994474
3.994432
3.953353
-3.953251
3.967175
3.982507
3.979780
-3.988444
3.968252
-3.991630
3.977240
3.970658
-3.991668
-3.993099
-3.852065
-3.941885
-3.984629
-3.958341
-3.970403
-3.945841
3.918064
3.985873
-3.991670
3.975310
3.979653
-3.995153
3.979076
-3.996482
-3.968706
3.979679
-3.987198
-3.994603
3.984328
-3.979143
3.978081
3.988597
3.993738
3.973422
-3.968269
3.992737
3.980331
-3.984570
3.967714
3.994108
-3.996136
3.979236
-3.989372
-3.947634
3.965527
-3.985727
3.898566
3.977416
3.989224
3.904902
3.989498
-3.985455
3.931114
-3.951970
-3.988113
3.992168
3.962019
3.944014
3.985893
3.993890
3.970641
3.992332
3.995088
3.984817
-3.993065
-3.977970
-3.942184
-3.993390
-3.971784
-3.973937
-3.960954
3.971932
3.963755
-3.996341
3.977647
3.988466
3.948557
3.941503
-3.992374
3.980663
3.977712
-3.971386
3.992852
0.192006
3.982967
3.988848
3.995925
3.991272
-3.995958
-3.993924
3.990985
3.982100
3.987816
3.970845
-3.988619
3.964974
3.976226
-3.987005
-3.979566
-3.975408
-3.979414
3.974746
-3.963390
-3.964197
-3.984518
3.957215
-3.963125
3.988663
3.982554
-3.992738
-3.976632
3.985670
-3.988604
3.996443
-3.987362
3.986929
-3.963414
-3.977584
-3.975170
3.992067
3.974726
-3.988142
3.973494
3.963233
3.966161
-3.996764
3.984109
3.991767
-3.964749
-3.990921
-3.988147
3.975176
3.983836
-3.963343
3.960145
3.996990
3.980912
3.975100
-3.968605
3.976107
3.967780
3.984016
3.992574
3.976832
-3.978452
-3.992705
3.988837
3.994626
-3.990769
3.970714
3.982937
-3.992352
3.974914
3.969895
-3.979961
-3.932089
-3.971458
-3.984403
-3.979684
3.980879
-3.989947
-3.982063
3.986745
-3.977489
3.960764
3.965217
-3.966771
3.959920
3.979737
3.972541
3.987016
-3.968306
-3.983627
3.992902
-3.992294
-3.988480
-3.985070
-3.952154
-3.955472
3.933500
3.977952
3.978794
3.990367
3.914715
-3.986808
3.978827
-3.982185
-3.992451
-3.982815
-3.962426
3.982351
-3.979045
-3.955626
-3.975953
-3.987335
3.971997
3.995935
-3.952755
-3.965171
3.974756
3.985174
3.985171
-3.976472
3.974692
-3.972123
-3.978867
3.985294
3.993337
3.971974
-3.901009
3.984474
-3.972979
-3.991830
-3.993092
-3.958448
3.995650
-3.963342
3.953800
3.988553
3.986790
3.976212
-3.986387
-3.988936
-3.994085
3.963500
-3.988780
-3.950926
3.993255
3.994174
3.965454
-3.995350
-3.974287
3.981027
-3.983744
3.979530
3.996513
3.965569
-3.994818
3.992477
-3.992682
-3.970007
-3.987206
3.991588
3.960284
-3.985649
3.974427
3.992978
3.979670
3.976133
3.993501
3.983979
-3.969971
-3.994559
-3.983197
-3.982783
-3.989515
-3.994615
3.941882
-3.943915
-3.997249
3.984723
-3.993125
-3.990977
3.955780
-3.982882
3.991156
-3.986599
-3.976587
-3.965770
3.977212
-3.988231
-3.994351
-3.972589
3.962360
-3.985544
-3.979886
3.982539
3.976626
3.996031
3.980844
-3.992641
-3.962726
3.977142
3.982110
3.988560
3.990505
-3.978116
-3.953946
3.971401
3.981393
3.967922
-3.951050
3.964573
-3.952399
-3.945888
3.971005
-3.991836
3.983687
-3.985896
-3.978009
3.931259
-3.987400
3.974036
3.987376
3.950761
-3.989364
-3.983158
3.994413
3.989635
3.986302
3.973806
3.981328
-3.994013
-3.987662
3.960241
3.979548
-3.975212
3.980410
3.982676
-3.988867
3.981090
-3.892912
3.935805
-3.973822
3.945753
3.957331
3.984885
3.992329
-3.989060
3.984108
-3.961935
-3.977224
-3.991532
3.990622
3.984919
-3.979676
3.982534
-3.978865
3.989123
-3.990086
-3.972093
-3.987312
3.989825
3.996029
3.981163
3.974385
-3.990668
3.980995
-3.979831
3.994763
3.971784
-3.954640
3.989789
-3.965924
-3.983387
3.981465
3.983574
3.983148
-3.968025
3.993964
-3.992731
3.965611
3.994557
-3.957960
-3.981367
3.971812
-3.962787
3.989715
3.981869
-3.966257
-3.962633
-3.985733
-3.962581
-3.979102
-3.958834
-3.950490
3.974584
-3.990729
3.951085
3.995429
3.991757
3.991812
3.980481
-3.948193
-3.986393
3.737602
-3.983559
3.987987
3.985862
3.975374
-3.966757
3.982834
3.992771
3.984011
3.988714
3.928082
-3.986233
-3.952954
-3.985804
3.960559
-3.978792
3.983110
-3.969620
-3.982720
3.992426
3.995161
-3.992320
3.987686
-3.990625
-3.887149
-3.983925
3.992533
3.995248
3.968857
3.985939
-3.983973
3.973947
3.983475
-3.993984
-3.994262
3.970988
-3.946989
3.983268
3.977210
-3.883407
-3.987020
-3.993033
-3.967132
-3.966646
-3.989020
3.982370
-3.982353
3.976592
3.959811
-3.962470
-3.983774
-3.982816
3.972796
3.989179
-3.905656
-3.807687
-3.988230
-3.995982
-3.982727
3.982720
-3.988386
-3.986748
3.987698
-3.976680
3.986570
3.962720
3.994511
3.996342
3.967560
-3.984522
3.988973
3.982705
-3.996642
-3.991239
-3.992260
-3.987891
3.960253
-3.981170
-3.984527
-3.987568
3.979903
3.977452
-3.984835
3.977826
3.993228
-3.987840
3.991368
-3.982989
3.919797
-3.954993
-3.946956
-3.978550
-3.966508
3.990250
-3.989442
-3.976953
-3.973344
3.992461
-3.983184
3.986172
-3.996174
-3.982224
-3.987445
3.974123
3.966303
-3.980248
3.973891
3.973978
-3.994428
3.985955
3.958148
3.988432
-3.977961
-3.970387
-3.968210
-3.978070
3.996558
-3.971571
-3.989174
3.974429
3.980565
-3.962770
-3.978093
3.986632
-3.976459
3.996628
-3.960911
3.979001
-3.954401
3.980735
3.986359
3.984645
-3.995615
-3.990394
3.984369
-3.988038
3.964082
3.981621
-3.992238
-3.954486
3.950729
-3.973865
3.994150
3.990717
-3.982477
-3.990963
-3.957481
3.980226
-3.976789
3.979780
-3.980688
3.989320
-3.961730
3.992204
-3.986468
-3.981796
3.960043
-3.982874
3.972276
3.971866
3.989836
3.970345
3.976917
-3.989717
-3.969131
3.990733
-3.990202
-3.981982
3.985253
-3.970760
-3.972906
-3.988620
-3.990641
-3.965342
3.984665
-3.967645
-3.980425
3.986371
3.989463
-3.975930
3.993645
-3.976204
-3.978892
3.988483
-3.975563
-3.981860
3.960338
-3.992315
3.990662
-3.988102
3.977694
-3.981233
-3.973089
3.971187
3.995698
3.942261
-3.983406
-3.971957
3.975329
-3.992338
-3.937070
-3.985325
-3.994849
3.984698
-3.917629
-3.952045
-3.992987
3.969276
-3.990054
3.974616
-3.970679
-3.984557
-3.992002
3.968511
3.970394
-3.980073
3.994274
-3.993295
-3.911809
-3.980092
3.979676
-3.978038
3.988373
3.985828
3.974687
-3.989144
-3.990262
-3.986533
-3.992773
-3.977680
3.983624
3.978573
-3.219068
-3.970430
3.896734
-3.978873
3.968519
3.972930
-3.922065
3.970703
-3.976760
3.997191
3.988846
-3.883679
3.966668
-3.971922
3.962549
3.985603
3.982293
-3.987912
3.971473
-3.974772
3.980709
3.991141
-3.991631
-3.930341
-3.987771
-3.963508
3.966141
3.988812
3.987259
3.991963
3.978311
-3.987581
-3.995514
-3.970696
3.909879
3.989965
3.995203
3.990459
-3.969652
3.991923
-3.958667
3.976502
3.973223
-3.986933
3.963794
3.973474
3.991472
3.989420
-3.995396
3.984077
3.977383
-3.977002
-3.990322
3.977639
-3.989631
3.475220
-3.951718
3.985270
3.994033
3.994096
-3.994973
3.962117
3.985855
3.979613
3.975739
-3.988441
3.977915
-3.962572
-3.975485
-3.996213
3.985008
3.976892
3.993107
3.967664
3.965416
3.984716
-3.950890
3.983646
3.926864
3.962960
-3.990519
-3.974214
3.985649
3.982178
-3.983389
3.996076
-3.984656
-3.975512
3.987961
-3.988498
-3.982862
-3.985590
-3.981153
-3.994374
-3.995471
-3.966270
-3.988824
3.979810
-3.978726
3.994066
-3.995996
3.963118
-3.982296
-3.993687
-3.994277
-3.985750
-3.969855
3.991209
3.944274
-3.982596
3.995539
-3.985477
-3.987739
3.975760
-3.972601
3.983022
-3.984011
-3.982722
-3.977710
-3.990105
3.974174
3.994478
3.995777
3.992365
3.982648
-3.985210
3.986204
3.965249
-3.985831
-3.969120
-3.982655
3.981533
3.972239
3.986078
-3.950453
-3.950164
-3.993197
3.978287
-3.976916
-3.996505
3.979458
-3.985747
3.962862
3.973240
-3.980697
3.975432
3.993772
-3.994065
-3.971452
3.979231
-3.987039
-3.980402
-3.985525
3.993021
-3.958010
-3.989258
-3.994493
3.969107
-3.992871
-3.970262
-3.983761
3.994503
3.990215
3.984987
-3.988421
3.989616
-3.969575
-3.965049
3.997067
3.959352
-3.979319
-3.976552
-3.982327
-3.937087
3.983902
3.970160
-3.979809
3.976312
-3.964553
3.971754
3.940674
3.932420
3.993164
-3.947998
-3.994926
-3.989465
3.957665
-3.986610
-3.988103
-3.969446
-3.991119
-3.988906
3.983724
-3.982290
3.973036
3.947886
-3.988866
3.974862
3.976999
-3.987962
-3.967738
-3.969414
-3.992562
3.961147
-3.992141
3.973291
3.973086
3.990067
-3.976213
-3.983564
-3.974433
-3.975513
-3.958440
3.985015
3.973467
-3.977235
3.981051
3.967522
3.993045
-3.993128
-3.948790
3.980287
3.985633
-3.989666
-3.985456
3.962582
-3.992678
-3.990280
-3.970694
3.982359
-3.987972
-3.983655
-3.992808
3.983142
3.979071
3.986715
3.978984
3.983264
3.992630
-3.978010
-3.993109
-3.980473
-3.994932
-3.974035
-3.986775
3.986049
3.978612
-3.991692
3.994099
-3.987517
-3.930365
-3.986420
3.973344
3.982337
-3.988904
3.976558
3.963783
-3.979015
3.994872
3.948612
-3.981013
3.975677
3.989272
3.994315
3.989304
-3.974754
-3.980775
-3.994886
-3.976425
-3.964990
-3.983724
3.978528
-3.985858
3.991754
3.958579
-3.941159
-3.943928
3.974790
3.987335
3.995560
3.964820
3.963395
3.989128
3.975487
-3.983527
3.981737
3.993632
-3.985500
-3.984904
-3.977129
-3.977231
-3.979557
-3.978397
3.965761
-3.977611
-3.995781
-3.970993
-3.984694
-3.984873
-3.976405
-3.980399
-3.990815
3.970835
-3.994223
-3.980312
-3.946036
3.988838
3.992092
3.979423
-3.976491
-3.893688
-3.960379
-3.986886
3.988900
-3.990378
3.994190
3.949842
-3.980636
-3.964745
3.990190
-3.988214
3.976606
-3.994666
3.962051
3.980687
-3.936899
3.984791
3.986340
3.986425
3.955134
3.992107
3.952068
-3.977388
-3.981784
3.986295
-3.990405
3.995245
3.987966
-3.993009
3.954078
3.988347
3.990509
-3.921780
-3.988220
3.902414
-3.934149
-3.987266
-3.985867
3.971217
3.955677
-3.984837
-3.961600
-3.974269
3.979818
-3.964410
3.986899
3.992701
-3.983565
-3.986836
3.992247
3.957118
3.988813
-3.988293
-3.988040
3.980725
3.979946
-3.976622
3.993056
3.972176
3.991861
-3.966521
3.977414
3.986061
3.991715
3.990130
3.969537
-3.994098
-3.988632
-3.980821
3.995976
3.990952
3.950562
-3.964950
-3.984236
3.979668
-3.981778
3.991057
-3.982176
3.985569
-3.972937
-3.995389
3.979155
-3.974864
-3.996734
-3.971144
3.982691
-3.992512
3.994369
-3.979268
-3.966982
3.967185
3.991017
-3.962250
-3.982563
-3.965829
3.989669
3.974192
-3.969668
-3.983864
3.984457
3.984187
3.928113
-3.981649
-3.990761
-3.987553
3.977045
3.990493
-3.959756
3.992043
3.953099
3.981877
-3.985881
3.962240
3.967486
3.991714
-3.991218
3.992769
-3.983846
-3.965086
3.992837
-3.978729
3.976927
-3.996773
3.882752
3.976742
3.975688
3.963267
-3.992412
-3.978478
-3.990474
-3.965100
3.973850
-3.978787
-3.972220
3.990153
3.982789
3.988890
-3.976084
3.987733
-3.967777
-3.985843
3.980855
-3.974025
3.987304
3.970420
-3.971068
-3.970427
-3.926523
3.981740
-3.993780
-3.984646
3.981847
3.992520
3.973621
-3.989777
-3.985484
-3.985095
3.985867
3.973572
3.956336
-3.991798
3.961185
3.978635
-3.984876
-3.951189
3.980237
-3.932322
3.985282
3.983465
3.985973
3.993116
-3.991131
3.967765
-3.932426
3.986276
-3.983161
3.979609
-3.988090
-3.991097
3.991879
-3.993997
3.991681
-3.983703
-3.995808
-3.989265
-3.960200
3.995040
-3.953495
3.882718
-3.983040
-3.949462
3.980173
3.983529
-3.972689
-3.946422
-3.975709
-3.996243
-3.970643
3.991617
-3.972914
3.989957
3.972962
3.975837
-3.968409
-3.991529
3.956413
3.971164
-3.990940
-3.993649
-3.968742
-3.988539
-3.981588
-3.972537
3.980952
3.981462
-3.975443
3.973719
-3.992298
-3.959184
3.965767
3.993893
3.993849
-3.972388
-3.952931
3.991292
-3.982421
3.974289
-3.992109
-3.994261
3.978652
3.986685
-3.962972
3.973064
-3.973526
3.965707
-3.971471
3.988909
-3.991128
3.977188
3.986526
-3.913590
3.995801
-3.974405
3.977915
-3.980868
-3.992610
-3.967564
3.994149
3.987390
3.985615
-3.959028
-3.987205
3.972960
-3.966019
3.991723
3.959501
3.976410
-3.995703
-3.974532
3.985521
3.968920
-3.975049
-3.995672
3.963035
-3.982332
3.984016
3.989585
-3.977724
-3.985252
3.981155
-3.973945
3.986226
3.957197
3.978912
3.985469
3.985295
-3.986841
-3.993954
-3.972752
3.995027
3.983537
3.981109
3.984989
-3.984298
3.992922
3.986278
-3.982300
-3.919569
3.976846
-3.970543
3.993273
-3.985240
-3.976383
3.975029
3.979305
-3.977428
3.971143
-3.968892
3.985136
-3.902850
-3.935087
-3.985999
-3.944743
3.994270
-3.980819
-3.967084
-3.980253
-3.974804
-3.973545
-3.987885
3.991299
-3.980936
-3.987168
-3.985053
-3.976267
3.991754
3.947065
3.974834
-3.952612
-3.964743
3.988692
-3.980016
3.956608
-3.987580
3.956762
3.963929
3.961610
3.992262
-3.984782
-3.988288
-3.960037
3.962811
3.978654
3.990763
3.987499
-3.989663
-3.978850
3.990318
3.903600
3.849273
3.981572
3.970963
-3.992884
-3.976547
-3.984686
3.995058
3.988824
3.988500
-3.992377
-3.990252
3.973796
-3.989926
3.997101
3.954608
-3.984427
3.990716
-3.981992
-3.956568
3.983140
-3.974642
-3.983752
3.961900
3.995796
3.995570
-3.982473
-3.396284
-3.966413
3.989693
-3.944495
-3.994216
-3.991185
3.961115
-3.966656
-3.997046
-3.992641
3.979344
-3.993246
3.982313
3.979960
3.984623
-3.978019
3.989697
-3.989413
-3.995771
3.992959
3.994835
-3.991036
3.991088
-3.995778
-3.989531
3.975238
-3.954512
3.959877
3.948782
-3.985838
-3.972438
-3.984930
-3.990835
3.991377
3.978769
3.979178
3.979968
3.975465
3.981456
3.992984
3.967036
3.964980
3.975489
-3.978928
3.980970
3.992051
3.984789
-3.958460
-3.990632
-3.958621
-3.971512
-3.990454
3.968886
3.967290
3.993438
-3.955367
-3.989828
-3.985400
3.985932
-3.857574
3.985172
3.996546
3.928049
3.976825
-3.994854
3.985403
3.968833
3.985364
3.990818
3.952600
3.979511
3.974231
-3.996137
3.965483
-3.987241
-3.979270
-3.986841
3.991240
-3.977285
-3.959773
-3.939110
3.985158
-3.979159
3.974668
-3.984863
-3.977711
-3.987546
3.982463
-3.952158
3.972031
3.985441
-3.975732
-3.982049
-3.990412
-3.956518
3.990859
3.994492
3.978065
3.963562
-3.987179
3.944143
-3.989093
-3.987648
-3.984756
3.968856
3.987355
3.966927
3.989609
-3.965768
3.986161
3.981354
3.986146
-0.537884
-3.916154
3.962566
-3.973212
3.988980
-3.950689
3.977939
-3.991975
3.975118
3.980497
3.971754
3.989434
3.963590
-3.984886
-3.985477
-3.976294
3.984307
-3.989670
-3.964050
3.992916
3.965338
3.981370
3.979915
3.946451
-3.989084
-3.992629
-3.993690
3.988783
3.992679
3.980034
-3.983453
-3.993304
-3.946644
3.919673
3.984786
3.967173
3.982305
-3.949987
-3.977868
3.989368
-3.950650
3.972682
-3.986526
-3.949491
3.991081
3.989828
3.972965
-3.973587
-3.952565
-3.970287
3.973393
3.975179
-3.990202
3.951879
-3.991984
3.968808
3.979563
3.971159
-3.948246
3.951979
-3.996518
3.974821
3.994228
3.979653
-3.985255
3.944068
-3.973036
-3.973457
3.983653
-3.983914
3.990491
3.973522
-3.982420
3.979648
-3.992334
-3.976247
-3.992658
3.964791
-3.970374
3.992813
3.981359
-3.964542
3.941377
-3.988824
-3.984690
-3.970468
-3.968621
-3.958690
-3.763181
-3.988246
-3.985390
-3.967390
-3.987280
3.968287
-3.976000
3.971143
-3.973932
3.995393
-3.810132
-3.948439
3.993674
3.985969
3.968829
-3.991011
-3.981681
3.994396
3.992123
-3.982887
-3.985800
3.967940
3.974233
3.984500
-3.980341
3.980200
3.981413
-3.993195
3.993613
3.964602
3.985734
-3.965481
3.981474
3.985008
3.992918
3.972678
3.988302
-3.979384
-3.986872
3.975369
-3.967084
-3.980498
-3.988617
-3.979430
-3.952473
-3.988809
3.990338
-3.985978
3.965059
3.978899
3.994620
-3.969638
3.983654
-3.978704
-3.992876
-3.994686
-3.978590
-3.986040
3.981784
-3.980852
-3.971204
3.981469
-3.994113
-3.995287
-3.977494
-3.982330
-3.968984
-3.987129
3.968104
-3.935888
3.958632
-3.994792
3.992250
-3.978915
3.992871
3.988626
-3.973118
-3.990958
3.948659
3.989216
-3.977807
3.975600
-3.982339
-3.989285
-3.980216
3.991160
3.992292
3.986633
-3.972210
3.990982
3.986826
-3.992244
3.977993
3.985083
3.994001
3.984342
3.977395
3.465541
-3.986505
3.992694
3.988975
3.992144
3.962624
3.984621
3.977545
-3.983070
3.963062
3.991681
3.991078
-3.974328
-3.955484
-3.977664
3.991927
3.993674
3.976723
-3.992668
3.959433
-3.954983
-3.973059
-3.923322
3.985736
-3.965625
-3.969076
-3.927261
-3.982475
-3.971204
3.976433
-3.958189
3.984253
-3.985066
-3.976961
3.960522
-3.978759
-3.995543
-3.984803
3.989770
3.982416
-3.986310
-3.983600
3.980094
-3.980408
3.973516
-3.991298
3.993684
-3.996196
-3.983626
3.982972
3.973955
-3.994563
3.992628
3.979892
3.966449
-3.968501
3.994378
3.987436
-3.943305
-3.995158
-3.986961
3.986759
-3.993110
-3.986147
3.988783
3.994380
-3.985364
-3.946707
-3.972680
-3.993661
-3.954959
-3.969192
-3.993473
-3.994708
-3.979947
-3.955072
-3.954960
3.995467
-3.988109
-3.988362
-3.976316
-3.996776
3.985444
-3.973553
-3.980207
-3.972156
3.979605
-3.976022
3.988094
3.992929
3.988855
-3.973792
3.971762
3.991465
3.955772
3.987848
-3.973450
3.985263
3.983424
-3.985613
-3.988725
3.931379
-3.977026
3.980703
3.984094
3.984738
-3.971876
-3.806774
-3.978101
3.993172
3.977357
3.978217
-3.934150
3.919985
-3.977760
3.994117
-3.960560
-3.982521
-3.907374
-3.966085
3.988401
3.957441
-3.995803
3.962685
-3.982732
3.996319
-3.985498
-3.970093
-3.981178
3.915789
3.981728
3.973323
3.974845
3.982931
-3.972030
-3.950170
-3.995710
-3.984790
-3.985001
3.980014
3.963764
-3.986186
-3.980983
-3.943569
3.981446
-3.931360
3.962409
3.984788
3.977796
-3.971499
3.959635
-3.994369
-3.979432
-3.990270
3.955798
3.988808
-3.994067
-3.969399
-3.970728
3.988668
-3.941025
-3.981194
-3.968033
3.987118
-3.980205
3.982013
3.980293
-3.977248
3.980206
3.977999
3.982543
-3.991245
-3.969783
-3.991407
3.989727
3.978644
-3.990302
-3.988860
-3.959304
-3.962445
-3.984659
-3.987899
-3.951926
-3.996637
3.982872
3.994139
3.928080
3.975723
3.970524
3.976886
-3.926619
3.994247
3.969495
-3.970439
3.963335
3.975842
3.992311
-3.970134
3.959567
-3.977822
-3.987300
-3.963990
3.977481
3.979087
-3.985849
-3.970035
3.978752
3.956721
-3.985460
-3.956958
3.989526
3.985422
-3.989372
-3.976443
-3.967555
3.982866
-3.974750
-3.982967
-3.990444
-3.979796
3.991023
3.979927
3.983398
3.983287
-3.987101
3.979015
3.975432
3.976113
3.966349
-3.992010
-3.989901
3.962429
-3.987466
-3.963987
-3.976596
-3.945162
3.979783
-3.992730
3.992518
-3.983004
3.993852
3.978061
3.990005
-3.982110
-3.961832
3.966177
-3.989882
-3.985720
-3.943864
3.988150
3.992315
-3.982359
-3.985633
3.969479
-3.961157
3.989015
-3.969758
3.994295
3.989333
3.969967
-3.976055
-3.978630
-3.991186
3.929971
3.988982
3.944448
3.965154
-3.977303
-3.983532
-3.968557
-3.994930
3.976430
3.979138
3.987048
3.978641
-3.990942
-3.963166
-3.951580
-3.974827
3.983096
-3.994990
-3.972466
-3.987013
3.985586
3.989179
3.981337
3.983419
3.989981
3.995042
3.975282
-3.996349
-3.974920
-3.970951
3.994601
-3.992710
3.975900
3.984923
-3.991481
-3.997024
-3.985174
3.966647
3.996622
3.966339
3.953285
-3.920652
3.982931
3.972429
3.979248
-3.980833
-3.981886
-3.983759
-3.878842
-3.979782
-3.977118
3.906804
-3.960098
-3.978897
3.988324
3.995939
-3.988334
3.987378
3.991696
3.941610
-3.897409
-3.991274
-3.986714
3.991289
3.974904
3.995714
3.974278
3.992257
-3.988601
-3.837197
3.967869
-3.973512
3.988249
-3.980241
-3.987866
3.780211
-3.973243
3.971946
3.966118
-3.983167
-3.995330
3.992453
3.989254
-3.951039
-3.997017
-3.990672
3.986793
3.948514
-3.991061
-3.952496
3.989504
3.976466
3.982610
3.901828
-3.974172
3.964078
3.971819
3.974836
-3.987017
-3.985911
3.915786
-3.954263
-3.973217
-3.978360
3.993327
3.981269
-3.970205
3.987816
-3.955252
-3.978479
3.988193
-3.981334
-3.984175
-3.995072
-3.992082
-3.985197
3.969523
3.992951
-3.987974
-3.985861
3.964332
-3.961737
3.902450
-3.994167
-3.988485
-3.991423
-3.983850
-3.983657
3.989159
3.992156
3.972828
-3.965545
-3.975966
3.995361
3.978037
-3.978797
-3.994610
3.991338
3.985532
3.798577
3.970752
3.953615
-3.982435
3.935409
3.983304
-3.990756
3.977845
-3.990076
3.995892
-3.977228
-3.984247
-3.971104
3.983927
-3.984904
-3.983753
-3.986551
3.989168
-3.959732
3.984982
-3.991301
-3.977992
3.980693
3.962678
3.988107
-3.966328
3.974107
-3.981276
3.982212
3.971298
-3.988304
-3.981335
-3.976804
-3.994191
-3.971536
-3.965689
-3.965877
3.977221
3.984794
-3.984457
3.978151
3.969055
3.975686
3.981782
3.967337
3.985690
-3.973144
-3.977656
-3.982896
-3.990196
3.986979
-3.981684
3.982540
3.982392
3.976281
3.982651
-3.975673
3.993530
-3.985414
-3.994686
3.979825
-3.993842
-3.972113
3.974998
3.975506
-3.973152
3.951405
-3.968984
-3.966402
3.983972
3.988633
-3.992354
-3.989369
-3.966663
3.973904
3.994911
3.980034
3.993290
3.986355
-3.986308
3.980114
3.974547
3.994843
-3.983523
3.976715
-3.985292
3.988004
-3.987730
-3.973776
-3.975954
-3.992369
-3.982573
-3.976811
3.988648
3.976062
-3.970676
3.996197
-3.975893
3.992909
-3.996081
-3.981396
-3.989886
3.981723
-3.897816
-3.980770
3.972014
-3.971850
-3.984056
-3.994050
-3.987827
-3.989823
3.893256
-3.982666
3.975310
3.979636
3.962921
3.984332
3.994648
3.972676
3.984382
-3.984298
-3.974254
-3.979985
-3.969037
3.782490
-3.983608
3.987756
3.995552
-3.967429
3.979798
-3.996604
-3.990992
3.985100
-3.945144
3.961115
-3.992597
3.959784
-3.987523
-3.996895
-3.984384
3.979803
3.986844
-3.989074
-3.946878
3.988628
-3.993191
-3.987132
-3.987481
3.978933
3.985373
3.983524
3.968641
3.977357
3.971679
-3.987553
3.961108
3.992587
3.993458
3.984602
3.919657
-3.995683
3.986163
-3.981366
-3.984872
3.993774
-3.989089
3.986994
3.984693
3.931705
3.983128
3.975576
3.986460
-3.991185
-3.984560
3.984823
-3.981927
-3.984092
-3.957876
-3.973389
3.977312
-3.983851
3.980358
3.876926
-3.996187
-3.979834
3.989984
3.982251
-3.982574
3.990749
-3.975853
-3.990957
3.977433
-3.985384
-3.988428
-3.987048
-3.927566
-3.972883
3.953409
3.960150
-3.994105
3.977196
-3.976775
-3.977775
-3.977133
3.947750
-3.962233
-3.979304
-3.990135
3.977259
3.979239
3.994831
3.974545
3.987977
-3.979053
3.977018
3.956023
-3.983832
3.992574
3.994275
-3.984631
3.983855
-3.993235
-3.805227
3.950164
-3.985162
-3.981821
3.994834
-3.995098
-3.981700
-3.942808
3.992841
-3.994675
3.932213
3.991031
3.994683
-3.984615
3.974937
3.988088
-3.975402
-3.976990
-3.975544
-3.982686
3.989137
3.942007
-3.985789
3.937675
-3.991661
-3.983397
-3.980467
3.964685
3.977276
-3.993128
3.993551
3.958891
-3.976149
-3.994180
3.990690
3.983738
3.978243
3.977445
-3.991642
-3.917607
3.977654
3.986218
-3.979576
-3.984377
-3.964689
-3.981787
-3.965413
-3.993675
-3.979854
3.918104
3.986574
3.990059
3.986992
-3.992397
3.988268
3.983439
-3.985900
-3.996026
3.991297
3.948995
3.975812
3.982874
3.982491
3.968978
-3.981990
3.991898
3.983433
3.935122
-3.986588
-3.985414
-3.988706
-3.993445
-3.977314
-3.979612
3.978227
3.974894
-3.978900
-3.881831
-3.983860
-3.993039
-3.979716
-3.963931
3.970139
3.984257
-3.977030
-3.978489
3.903145
-3.944267
3.991529
3.974308
-3.978613
3.986057
3.939583
-3.966783
3.992619
-3.954009
-3.948985
3.994170
3.997136
-3.982345
3.981088
3.980860
-3.982032
-3.987891
-3.996408
3.989678
-3.970464
-3.989230
3.944006
-3.958325
-3.986450
-3.937331
-3.967105
-3.958984
-3.341530
-3.985663
3.987632
3.949028
3.995213
-3.937058
-3.954563
3.961748
-3.988614
-3.967174
-3.987923
3.974743
-3.982868
3.975036
-3.991978
-3.989120
-3.968441
-3.974805
-3.959834
3.987393
-3.975494
3.986293
3.987555
-3.989532
-3.977777
-3.828025
-3.990217
3.967295
3.980119
3.984184
3.961777
3.990369
-3.982968
-3.958300
3.985425
3.984421
-3.974189
3.979019
3.967153
-3.988094
3.994447
3.962198
3.975056
-3.990881
3.965923
3.993241
-3.984431
3.982649
3.963723
-3.991951
3.946675
-3.993085
3.958475
-3.949447
-3.989093
-3.992092
-3.978636
3.995047
3.995239
3.986741
-3.981412
-3.926028
3.976186
3.973000
-3.975540
3.988911
-3.965832
-3.945186
3.985155
3.988212
-3.985382
-3.983051
3.989754
-3.991549
3.973857
3.990071
3.996505
3.976057
-3.979196
-3.967908
-3.968872
-3.988493
-3.993794
3.953516
-3.986619
-3.964787
3.975948
3.984644
3.980787
-3.986447
-3.976497
-3.969646
3.929337
3.982075
-3.983731
3.951501
-3.986433
3.979519
-3.994151
-3.985630
3.975361
-3.983252
3.991984
3.987327
3.970140
3.960848
-3.977452
-3.976746
3.984803
-3.985993
3.981744
-3.984236
3.993970
-3.972353
-3.980910
-3.959913
-3.984349
3.975572
3.979619
3.984687
3.982904
-3.980699
-3.971674
3.985930
-3.971084
-3.918487
-3.986134
3.982414
3.996020
3.936348
3.973257
3.986662
-3.977277
3.978993
3.963402
3.942570
3.965833
3.996453
-3.997107
-3.995109
-3.976432
3.977401
3.992926
-3.991989
-3.921422
3.979844
3.937792
-3.973559
3.980254
