9.000000	0.000000	50	0.100000	ARCHIVOS_REDES\ER\ER_646.txt
8.918086	0.062897
8.846411
8.947603
8.887173
8.959475
8.895690
8.966607
8.962977
8.767785
8.825180
8.907904
8.908315
8.956979
8.992447
8.926917
8.865418
8.886271
8.993035
8.778810
8.804359
8.999226
8.967249
8.957473
8.832876
8.934950
8.919105
8.963680
8.790962
8.975501
8.736068
8.924420
8.981671
8.909213
8.952109
8.786099
8.979583
8.863977
8.980548
8.955567
8.954329
8.774874
8.941499
8.982044
8.948140
8.992446
8.947405
8.940217
8.903656
8.830130
8.989256
8.863390
8.953679
8.875820
8.780927
8.928229
8.958022
8.981675
8.798438
8.841469
8.934819
8.976023
8.918126
8.852713
8.918151
8.794679
8.938596
8.842223
8.863756
8.810113
8.953770
8.874202
8.960759
8.970254
8.972945
8.944340
8.907774
8.894301
8.954238
8.849189
8.955763
8.959648
8.995012
8.855535
8.924177
8.855317
8.973022
8.954001
8.963530
8.851794
8.835297
8.842489
8.920474
8.804334
8.918349
8.950615
8.844148
8.979770
8.865814
8.951358
8.946683
8.958305
8.930165
8.863279
8.972716
8.966021
8.860458
8.964287
8.802723
8.934693
8.943032
8.905235
8.885861
8.921872
8.978674
8.993148
8.869431
8.916831
8.937411
8.863261
8.948924
8.971945
8.769767
8.891162
8.875480
8.896391
8.939910
8.972639
8.914403
8.963288
8.917285
8.873134
8.825007
8.819135
8.855297
8.904451
8.839864
8.957771
8.924090
8.719610
8.923097
8.803278
8.986870
8.924395
8.917047
8.972161
8.938409
8.904248
8.753817
8.771299
8.718648
8.988469
8.811351
8.915733
8.949138
8.909502
8.922388
8.939409
8.888394
8.978558
8.981364
8.892107
8.895265
8.908068
8.891678
8.943291
8.973819
8.881677
8.959350
8.865345
8.996674
8.941244
8.990906
8.979737
8.988297
8.936495
8.922339
8.912379
8.738827
8.946659
8.983805
8.979619
8.964526
8.995363
8.985656
8.807736
8.901423
8.900763
8.958110
8.856305
8.805179
8.895493
8.957429
8.878225
8.998183
8.850913
8.977311
8.977690
8.962144
8.961522
8.906020
8.917633
8.932432
8.990009
8.797818
8.822134
8.973236
8.910633
8.816639
8.978024
8.968838
8.960621
8.923302
8.949286
8.978620
8.930091
8.740026
8.963191
8.927877
8.933629
8.941467
8.992376
8.821757
8.864107
8.962814
8.966727
8.945770
8.891435
8.856258
8.776412
8.898933
8.749843
8.967302
8.893171
8.815891
8.969972
8.755705
8.988556
8.740241
8.936898
8.770850
8.981662
8.964477
8.831312
8.946663
8.911143
8.885159
8.956573
8.885173
8.764469
8.932143
8.852824
8.935585
8.896548
8.959612
8.916162
8.892829
8.966000
8.754241
8.982320
8.808717
8.979714
8.984921
8.973110
8.939392
8.976269
8.808877
8.803123
8.878515
8.956570
8.798225
8.966586
8.898425
8.969404
8.844514
8.967265
8.927517
8.967100
8.970486
8.959245
8.941724
8.950522
8.974857
8.950835
8.861694
8.987424
8.990059
8.873088
8.822106
8.905548
8.949348
8.933091
8.994093
8.974259
8.980872
8.991086
8.842143
8.923694
8.943948
8.994908
8.866819
8.899388
8.997130
8.936177
8.988241
8.980509
8.957140
8.942723
8.973617
8.907658
8.974041
8.964865
8.934039
8.915061
8.957495
8.977277
8.798690
8.860087
8.863988
8.768809
8.995274
8.963899
8.964166
8.963224
8.990928
8.877956
8.919814
8.963429
8.953818
8.990321
8.862838
8.967439
8.958703
8.893954
8.952412
8.952367
8.946873
8.984220
8.983508
8.999333
8.899840
8.896895
8.967553
8.967355
8.827079
8.808264
8.930948
8.969195
8.984306
8.971385
8.973095
8.819459
8.965544
8.954374
8.898731
8.942065
8.913242
8.975562
8.909285
8.915720
8.947042
8.996667
8.905479
8.747739
8.944016
8.843288
8.931456
8.945143
8.910106
8.926945
8.927637
8.846223
8.968279
8.803511
8.871314
8.966504
8.864263
8.943349
8.964252
8.877828
8.997665
8.965991
8.970292
8.989112
8.865168
8.811418
8.960683
8.983608
8.948317
8.926972
8.988446
8.961782
8.994535
8.912214
8.989364
8.997595
8.972721
8.814159
8.998748
8.924587
8.944853
8.950924
8.920587
8.861226
8.871270
8.832594
8.992534
8.953491
8.959639
8.903672
8.761251
8.961417
8.998697
8.812982
8.918278
8.964341
8.961927
8.963119
8.805070
8.938153
8.933388
8.937589
8.998146
8.977325
8.960992
8.944275
8.873856
8.923330
8.865285
8.900866
8.991863
8.946809
8.933522
8.928227
8.888325
8.853544
8.899434
8.905014
8.994921
8.965717
8.980340
8.967928
8.951776
8.962369
8.999064
8.879518
8.949925
8.977197
8.972000
8.953376
8.987797
8.861853
8.904862
8.796108
8.874354
8.958472
8.953494
8.794820
8.912050
8.810673
8.971268
8.914102
8.876877
8.951718
8.979948
8.960022
8.782143
8.934799
8.933874
8.985170
8.796045
8.932969
8.962068
8.907187
8.976845
8.964665
8.757067
8.975922
8.931826
8.969050
8.944648
8.944603
8.970731
8.791859
8.860111
8.883862
8.979214
8.983628
8.957570
8.999651
8.921593
8.972467
8.984238
8.944302
8.945479
8.802754
8.855459
8.919229
8.935074
8.994557
8.820221
8.934535
8.941594
8.941305
8.856012
8.995102
8.954723
8.943575
8.888401
8.836681
8.946173
8.948552
8.835758
8.943823
8.874791
8.860961
8.920548
8.960724
8.787137
8.965879
8.927892
8.878469
8.979433
8.911601
8.660151
8.948115
8.876713
8.775872
8.935616
8.946332
8.980058
8.975065
8.918472
8.932970
8.971364
8.945923
8.910812
8.934858
8.718428
8.964442
8.922161
8.881311
8.814713
8.851775
8.969620
8.925243
8.948203
8.960574
8.919004
8.964873
8.969759
8.780992
8.915368
8.960586
8.963098
8.972842
8.744197
8.971519
8.911074
8.884903
8.804998
8.914349
8.967059
8.823000
8.851905
8.977532
8.910725
8.992633
8.905061
8.901324
8.920561
8.789385
8.934936
8.980031
8.962695
8.908135
8.940695
8.915528
8.940732
8.945934
8.947335
8.840840
8.966608
8.773670
8.980268
8.903582
8.753976
8.708161
8.921981
8.929714
8.970285
8.898840
8.957023
8.767669
8.914456
8.963979
8.915315
8.868966
8.776814
8.948235
8.921203
8.957407
8.794801
8.895280
8.927703
8.879238
8.873515
8.976950
8.987817
8.983191
8.984430
8.995699
8.965784
8.851604
8.838161
8.956192
8.943231
8.669712
8.801652
8.815387
8.996426
8.855660
8.848700
8.970192
8.928597
8.953234
8.787097
8.934213
8.972645
8.887436
8.875322
8.975136
8.997946
8.940230
8.966808
8.955266
8.867397
8.883984
8.886139
8.935160
8.929708
8.887113
8.869261
8.930998
8.885237
8.878170
8.992944
8.940078
8.955423
8.908139
8.941866
8.864905
8.836569
8.922530
8.944975
8.973624
8.828936
8.968157
8.976322
8.969421
8.972522
8.964923
8.990912
8.929399
8.959629
8.911267
8.983832
8.970888
8.906013
8.981515
8.985493
8.916041
8.895688
8.951548
8.978769
8.986882
8.880973
8.950470
8.853051
8.969534
8.822290
8.911210
8.906564
8.814989
8.999133
8.897627
8.996339
8.890132
8.947415
8.966120
8.982097
8.976538
8.721613
8.766032
8.989661
8.951199
8.863201
8.857400
8.796958
8.942149
8.926111
8.914702
8.971892
8.973438
8.995758
8.999338
8.955750
8.981199
8.846983
8.944481
8.945489
8.970062
8.946460
8.892242
8.992862
8.855103
8.952493
8.956135
8.901088
8.710475
8.951483
8.802764
8.877058
8.945141
8.982932
8.957779
8.857944
8.946411
8.971303
8.824304
8.933688
8.846271
8.933293
8.946446
8.949835
8.829073
8.940364
8.765101
8.870443
8.789745
8.921711
8.931708
8.978321
8.822454
8.940270
8.981907
8.882076
8.968148
8.822842
8.910081
8.903940
8.907754
8.941543
8.972977
8.859564
8.982726
8.932660
8.873044
8.958162
8.979975
8.951473
8.898708
8.838008
8.864327
8.777818
8.948771
8.892967
8.964856
8.965771
8.852679
8.939437
8.839519
8.958777
8.839288
8.971879
8.935719
8.978271
8.990712
8.952262
8.912459
8.984861
8.907123
8.933645
8.976373
8.864687
8.873622
8.974909
8.884452
8.903307
8.818134
8.959111
8.884109
8.744368
8.753806
8.883967
8.968150
8.962473
8.941030
8.898805
8.975461
8.963605
8.928170
8.877101
8.902716
8.833989
8.811486
8.858980
8.999200
8.895834
8.944091
8.929014
8.928196
8.957801
8.918417
8.762098
8.912637
8.940522
8.986242
8.999287
8.844528
8.877769
8.928403
8.888195
8.870281
8.839950
8.953411
8.920439
8.882536
8.902945
8.997225
8.690679
8.948261
8.953696
8.869276
8.956316
8.950145
8.881234
8.880138
8.807396
8.909901
8.967373
8.958172
8.925753
8.829804
8.876988
8.944178
8.726543
8.981703
8.957412
8.971518
8.919737
8.969216
8.954937
8.971990
8.948215
8.989920
8.869072
8.992842
8.943047
8.892313
8.931643
8.953182
8.836052
8.810018
8.988225
8.930660
8.949805
8.957557
8.999211
8.936360
8.927577
8.936305
8.888628
8.926882
8.928241
8.877222
8.990692
8.962333
8.954312
8.938483
8.998788
8.993948
8.912393
8.834023
8.947225
8.973656
8.988722
8.970962
8.808888
8.873898
8.715995
8.989892
8.926694
8.921361
8.850439
8.965919
8.914551
8.930557
8.903307
8.859351
8.985904
8.964352
8.832291
8.997210
8.841666
8.956673
8.932114
8.898443
8.823102
8.898795
8.931948
8.943381
8.949926
8.892827
8.887335
8.819826
8.939276
8.911197
8.931005
8.795504
8.920682
8.877462
8.922095
8.890209
8.950659
8.948290
8.949643
8.910753
8.992503
8.956384
8.966628
8.981417
8.994889
8.849149
8.960394
8.878479
8.881604
8.991113
8.968912
8.966252
8.964195
8.955368
8.886991
8.981795
8.964449
8.886911
8.924671
8.966702
8.929293
8.931226
8.939864
8.970925
8.809015
8.808425
8.926388
8.989656
8.790616
8.944095
8.940992
8.823487
8.860371
8.903089
8.816859
8.931181
8.969420
8.966801
8.929002
8.836763
8.886007
8.940743
8.975058
8.933309
8.758549
8.868940
8.954865
8.949097
8.951493
8.930058
8.966053
8.805143
8.929879
8.900943
8.853551
8.963977
8.939825
8.995215
8.974496
8.943295
8.930194
8.770696
8.987662
8.922148
8.977871
8.986348
8.996408
8.892459
8.965023
8.927152
8.881274
8.883501
8.867174
8.855994
8.957799
8.940966
8.935204
8.880927
8.978965
8.872231
8.833042
8.873575
8.811970
8.926565
8.956374
8.782609
8.845804
8.940944
8.821932
8.972062
8.946335
8.953253
8.902501
8.906609
8.980811
8.899169
8.969679
8.900617
8.928000
8.908218
8.943602
8.830129
8.978878
8.840266
8.984351
8.930819
8.901642
8.997478
8.986863
8.934913
8.971982
8.905321
8.876914
8.821927
8.993605
8.975040
8.962941
8.953050
8.767309
8.897990
8.884545
8.845963
8.911021
8.946780
8.802616
8.954624
8.979554
8.920430
8.832034
8.990547
8.946724
8.949289
8.801968
8.968503
8.975756
8.970786
8.921527
8.911021
8.950433
8.960350
8.951198
8.986895
8.901482
8.978638
8.908460
8.920237
8.978297
8.883866
8.793156
8.954584
8.936642
8.994800
8.911626
8.836184
8.913314
8.994074
8.943692
8.939021
8.976532
8.926946
8.995981
8.913752
8.925886
8.988981
8.906786
8.821950
8.981755
8.965287
8.964336
8.958787
8.926954
8.937931
8.967463
8.902352
8.983652
8.866430
8.969178
8.932379
8.907957
8.904084
8.974805
8.871469
8.845933
8.985546
8.969350
8.953297
8.912596
8.799245
8.928330
8.996265
8.965169
8.951087
8.845245
8.931387
8.987338
8.873895
8.936510
8.945139
8.968032
8.909444
8.880058
8.910479
8.933812
8.810327
8.946754
8.905653
8.954181
8.872995
8.976210
8.965561
8.925323
8.874551
8.989687
8.860851
8.974492
8.894460
8.986842
8.975167
8.991771
8.848028
8.962378
8.766680
8.951827
8.786999
8.696899
8.991758
8.958937
8.967895
8.935790
8.833561
8.979928
8.920299
8.991106
8.928208
8.962111
8.960507
8.811392
8.781597
8.901901
8.773693
8.985404
8.912578
8.984210
8.778598
8.979193
8.920370
8.870729
8.886696
8.804324
8.947237
8.841125
8.960962
8.873376
8.872085
8.835018
8.838296
8.945689
8.878068
8.873366
8.961910
8.941998
8.973892
8.998904
8.971155
8.966713
8.888245
8.827094
8.904004
8.872532
8.984099
8.916499
8.998030
8.957914
8.949992
8.915856
8.973098
8.883652
8.991809
8.922636
8.951242
8.854676
8.967005
8.958613
8.991639
8.875249
8.973703
8.989650
8.875806
8.965498
8.996389
8.914090
8.993785
8.824294
8.927954
8.963527
8.896020
8.883890
8.874826
8.924510
8.946566
8.904157
8.854466
8.962511
8.976559
8.989353
8.899481
8.927760
8.997805
8.967304
8.978429
8.962370
8.988209
8.935429
8.966314
8.902488
8.979464
8.944576
8.886840
8.867437
8.990118
8.803897
8.964400
8.971245
8.915433
8.987589
8.919210
8.990196
8.943695
8.972916
8.989195
8.957651
8.838782
8.935367
8.961964
8.960900
8.898994
8.942612
8.977585
8.842699
8.837268
8.980947
8.961359
8.937490
8.902272
8.979163
8.887754
8.961457
8.973679
8.926270
8.996652
8.962453
8.934637
8.877408
8.984036
8.947757
8.897911
8.962401
8.998503
8.852115
8.976562
8.955165
8.919778
8.917064
8.933002
8.772338
8.940231
8.829388
8.927200
8.856129
8.877080
8.944905
8.822828
8.852215
8.910372
8.855888
8.973717
8.856039
8.850088
8.886145
8.851390
8.925374
8.967976
8.943583
8.897083
8.948682
8.953937
8.767981
8.928822
8.933015
8.983620
8.707577
8.998659
8.942895
8.970588
8.813482
8.849199
8.886366
8.932776
8.860663
8.873658
8.884035
8.851264
8.925393
8.967081
8.952406
8.959745
8.948192
8.957244
8.938427
8.871741
8.960186
8.961956
8.939752
8.966876
8.953831
8.942621
8.943502
8.868265
8.953107
8.920486
8.968687
8.971418
8.972193
8.966983
8.967895
8.975238
8.902277
8.920979
8.959499
8.848566
8.882813
8.905828
8.905182
8.998997
8.821841
8.950166
8.912047
8.950568
8.807496
8.910295
8.984085
8.902188
8.971000
8.871908
8.887731
8.883476
8.973635
8.909143
8.976224
8.985953
8.961322
8.949302
8.902532
8.834797
8.615144
8.862505
8.853758
8.968348
8.814245
8.976182
8.955233
8.975681
8.859717
8.867867
8.961948
8.951894
8.923588
8.931769
8.838339
8.935790
8.896796
8.951027
8.900547
8.984708
8.984555
8.924528
8.985733
8.892589
8.900024
8.948645
8.968256
8.802597
8.907873
8.944411
8.993087
8.941959
8.984392
8.892204
8.870734
8.882377
8.840962
8.938962
8.773257
8.944568
8.785801
8.943210
8.841294
8.958211
8.964168
8.918995
8.966997
8.922381
8.988015
8.982030
8.802266
8.952848
8.927831
8.944287
8.762488
8.946944
8.944925
8.976850
8.964510
8.943228
8.950477
8.965886
8.957868
8.982212
8.916213
8.970503
8.899807
8.929538
8.947266
8.894151
8.974864
8.932887
8.913967
8.952533
8.951718
8.895946
8.874597
8.946607
8.945966
8.966391
8.835738
8.886018
8.880219
8.947447
8.982248
8.892309
8.971560
8.985091
8.982784
8.954233
8.892419
8.713813
8.903652
8.839678
8.907781
8.971585
8.908187
8.934821
8.959232
8.783563
8.985283
8.805107
8.988342
8.903597
8.985369
8.921255
8.916925
8.920227
8.897380
8.937821
8.951399
8.955816
8.916330
8.952856
8.883358
8.968502
8.954485
8.923431
8.996042
8.951385
8.977073
8.942158
8.829270
8.969181
8.950107
8.643552
8.774729
8.964774
8.973051
8.894504
8.995649
8.994640
8.847474
8.739043
8.880835
8.962286
8.931799
8.969283
8.922103
8.962595
8.866667
8.835119
8.894792
8.958187
8.962123
8.976004
8.939174
8.922556
8.944638
8.974615
8.839483
8.899551
8.982013
8.852191
8.940837
8.985483
8.944449
8.920037
8.917584
8.945768
8.974934
8.966121
8.810580
8.992194
8.995277
8.925232
8.900879
8.844208
8.910828
8.960791
8.943806
8.854805
8.835094
8.976126
8.901150
8.875334
8.875153
8.986433
8.945073
8.844396
8.931007
8.957764
8.778591
8.923307
8.877149
8.910496
8.949544
8.893664
8.904670
8.932487
8.890230
8.993732
8.810181
8.990689
8.962818
8.904520
8.701983
8.981415
8.970211
8.898614
8.852474
8.950397
8.834962
8.819820
8.973692
8.958009
8.823500
8.952639
8.931361
8.865722
8.939012
8.913150
8.773610
8.900475
8.930633
8.835318
8.997897
8.966117
8.924631
8.964191
8.973425
8.877524
8.810682
8.906395
8.811312
8.872768
8.972986
8.973960
8.889666
8.962745
8.854771
8.987454
8.779663
8.943157
8.946743
8.830327
8.939884
8.906311
8.711979
8.916240
8.834640
8.920227
8.922404
8.881417
8.921019
8.951199
8.996078
8.816396
8.898924
8.985357
8.977363
8.994970
8.915543
8.908453
8.961359
8.983110
8.947319
8.993669
8.978230
8.858515
8.896818
8.946817
8.897841
8.951888
8.927792
8.948236
8.874302
8.822089
8.773330
8.870921
8.926933
8.951896
8.873484
8.961991
8.920244
8.917024
8.983422
8.892627
8.938065
8.948089
8.909087
8.779872
8.925409
8.907104
8.975868
8.947183
8.983908
8.920545
8.962002
8.972343
8.900158
8.952887
8.869954
8.956314
8.854733
8.945487
8.998740
8.838969
8.773118
8.926970
8.983191
8.794500
8.835465
8.931723
8.966227
8.940962
8.968276
8.962668
8.836475
8.903535
8.969400
8.978808
8.799979
8.869919
8.979688
8.884598
8.774923
8.901205
8.940285
8.843369
8.941361
8.900295
8.924562
8.987038
8.997191
8.961235
8.962568
8.932069
8.910420
8.885144
8.944002
8.969727
8.979568
8.928234
8.815825
8.976989
8.943101
8.992713
8.900418
8.942823
8.992115
8.827870
8.948598
8.935039
8.933660
8.944826
8.979202
8.916701
8.985162
8.905395
8.975088
8.962569
8.973169
8.971078
8.910715
8.942930
8.873336
8.862017
8.940320
8.801958
8.946781
8.971027
8.997926
8.906691
8.792430
8.949111
8.992747
8.802139
8.803429
8.963519
8.977839
8.868531
8.956115
8.925218
8.884041
8.854901
8.884050
8.991371
8.966396
8.921127
8.969131
8.857062
8.948794
8.955704
8.887826
8.975338
8.992319
8.922584
8.754770
8.966902
8.953371
8.832393
8.959613
8.761263
8.999541
8.962842
8.951703
8.969609
8.884378
8.892805
8.958822
8.926677
8.952968
8.976379
8.916442
8.885962
8.917861
8.887126
8.940558
8.845772
8.891196
8.919450
8.866101
8.824626
8.967250
8.977591
8.928333
8.964312
8.979745
8.762960
8.899518
8.996191
8.987243
8.979935
8.910291
8.798402
8.966067
8.999523
8.980081
8.932334
8.812548
8.936349
8.990378
8.950127
8.821309
8.941420
8.943225
8.747771
8.960110
8.937825
8.986753
8.977988
8.867933
8.930940
8.814813
8.894462
8.823561
8.970397
8.940840
8.900322
8.932127
8.855562
8.974185
8.939562
8.951502
8.992196
8.833011
8.963157
8.850175
8.978284
8.971857
8.905613
8.877735
8.802423
8.955343
8.974165
8.813610
8.869077
8.827287
8.745133
8.938259
8.999396
8.938340
8.897332
8.941727
8.977786
8.960863
8.988318
8.978183
8.981765
8.958438
8.848633
8.904139
8.951487
8.898005
8.990560
8.875674
8.955279
8.949489
8.996908
8.882782
8.900409
8.893477
8.825883
8.867688
8.776061
8.968437
8.981689
8.985391
8.992156
8.942218
8.982648
8.908729
8.969274
8.806672
8.991600
8.825819
8.862210
8.948495
8.947089
8.937630
8.954512
8.976097
8.933751
8.944859
8.938357
8.874152
8.722959
8.851669
8.995301
8.909549
8.924847
8.934064
8.964755
8.943362
8.815832
8.858640
8.926664
8.918834
8.850224
8.902818
8.813305
8.926336
8.829840
8.815803
8.959921
8.778764
8.860179
8.969894
8.975069
8.852678
8.950383
8.984552
8.889519
8.962615
8.983653
8.901312
8.958556
8.831757
8.976784
8.995917
8.840953
8.951120
8.948440
8.867656
8.967418
8.964237
8.885428
8.940527
8.967200
8.966960
8.833059
8.953926
8.942389
8.964119
8.967326
8.921155
8.951314
8.945510
8.980948
8.988061
8.932667
8.939483
8.965702
8.921671
8.998979
8.945946
8.950834
8.890538
8.975578
8.949105
8.868153
8.995167
8.929199
8.941014
8.898882
8.852278
8.974234
8.941120
8.883547
8.897948
8.874106
8.922764
8.921732
8.996422
8.954131
8.997893
8.889866
8.948880
8.947807
8.930067
8.955074
8.977237
8.855817
8.926589
8.819628
8.821009
8.937802
8.921496
8.767422
8.929362
8.973098
8.913581
8.798152
8.949282
8.771878
8.991090
8.986836
8.913735
8.904429
8.967252
8.844065
8.991092
8.925724
8.949846
8.928722
8.966187
8.907008
8.988139
8.810654
8.948739
8.849377
8.794791
8.943051
8.936764
8.939669
8.995989
8.885619
8.959706
8.907819
8.933119
8.943822
8.927978
8.990459
8.863641
8.908642
8.937807
8.962206
8.778614
8.921211
8.920258
8.963273
8.972367
8.876610
8.920376
8.955056
8.937726
8.879780
8.930797
8.881486
8.818105
8.900913
8.948700
8.835388
8.980069
8.824908
8.975212
8.945400
8.800583
8.993550
8.969505
8.815162
8.929462
8.856340
8.823880
8.857882
8.957055
8.930396
8.922853
8.970979
8.987635
8.783424
8.988978
8.819983
8.943907
8.930464
8.935010
8.904637
8.911166
8.970475
8.930706
8.963409
8.833458
8.855412
8.943093
8.967712
8.951042
8.936423
8.989588
8.805537
8.790193
8.717930
8.994609
8.943084
8.977036
8.854848
8.865174
8.965631
8.829784
8.949927
8.934104
8.973412
8.958522
8.936257
8.977777
8.832544
8.959168
8.983473
8.951893
8.936815
8.893218
8.940433
8.905209
8.874210
8.980831
8.945048
8.999068
8.935282
8.990128
8.891102
8.945052
8.957204
8.852564
8.907949
8.957584
8.939209
8.973657
8.831607
8.917340
8.812471
8.912639
8.795099
8.914005
8.990753
8.824166
8.737340
8.858393
8.908395
8.903228
8.830791
8.836304
8.906073
8.974637
8.922948
8.961510
8.949519
8.997621
8.808667
8.942707
8.964218
8.954251
8.994253
8.982933
8.983559
8.984234
8.979815
8.947851
8.968447
8.950321
8.976365
8.985986
8.782608
8.937580
8.961881
8.929536
8.839751
8.863167
8.978695
8.982227
8.948918
8.794223
8.999211
8.936101
8.956081
8.906831
8.964145
8.968108
8.946894
8.801297
8.956088
8.896922
8.948453
8.881273
8.863241
8.910484
8.950282
8.798836
8.891992
8.810433
8.954762
8.964921
8.925105
8.961713
8.846925
8.938280
8.948507
8.948801
8.967200
8.992012
8.850544
8.973381
8.906180
8.968192
8.945705
8.964856
8.808437
8.984639
8.956361
8.985333
8.950214
8.968966
8.962500
8.982808
8.979884
8.738101
8.986051
8.974093
8.815909
8.921829
8.799260
8.985823
8.968277
8.846514
8.970318
8.922548
8.966316
8.927208
8.974254
8.956602
8.998582
8.935876
8.963707
8.939815
8.900309
8.962394
8.960499
8.982458
8.963831
8.834308
8.939507
8.939368
8.932680
8.978119
8.987981
8.838348
8.867501
8.965287
8.870851
8.919515
8.969160
8.889740
8.937301
8.847298
8.708979
8.973517
8.984823
8.994247
8.920861
8.811358
8.953421
8.997157
8.924125
8.923023
8.875189
8.930823
8.969755
8.964440
8.922708
8.890058
8.948050
8.933363
8.904439
8.963834
8.884796
8.966660
8.971821
8.948840
8.866953
8.952433
8.914768
8.771581
8.929707
8.999301
8.967104
8.942766
8.968016
8.965687
8.990338
8.853524
8.877697
8.884094
8.880706
8.901156
8.940967
8.858182
8.969511
8.935824
8.953253
8.961214
8.947218
8.990329
8.976914
8.831669
8.899036
8.857724
8.979861
8.927216
8.943324
8.918152
8.975515
8.968124
8.994448
8.881468
8.929227
8.922165
8.830614
8.821057
8.977478
8.974205
8.925141
8.748250
8.907873
8.932582
8.933866
8.945372
8.946350
8.957913
8.942468
8.928960
8.877550
8.830958
8.941383
8.950160
8.989851
8.942606
8.882907
8.970327
8.939694
8.950600
8.988995
8.942108
8.928068
8.948879
8.999180
8.984605
8.977569
8.830938
8.925384
8.936353
8.930727
8.968604
8.901255
8.860026
8.992931
8.966738
8.922434
8.960132
8.796746
8.962570
8.985314
8.914317
8.891264
8.996538
8.869843
8.964433
8.847757
8.964233
8.926986
8.822526
8.970164
8.852204
8.998982
8.959350
8.998353
8.882718
8.974343
8.989883
8.926694
8.988433
8.859427
8.936110
8.953064
8.951734
8.828066
8.889243
8.980397
8.908848
8.982327
8.937311
8.934119
8.968865
8.878850
8.986148
8.990625
8.872301
8.806076
8.967889
8.959571
8.961535
8.810186
8.939187
8.977770
8.794977
8.736667
8.797834
8.870550
8.981545
8.947314
8.919847
8.981630
8.796987
8.891717
8.975854
8.935560
8.908529
8.877872
8.983178
8.828115
8.944165
8.872383
8.967067
8.861116
8.884620
8.939807
8.960281
8.862492
8.954194
8.970407
8.931021
8.955051
8.877567
8.940777
8.961721
8.942413
8.870201
8.905320
8.959841
8.930286
8.917012
8.833159
8.889442
8.986177
8.997132
8.938087
8.980631
8.969694
8.955089
8.927543
8.961396
8.892767
8.945406
8.890119
8.967676
8.963244
8.928594
8.943495
8.799168
8.842479
8.908940
8.821748
8.960781
8.953257
8.997371
8.994418
8.928894
8.943595
8.867409
8.939291
8.942019
8.952381
8.928386
8.939011
8.975092
8.969541
8.966778
8.832549
8.930922
8.898925
8.957044
8.879257
8.764034
8.672827
8.888549
8.959044
8.954655
8.956946
8.957537
8.787061
8.919467
8.939248
8.868151
8.888524
8.947105
8.935572
8.896276
8.891870
8.951996
8.882784
8.985296
8.963998
8.926390
8.901701
8.767679
8.987426
8.940662
8.973605
8.998031
8.995629
8.971501
8.923135
8.982318
8.976860
8.808680
8.971068
8.936758
8.951479
8.920832
8.833434
8.979462
8.967345
8.972225
8.940998
8.987656
8.978012
8.965446
8.996515
8.953614
8.873277
8.998206
8.965574
8.957197
8.961867
8.949914
8.889106
8.962069
8.966264
8.935195
8.837099
8.978382
8.978017
8.951151
8.993513
8.941846
8.786743
8.968991
8.880675
8.777817
8.924151
8.848522
8.726547
8.823629
8.837250
8.768063
8.941965
8.930247
8.985110
8.844408
8.915900
8.957150
8.965970
8.908560
8.852293
8.940710
8.936640
8.963709
8.887149
8.853124
8.877854
8.989906
8.970624
8.996328
8.996418
8.955616
8.893936
8.972822
8.869257
8.968462
8.853289
8.881108
8.879648
8.960509
8.909797
8.978260
8.936885
8.954345
8.930065
8.964235
8.980510
8.817718
8.937096
8.981480
8.843418
8.982925
8.928174
8.861490
8.811719
8.855240
8.978954
8.900874
8.867206
8.970221
8.963195
8.972671
8.908263
8.938386
8.940981
8.961533
8.978906
8.955318
8.949198
8.999573
8.840440
8.833456
8.952492
8.961596
8.993205
8.932652
8.971205
8.886354
8.875434
8.888018
8.954716
8.955425
8.903236
8.972201
8.815889
8.965556
8.825305
8.870559
8.802890
8.958109
8.940640
8.927960
8.899198
8.821277
8.923459
8.950113
8.891114
8.982047
8.953850
8.854044
8.859734
8.907338
8.786692
8.759903
8.812667
8.898506
8.973640
8.801771
8.838591
8.936482
8.952713
8.932692
8.901870
8.971105
8.793376
8.953333
8.740546
8.953458
8.860476
8.698963
8.877241
8.870724
8.853549
8.934751
8.947980
8.931980
8.903249
8.902866
8.960856
8.933395
8.954185
8.984687
8.972371
8.959814
8.971317
8.726154
8.951901
8.985147
8.951898
8.920130
8.785731
8.899570
8.873239
8.949364
8.892570
8.891937
8.977697
8.808232
8.974750
8.934703
8.885783
8.917617
8.832613
8.938660
8.894485
8.869068
8.972741
8.969819
8.813603
8.904936
8.940223
8.895369
8.949911
8.950772
8.910528
8.938100
8.900511
8.962103
8.964512
8.880584
8.966940
8.899660
8.962092
8.934695
8.983812
8.925108
8.961194
8.979947
8.933264
8.968047
8.915663
8.934235
8.807533
8.967382
8.936360
8.834735
8.949519
8.985249
8.786924
8.910540
8.977426
8.983793
8.905678
8.937613
8.990712
8.980577
8.839105
8.947811
8.903902
8.926876
8.978696
8.989756
8.939589
8.911903
8.940177
8.804833
8.955834
8.894132
8.820692
8.840702
8.888815
8.937836
8.965115
8.962712
8.958920
8.970444
8.834724
8.804187
8.983868
8.854771
8.946442
8.818066
8.936604
8.998097
8.993148
8.904507
8.871359
8.851060
8.808088
8.951084
8.853085
8.963779
8.983747
8.988727
8.997254
8.972303
8.968585
8.953635
8.877746
8.968665
8.928600
8.936258
8.973944
8.885259
8.824195
8.994954
8.800681
8.952811
8.905553
8.918868
8.958513
8.916041
8.892727
8.735648
8.905023
8.841416
8.929998
8.936159
8.938064
8.880270
8.980833
8.907156
8.975174
8.979467
8.963678
8.796214
8.973044
8.834967
8.850281
8.961592
8.870970
8.918059
8.892834
8.931313
8.948222
8.982414
8.959847
8.929619
8.788394
8.939160
8.964513
8.959771
8.938944
8.935742
8.922051
8.812737
8.908137
8.817786
8.979064
8.996639
8.917783
8.966450
8.990687
8.919896
8.960701
8.907903
8.945150
8.968693
8.984982
8.877711
8.990785
8.986296
8.951609
8.827313
8.931633
8.988284
8.963487
8.945162
8.980554
8.951364
8.972536
8.946064
8.887259
8.996730
8.854237
8.950041
8.953909
8.724792
8.771961
8.830836
8.803201
8.861233
8.857513
8.940632
8.963303
8.918470
8.849209
8.918383
8.946118
8.947546
8.903077
8.812960
8.934666
8.934632
8.940798
8.943715
8.766203
8.794081
8.899871
8.946279
8.878768
8.968591
8.999249
8.956320
8.941309
8.923529
8.865855
8.941408
8.964631
8.916351
8.999103
8.871884
8.921170
8.988509
8.918297
8.953361
8.949045
8.873646
8.975151
8.943004
8.979035
8.982131
8.923527
8.934082
8.960626
8.800555
8.981608
8.884929
8.957473
8.852010
8.803785
8.740542
8.883152
8.951297
8.984951
8.978830
8.797966
8.966701
8.821830
8.942069
8.963365
8.867168
8.995944
8.769724
8.974543
8.888808
8.868907
8.966815
8.988255
8.976364
8.895365
8.773564
8.965465
8.990029
8.743931
8.946655
8.874244
8.980226
8.931514
8.982694
8.795624
8.936230
8.982672
8.999184
8.927321
8.947473
8.790605
8.874360
8.921141
8.860103
8.924280
8.963641
8.947500
8.973882
8.946280
8.964843
8.920970
8.944338
8.783742
8.973673
8.936798
8.884037
8.837761
8.976157
8.949128
8.974787
8.905887
8.873812
8.878184
8.991825
8.915831
8.912626
8.915198
8.952803
8.922972
8.918912
8.902483
8.943982
8.856085
8.881138
8.961051
8.975803
8.846764
8.891090
8.975794
8.937221
8.772149
8.969679
8.935869
8.763824
8.991219
8.989109
8.960567
8.959387
8.978268
8.981670
8.911734
8.927023
8.978062
8.943680
8.998072
8.959619
8.795927
8.851455
8.954468
8.900306
8.976280
8.921791
8.967318
8.884501
8.879115
8.955852
8.935841
8.854200
8.869596
8.930391
8.950305
8.801768
8.996840
8.973047
8.959905
8.851321
8.856684
8.961755
8.995267
8.841349
8.931581
8.833056
8.881986
8.802848
8.804011
8.906320
8.872952
8.949915
8.971189
8.951895
8.760765
8.864024
8.803800
8.946252
8.974125
8.847720
8.818506
8.955438
8.827351
8.934411
8.994670
8.951832
8.972618
8.971942
8.763561
8.926973
8.935248
8.871410
8.885257
8.974812
8.968480
8.935473
8.656343
8.942444
8.977407
8.950267
8.959199
8.970051
8.897433
8.896312
8.920457
8.861063
8.993040
8.952214
8.925117
8.995284
8.979950
8.958731
8.927760
8.992208
8.869309
8.942562
8.989096
8.979682
8.946809
8.975003
8.890854
8.972342
8.955660
8.940026
8.952900
8.884172
8.945382
8.930807
8.953609
8.759896
8.890616
8.866719
8.868628
8.994001
8.988446
8.960750
8.937864
8.967082
8.945877
8.982208
8.791151
8.978470
8.877120
8.829791
8.883124
8.990445
8.978310
8.788547
8.967315
8.744585
8.878819
8.948739
8.892686
8.985230
8.951997
8.918966
8.966972
8.868487
8.860213
8.963832
8.904680
8.859082
8.969275
8.924983
8.993081
8.935706
8.989255
8.783545
8.970398
8.838311
8.918946
8.938453
8.863354
8.894451
8.766500
8.844407
8.831724
8.906034
8.892259
8.932752
8.853260
8.969295
8.925120
8.930326
8.921759
8.934623
8.936460
8.960098
8.864776
8.950160
8.941730
8.980234
8.922343
8.875073
8.966975
8.988970
8.950279
8.980862
8.935103
8.847098
8.936590
8.901791
8.909996
8.965592
8.964309
8.952954
8.875949
8.998253
8.866456
8.960787
8.998787
8.966275
8.930570
8.959502
8.784189
8.916631
8.836760
8.912713
8.792122
8.987473
8.934024
8.776756
8.861422
8.913334
8.869991
8.918508
8.913227
8.985836
8.965308
8.987419
8.909397
8.969707
8.990562
8.784741
8.885460
8.875385
8.950961
8.874000
8.842198
8.919445
8.955186
8.848391
8.759447
8.966518
8.875879
8.981517
8.953269
8.808583
8.810077
8.858383
8.835629
8.893807
8.938170
8.998672
8.940693
8.929875
8.950760
8.951087
8.797389
8.974203
8.925372
8.875382
8.780721
8.901188
8.996622
8.910069
8.910865
8.991564
8.935161
8.878889
8.861281
8.869934
8.978313
8.991516
8.941654
8.891343
8.973104
8.996684
8.920386
8.974101
8.850307
8.849442
8.942384
8.890832
8.913267
8.964225
8.970547
8.937716
8.968875
8.787485
8.814214
8.909028
8.936905
8.968577
8.882409
8.912425
8.955963
8.981780
8.949424
8.938734
8.835408
8.965515
8.903946
8.867014
8.976504
8.792638
8.967408
8.958928
8.947336
8.944863
8.958009
8.952584
8.886906
8.946663
8.960843
8.920414
8.873210
8.945950
8.954699
8.951196
8.831146
8.958135
8.989644
8.898263
8.947149
8.913928
8.842885
8.951547
8.970308
8.909993
8.927320
8.941229
8.980558
8.893876
8.942836
8.848694
8.950928
8.952044
8.945062
8.881623
8.977314
8.968616
8.944275
8.927756
8.789827
8.852865
8.964908
8.795332
8.992487
8.839959
8.990341
8.838690
8.930409
8.974461
8.863802
8.937503
8.802510
8.961538
8.949455
8.999159
8.985496
8.926800
8.943817
8.944966
8.963627
8.880871
8.925248
8.911829
8.902717
8.997989
8.937726
8.883355
8.876690
8.869938
8.873852
8.915706
8.803705
8.896999
8.908846
8.986884
8.993613
8.998267
8.990853
8.763519
8.953646
8.925100
8.864451
8.983968
8.864613
8.885302
8.912119
8.965037
8.968509
8.825507
8.957560
8.922755
8.955759
8.972095
8.998389
8.870625
8.931233
8.957115
8.944319
8.851747
8.918702
8.989968
8.958890
8.991671
8.949064
8.948241
8.930566
8.973199
8.866362
8.847645
8.942293
8.977772
8.953509
8.966141
8.901781
8.945931
8.905643
8.858693
8.956832
8.991424
8.962259
8.925787
8.990530
8.987797
8.924651
8.918404
8.812892
8.928568
8.941808
8.911639
8.981594
8.861034
8.867647
8.990889
8.987008
8.954962
8.917976
8.994306
8.801063
8.923694
8.920646
8.961097
8.935930
8.988863
8.991075
8.858585
8.921677
8.924522
8.952004
8.975288
8.896072
8.623263
8.854951
8.973052
8.917460
8.973978
8.791694
8.962830
8.928950
8.978450
8.913334
8.988532
8.865412
8.659791
8.952359
8.971252
8.987909
8.802328
8.976606
8.885275
8.953955
8.989072
8.902943
8.813310
8.856455
8.967653
8.983692
8.967958
8.851781
8.891739
8.912141
8.802500
8.887135
8.933492
8.878333
8.985727
8.888589
8.987490
8.919705
8.931307
8.968032
8.955904
8.982457
8.955694
8.962193
8.995413
8.956740
8.941851
8.949792
8.822202
8.876654
8.907800
8.901486
8.998850
8.963951
8.914044
8.919374
8.887373
8.965937
8.998785
8.862680
8.975740
8.805008
8.915405
8.909358
8.917696
8.801406
8.950370
8.984403
8.980322
8.945391
8.739097
8.947184
8.958142
8.984400
8.927785
8.975876
8.907213
8.882455
8.954972
8.806134
8.964583
8.967578
8.992101
8.951065
8.879362
8.947995
8.875612
8.908035
8.939517
8.984759
8.989237
8.867588
8.960358
8.851199
8.994751
8.916062
8.934298
8.917298
8.928053
8.949660
8.955042
8.901167
8.961877
8.972676
8.942908
8.959650
8.995152
8.796028
8.968131
8.971335
8.948447
8.969945
8.922699
8.933805
8.980597
8.992501
8.980919
8.911300
8.953275
8.940085
8.957179
8.943025
8.997536
8.883621
8.815467
8.948693
8.861751
8.854577
8.784497
8.963366
8.741267
8.931604
8.920136
8.725129
8.861657
8.851529
8.928795
8.945013
8.961790
8.927850
8.779783
8.906637
8.927065
8.946187
8.985155
8.963020
8.967443
8.936994
8.923435
8.860895
8.838429
8.843518
8.959044
8.936186
8.814694
8.950212
8.912753
8.961058
8.943269
8.977350
8.924092
8.922550
8.902060
8.931804
8.811327
8.952284
8.891067
8.997245
8.960025
8.943273
8.844447
8.821293
8.919244
8.885108
8.886761
8.909801
8.898104
8.767909
8.917595
8.922885
8.997740
8.910280
8.924452
8.861495
8.998149
8.879795
8.962713
8.794215
8.902899
8.949636
8.793179
8.817217
8.972317
8.898906
8.911427
8.941276
8.953798
8.981256
8.912524
8.908495
8.969608
8.869712
8.791311
8.923701
8.932023
8.924128
8.971637
8.957977
8.975753
8.878566
8.977329
8.951200
8.997975
8.945901
8.975685
8.983623
8.989686
8.965098
8.896547
8.963866
8.986577
8.935171
8.951188
8.935472
8.977893
8.890280
8.960900
8.843403
8.904695
8.977071
8.978429
8.838628
8.998713
8.758183
8.967670
8.966366
8.947264
8.962302
8.909306
8.992090
8.973176
8.972732
8.969805
8.882783
8.733518
8.887665
8.929543
8.973758
8.962559
8.922607
8.801512
8.954544
8.842722
8.987280
8.830963
8.853534
8.956220
8.961404
8.880997
8.963526
8.943650
8.986660
8.974415
8.865196
8.953821
8.914406
8.945009
8.915678
8.868625
8.829803
8.962954
8.870374
8.860430
8.930972
8.921450
8.816129
8.950674
8.939675
8.940832
8.950555
8.791365
8.922501
8.964760
8.955966
8.883133
8.996071
8.901085
8.980041
8.953390
8.930697
8.862636
8.924370
8.917407
8.949947
8.834975
8.810902
8.893391
8.916948
8.847800
8.953299
8.972092
8.981677
8.927570
8.873221
8.946990
8.761117
8.932384
8.814052
8.965538
8.985298
8.954329
8.967300
8.944391
8.942792
8.994679
8.906229
8.926294
8.764433
8.888325
8.966637
8.939617
8.867046
8.911108
8.988250
8.979223
8.904700
8.956598
8.888732
8.952831
8.987749
8.951049
8.933725
8.877482
8.995714
8.971088
8.937494
8.950644
8.968349
8.989251
8.931124
8.857947
8.942393
8.930500
8.930688
8.969011
8.999011
8.836839
8.880888
8.794023
8.888375
8.812214
8.911908
8.926767
8.937211
8.909613
8.958440
8.754922
8.954688
8.886421
8.732874
8.808464
8.985141
8.865938
8.864533
8.951697
8.953261
8.987584
8.888379
8.997705
8.989096
8.903493
8.942564
8.976769
8.965529
8.888065
8.782099
8.977365
8.862973
8.863431
8.708320
8.994781
8.888485
8.893512
8.863953
8.978379
8.933829
8.992985
8.884820
8.859436
8.938299
8.910615
8.791859
8.882316
8.951686
8.846858
8.768486
8.915281
8.890804
8.898469
8.839520
8.856746
8.877905
8.813998
8.969894
8.875180
8.907139
8.867634
8.927072
8.950804
8.888105
8.901143
8.937527
8.878181
8.801621
8.926510
8.785658
8.944498
8.867268
8.952282
8.997116
8.929244
8.969258
8.954216
8.946496
8.981081
8.996688
8.733936
8.977815
8.776717
8.969509
8.894702
8.923024
8.951737
8.916525
8.989124
8.862814
8.972304
8.959391
8.928908
8.893413
8.803777
8.898921
8.783747
8.965700
8.897943
8.965871
8.935018
8.884010
8.960376
8.923849
8.971396
8.915131
8.994813
8.961554
8.912253
8.866926
8.971728
8.980493
8.951653
8.899930
8.953033
8.783336
8.903323
8.900421
8.856823
8.970091
8.929788
8.928644
8.954076
8.810065
8.969072
8.926981
8.919104
8.852192
8.829527
8.990777
8.961850
8.966662
8.846008
8.946235
8.953346
8.908334
8.867733
8.941621
8.904446
8.917455
8.969868
8.973730
8.902499
8.949399
8.899477
8.945675
8.939045
8.910532
8.971318
8.955324
8.973923
8.986004
8.900436
8.889191
8.803024
8.861009
8.861860
8.935815
8.896554
8.996818
8.844064
8.959515
8.832289
8.951391
8.959816
8.807028
8.940110
8.977614
8.904048
8.878064
8.978442
8.957715
8.916046
8.964067
8.973922
8.974709
8.841186
8.808346
8.947326
8.928884
8.941490
8.986017
8.944914
8.916710
8.947630
8.966779
8.961837
8.978777
8.914928
8.955286
8.850342
8.982932
8.911942
8.878916
8.914987
8.905463
8.777069
8.911758
8.916592
8.832173
8.958083
8.982530
8.854162
8.886468
8.785306
8.796081
8.915171
8.905797
8.986070
8.999411
8.787491
8.830276
8.997480
8.964583
8.983460
8.969621
8.732244
8.942549
8.947561
8.952060
8.950835
8.927272
8.982866
8.925739
8.929053
8.821508
8.949222
8.965771
8.963099
8.922908
8.898005
8.877731
8.828183
8.948798
8.962720
8.956227
8.976925
8.948699
8.883917
8.947604
8.995691
8.951644
8.968547
8.999848
8.863093
8.838136
8.897442
8.929912
8.970740
8.994389
8.853038
8.939293
8.979443
8.882772
8.928230
8.925438
8.962495
8.942441
8.979615
8.982132
8.877354
8.884480
8.825676
8.907836
8.963318
8.795962
8.952131
8.954355
8.959403
8.686482
8.954955
8.704831
8.890938
8.973629
8.946281
8.972458
8.830589
8.912003
8.997887
8.884496
8.979042
8.906196
8.977627
8.982363
8.915822
8.908742
8.965134
8.904114
8.978120
8.897223
8.885491
8.984188
8.952740
8.875128
8.893269
8.963841
8.972528
8.917490
8.959030
8.792541
8.818016
8.901028
8.874532
8.913804
8.981809
8.927727
8.996509
8.858855
8.868432
8.961397
8.858484
8.811768
8.950093
8.977569
8.981808
8.871405
8.975772
8.872035
8.983199
8.952619
8.890772
8.901364
8.895226
8.937923
8.799210
8.962627
8.930578
8.955141
8.946400
8.976323
8.962048
8.942141
8.878206
8.834830
8.962718
8.891860
8.849878
8.940151
8.971969
8.868383
8.932642
8.874218
8.757897
8.923943
8.820787
8.996588
8.858183
8.802566
8.799526
8.946575
8.917845
8.740709
8.875039
8.932383
8.890065
8.921721
8.991113
8.920828
8.866370
8.871714
8.997430
8.948731
8.980569
8.944933
8.965056
8.932529
8.905054
8.829117
8.943506
8.821787
8.994904
8.987523
8.956699
8.950775
8.794516
8.948205
8.994048
8.696403
8.930167
8.984892
8.979217
8.995319
8.881723
8.980959
8.949089
8.959787
8.886064
8.962746
8.935550
8.916267
8.920998
8.941178
8.987817
8.865925
8.960251
8.842884
8.843727
8.885878
8.947692
8.914624
8.840119
8.957063
8.920519
8.892812
8.962258
8.913436
8.971606
8.981676
8.966103
8.992185
8.897792
8.927645
8.911499
8.821102
8.896023
8.978913
8.807194
8.961420
8.969650
8.943683
8.933560
8.801004
8.971706
8.967230
8.968109
8.965538
8.988452
8.933560
8.932887
8.880790
8.955236
8.949658
8.932551
8.973582
8.896115
8.940455
8.971638
8.852728
8.944889
8.989126
8.933777
8.927640
8.770454
8.929772
8.960117
8.995385
8.901291
8.958958
8.993944
8.964140
8.966425
8.929316
8.995425
8.938873
8.950809
8.964207
8.775590
8.900477
8.816999
8.982807
8.957053
8.873494
8.745882
8.946980
8.882028
8.919467
8.987809
8.959000
8.842918
8.946029
8.982869
8.910713
8.852498
8.983257
8.893164
8.958707
8.939098
8.989929
8.937173
8.951241
8.979046
8.922799
8.934061
8.823668
8.990975
8.837919
8.919234
8.863326
8.769552
8.879971
8.994894
8.821444
8.955454
8.872821
8.920127
8.963519
8.943315
8.970259
8.924745
8.918194
8.869252
8.899726
8.950903
8.959473
8.941840
8.947879
8.980747
8.979266
8.915808
8.965862
8.916706
8.947962
8.984595
8.838805
8.904596
8.921250
8.918759
8.823446
8.832892
8.977159
8.887651
8.793292
8.961528
8.829104
8.975721
8.925351
8.902598
8.916886
8.969487
8.923409
8.980155
8.825797
8.946145
8.964326
8.973441
8.854729
8.964978
8.953254
8.838658
8.823371
8.955985
8.940813
8.958133
8.835177
8.915023
8.996433
8.704733
8.842591
8.833204
8.963579
8.802066
8.851293
8.860381
8.696675
8.966410
8.788003
8.887082
8.924766
8.967349
8.952385
8.959995
8.989082
8.962328
8.885100
8.857864
8.916743
8.977578
8.943136
8.920861
8.947654
8.878668
8.964687
8.901468
8.931260
8.814744
8.961243
8.978397
8.916042
8.932580
8.985441
8.924814
8.958053
8.889557
8.915344
8.972318
8.801917
8.888726
8.862411
8.988046
8.818440
8.823560
8.890428
8.952137
8.877344
8.910826
8.981863
8.935267
8.991295
8.914068
8.892713
8.974496
8.877355
8.909059
8.974586
8.972798
8.872136
8.868061
8.717610
8.863664
8.980834
8.913924
8.982928
8.916032
8.931547
8.954382
8.960737
8.937773
8.911981
8.964974
8.938015
8.887910
8.973835
8.774222
8.957896
8.846717
8.990092
8.946817
8.943902
8.839436
8.975423
8.849921
8.767193
8.843922
8.983995
8.975365
8.889362
8.849781
8.940533
8.974864
8.830381
8.810687
8.764905
8.792673
8.924195
8.853248
8.928485
8.946533
8.872501
8.969558
8.971702
8.963633
8.910507
8.944531
8.947412
8.952533
8.899485
8.915614
8.972257
8.801823
8.862798
8.943730
8.865798
8.997475
8.959321
8.569540
8.951803
8.862351
8.924034
8.880918
8.929226
8.923185
8.997330
8.967468
8.848189
8.928079
8.985288
8.895883
8.914004
8.989638
8.910132
8.888128
8.955115
8.958346
8.854877
8.993949
8.956939
8.896204
8.957133
8.824390
8.943340
8.966112
8.898274
8.968473
8.905732
8.943090
8.883433
8.904848
8.865633
8.823079
8.977234
8.998345
8.961551
8.881558
8.970221
8.984351
8.950984
8.991650
8.866746
8.967054
8.864063
8.971956
8.963993
8.820073
8.987375
8.908600
8.957603
8.913515
8.919245
8.956322
8.912393
8.944177
8.940495
8.959175
8.964119
8.903476
8.870688
8.951724
8.996399
8.916828
8.895263
8.888386
8.976056
8.817095
8.903877
8.944919
8.969276
8.949276
8.997418
8.894308
8.939986
8.983100
8.929526
8.881799
8.978983
8.994198
8.947520
8.843704
8.977146
8.829857
8.907864
8.848482
8.968803
8.972384
8.764866
8.848075
8.937732
8.950369
8.961086
8.968630
8.877922
8.951123
8.954169
8.889064
8.970155
8.994143
8.869730
8.962844
8.876726
8.827564
8.732851
8.942176
8.967278
8.874807
8.919472
8.971995
8.928000
8.969355
8.885929
8.881281
8.999306
8.821918
8.959257
8.934072
8.892616
8.890880
8.995217
8.850269
8.979818
8.815901
8.999384
8.879061
8.974902
8.959162
8.764426
8.803352
8.978085
8.992787
8.871394
8.898276
8.986909
8.993809
8.843781
8.957860
8.885762
8.988380
8.780003
8.939241
8.971961
8.785313
8.924600
8.989181
8.894074
8.761148
8.977501
8.892367
8.828743
8.990748
8.952723
8.971829
8.982261
8.893078
8.982513
8.862752
8.917486
8.955593
8.914641
8.972186
8.952827
8.936919
8.893351
8.916996
8.691831
8.979924
8.935934
8.991213
8.955603
8.764321
8.926642
8.907047
8.970170
8.950643
8.951489
8.825561
8.990840
8.864881
8.982507
8.951169
8.991517
8.964218
8.971763
8.944905
8.802029
8.949380
8.826851
8.984812
8.984984
8.993028
8.842321
8.912195
8.873481
8.970969
8.908117
8.913399
8.968684
8.829900
8.969117
8.940127
8.750837
8.939367
8.986295
8.959215
8.938254
8.947340
8.975104
8.840016
8.933871
8.798314
8.990549
8.975890
8.859512
8.773794
8.964911
8.710917
8.989161
8.863610
8.965641
8.888140
8.889314
8.900155
8.906027
8.968468
8.874094
8.950269
8.969215
8.947306
8.927545
8.959091
8.836715
8.876954
8.984685
8.972993
8.878543
8.832629
8.954291
8.986908
8.963264
8.893535
8.775691
8.932330
8.945126
8.857297
8.985903
8.911423
8.837559
8.944983
8.920749
8.967131
8.798735
8.945423
8.980604
8.914614
8.849261
8.995769
8.997656
8.846953
8.930641
8.963241
8.955796
8.976661
8.948446
8.770407
8.985496
8.952741
8.938449
8.810667
8.824869
8.971201
8.960192
8.880057
8.917236
8.947563
8.948446
8.932355
8.997845
8.869599
8.887331
8.960760
8.762127
8.926383
8.953769
8.850256
8.986563
8.963453
8.935900
8.925229
8.811349
8.928632
8.870669
8.889273
8.937431
8.909678
8.940716
8.918928
8.870872
8.968807
8.949122
8.830788
8.825841
8.992148
8.827251
8.909646
8.932716
8.953609
8.874369
8.990453
8.904159
8.837842
8.939220
8.875960
8.997374
8.803845
8.882648
8.860821
8.979763
8.973282
8.920416
8.940919
8.959906
8.870899
8.981162
8.897662
8.983206
8.879404
8.958041
8.855679
8.802749
8.986198
8.979393
8.972309
8.960581
8.908918
8.952931
8.886165
8.920928
8.996098
8.813414
8.903542
8.911195
8.994283
8.825597
8.838579
8.921929
8.942899
8.900242
8.972274
8.962323
8.851649
8.992498
8.732377
8.898942
8.995658
8.983960
8.906934
8.855788
8.828230
8.884371
8.880073
8.966365
8.895567
8.938080
8.961495
8.962828
8.949647
8.987466
8.942358
8.974063
8.949223
8.967007
8.867762
8.927134
8.962381
8.973491
8.960510
8.992355
8.880233
8.947786
8.959427
8.967517
8.932057
8.940010
8.788768
8.922630
8.921981
8.866930
8.962630
8.946398
8.932627
8.927963
8.999338
8.953870
8.959121
8.835631
8.989776
8.897852
8.969906
8.866453
8.805538
8.960816
8.950583
8.866793
8.961728
8.947797
8.930205
8.943938
8.947170
8.795239
8.933456
8.980171
8.950101
8.934849
8.995884
8.988742
8.971897
8.982276
8.947975
8.965102
8.977882
8.915633
8.859571
8.952977
8.964141
8.726346
8.971036
8.970681
8.955153
8.915266
8.864875
8.808130
8.903745
8.974783
8.932948
8.806726
8.940626
8.969549
8.740594
8.989296
8.837725
8.932046
8.960719
8.845354
8.833018
8.931022
8.967629
8.933234
8.932637
8.957629
8.822571
8.906985
8.974896
8.969163
8.895182
8.895953
8.923091
8.927105
8.947766
8.966416
8.945415
8.946988
8.981638
8.981593
8.962434
8.828234
8.961438
8.974559
8.923820
8.881279
8.957979
8.960363
8.941563
8.995788
8.933174
8.854251
8.979439
8.976419
8.973455
8.906968
8.965459
8.987816
8.950527
8.907661
8.889670
8.942905
8.940380
8.966607
8.907278
8.911237
8.862332
8.936164
8.874483
8.930059
8.817582
8.836313
8.883266
8.916366
8.979525
8.793149
8.955526
8.999096
8.834428
8.964640
8.994290
8.914485
8.950620
8.799225
8.973922
8.890411
8.966967
8.992521
8.926813
8.906361
8.973341
8.932780
8.984289
8.870307
8.823035
8.943888
8.953550
8.945780
8.986377
8.911846
8.992582
8.943239
8.968290
8.955920
8.956541
8.899498
8.951480
8.917156
8.939877
8.870735
8.908833
8.961625
8.859115
8.941889
8.970930
8.907841
8.977334
8.987138
8.958948
8.811777
8.813417
8.917640
8.916806
8.895286
8.950631
8.975996
8.954400
8.929402
8.895051
8.811209
8.887196
8.947266
8.943931
8.937436
8.657436
8.896923
8.875725
8.863300
8.992260
8.973750
8.982459
8.961331
8.923673
8.897744
8.979673
8.973375
8.883240
8.954863
8.808511
8.925599
8.894159
8.896988
8.968430
8.911519
8.978258
8.950671
8.953731
8.926220
8.928273
8.972146
8.958641
8.930770
8.773527
8.956238
8.916544
8.912600
8.870900
8.938604
8.941429
8.899009
8.984501
8.996864
8.913000
8.838275
8.912728
8.907372
8.822472
8.980388
8.952865
8.897757
8.965775
8.821914
8.884475
8.985236
8.832297
8.970876
8.946235
8.958086
8.933674
8.912974
8.966845
8.876432
8.805035
8.971449
8.873142
8.960651
8.958169
8.879991
8.936265
8.920404
8.999211
8.952744
8.955704
8.958452
8.994926
8.972728
8.943072
8.980762
8.901157
8.958814
8.991086
8.886598
8.926017
8.844068
8.859355
8.903112
8.871319
8.871735
8.946959
8.824839
8.949348
8.920926
8.938646
8.866909
8.945893
8.998594
8.983522
8.874499
8.794808
8.954943
8.924993
8.974356
8.935195
8.940669
8.876507
8.854242
8.819466
8.987003
8.930740
8.977981
8.744661
8.837122
8.953648
8.979084
8.971393
8.989330
8.841293
8.935050
8.957233
8.965999
8.895172
8.982484
8.970289
8.968353
8.949048
8.920042
8.940960
8.998184
8.855368
8.916605
8.929147
8.902375
8.977120
8.931580
8.729737
8.971440
8.926537
8.959939
8.908086
8.952189
8.884264
8.962984
8.959015
8.915701
8.965082
8.880877
8.975283
8.894181
8.983445
8.661013
8.853865
8.954452
8.984228
8.674318
8.998915
8.991492
8.943628
8.919808
8.995333
8.937079
8.987133
8.861942
8.997439
8.793240
8.830767
8.958393
8.930072
8.839579
8.958214
8.970419
8.943910
8.970864
8.967390
8.941069
8.943789
8.925541
8.984499
8.991165
8.923592
8.744346
8.945849
8.950705
8.989656
8.970582
8.943712
8.939223
8.922560
8.905586
8.882445
8.850423
8.978852
8.896346
8.906584
8.853149
8.964895
8.951027
8.935860
8.927206
8.991962
8.943001
8.856074
8.861370
8.925164
8.944759
8.978354
8.998831
8.931408
8.911588
8.908619
8.971915
8.988205
8.856160
8.697843
8.940008
8.888755
8.937430
8.885418
8.947223
8.933822
8.925942
8.983733
8.925750
8.972489
8.942466
8.835298
8.851343
8.781466
8.998859
8.976243
8.892789
8.909265
8.948154
8.998846
8.936444
8.973343
8.903035
8.867493
8.820561
8.884891
8.929838
8.950360
8.967960
8.866999
8.836541
8.931765
8.869766
8.869638
8.851514
8.892115
8.952008
8.941048
8.782807
8.879118
8.939487
8.942405
8.982244
8.990883
8.810706
8.885808
8.998474
8.877993
8.958204
8.840017
8.813765
8.871958
8.881012
8.987817
8.869404
8.985047
8.950072
8.919401
8.852169
8.832060
8.973448
8.910626
8.973592
8.975351
8.884528
8.988730
8.967294
8.971674
8.818514
8.915395
8.944974
8.869142
8.955333
8.946972
8.976418
8.998093
8.927156
8.952341
8.916356
8.865903
8.983360
8.983655
8.897557
8.895814
8.932706
8.995395
8.890836
8.779064
8.996691
8.929851
8.824934
8.791812
8.942027
8.894617
8.938788
8.925273
8.980048
8.868770
8.994575
8.890824
8.825086
8.840631
8.951173
8.961754
8.852904
8.923043
8.944016
8.987769
8.989236
8.967414
8.922548
8.978218
8.946436
8.879574
8.969694
8.975772
8.955412
8.808260
8.928515
8.864923
8.899440
8.929711
8.844990
8.956701
8.865358
8.909788
8.947652
8.901116
8.920109
8.980745
8.999279
8.978322
8.948253
8.835225
8.830210
8.918925
8.868050
8.930042
8.979730
8.847450
8.960066
8.954249
8.950394
8.770125
8.985079
8.881689
8.965590
8.767974
8.958452
8.804013
8.942721
8.928468
8.945088
8.863605
8.950601
8.970144
8.946580
8.901988
8.803335
8.938024
8.946902
8.818738
8.798743
8.975988
8.950153
8.858469
8.912548
8.931437
8.744743
8.924614
8.963314
8.899958
8.913951
8.940028
8.929138
8.978516
8.971745
8.733157
8.953654
8.827676
8.892399
8.948158
8.937763
8.945650
8.922341
8.937642
8.945881
8.954448
8.892716
8.749642
8.985011
8.922904
8.975973
8.954558
8.814844
8.915206
8.943844
8.891862
8.795545
8.849592
8.992335
8.936053
8.933940
8.999374
8.945230
8.975512
8.967979
8.813498
8.976785
8.882719
8.971988
8.938192
8.955926
8.880114
8.915129
8.886800
8.963613
8.917914
8.951204
8.939661
8.949900
8.950529
8.946389
8.883753
8.986395
8.820413
8.942338
8.879504
8.922857
8.958549
8.930071
8.945880
8.873571
8.950212
8.951122
8.995469
8.907602
8.882128
8.972281
8.929530
8.826408
8.975562
8.962460
8.943374
8.895622
8.989279
8.827720
8.998066
8.931093
8.950997
8.960013
8.931412
8.749316
8.959785
8.812933
8.804970
8.854442
8.955293
8.950321
8.982422
8.937898
8.954444
8.897685
8.946244
8.935539
8.891030
8.941988
8.972521
8.938914
8.943956
8.958718
8.950534
8.972257
8.986649
8.999027
8.973380
8.903295
8.982179
8.898534
8.693576
8.890820
8.980770
8.944802
8.797303
8.913626
8.955713
8.925390
8.873762
8.891693
8.850399
8.978270
8.882558
8.943481
8.968906
8.786456
8.962706
8.953105
8.959747
8.840031
8.830405
8.931915
8.942802
8.980528
8.984827
8.862429
8.846823
8.948098
8.955702
8.996433
8.833047
8.902920
8.855993
8.853871
8.948783
8.935230
8.933279
8.949462
8.833885
8.862444
8.979846
8.724419
8.940572
8.804535
8.781168
8.983257
8.987944
8.976673
8.971409
8.960139
8.947575
8.967970
8.974412
8.988150
8.955501
8.781141
8.928958
8.926096
8.920695
8.967187
8.795295
8.985498
8.778792
8.820713
8.995424
8.897503
8.902050
8.955266
8.901011
8.878794
8.950977
8.810456
8.853215
8.887361
8.885796
8.836648
8.919331
8.956486
8.968990
8.885686
8.969986
8.945842
8.918941
8.937148
8.974040
8.814734
8.858539
8.964475
8.870902
8.938980
8.910252
8.974919
8.932457
8.947913
8.915155
8.972100
8.973409
8.972925
8.961591
8.923201
8.991635
8.960611
8.840687
8.861487
8.966914
8.932615
8.930631
8.792754
8.998598
8.923232
8.922335
8.940677
8.792551
8.996736
8.944869
8.930579
8.937080
8.938061
8.871576
8.955363
8.998899
8.948812
8.949855
8.832781
8.927790
8.897078
8.938688
8.797559
8.814517
8.779250
8.939414
8.895308
8.955420
8.940287
8.940069
8.942630
8.885251
8.962990
8.908677
8.963683
8.885659
8.911590
8.921791
8.956457
8.961499
8.896447
8.939907
8.953915
8.918218
8.880178
8.821423
8.930739
8.928470
8.982433
8.909638
8.777083
8.965024
8.933948
8.982376
8.958341
8.957222
8.982996
8.782605
8.941522
8.842553
8.981211
8.821143
8.894282
8.942826
8.975343
8.809298
8.928135
8.902937
8.964543
8.926903
8.974767
8.852620
8.922775
8.924869
8.971757
8.980908
8.978540
8.975846
8.930182
8.986534
8.938947
8.929195
8.674583
8.961964
8.760451
8.938375
8.855730
8.899800
8.962494
8.828819
8.881675
8.701364
8.969485
8.961334
8.938002
8.917998
8.891048
8.955640
8.893401
8.952602
8.872735
8.947889
8.998522
8.953269
8.762212
8.944731
8.974909
8.881944
8.979441
8.939497
8.941027
8.915732
8.878983
8.970227
8.836043
8.980436
8.911111
8.937921
8.949483
8.963778
8.985567
8.863404
8.990479
8.788795
8.805608
8.937783
8.864428
8.931498
8.906030
8.927370
8.962889
8.983384
8.900871
8.912936
8.938284
8.956681
8.922353
8.923642
8.907806
8.966191
8.901067
8.768749
8.966453
8.973865
8.974132
8.961123
8.907485
8.942088
8.930839
8.947051
8.914358
8.802803
8.962251
8.938845
8.991280
8.924864
8.952515
8.886622
8.958901
8.858439
8.974164
8.921180
8.824234
8.881169
8.925743
8.927931
8.959393
8.966626
8.984340
8.991807
8.875506
8.908137
8.950151
8.985105
8.923545
8.945212
8.990989
8.933317
8.991827
8.814781
8.959895
8.793021
8.973368
8.840200
8.975673
8.943487
8.933747
8.955225
8.941961
8.942262
8.971536
8.934531
8.959804
8.985249
8.995754
8.938079
8.974488
8.963939
8.953868
8.829936
8.960985
8.973156
8.973108
8.868188
8.930341
8.949747
8.918845
8.798704
8.796252
8.891571
8.875382
8.983903
8.897000
8.973541
8.907209
8.991809
8.889489
8.988549
8.789410
8.844651
8.983029
8.995831
8.951367
8.884716
8.819700
8.916130
8.926513
8.951262
8.996207
8.967548
8.923599
8.938659
8.968211
8.911804
8.925540
8.957255
8.989725
8.909822
8.994943
8.895222
8.934031
8.914388
8.966290
8.978184
8.923432
8.950607
8.975614
8.948433
8.784623
8.998782
8.821582
8.939330
8.976627
8.907357
8.775231
8.862201
8.899610
8.964129
8.985053
8.977989
8.934572
8.951485
8.871891
8.925012
8.986127
8.997574
8.953485
8.956536
8.953900
8.998020
8.846456
8.829876
8.982182
8.968840
8.969231
8.902894
8.932644
8.932182
8.801396
8.801262
8.847237
8.785699
8.998459
8.973139
8.968349
8.897558
8.982633
8.967143
8.954297
8.863192
8.912993
8.959836
8.802007
8.735983
8.929058
8.872577
8.898667
8.896287
8.843939
8.960831
8.770348
8.955280
8.869594
8.941252
8.952750
8.832389
8.830867
8.968077
8.978444
8.914101
8.973211
8.968198
8.891875
8.758918
8.912974
8.920251
8.920406
8.969800
8.964072
8.963711
8.918838
8.884766
8.953055
8.950417
8.969342
8.969163
8.990427
8.997110
8.939052
8.966272
8.953942
8.884635
8.929104
8.951199
8.969423
8.987828
8.961253
8.939228
8.925049
8.920932
8.977463
8.824183
8.913387
8.913241
8.970292
8.961775
8.928820
8.930754
8.982663
8.978757
8.942138
8.833033
8.888536
8.990845
8.930265
8.950613
8.922470
8.864928
8.996560
8.800007
8.969809
8.938009
8.969607
8.898617
8.837427
8.912458
8.880808
8.905035
8.916655
8.743808
8.947029
8.907151
8.914730
8.975461
8.966941
8.950475
8.777388
8.955281
8.900164
8.916337
8.974490
8.942665
8.919605
8.988280
8.937432
8.934824
8.822301
8.896307
8.912520
8.850364
8.915086
8.919419
8.930991
8.893906
8.889888
8.977424
8.945087
8.961039
8.920969
8.793551
8.981281
8.848452
8.975562
8.829508
8.654037
8.955635
8.907843
8.881464
8.999112
8.917919
8.871613
8.915350
8.875673
8.975832
8.893927
8.960718
8.865394
8.882722
8.873750
8.785961
8.974581
8.990607
8.954292
8.786714
8.934597
8.924928
8.972199
8.973742
8.835124
8.916045
8.820153
8.977559
8.930268
8.901839
8.824711
8.980549
8.831506
8.980451
8.974885
8.932523
8.989060
8.925430
8.853285
8.978858
8.908636
8.946032
8.870540
8.915694
8.792368
8.971263
8.959858
8.983910
8.982285
8.989354
8.956457
8.872468
8.967079
8.852910
8.826326
8.805685
8.940316
8.929577
8.948137
8.868773
8.928110
8.952019
8.960843
8.964858
8.968061
8.911997
8.853166
8.875790
8.922479
8.977683
8.963211
8.966691
8.931822
8.815636
8.960161
8.918714
8.883361
8.977152
8.885928
8.777943
8.759418
8.900975
8.983798
8.834585
8.999084
8.973586
8.889454
8.926259
8.890127
8.897186
8.983377
8.952827
8.905382
8.990261
8.821453
8.845492
8.928789
8.962068
8.957971
8.998289
8.800966
8.961294
8.866781
8.804006
8.945172
8.947339
8.906416
8.694861
8.966616
8.963920
8.936255
8.931241
8.863748
8.817457
8.956223
8.964862
8.951840
8.951321
8.886269
8.807962
8.793934
8.952935
8.957803
8.974651
8.940230
8.947299
8.949356
8.756114
8.880532
8.840975
8.969730
8.925203
8.968887
8.759606
8.955927
8.888406
8.971601
8.995329
8.912409
8.944194
8.951895
8.944928
8.836710
8.937970
8.995786
8.868350
8.824913
8.901179
8.893261
8.832094
8.882748
8.891399
8.789637
8.957047
8.979653
8.805156
8.998127
8.797006
8.813732
8.957038
8.909205
8.994567
8.925933
8.976625
8.951418
8.933890
8.908177
8.682404
8.815009
8.935376
8.857297
8.872812
8.971641
8.981589
8.990865
8.948082
8.844773
8.963202
8.865180
8.973704
8.973176
8.927457
8.960736
8.836131
8.968410
8.944172
8.864811
8.954608
8.962838
8.905742
8.977233
8.978526
8.908519
8.930875
8.940970
8.878604
8.927035
8.824076
8.823274
8.910950
8.952755
8.949539
8.962232
8.976563
8.891573
8.996627
8.991063
8.968888
8.932266
8.993147
8.988872
8.923697
8.867101
8.908934
8.980294
8.813453
8.912534
8.921574
8.991514
8.966884
8.945571
8.975316
8.948918
8.874186
8.807746
8.952856
8.985185
8.871368
8.972574
8.957483
8.868264
8.931353
8.959173
8.931231
8.923578
8.842210
8.772904
8.957853
8.869355
8.994119
8.956882
8.917829
8.925831
8.984073
8.733165
8.978002
8.995353
8.828849
8.914677
8.935252
8.925282
8.968842
8.926890
8.973165
8.876970
8.925599
8.878324
8.973254
8.948650
8.886066
8.754544
8.974270
8.964737
8.789587
8.782534
8.948850
8.840749
8.759441
8.940693
8.964474
8.983482
8.736925
8.953031
8.933838
8.840416
8.941648
8.945873
8.975830
8.916205
8.930446
8.992404
8.966527
8.977314
8.972251
8.900164
8.959382
8.855876
8.944370
8.955620
8.969851
8.886349
8.953918
8.951926
8.707213
8.886709
8.980604
8.938338
8.969399
8.877891
8.912205
8.918478
8.998655
8.870292
8.968421
8.997219
8.814624
8.956930
8.992888
8.855336
8.933641
8.853607
8.953568
8.909552
8.915289
8.821467
8.938696
8.973468
8.864165
8.958399
8.809303
8.896781
8.949743
8.944138
8.964029
8.891697
8.908501
8.991419
8.873531
8.928382
8.956519
8.967194
8.899183
8.981825
8.944652
8.946184
8.937888
8.948244
8.964773
8.913245
8.964449
8.866589
8.994682
8.965983
8.976020
8.961627
8.963993
8.965984
8.919070
8.883501
8.803796
8.969203
8.794880
8.852236
8.687902
8.965624
8.991104
8.942532
8.899956
8.945141
8.908964
8.911345
8.962502
8.938486
8.719239
8.906485
8.985833
8.930130
8.833605
8.944340
8.989619
8.903302
8.978388
8.804089
8.908787
8.925316
8.988786
8.961119
8.955400
8.880042
8.994501
8.957790
8.925237
8.922756
8.927985
8.956085
8.952818
8.944998
8.972083
8.859632
8.952009
8.971754
8.965287
8.768284
8.888127
8.999689
8.826656
8.970889
8.961650
8.861417
8.856143
8.785789
8.994002
8.931359
8.985229
8.951170
8.891244
8.967519
8.956210
8.985722
8.938079
8.926951
8.921932
8.788473
8.896969
8.967612
8.922664
8.864113
8.889653
8.954251
8.969575
8.863658
8.944022
8.956056
8.874861
8.980129
8.994859
8.995154
8.921900
8.952509
8.987762
8.985710
8.813334
8.856633
8.828927
8.878237
8.888845
8.887325
8.821736
8.885656
8.982563
8.823206
8.917060
8.919733
8.906055
8.992387
8.955714
8.920704
8.856571
8.764960
8.971879
8.827055
8.968312
8.977614
8.967285
8.958491
8.811469
8.875000
8.943418
8.954581
8.782278
8.922030
8.880369
8.834500
8.937539
8.990510
8.947157
8.990129
8.937541
8.997543
8.744432
8.973371
8.989960
8.931487
8.908794
8.989252
8.945216
8.946595
8.908759
8.963266
8.917636
8.912656
8.943106
8.770971
8.844127
8.994460
8.965431
8.847866
8.870545
8.954566
8.866366
8.981267
8.844720
8.927227
8.814811
8.841211
8.916926
8.875489
8.821314
8.968664
8.825041
8.951503
8.966040
8.947119
8.988476
8.953482
8.929069
8.994096
8.958835
8.984422
8.959190
8.921670
8.950494
8.921126
8.983730
8.965969
8.828024
8.925308
8.985295
8.905414
8.929832
8.956470
8.741461
8.982205
8.829578
8.985916
8.843579
8.945737
8.992824
8.953204
8.968892
8.888674
8.915478
8.935829
8.834947
8.999228
8.900244
8.966925
8.956291
8.933900
8.855012
8.854139
8.992330
8.880850
8.886077
8.818025
8.926083
8.980135
8.721839
8.972664
8.828749
8.968699
8.927050
8.969009
8.980552
8.795054
8.940921
8.896069
8.847227
8.994568
8.898325
8.786511
8.703012
8.938392
8.971987
8.849216
8.774480
8.836311
8.720404
8.988625
8.955921
8.983647
8.826653
8.908135
8.898125
8.939307
8.948694
8.979264
8.844718
8.802727
8.761777
8.918847
8.937669
8.990397
8.963910
8.762471
8.963304
8.996490
8.955986
8.889107
8.997316
8.901071
8.818976
8.771421
8.951053
8.939909
8.792516
8.951720
8.968670
8.931713
8.953434
8.757281
8.830520
8.975025
8.811897
8.914427
8.805969
8.833439
8.932253
8.971653
8.942971
8.964722
8.829699
8.995717
8.777102
8.863755
8.997034
8.970362
8.989422
8.976806
8.844242
8.877738
8.833066
8.861369
8.990168
8.962730
8.886002
8.947682
8.967086
8.960748
8.958874
8.917508
8.965496
8.931531
8.928160
8.723970
8.961954
8.992210
8.757970
8.952890
8.999258
8.877029
8.956786
8.956293
8.946930
8.905743
8.922024
8.999189
8.893475
8.985944
8.911554
8.895587
8.981321
8.766305
8.942181
8.949293
8.981770
8.973771
8.926915
8.913972
8.967345
8.814534
8.873188
8.985241
8.946321
8.972325
8.962828
8.962557
8.908138
8.980711
8.976835
8.920505
8.983918
8.896317
8.977561
8.844394
8.983461
8.932899
8.933119
8.788650
8.946328
8.943290
8.969619
8.889411
8.882239
8.990503
8.970526
8.882397
8.923379
8.892995
8.995150
8.909671
8.875096
8.894927
8.891450
8.949361
8.908581
8.987724
8.985182
8.930155
8.906785
8.982132
8.999392
8.926993
8.906518
8.996188
8.949184
8.918704
8.815656
8.955165
8.967071
8.818139
8.867833
8.952013
8.959051
8.841663
8.939741
8.897289
8.914671
8.897785
8.791605
8.915623
8.948352
8.980515
8.938293
8.829501
8.754748
8.936150
8.942701
8.998575
8.956912
8.966262
8.950841
8.893378
8.868432
8.975196
8.880885
8.997870
8.916326
8.876897
8.948120
8.900180
8.866059
8.955702
8.851399
8.954292
8.925682
8.962414
8.887641
8.801778
8.971711
8.959817
8.750713
8.901126
8.703088
8.924741
8.924471
8.959029
8.926691
8.960275
8.952508
8.991360
8.971330
8.835314
8.977893
8.997685
8.970063
8.906405
8.834073
8.886031
8.977752
8.896455
8.941037
8.991288
8.951607
8.926249
8.962331
8.893881
8.794206
8.963372
8.830163
8.985435
8.967920
8.929642
8.799186
8.928335
8.956335
8.958721
8.774143
8.962482
8.867262
8.966951
8.876211
8.946698
8.796246
8.922270
8.966958
8.824646
8.885358
8.967635
8.943371
8.907228
8.964402
8.955661
8.963194
8.864307
8.973915
8.900505
8.936764
8.972229
8.944903
8.904463
8.920216
8.954299
8.881322
8.940890
8.976763
8.823326
8.953865
8.804319
8.891517
8.943731
8.931956
8.686066
8.955448
8.878669
8.956416
8.979677
8.838586
8.847238
8.837826
8.994200
8.964056
8.856592
8.947873
8.848978
8.881233
8.889367
8.943028
8.998247
8.993471
8.861698
8.955626
8.969008
8.984422
8.915461
8.892439
8.825136
8.982720
8.889401
8.965661
8.946141
8.976440
8.939440
8.925336
8.984852
8.859038
8.917053
8.956123
8.832866
8.767748
8.937118
8.950232
8.949449
8.932769
8.943509
8.808549
8.866031
8.880140
8.941720
8.977692
8.926817
8.986454
8.937127
8.953764
8.951554
8.989317
8.980671
8.913193
8.988727
8.899961
8.793343
8.941722
8.980407
8.955162
8.988343
8.870732
8.943000
8.920883
8.955607
8.966827
8.782615
8.965752
8.746823
8.935933
8.929785
8.971306
8.998798
8.972251
8.973591
8.968844
8.902332
8.822301
8.940208
8.965857
8.940112
8.997901
8.858676
8.918443
8.920082
8.971956
8.639153
8.967522
8.967732
8.912577
8.918811
8.981114
8.864031
8.835251
8.852452
8.928025
8.819170
8.956298
8.938024
8.943943
8.961486
8.943436
8.918151
8.968217
8.959266
8.927758
8.877153
8.850249
8.854001
8.994793
8.974461
8.949727
8.991463
8.983085
8.733063
8.955567
8.893518
8.869809
8.927001
8.917353
8.927320
8.880329
8.912307
8.999093
8.933358
8.877516
8.950754
8.842018
8.926268
8.987946
8.885276
8.862719
8.977289
8.967370
8.925736
8.996176
8.929289
8.788066
8.964054
8.856697
8.913174
8.913584
8.830467
8.967584
8.992065
8.821674
8.946247
8.871126
8.987204
8.944315
8.905423
8.993843
8.969990
8.869569
8.933327
8.996278
8.921279
8.868923
8.848063
8.956069
8.929791
8.938825
8.993290
8.884712
8.926098
8.961685
8.956839
8.971106
8.957750
8.941314
8.970001
8.923802
8.883128
8.981858
8.925897
8.867190
8.883191
8.979469
8.964869
8.859253
8.814922
8.954544
8.829979
8.924990
8.970486
8.938672
8.996616
8.964440
8.780856
8.873987
8.992895
8.936647
8.809703
8.843918
8.936550
8.850536
8.953461
8.913861
8.980528
8.984913
8.820873
8.939252
8.982780
8.864261
8.848214
8.829847
8.967596
8.956148
8.829589
8.961057
8.901120
8.966225
8.938472
8.872694
8.945207
8.969359
8.944972
8.916160
8.982483
8.971100
8.724651
8.932413
8.759248
8.957867
8.934103
8.828737
8.893862
8.998196
8.858196
8.911145
8.942988
8.926639
8.968212
8.891888
8.957102
8.974800
8.983476
8.972408
8.956922
8.820880
8.898931
8.906435
8.913385
8.937112
8.891595
8.968311
8.996028
8.862511
8.885558
8.911340
8.968874
8.934148
8.814473
8.642418
8.981172
8.958129
8.991519
8.973666
8.936100
8.794389
8.890565
8.961803
8.729404
8.712710
8.871807
8.890282
8.853531
8.966319
8.932373
8.934559
8.789605
8.989877
8.968199
8.970867
8.944543
8.980687
8.981801
8.965225
8.934730
8.806798
8.897407
8.925390
8.850729
8.960780
8.725711
8.783139
8.967587
8.938044
8.772309
8.906482
8.951907
8.972685
8.963452
8.998241
8.951290
8.799502
8.945236
8.948774
8.964890
8.990781
8.860638
8.822956
8.966588
8.954916
8.931656
8.961542
8.736136
8.831341
8.931324
8.963305
8.899118
8.921074
8.936574
8.830184
8.760950
8.927593
8.769577
8.820513
8.905552
8.971057
8.903315
8.825895
8.994907
8.949236
8.929309
8.890359
8.919567
8.978480
8.902865
8.982495
8.967975
8.847312
8.835253
8.838374
8.976731
8.871776
8.867201
8.966205
8.965426
8.966428
8.876509
8.996182
8.957721
8.899266
8.889913
8.995040
8.985283
8.977221
8.958732
8.854889
8.928372
8.891309
8.970439
8.953008
8.831475
8.840515
8.944414
8.996751
8.817869
8.879127
8.779220
8.849827
8.882191
8.921608
8.877996
8.917038
8.948609
8.995331
8.864189
8.957891
8.982640
8.900239
8.948873
8.893016
8.884530
8.934883
8.951907
8.932152
8.975995
8.923949
8.881977
8.958300
8.876990
8.947891
8.942706
8.895436
8.840291
8.952270
8.800975
8.928825
8.908589
8.977604
8.912982
8.836326
8.952401
8.956265
8.918297
8.917420
8.951198
8.938922
8.827986
8.902145
8.987036
8.994114
8.965993
8.919271
8.952111
8.972915
8.757744
8.859877
8.991462
8.891399
8.832244
8.975713
8.931490
8.945905
8.908309
8.947069
8.969958
8.944444
8.701897
8.798626
8.990958
8.927304
8.996068
8.908849
8.733162
8.933472
8.948081
8.931060
8.962801
8.863693
8.993156
8.967867
8.905458
8.956136
8.966980
8.793470
8.863051
8.947374
8.888917
8.948937
8.844284
8.845339
8.932870
8.943809
8.966437
8.877968
8.915308
8.937844
8.746324
8.820511
8.904083
8.941219
8.973010
8.989345
8.962602
8.789995
8.937983
8.986936
8.842528
8.905431
8.993967
8.964317
8.850950
8.939774
8.968998
8.969915
8.966997
8.945519
8.984006
8.841149
8.998104
8.934197
8.910366
8.980790
8.998840
8.832391
8.985472
8.932812
8.906423
8.936242
8.899552
8.882534
8.978404
8.952998
8.937562
8.970803
8.848959
8.893339
8.898887
8.967934
8.981315
8.906016
8.947730
8.968701
8.952344
8.970750
8.895090
8.981657
8.937282
8.981998
8.826827
8.962948
8.888590
8.969846
8.820812
8.912577
8.971281
8.968433
8.963928
8.754968
8.939796
8.943185
8.912669
8.960593
8.933667
8.977333
8.925627
8.911319
8.936120
8.995267
8.954402
8.968663
8.999902
8.932247
8.942368
8.927168
8.916892
8.937465
8.995675
8.938010
8.868278
8.865174
8.937848
8.970736
8.922889
8.991558
8.894243
8.900749
8.975415
8.775414
8.993392
8.952580
8.933706
8.942000
8.891145
8.979450
8.934421
8.955507
8.827489
8.996554
8.910833
8.892332
8.970482
8.999006
8.951658
8.799305
8.940256
8.844813
8.958699
8.965808
8.764581
8.827425
8.813941
8.995390
8.940198
8.909513
8.937856
8.998454
8.923068
8.970365
8.961078
8.974952
8.945392
8.837130
8.913250
8.930728
8.974086
8.983063
8.954125
8.883866
8.908786
8.973901
8.984846
8.955685
8.815363
8.934323
8.919288
8.801217
8.865591
8.996797
8.934458
8.969898
8.979113
8.959110
8.960075
8.970458
8.882631
8.774240
8.881113
8.929691
8.919859
8.915284
8.983856
8.964283
8.909360
8.855363
8.988681
8.835347
8.903023
8.909969
8.984857
8.996970
8.926594
8.832461
8.867032
8.960187
8.793456
8.984959
8.928849
8.861416
8.990433
8.966713
8.967512
8.925076
8.930127
8.982831
8.981266
8.851161
8.976508
8.878812
8.959520
8.942792
8.969159
8.812616
8.946598
8.958251
8.985476
8.913778
8.857777
8.852313
8.961059
8.913773
8.960103
8.862859
8.949189
8.901746
8.902044
8.858966
8.955555
8.925832
8.916253
8.965908
8.924742
8.860671
8.945222
8.983802
8.910128
8.967894
8.963923
8.936721
8.921443
8.893652
8.971744
8.980718
8.996763
8.755757
8.930233
8.989793
8.922659
8.961016
8.899596
8.988060
8.849209
8.945930
8.971167
8.937724
8.703993
8.952634
8.919467
8.878828
8.876261
8.844643
8.915848
8.950385
8.980192
8.936780
8.794576
8.989664
8.878381
8.910674
8.812250
8.924232
8.979337
8.877822
8.941669
8.991834
8.913022
8.830377
8.993288
8.952507
8.976047
8.937287
8.925576
8.991200
8.985536
8.908731
8.958101
8.879133
8.940674
8.954590
8.859372
8.970633
8.980968
8.827478
8.787578
8.944811
8.969853
8.863951
8.992804
8.948095
8.975073
8.984275
8.906056
8.863076
8.935002
8.944006
8.901412
8.998700
8.983220
8.819854
8.834730
8.861867
8.820444
8.914281
8.965640
8.771611
8.957265
8.959763
8.915136
8.993090
8.963704
8.947400
8.988449
8.950077
8.815625
8.945829
8.745545
8.933139
8.952495
8.995831
8.794956
8.952961
8.992845
8.886830
8.876851
8.969243
8.843301
8.946830
8.876972
8.948020
8.995155
8.963384
8.928037
8.909362
8.973753
8.955120
8.841925
8.715169
8.951376
8.922473
8.852227
8.906407
8.804821
8.939684
8.974477
8.954543
8.908718
8.888917
8.979560
8.888657
8.928957
8.988516
8.884575
8.977032
8.952429
8.924219
8.996735
8.865339
8.843610
8.964684
8.949426
8.804951
8.907877
8.903917
8.886234
8.925881
8.908380
8.927718
8.903451
8.948004
8.975338
8.784630
8.954038
8.763383
8.958379
8.812645
8.970073
8.805924
8.963438
8.965639
8.892977
8.945859
8.911345
8.893685
8.766270
8.892096
8.941475
8.873757
8.945020
8.779267
8.977557
8.996902
8.921127
8.963833
8.955688
8.817056
8.936333
8.917577
8.981938
8.961464
8.894289
8.837987
8.850562
8.898853
8.822169
8.995931
8.931794
8.892464
8.970721
8.981370
8.952100
8.983828
8.947164
8.872761
8.841659
8.758756
8.928512
8.983448
8.919292
8.952464
8.893749
8.953699
8.998040
8.944475
8.957603
8.928289
8.742797
8.885384
8.984087
8.986975
8.914156
8.963471
8.778691
8.694072
8.804985
8.923865
8.952439
8.978791
8.909708
8.899194
8.810312
8.937585
8.989061
8.766192
8.926068
8.898147
8.970245
8.899520
8.926550
8.948183
8.944733
8.933193
8.972481
8.994990
8.960734
8.908136
8.931286
8.999839
8.820052
8.864673
8.987290
8.843518
8.932465
8.917329
8.970325
8.991506
8.988135
8.817886
8.981684
8.956124
8.867173
8.956432
8.817897
8.978977
8.936195
8.972097
8.912218
8.804050
8.945777
8.956929
8.945474
8.836121
8.895755
8.949133
8.949075
8.754827
8.860858
8.962586
8.927673
8.933395
8.872508
8.951075
8.996529
8.995063
8.843862
8.938139
8.903353
8.877731
8.989608
8.955290
8.795001
8.842203
8.949731
8.967127
8.916578
8.955781
8.903772
8.982742
8.961890
8.979908
8.985649
8.985655
8.973091
8.993247
8.913197
8.859664
8.993731
8.992907
8.921424
8.955786
8.937611
8.979162
8.939307
8.930420
8.873339
8.852243
8.932882
8.953234
8.774785
8.992059
8.967332
8.933170
8.971441
8.937668
8.769863
8.941188
8.932037
8.913871
8.953117
8.946937
8.824295
8.959082
8.738537
8.895161
8.959997
8.810562
8.883353
8.990533
8.780208
8.977053
8.846402
8.930793
8.932584
8.838588
8.904291
8.986129
8.898989
8.926093
8.898190
8.927301
8.969082
8.937283
8.978228
8.859274
8.953046
8.895745
8.981542
8.955203
8.966697
8.918197
8.968335
8.998939
8.851289
8.815263
8.773235
8.872479
8.824075
8.846183
8.923632
8.927631
8.964956
8.959532
8.901713
8.939063
8.874323
8.969611
8.903638
8.961959
8.965857
8.894405
8.821624
8.921023
8.967295
8.962971
8.956168
8.811209
8.998684
8.876579
8.922893
8.955599
8.824958
8.948356
8.886860
8.919112
8.932400
8.963053
8.946959
8.873116
8.846777
8.781478
8.953096
8.910032
8.866799
8.926363
8.963514
8.920563
8.924149
8.960681
8.884155
8.884262
8.845923
8.916734
8.848074
8.890030
8.934547
8.863751
8.911770
8.978387
8.963378
8.929407
8.968359
8.926624
8.932526
8.855288
8.955569
8.984946
8.974623
8.995568
8.959150
8.650628
8.838479
8.872275
8.941675
8.899469
8.830330
8.997327
8.880771
8.935286
8.967591
8.988972
8.995707
8.963360
8.847987
8.908057
8.972015
8.867182
8.640956
8.968447
8.982365
8.825814
8.997280
8.831470
8.969792
8.968769
8.975535
8.936851
8.776140
8.966124
8.970247
8.914408
8.973330
8.907338
8.953101
8.848230
8.915031
8.961241
8.873060
8.987804
8.951137
8.981589
8.977563
8.975256
8.969548
8.940406
8.862688
8.987753
8.973786
8.929360
8.949483
8.844803
8.917128
8.971391
8.817068
8.891246
8.785833
8.807148
8.992085
8.953297
8.822613
8.921514
8.877358
8.950501
8.960203
8.949220
8.917140
8.885345
8.736827
8.792055
8.933945
8.977354
8.719631
8.902949
8.860448
8.949583
8.962091
8.792046
8.959478
8.877027
8.995968
8.980006
8.944453
8.959511
8.957618
8.922918
8.911321
8.927305
8.782720
8.841312
8.909029
8.938516
8.773568
8.888362
8.945519
8.964025
8.819854
8.919788
8.774793
8.978116
8.908125
8.805202
8.816015
8.970833
8.973882
8.948348
8.947006
8.952233
8.961946
8.961822
8.951039
8.960852
8.948770
8.960566
8.993958
8.922858
8.942720
8.848286
8.923769
8.911954
8.848213
8.843503
8.810677
8.902427
8.914769
8.993182
8.941976
8.962208
8.952904
8.961138
8.897724
8.926023
8.975114
8.888511
8.987336
8.958834
8.877666
8.983267
8.857204
8.922169
8.773949
8.958180
8.989223
8.989721
8.963757
8.885911
8.803174
8.982472
8.757300
8.982671
8.973576
8.908857
8.956521
8.875534
8.947910
8.914083
8.959350
8.976261
8.877599
8.829809
8.960457
8.870009
8.960876
8.882628
8.981120
8.939909
8.882497
8.798592
8.808076
8.955359
8.789293
8.911516
8.942057
8.945923
8.973623
8.933207
8.981955
8.970003
8.964915
8.967895
8.955468
8.997333
8.976323
8.904501
8.860221
8.945487
8.827957
8.910173
8.932889
8.883961
8.946881
8.938155
8.973420
8.900092
8.950313
8.829746
8.887016
8.974346
8.999565
8.954008
8.952412
8.872266
8.892251
8.989524
8.933870
8.951415
8.996361
8.971620
8.966765
8.949003
8.964164
8.884122
8.950762
8.928642
8.865545
8.959705
8.971223
8.978877
8.780955
8.571037
8.890015
8.904326
8.988063
8.931010
8.971893
8.923115
8.920073
8.996390
8.994145
8.820483
8.797245
8.892550
8.968386
8.910661
8.840408
8.955158
8.965080
8.963430
8.943976
8.937648
8.916703
8.959131
8.928293
8.865448
8.973279
8.841870
8.996347
8.985573
8.952938
8.956857
8.991169
8.975790
8.964435
8.851007
8.949146
8.953328
8.811058
8.961673
8.968184
8.938186
8.959798
8.852043
8.802734
8.801596
8.973694
8.950756
8.897835
8.990786
8.765740
8.971416
8.869347
8.923612
8.860311
8.795474
8.907724
8.962320
8.952282
8.812646
8.980076
8.820243
8.938221
8.834934
8.936496
8.951517
8.926840
8.714908
8.990835
8.878683
8.898362
8.908295
8.911050
8.814761
8.915143
8.814734
8.907549
8.959869
8.937842
8.972197
8.957997
8.976906
8.884669
8.874672
8.935656
8.940961
8.991402
8.946234
8.802209
8.942359
8.948684
8.798778
8.950523
8.854742
8.857344
8.925159
8.930874
8.918730
8.905509
8.950702
8.929997
8.997790
8.937892
8.946858
8.991085
8.960960
8.884748
8.994903
8.916293
8.959203
8.987647
8.933919
8.852629
8.949055
8.668490
8.936632
8.975356
8.770155
8.991650
8.956125
8.964581
8.808332
8.940049
8.903100
8.933712
8.950264
8.781898
8.887336
8.836138
8.936456
8.945522
8.727419
8.903598
8.869839
8.710071
8.912107
8.989004
8.951938
8.983100
8.992751
8.940540
8.975480
8.947383
8.751460
8.818901
8.974893
8.926358
8.976930
8.939695
8.834956
8.824431
8.940500
8.928031
8.976349
8.845403
8.976886
8.868717
8.989413
8.960949
8.886309
8.839064
8.958426
8.936760
8.970307
8.939929
8.916395
8.920816
8.818417
8.890568
8.941570
8.997534
8.989863
8.952846
8.799343
8.765375
8.947999
8.937891
8.924910
8.945872
8.918551
8.930628
8.945761
8.946652
8.959609
8.946934
8.935648
8.956944
8.945624
8.968810
8.936723
8.814179
8.957192
8.819163
8.874776
8.931679
8.954634
8.859610
8.966946
8.887492
8.889441
8.975089
8.965289
8.944401
8.965700
8.746236
8.923037
8.939718
8.793910
8.973916
8.980851
8.870942
8.971427
8.860948
8.773568
8.998775
8.997102
8.970986
8.907444
8.881477
8.941864
8.923835
8.838387
8.940825
8.925154
8.893297
8.906273
8.764876
8.969126
8.840274
8.835380
8.971679
8.936486
8.955720
8.979368
8.959081
8.993625
8.806354
8.989234
8.952673
8.950872
8.921709
8.942450
8.971890
8.823286
8.877938
8.920478
8.915985
8.940674
8.921040
8.997412
8.951807
8.893950
8.966156
8.902389
8.961196
8.975710
8.925941
8.994576
8.851684
8.917627
8.830482
8.905190
8.857772
8.848054
8.931036
8.901827
8.854852
8.913645
8.975210
8.980843
8.859200
8.997890
8.939703
8.866504
8.933269
8.870594
8.910268
8.965674
8.962338
8.910777
8.832983
8.978824
8.998207
8.923346
8.875992
8.798580
8.921415
8.895071
8.991816
8.788180
8.877547
8.852906
8.921412
8.968386
8.898101
8.903529
8.965144
8.850054
8.929372
8.926863
8.945385
8.997404
8.938806
8.921371
8.939093
8.993442
8.949277
8.797655
8.938268
8.825018
8.853192
8.959094
8.752378
8.839986
8.948661
8.977779
8.925183
8.955425
8.837182
8.926896
8.931221
8.743582
8.915816
8.945956
8.982533
8.832422
8.951452
8.922751
8.972761
8.774207
8.932897
8.977826
8.968194
8.872622
8.989909
8.957695
8.863436
8.925883
8.989462
8.948010
8.971282
8.805237
8.891015
8.900984
8.860190
8.974553
8.974764
8.997756
8.831033
8.927245
8.970738
8.930208
8.973116
8.914651
8.985187
8.979616
8.942086
8.921011
8.980141
8.826252
8.989800
8.961411
8.893125
8.969906
8.954699
8.932330
8.970224
8.950068
8.875164
8.941549
8.966002
8.959123
8.749056
8.982106
8.849877
8.765885
8.939482
8.896026
8.923847
8.960893
8.978849
8.877743
8.962344
8.952961
8.971346
8.983585
8.954608
8.900598
8.802345
8.945144
8.879566
8.948576
8.951024
8.885551
8.955607
8.920045
8.934807
8.926094
8.917146
8.876932
8.815755
8.899440
8.982481
8.964296
8.958948
8.877025
8.986432
8.957778
8.961758
8.982182
8.845579
8.985681
8.959666
8.944851
8.938799
8.921821
8.903439
8.944676
8.981387
8.739316
8.867530
8.932436
8.984454
8.954304
8.927866
8.908512
8.975209
8.809896
8.780669
8.939380
8.953246
8.972005
8.953518
8.875090
8.951517
8.966572
8.811469
8.996615
8.869833
8.830105
8.817238
8.761203
8.985574
8.979244
8.969538
8.889526
8.996723
8.895295
8.900598
8.947499
8.763622
8.911382
8.948379
8.952767
8.960008
8.975460
8.963989
8.776902
8.974489
8.963286
8.978743
8.938444
8.958691
8.992167
8.944995
8.863970
8.910387
8.971238
8.808875
8.957390
8.983768
8.900755
8.964836
8.993054
8.786786
8.935078
8.938608
8.931034
8.948063
8.975953
8.872465
8.879035
8.996783
8.948423
8.940793
8.962016
8.922677
8.835155
8.813759
8.951285
8.924754
8.966381
8.976131
8.945547
8.922935
8.890722
8.964088
8.964415
8.918354
8.911465
8.930597
8.955209
8.840303
8.957798
8.998568
8.928063
8.931544
8.920354
8.845775
8.970421
8.970877
8.980983
8.955396
8.976406
8.933586
8.701656
8.931995
8.784692
8.889430
8.918321
8.959745
8.990285
8.886908
8.937982
8.966339
8.975162
8.975402
8.853906
8.727087
8.958313
8.894634
8.864964
8.941491
8.943219
8.942198
8.974032
8.919194
8.986613
8.790976
8.952813
8.852971
8.921610
8.834026
8.873626
8.881110
8.929465
8.945400
8.797683
8.957252
8.912798
8.995828
8.899760
8.950387
8.907583
8.941915
8.887645
8.838750
8.973869
8.995641
8.754572
8.869189
8.956163
8.919824
8.907636
8.988080
8.845740
8.967880
8.981475
8.788678
8.814056
8.840681
8.984431
8.710689
8.941070
8.924732
8.837707
8.979658
8.956440
8.959302
8.994697
8.956279
8.989864
8.943949
8.982929
8.906112
8.916040
8.823113
8.928710
8.768222
8.782540
8.851747
8.913865
8.981874
8.904708
8.956397
8.970021
8.684895
8.966851
8.888170
8.907244
8.996470
8.935312
8.997707
8.890892
8.997845
8.892455
8.917578
8.919516
8.979457
8.963641
8.970523
8.869899
8.933635
8.888922
8.963518
8.919953
8.996452
8.981528
8.882867
8.944469
8.965879
8.967845
8.790233
8.999459
8.972889
8.942612
8.998584
8.917166
8.988418
8.920156
8.897418
8.930031
8.977829
8.994530
8.949280
8.549519
8.853748
8.940375
8.929925
8.863761
8.975918
8.948669
8.971182
8.984765
8.998556
8.974111
8.959986
8.840293
8.936155
8.944444
8.752526
8.941814
8.955135
8.719733
8.839332
8.983755
8.919239
8.806318
8.968880
8.837428
8.850713
8.918543
8.911450
8.989605
8.962457
8.978008
8.982196
8.863468
8.959006
8.879418
8.806881
8.987366
8.873637
8.939592
8.827781
8.845634
8.998507
8.991620
8.906260
8.970904
8.953055
8.957080
8.934700
8.897943
8.901414
8.963989
8.858912
8.868728
8.907745
8.919542
8.954417
8.931298
8.958580
8.970785
8.948145
8.983966
8.919200
8.936585
8.921435
8.850857
8.994334
8.938928
8.857144
8.982968
8.929500
8.921106
8.951819
8.859271
8.951247
8.867995
8.974866
8.915565
8.805493
8.949880
8.968599
8.879165
8.903550
8.946344
8.991934
8.967730
8.955227
8.942070
8.992063
8.886528
8.946257
8.862008
8.944462
8.978078
8.960281
8.792487
8.869992
8.966137
8.991271
8.872718
8.789798
8.994004
8.873972
8.945733
8.844764
8.953910
8.991110
8.879841
8.885065
8.924425
8.935445
8.978087
8.926157
8.923276
8.881783
8.931335
8.955493
8.951472
8.979912
8.938563
8.876798
8.909361
8.896492
8.990381
8.822576
8.997445
8.968734
8.984122
8.979971
8.845096
8.879453
8.931350
8.777330
8.829417
8.850087
8.887700
8.856386
8.891607
8.999151
8.881624
8.996909
8.945569
8.825483
8.990522
8.966407
8.936229
8.929939
8.965430
8.963725
8.946467
8.915073
8.954037
8.862271
8.921453
8.894587
8.994295
8.922900
8.958435
8.975505
8.921928
8.927660
8.937129
8.857230
8.734825
8.902586
8.937795
8.786815
8.958926
8.834381
8.907137
8.973236
8.983964
8.994541
8.990571
8.903107
8.907297
8.982818
8.968104
8.830380
8.813589
8.963512
8.973077
8.777301
8.955872
8.956335
8.943691
8.804032
8.873649
8.959372
8.929804
8.925893
8.904386
8.942584
8.868273
8.938463
8.920121
8.955285
8.943647
8.967972
8.876483
8.920459
8.880642
8.914901
8.851078
8.938666
8.895411
8.790067
8.800290
8.905843
8.884623
8.892985
8.964324
8.862481
8.871035
8.873636
8.972037
8.980127
8.774435
8.966768
8.944283
8.902170
8.975055
8.923603
8.840725
8.940246
8.929028
8.964396
8.943058
8.765277
8.936140
8.986150
8.941445
8.866698
8.857276
8.889670
8.977393
8.964648
8.908736
8.794927
8.858135
8.815573
8.835711
8.978065
8.876882
8.923724
8.918838
8.902680
8.974268
8.863318
8.792971
8.887078
8.900478
8.948050
8.878967
8.964548
8.968596
8.946575
8.959138
8.931848
8.951289
8.896174
8.958081
8.638115
8.874205
8.901278
8.971892
8.945468
8.955741
8.918487
8.892117
8.913358
8.856513
8.991041
8.984146
8.908559
8.860647
8.989189
8.983034
8.786659
8.996468
8.821083
8.945164
8.848522
8.984066
8.936892
8.939719
8.863716
8.788759
8.981250
8.967097
8.874001
8.941654
8.918909
8.974885
8.934842
8.958143
8.761066
8.804071
8.995776
8.907591
8.975405
8.795243
8.894907
8.956809
8.981892
8.891450
8.938317
8.956738
8.909610
8.934411
8.953325
8.940612
8.868977
8.986195
8.974737
8.951436
8.992426
8.862297
8.994258
8.761775
8.873477
8.913729
8.909262
8.943967
8.976900
8.940129
8.823113
8.987065
8.984630
8.960741
8.797054
8.812280
8.950071
8.686253
8.854502
8.929172
8.924116
8.973381
8.903231
8.934723
8.864574
8.871057
8.921322
8.943220
8.953373
8.982246
8.735482
8.911870
8.946273
8.981865
8.892184
8.961106
8.805109
8.894275
8.926950
8.972496
8.820755
8.800800
8.896098
8.975241
8.937134
8.812666
8.922747
8.962113
8.842666
8.811617
8.959799
8.953658
8.948851
8.905376
8.919006
8.840738
8.777589
8.837841
8.945977
8.984797
8.845055
8.921512
8.944259
8.946615
8.883409
8.788384
8.881988
8.971770
8.883369
8.917833
8.998895
8.928023
8.948128
8.877049
8.871241
8.923293
8.882728
8.878778
8.950930
8.876387
8.948438
8.966716
8.976217
8.968308
8.741322
8.893150
8.912729
8.890027
8.977320
8.827589
8.923342
8.867222
8.971537
8.926211
8.923839
8.812744
8.887129
8.939569
8.973573
8.911022
8.974671
8.954678
8.921371
8.992159
8.956076
8.853498
8.980230
8.980677
8.892709
8.961539
8.915284
8.938714
8.927459
8.987587
8.971796
8.863501
8.950479
8.835766
8.888565
8.875015
8.868081
8.823100
8.867397
8.772456
8.880757
8.952191
8.969775
8.933061
8.869443
8.903455
8.978500
8.968247
8.826618
8.849705
8.965485
8.911281
8.926926
8.960408
8.959313
8.965055
8.930663
8.995555
8.948590
8.985140
8.847933
8.966136
8.980512
8.991045
8.990571
8.945454
8.917324
8.992547
8.953633
8.834331
8.903146
8.823995
8.874681
8.810575
8.853107
8.963902
8.946193
8.886579
8.913670
8.919232
8.990713
8.863227
8.839073
8.840496
8.998938
8.828385
8.772057
8.939749
8.920303
8.858929
8.927827
8.845057
8.952490
8.720011
8.931351
8.837034
8.954833
8.924823
8.906556
8.910894
8.908233
8.913980
8.968486
8.844509
8.965475
8.818545
8.843521
8.986694
8.950108
8.914041
8.950738
8.859965
8.978000
8.990916
8.983271
8.965178
8.758704
8.939682
8.954299
8.813483
8.975721
8.918149
8.989016
8.867298
8.954021
8.969121
8.953106
8.961498
8.936909
8.834854
8.926534
8.872602
8.925748
8.945817
8.941792
8.981500
8.954351
8.904932
8.932654
8.935443
8.966659
8.935002
8.947021
8.855498
8.971956
8.642759
8.961461
8.988739
8.934688
8.836414
8.941869
8.993046
8.998638
8.911291
8.880156
8.942956
8.997212
8.975766
8.928563
8.837478
8.906258
8.859764
8.812340
8.912482
8.912854
8.759952
8.953337
8.897763
8.930761
8.940878
8.993172
8.982706
8.934976
8.932136
8.890525
8.844045
8.953265
8.965017
8.880281
8.841409
8.906217
8.982128
8.901535
8.946124
8.878867
8.941290
8.960037
8.953727
8.926368
8.998501
8.818177
8.763912
8.837733
8.998965
8.954229
8.907011
8.966013
8.881081
8.907220
8.848611
8.833391
8.907705
8.955492
8.888956
8.882189
8.972212
8.880151
8.911575
8.953863
8.941430
8.988347
8.942141
8.981231
8.943306
8.986881
8.882454
8.943120
8.800090
8.910839
8.979519
8.922304
8.936382
8.979804
8.947237
8.835272
8.783658
8.984392
8.921391
8.982139
8.861179
8.970676
8.743889
8.960117
8.933203
8.838287
8.997814
8.902353
8.823654
8.976622
8.797189
8.994419
8.973892
8.899528
8.938912
8.951971
8.810557
8.897856
8.948195
8.889935
8.912603
8.962479
8.971971
8.964063
8.965022
8.982607
8.995374
8.989523
8.987435
8.971616
8.951681
8.971375
8.825180
8.894741
8.822239
8.967932
8.986963
8.978837
8.969962
8.991510
8.802519
8.981328
8.942618
8.934687
8.992544
8.900697
8.826382
8.956112
8.954897
8.977363
8.832118
8.963385
8.893211
8.998578
8.936555
8.921140
8.754764
8.969660
8.979602
8.941646
8.992998
8.914584
8.956681
8.913536
8.762632
8.936890
8.960371
8.947831
8.961731
8.973028
8.964675
8.828311
8.947471
8.991842
8.967376
8.935896
8.965029
8.946905
8.950250
8.890667
8.926120
8.854219
8.861628
8.983077
8.954473
8.962623
8.982835
8.844483
8.915471
8.889833
8.999574
8.846465
8.959380
8.971276
8.961326
8.950539
8.881555
8.993051
8.972057
8.959084
8.948222
8.951536
8.927580
8.993422
8.973541
8.810174
8.941634
8.970905
8.962094
8.849014
8.969626
8.932744
8.897247
8.978693
8.910566
8.976880
8.952626
8.978493
8.873350
8.959897
8.840445
8.997335
8.914020
8.850093
8.927248
8.991215
8.947449
8.945931
8.770336
8.960566
8.900251
8.976908
8.824331
8.954255
8.969672
8.818545
8.977894
8.974649
8.953273
8.905416
8.946492
8.995144
8.994905
8.990473
8.842943
8.965272
8.990393
8.966649
8.970769
8.987626
8.944760
8.953063
8.902872
8.915346
8.941277
8.997417
8.881476
8.968808
8.985345
8.746721
8.912875
8.966886
8.974605
8.886619
8.964645
8.970390
8.950879
8.994991
8.952766
8.982580
8.974528
8.938776
8.881530
8.952222
8.885676
8.926784
8.992133
8.954617
8.815226
8.999717
8.648769
8.946404
8.929778
8.979184
8.857770
8.826561
8.782727
8.895307
8.827091
8.870750
8.942210
8.949359
8.827500
8.963103
8.883532
8.810485
8.961820
8.796718
8.909745
8.937250
8.898753
8.930868
8.796049
8.872096
8.972190
8.975220
8.900087
8.952466
8.882764
8.979196
8.967303
8.946233
8.957721
8.987922
8.875653
8.717231
8.903049
8.866861
8.915322
8.961227
8.968108
8.822564
8.788386
8.945983
8.963734
8.962117
8.848817
8.981279
8.874494
8.974889
8.801573
8.913668
8.881034
8.974170
8.995093
8.939801
8.977916
8.799436
8.968453
8.930515
8.994976
8.919558
8.968107
8.954924
8.882741
8.799730
8.885998
8.963611
8.973575
8.930451
8.891351
8.913628
8.781897
8.950991
8.935778
8.921333
8.901411
8.839545
8.842247
8.861442
8.954167
8.981080
8.999189
8.972794
8.921716
8.940901
8.867503
8.941196
8.966732
8.947148
8.891818
8.954714
8.951495
8.877710
8.939141
8.871559
8.973947
8.973401
8.920892
8.936780
8.959476
8.969729
8.916142
8.977796
8.964492
8.825906
8.972200
8.988735
8.945912
8.899649
8.839951
8.982368
8.962633
8.924922
8.983125
8.965630
8.830030
8.763920
8.893507
8.994433
8.938100
8.884425
8.977850
8.924607
8.957662
8.865403
8.840396
8.967536
8.819006
8.975558
8.895854
8.980592
8.947672
8.836249
8.944280
8.830740
8.898593
8.785269
8.950954
8.987713
8.955637
8.961817
8.849988
8.963301
8.984001
8.948087
8.968853
8.982486
8.895159
8.808657
8.895267
8.894177
8.993621
8.965733
8.969734
8.750537
8.939244
8.985065
8.899326
8.948619
8.963313
8.941973
8.899244
8.858638
8.943420
8.927510
8.949016
8.861437
8.975053
8.922257
8.925411
8.861996
8.993077
8.973396
8.911926
8.946571
8.979290
8.788737
8.961642
8.937846
8.888327
8.885196
8.922235
8.946575
8.926274
8.950986
8.950576
8.929998
8.961219
8.934846
8.878415
8.900814
8.997516
8.948092
8.920411
8.857109
8.970091
8.968285
8.953768
8.994246
8.916489
8.746277
8.838331
8.933673
8.853907
8.890944
8.788820
8.912837
8.997036
8.969412
8.939866
8.836905
8.961390
8.902185
8.852590
8.856394
8.901646
8.789848
8.916139
8.977350
8.870275
8.924250
8.936784
8.898112
8.949004
8.926118
8.962407
8.909420
8.857817
8.877574
8.970149
8.884346
8.894197
8.834119
8.727072
8.976223
8.680284
8.962643
8.912522
8.756635
8.882553
8.888745
8.967081
8.889388
8.878548
8.926826
8.944513
8.863285
8.994117
8.898738
8.913261
8.859401
8.887037
8.985255
8.928329
8.946415
8.830383
8.886626
8.938368
8.968385
8.963827
8.804226
8.848848
8.841985
8.997603
8.999701
8.945534
8.987215
8.939964
8.993667
8.854321
8.991640
8.936603
8.796824
8.965943
8.959405
8.935277
8.968544
8.940434
8.776516
8.937773
8.936793
8.980356
8.890948
8.957665
8.938178
8.894977
8.980997
8.871288
8.993284
8.942089
8.945230
8.967234
8.933610
8.971463
8.799801
8.911059
8.858497
8.940405
8.905691
8.983781
8.945496
8.981312
8.944491
8.988615
8.986382
8.929808
8.946381
8.935143
8.960645
8.984619
8.974803
8.969302
8.847214
8.969703
8.779824
8.906542
8.883427
8.877797
8.979621
8.962650
8.753754
8.817189
8.845091
8.917487
8.989969
8.936572
8.974298
8.853546
8.926288
8.995451
8.947803
8.984059
8.920941
8.869037
8.867591
8.889677
8.791676
8.946776
8.802723
8.920732
8.962198
8.826712
8.889410
8.954497
8.909818
8.990817
8.908891
8.978515
8.860301
8.889012
8.994410
8.793675
8.915815
8.823258
8.989442
8.987446
8.868225
8.868578
8.849536
8.859753
8.968106
8.917326
8.961988
8.931834
8.988292
8.933895
8.998970
8.904406
8.776504
8.897128
8.987512
8.746315
8.922020
8.954580
8.937953
8.930627
8.878012
8.833041
8.872811
8.845517
8.960612
8.945075
8.957671
8.957313
8.733060
8.903029
8.779923
8.806653
8.764611
8.924380
8.787614
8.910870
8.863555
8.931550
8.965688
8.948285
8.994985
8.911253
8.910296
8.990434
8.944790
8.936821
8.961298
8.870284
8.884790
8.983421
8.964858
8.929058
8.804347
8.977059
8.826528
8.815975
8.876073
8.910603
8.989875
8.965565
8.849505
8.931999
8.973466
8.787405
8.921426
8.980496
8.783035
8.911983
8.972404
8.881412
8.735328
8.980000
8.965850
8.665328
8.941561
8.893875
8.829984
8.939591
8.954594
8.952022
8.922227
8.937431
8.932396
8.975400
8.987250
8.937112
8.949236
8.930834
8.970815
8.988987
8.993198
8.865439
8.923762
8.990562
8.964784
8.863323
8.950780
8.905266
8.971643
8.963614
8.984437
8.934296
8.915581
8.924235
8.966247
8.993199
8.693038
8.915760
8.873373
8.859949
8.854228
8.954818
8.928530
