16.000000	0.200000	50	0.100000	ARCHIVOS_REDES\ER\ER_709.txt
-1.244520	8.866729
3.837506
-8.703374
-10.250180
8.420718
-12.425535
9.860192
-9.746915
5.203968
5.464729
10.371287
-10.818137
-4.370256
5.694751
9.653504
-9.362661
-0.166676
-8.067606
9.225363
-8.363498
-5.807772
-8.284774
-9.525683
-11.426028
-12.446786
4.643490
9.645292
-0.147238
-3.427276
-0.916900
-0.754879
3.668507
-12.249822
-8.027980
0.429185
-4.408976
6.834788
-9.925189
-5.434341
8.418318
-9.934190
-6.325776
5.547942
2.649725
7.744160
4.468126
-12.071093
-7.410782
1.100932
-7.551721
11.669715
3.952880
7.638279
8.520525
-9.998661
-10.199588
-9.110984
3.725730
-5.193900
-13.429619
7.679485
11.347905
-13.242760
-4.688488
-8.806455
-7.707890
-10.879526
7.812017
15.971408
-10.477708
-5.605207
-6.218948
3.099770
6.312574
3.194834
9.815148
-7.844545
5.553530
6.585933
-7.949553
-6.047289
-3.027748
-10.816000
8.417078
7.908017
-11.078347
0.711041
3.687470
-15.999447
-11.697935
7.030397
4.338143
2.759854
7.303901
-10.410804
12.017647
-10.801394
11.174134
-12.597498
9.207564
-12.013558
-4.918255
-9.781223
6.285231
-7.202562
0.801983
-9.849843
-11.824440
13.677498
-9.422222
8.770615
-2.545047
-6.209237
-9.928524
-8.471258
-11.257108
-5.471026
-13.057376
6.454851
1.182782
-7.922056
-11.527734
-15.998413
0.928697
6.142840
6.027758
8.481134
4.594467
-14.175890
-9.955312
-11.508851
13.149873
11.894925
-10.359580
-10.410779
7.315882
-2.735268
9.656814
-0.630869
-0.567954
8.051966
-12.154718
0.214535
7.796660
7.412248
3.619485
-6.070201
-4.333014
-9.622641
10.190527
-1.410280
-3.763251
8.083572
-9.236224
-8.833089
5.603910
4.669367
-9.622764
-4.824309
4.560213
9.671949
-2.276528
6.540455
-10.105367
-13.670212
-9.012401
-8.920936
4.294375
-10.858711
-7.602234
6.820889
10.136145
-7.813353
10.449445
2.296268
-14.048284
-0.362242
-1.010204
8.282615
-11.972335
-11.903107
10.245364
-6.665496
15.999642
8.965023
-7.671700
4.185951
-8.076935
-7.062652
-9.774686
-3.451698
0.395613
2.539757
4.172452
10.041440
-6.424552
-0.250633
10.894053
11.127927
10.053151
-15.997215
-11.146681
5.810520
-5.192477
7.639552
-8.372834
3.761863
-6.392738
7.004327
7.140271
-11.481852
-9.814496
11.514499
3.638752
-8.535812
-12.537732
-12.347068
4.934602
-13.698225
8.815454
12.623148
8.666337
8.818557
-9.952125
-0.638528
8.786825
-1.539747
-5.419318
-13.137514
9.418298
11.272506
-10.893955
11.074254
-15.998242
-2.932434
-13.316170
-11.375577
5.098084
15.999809
3.751647
10.341280
-8.356727
-8.827969
-0.488926
-2.596362
3.180527
-7.581348
-9.499248
-12.875529
-11.472330
-0.433894
-1.502814
-3.371747
-1.108951
-12.010103
15.879429
7.238696
9.094279
-7.293037
-13.846434
8.876395
4.082660
2.525246
-1.305360
-8.484155
12.263187
-9.453616
-11.840719
-5.575170
5.606864
-11.396284
1.099468
-5.534320
-5.148621
7.603726
-9.997654
-8.876781
12.558553
14.672895
11.673192
13.301946
5.270783
-5.952911
-6.397312
13.122664
8.475574
8.707912
9.819368
-6.260034
15.913033
-10.823443
-1.044306
-9.469932
11.623476
-10.033042
-11.098518
6.592122
8.068332
5.067631
6.307566
2.258210
8.591846
9.051636
6.482839
-11.872783
11.945115
2.818552
-13.404250
13.046402
7.022744
-11.982212
-11.297248
-15.748333
11.999517
-10.271197
5.645125
-9.297035
-9.006287
0.851092
-10.338291
-7.346326
-10.925942
-9.975745
4.662638
-10.207358
-13.063211
-4.081624
-13.248552
-6.752611
-11.358955
7.521294
-9.360291
-13.045309
5.824094
-10.302216
-8.641021
5.519965
0.290226
-10.728431
7.999707
9.649032
-11.398426
8.412675
10.942153
15.999835
-11.272912
7.103494
-8.890183
7.990582
-5.222089
8.231570
-7.950752
-1.581456
12.156678
-5.609695
9.903667
-15.999386
9.771489
8.033023
8.641715
-10.138846
-7.860879
-7.944747
11.231826
10.998118
15.999736
-13.190450
-5.500692
-7.692785
-7.608910
-9.234644
-10.651394
7.874730
11.876850
5.519966
0.147915
-6.974607
-8.232747
-9.428291
-4.815126
11.899429
6.211655
-9.061862
3.370573
-13.124156
5.551698
13.283852
9.915261
8.839747
-15.142097
12.925690
-11.019425
-13.064906
-13.004919
11.593732
14.130014
-11.762399
8.081804
-0.445234
5.571320
-11.260991
10.253395
-12.074993
-10.332668
-7.600822
3.034970
1.076509
-9.247692
-5.224242
4.916079
-5.754709
-3.641035
-12.086082
10.419335
-0.332682
6.214613
-6.256855
0.807445
-1.269983
2.260789
2.752801
-8.056235
11.062301
-6.887148
9.349424
6.290483
10.591002
-7.473629
-4.607491
-3.126920
-11.399273
3.502931
5.004008
-11.529870
-4.642234
12.805204
-7.345392
7.695862
12.162894
4.491528
-1.023469
6.105780
-11.231029
5.053128
-5.698979
10.027932
-12.094156
-2.274267
-5.139824
-6.630502
6.805574
-13.710420
-4.794777
-11.686363
5.431306
5.141820
-3.378515
1.425634
-11.708822
-1.032343
-1.947970
-5.009605
-7.055280
9.062870
-9.437062
-11.871355
-7.980496
-10.547825
-7.694429
8.743234
5.775401
-5.164307
6.185218
-11.682505
9.805837
-2.660319
-5.008837
4.677417
4.619283
14.081753
-10.536459
8.090797
14.821576
-10.145290
-6.924819
5.829811
-11.525170
11.519336
-0.424884
-13.944986
-6.104830
-12.173214
-10.878765
-9.970840
-7.942193
8.737349
-6.018604
-11.357100
11.853094
-10.131082
8.381534
-10.518711
4.241554
6.272373
5.464464
9.060602
2.025790
6.317682
5.005566
-11.046619
-8.919925
-10.918368
2.863727
11.211217
4.593008
15.999892
-7.269766
15.945711
-9.849917
-9.267872
-10.022057
-10.019097
-11.967740
-8.421913
-2.960403
-10.384174
-9.949344
-2.912840
11.010480
3.151628
8.258885
-9.216033
9.640988
6.146832
-4.454736
-15.837152
9.879347
7.583541
-10.817668
4.893370
-11.170284
11.182927
7.742160
-2.663306
8.086139
-11.004824
-5.909709
-6.770201
-12.256982
-6.077522
0.715454
3.453897
-1.547082
-11.581403
-9.356852
-11.365448
10.625227
-7.580119
-9.223703
8.618551
-14.405585
-12.585936
4.139069
-4.841668
-15.996394
10.665622
-9.523572
6.804658
-5.866572
5.315231
2.328604
10.210473
-10.929691
9.342448
8.168363
8.091389
-12.170379
-3.001101
9.165401
7.480217
-10.908387
3.472569
-10.343835
11.786536
-10.311194
3.170906
-10.525491
-6.126811
-9.865436
-4.233532
3.363793
-2.234471
-12.084604
10.496895
5.948120
11.077971
-8.575191
-6.053583
-8.495394
1.887756
-10.135586
-2.630891
8.851027
12.962513
-13.376275
10.747067
-6.534089
9.662794
-13.726752
0.552929
-15.976040
14.232761
4.126838
-10.768436
-9.821476
12.206081
4.859537
7.461866
2.652401
-15.999731
-11.767745
0.469046
-5.341693
0.338219
-15.920203
-15.153315
-3.049528
6.164551
-6.600653
12.130988
-2.925583
-7.677389
6.996625
-3.031461
-7.918038
4.581435
-5.779710
-6.679491
6.918878
6.493516
-0.277107
13.228255
4.233552
-6.972674
2.972168
-10.353886
5.382641
11.510856
11.441432
3.501451
-15.999806
-8.322473
-11.839253
6.411650
-15.999317
4.867473
6.604860
-8.996952
-7.232515
-3.055539
-13.374928
-10.007285
-3.058736
8.376919
15.371620
12.072519
10.184049
-8.297840
-0.681192
-7.325901
1.993914
9.764514
5.636527
-10.618255
-15.999533
-6.689567
9.429019
4.112008
12.251388
-10.289135
5.454398
-10.769958
-10.933289
-12.285746
8.418778
-9.917532
-6.585513
-14.251091
-11.738360
-11.316108
-8.448261
-15.980425
5.626915
-10.499897
-10.477299
-5.819135
10.427990
6.832001
11.303679
-9.007811
-12.712851
-3.106788
8.854118
9.495039
1.508191
12.789772
-4.982427
0.578236
-6.248207
-11.805470
0.248601
11.631109
-11.329491
-10.171357
-4.767248
9.826343
-4.830204
-11.633153
-13.313627
3.446139
-6.168170
-5.656786
-4.803096
-11.661750
7.898785
-8.291192
4.187931
-13.162450
7.067942
-12.179634
-11.808322
9.037093
11.238487
-10.005065
1.875715
-5.274245
-6.225713
2.608370
-3.281371
0.648660
3.490367
-8.497561
8.157562
-12.628986
-12.193798
9.796660
5.764232
-8.409118
-7.508366
12.342966
-12.585096
-8.905745
0.485727
-7.459577
6.666098
-9.145796
-5.739757
3.058575
-12.838529
-10.739627
-11.644505
0.720703
-12.694581
2.424800
11.034781
7.717500
11.293122
-6.707019
-10.500873
-13.642108
12.812849
9.069314
3.003972
-7.468015
6.986673
-10.437001
2.098890
-7.581316
-9.439641
-11.687845
-12.910290
-9.493962
5.533772
11.968409
-8.382384
0.029048
-9.763322
-10.625176
-5.726599
-12.555680
-8.282473
10.145712
2.772325
-7.474380
7.418951
-10.630627
7.622176
-15.976320
6.995204
-10.102860
-12.073020
3.543289
-6.169038
2.358348
9.683572
-5.954475
0.563947
8.626324
9.206795
-8.351019
10.650306
-4.722863
-9.858643
-6.062636
6.140124
-10.098089
10.033507
-13.400492
-5.067145
-8.174879
2.721569
-8.333182
-7.551182
8.781468
-10.003594
4.871357
3.462909
13.718916
-6.082006
4.956063
-13.347293
-7.023959
-0.203086
8.062322
-10.858395
-12.202600
-13.195748
-2.517864
-15.940553
7.116203
-0.209299
-13.336454
-13.234801
-6.998391
12.510540
-10.498432
10.035533
-6.881263
-7.604865
-5.059052
-12.618539
-2.104897
13.348974
-7.587302
-0.000018
-12.266274
-8.036414
9.741025
6.215208
-11.278137
-6.651298
-10.457733
-10.812878
8.578211
11.126280
12.305460
11.034873
-11.975512
-5.578240
-15.957184
-7.933706
-10.302646
6.961503
4.374292
-10.105780
-4.269489
-10.149275
0.072876
10.654327
2.671570
-1.128341
-3.989255
12.186544
13.970265
1.531118
-11.298141
-11.097449
2.682112
2.520771
4.438011
-7.990929
-7.241182
5.580495
12.028873
2.120440
-10.666197
7.423127
-5.392466
2.027813
-15.991895
-3.694166
-10.652112
11.953204
7.809743
-5.623294
15.908357
-10.777972
-12.327343
-7.804038
6.452904
11.412540
-11.809774
8.291667
-8.069181
11.450687
2.174527
-6.496264
15.985199
-11.804188
-9.588474
-9.693861
6.218756
-9.218697
-11.879956
3.997764
9.176434
-10.117415
-11.474197
11.699164
2.406353
12.238040
10.662671
-3.943693
-11.280948
9.973988
-13.299255
-12.368011
12.730533
6.347930
-8.528351
10.484143
0.178043
6.364889
-11.073836
-8.563869
10.313954
-11.715413
10.771689
5.402768
6.372137
5.145169
-9.910172
12.970737
11.898125
-7.798320
9.019369
-2.704838
-7.317073
8.216319
3.504058
-7.775250
-6.083860
11.158639
-9.621327
8.089439
8.475614
-5.681531
-9.676719
-3.220601
7.673046
11.381248
-10.384513
-2.872168
0.075980
6.333022
10.519200
8.284930
-6.178731
-11.396859
11.639351
-7.168923
-6.094997
-10.506081
-5.412961
9.225630
-15.999915
-8.857017
3.482853
-10.628743
-11.639232
-10.161419
4.156825
-0.577742
5.900905
6.995250
-8.064706
-12.223160
8.581268
-8.682107
-9.235736
5.599911
3.209908
5.888073
4.542232
-7.387559
12.048578
-15.996652
-3.258381
-8.862398
-7.870878
-9.497063
9.006683
-9.441489
-8.188215
4.051046
-11.009275
-7.571136
7.026475
2.853912
3.875150
-11.771266
-11.603353
6.582840
-10.365650
8.734344
-7.817351
8.861882
-11.245314
7.523090
-9.485991
-12.676414
0.100208
-5.443010
-8.921905
4.029003
3.988903
-10.502752
-8.744067
8.346601
2.260130
-13.972920
-7.178136
10.053803
-13.927818
-15.776249
7.749819
9.206233
-4.143065
-6.919164
-8.206121
-6.830278
-7.475209
11.206687
10.624345
6.236606
12.809015
10.847584
2.604244
3.376571
5.373589
-6.793632
-12.009174
2.140234
12.747813
-3.127254
-8.273675
-14.618732
10.595688
8.725349
8.930271
3.454805
-10.270785
-10.404457
9.081746
12.369820
-9.548058
-6.881312
-7.828732
10.412623
4.185645
-13.250040
-2.070497
10.409583
8.189080
12.071411
-2.745333
9.184785
-5.964685
-2.982054
13.046790
8.326668
-3.193937
-12.388685
-7.133638
5.858085
-6.042450
-5.395160
10.084123
8.843250
-8.626286
8.392009
1.883121
-12.295839
-8.789602
-6.292418
4.892548
8.755157
-7.081426
9.191894
10.720980
11.533464
15.999884
5.941801
4.216187
11.362586
12.448521
-3.900953
9.474574
6.009262
-0.523980
-6.952444
1.383572
13.429400
-7.664373
-10.956284
8.764928
-3.742402
-5.293836
8.641618
-5.686113
-2.527672
6.216504
3.961858
-15.938944
1.416918
8.260506
-9.887175
-5.750435
-9.795352
13.697098
12.459120
-13.604183
-5.507108
-7.459959
4.846820
2.001611
4.023600
3.834388
9.316066
-14.191771
2.921942
12.512611
10.678547
-7.045113
5.904503
-8.734506
11.371478
-7.329452
8.527372
8.360892
8.246798
-6.222986
-15.998365
12.248890
-12.324213
15.063961
-8.307823
4.959068
9.766394
-5.461114
6.969551
11.559749
-12.905002
8.675708
-9.046519
-8.264166
-15.281175
-8.807838
-9.801676
-9.139042
-12.693285
5.897068
3.310061
-9.023545
6.952690
-5.426479
-3.694613
1.929749
-7.210509
-4.843073
7.176216
-7.030524
5.310468
4.547304
5.035457
5.134964
-1.920995
-13.317273
9.569050
-5.359002
-10.187884
-2.403035
7.221785
0.276783
-11.571702
9.200931
8.924631
-3.099475
12.066687
-14.085905
3.582131
7.443265
2.162828
6.606890
-8.466548
-11.333819
-8.994266
-10.538947
0.325489
-10.178656
-10.192079
-7.763660
12.646236
-12.036893
-12.960010
7.009104
-12.905485
-5.907329
3.827540
10.382293
-12.752420
9.597245
-7.187468
-10.769053
-8.178671
-10.584272
-6.956805
9.763815
0.863178
-6.278520
11.366674
-11.513238
2.112908
-7.432617
3.062977
-13.039564
3.430523
3.802856
-3.004114
-2.125670
-5.293117
8.764626
-11.931253
-5.875833
-5.865501
0.735619
6.204704
11.739640
9.907693
-11.650053
-3.996948
11.821177
10.607070
6.250578
-9.216537
1.211214
-11.195640
-11.538880
6.962899
-8.631910
-12.795593
-5.049739
-7.160584
-0.363790
-6.382134
2.613597
6.736735
-15.997892
2.527164
10.006258
-11.718908
-5.237386
-0.247119
3.174904
-8.692871
8.090924
-2.981142
-3.485898
-0.432537
-12.878520
10.608543
-10.364934
-6.718806
-7.704788
-9.709999
7.754779
-11.212564
-13.468693
-8.092387
-8.616002
-12.416401
6.651425
13.539958
5.098178
11.433427
-11.120117
-2.046129
6.108213
-8.032952
-12.226657
-12.756772
11.833447
5.572903
6.185122
-11.414807
8.621937
-5.953750
2.121275
9.834869
-2.547793
-12.294774
-11.192620
-2.651223
9.183814
-13.857068
-4.863573
5.695605
8.948229
-4.182151
-10.665220
7.760625
6.153847
-11.585557
-13.867865
9.890255
4.435748
-12.180428
4.056166
-9.894063
-9.626478
-10.919020
0.116366
11.084032
-7.058914
-7.364370
-12.286097
-4.445462
4.321325
5.589619
-12.045341
-4.573990
12.094253
-8.247099
10.390973
-11.954523
-8.113319
-15.999725
-10.576590
-12.115229
-9.398295
9.823513
0.598598
10.015660
-1.449476
-7.010857
-14.658493
8.872121
-4.781579
6.839744
-6.957714
-8.090416
-11.457955
10.601053
3.452174
-4.283737
12.617120
-6.140641
5.288392
6.655988
11.047028
5.875580
-11.696167
-12.394586
9.329848
-12.942250
0.369391
5.031968
-10.300802
-11.932200
-11.195302
-4.070701
-9.583546
2.114139
11.793193
3.627228
6.763068
8.406727
-12.551742
9.747556
1.407377
2.239089
-2.418710
-10.212625
-7.941016
-10.934476
2.239914
1.065037
4.701977
12.211624
7.578652
-8.720466
8.191116
9.139914
5.903547
-0.632440
-11.095196
13.191960
-10.892999
1.843745
9.235226
-10.352364
-8.723442
6.517666
-5.694192
5.035795
-4.627352
-13.155976
-8.930961
-9.339914
15.712666
4.754105
-12.591949
-6.220303
-11.916144
-6.413106
5.749054
-10.545433
6.625556
-0.048433
-6.011945
-10.600203
-11.121957
-15.993609
-1.019872
-12.918769
6.409214
-1.317803
5.710947
-11.145804
4.125505
7.890371
12.463832
-12.291579
-12.944711
-7.777923
-12.932271
-7.589164
8.013457
5.182023
-3.567139
-13.112254
7.026755
-15.365057
7.680481
10.808209
-13.708454
3.287657
-7.494149
-4.130006
-13.053880
1.235822
-2.698448
-9.274058
-15.985824
7.959993
-10.369559
8.999912
-0.583019
-8.982190
-6.100533
-14.742246
-2.497559
8.076671
3.316866
-11.184326
-8.147537
6.515985
4.051365
-4.163839
10.591252
-8.550464
10.536387
-6.931697
-13.402009
11.940816
11.295644
2.426113
-4.191348
9.057201
-11.044207
11.602281
-11.144288
-10.835088
-7.382857
-6.230449
-6.844255
-7.297455
9.079085
-12.872593
-4.298626
-12.921108
9.011008
-9.188293
-3.334168
0.677031
11.123765
4.264388
11.969444
-7.315379
-7.361503
-9.949031
-10.887082
-5.704143
-4.027218
-5.143369
-4.671788
12.728154
-0.917555
1.371269
-7.799352
0.312739
-12.333777
13.068069
-0.250479
-5.575688
8.736965
8.577432
-7.024179
-11.159597
12.334796
-13.267294
14.123054
-0.015800
13.079293
-0.052981
-10.363203
8.876196
-12.111718
9.163568
-9.320798
-11.256098
-1.135132
4.760155
9.661716
-10.574214
8.409922
2.078202
-8.432685
-12.285318
12.152611
9.962818
7.396934
9.503313
-0.453361
10.172125
15.893607
2.035715
-8.366239
-11.107803
2.797200
5.912406
-1.196098
-11.541341
-9.201504
2.519379
-10.487994
-0.546141
-10.691753
-10.645856
10.946524
2.856159
-8.772523
-0.204957
-11.456498
7.248162
-7.672290
-13.828686
-15.997519
8.607469
-15.059086
-12.327540
8.484605
-8.090104
-3.948070
-9.133202
-2.596124
-12.852869
-14.355574
-11.421068
-10.351561
9.470516
-5.160255
11.394001
-9.764252
-9.144762
-8.777937
-8.094157
8.613966
8.074983
-8.453452
-12.263305
-1.886378
-9.018915
-11.518132
-9.363704
-8.965390
-1.944143
-8.108784
-8.196668
-8.684769
9.551331
9.906941
-5.504441
8.259475
7.603772
11.087623
-11.275113
-14.205839
-12.971590
-8.055245
-8.637672
-11.079537
8.742050
-9.630187
2.689898
-12.393129
8.021300
-8.407011
4.324134
6.928668
3.568093
10.379961
-10.905519
12.311735
-4.187622
-10.122760
-13.327148
-8.919978
4.108085
-15.996061
-3.852312
9.454056
0.068612
-3.810709
-11.215553
10.346331
7.078704
-6.354920
1.537510
-6.065270
10.974602
-9.844880
-0.512661
10.972396
-7.708381
11.812621
10.067838
11.800907
8.651698
0.377072
-9.840063
3.095339
2.310035
-11.788129
6.722801
-5.899290
6.354532
-11.304832
6.593077
5.702358
10.640470
-13.125240
4.608422
-6.658211
10.662362
-13.763967
8.677063
-1.100340
6.300303
12.975402
9.628515
-9.485134
-3.413834
1.164771
-12.488604
3.528905
-10.649213
-11.913428
8.951475
12.172455
12.546796
9.184910
-13.565497
-7.569404
-6.309952
8.333003
-8.361374
-9.468224
11.023370
-10.119616
-10.354215
-7.082102
4.474146
10.295237
-10.064552
1.965937
-4.440988
11.337222
12.848572
4.195316
7.422772
-7.357250
-8.262109
-9.444045
7.835004
-8.637860
5.608540
-11.157376
-11.920113
10.503313
-5.059436
13.278019
-6.201135
6.584315
-5.472882
8.882498
7.137264
-9.466319
-3.412918
1.240600
-8.019500
6.050613
10.862597
-4.924586
-9.243880
5.862127
-2.809626
2.169519
-13.804499
6.679674
12.019556
5.035756
-12.112613
-13.836929
11.131864
-9.544640
-11.292418
-11.220778
8.283890
9.253539
-11.917276
-4.117875
-11.014552
-9.751139
-5.939478
-0.354981
5.773758
-12.771279
10.668661
-10.711906
-7.887015
-4.724521
8.410771
5.842676
5.779280
-10.044148
9.903397
-4.285893
10.019602
-5.929424
-13.196508
7.197595
-9.142120
-11.744398
-11.176968
-3.105895
-8.190476
-15.999286
-13.627048
-6.777436
-13.088425
6.027910
-10.600096
-10.154306
-12.273091
-10.778873
-10.103530
-10.660329
-15.999849
-11.545682
-8.131155
-9.394583
-4.098010
0.623461
9.782000
-0.715578
11.047640
10.638154
8.877698
-6.193007
0.696241
-8.739523
-9.332222
2.778864
1.160625
-7.129433
8.936490
-9.224940
-8.464725
-10.492862
11.234606
10.079190
-12.340261
10.845862
-9.498099
-0.920164
11.051165
-15.999841
4.924634
-8.185973
-2.657959
-12.713934
4.538894
5.443711
-9.401084
-7.347585
-2.697616
5.968740
-11.568149
-3.143071
-10.345183
-10.817229
-0.330814
0.562862
10.292452
-0.126198
-8.676098
10.549289
-6.242024
10.030828
4.570049
8.152188
-3.176899
-8.035158
7.206058
15.997594
6.053665
-11.704512
-6.814037
-13.456954
4.938250
-11.986692
8.288836
3.492012
10.141679
-15.984528
15.948848
11.586747
-4.258921
-13.331231
8.910823
-11.518336
3.044071
5.573163
-13.981019
-9.822842
6.911745
-10.754390
-7.966867
6.061484
10.641627
-12.695357
-10.132714
-11.326834
6.696003
-8.780008
-6.140399
-12.142522
5.990541
7.172316
-13.285505
-10.752286
-8.635871
-9.624891
-3.135421
3.583418
-13.186911
12.609981
-4.183450
-10.168942
-13.973071
9.462033
-6.635392
-13.573214
11.678263
-8.733015
-2.520751
-5.893760
-6.470889
-5.713149
6.660760
-9.251039
10.886306
3.629044
7.330337
5.114392
-6.336717
10.254751
-9.118551
5.076017
-14.116951
-10.759103
13.283333
-8.002416
-7.828941
-15.986392
-6.915188
-12.166876
-10.721216
-4.407248
-14.872977
-11.362937
-5.084005
-11.601966
-7.628146
3.829769
7.558585
3.041342
7.415579
-9.303459
-4.333947
-8.733882
8.100986
-11.036459
5.808350
10.721396
6.249682
8.482811
1.415092
7.388248
11.886119
-12.074901
11.659683
0.650319
-6.741680
2.454369
-8.210544
-9.061586
-10.523346
10.904850
5.294533
-11.775883
5.903830
-11.020598
-10.758423
9.555471
-10.378972
-6.014957
-6.101546
-9.557444
-6.548596
-12.460417
7.647036
2.701073
-4.940255
4.577406
7.186746
7.220444
-8.267340
10.156591
-10.514952
7.682297
4.790537
15.979135
8.273333
10.805373
-9.925480
-9.645582
-9.855184
-11.437141
2.787331
-7.032531
-6.469955
-8.624771
-10.672424
5.077199
13.608063
-3.422038
11.451641
5.405760
5.300419
-8.579247
-10.496126
10.863054
-8.312767
6.689647
-9.233650
7.961227
-2.664714
9.461826
12.774782
-10.724789
-10.510671
-8.173967
4.637783
10.218389
-11.516002
-13.735665
-8.784798
11.810240
-13.076063
-6.044287
-15.978877
1.301829
9.283531
2.634967
-11.459667
10.856426
10.190945
10.417587
-8.425491
4.211931
-13.504163
-4.327104
-11.692203
3.159161
-4.006259
10.395889
9.353570
-4.220746
9.899152
0.481652
-9.306852
-12.588326
5.216138
-7.034065
-11.021539
-3.477125
-7.055656
0.743857
-3.719521
6.342933
3.148013
9.261676
-15.954335
-0.120547
4.689252
-9.161481
5.291166
-12.713263
9.649839
7.641840
-9.242556
-15.999684
0.236836
8.907752
7.023849
-12.780840
-4.042989
9.787867
5.776039
9.544051
-9.670098
10.557716
6.663739
0.487181
-6.572958
-12.090406
-11.714064
-1.646113
-13.533318
-8.854425
-8.321342
-13.540250
-0.808869
-4.654339
-7.509875
7.015753
8.208506
-12.668330
5.951685
-6.874558
-6.337798
0.900092
9.449566
6.117081
12.289060
12.246638
7.151587
-12.539189
11.406030
-9.279955
-10.824869
9.399719
-11.521602
-10.307701
10.350259
1.295772
-13.681419
-9.004035
5.265204
-14.394176
-11.484477
-5.358403
-10.657543
10.526884
7.276043
-0.083196
5.638710
12.535976
7.854295
10.468449
11.472071
9.064537
-7.005358
9.360126
9.378401
-6.757703
-3.336764
-7.571380
-10.663521
-12.705380
-11.617540
-8.311769
7.553786
-13.792567
-10.135853
-6.283345
6.889774
10.819913
1.781976
-13.249811
7.682900
12.353278
-11.586261
-6.029497
-3.416012
9.877774
10.467268
11.538600
3.892753
-2.328069
7.462935
-13.624007
11.567792
-15.981541
-4.670722
-10.693365
12.599744
-10.836343
-4.914143
-9.030842
3.050683
-9.153184
8.877738
-8.941995
-11.598689
9.378219
10.447839
9.183082
6.762245
9.861289
-13.380024
3.638355
11.314012
-7.104166
-10.221095
-4.516561
-15.826964
11.084845
11.260725
8.506590
-2.235434
11.050087
-7.250211
-13.238789
-11.169600
-7.042711
-10.826860
-14.281517
9.252178
-9.858636
-12.710895
-13.974470
-6.580401
-12.670688
5.366031
6.068280
10.604025
8.592605
5.013947
7.446094
7.162321
-11.837467
12.378846
3.289022
9.691072
-11.559886
-6.065492
13.128410
6.276757
-15.999276
7.938391
0.762740
6.376747
10.345481
-12.617408
-8.032217
8.805797
-9.982390
-11.229611
-13.549132
6.552971
-0.219787
7.723421
7.824070
6.597213
1.996475
13.203384
-8.727199
5.537174
-13.201480
-0.515457
5.443893
-5.502363
-7.732836
-1.800770
0.352697
3.110986
9.137970
-6.325984
-13.897868
11.415556
-10.365395
-15.988942
5.541594
-1.662583
-6.714424
4.762211
9.821969
-11.874252
11.774386
6.531205
10.514401
10.989446
-10.751599
9.424897
-13.495044
-10.787212
-1.210880
-11.597577
-9.250692
9.465210
9.453330
-9.206493
11.432004
-7.327854
-10.041570
-2.486877
10.881599
-11.256581
-11.707500
-15.985622
3.430080
-6.257499
-7.536214
11.614895
-11.680522
4.216614
-0.682529
8.464675
7.188386
-11.181504
-10.787494
7.056640
3.034700
-4.809712
5.060206
3.441222
-5.753864
-9.660331
-0.111330
-8.684304
-9.768670
5.151414
6.019607
-11.053694
-7.878598
5.637075
-10.873537
6.320434
4.747105
3.988135
9.038426
-12.013799
8.447738
-5.950440
3.130367
10.959173
4.470899
10.400392
-8.937221
-10.214234
-1.479362
10.098504
11.792106
8.574909
-6.368352
-13.728945
6.694630
-10.102171
-5.943667
3.539544
-2.823729
-15.999877
14.110552
-4.871677
-15.999151
5.912199
7.478597
6.565357
6.333520
-10.574430
8.865719
10.880441
11.641936
5.015877
-6.217057
-1.821322
9.271195
5.773863
-3.718310
7.713084
-1.681072
-9.210861
-5.055574
-10.047315
9.557409
-4.518745
-6.901684
-5.917942
-8.427373
13.261822
-12.179634
-7.609140
-4.554543
-1.614805
-10.124316
-11.302653
-0.253205
10.087847
-7.983295
10.648241
-9.634597
7.565350
-13.148234
3.722754
-10.599149
9.967138
6.756723
9.406980
-12.472527
10.920312
-10.015308
6.952700
13.572576
-2.828166
10.701737
12.152593
-8.172601
11.903214
-0.511280
-7.150803
10.200200
-8.709458
1.177696
13.648133
-7.066618
-8.918104
0.748174
-12.222874
-11.514540
9.132621
-11.678951
-5.605176
0.886905
6.471508
-1.793117
11.541759
-7.508908
7.573002
-11.255560
-7.559324
-9.477035
-11.959849
5.088130
-2.243450
-11.278388
10.072994
-9.654526
-11.272197
-14.367038
6.577398
9.533306
0.643112
9.103696
15.999912
-3.490374
-13.764417
-10.612698
-10.895707
0.976518
-7.033278
5.777173
-11.461728
-12.230746
-13.984419
1.679152
-8.987191
-15.989975
0.359439
12.913474
11.437595
-6.648875
-3.447357
-11.521071
-9.865358
-12.691472
2.465278
-14.087040
9.326010
-8.382527
-13.559472
-4.047209
-9.319219
9.320434
13.368127
-12.027793
11.777822
-15.999877
11.103578
5.390851
9.313180
-7.263968
-11.771649
1.410919
-5.971885
9.482917
-8.017958
-12.096862
-13.843792
-11.987273
-10.846376
12.834588
-11.022713
-3.168051
8.861355
-8.947797
7.864768
-12.249745
-11.832529
-8.492500
-12.318891
-5.053229
11.891348
-7.598639
8.545381
-9.715248
-12.871661
-13.137421
-11.098221
-6.665928
-12.633038
2.006617
4.549513
-13.960106
-10.422191
-7.817478
-7.760045
6.889960
4.869503
-3.563224
-10.670816
7.347041
5.690303
-11.641534
-11.486340
7.821642
-13.789551
-8.304837
6.345724
5.692785
-12.708250
10.090874
7.601670
-15.999799
-13.644921
3.819454
-9.892904
-14.062123
-8.124976
10.895066
-9.606442
10.774843
-13.538893
-1.954540
-6.508034
-6.000808
-12.375670
-11.632039
7.751607
6.614850
-12.025853
-10.897416
-7.580432
10.886330
-6.181790
5.397422
7.682292
7.258394
2.869763
-3.279671
-13.460915
-12.225549
-10.019834
3.169498
6.170942
6.541561
11.761580
-12.092443
4.986846
1.076869
-12.794048
-10.864417
2.655761
4.257065
-0.448870
5.881847
7.689370
-6.994143
1.992010
-11.366605
10.179340
7.653824
12.512856
7.531030
-12.905515
-4.452273
0.771847
-13.693308
9.908573
-2.269746
-11.445455
-11.492209
6.615332
15.976503
-6.026807
11.204859
12.825405
-8.273851
11.555220
-9.000474
-11.389704
-11.269460
-8.229290
1.275926
-5.158755
11.790214
-8.464447
6.459185
10.855209
10.171933
-2.940434
4.172796
6.513096
-10.801861
-3.209765
8.132623
-13.470552
-4.474865
12.447587
13.610589
11.908920
-9.979396
11.252947
6.120660
4.857074
-13.113876
-13.381517
-12.642981
8.557545
-8.386287
-12.395812
-12.040110
3.214434
-6.471913
4.400954
7.667446
-2.362637
8.656329
10.529442
-0.321271
0.616462
-6.664223
7.025578
-12.142377
-9.280876
-13.411285
-4.312336
-4.878191
-6.709003
-9.194316
-7.941140
8.953511
8.906201
-10.315039
9.688634
-1.244769
-10.289533
-5.835722
10.303126
-12.357542
-2.684800
-5.409896
-10.118012
6.025581
0.024792
0.876176
8.475824
-13.386460
-8.396485
0.648700
-0.879580
8.395534
-13.104794
5.240109
4.469639
5.424658
4.473069
-5.849526
7.441414
-11.971437
11.175297
-12.634235
-10.097630
5.790895
7.593731
-11.910372
2.599627
-9.756641
-11.623621
10.222459
10.558284
-12.490565
1.913777
0.071345
-12.870302
-11.507648
-11.166625
-2.543780
-0.230940
-10.886100
-12.953984
5.622028
10.382550
15.726627
-5.015694
-8.753109
10.114033
-10.160441
2.187002
13.092716
3.818300
-4.652667
-9.913055
-12.996397
4.400418
-5.320869
4.595940
6.805520
4.951497
4.734978
10.178635
6.765529
-8.542507
9.606114
-12.957116
-13.194188
12.159676
6.920102
11.911539
-7.887052
-12.898624
-2.543546
4.375823
9.807886
0.542769
1.433683
-15.998831
-0.570638
9.409552
6.277386
11.136572
12.722483
-11.041817
15.999934
-3.807621
2.818485
2.474034
-8.233249
-4.404973
-7.970487
0.202228
4.652982
-12.576953
10.153175
-10.614767
-9.777685
7.185961
-6.992959
-11.620797
-6.172742
0.540044
-1.821784
15.996604
6.873302
-4.069041
4.072735
9.849382
-9.306934
-12.189407
-6.612826
11.980946
-6.059440
-5.800231
2.893234
13.420705
-13.619775
15.789788
1.052794
10.309329
-5.796745
-13.356216
-11.077157
8.950150
-2.229997
-10.913785
-5.266900
1.518323
9.680191
1.362853
-5.287630
-5.134232
3.477096
-6.669915
6.961488
7.961778
11.908876
3.218297
3.398870
7.955649
8.436209
-4.286779
13.499450
-2.429083
-7.513528
-8.805553
1.905333
12.448082
-11.285263
-10.304809
-8.478883
5.997152
-8.835751
-6.368291
-1.180525
1.228116
-11.743392
7.301602
-12.222943
-12.168045
9.454111
-7.526841
0.852388
-8.699752
-9.769105
-6.574784
9.239785
9.324854
2.598854
-11.651038
-3.535901
-5.127615
-10.802619
-4.928765
8.789335
3.214998
12.868321
4.197359
-8.350237
6.559917
-9.654019
-4.536008
-4.570636
-7.676781
-10.867786
-9.725428
-11.894225
-6.266438
6.942810
1.078178
4.835560
-7.475467
10.373264
-13.010613
-5.013443
8.161352
-5.767402
15.999281
-10.744332
1.156014
11.668007
6.000402
3.750042
-5.710732
-7.228967
12.684962
-11.223132
-9.857286
5.895152
13.711132
-12.808409
-11.399553
-9.859935
-10.603884
11.396185
12.997305
-9.222813
1.835123
-6.552261
-8.069017
-9.419964
3.097954
-13.694704
8.165707
0.252769
10.971758
-10.099605
-8.148983
-10.428185
-3.263458
-13.093544
-9.607256
5.332030
-9.202223
-14.150773
6.071155
-5.858186
-2.628878
9.530424
-2.443404
14.787912
9.925399
-10.659909
-4.326887
-8.898096
8.863648
-12.678999
5.791759
-12.430276
-5.130760
-5.052330
7.881775
-12.942740
-8.292025
11.735631
-8.811900
-3.790766
-5.432599
-7.832009
8.670705
-15.884764
-5.150342
-8.296334
-11.534118
-15.351295
-10.233565
5.038525
13.793500
0.089693
11.244035
-7.823254
-10.890336
1.169084
6.220892
-4.259223
9.678985
9.063546
7.449503
9.331354
-4.216437
-10.864092
10.903380
-13.378992
-11.894426
3.936298
5.806900
1.725400
-8.268290
-14.587684
-1.457285
-8.128369
3.775151
-15.999469
-10.167825
9.565476
-15.999627
7.452943
5.080452
-9.599546
-12.126945
8.623036
-5.291770
9.473851
4.292888
-8.693346
-2.753077
-5.883809
8.539695
3.024039
3.049582
-10.184770
7.947092
-8.020103
15.999972
-10.839868
11.757723
9.174129
4.428719
-10.211131
-9.961274
3.598686
8.604837
3.413883
-10.619599
2.050211
10.583019
-10.617243
2.519829
-14.245391
-12.190681
-12.462757
6.826119
-14.764703
1.324871
-14.111236
4.739148
-3.471662
7.069844
-10.757035
-12.262440
6.809502
7.734976
-13.108050
2.945453
-7.618989
-5.766080
8.969428
8.703320
-1.346684
-11.452119
11.182033
6.805535
-10.809569
5.127403
5.695384
-8.668557
-12.068196
-14.510116
-2.020366
6.890961
7.485072
7.410651
10.982507
-13.734089
-10.567347
-8.669069
-1.673730
-7.434632
-7.799719
6.729462
-15.999984
-9.762300
8.110826
-9.749285
8.902502
-11.192208
-12.674000
8.969199
12.494830
-12.879826
-4.508724
-0.339062
-10.055855
6.876945
-13.654424
0.895658
4.402549
6.375334
-10.736025
11.830258
12.020873
-12.298801
-8.505828
-5.030591
7.903452
6.505673
-13.151383
6.643306
10.732648
-12.392511
-6.312112
8.569484
-4.524860
-4.673602
-10.904919
-9.969435
10.238312
1.331163
14.127146
11.964604
9.092960
4.411041
-6.385302
-9.104742
5.025747
-12.443036
10.374848
-8.827954
3.877006
-10.563057
3.949594
10.165378
9.354806
-10.828290
-10.293332
-8.555215
2.014709
-13.681773
4.609509
6.804148
7.348610
11.698386
4.973519
-8.628049
9.367355
-15.999900
7.815034
-4.970355
-4.511311
-9.484830
-9.227911
-10.892863
-8.062111
10.110450
13.698164
4.601735
8.882063
9.044108
10.500327
-7.009914
-12.483671
6.530662
5.469721
8.081313
10.890615
8.235649
-10.905070
2.984035
-9.664269
-8.107219
7.622239
-1.558785
5.164891
-13.199232
2.298840
-12.559278
-4.351767
-11.484272
3.396135
-10.489620
-13.384133
-6.071752
3.685285
3.381664
-12.361913
-10.194248
-0.435744
9.515688
-10.820109
-10.107904
-0.011861
-3.851241
-6.859996
-9.231922
-9.102213
-9.808379
-12.934512
9.683610
2.368765
-12.131393
-6.985947
0.378639
11.902611
10.542448
-11.665751
-3.049897
-13.058884
11.093742
10.257496
-10.603829
5.572170
0.604595
-7.047241
-0.376638
-10.373300
-8.583722
-15.955880
9.658639
7.225295
5.622005
-15.993162
-8.955113
-14.554152
-5.894397
9.919943
-10.609545
-10.028825
-8.407018
-5.235622
7.807898
-11.125336
-9.677332
1.237854
5.728687
-7.895302
5.001930
-0.136489
-3.899760
10.509290
-9.620213
12.044177
-7.922537
2.409841
-8.417205
-5.026214
-6.521097
11.246244
-9.481786
-1.400786
-10.596663
9.274159
-9.201879
-13.966993
0.842642
9.279342
-10.171734
5.800415
3.532656
-12.598288
13.804193
-15.997947
10.522412
-10.351519
-8.551261
-15.995452
-9.349895
-5.435673
-11.153612
10.698899
-14.090121
8.056466
-7.752050
-11.093549
-3.849592
-3.946521
4.582217
6.024348
6.382102
-8.487499
11.385994
-6.774936
6.055140
0.247502
4.612250
-11.051307
5.914924
-2.953632
-11.939012
-4.358738
-9.836577
-7.720312
2.038198
7.216196
-10.817232
-9.313319
-9.524547
-11.398151
-7.728716
-10.509028
9.247256
-13.629247
-10.855554
-13.198852
2.738761
-8.997258
-5.792613
10.183266
-7.230885
-13.069935
-3.360198
10.478246
-5.906547
-9.297938
10.756997
7.239163
-10.608171
-12.001151
-10.514692
-7.150085
-7.505265
-13.024181
11.293958
-11.118884
-10.575438
9.238573
-9.565495
2.487601
-10.174262
-6.545866
10.212568
6.371571
-5.631096
-15.968899
-5.571166
-14.933166
-4.105260
14.997635
-13.209888
-12.059075
-7.576298
5.438066
15.976813
-9.855545
-10.711390
-11.548644
-9.312721
8.760567
10.532158
4.434830
-12.162685
-15.781030
4.503070
9.787628
11.833312
6.144145
5.713703
9.612260
8.935442
3.359998
-8.140128
-10.439668
8.337104
5.473696
7.051303
-2.696360
10.682705
-6.673885
-14.860217
1.529280
-8.344140
-0.486015
4.519180
4.140602
-12.285345
9.142784
-6.202122
-9.208245
10.414784
8.644646
-10.118597
-13.012917
-1.252205
10.452302
-4.429603
-7.405809
-11.324213
4.713853
-3.357440
10.155726
-10.412704
7.158241
10.470449
-13.017777
-10.059501
10.396371
10.354892
-10.145594
4.547057
6.913188
11.714666
-11.595679
-13.787735
-8.317989
-8.413942
9.155614
-10.046813
-8.938607
9.677621
-11.358725
-15.999742
-7.894552
-7.531709
5.629153
0.274687
-13.686992
10.385821
10.459964
-8.729711
-11.587192
-9.533771
-7.239271
-12.898373
-9.974136
-11.483322
-12.114842
4.791439
-1.863897
-5.989628
-5.974820
5.075712
11.563571
7.230999
-7.808533
14.251328
7.332246
-4.756123
-9.120488
-12.109098
-9.955758
-9.193586
11.454622
-1.365227
9.195839
13.861087
-14.175742
11.218149
7.544299
-7.336032
-10.588629
-0.808103
8.315749
-4.805333
-12.375983
7.427095
-5.618674
-10.210439
1.458199
-12.456576
-4.545218
11.513108
-8.553519
8.696936
4.539041
-9.151147
-2.277620
-2.878585
-11.540200
7.425613
11.220222
10.181208
11.633612
9.004019
8.676859
-9.550206
-10.342511
10.783828
9.871096
-5.846458
-12.188461
-5.319420
-10.411384
-12.810899
6.171957
8.731889
2.454815
5.249142
2.127967
8.213929
-9.652384
-9.329471
-4.000935
-8.073592
-2.810714
3.231337
-8.185804
-13.545284
-6.405025
-6.471101
-0.036601
-10.774932
8.916499
10.521931
8.728613
11.120942
-10.688836
7.237821
-10.151536
11.630084
15.260306
7.052777
13.894341
9.780213
-7.308309
1.156881
7.102908
2.533247
-2.814616
8.695926
7.229888
-0.962965
-8.290536
10.559400
-6.875449
4.435244
6.974392
-10.099055
-11.380455
-6.214429
14.296623
-10.145688
-15.999733
6.747161
8.316856
8.126548
-8.132476
3.344565
-1.681984
9.138258
9.274451
-9.334241
3.301579
8.660885
6.779770
-10.948998
4.573724
3.541621
-12.783866
0.044023
7.874495
-11.393575
-4.316595
-7.281458
-7.153671
-5.500360
0.070491
2.605819
4.173439
-8.059047
10.195860
13.450637
-10.682084
-5.428528
8.392220
-11.484606
-12.683839
-4.338726
1.545191
3.510992
-13.079248
-12.321815
-10.159511
12.013224
9.019991
-9.305551
-10.402076
-2.631096
-14.503393
-13.663549
11.614605
7.991145
0.662788
8.992289
10.127518
-11.718904
9.623267
8.869373
-9.962003
9.784431
-2.950278
-9.141031
8.646960
-0.467105
-9.956748
5.646108
-11.899182
-4.874226
-0.200861
-11.745511
-15.883160
9.084167
5.970895
-11.086464
7.210912
0.478243
-10.111586
10.378922
11.813152
5.564159
-6.397125
-12.589325
12.188582
-6.272793
3.896523
-11.528936
11.744578
-9.073766
-10.085530
11.042419
2.830821
-11.977988
1.034612
-5.693651
-10.124293
-11.957006
3.334449
11.362040
1.815607
-7.292445
3.273901
-9.877735
3.736738
5.804642
10.205696
9.673588
8.204934
9.189590
-8.014821
9.171435
-10.278580
-10.673256
-8.386990
-4.316978
-9.264072
3.371638
9.641150
2.517358
-9.509121
-5.780603
2.071811
12.839011
0.471613
-4.272582
1.930227
5.714265
-3.544914
15.774231
-10.411839
-5.207246
-10.461880
-13.523880
3.176640
-13.883338
9.522397
-10.810881
-2.695122
-7.530494
-8.394718
-10.889258
-6.065520
-10.907513
-12.943068
9.904045
-11.420882
7.313533
8.268879
-7.068672
1.915900
-7.513192
10.925071
-11.230071
10.964900
8.653369
-6.331466
-0.678907
5.880458
-12.411395
6.505480
9.583912
0.350794
9.200877
-12.652893
11.430980
10.038054
1.298484
1.669994
6.426912
4.473867
-9.560883
-5.431505
-1.062018
-2.012329
-7.468597
-11.697547
-0.526427
5.362207
-6.625094
10.699713
-4.579041
8.080198
7.581996
-13.567208
9.135522
0.695380
7.014980
6.623800
4.701224
-10.218839
6.929189
-11.624045
-10.655328
-6.023043
-0.070892
6.048449
10.104539
7.597745
-13.856119
8.596107
-13.329021
9.922707
-8.451707
11.626631
-12.146002
-8.524431
8.826557
-8.979051
8.034913
-12.171293
-12.353363
-4.444833
9.525349
-6.618067
-10.925197
10.469345
9.424974
-8.123663
-7.823290
12.261786
8.633794
-2.594482
-6.022772
11.376928
6.949716
-3.282958
3.394880
-14.030941
11.443183
-3.677495
-9.676161
6.626691
-9.530994
-12.042557
0.068855
-11.175852
-15.816723
-15.999771
8.655711
11.036560
-9.785135
-11.459425
-10.166860
-7.749098
-8.848750
-15.304182
7.298949
7.737876
-0.990076
-11.570706
8.402159
5.770499
-9.111264
8.768504
-11.451919
-0.200540
13.837375
15.999950
-12.673377
-7.884697
-0.083491
8.272859
-13.347302
1.123189
0.600666
7.763995
-12.058733
9.295305
10.375780
9.265282
11.241745
-13.248846
4.028886
5.738242
-6.708503
-6.970152
-15.693750
0.530974
-10.276967
-12.109367
0.186784
-10.900284
7.454177
2.094862
2.823151
-2.718943
1.753665
-3.563883
-11.158680
-11.875234
-9.118120
10.708130
4.848080
7.074596
-10.301802
0.048500
8.338887
11.363683
-12.742710
-13.532610
-3.724637
2.830609
-5.654187
-10.512843
-6.610920
2.138372
7.456275
9.646515
11.693875
-12.222936
-13.820559
0.405069
10.366665
-8.862735
-11.367378
-7.408049
-9.726444
-9.219662
-12.861872
7.258064
10.624569
11.671362
-7.649527
11.779916
-5.773491
-8.610145
-11.585457
3.893489
10.987894
15.999538
-10.209969
-8.646677
9.136485
5.500966
-5.726845
-8.326192
-0.621819
3.047400
4.385665
3.404693
-10.408743
8.128586
-1.609217
6.427545
15.124789
-9.188446
10.209478
5.231448
-8.746520
-10.992349
-6.545736
-10.508152
3.012023
-11.763295
-14.145995
-11.809026
8.286885
8.250095
12.252466
-10.230341
-6.515786
-9.283952
5.496251
-10.439427
-13.312845
-3.104546
10.294698
7.504298
-7.487938
3.254402
-9.499083
3.967934
-11.296667
-12.335305
2.853555
-11.591902
-4.341812
6.544507
-10.943787
-10.364494
-6.534468
4.460044
-13.037785
-12.559329
-8.644119
-5.088953
12.039386
11.755001
-0.400259
2.854715
-4.079976
-7.726874
13.238715
4.776045
-8.566327
11.965381
-5.624407
6.983952
8.674939
-4.711313
-12.889598
-8.963223
5.086350
5.850398
7.036211
-9.151320
-10.892195
-2.256029
7.005601
7.911420
-9.490074
7.608398
10.400941
7.482378
8.766972
-11.684472
-12.270002
-2.289392
-4.337681
-9.278271
-13.484304
2.733336
-11.722142
-12.218530
-2.003211
-5.582117
-8.920009
-3.528652
-2.714213
-10.113166
-3.175911
5.934017
2.320870
-5.735314
-7.255182
7.413802
3.829633
-6.826738
1.883324
12.414894
4.193166
11.238155
-9.597391
-15.330479
8.433790
-3.955245
-2.698859
-3.692203
-2.863886
4.215693
-4.096898
4.811584
-11.636485
10.150573
-10.509595
-9.607359
6.153531
10.197890
-8.088463
-8.820296
2.708805
14.658469
4.229856
3.174169
11.935933
-13.870529
-12.677697
-12.163321
-10.449472
-13.749045
7.514201
4.061987
-6.957923
6.198502
9.400241
-8.320862
11.064303
-10.061007
7.096895
8.944961
-3.596501
7.595612
-15.999869
-5.959511
4.606407
4.322364
-8.844544
9.210727
8.170207
5.748211
-4.809180
2.165033
-12.732372
4.333875
-4.939122
-2.505192
11.460431
-8.184600
5.150314
6.794767
-8.254301
-11.698768
2.543740
-5.453159
4.444114
-4.411748
-5.195753
4.621748
-10.816550
2.059444
-8.902330
-8.982293
3.273364
9.358631
-5.196489
-10.601093
10.017705
8.960581
-4.229420
-10.903012
5.175829
-7.550640
-6.073005
15.999890
-4.511351
-2.103546
8.258966
8.486804
9.614770
-6.000013
9.533569
-7.625837
-13.184856
12.427269
-7.530187
4.969375
9.337184
-2.349886
-6.766632
-4.089417
7.590225
8.893457
10.926373
10.828887
6.314642
-4.414927
-9.160494
12.203238
-0.290473
-9.397761
-13.016157
7.776293
-6.707970
-1.262044
-12.637017
7.878084
-10.455177
13.245729
-7.399842
-0.231566
8.518722
5.432557
-8.823678
10.473852
6.899865
-1.141503
-1.435376
1.737745
-6.821760
-6.074558
-4.599029
-6.626796
8.365098
-9.886095
-9.815005
1.062874
10.396964
2.391345
-7.700852
-10.530340
12.459839
8.948267
-6.245935
1.494632
-6.539781
2.047407
-13.796105
-12.191695
-7.013192
10.986742
-7.132751
7.063948
-12.080081
-8.574973
-10.140482
-5.498919
0.635299
-8.859546
12.138707
15.071565
11.412231
15.999978
-7.396313
-11.474936
7.992305
6.312896
8.857379
9.884817
2.200503
1.954311
-1.824845
8.009104
5.015155
-1.816172
2.195528
-12.109293
-11.897734
-8.072278
1.290907
-15.999727
-1.380840
-8.216554
11.003222
-6.743708
-5.081247
-9.311871
-11.649420
-8.877178
-7.703798
10.042900
-9.874339
3.400510
-5.549065
11.123216
5.147370
-6.924534
-9.608391
4.814244
-12.205539
10.753699
-6.055913
7.137080
-10.940068
-9.787812
-5.282219
9.118358
-3.558627
6.981347
5.942014
-8.842472
-8.123299
-10.594816
5.385009
-3.067149
11.137786
0.100527
1.643426
8.834512
-9.243659
-11.148248
8.088381
4.414030
8.422123
-7.769022
11.106279
3.201995
-15.998937
5.895467
10.888428
-13.934694
-0.222157
-13.008113
-9.786651
-9.778021
-12.539779
-4.136073
-6.722525
8.481664
6.400631
-9.632530
-9.593600
11.442208
-4.597660
15.942377
-8.974446
4.176125
13.308714
10.744843
12.055126
9.843513
-7.941343
10.237855
8.984683
-6.374034
4.447389
-4.621139
-3.232575
3.526634
-7.699183
8.431943
11.052805
5.562054
-4.258879
-3.898733
-7.879731
3.426535
-8.048051
-7.193461
8.739388
-5.153438
0.453561
-10.949538
8.885043
-2.082955
11.694885
-6.886146
2.375734
11.924224
0.276933
-4.567859
-8.617089
11.839039
-7.707395
8.362820
12.993336
-8.215044
3.976217
-10.625067
-11.404844
7.208451
-11.977764
-10.970972
-8.295658
-4.990376
-8.727315
10.494334
-2.038198
-8.290639
-11.158268
-11.866326
-1.593090
-9.922942
10.408875
4.293022
-5.041492
9.008783
-4.520012
12.129832
-6.815656
-10.185738
10.738845
9.972104
9.608353
6.494102
-13.183183
11.261173
-5.112950
-13.416375
-7.552748
-7.502903
5.823512
-1.076234
-10.875229
-9.720322
-9.488561
-11.970961
6.946063
10.490913
-12.051254
1.335705
6.707155
-4.254849
-15.982180
4.839778
-12.589583
-11.337259
10.939304
5.275851
-12.872759
7.019675
7.905637
-8.192789
-7.456489
6.650691
5.051017
4.905705
-12.726022
8.705182
-8.906534
-3.557420
3.447092
-8.473703
-11.427087
2.135820
8.534392
-10.892600
-8.573926
-3.326564
5.572635
-12.783936
11.983237
-5.930846
9.319265
-7.263406
-4.270126
-10.298699
9.909028
-5.551142
-0.397059
-5.226861
-12.935621
-6.654357
-9.243804
8.644514
2.979700
9.954868
-13.812334
-7.997473
3.981043
-15.868403
7.236385
12.763419
-2.266915
-7.147691
2.956818
-11.173070
7.541405
10.216904
12.046728
-11.383566
4.423236
-12.501834
6.528021
-2.703522
-12.970752
-10.282633
11.161849
9.716969
-7.905702
-11.546652
6.953029
10.507601
9.370781
-8.889960
-10.982508
-6.293424
-4.503840
-0.103599
-0.161454
-4.574768
8.691724
9.436371
-1.579284
9.158334
9.956464
-13.356296
6.579811
10.189091
-10.522996
7.164547
0.488933
-10.684721
-15.999638
-11.314353
-10.264737
-3.201867
10.526904
-5.551374
-15.959978
4.474047
8.082748
-10.118190
3.302772
-0.058425
-8.100374
-10.003248
-7.151839
2.324929
9.468169
12.031451
11.389815
-6.138663
6.141311
10.459795
-8.024458
-3.453795
2.171227
-12.256529
5.978816
-1.353483
9.311078
-8.821893
5.698156
-15.531697
-8.018220
-6.659941
9.358062
-9.380878
-14.215641
-13.390864
2.879283
-10.241714
-13.814114
-10.525633
8.482931
-5.745350
7.237487
-6.196645
-4.392146
-8.724283
-9.598045
-7.821382
-15.974159
-4.191769
0.743695
2.554509
7.668419
-15.994269
-10.174002
-14.142041
-8.419206
-1.997610
-5.515480
5.530318
-7.947831
-10.678832
-12.939889
5.434253
-15.995415
-11.575890
7.011138
-2.072150
9.877837
10.226218
9.806392
-8.340167
-8.571141
8.580236
5.580060
-15.742633
12.006041
-12.639628
5.818940
-7.062477
6.880657
7.286773
-8.181099
-0.218808
-8.295524
5.893422
9.718265
-10.609656
6.596114
1.697317
-14.076169
-4.256275
3.590607
11.177866
-7.388921
-12.521986
-7.618949
-10.664389
-6.543174
-10.428146
13.437963
-7.734486
8.715083
-12.078962
-12.173461
0.579496
-11.290582
-4.262358
-9.176437
-6.061120
10.914890
-7.701469
-3.900683
-15.371464
7.852679
10.160319
15.244593
8.148870
-7.850626
-4.239678
-8.415202
-6.839460
15.980604
10.642319
9.257465
-15.997581
11.564503
9.962395
-4.963653
15.944610
-8.130893
5.574608
-3.270555
-2.148045
6.708718
4.820017
-11.420588
2.125793
-10.126584
11.226110
-8.941712
-11.975532
-9.798933
9.492579
-9.362243
8.095899
5.808630
8.992674
13.518977
10.733199
1.094817
-1.789299
-5.385645
9.780361
-5.996363
4.021446
2.588228
12.343704
-12.688201
7.140313
4.833824
8.899851
10.076032
-7.836331
4.790827
-6.655100
-8.349368
0.610780
-8.116960
3.455024
-8.858829
6.317509
-8.137709
-12.807924
-10.890819
-6.556847
5.951017
-10.567379
-7.816458
-10.946277
-0.460736
-7.710817
-15.997037
10.461054
-7.973926
7.152740
-8.069524
-15.999919
-12.518668
-11.545467
-11.880553
-10.052933
9.128395
7.705017
-8.307527
12.252476
-9.423096
6.375191
12.121211
9.107711
-11.732925
10.058965
-3.781128
-8.287554
10.647585
-5.683465
-9.659100
12.396706
9.146756
11.543349
-3.937007
15.998870
-9.547636
10.476689
7.330025
-13.878976
9.062674
-12.756390
11.944889
9.226475
10.841868
-5.520632
4.162938
-9.466324
10.017200
-11.818453
0.277021
2.337538
10.470087
9.447384
-15.991629
0.578744
-1.315971
-11.546761
-8.982173
-11.866540
11.825828
-8.611702
-9.965658
5.748784
6.345539
-10.749617
10.638680
-12.440561
-10.014391
8.346416
-8.909902
0.484877
-6.955853
4.683676
-11.759937
11.219396
-10.329355
-8.642869
3.592302
6.497071
-9.585026
9.554762
10.194195
10.916420
-12.488773
-13.868755
-2.058615
5.483122
-11.508241
3.906105
-4.275927
-5.680844
-4.156498
-12.017664
-3.076485
-3.998716
-11.140572
9.424128
-5.060440
-13.701082
-12.652189
6.577860
-9.334652
11.332049
-2.002986
-6.793040
13.740376
-11.239811
-9.737869
-8.490730
9.354878
-5.952498
-8.948290
9.514218
-10.904089
-11.234380
-5.970755
11.076433
10.287727
-11.356369
2.124424
-6.016617
15.771484
-15.999111
-10.198274
-7.981772
4.764078
8.508978
-10.140114
9.973808
-4.841898
-2.839746
-7.756207
5.755132
9.149257
2.859812
-10.068119
-10.906063
8.726873
-0.733578
-8.683656
5.026770
4.019331
-1.323386
4.240753
-10.453136
6.978609
-12.910037
4.971361
11.477100
-9.350257
-6.475468
10.777895
3.303211
1.039148
-0.334683
-13.257653
0.037380
9.147149
11.873439
3.440712
-2.859231
-6.819158
10.178923
-10.340628
-11.934943
-2.020245
-8.476847
2.190755
-15.978079
-0.006864
-15.897636
5.799520
-15.999376
9.402655
-9.470286
-12.667526
-6.486068
10.921978
-9.983297
-7.419325
-12.064363
-10.876704
9.535979
7.167248
-6.623656
-10.071156
-11.461316
-4.169012
-0.825861
-8.321378
7.927029
2.469374
4.921322
7.478242
8.477637
0.409645
-1.740423
-7.498796
8.015892
9.210206
-9.064765
-10.948468
2.201632
10.931172
-5.161016
8.761188
7.746311
-0.711887
-2.403241
2.994894
8.024332
6.922282
11.187095
13.352157
-12.382077
0.999020
-6.674558
-4.593116
8.971515
-9.153504
-15.990365
-13.938512
0.194990
-8.103112
9.215823
12.605237
-4.746269
-7.423717
-13.048340
-7.252609
7.663286
-8.842922
9.676446
6.094688
-9.676470
11.252748
-6.633831
1.203623
-12.417584
7.343495
-6.051788
-12.973407
-9.886639
8.109741
-7.877020
-13.431120
-10.079647
-8.375949
-9.858178
8.727005
7.650089
11.217248
11.068993
0.123903
-6.291596
6.612470
-13.641280
9.829842
-9.550867
-15.964778
-3.196348
8.891412
-7.175348
-10.678196
11.527919
-15.938279
-10.768626
6.957527
6.276861
2.055644
-10.049522
-11.348224
2.926534
2.333959
5.282070
-5.231709
-11.636579
6.803892
-12.088847
-12.125270
-13.337299
9.082344
-8.515686
13.960438
3.388776
7.445978
-2.245232
-5.333230
-15.884813
-7.135047
-9.982518
-14.041324
2.892609
15.995367
-10.572116
-6.980266
-10.604044
4.945751
9.522397
-11.403848
-7.879036
-8.198322
7.150742
8.506520
6.099795
-10.024477
-9.934748
2.499733
-9.576126
11.756763
6.304147
7.253626
3.302562
9.244703
-10.520593
-13.491599
7.578698
3.734357
3.280894
9.867629
7.344929
-11.037473
-1.881131
-8.145476
2.253158
3.768747
-7.444098
10.555226
-5.864635
9.410296
1.768135
-12.027288
-3.342319
9.537166
-6.382444
-12.284707
9.929890
10.218628
6.238078
11.027951
-13.411509
-7.972917
15.999122
-11.554082
-9.574509
-8.588687
-0.962560
-4.419240
5.376731
-8.181804
10.942757
-15.983896
0.435694
5.930016
-7.755024
-4.631935
8.138959
-12.634635
-4.506414
-8.113547
-5.454764
-12.890182
-2.484892
9.400450
-7.968207
-8.072405
-11.338053
-10.208662
-12.249032
-5.409690
0.637429
-7.080253
9.342195
10.518847
-10.848683
15.024150
-9.439096
15.956487
9.904633
5.010070
8.851819
12.067582
3.437131
-10.394787
0.558438
-11.767598
-9.624331
-9.226308
-5.674252
7.357994
0.737817
-12.214984
15.989838
9.242914
-8.968712
8.274289
11.474962
0.204887
-3.275101
-6.250963
-2.395648
8.688228
-9.282066
-4.721501
8.724171
-9.638373
-14.031669
5.938335
-5.139076
-11.969728
7.248767
-9.745605
10.200182
7.180357
-7.513685
1.607332
8.897699
-15.408620
-5.970217
5.804968
9.858025
8.327330
-14.166055
9.467567
-0.447077
-14.372761
-8.287076
-9.472126
-6.470449
3.624028
0.775740
-5.454767
7.167591
9.169962
-0.590616
0.085934
-9.897408
7.986200
11.686350
3.723659
-0.873142
-11.514205
-9.422973
-6.077145
-7.007322
-2.343792
10.229628
-9.993524
9.506466
10.408989
11.900223
-12.014461
-10.925227
7.048538
-10.132020
-10.380555
6.805079
4.760593
15.896636
-8.415527
-5.153874
-14.075915
11.157152
4.658277
3.626844
-4.893759
-10.155505
1.774303
-6.052999
-9.779180
0.947426
-11.346322
-6.012434
4.576007
-10.644712
-2.960345
-13.541219
10.231409
2.266541
-15.955731
-9.987082
-10.021549
-9.865844
-10.498678
-11.413078
-3.326783
-10.576997
5.243295
-0.033105
9.057292
6.732915
-6.750190
7.771170
-15.959494
6.651497
-9.693475
6.185604
-11.443094
-11.354347
6.338472
-8.717828
0.210061
0.097008
6.303753
0.442853
8.555083
10.064921
5.470005
-10.843507
-11.779500
7.739219
-10.890085
-15.999853
-13.509592
3.132465
-5.185454
-12.047962
9.351506
-4.837783
5.117816
13.591062
-4.734316
-4.409557
6.280042
-11.123352
-6.811127
11.032369
-1.957310
-11.825713
6.684184
15.706276
-8.729539
12.312582
-7.387447
10.438385
3.511769
-10.943418
7.545011
-9.913929
-13.351163
9.450426
-10.659105
4.872128
4.250805
-7.716247
-12.016285
-15.998710
-0.463532
-9.756062
4.181039
13.243195
-12.336085
-6.700240
-10.531231
-9.997217
-11.250689
-8.120219
3.468360
-11.527347
7.426197
-11.900421
8.685331
8.107242
11.507529
9.340248
10.799250
-5.592890
-6.333384
9.256807
-4.377090
-9.261431
-6.659076
-11.555283
-11.260493
6.521184
3.650227
-15.999451
13.468407
9.244192
10.478288
-6.548670
-13.324601
-1.787356
7.102646
-14.033564
2.848783
-10.204319
-9.916352
2.695568
9.776079
0.100247
11.113734
-7.906108
-9.924131
9.722207
-11.806588
9.139257
-2.299951
9.566394
-6.043280
-4.091316
-9.171615
2.829060
8.361353
6.867569
-12.040867
-12.042970
11.819828
-14.174758
-8.346327
0.683788
-2.851685
11.201905
4.799708
-9.646647
9.520621
4.869026
-12.014664
-7.192698
-6.593994
-5.175659
-1.643522
-7.278919
12.345815
-6.165756
6.880457
-7.191616
8.668113
13.389091
-11.142965
7.469872
-15.986818
7.405418
-7.258397
-11.190005
-11.113692
-9.977165
12.421583
-3.032164
3.894331
3.173083
-3.433699
-14.040490
0.312341
3.680171
-10.122738
-13.423825
-5.429074
8.554026
2.258278
11.175497
4.827460
9.572806
-7.737850
-8.062453
-9.176056
-8.603488
-6.456733
9.056350
-6.409767
4.899172
15.906943
-8.539004
-15.999784
1.979508
4.180459
0.742254
5.437718
10.041950
-9.271045
4.789607
8.648141
6.211167
-11.658415
-5.721212
-13.839195
7.976388
-12.478350
-13.590789
-9.838944
-10.596393
13.614510
-7.492087
0.901885
9.598993
-12.746002
-10.357303
-8.234927
10.712088
-4.196718
8.266339
-11.546111
-4.090057
15.975207
-11.472279
-6.614572
-2.796874
9.544457
12.617861
-6.793619
-2.816666
4.960400
-15.996457
-4.187991
-3.436418
6.934466
6.011957
-10.067029
-4.511995
-10.933261
11.485106
12.586011
-8.340234
7.983501
-9.969723
5.233437
4.780427
-12.222746
-8.783210
2.884036
8.811654
7.761283
7.866176
-0.840489
-13.127972
-9.896074
8.004567
7.794086
6.386073
6.842754
-12.725094
-8.021393
-4.598809
14.271543
10.284355
-10.519357
3.487564
9.282473
-13.392416
8.020058
3.267723
11.165602
8.849357
-8.559231
10.024109
-6.641770
15.904547
-7.317783
-11.386863
-0.304521
-15.990288
-4.610856
5.888634
-10.748633
6.713360
-9.273971
0.342244
3.843515
-6.722605
11.249048
11.264364
-8.856642
3.647236
-5.553307
-7.390905
10.566283
-10.965989
-8.981694
-10.867377
7.196557
11.324273
5.155965
-2.522257
10.397124
-2.217937
7.377355
11.935245
0.402840
-4.395957
-3.785717
-11.180858
-7.469126
-13.257348
9.991950
5.829242
1.953356
-6.703035
-8.265260
11.326828
2.921702
-8.802406
10.602024
8.635352
-11.926447
7.848623
-12.596890
10.760513
-4.393903
-4.896065
-13.659019
-5.480277
13.560608
-4.549626
8.585161
-12.156973
9.461056
-0.802850
-6.573350
8.902005
-6.538208
0.751932
-11.983934
-5.422780
-12.845321
4.373468
-12.989181
3.030091
11.000624
12.302843
-1.642831
-2.174906
-12.245094
8.700559
-9.580676
-0.177167
7.319658
-14.235656
13.134752
-10.246025
-10.863705
-4.316405
-10.171900
2.832915
-7.912607
-3.982361
-12.437485
10.191641
-9.214816
-7.744471
4.572320
9.004259
-10.478512
10.581340
4.855051
10.461764
-11.408142
9.202318
-11.868091
-1.934017
5.069468
-10.195535
15.468976
-0.200502
-8.667570
-7.837853
-9.326500
-10.061457
0.773960
-5.734201
11.498465
-10.319774
-5.648575
-14.062238
-4.269984
-5.760662
11.776499
-8.404876
-15.956060
-11.145165
11.062842
-7.278379
4.272563
-6.151591
-1.501246
-8.481200
-15.999943
8.403266
-11.132812
9.841077
-5.603249
-6.223958
-9.502720
2.440199
-10.361011
-3.324667
10.925629
3.421728
-2.747991
-12.439034
-4.428145
5.945549
-12.600171
-4.115798
5.549523
8.227603
4.148166
10.598627
4.901560
12.486079
-12.711800
-3.419421
5.637513
-6.868923
4.487514
5.777731
-11.018582
5.787043
6.327760
-8.848605
8.364818
-1.984940
-11.316373
0.440597
-15.999483
-15.999115
-12.767246
0.801718
7.584877
-11.331245
9.969077
7.584415
-9.488255
0.920217
7.029199
-12.408714
9.171143
10.457661
-10.111545
1.246419
12.417865
6.640378
-9.772271
-11.285364
3.749491
8.081076
13.332495
8.999806
-4.634691
12.528943
-11.120409
12.765634
1.070879
-8.351840
5.655193
-14.146388
-12.368713
9.995997
-4.511748
-12.887654
3.760595
-12.221742
-5.260919
-10.909379
-7.956189
-13.422162
-15.982915
4.169550
9.429531
11.563242
-12.148140
7.458849
7.111962
10.568746
10.052474
-3.158339
-9.600387
-9.969834
9.252882
7.596732
0.851742
10.750268
10.171910
-3.885238
7.180438
-11.159632
-11.315020
11.381261
7.765943
-8.801792
-5.273160
-8.330786
-7.254768
-12.243505
6.129305
8.072220
5.242021
6.518776
-7.376869
11.762357
0.016431
-12.861968
-11.669102
8.043264
3.214354
-14.931318
-4.271643
3.841664
-15.972449
4.617430
-11.401469
-6.854991
-7.091488
6.295278
-13.946232
-0.448395
-1.949089
6.384992
10.845661
8.716009
-12.967897
-12.108201
-9.857840
2.196066
8.385629
-11.643887
-8.941560
8.443429
8.784174
12.352012
12.762272
-12.103509
-13.250895
-13.009789
8.237295
-0.606842
-11.159338
-10.100985
0.611761
-15.995401
7.197903
-12.633233
8.937116
-8.938516
8.645678
-12.150236
-12.516815
-9.597765
-0.649991
9.111113
-4.472603
6.726448
8.781856
12.164081
-9.735602
-10.953198
-7.647288
6.613375
9.840825
5.618993
-7.336599
-10.691422
7.546440
8.499651
10.412105
-13.917211
3.837352
9.503883
-7.950247
-11.962016
-9.879570
6.074062
-6.619658
-11.725802
-12.233308
3.883899
-4.675886
12.640293
-12.538289
6.135298
6.262660
-2.680945
-8.758639
-11.053726
-7.024929
-10.297510
-10.661776
13.509733
8.214070
-5.889736
-3.870763
-7.809652
4.686923
-10.383387
-9.233935
-2.978471
7.142761
9.849958
-10.211624
2.919019
13.211142
7.032516
-3.569188
-8.894940
-11.057187
1.709191
-7.577288
-7.846829
1.756651
-8.981326
-9.525082
-9.594551
7.122375
7.626359
-10.009297
9.747084
-12.238045
-8.604091
-11.427964
7.039304
12.933085
11.950958
-11.942253
6.356204
-3.919455
0.073314
7.097010
-11.459898
-6.496987
6.057482
-8.971983
-6.640432
0.563815
-9.677727
-6.963131
-6.281952
-13.437927
4.264315
-8.910466
-9.209811
-9.977400
10.311740
8.490006
-3.552425
-0.119019
-10.796453
-12.428927
5.195703
-7.582100
-8.755873
0.217014
9.111387
-13.135730
6.755791
-12.080455
10.247823
-7.840955
11.394148
-11.020869
6.163020
-12.222053
-4.981698
11.671849
-9.612645
0.362158
-11.853991
10.222271
9.574090
5.193813
6.164585
12.240317
13.837523
15.903907
6.758840
-3.656733
-7.162067
-2.964794
2.340855
6.441032
7.478284
-7.442480
0.049049
-4.608685
-8.556634
2.398232
-7.193821
-12.384699
-12.325345
-7.569844
9.915695
-8.900577
15.389455
-11.484925
-5.206706
-10.615552
-9.179525
3.387699
-11.715598
-8.170723
-9.815756
-11.107452
4.326557
-5.422290
11.190035
0.308012
-4.189301
11.179742
6.431064
-2.447420
-4.196382
-10.556264
0.491241
10.182918
-1.278730
-11.801197
8.121230
6.523513
5.199548
0.424514
-8.328110
-10.258476
-8.544727
4.773161
-6.609881
-13.805001
5.142216
-9.247311
7.116979
-7.279654
-6.683061
-6.879145
11.211431
8.286321
6.670610
-14.058325
-9.749105
1.782522
9.799259
0.442553
-15.951855
15.999323
-12.545695
3.005068
11.145235
-14.001767
-13.751024
7.093561
-9.255422
-11.988453
11.498311
6.122950
-10.897680
6.586729
-7.798699
5.792052
-10.510528
2.212085
9.106360
6.500728
-14.207737
3.773096
2.610583
-12.174306
-10.684663
4.665049
5.705560
-12.129745
7.352970
-4.592761
8.843772
9.552470
9.319919
-12.590669
10.038711
-15.999794
0.635628
-10.139839
-8.027561
10.720624
-9.177500
-10.300411
-9.448479
-11.515955
-8.791914
6.096253
-11.704237
-12.117375
2.582698
7.910765
-11.710142
-8.958764
-6.564649
2.353334
-6.609830
-9.482414
-8.132118
-7.985624
7.591021
-8.822279
8.554817
9.252756
6.346964
-8.609558
-10.953410
-6.071880
3.374180
6.998139
-10.366864
3.411674
11.925382
9.502125
8.125597
-8.824847
-13.387530
-13.890107
-9.813722
6.570683
-8.154600
-11.370869
0.796243
-7.099913
9.605762
4.624069
11.385910
9.103223
-15.999835
13.838243
-10.207256
0.064668
-12.233317
1.161744
2.634522
9.179167
1.630966
5.185714
-12.627133
-6.913208
-10.751198
-2.040009
5.103643
12.722848
10.050318
11.871500
-15.999980
-15.658516
10.707675
10.037037
-5.594835
7.232024
10.837534
-13.390259
-10.452728
2.814369
-15.979849
4.504216
-5.772388
-15.999449
-8.618521
10.495173
-0.179437
7.979901
-7.574230
0.627690
-7.301065
-9.118602
10.216900
-10.681261
0.301096
-10.837775
-7.096900
-11.131229
2.758612
-8.358185
-12.465723
-10.033085
-8.410974
6.366756
2.181516
3.305409
-9.009648
-9.911372
6.284558
5.869485
7.599844
7.649392
11.408261
8.935705
7.381021
-15.997632
2.504394
1.213721
6.892048
10.471940
-4.003795
7.930661
-8.672082
-14.043566
-6.420799
-3.381361
-11.525706
6.674807
-9.616396
11.561999
-11.205943
3.732158
8.106311
6.287604
-8.347977
-11.460320
9.487933
-7.762151
-8.566181
-10.976472
15.997400
-3.492568
-3.408353
3.502304
-9.569672
-10.510470
1.476703
0.302976
-7.398882
1.458422
10.182865
-10.593071
6.859457
-7.501178
-11.395426
-12.145920
-8.326952
-10.566525
4.251813
8.547585
9.206063
-8.405110
7.511749
-7.480086
3.560560
9.811501
-9.322480
4.344114
9.855869
6.969368
-12.426769
9.825513
-10.484186
6.434316
-5.157301
0.991855
4.845590
-10.047833
-9.400056
11.703414
-12.926354
-13.114800
9.655000
-11.574491
8.697706
9.719049
9.816931
-10.697779
-1.342084
2.207827
-12.870534
-9.823318
12.110143
4.907002
-15.999126
-4.666314
10.421358
-3.772051
-7.254711
-13.485587
-9.184012
7.851040
-10.891017
-12.584206
5.831512
0.737129
-10.387381
-15.594939
-2.832157
8.243070
-7.664776
11.287781
0.517209
4.038272
5.057656
-11.001048
7.910940
2.376196
6.046494
3.420458
-10.616905
-8.551589
0.543429
-6.544139
7.529481
-1.837814
2.324432
-7.677826
-2.620468
11.589453
12.824493
-6.640983
-6.448218
3.230127
-12.418749
-4.386312
-12.278516
-12.805587
-9.884895
-8.471920
-9.530816
-11.297761
-11.776938
7.697344
6.744163
0.232102
-4.194745
9.088968
-6.456225
-4.942379
7.698259
11.243890
11.023000
-6.763514
-11.717635
-12.364675
-11.956903
-7.777739
-11.677859
8.908206
-9.622430
5.478615
-5.909551
-15.231032
-11.210509
-11.291273
-1.820730
-9.362661
-12.575745
8.813273
3.566658
8.628705
-5.621722
-15.999872
10.901875
12.681485
11.540729
-7.949956
11.272407
-8.401911
11.780766
7.803018
10.657746
-10.035166
0.215829
3.485800
-9.571454
-7.130697
-12.803381
7.890439
-4.513315
11.186588
9.285442
-5.562633
6.572943
-8.233325
13.491300
-10.504860
-7.680564
10.134741
5.768169
-5.134010
10.692790
-9.413483
-12.307947
-4.022479
8.719032
-5.465535
-8.292248
2.464361
-10.253218
-6.370920
-9.545543
5.417328
-11.338474
9.714290
-4.619557
8.867099
6.498253
-2.151921
-11.004858
-10.662229
12.776675
8.736391
1.731322
9.380214
9.538229
-9.297360
10.571009
-7.404900
8.241749
4.796567
-7.759363
7.383577
-10.619510
-8.469366
9.035866
6.190117
8.509597
-11.798177
6.716537
1.577198
7.987327
-12.672995
-13.653854
4.730474
-13.152484
-13.313005
-13.539982
-12.943480
10.861368
3.393830
-9.848831
-8.217803
-5.801869
12.367003
5.111157
6.535119
6.537216
-12.970002
6.553738
-9.796816
-11.283420
13.743425
-9.020975
-3.710389
-4.171712
-8.810125
8.963755
-5.001747
12.909997
-11.089492
6.471739
-8.557224
-7.520548
7.318079
-15.999596
7.445684
-10.941225
-4.858732
6.583159
-6.839961
-8.414083
8.368905
7.657792
-7.438633
3.888271
6.254359
-12.056173
-2.742391
9.621510
-8.052480
-1.177057
11.718388
7.957496
-9.659692
1.882317
11.344295
9.358410
6.905225
5.667598
4.457664
-9.629648
0.126009
8.828064
-8.825701
8.641565
2.615363
-11.846809
-9.555233
-0.147725
7.473027
5.435599
-5.010974
-4.675735
9.521000
-13.576158
5.496025
-11.304365
7.163994
8.180441
-7.109700
6.166706
8.879821
9.128510
-9.254388
-12.538486
1.629353
9.886613
-6.395988
-11.030995
-15.999971
-8.922519
12.493048
-8.744925
9.508665
-0.987997
-7.028331
-11.212977
-8.710336
-10.744141
-5.402700
-12.261028
-7.351486
-10.512900
9.348363
2.403532
9.585305
-4.369267
-11.312456
-10.460903
-8.465252
4.169009
15.912505
-0.396969
2.655317
-3.159233
-1.945444
3.411109
-3.691943
-9.814617
5.854391
-15.984269
11.243545
8.923123
-9.390207
-11.297259
8.354908
5.489782
-12.779063
-8.487080
13.879866
3.020054
2.077216
-2.377071
-0.447009
-14.868819
-9.343190
11.051782
5.429179
-5.540754
10.623313
-7.917130
-1.289371
7.043786
-14.810191
1.860861
-7.263511
6.743122
-11.727968
-9.409150
11.422318
5.645482
4.340241
10.421104
-1.743132
12.424710
-14.789727
10.247301
-9.116740
-8.253920
-12.161010
-15.999806
-10.767012
-10.697796
9.233812
-3.695064
-5.667171
5.176763
5.456703
10.275673
6.879332
2.308359
4.483017
-10.105884
-8.525452
-11.917540
-5.018581
9.321150
9.775408
10.331010
-12.353602
9.120167
-11.383304
8.615976
9.511674
7.670885
-9.473041
-13.200583
-3.542831
-8.187754
11.214707
-7.465169
3.808810
-10.230886
-11.576756
-13.247004
7.104925
-7.307043
-3.530185
6.194648
3.558906
-11.652316
-0.612938
-9.578246
-11.141166
6.012995
-9.822791
-11.636678
-11.186607
-8.246261
-12.433418
-10.427585
-10.849098
7.759553
-4.421360
-7.563201
-12.745428
-9.360723
8.409465
-12.479533
-13.054382
-12.165114
7.519994
-9.761380
-10.465050
-6.870875
8.567912
3.916565
4.687096
-6.645378
12.272573
10.538387
6.613448
0.256862
-7.585486
4.796953
15.961901
-12.119799
-12.017854
9.903459
-2.082211
11.050283
-10.931192
4.663478
-2.103876
10.616500
8.355395
9.072674
8.695649
-10.191538
12.997426
-7.636526
-0.636487
13.463060
5.968285
5.883708
5.648686
11.316477
7.095153
15.996627
-9.194893
6.234934
9.411533
12.289185
-9.266655
-11.052115
3.052997
7.410327
-7.783997
-6.253856
-11.207293
-12.899156
8.787862
-9.081540
-6.530818
-10.234255
4.404351
-8.179613
-12.474683
-5.248136
-6.064254
15.980000
-3.676823
-9.793135
10.188952
-9.561423
-3.366822
6.907789
4.521440
-15.989522
9.553759
5.082002
-9.724595
-8.551243
-12.188163
10.482824
6.304086
-6.097552
-10.102130
-9.633188
-2.877266
-0.261141
8.785424
-10.760381
-5.144920
0.584867
6.251010
9.168851
-11.257415
-9.040483
-9.530756
14.100534
-0.179314
-9.355164
-11.676133
-10.188833
-8.975034
-2.115390
-5.169612
-7.412345
-11.577830
7.158860
3.546269
-6.027314
9.099927
-7.883788
-12.329871
-6.175826
8.156430
-7.904165
9.041953
5.538770
10.254388
-3.155303
2.339428
8.436894
-5.364572
10.874246
-5.478513
-11.781448
4.036964
-6.634114
9.102661
13.747281
-12.564019
2.442423
-2.083999
6.790442
7.166505
-12.439974
-5.955521
-12.715475
-4.839340
15.999147
4.434476
5.937063
9.879812
8.112432
7.561682
-8.424443
-4.318509
9.060892
9.982640
-4.671519
4.200146
11.253062
-12.435968
7.396327
-13.931092
-8.287535
7.286738
-11.907424
-8.524714
7.861033
-7.666442
9.734269
-2.434592
10.119422
-9.643169
-6.115359
7.802698
11.464721
-2.383480
3.718491
-10.457824
8.683425
-8.660485
-8.776476
-2.630440
-0.014499
2.564212
5.765556
-6.914691
-12.956598
9.815295
-4.979010
-9.280177
13.433882
12.181539
8.315466
12.401596
-10.744385
5.158544
-5.539614
0.179204
-4.228270
2.897838
4.414413
8.809063
-7.538109
4.589579
-7.679494
10.289551
9.318082
-5.706071
10.296674
-12.646319
12.753085
-9.539043
-13.046267
2.003297
12.283833
-8.763764
15.999750
-6.577257
-3.325398
-5.596786
-6.492884
8.933982
3.165294
6.585556
12.735344
-3.097959
-11.199188
-8.153972
-4.883583
-5.514082
9.133759
6.869597
-10.742152
11.280210
-3.151164
-8.097259
10.876874
-13.164937
5.045113
11.117055
-8.194188
-9.833103
-6.057038
-8.866177
2.041938
-9.271726
8.081114
11.663189
-12.482123
10.828052
-5.526130
-9.668302
-11.178677
10.130328
-3.495377
-1.262923
9.496371
-10.852376
-10.795051
7.974348
-7.379679
6.062984
-7.018525
11.066222
8.461613
3.134919
6.233168
-7.279011
-5.650553
6.138155
-4.759647
-8.334703
8.779808
9.809889
-8.126443
10.474623
-12.994832
-5.138071
-10.629995
-6.507785
-0.766943
15.999597
7.734113
1.037757
3.034957
3.765278
11.934248
-8.028547
10.363816
-10.634708
8.050849
-9.376338
-10.663012
-12.707808
-6.120032
7.670516
-6.594314
-13.031285
-7.888103
-6.495156
-3.470692
3.511518
-4.912372
-8.966007
-5.568851
12.020751
-2.111437
6.020840
4.098550
-10.166291
-7.678904
-11.469940
-12.719627
7.501847
-10.747684
11.070545
-10.865926
-5.530194
-11.192326
-0.165291
1.041577
1.278725
9.277288
10.380457
-9.779589
-11.317263
-6.770297
9.989812
-1.366557
5.186250
4.680871
-12.152127
-5.204396
-13.294115
-9.034919
-9.811907
4.134720
8.478797
4.219867
7.262654
8.048367
2.491705
-9.623204
12.096607
15.949524
-5.414302
11.218383
-8.520124
-8.955619
10.536614
8.514615
4.428924
-11.015694
-9.412217
-8.453796
0.518810
5.391836
2.645948
6.235573
10.210387
-8.199758
4.450070
-11.169362
9.455403
11.169550
8.102121
-10.124916
11.336749
10.583322
-7.523295
7.095253
-10.112319
6.024247
4.953178
-1.443561
13.377979
6.225394
-10.336815
-9.432047
-9.113308
7.693421
9.235807
4.035601
-9.057764
-6.200260
-9.422894
-10.937396
-10.399096
5.532487
-7.528292
8.461572
-11.738271
11.925166
-15.999904
-0.267710
-9.775174
-6.625085
-12.690541
-11.869774
-7.315025
8.677646
2.563827
-8.062028
-5.102079
-13.842544
0.186783
-7.211411
4.841005
6.509436
9.611244
-6.200289
-2.628950
-15.999917
-7.543099
11.593317
-10.387592
7.518832
0.505765
7.619913
-7.209887
9.191159
-11.483939
11.621158
-13.972052
10.575194
8.833264
-14.402073
14.107642
-10.305447
-12.710898
-9.947746
-12.637041
-12.240528
3.663633
7.248693
9.393330
8.691497
10.583336
4.334154
-3.220325
-12.573618
-1.088990
-4.571678
-15.948426
-10.898349
-6.865412
-9.472235
-5.107487
8.403630
2.864238
8.171722
-4.769972
7.052240
5.514428
0.307642
8.383980
-10.591261
-9.104731
8.070171
-0.192268
4.936419
-7.639002
5.945953
-10.467949
10.865123
-11.206767
4.761883
-15.981212
14.193413
-0.043674
-11.428100
-5.714659
-10.821149
-8.814367
9.628215
9.532441
-9.118398
5.825969
6.105493
3.889597
-0.088957
7.140728
11.376923
10.376899
12.472394
-11.366730
-11.571311
-9.500677
-8.992694
-9.597359
6.926221
-9.257982
2.929299
8.329828
4.893024
-5.762571
-4.751527
-10.220699
-9.825891
-13.847692
9.104083
-5.073885
-13.197380
7.816350
-7.672017
10.319960
-5.079291
10.833982
-11.938025
-6.952335
-0.690497
10.210390
7.479534
-2.560190
-10.191513
15.989560
-11.550400
-10.149449
7.730707
-13.885854
8.810751
-8.050386
9.926055
10.901978
7.148859
-11.707307
-6.213291
-11.854099
12.071345
-2.100959
-10.355863
2.511228
-4.848101
8.780874
1.793392
11.182663
1.978041
-4.604147
-12.840638
-12.536960
-5.995124
10.259165
-10.361591
9.831205
10.486555
-11.575570
8.688149
3.080183
-13.358692
9.577901
6.086869
12.256052
-7.929244
-15.999671
-11.360497
-13.410861
-4.277511
10.038459
6.411770
-0.186067
7.721950
-5.084662
-7.983675
4.499991
-10.002381
9.233220
5.866755
12.043194
2.110748
-12.342923
-8.529812
-9.135713
9.149625
6.828715
-8.686244
-8.659026
-5.973434
-11.341523
-11.152848
-2.112618
-4.869164
3.818436
1.404006
-15.941520
-7.320586
3.641103
10.667499
-11.340354
8.017368
-11.110323
7.205423
9.655314
8.185248
11.340750
0.147071
1.866916
-8.458937
9.932124
1.326785
-7.935980
-2.171914
-8.571466
-2.503121
-15.997161
8.006974
-8.254356
-0.490828
11.554948
7.569358
-4.490702
-15.619544
3.910026
10.756358
-3.115465
-10.995602
8.171345
3.091547
7.243470
-14.161526
3.494021
-8.050746
-15.675252
10.777508
-11.797060
-6.004087
5.337781
5.714314
10.594378
8.192148
0.148392
4.498019
5.478580
-15.985244
10.230698
-9.842907
-11.834701
-13.037367
-9.028997
8.084862
-5.957227
-11.351295
8.898531
-11.310993
-9.352706
-13.876275
3.557039
-2.302459
-11.108227
-11.214414
12.836770
15.999164
-7.558052
-7.221051
10.613992
4.584073
-10.834585
-11.459591
-7.220965
1.045647
-6.495340
10.529652
0.205989
-9.783389
-6.689845
-5.287638
-12.937689
12.720091
11.783413
-7.558504
5.040978
-10.309164
-0.235727
-9.050388
-13.117566
-1.989350
8.648248
6.136527
-4.079732
-1.444755
12.673287
9.671197
-7.368826
-5.940565
-0.076150
-11.442360
-3.130111
-8.253849
7.421791
2.136769
10.685258
2.518248
10.923139
-5.741933
0.721048
5.978682
9.560154
12.111012
8.329163
-3.227151
-7.172597
-12.553667
10.473706
-11.309747
-11.131498
2.722116
4.653039
-7.848149
8.140638
2.502512
-15.991238
7.220611
9.514364
2.990332
7.745189
11.137471
-2.153359
-6.734171
9.986882
-10.871760
-8.745859
-12.536816
-9.730887
-9.136123
-3.234005
11.906399
11.786013
5.818574
-9.888255
-10.341506
-9.380636
-5.787493
-15.999488
-11.966898
-10.436910
7.573233
-5.949512
-1.207950
2.913194
10.542677
9.456736
8.443571
-9.233465
-10.808023
-11.101334
-13.603399
-9.971627
8.110609
2.345640
-11.572775
5.810928
2.906616
5.497255
0.095437
-8.279614
9.272868
-8.771241
4.580377
2.453276
-5.942156
-6.507227
-11.141616
-12.219119
-12.002627
10.660216
-13.911489
-12.689185
7.755144
-5.473407
7.223866
-11.373486
6.828890
12.979451
7.591494
-5.851256
-7.257126
-11.890461
0.316804
10.345286
9.582848
8.839138
-11.187317
-6.731983
8.610630
-12.192268
-10.271635
-15.997511
-13.803995
7.937237
-11.885228
10.762821
6.293252
-9.883606
9.516911
-8.040796
-5.311322
12.074931
-8.877996
7.350208
-10.876126
-10.508315
6.493240
4.341319
-2.739047
9.272574
-15.998512
8.089658
4.601870
1.853386
-13.755081
6.846092
9.776985
-8.237865
12.125625
6.186506
-8.563323
-0.066057
9.043000
4.753266
-10.733330
9.758523
4.718266
11.926525
6.175013
-8.725225
-11.990705
8.897154
2.761179
-15.998673
11.286368
-6.457202
7.241066
8.382986
-10.123864
7.563441
-9.277504
9.646202
7.233212
-4.412122
5.697160
7.216867
-11.292181
-8.660410
-4.664037
-7.848715
-15.998108
-5.240723
-12.540872
-6.080487
6.768627
10.849282
-10.627810
6.707800
0.643350
-2.213095
-12.215193
-6.717387
-9.341268
-4.600986
-5.095647
5.205322
9.095891
7.996157
12.068533
-10.474710
-2.316167
-11.260874
-11.987539
13.939660
-15.927609
-6.869279
-6.487835
-1.562059
-4.543475
-12.276030
13.422544
-8.420820
10.201919
-7.989291
-8.559938
-8.590113
4.171669
11.078776
0.409829
-14.645921
8.166605
-7.272799
3.112041
-5.913024
-6.679483
-8.374996
4.790058
13.517444
11.333741
8.037489
-11.550714
-12.113664
-9.042753
-9.858735
-9.346615
-11.072160
-10.167969
-9.025100
8.750106
-9.974054
-13.074466
-5.076079
9.793057
6.713751
3.814783
5.754634
11.112412
-12.143715
4.138434
10.473865
3.469595
-11.454094
10.847047
8.786520
-9.729063
7.198687
-6.750658
15.967127
4.751038
-7.731107
-11.422974
6.236383
-9.089314
-4.170512
10.546408
-12.609590
8.642466
-9.417517
6.120277
-10.916140
-9.768907
9.502726
8.423082
10.323568
-11.507297
-12.089835
9.946093
8.535410
11.055352
-3.504490
-13.402498
-11.192762
-13.445399
8.972570
-8.306099
5.742892
-8.330549
-9.279406
4.315633
7.280183
7.199286
-10.323931
10.735046
15.996220
-10.845855
4.973758
-10.052243
3.459926
2.797223
5.513817
12.666127
-13.586690
9.132301
-2.506059
0.590911
5.824403
6.202985
3.988728
10.341112
10.210886
-14.355118
6.415068
-8.718333
6.874624
-7.216155
-11.918663
5.601632
15.999801
11.557965
11.200955
-6.615733
-9.062947
0.882764
-6.730254
-10.254033
10.238962
-6.110136
5.357297
-1.516878
8.046368
4.169672
-9.822518
-7.800681
3.898240
-5.007498
11.791400
2.851983
-7.133814
11.164350
-7.503115
6.119469
-2.644504
-12.526615
-3.684345
9.375004
-6.354609
6.964878
-8.998368
12.169990
6.047731
-1.273185
0.438840
-15.998816
12.781545
-10.986661
-11.183578
9.497455
10.808533
9.293343
-13.749189
9.921045
-12.175897
6.489721
-8.888226
-11.325881
-13.402033
-15.970020
10.299273
-7.191225
9.641248
7.071193
5.143974
8.295154
9.806579
-1.663733
-1.940570
8.458587
0.613720
11.262531
-2.868080
9.933552
9.921657
8.880774
2.963879
2.843815
-10.060425
8.320752
-11.131667
2.002167
-7.801305
8.154371
-8.803898
-8.024758
-15.731952
-15.973609
7.489806
10.076936
-1.594402
-11.858234
2.198546
8.811524
-7.368855
-9.714261
-1.469652
-12.851959
9.144617
-9.157363
6.321982
-2.854516
-12.082505
-12.075845
-10.129524
12.974501
-9.868659
-11.456850
-13.333143
2.471594
9.140170
1.331557
-8.906374
-7.891930
5.952812
0.196901
3.647231
11.884674
4.392777
-13.199856
-7.046647
8.984939
-7.670724
8.657691
0.340887
-9.105980
5.311521
-2.391742
-7.470562
9.500802
-6.535846
0.270892
13.961663
7.835760
-9.225805
-1.366488
-5.420421
6.453255
-7.849902
10.847042
-15.995585
-11.694942
11.219764
5.663527
6.283155
-8.874385
8.182657
8.357244
-7.278282
7.393517
-3.797863
-4.051390
7.866355
-9.967511
13.097062
4.047620
12.012545
-13.374393
7.813345
-9.358117
9.516378
-7.237445
6.276637
-7.783835
-13.220210
8.146502
2.934190
7.725154
-9.284606
6.528221
-11.112082
2.768972
8.689613
2.228513
6.396495
7.366454
6.008930
-10.805527
5.245335
-7.349385
-9.593795
-15.984465
-12.924107
0.190854
-0.324492
3.496584
7.126435
-2.794401
5.687900
-10.061461
4.990331
5.992350
-3.743451
-10.752551
-13.028786
-10.788197
-0.006323
9.948797
-10.619488
-4.667239
9.335093
-8.562866
-12.539616
13.101006
7.048835
11.121754
-10.461879
12.296915
10.208335
-10.844464
-4.860216
1.009419
12.692588
9.414055
-10.398154
-13.252100
-1.957590
1.088662
7.434792
2.082099
-12.731430
6.914446
-1.524503
11.212943
8.978958
5.986709
9.045557
5.413520
0.908993
8.290526
-6.766294
-11.138872
-3.035738
-12.172112
-9.407564
9.102125
-2.588589
9.734709
-9.115167
-13.101698
7.472891
-7.478042
11.408476
-11.316531
-11.079593
9.958913
-7.653722
-10.955086
0.547593
3.963086
7.348529
-9.307408
-9.277396
-10.474883
-7.223714
0.880844
7.773377
15.999653
9.944283
7.741917
10.271855
-11.653414
6.766912
13.114332
-10.315080
7.477972
4.632617
-3.144226
-10.450033
-13.201649
-10.142714
1.440896
9.746368
4.342159
3.721938
0.085778
-9.499751
-13.224401
7.382129
-11.355708
9.972915
-15.997645
2.604971
-7.492544
-5.750837
-13.714921
-8.262623
-7.861961
-11.090433
-6.760365
-10.693063
8.307702
4.054680
-0.138053
-13.367609
7.833177
-8.727754
13.780808
2.458548
-13.659287
-12.291380
-3.913772
5.999109
6.584274
1.357118
-7.427455
-4.011455
-5.076565
10.287540
10.342576
-8.010087
-7.126585
-5.052008
-10.640717
-0.721655
12.226652
-9.767330
7.290617
-9.103169
-9.958111
6.854098
-1.751946
9.943170
-10.277130
-9.969255
-5.190721
3.322005
15.976753
-5.971787
11.432280
-13.345555
-4.731332
-9.034555
11.059036
10.335148
-0.144975
11.376408
-11.298547
-6.203186
1.798065
9.969052
10.518825
9.858225
-9.643156
-3.747303
5.447546
3.999486
0.656027
8.689255
10.652805
10.586352
-6.762276
7.915597
-12.640057
10.862234
8.761182
-8.772811
10.609106
-15.989302
-6.289257
5.709415
-8.102449
-13.238979
-10.599987
10.110142
7.381529
-6.801999
-5.611487
12.932987
3.971049
-9.631506
12.450278
8.461120
-11.865043
13.075357
8.489918
6.220050
-9.748398
-8.893642
10.899473
-2.311317
-9.396567
8.154658
-3.352622
6.617546
13.928793
11.206069
-4.747614
10.149313
5.103707
10.485446
1.196184
1.642715
10.756597
-12.169824
-12.724510
15.986322
-10.263689
-9.740246
5.094974
-15.997582
10.519372
0.908729
10.479780
3.703993
-3.507758
2.534844
-14.054870
-6.843610
10.281872
7.103837
-10.317963
-7.085375
-10.001347
6.636870
7.251056
8.007511
10.924451
-7.059589
11.593485
8.818709
-1.243792
5.747913
4.459105
8.457610
0.457598
-6.343371
8.987155
8.492225
10.147310
-5.617897
12.580929
-12.693203
5.238270
-9.562985
-9.342486
4.176196
11.973335
0.283438
5.486103
4.124666
10.458536
4.443851
0.570812
8.039918
-3.139953
-3.404734
5.726053
-7.316143
0.298641
-10.686893
-12.923096
6.913338
12.698323
6.564081
1.202459
-13.563059
-8.699047
6.676571
4.564467
-10.775797
9.743923
5.874784
-3.546804
6.039829
0.313225
10.079343
4.157802
-7.679574
4.813602
10.702995
13.051126
-11.366174
6.819453
-9.362527
8.985378
-11.687794
7.113699
5.939288
3.670360
-4.844409
9.282692
8.943503
-12.650653
7.770698
-8.450410
8.243166
11.286256
7.210267
-7.761433
-9.258901
11.972825
9.623598
5.023295
10.873876
-9.479321
-2.299122
-8.635566
11.541562
-9.409026
-6.423609
-4.550865
10.852707
10.164463
6.799916
-8.631192
-0.268489
9.526367
-11.388290
8.628925
-11.832011
1.600435
-10.760026
13.249761
4.200799
-8.267749
7.151764
3.246310
-1.817381
-5.004189
-11.388487
6.930300
-9.208206
6.443964
0.470298
7.931837
-6.358689
-10.897042
-6.709867
-7.831750
-3.811801
8.193876
-10.850310
-10.507630
4.725585
-7.095641
5.983900
6.683163
-7.398014
-8.278526
7.856581
11.901875
-7.109006
11.845440
-12.399848
-9.240492
9.534250
3.765862
10.320257
-6.721713
9.254304
8.079000
13.263605
4.406859
-10.575428
-5.096985
0.764457
8.110386
8.534611
15.997858
4.183656
5.987156
-3.403273
-12.872542
8.305126
7.412226
10.102391
-8.592193
-15.998340
6.405806
1.584136
-13.438245
10.433807
8.415618
-6.681778
0.888989
1.744245
8.405916
7.784159
-4.696181
12.059011
-15.999560
-5.782165
-11.745625
-7.314975
-3.498020
0.524563
8.894017
12.756503
-12.329984
-9.632427
-8.224220
-4.310960
12.881153
11.409475
1.629431
1.290209
-11.532618
11.098448
-10.094320
-7.555454
-9.551769
3.711439
-11.349728
-7.804362
-10.765238
-8.793292
-7.982305
0.672902
-9.171345
4.940449
-11.394688
-8.630214
-11.456220
0.059389
11.399984
-5.577661
6.750055
0.305874
4.733605
4.012612
7.927897
7.473281
-10.336380
-3.693164
5.507998
-0.735631
-9.762676
4.513474
5.492222
1.522127
-7.077518
8.303073
0.334530
7.921694
2.078847
-6.349363
-11.235876
5.465135
2.884259
3.139805
-4.908392
-8.171296
7.645632
-11.241354
0.426264
-11.770744
-8.144380
-11.243518
8.078069
14.305225
-2.991563
7.023067
-7.180504
-9.361682
-9.733618
-8.373658
6.694414
0.282450
9.339053
-10.104288
-6.602422
-9.042850
7.095826
-10.331982
0.568462
-13.427712
11.489806
0.813056
-8.664685
-12.270829
-5.313942
6.358436
-4.524415
-13.079568
9.746373
4.525137
6.501551
10.337448
-10.952051
-12.369688
-7.294956
2.145408
4.728717
-1.826675
-3.212839
11.493629
-11.222383
3.353826
-8.028379
9.103719
-3.718140
-9.512171
12.542774
-10.121088
9.170725
-11.169619
1.362702
0.450288
-13.613820
6.475105
-4.590512
8.997719
-11.996508
-11.417689
-8.022316
-8.594365
6.683907
-10.524313
4.842055
12.622371
-5.108613
5.664477
-3.888919
-12.914187
7.047810
9.926819
-9.635529
-13.369006
7.792831
5.056515
-7.243399
9.300514
11.533896
4.187479
-7.527599
5.824664
6.804221
-11.207211
3.688093
-0.728030
-11.743758
4.867346
9.059130
6.883901
-13.028484
-0.121626
7.953750
-4.404078
-5.593259
5.683521
-8.925924
14.376651
8.412024
-1.308497
-7.577612
0.502153
-5.007238
4.974053
-12.074776
10.216357
-5.050782
10.948410
9.225809
7.098191
1.212048
-11.278192
-15.999820
-8.850055
-1.229208
-11.325214
-1.102701
7.549584
-10.950674
8.676173
-2.638159
11.251396
-7.965843
14.189573
-7.680045
7.372311
11.602501
9.749416
-2.863255
10.506324
-13.529526
-5.730438
11.188859
1.236642
-9.529485
6.054352
5.644123
6.946103
9.987123
4.838612
-8.851190
-9.773832
6.002248
-1.878775
-4.376377
4.611300
6.060452
-8.153834
-7.320496
10.278651
12.511064
1.729937
6.903125
8.149854
6.766254
-3.576291
-7.250090
-4.186442
-8.341733
-9.592150
-3.305428
-0.055080
5.320687
9.231260
-7.736915
9.659375
9.922973
4.533829
-3.264012
13.469659
-2.017663
-8.806938
-15.997672
-13.521037
-13.812900
13.200500
1.755739
-9.624298
10.809370
-10.809080
0.022177
-9.931336
9.389087
11.136663
-9.700013
-13.319948
7.664088
-11.965493
-11.766728
-3.834221
-8.743174
-2.411604
-13.806132
-10.606417
-9.940424
-13.077551
-6.906361
2.666387
-7.874087
10.817269
6.741590
9.955875
-15.992239
11.948748
7.047716
-0.028561
2.732174
-11.780839
4.303704
-8.024512
10.091744
10.060712
10.763057
0.340717
-2.273099
-13.742861
-8.971257
5.301247
10.485196
-12.086663
-6.293044
-3.501247
-1.821790
-8.037723
8.175007
9.000641
-8.162220
8.538699
-11.943622
-12.115757
5.453222
-10.337870
15.999860
-10.311781
8.806998
8.906813
14.312529
12.308353
-13.550613
8.916982
6.557339
8.934248
-5.629642
-12.280800
-11.132412
0.962848
6.314405
10.735629
-9.985591
11.165499
-13.239644
-2.432844
-9.564619
4.548908
-3.904693
-10.170594
1.657064
-8.758325
8.492929
-10.085166
11.006130
8.621556
3.770039
-13.531725
-15.989606
-9.301550
15.982906
-12.629766
-11.261329
-8.159723
-4.056740
-7.368445
-9.469324
11.141812
-5.617846
7.351834
-11.412768
0.649756
3.561097
-7.859214
4.205304
-7.281323
7.578422
-5.238711
-10.422354
-10.902507
-15.999804
-1.008252
9.103881
-8.066218
8.804830
8.558891
3.138104
10.346115
13.322174
2.720858
-12.547758
2.635625
10.759330
8.344312
-12.976372
3.604061
11.347585
-15.711291
7.144771
-6.594366
3.119689
15.998088
-8.950083
-3.547750
-13.377969
-12.028611
-12.347437
10.521763
4.707799
5.783950
-11.413988
-11.564547
-11.097950
-8.240789
-10.183971
-9.127902
4.671532
-7.241968
9.174778
6.556712
8.485832
-7.241065
3.452190
-4.090156
6.488019
-12.367121
7.619610
2.765126
-9.379503
6.543827
-11.515072
1.735969
-5.837312
8.000802
-8.735639
8.928844
4.200824
-13.313763
-0.381462
-9.408263
10.324157
6.176989
8.096868
-7.095927
-11.990839
-10.421405
-6.225387
10.462857
-15.999861
10.144095
-13.832674
-11.068249
9.608137
-10.957799
-1.352307
8.305697
-1.012645
-6.328821
-12.470268
7.641070
-6.054655
-13.929536
6.056648
-0.203491
0.203696
-8.452489
11.185941
12.802566
7.223553
-12.921025
-9.306658
6.286665
13.220108
10.070520
0.184030
10.470358
0.840970
8.934466
11.982339
4.350836
9.315133
-10.074070
-2.659889
8.044033
-11.962426
3.358971
8.941965
5.467065
-13.466724
3.135533
-5.337287
-8.239735
-5.978973
-6.294177
-13.176597
6.732390
-3.590288
3.940955
-12.228101
7.284301
-2.618610
-0.389980
-12.059532
7.672537
0.165680
-13.670113
13.328261
-5.601392
-10.784050
-11.359999
5.400889
3.003168
8.536187
-9.585660
-10.158147
8.692764
0.022378
7.464291
9.633898
2.134565
11.704852
-9.895435
-8.322215
-12.224756
11.838483
9.513118
-7.547988
5.582631
-14.045701
-12.811133
-10.343237
-7.589924
-11.073348
-10.367786
0.184933
0.435362
-10.233492
0.247290
9.572254
-10.959202
-12.981464
4.316317
-5.411525
-12.615092
12.298513
-12.532009
-9.162225
4.432815
12.993513
2.744431
-5.945443
5.545830
6.489981
-10.275693
-11.478408
10.348169
-5.429842
6.950176
-2.278270
8.877746
-12.257944
-15.998212
9.416307
-6.308259
-7.213772
6.333574
-4.184858
5.734407
-15.999806
8.382062
15.995180
-5.524843
10.225208
5.955326
5.881714
-10.031504
-7.141107
3.566854
2.830115
-3.236337
2.363872
-14.746177
5.129444
-11.475276
-0.814401
8.358879
4.778197
-11.210002
-7.896378
-12.021210
11.554753
-5.028878
-13.463904
1.564166
5.899466
12.823495
-8.737727
-8.421181
-3.792438
8.162447
-9.829529
-2.939756
15.873676
-13.961522
-11.251291
-10.795853
3.413325
9.016021
-11.763618
-9.053332
-0.062195
-9.960886
4.397584
-3.723404
9.826460
-4.832726
-11.471717
7.523095
3.323923
-7.642128
-11.240323
6.185344
8.905980
-10.576705
3.464135
-5.136603
-0.116031
-9.974959
-12.332270
7.233240
4.114972
9.715749
3.259885
8.374998
4.198797
7.058981
0.734743
-0.576014
-5.156417
-11.549741
8.408653
11.192850
-15.867161
6.881325
11.212633
-2.900048
7.609154
8.188714
-7.669838
10.208531
6.970494
-7.478005
8.392384
10.481037
13.851110
11.315685
-13.166888
5.589400
9.589980
6.948660
4.165765
11.141319
10.166219
-13.427480
-6.420362
-7.817977
-10.168705
7.925725
10.052759
-5.960650
-12.441435
-10.221732
11.140491
3.623318
-9.588287
-12.094006
15.995882
6.901655
-10.050290
-8.878269
6.891614
12.197846
2.065046
-7.587890
-6.679459
6.838919
-4.007259
-9.158025
-14.000444
-11.426999
7.291963
11.812610
-9.533308
-5.022010
-4.486479
-5.579834
-5.020662
-11.193889
-7.892257
6.829779
-7.317296
-3.222453
0.925302
-3.397110
2.390569
-11.073355
9.454217
9.276609
12.207321
-9.772428
3.437685
9.713904
-10.198069
-11.051755
-7.011614
-13.601220
8.557575
9.947086
9.148421
9.520678
-15.989383
-9.588720
-5.876141
9.620594
5.893482
8.205258
5.912161
-12.829499
-10.543280
9.010092
-9.654728
-8.886988
-12.649147
-4.162286
7.276964
-9.822303
8.082499
-7.650229
8.392540
7.721887
-9.098800
8.772696
-11.648811
-9.682929
9.817181
-8.846631
-5.320321
-7.554052
10.599548
-10.674586
-9.026375
11.889611
7.123276
-12.632409
7.992851
-0.848477
-6.946164
-6.801554
8.404669
3.843400
-9.959271
-6.778359
-10.525566
-10.411229
-2.025355
-11.980121
-6.281109
-0.087808
4.374962
-11.653333
-10.239386
-0.207626
0.632221
5.971014
-2.787791
1.257081
-5.994809
-15.998719
-10.121545
8.128590
-11.916470
-12.110424
1.184152
-3.230324
3.214504
4.461428
-10.027366
-9.216983
5.897631
8.930347
-8.360736
5.446772
-8.846737
5.633393
-9.134109
-10.788391
2.043155
-7.547952
-12.528103
3.860418
-12.683234
-9.812834
-11.536316
-9.578422
4.036461
4.673880
-4.256798
-11.878630
-8.690561
13.628994
-9.134025
-13.859447
7.726238
-15.997446
-9.967845
-1.057602
-9.435353
8.017511
-12.938227
4.035903
-6.483080
6.813755
2.584193
10.217951
-4.234735
7.720668
-4.827296
-12.866291
5.629740
-11.848729
-9.123798
1.821471
5.673183
2.751500
-8.011939
11.164199
-13.474475
0.083701
13.473845
11.381468
-10.291345
-9.305940
-8.997854
-7.160206
8.872146
11.403524
13.290822
7.189911
-5.917527
9.253821
-8.848993
-6.529755
11.007695
-8.093237
-0.336460
7.025765
9.107498
7.933630
-10.271436
5.939189
-0.653186
-5.845822
4.038861
-9.789783
-8.189416
0.505425
1.417746
-8.727331
-10.562743
-8.230212
-11.382308
-3.663297
4.420790
-8.547251
7.823998
12.399359
8.969320
-6.550801
11.475575
10.198980
1.199639
7.607887
-11.653283
-8.184403
6.251949
6.268311
-7.233763
11.542538
1.053469
-12.323270
-10.474501
-12.484486
-4.351135
12.392049
-12.351562
-9.830667
7.959156
-4.499875
-10.437852
2.703267
-2.081655
6.132311
-1.698672
9.907085
5.508974
5.866656
-12.973701
-6.770385
-8.562326
8.535276
8.013454
10.302211
8.535171
10.269804
-12.170744
9.391336
4.317513
10.604551
-3.778177
10.010893
4.697795
2.329088
-11.448385
3.874900
3.282247
15.979645
-13.370771
0.434907
12.052824
6.513646
-12.442544
-8.977478
-4.472939
-0.215042
4.509425
-0.147280
0.385871
5.608329
-11.102744
14.077075
-6.311402
-9.454025
-9.276152
-9.649110
7.391801
10.542397
-8.412743
-3.221567
-6.163290
3.202389
-1.697903
-10.463938
-11.944919
5.409834
13.320097
-3.248575
9.688833
2.622558
-9.679662
5.757609
11.332789
-6.179616
11.048165
9.378837
-9.462466
-3.898519
-11.241225
9.059952
-10.880872
6.096349
-2.973216
-3.087248
-0.486016
1.629795
-14.215092
-0.915277
-8.944221
2.660142
-5.540163
-10.678695
-6.822675
8.927693
-12.087765
-11.965443
-7.803096
1.317474
-13.615061
-11.035372
-11.542893
6.696856
-11.250633
-10.200607
11.512289
-11.748808
-13.797091
2.168406
2.020176
-7.260603
-12.948517
-3.734456
-9.126998
8.897028
-11.303261
-1.774514
11.253094
-10.894405
5.733439
8.030031
-3.575492
-6.506055
-6.007693
5.834285
-4.808465
8.207706
-8.551737
-6.331911
10.492422
7.261233
8.947459
8.531047
2.823236
12.873089
6.352674
5.580111
-2.237036
-0.475008
11.061888
-8.791520
-10.414946
10.743254
-8.946793
11.868689
-9.340469
6.298292
-4.530593
-8.876454
-9.934337
-11.820150
-3.072326
9.634351
7.967447
5.781279
-10.032852
-11.587422
13.477803
-2.427545
10.747225
11.104078
9.702763
5.445535
-11.582984
-9.874916
-5.602249
11.062139
9.039232
5.885329
5.517488
-15.998375
-9.263217
-7.698041
6.297702
-11.158268
0.276396
0.505876
9.714445
-7.030952
8.531051
-10.487994
-9.022314
3.922008
13.712671
-10.576732
-11.995755
9.022119
8.567729
9.041258
-5.782667
7.236371
-5.129719
11.330236
7.575125
-6.566172
-10.624638
7.620181
5.183091
1.643674
12.209937
4.801334
9.641585
-15.999841
-8.453970
-6.741527
-5.785202
5.534080
2.432688
-7.532192
-11.274320
0.465157
10.629104
5.610109
-13.649240
11.477085
6.228438
-10.022955
8.850691
-10.326557
2.790678
3.611369
-12.254136
7.117123
-9.360179
8.551501
9.446340
6.245951
9.198763
-6.850792
8.731011
-9.300609
7.229430
-8.499781
-11.153114
-8.715958
-10.120384
-7.409093
5.984475
10.682496
-10.988450
8.944985
-8.409980
-7.956195
-0.700523
-10.567517
-13.496650
-10.648603
-11.786585
-7.823780
4.999705
0.044496
6.949558
10.335999
11.604627
-10.870512
-10.735595
-14.541161
-1.220191
9.552756
-11.767635
6.570198
-3.848671
-1.003631
-15.305860
-6.103118
-8.789270
-11.995177
8.050044
7.206187
9.396291
11.203370
3.924690
-0.022390
-4.019708
10.702818
-8.144972
-8.357587
-12.533547
2.105328
5.151916
-5.009040
5.642722
5.587210
-12.757217
11.513850
-12.350567
-6.157936
2.416762
-10.841032
-14.134410
4.197349
-10.184407
-10.872544
3.492097
-12.260308
-9.333215
3.738475
11.035380
7.892834
2.546574
11.922493
-12.964798
10.649153
-4.398359
11.559041
2.982406
-0.159741
9.347888
-13.304701
-7.422747
-9.695104
8.640338
1.249383
0.392484
12.546875
13.250203
2.652128
-15.508385
10.094171
-13.637611
-1.706930
-10.307825
-7.986824
8.521204
-9.240302
10.448121
8.941911
-7.118039
-4.472413
10.037366
-2.912440
5.250353
-6.483270
-12.371306
10.683280
-2.574771
-7.418728
9.815622
-10.734700
-3.269698
-3.235759
9.668533
-11.062105
-11.013705
9.891919
-9.664903
5.531035
-13.108644
6.600773
-11.024834
-9.150419
-11.266452
-12.029596
4.674110
7.927887
-10.730918
7.424026
8.234099
5.607231
-13.392071
4.743844
2.567535
8.282531
-8.961631
-13.671759
8.983585
4.847720
-11.342879
8.159424
-9.864331
-11.014118
1.615522
-5.920820
10.009466
-9.830158
6.294037
-0.075359
11.715554
-0.097741
8.669127
-12.773056
0.199199
0.165256
-12.380927
-4.917377
5.295865
-2.614174
6.204878
5.238791
10.916545
-9.258733
6.292746
8.361937
-2.825599
3.659851
-12.693440
-11.078316
-0.388348
11.491660
-13.982794
5.384021
5.518811
-3.849440
5.431340
1.022490
3.550712
-9.102748
-13.596799
-4.714053
-12.579243
14.093071
7.390116
-6.921755
0.459977
0.922301
-5.719519
-10.884086
-12.854556
7.685363
3.849621
-9.965827
10.360927
-8.800770
-12.689396
-12.658252
1.241714
6.661270
-6.637501
2.700619
-6.901457
-7.982396
12.835596
-2.960979
-10.132316
10.330521
3.577653
10.801164
-10.884165
-7.906108
7.133082
-10.829068
9.592268
6.045229
7.533942
12.571605
-10.216524
-13.216579
8.718029
6.682960
12.681668
8.345648
11.787933
6.402819
-8.648218
11.575001
-13.765010
-11.800626
-9.589951
-9.041984
-12.744817
5.150702
-7.830029
13.754624
7.897055
4.149823
10.789849
-9.073502
-7.855673
-6.068326
10.350909
8.501914
5.840498
-7.057324
-4.800367
-10.608982
6.943963
-10.765437
-13.142238
-7.674693
5.232542
5.287085
-13.618665
-15.630934
-12.384301
4.848936
10.586666
-11.764338
9.906398
-8.336303
1.850758
5.256720
5.996052
-7.335777
6.765165
6.934495
-4.466990
-6.214457
8.349753
-5.749230
5.533965
-10.607908
10.337976
-6.448049
5.630327
6.545797
-15.998700
-10.227713
10.038769
-8.264715
-9.692529
8.747830
-11.491923
-5.497649
11.921731
1.467306
-15.997404
-10.358176
9.394442
-5.168472
5.151439
9.003473
-11.530760
-0.127301
9.155407
9.054167
-14.019771
-12.664549
-9.555803
-11.572704
-10.805860
6.841079
2.049213
-8.877514
-6.123963
9.124974
-15.981898
-10.303126
4.596915
-7.496054
-8.098703
-8.367921
10.940255
7.486853
1.496084
4.472962
-12.649591
-9.988995
-7.997472
-7.143387
5.960043
-9.830120
7.611352
-9.547169
-10.860051
-6.914723
-10.722766
4.479427
7.016914
7.729946
3.761410
8.211844
9.833073
-12.636801
-11.813971
-9.654626
8.311434
4.793309
7.366279
-9.936133
6.501612
10.878176
3.219044
-4.832508
1.661013
4.890462
-5.701555
10.891621
5.672205
-15.982432
8.519397
4.784238
15.675700
-10.749878
5.095195
6.343927
-15.997932
8.331900
6.824537
2.062674
6.603613
-9.033797
-8.645084
-10.622810
-14.654391
-7.120238
-13.634958
9.745491
8.788115
8.511370
5.719525
4.741262
-3.709404
7.421411
-6.594326
10.106432
-0.932366
-12.365552
-6.387554
-10.302640
7.164829
2.079984
-15.969286
13.747898
-12.907116
11.113726
0.550056
-5.067390
-14.157044
-9.672338
-3.094868
-6.775953
-2.796337
1.086996
-8.937109
4.375057
-12.893877
-11.359514
-9.661483
11.258840
-13.853790
-11.853666
13.775187
-13.349067
15.999707
-11.912524
10.154832
-11.053247
6.038481
-8.607641
11.958575
11.599072
-9.922550
3.990501
6.418312
-8.486852
8.230528
12.093758
8.198230
-10.412572
9.586015
-10.356451
-7.369213
-10.452080
-9.233383
-6.614610
6.553979
-12.963134
-9.039544
-15.983909
-11.397179
4.683275
5.707063
-1.267663
10.312306
-9.776333
-7.220439
8.843784
12.451031
-1.469054
-13.793292
-10.466699
-10.801858
-11.556251
-7.026006
0.423004
2.664983
-5.237808
-12.058395
-2.948657
-11.746642
4.199390
8.515337
-1.431920
-1.178482
0.010947
-12.812868
4.474094
-8.801011
-11.942346
8.716411
5.971854
-10.187502
8.905169
-7.466781
8.931219
10.706404
-13.609760
4.814029
0.267812
2.488357
-2.195611
4.412796
-1.866661
-6.905828
7.299043
-6.723271
7.188146
10.273231
8.598581
-13.012933
9.389596
-5.561069
5.530885
-2.112479
-8.970141
-11.268168
-10.637589
2.726638
6.327429
-8.661519
4.254299
-6.553842
0.218058
-10.623125
-6.442717
2.560130
-3.996326
-5.574645
0.212364
-15.910241
7.727144
4.563817
-9.459309
-10.525902
5.566527
-4.176106
4.024387
6.369781
-7.308244
-3.932309
-12.851917
4.173857
9.087942
-9.029728
-12.030518
8.211481
-12.411832
0.203872
-7.340488
-10.274572
9.123233
-9.590495
-6.910750
5.020330
-10.779144
-5.605746
4.204008
12.861134
-7.113912
9.403117
-10.999301
-9.423026
3.301679
-7.365987
-13.452266
-6.197967
-8.200523
13.793864
3.218570
-6.589635
-6.661526
-10.401768
-9.796882
-11.206087
-12.807520
-13.418631
2.257402
-10.206169
4.680212
1.070006
8.707129
5.785378
-8.583238
-12.282862
-11.776256
0.042852
7.960180
-11.897829
-3.396990
10.782819
1.020055
6.845891
-4.714721
8.900200
4.294641
10.435781
-12.145953
11.605258
0.075865
1.179705
-9.167074
4.295247
-8.964413
-6.607837
6.955633
8.757589
15.993784
9.717088
6.600565
-0.144151
-7.798456
-9.947146
-6.073722
-11.854277
-9.939261
-4.986617
-4.233018
9.678071
0.071501
-10.300176
5.028480
10.658466
-7.082947
11.976968
8.873955
-7.466432
-13.388050
-4.021224
11.253290
9.165606
-11.462482
-0.742141
-4.119291
6.864028
2.523189
-7.213902
-11.916348
-0.683261
8.670587
3.058352
3.304862
-3.959716
4.273498
10.099967
-12.138020
11.611287
-9.355040
11.631173
3.715331
2.737934
15.994304
-11.239399
0.528835
-0.045376
0.026698
9.690070
-6.545138
-13.679788
11.395238
-2.989918
-11.869099
1.665840
-4.023476
-10.256633
-3.601409
8.401814
6.310645
3.889843
0.425078
-12.784789
-4.264082
-15.725447
-12.521259
11.148157
10.184407
6.350209
-12.658443
10.421934
-8.003014
-7.644592
-12.908637
-8.721604
-7.443963
-8.865940
-6.608387
-6.942764
-11.496461
-12.316050
-9.457990
-10.547552
8.151274
1.717213
-5.641250
-9.410535
8.067048
-7.718898
-10.390738
-2.321570
-15.988971
8.061478
0.642825
-9.794154
-10.645069
11.937018
-5.045023
-2.962594
8.725009
5.965095
-12.625682
-10.409809
11.894232
-7.418839
4.880889
-6.827986
8.659031
-10.985709
-9.518179
-5.833204
-6.233912
-9.131247
-7.018090
-5.408146
-13.460024
9.428421
6.305589
10.589417
-5.882137
-10.941314
-11.539802
-12.738519
-11.183077
-7.718268
-4.297620
-9.104502
-11.957915
-10.272687
-9.277976
9.709017
4.187948
6.669863
8.429543
8.020246
-13.811368
3.844386
-12.786560
-11.587445
-8.702653
-3.716202
-13.334451
10.933568
-8.241673
-11.224722
-10.446915
-10.075893
-8.808809
-2.526162
-7.590230
8.331878
0.016210
7.319725
-10.876324
4.298229
-15.999647
-11.500411
8.111080
-3.461508
9.826224
9.972661
6.947179
-7.931441
-4.836556
6.302699
-11.171435
-10.599880
-10.967245
-7.219628
-13.267187
-8.993258
7.455922
-9.230405
5.066470
-9.974111
9.624854
6.598794
-10.507576
-7.478490
10.350125
-7.376020
3.354011
9.905552
-7.725340
-9.025050
-10.622842
-11.009343
5.488134
-4.839756
9.810065
-10.577762
10.857092
9.203822
-9.238697
12.295303
4.924059
-15.515025
-15.989596
-6.877733
-1.516222
-9.444564
-2.050983
-6.152447
10.315396
-13.871587
8.673840
7.620464
-15.364589
-10.644698
-9.388673
-4.688876
-10.512188
5.911823
0.376305
-8.348696
-14.617313
0.010224
15.836251
5.423318
5.825058
13.004705
-3.109033
-5.160620
-10.208191
8.363456
-5.765668
-10.210825
-7.820204
9.989794
11.735230
-9.271760
6.772072
12.084286
-12.745715
11.533676
8.546868
6.977065
4.600678
11.863874
12.974735
3.348208
-11.296557
2.634021
0.788221
-13.753772
3.377842
7.575320
3.792677
-2.567108
9.499966
-9.741234
6.467677
-6.764631
-10.523433
-6.334783
10.186861
-8.033009
-11.674841
-7.675390
3.656817
10.595564
-7.841130
-15.998283
-10.036021
5.821438
-8.792439
-10.340981
-4.836626
-5.098345
5.438347
-10.472953
3.146032
-8.291274
10.104233
6.929646
-10.612080
-8.391391
-0.787327
3.760155
2.946046
6.252915
7.532240
7.336590
-11.441878
5.040912
-4.408926
11.726555
-4.768295
-3.494777
-12.369258
-15.841255
-0.026534
9.902074
-11.891991
-10.943284
-8.937299
11.054359
8.693608
-11.632729
-8.835201
-15.999039
-0.956778
-11.057255
-14.064447
13.584648
-11.666902
2.020725
9.460573
-10.717888
-5.748963
-13.115265
-3.542879
2.473221
-11.436315
2.622787
-6.976454
-13.320483
-8.167791
-10.777840
7.756919
9.611986
5.816871
-11.669546
6.038200
2.850447
8.718974
-9.647810
-12.610481
-11.551126
8.334835
-6.258480
-8.851905
-9.860756
15.999818
-8.459759
-9.769488
-2.088368
-10.036983
-11.280167
10.520268
-2.537497
11.961720
5.946864
9.453627
7.114259
-10.348724
-0.016066
-12.557561
-12.393815
-11.222703
7.397594
-9.802283
7.778119
-12.126575
10.383289
6.219056
-10.331171
-5.514873
-11.461116
9.364643
5.114343
6.273000
6.287623
-11.222341
-11.441549
7.654133
-10.422885
-15.998421
-7.683376
-15.043749
-5.922515
-12.131551
-10.733960
-13.014142
5.272120
-6.735653
-12.066167
-3.121970
-8.726610
8.805271
4.953469
13.899182
3.168680
9.127777
11.986444
-2.324685
-2.775603
-3.590197
-9.992143
-12.866187
-5.833668
5.168274
-3.476131
7.978589
1.891879
-9.987353
9.002437
-7.404359
6.188849
-6.086024
2.139232
-9.503467
-0.171876
-10.195362
-8.378172
4.520970
-9.652902
-5.378941
-6.573010
-3.259696
6.158898
-9.348684
-4.774829
-9.433235
-7.130696
3.589676
7.655485
15.999770
12.902044
-9.599562
-7.989374
-15.972383
-7.266516
11.308160
8.392434
11.287842
2.452598
-0.746816
-9.771029
8.370781
-2.241355
-14.475035
-0.142094
-11.881231
4.181957
-10.726716
-13.993518
-10.186900
-9.661241
5.031052
7.161364
7.570457
10.176961
7.072581
13.325640
9.487253
15.834286
6.375119
13.174388
9.653241
-8.425916
10.290487
-9.587214
0.335827
10.374665
13.914138
12.052816
6.255929
13.045955
-14.365149
-7.397674
6.970336
3.607833
-12.470732
-5.362765
0.252140
-13.157902
11.740038
12.730403
0.573776
-9.143985
12.329004
-11.627085
-4.346160
8.208679
-11.801884
10.757705
-0.265814
8.973424
11.165100
4.883804
-14.085132
1.175537
-9.986211
10.099897
-12.194408
