4.000000	0.300000	50	0.100000	ARCHIVOS_REDES\ER\ER_718.txt
3.959069	0.062202
3.972069
3.975814
3.994223
3.960594
3.853144
3.872844
3.994764
3.993155
3.983352
3.893938
3.983328
3.854192
3.950301
3.994883
3.905739
3.895612
3.992946
3.913895
3.988477
3.991340
3.989261
3.993016
3.997037
3.991201
3.995464
3.995978
3.865400
3.977867
3.925207
3.839384
3.970690
3.915311
3.928722
3.733016
3.988317
3.992861
3.685587
3.991699
3.938401
3.977833
3.986301
3.996436
3.995315
3.947742
3.992135
3.988879
3.997183
3.977650
3.981801
3.923037
3.993913
3.993004
3.951631
3.993111
3.977242
3.994894
3.996522
3.994354
3.984729
3.991800
3.978114
3.977781
3.888041
3.871669
3.867775
3.883526
3.994126
3.986912
3.996697
3.996937
3.966511
3.974937
3.731290
3.933383
3.994683
3.988581
3.965349
3.958733
3.967217
3.968025
3.702676
3.996122
3.981015
3.970741
3.989803
3.948956
3.984884
3.969171
3.995378
3.985403
3.933582
3.971128
3.904283
3.979808
3.955121
3.975222
3.897865
3.996629
3.944587
3.996954
3.992125
3.977069
3.992053
3.984528
3.990068
3.994583
3.995039
3.988776
3.987303
3.992150
3.983924
3.941618
3.991262
3.995385
3.987936
3.997187
3.985553
3.970228
3.994006
3.989495
3.985142
3.891772
3.993291
3.988512
3.944208
3.993615
3.904651
3.982622
3.993862
3.992424
3.937232
3.982429
3.991842
3.996323
3.993510
3.973371
3.897523
3.801873
3.986436
3.988192
3.996743
3.957006
3.977110
3.992009
3.913712
3.931433
3.754955
3.997185
3.974890
3.990564
3.981673
3.976230
3.944766
3.906802
3.940229
3.973997
3.993897
3.996516
3.968995
3.956868
3.995916
3.997027
3.994069
3.960010
3.986133
3.933948
3.995056
3.910888
3.889128
3.812103
3.991064
3.994188
3.989508
3.991792
3.996386
3.987551
3.997083
3.975963
3.995592
3.978299
3.962812
3.986882
3.943610
3.994038
3.993727
3.994704
3.973120
3.985626
3.978135
3.797636
3.975498
3.985939
3.996990
3.978227
3.987055
3.996003
3.954532
3.995892
3.916977
3.985843
3.881350
3.744135
3.782178
3.991212
3.994489
3.860747
3.958428
3.974043
3.992630
3.984329
3.754151
3.757742
3.974665
3.980423
3.935206
3.804527
3.990040
3.926310
3.843165
3.977842
3.942992
3.625345
3.985101
3.982300
3.994155
3.996583
3.996576
3.995434
3.992039
3.986136
3.927958
3.873091
3.988532
3.993015
3.994073
3.981799
3.995931
3.776565
3.996023
3.751357
3.988033
3.993962
3.996509
3.993941
3.990503
3.993944
3.994962
3.906291
3.995009
3.988273
3.993650
3.970373
3.843665
3.969622
3.968077
3.991743
3.968160
3.997052
3.994701
3.992150
3.995298
3.996685
3.957437
3.992519
3.987785
3.991449
3.885180
3.948314
3.986125
3.933377
3.993535
3.976335
3.728571
3.996097
3.973265
3.995608
3.980533
3.957278
3.986792
3.986814
3.800949
3.993472
3.992073
3.882170
3.954759
3.936421
3.950398
3.993427
3.986440
3.979399
3.974748
3.970303
3.993231
3.994099
3.994738
3.949218
3.615913
3.984122
3.968442
3.783074
3.990332
3.988561
3.981310
3.993182
3.972878
3.996359
3.984143
3.933037
3.996582
3.995656
3.964766
3.994390
3.918639
3.989634
3.996741
3.993974
3.945248
3.996395
3.988931
3.964201
3.977922
3.997187
3.990187
3.970774
3.985504
3.849147
3.949669
3.994737
3.994119
3.959206
3.849150
3.996910
3.933622
3.984720
3.955505
3.984594
3.988026
3.994118
3.977216
3.990308
3.932810
3.966838
3.996755
3.982548
3.980662
3.996897
3.978873
3.992819
3.992778
3.971668
3.989584
3.987576
3.994149
3.996936
3.959411
3.933890
3.981062
3.969139
3.996857
3.866457
3.873454
3.989059
3.933504
3.987955
3.996087
3.981055
3.901529
3.994965
3.997105
3.996813
3.961575
3.969084
3.995199
3.845632
3.831196
3.903970
3.997183
3.966525
3.981210
3.982682
3.977394
3.996730
3.996753
3.956767
3.983002
3.990816
3.875038
3.948564
3.992999
3.990872
3.995206
3.974165
3.766151
3.984156
3.711029
3.917376
3.996834
3.967443
3.983578
3.989496
3.995685
3.988256
3.946127
3.984635
3.990986
3.994357
3.980269
3.992928
3.993800
3.992267
3.925489
3.979160
3.970953
3.996651
3.985872
3.993167
3.905366
3.985060
3.981109
3.860762
3.978544
3.980621
3.995720
3.958679
3.950691
3.989791
3.963331
3.996778
3.992982
3.994021
3.954023
3.900650
3.988957
3.989810
3.995726
3.919089
3.991510
3.995553
3.957555
3.996384
3.993144
3.980989
3.731389
3.993280
3.957065
3.967366
3.957439
3.982994
3.994459
3.867006
3.977279
3.876219
3.979944
3.921794
3.694075
3.996875
3.949302
3.961078
3.987571
3.982534
3.996852
3.996599
3.977580
3.952046
3.996640
3.834309
3.909571
3.971865
3.984260
3.994187
3.986936
3.977569
3.992234
3.936321
3.993443
3.824121
3.994676
3.979931
3.975016
3.934544
3.989915
3.996269
3.975686
3.996103
3.917048
3.996726
3.985606
3.972240
3.975325
3.908323
3.686673
3.995931
3.979725
3.879106
3.976816
3.986955
3.823766
3.983473
3.996300
3.987174
3.994927
3.987121
3.995135
3.968078
3.983513
3.766051
3.992588
3.896115
3.975707
3.992833
3.983311
3.978582
3.995541
3.992992
3.988923
3.990238
3.994416
3.996732
3.996393
3.992136
3.984206
3.973338
3.910633
3.996437
3.992878
3.988457
3.993562
3.995015
3.981761
3.953507
3.995775
3.980503
3.993636
3.990439
3.972515
3.990207
3.967086
3.987976
3.863890
3.991729
3.996720
3.886584
3.989895
3.996828
3.935830
3.962187
3.941380
3.968354
3.951428
3.985317
3.871771
3.830112
3.959968
3.988193
3.987274
3.869973
3.997015
3.991446
3.974577
3.996416
3.993342
3.997166
3.995605
3.876277
3.997011
3.996861
3.990190
3.981288
3.805597
3.990899
3.997021
3.974531
3.996570
3.919760
3.978115
3.976110
3.991590
3.924099
3.670271
3.993651
3.980555
3.974895
3.973262
3.984350
3.996851
3.988379
3.974081
3.997178
3.991269
3.961094
3.819606
3.995606
3.984807
3.982370
3.994199
3.994132
3.952446
3.976748
3.986059
3.982255
3.972035
3.987462
3.989186
3.993205
3.982365
3.992845
3.688401
3.996708
3.987578
3.951736
3.988130
3.979533
3.966648
3.992146
3.937963
3.803745
3.977512
3.982060
3.988325
3.987180
3.863250
3.982010
3.911572
3.992202
3.956268
3.992562
3.989547
3.720418
3.802871
3.968308
3.985049
3.949084
3.993654
3.970925
3.975407
3.971955
3.986691
3.935110
3.959619
3.994548
3.987044
3.976400
3.992218
3.974494
3.996132
3.992074
3.938371
3.995108
3.992713
3.993561
3.985090
3.994773
3.996960
3.993459
3.972598
3.990330
3.990049
3.997110
3.916188
3.987796
3.984564
3.958989
3.969860
3.994521
3.996904
3.987660
3.986042
3.996559
3.986868
3.996511
3.967154
3.996181
3.900712
3.911857
3.996676
3.984706
3.994653
3.922027
3.939895
3.995196
3.981954
3.968164
3.990187
3.827539
3.981791
3.986010
3.982821
3.962726
3.988289
3.973354
3.912913
3.996665
3.990892
3.995974
3.970992
3.991614
3.993879
3.969196
3.985155
3.987300
3.803718
3.996954
3.963717
3.938512
3.742282
3.979978
3.995042
3.995960
3.995867
3.988355
3.987690
3.993702
3.992302
3.996373
3.996304
3.994097
3.995293
3.740345
3.967914
3.866294
3.996772
3.917584
3.839702
3.960304
3.993344
3.996861
3.975906
3.943671
3.909423
3.993183
3.994787
3.978399
3.987211
3.822137
3.994701
3.984167
3.975244
3.992945
3.977754
3.997065
3.983139
3.987391
3.992312
3.920293
3.990456
3.993795
3.993542
3.988624
3.935198
3.982252
3.996861
3.983767
3.986048
3.996253
3.943320
3.990859
3.910986
3.966394
3.996822
3.942723
3.901515
3.976647
3.968389
3.984898
3.958728
3.983532
3.994174
3.969589
3.979499
3.645494
3.977720
3.997095
3.990270
3.974140
3.947938
3.678446
3.983466
3.963831
3.969020
3.980996
3.988468
3.984380
3.892573
3.996891
3.994660
3.975299
3.967678
3.929362
3.994331
3.992886
3.989975
3.994365
3.953249
3.992936
3.997044
3.991207
3.994233
3.871221
3.993813
3.991764
3.990658
3.971126
3.982363
3.989843
3.984400
3.992684
3.994888
3.985613
3.996869
3.997042
3.996443
3.893960
3.958511
3.992520
3.978894
3.981938
3.975567
3.950113
3.995109
3.991973
3.977765
3.941801
3.904631
3.977721
3.952437
3.954910
3.996940
3.855619
3.994616
3.994657
3.951159
3.995338
3.976361
3.978321
3.996381
3.994323
3.996009
3.919184
3.964774
3.961094
3.992432
3.986717
3.994293
3.989261
3.993731
3.950608
3.996327
3.992969
3.989853
3.988835
3.991532
3.930576
3.995207
3.978120
3.996985
3.903787
3.995983
3.963325
3.854183
3.841558
3.937590
3.981370
3.996659
3.989902
3.994447
3.910258
3.995968
3.988263
3.970586
3.894732
3.986187
3.995782
3.983121
3.996769
3.900574
3.980675
3.963688
3.924402
3.997012
3.910443
3.997184
3.822870
3.961353
3.992928
3.995385
3.860503
3.992355
3.994512
3.996738
3.995279
3.920074
3.972620
3.941781
3.969126
3.854334
3.965073
3.990582
3.918919
3.994192
3.900487
3.995982
3.984833
3.990589
3.960839
3.926022
3.799707
3.920115
3.990960
3.980092
3.933164
3.879248
3.981169
3.726807
3.803055
3.987011
3.994967
3.989015
3.978149
3.996840
3.986845
3.979023
3.991851
3.984378
3.963521
3.787457
3.996787
3.968316
3.997037
3.982645
3.989497
3.842773
3.996508
3.753148
3.963739
3.991364
3.842289
3.990955
3.977809
3.952085
3.992322
3.858309
3.949612
3.996464
3.892767
3.989232
3.944380
3.996513
3.965734
3.991429
3.898612
3.996501
3.956571
3.971864
3.966291
3.898344
3.992212
3.981126
3.985862
3.977192
3.985451
3.962874
3.960156
3.988617
3.992146
3.996780
3.986515
3.994493
3.790502
3.988985
3.873339
3.974305
3.993522
3.982491
3.971039
3.970596
3.987264
3.747773
3.995956
3.995636
3.854429
3.986673
3.870211
3.995650
3.996512
3.983573
3.990340
3.986844
3.995988
3.994928
3.933566
3.855512
3.955914
3.685957
3.993079
3.855891
3.936393
3.986645
3.995720
3.978644
3.931180
3.992076
3.993434
3.995978
3.997001
3.921552
3.979445
3.995186
3.996875
3.940065
3.989304
3.901134
3.864639
3.992017
3.981685
3.990815
3.974303
3.995377
3.991729
3.985890
3.925569
3.994243
3.972705
3.905642
3.975555
3.986502
3.969217
3.995566
3.995611
3.997188
3.996914
3.979417
3.990804
3.904228
3.988078
3.979094
3.984165
3.991760
3.976564
3.941189
3.991613
3.926090
3.852881
3.996927
3.967615
3.992932
3.972942
3.974354
3.954574
3.969647
3.996886
3.953135
3.911627
3.996437
3.990172
3.997000
3.817941
3.992055
3.903256
3.862838
3.908433
3.987744
3.971877
3.994531
3.959619
3.944522
3.995622
3.981271
3.991671
3.997107
3.983119
3.972323
3.996551
3.634642
3.996667
3.983993
3.996666
3.995533
3.959877
3.936290
3.989554
3.905251
3.994878
3.991969
3.880405
3.996314
3.996224
3.949220
3.977301
3.996876
3.994227
3.995043
3.947588
3.996437
3.996801
3.995308
3.990439
3.973761
3.987963
3.989119
3.967579
3.996860
3.869330
3.992704
3.896674
3.973352
3.997188
3.978731
3.994267
3.995219
3.854470
3.995256
3.983091
3.888065
3.995994
3.995656
3.837626
3.996538
3.995986
3.962504
3.994480
3.992171
3.990095
3.984933
3.949239
3.980235
3.986911
3.976293
3.982557
3.990311
3.992244
3.924206
3.973838
3.928365
3.990076
3.993042
3.964039
3.995698
3.996774
3.983658
3.970748
3.991712
3.964918
3.835323
3.996343
3.996217
3.840675
3.992089
3.973264
3.951989
3.932290
3.996498
3.789290
3.943465
3.989868
3.994578
3.907855
3.953201
3.817521
3.992874
3.997118
3.943546
3.976507
3.982979
3.845653
3.810038
3.936343
3.993610
3.988694
3.995900
3.762822
3.994766
3.961449
3.968434
3.993583
3.951035
3.943654
3.971375
3.997011
3.996090
3.996944
3.943623
3.991690
3.989387
3.996694
3.930883
3.888835
3.991172
3.922649
3.996836
3.688808
3.982019
3.991674
3.917864
3.996031
3.867145
3.987472
3.901079
3.977621
3.965794
3.992205
3.996761
3.990017
3.987081
3.985497
3.996872
3.977803
3.993712
3.968617
3.981943
3.932458
3.963390
3.964719
3.932868
3.910191
3.958928
3.929722
3.977283
3.997117
3.950612
3.994285
3.986042
3.922666
3.981720
3.973287
3.845353
3.975219
3.981547
3.890784
3.992753
3.996882
3.963796
3.906604
3.995934
3.981213
3.986207
3.782369
3.984720
3.986161
3.916707
3.980457
3.880883
3.801053
3.994543
3.997176
3.997088
3.985190
3.781374
3.978983
3.985475
3.966317
3.982308
3.977014
3.978361
3.989380
3.990336
3.892376
3.996181
3.995319
3.996991
3.982498
3.986462
3.997009
3.996710
3.981583
3.973552
3.966671
3.996760
3.989327
3.910410
3.989128
3.991695
3.987083
3.991511
3.980477
3.983543
3.988372
3.964243
3.985595
3.916178
3.993458
3.868065
3.996067
3.992854
3.966366
3.783175
3.990093
3.993855
3.986836
3.994084
3.986238
3.970041
3.993655
3.937821
3.993000
3.996977
3.957408
3.985788
3.938893
3.808826
3.976602
3.997028
3.989576
3.996546
3.940099
3.950317
3.988270
3.994401
3.783545
3.970788
3.994385
3.978787
3.962527
3.994595
3.864178
3.991481
3.979784
3.984096
3.990605
3.996618
3.990456
3.867447
3.988727
3.986776
3.981084
3.987562
3.997001
3.996812
3.995053
3.996466
3.986901
3.992603
3.997136
3.981422
3.994871
3.994289
3.944230
3.986833
3.758313
3.962719
3.984605
3.992529
3.870125
3.996938
3.795125
3.956474
3.982070
3.910900
3.996082
3.981291
3.967040
3.990939
3.972437
3.992921
3.995592
3.983860
3.976641
3.983240
3.994577
3.921776
3.980435
3.871602
3.942293
3.993120
3.987351
3.981315
3.978434
3.875604
3.996073
3.988927
3.974246
3.989654
3.984930
3.965133
3.987443
3.996075
3.982142
3.976737
3.854688
3.931013
3.975156
3.995335
3.997153
3.996578
3.833841
3.831428
3.887368
3.990978
3.993011
3.974140
3.995436
3.983971
3.997089
3.983961
3.978321
3.990533
3.984234
3.974986
3.988135
3.984602
3.995397
3.964894
3.991314
3.981860
3.993986
3.996860
3.991532
3.987689
3.702236
3.947717
3.949221
3.960502
3.997122
3.996626
3.903335
3.968510
3.984683
3.996985
3.996500
3.996686
3.930062
3.988281
3.995037
3.993079
3.719645
3.981198
3.972960
3.997065
3.996753
3.988211
3.992134
3.966909
3.958071
3.982227
3.992898
3.880981
3.915626
3.734906
3.959740
3.979506
3.994410
3.866948
3.901378
3.985203
3.940976
3.980913
3.985104
3.993379
3.992477
3.834238
3.989985
3.933572
3.928330
3.994183
3.983406
3.833087
3.996566
3.776572
3.988219
3.993758
3.947962
3.977558
3.976859
3.982393
3.952184
3.982072
3.994400
3.897526
3.996713
3.997149
3.997221
3.994542
3.995319
3.990973
3.995187
3.996776
3.884142
3.994795
3.987469
3.994124
3.994240
3.880920
3.995317
3.971695
3.765818
3.981040
3.992951
3.980476
3.991896
3.991507
3.842758
3.972455
3.963290
3.991835
3.846393
3.995455
3.990010
3.996977
3.969348
3.991966
3.995965
3.975438
3.990930
3.885993
3.984895
3.741899
3.735027
3.996493
3.962888
3.916443
3.996985
3.978970
3.942481
3.942312
3.956760
3.949615
3.956114
3.941283
3.880985
3.991968
3.975182
3.996539
3.994014
3.996169
3.882265
3.994942
3.982621
3.996939
3.989368
3.986655
3.972942
3.981130
3.986699
3.981906
3.929021
3.745881
3.990246
3.993724
3.889679
3.944467
3.993299
3.844318
3.984927
3.997050
3.981014
3.934771
3.991466
3.988514
3.990990
3.983958
3.968441
3.878548
3.994481
3.803212
3.979525
3.916117
3.996750
3.995606
3.996933
3.979313
3.848852
3.844662
3.997054
3.980408
3.806088
3.988080
3.823469
3.993446
3.991315
3.948442
3.686674
3.996533
3.986892
3.955822
3.997024
3.822292
3.986834
3.989010
3.994169
3.997047
3.996724
3.991716
3.974340
3.996758
3.994326
3.983096
3.841027
3.955012
3.970871
3.838158
3.994762
3.995667
3.985844
3.995419
3.992264
3.994663
3.994451
3.978476
3.972533
3.992647
3.923401
3.965070
3.791392
3.983952
3.903897
3.916333
3.992806
3.992579
3.993563
3.996857
3.996535
3.993532
3.768060
3.997215
3.954863
3.940887
3.980322
3.979184
3.996880
3.959826
3.888560
3.980651
3.988523
3.992729
3.994764
3.986325
3.872744
3.908850
3.988815
3.995933
3.981799
3.989227
3.994712
3.995254
3.993031
3.933711
3.926366
3.957869
3.996956
3.971402
3.992514
3.997058
3.988524
3.968718
3.989792
3.880364
3.995835
3.982291
3.996864
3.971983
3.975280
3.988619
3.821086
3.991627
3.989369
3.995981
3.981778
3.996697
3.994801
3.957556
3.984935
3.978209
3.905697
3.995858
3.782782
3.978995
3.989642
3.991501
3.941075
3.986387
3.931536
3.989191
3.812171
3.922733
3.990583
3.995713
3.979410
3.989394
3.944445
3.988928
3.991482
3.973354
3.980450
3.974100
3.923140
3.959415
3.988907
3.985860
3.997003
3.994815
3.957567
3.991482
3.762777
3.989216
3.973377
3.956052
3.981206
3.996367
3.925016
3.846060
3.985599
3.975077
3.993165
3.923086
3.972863
3.798733
3.981865
3.986237
3.836522
3.987521
3.974056
3.981935
3.983287
3.991050
3.985607
3.936175
3.997209
3.995879
3.963740
3.992819
3.957557
3.996015
3.992845
3.886256
3.993466
3.990045
3.992825
3.897607
3.996928
3.990569
3.953159
3.968921
3.965129
3.978778
3.883780
3.968310
3.981588
3.996922
3.981297
3.986120
3.900918
3.990954
3.983228
3.950985
3.976803
3.994262
3.979436
3.980073
3.996584
3.912898
3.986039
3.994135
3.890277
3.992664
3.992940
3.977751
3.965295
3.964248
3.977932
3.970329
3.958170
3.994197
3.977412
3.956868
3.902838
3.994663
3.993977
3.993324
3.994148
3.967649
3.928701
3.920264
3.830326
3.971342
3.996361
3.879736
3.980512
3.939601
3.977767
3.970099
3.980936
3.946881
3.994673
3.875860
3.991900
3.984341
3.993910
3.976564
3.981640
3.991559
3.994912
3.916474
3.993619
3.988390
3.764165
3.962571
3.982353
3.969224
3.975463
3.985535
3.947938
3.989061
3.992512
3.995809
3.988412
3.984856
3.983394
3.874446
3.985146
3.992685
3.988406
3.500484
3.919497
3.986507
3.898429
3.993278
3.992777
3.947294
3.969188
3.824888
3.992497
3.971219
3.995091
3.983543
3.992867
3.809294
3.953677
3.985946
3.996768
3.994515
3.879027
3.974707
3.910221
3.964757
3.997114
3.995858
3.996878
3.993612
3.963643
3.988895
3.997027
3.947186
3.960820
3.986842
3.936639
3.996528
3.993370
3.992110
3.971213
3.994839
3.979116
3.995138
3.993079
3.992493
3.968207
3.751097
3.859877
3.979444
3.777133
3.994171
3.995508
3.974908
3.964757
3.956267
3.982443
3.994498
3.996139
3.940562
3.987594
3.934984
3.994989
3.984775
3.991824
3.965077
3.975100
3.944496
3.985849
3.992665
3.950321
3.996142
3.974317
3.991920
3.932220
3.966051
3.938390
3.988291
3.981053
3.993886
3.994417
3.976959
3.836946
3.742042
3.988127
3.956931
3.996884
3.953124
3.987266
3.976840
3.995633
3.997154
3.996146
3.996471
3.994505
3.995927
3.946424
3.993266
3.993966
3.976831
3.872110
3.993650
3.986098
3.996607
3.994711
3.983817
3.979191
3.914043
3.992621
3.992046
3.974672
3.993551
3.983975
3.862205
3.996593
3.987348
3.987055
3.995334
3.783083
3.912308
3.995781
3.995493
3.991251
3.900772
3.979025
3.970892
3.819014
3.890736
3.996887
3.992116
3.996758
3.985041
3.996621
3.996185
3.917262
3.975386
3.986174
3.966534
3.984542
3.987882
3.987467
3.961075
3.976999
3.974197
3.987911
3.994782
3.996356
3.928922
3.896805
3.997103
3.995129
3.863532
3.988427
3.987095
3.959101
3.991797
3.875443
3.976358
3.995766
3.947384
3.852877
3.941506
3.994624
3.934640
3.964854
3.978602
3.967029
3.913760
3.941816
3.991714
3.933022
3.995690
3.946862
3.943250
3.982292
3.995211
3.964578
3.990752
3.988942
3.958706
3.996014
3.996063
3.995977
3.996650
3.934581
3.985370
3.940524
3.988395
3.996332
3.953821
3.969987
3.983994
3.985150
3.997038
3.986998
3.799844
3.873230
3.987146
3.975484
3.925983
3.985922
3.992911
3.983548
3.973449
3.986540
3.941004
3.948678
3.996692
3.997066
3.987583
3.974605
3.974022
3.866796
3.977282
3.980901
3.991962
3.969152
3.977870
3.984799
3.959615
3.994623
3.987666
3.991067
3.674391
3.919847
3.996752
3.993484
3.973825
3.800487
3.976618
3.510707
3.983600
3.996474
3.980893
3.994407
3.907749
3.976942
3.992747
3.978858
3.995374
3.952956
3.993715
3.957916
3.747808
3.992830
3.987159
3.996278
3.995629
3.951636
3.954084
3.833069
3.978785
3.941669
3.974553
3.996315
3.986274
3.920862
3.985244
3.996727
3.990188
3.924007
3.868805
3.966303
3.996771
3.939026
3.923236
3.966228
3.949870
3.900581
3.961765
3.990825
3.985767
3.996443
3.853466
3.975410
3.959463
3.996877
3.993958
3.957040
3.966969
3.911807
3.990828
3.863124
3.985088
3.983083
3.937864
3.823591
3.989409
3.847922
3.969563
3.836087
3.925472
3.994376
3.916849
3.856284
3.886300
3.986730
3.992364
3.886627
3.935896
3.993933
3.987500
3.979805
3.994039
3.994913
3.972701
3.817970
3.989628
3.940535
3.965133
3.993227
3.980505
3.950144
3.990977
3.982697
3.969659
3.895179
3.792010
3.987712
3.959197
3.993339
3.982881
3.996330
3.898897
3.988714
3.993835
3.992382
3.960781
3.997074
3.989789
3.994170
3.981441
3.973358
3.996852
3.984676
3.982601
3.977331
3.979051
3.997019
3.928843
3.996583
3.983045
3.978924
3.990260
3.989917
3.895594
3.991564
3.862096
3.993767
3.954556
3.948851
3.870692
3.996371
3.967261
3.993021
3.968180
3.979562
3.989166
3.987597
3.995883
3.969534
3.987903
3.984930
3.966975
3.992133
3.994733
3.788784
3.943345
3.988292
3.933368
3.993489
3.905563
3.986881
3.788612
3.984176
3.977240
3.995479
3.933463
3.995564
3.930171
3.997174
3.995621
3.991768
3.950061
3.996081
3.726672
3.969394
3.993744
3.980574
3.985788
3.995891
3.956692
3.972568
3.981302
3.962285
3.995000
3.996279
3.997148
3.948583
3.980964
3.997050
3.995734
3.985822
3.996787
3.990905
3.997214
3.978219
3.963300
3.972489
3.983937
3.970890
3.982972
3.996894
3.997046
3.948972
3.906080
3.993972
3.937837
3.882765
3.981261
3.979866
3.996003
3.993087
3.924627
3.979876
3.959655
3.855117
3.978145
3.993470
3.989434
3.993382
3.991702
3.950817
3.871680
3.889567
3.995687
3.997245
3.992948
3.979828
3.980571
3.997180
3.994770
3.996826
3.919669
3.692526
3.986849
3.995084
3.993775
3.978756
3.844370
3.948906
3.995005
3.945736
3.986908
3.990910
3.996894
3.991580
3.976726
3.986550
3.920021
3.994658
3.995854
3.995534
3.990880
3.629536
3.986903
3.982577
3.996845
3.986097
3.996764
3.940633
3.990095
3.965986
3.946341
3.975389
3.988317
3.970030
3.793889
3.994961
3.994264
3.863457
3.979801
3.851268
3.983714
3.996968
3.983819
3.983490
3.989405
3.975066
3.996335
3.878898
3.722695
3.954250
3.955741
3.996863
3.936938
3.979301
3.891445
3.866690
3.996319
3.996699
3.996448
3.979952
3.996036
3.994072
3.977949
3.984144
3.988001
3.982927
3.987310
3.986570
3.996417
3.891158
3.996394
3.994809
3.909855
3.959030
3.970105
3.776024
3.884158
3.996887
3.995720
3.997013
3.977777
3.993473
3.995997
3.984151
3.898240
3.994985
3.991780
3.980932
3.976217
3.978337
3.993682
3.961688
3.994153
3.992723
3.995829
3.996479
3.950303
3.979019
3.968692
3.982643
3.885367
3.979373
3.779640
3.994750
3.933217
3.950926
3.934881
3.987666
3.915060
3.908127
3.993493
3.947856
3.979924
3.980642
3.932335
3.993184
3.992490
3.995334
3.918871
3.982440
3.994989
3.994205
3.990695
3.824199
3.982732
3.958746
3.995579
3.966179
3.982807
3.932702
3.973516
3.997061
3.947280
3.966932
3.988191
3.899560
3.996374
3.974084
3.994913
3.902299
3.862361
3.947760
3.941286
3.994422
3.996598
3.965745
3.991382
3.996644
3.787222
3.989469
3.984958
3.983941
3.928229
3.987570
3.995885
3.981344
3.995311
3.989085
3.914319
3.989573
3.996916
3.995843
3.776923
3.978790
3.973038
3.995457
3.969731
3.728888
3.916080
3.976658
3.984587
3.805522
3.995097
3.996846
3.993976
3.994227
3.992762
3.992287
3.902275
3.943707
3.970264
3.991545
3.994853
3.857847
3.996757
3.955033
3.985100
3.896830
3.993734
3.982484
3.978625
3.873438
3.993466
3.992609
3.962479
3.903036
3.992652
3.903605
3.986223
3.987771
3.984022
3.947975
3.991030
3.997242
3.996098
3.994808
3.984705
3.975880
3.986556
3.838332
3.939901
3.984478
3.989601
3.984858
3.982300
3.991443
3.989865
3.921096
3.869435
3.996799
3.987420
3.889946
3.967205
3.991904
3.994418
3.984586
3.911795
3.980008
3.883129
3.924723
3.955317
3.944889
3.983152
3.973866
3.992817
3.966991
3.982759
3.992637
3.977106
3.931852
3.589501
3.993721
3.992734
3.996464
3.978978
3.981630
3.990473
3.996625
3.991858
3.997299
3.989205
3.996005
3.991071
3.987804
3.991830
3.992972
3.997033
3.990895
3.994018
3.806677
3.989922
3.890655
3.841687
3.983751
3.987306
3.997063
3.967100
3.994316
3.996327
3.803474
3.996564
3.995816
3.994146
3.996855
3.885809
3.986742
3.997107
3.981983
3.997075
3.996822
3.989043
3.993890
3.996264
3.966876
3.991727
3.949584
3.940567
3.990447
3.896427
3.983447
3.993347
3.988776
3.725981
3.955798
3.989936
3.993588
3.996064
3.978663
3.986786
3.973971
3.979613
3.984822
3.984222
3.994693
3.890974
3.992046
3.994887
3.980414
3.910661
3.880199
3.996563
3.960824
3.985029
3.945908
3.721858
3.918958
3.953607
3.996667
3.934579
3.973343
3.964135
3.956760
3.994900
3.986589
3.995125
3.995308
3.993751
3.979281
3.995561
3.844683
3.996869
3.975408
3.995838
3.991714
3.960001
3.973169
3.994831
3.994163
3.993060
3.965804
3.990491
3.944191
3.917226
3.925482
3.941385
3.990650
3.972390
3.975184
3.927659
3.987254
3.985005
3.867617
3.697328
3.996611
3.971803
3.960588
3.964731
3.649065
3.933702
3.910678
3.954173
3.989719
3.967774
3.834577
3.987924
3.983242
3.964145
3.847795
3.979685
3.941151
3.995539
3.996705
3.970062
3.995565
3.992233
3.973735
3.984790
3.964712
3.973858
3.956898
3.752858
3.877021
3.994910
3.913057
3.931109
3.965000
3.985146
3.995324
3.996175
3.956193
3.992166
3.983754
3.799026
3.996304
3.872115
3.922726
3.969268
3.982183
3.986376
3.995996
3.956945
3.981813
3.996794
3.976042
3.984092
3.997005
3.978263
3.996428
3.945807
3.960412
3.912913
3.925684
3.994723
3.960936
3.728909
3.987127
3.978478
3.996875
3.971778
3.871665
3.960969
3.996682
3.985136
3.991347
3.855682
3.988410
3.992956
3.995600
3.984477
3.994715
3.952043
3.995127
3.982173
3.737245
3.994891
3.979395
3.995592
3.978327
3.976529
3.989187
3.977320
3.752264
3.973806
3.929051
3.988373
3.988885
3.982388
3.940999
3.778408
3.996313
3.955537
3.987412
3.988860
3.966743
3.924280
3.969654
3.926348
3.968148
3.881626
3.960334
3.800194
3.996790
3.924695
3.994839
3.996326
3.994764
3.909591
3.929585
3.968494
3.996085
3.907207
3.953823
3.990828
3.974547
3.990870
3.969747
3.941835
3.893673
3.984776
3.915997
3.987240
3.977610
3.962410
3.990843
3.967261
3.972179
3.959511
3.990512
3.995609
3.997109
3.985031
3.974916
3.957154
3.953273
3.992145
3.984761
3.976086
3.958840
3.987457
3.979434
3.981847
3.990078
3.995502
3.989955
3.996709
3.993907
3.993896
3.993296
3.997086
3.973735
3.995592
3.808974
3.989853
3.957956
3.978571
3.994048
3.984188
3.983865
3.978539
3.980524
3.943385
3.996894
3.955721
3.943781
3.923673
3.969667
3.972375
3.985620
3.989292
3.995422
3.946686
3.990335
3.986086
3.954309
3.838373
3.977956
3.984572
3.985653
3.889588
3.972934
3.995903
3.995734
3.969843
3.937123
3.801465
3.996871
3.710152
3.992721
3.971942
3.974251
3.975429
3.727739
3.991298
3.924438
3.994307
3.994385
3.810763
3.970819
3.994844
3.895793
3.995577
3.988166
3.884609
3.974892
3.996111
3.900822
3.987820
3.962333
3.794086
3.996100
3.963718
3.995386
3.969408
3.953960
3.996626
3.894005
3.996961
3.996018
3.988834
3.996552
3.988118
3.991032
3.990991
3.968820
3.996969
3.640169
3.989826
3.996382
3.995500
3.987943
3.990828
3.982346
3.812801
3.993869
3.993148
3.996309
3.994572
3.965301
3.990627
3.986856
3.980056
3.983396
3.979266
3.972904
3.980689
3.990709
3.977779
3.992345
3.973020
3.989099
3.984715
3.994214
3.930733
3.960924
3.825241
3.918952
3.993227
3.957669
3.996771
3.983728
3.995828
3.983918
3.985932
3.964420
3.977769
3.614911
3.985163
3.987251
3.899118
3.766869
3.877518
3.995633
3.996768
3.990728
3.995662
3.885693
3.983714
3.975129
3.911295
3.987965
3.997129
3.994008
3.982892
3.977973
3.986018
3.996942
3.993149
3.978458
3.986416
3.979882
3.935673
3.981564
3.980422
3.991110
3.976332
3.954793
3.816854
3.982525
3.980363
3.980456
3.958437
3.995705
3.961359
3.988935
3.984448
3.956564
3.753872
3.965733
3.989414
3.996079
3.996334
3.990855
3.986979
3.997033
3.994738
3.970029
3.990166
3.997031
3.972362
3.991782
3.991506
3.786314
3.994900
3.733989
3.983491
3.993694
3.970093
3.979938
3.936275
3.994463
3.953498
3.970181
3.854645
3.996733
3.974805
3.990779
3.990115
3.993117
3.996236
3.989361
3.996755
3.996835
3.990905
3.997222
3.845248
3.992690
3.774537
3.995766
3.996432
3.928726
3.985558
3.981253
3.991712
3.959082
3.988134
3.893903
3.990801
3.983708
3.996169
3.975491
3.946983
3.972000
3.983528
3.995016
3.991584
3.988420
3.990480
3.972010
3.991050
3.974182
3.975043
3.954958
3.972034
3.940566
3.890113
3.995402
3.997100
3.996787
3.996834
3.898870
3.932013
3.695388
3.960484
3.975750
3.984079
3.945307
3.986406
3.857196
3.976300
3.804722
3.991334
3.976879
3.953164
3.986433
3.997029
3.949985
3.891834
3.997140
3.995658
3.972337
3.950771
3.965864
3.965324
3.996570
3.995856
3.900433
3.867407
3.990950
3.983950
3.968975
3.996418
3.914267
3.988798
3.910665
3.974327
3.959689
3.994491
3.966056
3.939625
3.703276
3.982145
3.988339
3.993631
3.986584
3.906711
3.941056
3.939401
3.955966
3.962358
3.993515
3.996126
3.997119
3.981412
3.979329
3.992048
3.985570
3.991284
3.970137
3.964541
3.995700
3.952271
3.821702
3.861565
3.992555
3.948105
3.996909
3.988179
3.976413
3.996825
3.973205
3.991990
3.991229
3.994501
3.988096
3.963266
3.987237
3.994271
3.924593
3.987378
3.991533
3.980259
3.977109
3.996703
3.891576
3.983472
3.918731
3.975767
3.987963
3.959670
3.996821
3.997018
3.983464
3.989174
3.994175
3.985539
3.986134
3.855961
3.884083
3.765210
3.992063
3.982648
3.975683
3.988553
3.996591
3.980264
3.928317
3.915197
3.995780
3.993118
3.995522
3.976843
3.971671
3.990776
3.853089
3.990433
3.990003
3.996732
3.898962
3.967950
3.992080
3.832469
3.896594
3.868333
3.987914
3.989853
3.973708
3.990279
3.996394
3.992393
3.990055
3.983124
3.961812
3.996017
3.957945
3.992164
3.984769
3.938838
3.673325
3.986986
3.944858
3.964683
3.987421
3.940352
3.949403
3.976827
3.984600
3.962534
3.990333
3.982955
3.973290
3.926717
3.988903
3.960857
3.990332
3.982523
3.981015
3.781476
3.996711
3.993689
3.800654
3.978442
3.996440
3.976668
3.974031
3.943426
3.996980
3.992908
3.995251
3.992228
3.733711
3.985265
3.988083
3.986905
3.968374
3.983819
3.978489
3.989604
3.996390
3.983968
3.991696
3.996462
3.653012
3.990345
3.990492
3.995263
3.997084
3.956123
3.985135
3.605023
3.954013
3.761488
3.953701
3.983299
3.983238
3.992086
3.930901
3.989440
3.972167
3.901552
3.958686
3.976372
3.979689
3.977275
3.996840
3.946055
3.957304
3.947477
3.898326
3.997144
3.990025
3.991121
3.969740
3.997059
3.994718
3.986582
3.945682
3.968203
3.855844
3.928780
3.904855
3.992283
3.963221
3.986584
3.994786
3.993349
3.945663
3.956681
3.908912
3.992136
3.857706
3.995618
3.912093
3.994035
3.990307
3.961469
3.997085
3.983988
3.995787
3.897662
3.987671
3.997061
3.972412
3.996818
3.976096
3.991002
3.863988
3.901848
3.995000
3.995736
3.832251
3.994829
3.996701
3.981551
3.992909
3.984717
3.996892
3.991320
3.984846
3.988655
3.997150
3.969350
3.995347
3.869346
3.829113
3.993180
3.991860
3.966459
3.929424
3.996352
3.850562
3.328818
3.985059
3.839021
3.965020
3.985371
3.996396
3.987871
3.839872
3.995072
3.889686
3.997006
3.979816
3.958050
3.988850
3.979868
3.995095
3.972857
3.989493
3.994035
3.976186
3.992321
3.940515
3.995281
3.922495
3.993360
3.996691
3.991346
3.691230
3.858285
3.997114
3.993862
3.981279
3.979157
3.912849
3.996445
3.840464
3.979974
3.984384
3.993900
3.985935
3.951728
3.863875
3.980362
3.994511
3.951727
3.972102
3.977037
3.989996
3.996960
3.996496
3.993846
3.994939
3.951354
3.798654
3.793122
3.975612
3.964942
3.994378
3.986960
3.966904
3.994042
3.973617
3.989819
3.980534
3.995227
3.947247
3.945377
3.958623
3.933331
3.975081
3.996888
3.775159
3.961391
3.996784
3.996341
3.993058
3.996532
3.996399
3.972896
3.995021
3.990134
3.973966
3.996909
3.985451
3.990745
3.866377
3.864389
3.924376
3.946204
3.870036
3.988160
3.995928
3.985099
3.996215
3.991436
3.892733
3.883273
3.971996
3.977496
3.872362
3.990247
3.989653
3.993773
3.824766
3.911839
3.990296
3.997008
3.968565
3.996741
3.996540
3.973277
3.994469
3.996622
3.988888
3.931657
3.993394
3.996076
3.983539
3.974101
3.937734
3.635172
3.996406
3.960928
3.996390
3.996521
3.994362
3.983897
3.955007
3.989908
3.904908
3.952337
3.937199
3.990263
3.946641
3.994495
3.994258
3.985863
3.977587
3.990957
3.995306
3.987975
3.894926
3.873722
3.995941
3.989777
3.990856
3.918537
3.995198
3.884594
3.970544
3.996926
3.932259
3.985974
3.969316
3.994488
3.997064
3.985025
3.972882
3.973953
3.911819
3.991933
3.995079
3.949294
3.989604
3.860252
3.995366
3.992638
3.983976
3.986657
3.990839
3.988518
3.982673
3.981616
3.882489
3.986979
3.966076
3.989767
3.983086
3.887492
3.978669
3.979739
3.996977
3.990934
3.973904
3.985840
3.996537
3.977699
3.981382
3.991561
3.995096
3.988843
3.971013
3.994144
3.970659
3.945609
3.945343
3.994637
3.996214
3.975905
3.951951
3.920843
3.916439
3.976852
3.976200
3.995184
3.986956
3.906888
3.984420
3.981807
3.838643
3.982201
3.985178
3.923324
3.993508
3.882074
3.996905
3.979088
3.994089
3.935319
3.986192
3.975395
3.977611
3.968150
3.995657
3.980134
3.994977
3.959977
3.997167
3.714583
3.990171
3.982483
3.887123
3.938026
3.987231
3.980396
3.977717
3.975748
3.984442
3.970617
3.971642
3.981948
3.995452
3.992040
3.962233
3.994888
3.987282
3.979504
3.981393
3.993762
3.981432
3.993093
3.986412
3.953682
3.681391
3.997021
3.932193
3.993853
3.959627
3.981419
3.984787
3.976732
3.967693
3.986324
3.970556
3.990700
3.966642
3.991602
3.992696
3.996056
3.993443
3.982520
3.989195
3.772081
3.856256
3.957629
3.908996
3.956533
3.952839
3.823486
3.961397
3.983581
3.994098
3.996383
3.841880
3.943954
3.974134
3.893124
3.896942
3.988255
3.993430
3.989913
3.970883
3.983901
3.917431
3.987951
3.919125
3.967013
3.967541
3.995367
3.925374
3.981491
3.790514
3.779199
3.931209
3.994686
3.944673
3.996960
3.991802
3.974014
3.979031
3.932948
3.986631
3.992037
3.992366
3.991751
3.996836
3.951350
3.997189
3.978155
3.993264
3.995446
3.938640
3.985988
3.943066
3.983579
3.994061
3.992169
3.984444
3.992240
3.996551
3.995218
3.951681
3.971420
3.982793
3.951563
3.990967
3.834708
3.969965
3.970003
3.996204
3.992302
3.989983
3.997057
3.932996
3.976097
3.992239
3.996264
3.992622
3.996981
3.979273
3.986457
3.893085
3.991454
3.889580
3.991237
3.833962
3.888914
3.877068
3.885920
3.905378
3.891960
3.930024
3.996501
3.996971
3.994808
3.984209
3.996142
3.979900
3.997002
3.989995
3.906300
3.972964
3.994814
3.994213
3.996933
3.976961
3.994539
3.990175
3.996094
3.955809
3.683662
3.986163
3.972218
3.991118
3.996408
3.946366
3.994146
3.996589
3.993620
3.975817
3.961325
3.997064
3.964489
3.989868
3.993865
3.992333
3.980807
3.996980
3.993875
3.994134
3.996776
3.986081
3.977032
3.906353
3.976583
3.945671
3.997168
3.992216
3.976528
3.996363
3.989775
3.796208
3.935250
3.963363
3.995781
3.991800
3.990490
3.965667
3.995270
3.990522
3.992416
3.997239
3.962247
3.976451
3.968793
3.984848
3.994278
3.975197
3.986231
3.996054
3.996090
3.981536
3.967650
3.992354
3.990712
3.990148
3.994433
3.965015
3.749503
3.899651
3.996115
3.996346
3.989897
3.992571
3.947736
3.895315
3.987889
3.937889
3.989775
3.965556
3.986018
3.826146
3.985670
3.966026
3.930968
3.822866
3.873222
3.883790
3.993027
3.991434
3.996979
3.997047
3.994723
3.979336
3.981503
3.995237
3.965242
3.989730
3.996447
3.958877
3.974402
3.978232
3.986807
3.994313
3.989311
3.912377
3.895499
3.987494
3.986969
3.975398
3.919790
3.996935
3.802694
3.995588
3.951994
3.997057
3.905559
3.969462
3.979228
3.995210
3.996800
3.992422
3.964176
3.909084
3.989170
3.994359
3.951837
3.893711
3.993927
3.956437
3.953698
3.991039
3.988486
3.972745
3.991517
3.997131
3.980742
3.985977
3.960501
3.905709
3.989452
3.919160
3.984008
3.965940
3.994094
3.840127
3.993775
3.966144
3.993396
3.989389
3.996752
3.826998
3.996834
3.989686
3.931575
3.995107
3.991086
3.983536
3.966175
3.989270
3.996991
3.996193
3.976330
3.894140
3.836494
3.995319
3.970678
3.989092
3.973326
3.974225
3.997089
3.997033
3.993920
3.963934
3.958967
3.966478
3.956253
3.957974
3.986967
3.947552
3.941877
3.994305
3.972291
3.997205
3.994410
3.996320
3.948380
3.961041
3.895235
3.830681
3.943929
3.995112
3.983418
3.768102
3.933534
3.996148
3.954912
3.983868
3.813809
3.620785
3.995616
3.869851
3.948937
3.957342
3.956426
3.986080
3.934787
3.908786
3.995621
3.983040
3.986943
3.990152
3.972728
3.979181
3.995709
3.987834
3.993993
3.967748
3.976271
3.843677
3.851648
3.992813
3.996273
3.976823
3.637966
3.984003
3.990677
3.990874
3.995558
3.895464
3.965656
3.986909
3.965640
3.971967
3.995847
3.969563
3.996839
3.873401
3.971020
3.954883
3.807653
3.997075
3.994286
3.992619
3.975881
3.996933
3.989879
3.994223
3.984028
3.870912
3.888099
3.993184
3.918845
3.996073
3.996912
3.951866
3.986585
3.995383
3.927107
3.993596
3.986685
3.995589
3.952374
3.997043
3.996984
3.990444
3.996561
3.996084
3.983191
3.994864
3.986351
3.981175
3.897967
3.985871
3.992917
3.982656
3.987825
3.931898
3.986168
3.504783
3.991759
3.996731
3.993550
3.961180
3.994594
3.967113
3.984666
3.963250
3.744050
3.967759
3.879050
3.984856
3.992378
3.984616
3.984613
3.993746
3.974131
3.987915
3.943721
3.967227
3.946323
3.985022
3.982513
3.952635
3.962539
3.897016
3.996182
3.848361
3.995087
3.984178
3.965950
3.989298
3.974661
3.906319
3.991920
3.966238
3.997148
3.994223
3.905707
3.988583
3.988949
3.993895
3.995083
3.662119
3.964468
3.997078
3.971454
3.990881
3.958010
3.968711
3.921318
3.972327
3.963442
3.966616
3.915194
3.995815
3.995974
3.985870
3.963374
3.946341
3.964652
3.996927
3.996754
3.996720
3.989382
3.900929
3.805625
3.993120
3.978808
3.996899
3.995376
3.986102
3.929760
3.984303
3.834346
3.960235
3.504062
3.743222
3.996491
3.995331
3.885712
3.957322
3.987941
3.975145
3.976092
3.983965
3.974272
3.996398
3.727472
3.996612
3.984502
3.982422
3.989164
3.996576
3.936298
3.991121
3.991796
3.912668
3.990434
3.972557
3.967821
3.996289
3.877814
3.987948
3.994544
3.942855
3.989380
3.755975
3.953523
3.962303
3.996974
3.973199
3.992533
3.991513
3.886273
3.982421
3.996857
3.997209
3.973053
3.988857
3.948502
3.997002
3.991192
3.984327
3.929131
3.996892
3.993117
3.997073
3.994032
3.993803
3.983986
3.968648
3.975238
3.956034
3.997033
3.986718
3.996473
3.978395
3.937973
3.995179
3.978099
3.959405
3.989552
3.973465
3.893449
3.945245
3.995726
3.878548
3.996273
3.880837
3.980839
3.946329
3.955405
3.995252
3.992296
3.987505
3.973586
3.923392
3.986048
3.931328
3.947153
3.908708
3.954589
3.993831
3.976467
3.991843
3.992021
3.995409
3.992343
3.993148
3.973081
3.995716
3.727027
3.991603
3.984891
3.971223
3.990065
3.979859
3.996223
3.980033
3.992694
3.908027
3.699526
3.992927
3.979805
3.977389
3.974340
3.996067
3.985740
3.892860
3.996887
3.911138
3.994317
3.827612
3.991430
3.995234
3.984567
3.990993
3.991785
3.992532
3.956872
3.965808
3.984257
3.887334
3.945240
3.955329
3.837628
3.996215
3.984250
3.978603
3.992328
3.934057
3.995490
3.996993
3.996718
3.992861
3.940185
3.992153
3.939022
3.901528
3.993977
3.950415
3.992704
3.838938
3.989929
3.995504
3.623432
3.860492
3.941554
3.989041
3.754194
3.946866
3.992776
3.994287
3.889486
3.992948
3.961260
3.968598
3.888984
3.945075
3.978164
3.923472
3.957194
3.982809
3.996507
3.993023
3.989047
3.983200
3.993939
3.987169
3.856889
3.823783
3.970649
3.855818
3.986955
3.988867
3.995492
3.942864
3.993043
3.993828
3.987482
3.960196
3.977621
3.956878
3.857414
3.996832
3.979598
3.995099
3.919410
3.978242
3.991505
3.965743
3.968657
3.993632
3.985355
3.837362
3.597541
3.992170
3.988843
3.993118
3.995868
3.990498
3.979684
3.988249
3.994849
3.840594
3.941999
3.936004
3.993713
3.977953
3.996458
3.985822
3.981176
3.992809
3.873847
3.897552
3.987237
3.939002
3.995354
3.915431
3.962791
3.994681
3.996494
3.992273
3.995142
3.866043
3.845040
3.991774
3.747847
3.961290
3.993161
3.985993
3.951792
3.955140
3.988700
3.981884
3.918295
3.994580
3.996721
3.888390
3.972124
3.979404
3.814494
3.933673
3.990062
3.854220
3.985594
3.988053
3.994076
3.992553
3.992506
3.981680
3.962693
3.965202
3.966114
3.986116
3.964598
3.993545
3.979381
3.996269
3.981581
3.902919
3.993292
3.995388
3.888920
3.974488
3.991020
3.933322
3.989157
3.996505
3.991017
3.964356
3.977590
3.981843
3.988873
3.980484
3.997026
3.976411
3.846043
3.793282
3.907367
3.996767
3.995311
3.991907
3.979123
3.990954
3.993803
3.995016
3.986962
3.958912
3.991123
3.916057
3.993211
3.919622
3.978964
3.996589
3.835210
3.818237
3.861247
3.923200
3.963645
3.994100
3.969916
3.991445
3.983570
3.992786
3.990464
3.984662
3.993248
3.979247
3.970958
3.989191
3.994600
3.855537
3.992621
3.985970
3.996560
3.948570
3.997206
3.996924
3.989851
3.931409
3.925166
3.992876
3.930558
3.986978
3.951465
3.994683
3.995699
3.994384
3.991630
3.987270
3.784726
3.840479
3.973918
3.982763
3.942808
3.992728
3.985098
3.994460
3.987716
3.988332
3.992947
3.985560
3.986344
3.934976
3.972224
3.927709
3.996837
3.973624
3.955384
3.977846
3.996987
3.987095
3.994056
3.994079
3.992116
3.996260
3.992060
3.997073
3.956548
3.988710
3.851544
3.993257
3.929135
3.963657
3.922977
3.982088
3.986401
3.957978
3.889263
3.988381
3.967177
3.995613
3.936232
3.755058
3.996562
3.993384
3.988648
3.996950
3.875004
3.989122
3.977046
3.992788
3.794770
3.974535
3.974720
3.993595
3.967238
3.937475
3.987544
3.994611
3.915630
3.966189
3.971337
3.987195
3.995330
3.856202
3.996335
3.879635
3.974940
3.977735
3.988071
3.958805
3.976922
3.973892
3.922301
3.995789
3.932337
3.988093
3.983962
3.994986
3.988766
3.977322
3.966758
3.962097
3.988035
3.986476
3.996237
3.972621
3.946084
3.957884
3.991285
3.996841
3.996550
3.970004
3.996559
3.994814
3.960872
3.937296
3.952272
3.985402
3.974135
3.909476
3.993401
3.990061
3.980114
3.904880
3.807135
3.991252
3.985460
3.996905
3.943346
3.987196
3.982797
3.845276
3.946256
3.996675
3.940164
3.985577
3.996885
3.996882
3.990510
3.996221
3.962015
3.989668
3.993604
3.920808
3.799717
3.996840
3.950611
3.927046
3.893472
3.990217
3.970603
3.992814
3.981789
3.994905
3.990127
3.996247
3.984559
3.796960
3.956787
3.985153
3.994727
3.649097
3.991669
3.995792
3.933469
3.988824
3.915193
3.982634
3.989566
3.980634
3.838847
3.965575
3.969280
3.982891
3.994231
3.985969
3.966469
3.930963
3.972196
3.993548
3.996931
3.990554
3.980755
3.990923
3.941540
3.961995
3.990301
3.986764
3.920028
3.993544
3.898377
3.996993
3.976990
3.996954
3.985146
3.996303
3.988971
3.972372
3.976006
3.935109
3.980751
3.851716
3.986109
3.911736
3.992527
3.981247
3.985865
3.981287
3.942286
3.988931
3.992090
3.814993
3.924061
3.772888
3.995593
3.980854
3.951409
3.991477
3.969220
3.988471
3.984092
3.993628
3.840736
3.996914
3.996981
3.991979
3.987200
3.992974
3.991189
3.996522
3.950810
3.863147
3.877184
3.966779
3.996581
3.979995
3.976158
3.997056
3.954810
3.980168
3.992519
3.997022
3.972682
3.865334
3.953500
3.993561
3.888728
3.995632
3.974592
3.980988
3.911723
3.785097
3.860792
3.990803
3.858130
3.993707
3.967246
3.996657
3.996298
3.743816
3.964600
3.925552
3.995554
3.992862
3.880876
3.997150
3.978134
3.981632
3.986382
3.903011
3.792338
3.951460
3.994727
3.981207
3.991991
3.974408
3.910315
3.986420
3.806783
3.994496
3.961177
3.993148
3.996234
3.993994
3.987687
3.992512
3.952985
3.959745
3.991836
3.972322
3.990127
3.891355
3.820208
3.985951
3.935062
3.906455
3.996808
3.981423
3.991004
3.997231
3.989262
3.996134
3.989859
3.992678
3.971977
3.997018
3.985744
3.936586
3.820522
3.981874
3.902112
3.935939
3.964974
3.982467
3.973980
3.972530
3.993896
3.959969
3.990481
3.985437
3.976827
3.920102
3.996153
3.991709
3.974396
3.987442
3.990771
3.993513
3.996230
3.993203
3.975805
3.946888
3.995113
3.989126
3.971650
3.890209
3.987437
3.997013
3.802419
3.995767
3.992552
3.646218
3.987857
3.928669
3.717395
3.904586
3.990236
3.967057
3.993232
3.964779
3.919337
3.817998
3.995895
3.776810
3.992324
3.994323
3.965435
3.927749
3.978983
3.996563
3.899574
3.994569
3.988041
3.971718
3.974286
3.938743
3.896227
3.963590
3.985657
3.987367
3.979029
3.983767
3.996645
3.995626
3.941330
3.996569
3.987545
3.984206
3.997050
3.995703
3.968162
3.992176
3.861332
3.996049
3.977025
3.996905
3.976686
3.985870
3.962996
3.984232
3.981950
3.949330
3.987545
3.954420
3.948503
3.965086
3.995096
3.993302
3.992116
3.875569
3.883562
3.933773
3.776677
3.907685
3.981058
3.994783
3.978343
3.984740
3.989185
3.996982
3.964799
3.896171
3.979965
3.993309
3.942298
3.996899
3.974329
3.855134
3.959170
3.923952
3.993962
3.994748
3.914723
3.913894
3.987242
3.973806
3.840800
3.988171
3.985861
3.969593
3.968161
3.993520
3.996277
3.980560
3.970790
3.995840
3.960587
3.863478
3.993923
3.981814
3.996955
3.980604
3.839684
3.996162
3.979649
3.991062
3.968354
3.996796
3.994397
3.973621
3.994926
3.985985
3.986920
3.863322
3.974783
3.921458
3.993993
3.992665
3.996894
3.990382
3.909892
3.988139
3.897212
3.988223
3.965892
3.996689
3.964097
3.993380
3.973694
3.960230
3.981025
3.748525
3.986112
3.993800
3.961214
3.977169
3.993766
3.961888
3.966704
3.955956
3.995438
3.334888
3.972778
3.991568
3.994113
3.988209
3.804710
3.992847
3.915567
3.976775
3.926862
3.969738
3.928196
3.982056
3.882964
3.785015
3.750292
3.870469
3.914865
3.994034
3.995934
3.987463
3.995606
3.996999
3.954385
3.995766
3.902100
3.985975
3.959523
3.996604
3.996821
3.981116
3.995965
3.981276
3.983412
3.949162
3.979771
3.902834
3.897477
3.973467
3.963816
3.995917
3.911537
3.989848
3.996754
3.985660
3.950846
3.991290
3.978678
3.991113
3.986069
3.983358
3.985908
3.973483
3.967400
3.977071
3.987548
3.964003
3.984392
3.990540
3.986768
3.894503
3.992607
3.988445
3.973786
3.984963
3.982937
3.995309
3.996809
3.986754
3.891551
3.977251
3.986838
3.995612
3.996913
3.992606
3.932440
3.980720
3.997263
3.864478
3.703864
3.835553
3.995373
3.842667
3.877717
3.956524
3.991576
3.987830
3.930077
3.975014
3.991925
3.964903
3.992886
3.994500
3.993326
3.957899
3.901891
3.970310
3.892343
3.863508
3.987527
3.996164
3.682665
3.995740
3.930866
3.996657
3.958874
3.996231
3.888084
3.996685
3.925634
3.996067
3.996360
3.992709
3.989561
3.947767
3.984865
3.801719
3.987373
3.971881
3.987548
3.978866
3.995725
3.996751
3.993030
3.993770
3.965247
3.996437
3.997131
3.993924
3.844128
3.993094
3.991996
3.948318
3.990261
3.983955
3.818104
3.971693
3.951312
3.996777
3.968636
3.997073
3.986165
3.940593
3.992140
3.996699
3.965340
3.994608
3.990198
3.995724
3.922929
3.991886
3.989490
3.997100
3.946152
3.995818
3.962396
3.952065
3.936270
3.936223
3.960556
3.996842
3.995920
3.994439
3.989351
3.996024
3.971657
3.958620
3.950712
3.979925
3.994879
3.986965
3.995516
3.956708
3.994535
3.985786
3.958584
3.946608
3.986586
3.926674
3.978310
3.996808
3.912715
3.878983
3.985001
3.984576
3.996791
3.988320
3.954913
3.990162
3.960871
3.960892
3.989352
3.986893
3.983095
3.971794
3.953256
3.996408
3.990627
3.980307
3.929448
3.996325
3.951690
3.993669
3.990234
3.876638
3.983210
3.990328
3.805651
3.948788
3.977330
3.989793
3.995992
3.726342
3.996537
3.986111
3.963892
3.993967
3.970723
3.986636
3.965454
3.994904
3.991705
3.964152
3.993611
3.994692
3.982760
3.996623
3.992310
3.993667
3.965457
3.974105
3.995581
3.979204
3.959807
3.993744
3.996871
3.971863
3.988167
3.994633
3.630729
3.982334
3.942554
3.986674
3.993278
3.796673
3.995947
3.994422
3.979281
3.996303
3.992900
3.972610
3.995733
3.996503
3.992997
3.994148
3.946040
3.935471
3.973003
3.980708
3.983422
3.966526
3.995767
3.981959
3.979082
3.971600
3.965282
3.978936
3.988448
3.997127
3.992793
3.985966
3.996715
3.933453
3.954537
3.965924
3.995046
3.906240
3.992666
3.936252
3.981345
3.993122
3.997055
3.989306
3.990657
3.823018
3.991687
3.949010
3.982898
3.875380
3.990125
3.993299
3.993656
3.993659
3.969040
3.992156
3.793885
3.987427
3.969311
3.950891
3.887077
3.949738
3.969146
3.974508
3.991359
3.972568
3.996425
3.994729
3.992390
3.996701
3.996738
3.993566
3.988038
3.986129
3.996098
3.994985
3.989151
3.989364
3.932593
3.912334
3.991675
3.973147
3.996503
3.976346
3.987825
3.974817
3.993104
3.967463
3.957175
3.974125
3.936656
3.989194
3.741884
3.944282
3.996210
3.995671
3.983111
3.981373
3.936471
3.986729
3.981084
3.980333
3.964132
3.994776
3.877975
3.976853
3.956331
3.979872
3.945345
3.994110
3.957797
3.692825
3.965871
3.841872
3.992860
3.995777
3.963810
3.982723
3.892572
3.982914
3.952653
3.983894
3.991694
3.964747
3.994732
3.956633
3.996535
3.996630
3.992616
3.992458
3.988802
3.973163
3.932288
3.935318
3.992466
3.917082
3.985822
3.972966
3.978186
3.800637
3.992273
3.996675
3.983032
3.996423
3.996409
3.994875
3.981820
3.946288
3.987523
3.990735
3.997044
3.947149
3.997050
3.937831
3.993985
3.991467
3.962420
3.995499
3.982167
3.996307
3.967039
3.980183
3.972281
3.993038
3.994956
3.973619
3.990019
3.996522
3.984883
3.950143
3.990399
3.883720
3.991244
3.976233
3.927639
3.983611
3.975782
3.992799
3.977845
3.973115
3.997012
3.957045
3.984928
3.944402
3.957900
3.986734
3.963022
3.996279
3.980159
3.996658
3.993889
3.994177
3.928310
3.982538
3.989570
3.992267
3.992641
3.978815
3.891860
3.790754
3.983203
3.984922
3.987502
3.988845
3.981735
3.982544
3.896681
3.978509
3.996306
3.893572
3.982027
3.940261
3.979712
3.991770
3.996969
3.967885
3.877118
3.989077
3.988160
3.984769
3.965592
3.938636
3.882988
3.996502
3.979070
3.992655
3.941417
3.990972
3.991474
3.994649
3.960320
3.855619
3.652340
3.989559
3.986146
3.993199
3.979482
3.956892
3.957158
3.996944
3.996489
3.995712
3.989040
3.978154
3.991803
3.899426
3.988471
3.994170
3.983543
3.951938
3.993983
3.980102
3.340545
3.959827
3.995386
3.905521
3.993647
3.996133
3.986208
3.904712
3.724981
3.956139
3.844213
3.996668
3.965335
3.995051
3.947661
3.948881
3.969096
3.992340
3.983711
3.969064
3.931908
3.996701
3.977456
3.989962
3.994223
3.995296
3.978840
3.970161
3.910400
3.898257
3.843024
3.910507
3.805578
3.996846
3.989566
3.980137
3.932992
3.875323
3.997076
3.987249
3.967043
3.988024
3.966856
3.982478
3.980674
3.988907
3.988894
3.991079
3.929230
3.989573
3.973681
3.996138
3.919419
3.993254
3.974285
3.975817
3.995912
3.980529
3.973063
3.980936
3.990949
3.993583
3.993576
3.919423
3.996428
3.929255
3.951086
3.873494
3.996983
3.980898
3.973377
3.993514
3.993631
3.994260
3.991403
3.996619
3.599150
3.983626
3.994514
3.902355
3.978265
3.996083
3.993480
3.995266
3.959387
3.982508
3.989840
3.927674
3.986808
3.992426
3.962145
3.873245
3.970199
3.995263
3.983012
3.917943
3.996901
3.989614
3.892252
3.995942
3.932907
3.918425
3.992918
3.990184
3.983373
3.889819
3.960264
3.990057
3.904943
3.950388
3.987706
3.994795
3.970954
3.992802
3.954642
3.994199
3.992936
3.919789
3.971461
3.967319
3.991317
3.959326
3.981805
3.602812
3.987020
3.983395
3.994308
3.989004
3.937747
3.958017
3.996098
3.995267
3.992567
3.976695
3.996331
3.973075
3.993948
3.995682
3.996610
3.997117
3.967641
3.997020
3.977594
3.953518
3.658701
3.807715
3.989097
3.931638
3.980936
3.995084
3.934121
3.941209
3.953073
3.991403
3.781503
3.888492
3.802571
3.995202
3.693775
3.879858
3.969395
3.941261
3.970839
3.951764
3.990046
3.925432
3.996153
3.995135
3.889077
3.975961
3.990193
3.986604
3.996234
3.950180
3.988159
3.971616
3.767868
3.996291
3.994499
3.994939
3.979336
3.983695
3.995727
3.766926
3.989466
3.858896
3.995803
3.993124
3.996453
3.996799
3.995548
3.854448
3.982558
3.749392
3.992021
3.908508
3.792145
3.918113
3.994653
3.994249
3.985064
3.974007
3.986773
3.929394
3.995702
3.976763
3.975649
3.996823
3.987816
3.688474
3.905092
3.986911
3.996478
3.951016
3.996744
3.845342
3.989477
3.982293
3.939394
3.971751
3.989440
3.994947
3.974688
3.990615
3.921821
3.971603
3.996476
3.992975
3.983889
3.922609
3.970808
3.968735
3.980311
3.978612
3.984373
3.917662
3.845674
3.990088
3.965077
3.996874
3.818250
3.978578
3.972121
3.991342
3.994121
3.933557
3.993810
3.995951
3.936013
3.989134
3.961789
3.996658
3.992668
3.993510
3.976060
3.977198
3.995868
3.970120
3.995352
3.954326
3.787638
3.968916
3.993711
3.992106
3.990590
3.838139
3.987318
3.957201
3.986265
3.678950
3.978940
3.873740
3.951737
3.997004
3.863462
3.980193
3.995220
3.881710
3.996582
3.990866
3.674725
3.996571
3.973563
3.996571
3.996794
3.996275
3.992461
3.996348
3.995666
3.585920
3.992434
3.977592
3.994004
3.989908
3.997189
3.983382
3.983234
3.996436
3.976262
3.990484
3.996415
3.967474
3.995729
3.993180
3.977343
3.995264
3.883789
3.964905
3.989693
3.827836
3.984412
3.989125
3.995749
3.994009
3.996963
3.990143
3.987396
3.995374
3.956927
3.966830
3.991187
3.996630
3.917985
3.977688
3.950099
3.976194
3.972799
3.995363
3.908826
3.990455
3.980082
3.909113
3.994643
3.992504
3.994989
3.977961
3.994350
3.961375
3.997233
3.981451
3.989486
3.990085
3.971556
3.988765
3.978681
3.994593
3.899884
3.983943
3.989672
3.991319
3.978995
3.979137
3.987991
3.987796
3.995939
3.994413
3.987497
3.996972
3.821202
3.907264
3.992325
3.984651
3.942734
3.963210
3.983540
3.992244
3.918001
3.994047
3.988759
3.988739
3.994677
3.952393
3.946395
3.990526
3.989979
3.904260
3.989510
3.986152
3.990719
3.996577
3.985485
3.988320
3.977091
3.996832
3.980892
3.988192
3.992629
3.989005
3.991038
3.989995
3.978925
3.992164
3.992919
3.979504
3.991864
3.923075
3.929445
3.717417
3.993789
3.870493
3.996984
3.941022
3.996355
3.997034
3.907101
3.966421
3.994240
3.941000
3.996491
3.951334
3.970110
3.979200
3.942143
3.986761
3.897103
3.939040
3.966951
3.975949
3.988458
3.840405
3.995062
3.996922
3.990603
3.996209
3.874586
3.992020
3.993291
3.978279
3.994013
3.991472
3.990989
3.996564
3.996382
3.996297
3.988389
3.948450
3.988814
3.994956
3.991440
3.992182
3.834643
3.987978
3.960468
3.994322
3.981397
3.974722
3.996271
3.981429
3.994490
3.967270
3.974028
3.962377
3.600491
3.985456
3.820809
3.885067
3.993875
3.958461
3.975258
3.996986
3.959308
3.987704
3.976893
3.996601
3.979801
3.993105
3.746617
3.930603
3.989722
3.908022
3.987426
3.956682
3.963017
3.966567
3.978847
3.992985
3.994882
3.786709
3.996360
3.973450
3.996293
3.944636
3.635244
3.982101
3.991709
3.973781
3.991323
3.986204
3.993376
3.996172
3.983632
3.968614
3.960569
3.996884
3.987237
3.987982
3.987863
3.950843
3.732957
3.939215
3.966668
3.891082
3.990681
3.923356
3.932159
3.996924
3.988569
3.953585
3.990326
3.986322
3.898345
3.940780
3.956997
3.985643
3.994176
3.813347
3.973610
3.524779
3.956942
3.826247
3.996847
3.915193
3.977159
3.990909
3.988660
3.989433
3.961090
3.985502
3.970223
3.985802
3.994059
3.948482
3.975670
3.865329
3.925758
3.990856
3.879602
3.976155
3.985438
3.928244
3.794712
3.936389
3.988499
3.995668
3.938649
3.996851
3.975261
3.981570
3.996643
3.995495
3.996973
3.909810
3.934620
3.994402
3.941257
3.995001
3.984601
3.934965
3.846693
3.679613
3.987018
3.924230
3.678729
3.994706
3.996113
3.990272
3.996163
3.988210
3.966850
3.993949
3.992395
3.993729
3.990906
3.992356
3.968875
3.996420
3.986815
3.991119
3.979180
3.878371
3.994441
3.968178
3.982198
3.996490
3.888005
3.982288
3.982905
3.960912
3.970833
3.984686
3.992330
3.980071
3.845945
3.995432
3.995427
3.970246
3.987407
3.971631
3.995580
3.976529
3.966331
3.980466
3.982219
3.985323
3.996547
3.980250
3.983605
3.985985
3.991660
3.960600
3.897990
3.974034
3.997010
3.975768
3.993417
3.823496
3.950006
3.848491
3.979197
3.996406
3.983591
3.955877
3.970512
3.974290
3.992443
3.993737
3.687675
3.983346
3.959769
3.807006
3.996801
3.887816
3.955797
3.990099
3.990905
3.994105
3.981489
3.972997
3.996529
3.991031
3.987276
3.932443
3.878738
3.989864
3.996256
3.974282
3.798062
3.986421
3.992249
3.995879
3.926387
3.876805
3.994688
3.976764
3.847882
3.993124
3.978997
3.823093
3.991943
3.880665
3.978079
3.996130
3.933245
3.996558
3.735482
3.987246
3.962666
3.933042
3.991495
3.995123
3.987498
3.987914
3.988335
3.902121
3.978286
3.997080
3.867818
3.949071
3.989001
3.867623
3.988326
3.973037
3.997163
3.649217
3.873069
3.991877
3.987355
3.796078
3.979091
3.986342
3.996898
3.904671
3.689918
3.996750
3.993185
3.947183
3.926982
3.893578
3.922622
3.980351
3.615047
3.982633
3.984882
3.988118
3.986693
3.993846
3.997058
3.995257
3.948693
3.953489
3.996945
3.994801
3.987792
3.994625
3.973859
3.976874
3.970176
3.993071
3.978746
3.996184
3.920433
3.929324
3.977386
3.987460
3.995722
3.992008
3.957135
3.822395
3.992653
3.990634
3.996028
3.997023
3.984556
3.989729
3.981663
3.997102
3.985565
3.972651
3.987376
3.969771
3.949158
3.873234
3.982284
3.983306
3.995937
3.991663
3.977003
3.980487
3.911301
3.980421
3.966612
3.978944
3.962856
3.991961
3.995648
3.997133
3.968057
3.992558
3.842495
3.988941
3.971037
3.992367
3.745117
3.971354
3.982390
3.994409
3.958011
3.949665
3.987503
3.576576
3.892617
3.922754
3.951937
3.991844
3.792732
3.983879
3.996605
3.995686
3.955119
3.992571
3.904054
3.992907
3.897796
3.996509
3.993595
3.997183
3.992225
3.733465
3.996815
3.996379
3.968522
3.964079
3.994096
3.995798
3.989212
3.883534
3.997002
3.984147
3.975252
3.996770
3.981486
3.978644
3.993661
3.996880
3.977944
3.907226
3.992344
3.996676
3.985129
3.974711
3.966490
3.985404
3.973542
3.994552
3.996614
3.979922
3.990545
3.997004
3.985110
3.991955
3.978211
3.958630
3.973268
3.929519
3.992803
3.996102
3.938013
3.991083
3.971224
3.972934
3.988046
3.991517
3.971372
3.947796
3.991913
3.990328
3.890089
3.917917
3.995750
3.982926
3.478270
3.931521
3.995439
3.990781
3.994980
3.976205
3.948562
3.986487
3.989483
3.853956
3.890577
3.849808
3.996432
3.962606
3.989736
3.996991
3.962610
3.996808
3.924562
3.988858
3.995143
3.909404
3.989577
3.928513
3.949832
3.985102
3.984247
3.993312
3.851990
3.979246
3.991137
3.991740
3.958188
3.991513
3.990099
3.980120
3.982951
3.749375
3.984534
3.989157
3.991699
3.889387
3.953021
3.912098
3.724890
3.993345
3.994517
3.996365
3.969610
3.983624
3.924654
3.984881
3.962853
3.975089
3.866363
3.992874
3.984236
3.996314
3.976466
3.930798
3.972124
3.838646
3.986031
3.993634
3.996634
3.935798
3.982039
3.996156
3.983355
3.981761
3.976242
3.993105
3.922300
3.996704
3.965486
3.994513
3.939453
3.898188
3.992638
3.985930
3.879634
3.993953
3.906037
3.888552
3.994238
3.981004
3.991759
3.821793
3.996927
3.961928
3.933885
3.967477
3.997113
3.997055
3.979991
3.996255
3.919357
3.835785
3.988016
3.935605
3.982515
3.982791
3.996900
3.997094
3.991042
3.984163
3.974522
3.981076
3.994572
3.958274
3.992851
3.960057
3.981801
3.906541
3.987562
3.887834
3.951582
3.976457
3.978966
3.934500
3.961051
3.942022
3.992239
3.990867
3.996060
3.997040
3.981444
3.936731
3.942201
3.969710
3.990085
3.959794
3.956006
3.981927
3.997066
3.948594
3.989138
3.977955
3.989373
3.995857
3.982781
3.964315
3.996380
3.978813
3.947411
3.970023
3.993805
3.985157
3.987726
3.990868
3.912378
3.996776
3.799802
3.960517
3.991697
3.952891
3.995185
3.992170
3.993411
3.997085
3.993526
3.988898
3.919681
3.990263
3.973142
3.995447
3.997169
3.988732
3.993557
3.989240
3.953694
3.990301
3.984562
3.981550
3.930266
3.991080
3.968035
3.982625
3.996693
3.995380
3.995227
3.995376
3.838297
3.950113
3.977756
3.967652
3.996953
3.979286
3.987486
3.984159
3.985269
3.840155
3.939770
3.996520
3.861904
3.938847
3.936382
3.996841
3.994744
3.985972
3.975221
3.973699
3.984034
3.986955
3.990464
3.995228
3.970854
3.940413
3.860652
3.984786
3.986988
3.967582
3.984307
3.990746
3.959446
3.987030
3.982613
3.907532
3.896105
3.996038
3.996594
3.951426
3.996224
3.991745
3.997010
3.909653
3.992288
3.994115
3.997061
3.853976
3.994858
3.997028
3.868261
3.984613
3.991497
3.817807
3.912538
3.994573
3.956254
3.980678
3.987342
3.992041
3.991510
3.995187
3.903099
3.971760
3.989401
3.963739
3.984540
3.983982
3.962907
3.979492
3.990663
3.919455
3.996687
3.741339
3.988759
3.996792
3.996952
3.989088
3.987009
3.976294
3.980520
3.982150
3.973377
3.987619
3.869804
3.984562
3.985657
3.858211
3.996742
3.985545
3.996385
3.991026
3.980649
3.996822
3.976300
3.994254
3.986375
3.978974
3.989724
3.994512
3.981712
3.950063
3.989279
3.981660
3.927537
3.996773
3.982482
3.949036
3.995877
3.997020
3.995425
3.970701
3.977047
3.967207
3.995481
3.956165
3.969270
3.996963
3.984521
3.827754
3.996612
3.688121
3.995370
3.994827
3.991236
3.959608
3.988363
3.988276
3.974725
3.959379
3.992770
3.984132
3.994413
3.996931
3.977275
3.986051
3.970556
3.994303
3.974491
3.942267
3.960173
3.971923
3.992127
3.928294
3.995953
3.986186
3.992048
3.927109
3.997037
3.985773
3.979779
3.985010
3.982646
3.992817
3.996612
3.705999
3.944797
3.741229
3.986347
3.862182
3.989932
3.996036
3.865666
3.983155
3.990483
3.982623
3.994083
3.833896
3.981183
3.996449
3.994743
3.975861
3.994988
3.984408
3.985314
3.996618
3.995067
3.983786
3.983630
3.996571
3.982013
3.917346
3.987678
3.970527
3.982779
3.985298
3.987756
3.979394
3.983478
3.985736
3.913329
3.991295
3.831158
3.974816
3.932334
3.987476
3.950655
3.996692
3.993868
3.996466
3.992025
3.988236
3.977599
3.988020
3.508456
3.996806
3.904896
3.990621
3.897423
3.989993
3.875281
3.948559
3.994716
3.981402
3.953828
3.968887
3.994966
3.983237
3.996858
3.960775
3.978309
3.981468
3.850310
3.997157
3.982570
3.990147
3.993994
3.984561
3.980000
3.982436
3.991395
3.996957
3.965098
3.964391
3.983409
3.980621
3.985783
3.989884
3.971321
3.974933
3.996071
3.996448
3.989455
3.992403
3.958105
3.951253
3.911235
3.984987
3.994457
3.954388
3.990434
3.990616
3.896222
3.993536
3.827099
3.977995
3.988724
3.987441
3.996561
3.974177
3.990518
3.988896
3.843064
3.990417
3.996507
3.873646
3.978777
3.872400
3.996257
3.996827
3.995360
3.996528
3.786440
3.784119
3.971317
3.992847
3.990550
3.985059
3.913104
3.978445
3.985139
3.996723
3.997022
3.984176
3.987180
3.985457
3.984075
3.988008
3.992457
3.994943
3.993099
3.875724
3.942476
3.995152
3.971553
3.953539
3.964817
3.993729
3.989405
3.997137
3.997122
3.983226
3.982410
3.996492
3.955507
3.994413
3.989094
3.981419
3.995323
3.982560
3.981934
3.995609
3.918338
3.982620
3.996004
3.945258
3.990486
3.965173
3.903208
3.996520
3.873424
3.992776
3.991431
3.982347
3.818900
3.990405
3.996623
3.996393
3.975358
3.447159
3.974706
3.996364
3.996257
3.979109
3.872603
3.985632
3.982310
3.990332
3.978915
3.996076
3.995299
3.995318
3.771251
3.947129
3.959101
3.996890
3.970330
3.943285
3.921131
3.791485
3.727934
3.973077
3.989595
3.927475
3.994026
3.693976
3.995165
3.985968
3.906051
3.987053
3.989349
3.977298
3.978821
3.761078
3.947985
3.919152
3.995577
3.996204
3.984093
3.953358
3.984657
3.989567
3.994860
3.979396
3.996467
3.901837
3.922065
3.855120
3.884029
3.982733
3.814816
3.995559
3.957890
3.977564
3.981970
3.992478
3.990588
3.994403
3.980970
3.976893
3.940757
3.929868
3.943679
3.965865
3.995562
3.986549
3.964457
3.990843
3.885623
3.990903
3.768736
3.987160
3.978636
3.688514
3.900310
3.997097
3.993562
3.989342
3.972878
3.992024
3.988278
3.995814
3.964643
3.964784
3.980616
3.994776
3.955253
3.867384
3.996827
3.941223
3.965099
3.801178
3.986569
3.986376
3.966884
3.864741
3.982394
3.975737
3.981316
3.988199
3.987216
3.802741
3.988396
3.988431
3.973322
3.986477
3.978889
3.946547
3.994361
3.996870
3.990540
3.831068
3.985980
3.969934
3.983147
3.980201
3.994538
3.987498
3.968228
3.981548
3.995848
3.953944
3.948812
3.924648
3.963618
3.991596
3.879871
3.983960
3.986716
3.950502
3.991882
3.983194
3.993038
3.987446
3.916829
3.987782
3.994020
3.963782
3.926507
3.970988
3.992375
3.933803
3.854987
3.993592
3.981589
3.890132
3.887875
3.989168
3.909887
3.807087
3.990630
3.713407
3.971651
3.992521
3.915737
3.992665
3.985629
3.982951
3.813367
3.985453
3.938210
3.956269
3.924974
3.956425
3.979381
3.954104
3.980503
3.996227
3.993033
3.972591
3.993780
3.957321
3.990712
3.992227
3.640874
3.988752
3.796085
3.996632
3.700004
3.975528
3.996860
3.975825
3.843823
3.977704
3.994694
3.994518
3.993868
3.987821
3.985856
3.992043
3.970723
3.990492
3.992150
3.989869
3.987235
3.973677
3.976913
3.865373
3.996536
3.993388
3.930264
3.937600
3.952162
3.977523
3.904506
3.994087
3.965229
3.902181
3.976025
3.975852
3.898545
3.889066
3.914534
3.993269
3.950630
3.950515
3.935441
3.981735
3.970871
3.991944
3.991825
3.996593
3.961568
3.977347
3.995868
3.996745
3.989994
3.996416
3.974809
3.995805
3.987749
3.988853
3.935601
3.894565
3.980726
3.977377
3.832359
3.996806
3.989083
3.993280
3.928037
3.829355
3.904686
3.964316
3.993984
3.993625
3.953623
3.980343
3.963688
3.952560
3.962363
3.990785
3.926583
3.986740
3.985438
3.985342
3.894401
3.994964
3.979038
3.995323
3.994039
3.965954
3.992513
3.976365
3.799015
3.986292
3.976985
3.988645
3.966687
3.994801
3.967133
3.996320
3.939827
3.985274
3.984189
3.990396
3.989152
3.995168
3.946044
3.898436
3.961850
3.997021
3.993061
3.946042
3.958886
3.956526
3.953824
3.902795
3.875661
3.923118
3.932777
3.846268
3.996139
3.967581
3.903498
3.967788
3.965724
3.991921
3.864510
3.986299
3.986497
3.893360
3.992529
3.878538
3.976254
3.990788
3.981852
3.986001
3.987706
3.996339
3.877155
3.996040
3.957855
3.974208
3.984155
3.988215
3.987466
3.996689
3.986978
3.960051
3.994037
3.996511
3.990426
3.552792
3.971311
3.938707
3.978710
3.986933
3.961695
3.988265
3.835134
3.994539
3.982325
3.995866
3.984699
3.996006
3.992484
3.826182
3.923939
3.946003
3.962241
3.960241
3.991786
3.986326
3.997070
3.996213
3.987695
3.989031
3.996531
3.987250
3.981164
3.993067
3.992926
3.986081
3.992259
3.953845
3.903747
3.982019
3.993059
3.996381
3.992395
3.992130
3.964584
3.993346
3.996339
3.993662
3.996830
3.852358
3.993544
3.953936
3.976198
3.989386
3.985463
3.996348
3.973296
3.937245
3.933383
3.975994
3.989663
3.981471
3.981224
3.973539
3.958149
3.995259
3.969306
3.978909
3.990633
3.815422
3.980652
3.996928
3.917774
3.994725
3.995864
3.951791
3.657746
3.996392
3.992424
3.962581
3.983533
3.983297
3.989848
3.954775
3.977221
3.980931
3.960300
3.911708
3.996018
3.981458
3.956520
3.709442
3.995408
3.923272
3.996079
3.958809
3.988903
3.979469
3.500552
3.994175
3.984561
3.996769
3.995569
3.980615
3.982412
3.957319
3.996724
3.986065
3.986254
3.982271
3.867405
3.991401
3.698339
3.993573
3.985263
3.970184
3.996713
3.705287
3.996470
3.995472
3.979230
3.978400
3.991431
3.783674
3.995225
3.868255
3.994803
3.989095
3.894122
3.879234
3.988656
3.956712
3.996887
3.970787
3.980010
3.994817
3.461019
3.988937
3.992474
3.982079
3.994275
3.996900
3.997132
3.943566
3.997032
3.983575
3.993608
3.989707
3.993373
3.994938
3.904046
3.983330
3.992444
3.951511
3.994279
3.952532
3.990986
3.964866
3.996816
3.996781
3.965798
3.932780
3.995358
3.938223
3.995505
3.993582
3.995785
3.931188
3.996128
3.974549
3.996168
3.989309
3.993123
3.947560
3.986189
3.801326
3.991369
3.992868
3.995761
3.990738
3.995677
3.980965
3.991693
3.978031
3.835798
3.996942
3.988858
3.979518
3.983942
3.990850
3.974308
3.995800
3.994611
3.979974
3.972776
3.992967
3.993987
3.997021
3.989149
3.995462
3.972188
3.934380
3.987587
3.992506
3.986634
3.995593
3.960662
3.971691
3.954992
3.971339
3.821496
3.960691
3.974428
3.988660
3.996750
3.983111
3.979877
3.996350
3.981436
3.983423
3.984738
3.983067
3.990925
3.972585
3.988060
3.958557
3.964853
3.839589
3.982388
3.869778
3.995792
3.997028
3.994018
3.963719
3.924764
3.989062
3.923853
3.992616
3.994408
3.991475
3.992358
3.941106
3.759820
3.996777
3.977002
3.946632
3.993314
3.987707
3.984414
3.966365
3.891672
3.869951
3.944886
3.996940
3.995515
3.979513
3.989513
3.986142
3.964664
3.993894
3.996607
3.996818
3.709687
3.996666
3.976513
3.997105
3.996702
3.928103
3.990777
3.992238
3.982586
3.967366
3.803493
3.992633
3.997061
3.988448
3.977652
3.920773
3.985134
3.996447
3.971409
3.983875
3.978599
3.918397
3.879908
3.971741
3.930862
3.985784
3.974866
3.985024
3.977847
3.961242
3.918139
3.903297
3.995385
3.987256
3.994294
3.995922
3.995371
3.994532
3.973239
3.992463
3.947756
3.996454
3.914542
3.971977
3.991986
3.994925
3.993747
3.944709
3.995148
3.989033
3.989240
3.992525
3.989751
3.993169
3.992231
3.996497
3.875377
3.930401
3.975192
3.990932
3.986250
3.931208
3.996044
3.969016
3.978679
3.997045
3.997071
3.694228
3.989292
3.994650
3.981931
3.912900
3.797181
3.864919
3.945414
3.996926
3.996456
3.995076
3.984331
3.991195
3.980632
3.951658
3.865497
3.700996
3.994267
3.985968
3.954414
3.996532
3.997030
3.772732
3.987928
3.977985
3.997147
3.996414
3.993280
3.982655
3.996441
3.995230
3.882815
3.981639
3.965622
3.977217
3.996048
3.981433
3.996565
3.988495
3.986950
3.988574
3.962945
3.981385
3.953383
3.992716
3.893203
3.988848
3.976816
3.997147
3.980710
3.797502
3.996204
3.772201
3.996392
3.966752
3.981588
3.996775
3.973809
3.973466
3.960988
3.979208
3.970222
3.988349
3.981492
3.996265
3.959204
3.991115
3.844421
3.922346
3.997018
3.956071
3.993149
3.991962
3.995718
3.988235
3.987813
3.971901
3.913966
3.976051
3.996502
3.996276
3.925692
3.996282
3.981370
3.994586
3.809637
3.990936
3.943015
3.985477
3.934017
3.992839
3.989277
3.986779
3.988374
3.989340
3.985401
3.980751
3.987990
3.946166
3.930466
3.993883
3.988357
3.994255
3.946413
3.996852
3.987226
3.641723
3.849075
3.974716
3.977041
3.996893
3.928914
3.959405
3.992036
3.996663
3.989678
3.793079
3.990533
3.976072
3.991989
3.954091
3.976218
3.934383
3.996694
3.978516
3.991145
3.967927
3.971633
3.992701
3.982985
3.992550
3.983707
3.995384
3.990121
3.973334
3.805117
3.996732
3.601415
3.829658
3.994829
3.995146
3.963473
3.973450
3.993603
3.979230
3.918006
3.864186
3.952792
3.883300
3.925466
3.914989
3.996933
3.995435
3.984563
3.989226
3.934461
3.957441
3.995401
3.956573
3.991705
3.973808
3.983257
3.768253
3.764170
3.916206
3.996259
3.985505
3.996782
3.956229
3.977695
3.980371
3.996395
3.908760
3.941182
3.993064
3.991086
3.996446
3.986523
3.994542
3.993934
3.992962
3.996462
3.991556
3.996046
3.769674
3.984938
3.996880
3.990011
3.965734
3.987105
3.978881
3.992276
3.915349
3.989702
3.915372
3.949513
3.964791
3.953432
3.856227
3.991495
3.964404
3.890645
3.989713
3.871246
3.907927
3.832528
3.994515
3.955735
3.970179
3.905007
3.921594
3.995530
3.965569
3.992679
3.980676
3.785954
3.970027
3.977805
3.983478
3.906248
3.982300
3.980128
3.964377
3.943128
3.640119
3.991447
3.950833
3.941391
3.994352
3.984042
3.962648
3.996961
3.905851
3.993934
3.971614
3.996637
3.969385
3.994479
3.956841
3.994337
3.982392
3.996709
3.952333
3.988664
3.955994
3.818517
3.986871
3.982414
3.940064
3.748377
3.696363
3.996987
3.989918
3.906440
3.995097
3.991088
3.967708
3.972953
3.996757
3.965468
3.942824
3.991922
3.997033
3.983184
3.967176
3.966632
3.957731
3.888724
3.963023
3.947298
3.836328
3.993625
3.966792
3.971003
3.994356
3.985523
3.966864
3.997109
3.992835
3.994108
3.994351
3.996203
3.935180
3.980268
3.996237
3.957736
3.938268
3.996743
3.983410
3.990983
3.996854
3.996672
3.642027
3.942637
3.996996
3.946609
3.958206
3.993795
3.992579
3.987967
3.988368
3.965734
3.991745
3.996010
3.994901
3.972186
3.993676
3.980939
3.993397
3.985334
3.852709
3.970142
3.990077
3.996891
3.861368
3.997073
3.993456
3.966482
3.919265
3.944447
3.988225
3.890211
3.996913
3.989637
3.995732
3.984027
3.966464
3.975115
3.950962
3.995193
3.980311
3.996841
3.997062
3.992513
3.992314
3.992333
3.964961
3.859331
3.991307
3.821278
3.997192
3.996964
3.984389
3.969545
3.996612
3.932282
3.883368
3.988294
3.993257
3.961953
3.890573
3.956460
3.976609
3.984290
3.996486
3.997090
3.970189
3.987542
3.935463
3.916151
3.948288
3.952135
3.993783
3.988825
3.990395
3.996616
3.983898
3.995528
3.994456
3.967459
3.984142
3.986408
3.923360
3.958869
3.983709
3.993840
3.975147
3.989141
3.979691
3.994658
3.960978
3.995497
3.989273
3.993755
3.969686
3.938180
3.996526
3.992929
3.994348
3.939088
3.994848
3.996386
3.992154
3.995021
3.770628
3.987457
3.977070
3.828294
3.990233
3.985631
3.836021
3.985503
3.996807
3.996589
3.931305
3.993763
3.996613
3.991211
3.996898
3.900574
3.988898
3.975135
3.989424
3.968958
3.981819
3.996799
3.996535
3.912832
3.922469
3.993753
3.887605
3.991106
3.983986
3.993373
3.885183
3.793412
3.993415
3.913219
3.996228
3.979230
3.985108
3.982837
3.971283
3.921931
3.990951
3.974943
3.991362
3.967115
3.988537
3.953484
3.932090
3.965724
3.990354
3.971720
3.995561
3.985432
3.979181
3.980899
3.992154
3.873553
3.925769
3.993105
3.993682
3.990959
3.883311
3.985091
3.994062
3.989988
3.877873
3.940512
3.995613
3.995011
3.964893
3.994249
3.983896
3.991329
3.958441
3.923281
3.937179
3.992643
3.823984
3.891253
3.996694
3.707946
3.953348
3.994361
3.890407
3.964704
3.987868
3.993798
3.980842
3.991919
3.996729
3.989514
3.996138
3.912651
3.997101
3.985908
3.988949
3.977990
3.705923
3.939419
3.993972
3.996997
3.987684
3.970884
3.975541
3.988353
3.995759
3.990173
3.994756
3.847348
3.708365
3.944913
3.994185
3.996867
3.989312
3.966992
3.866479
3.996334
3.974356
3.980757
3.982416
3.949488
3.956034
3.818790
3.946959
3.935968
3.996143
3.995326
3.990075
3.970871
3.995121
3.631301
3.974471
3.995903
3.993429
3.996533
3.968758
3.992750
3.993036
3.871998
3.852487
3.996569
3.967859
3.995167
3.866963
3.993939
3.890307
3.990759
3.995942
3.985156
3.922985
3.991115
3.979829
3.980354
3.834751
3.970676
3.912574
3.990053
3.922741
3.991745
3.996696
3.984388
3.981584
3.967969
3.760149
3.991823
3.972178
3.812188
3.975079
3.996925
3.976775
3.563337
3.996219
3.985927
3.982840
3.993060
3.808891
3.990365
3.991351
3.990208
3.991324
3.926313
3.989465
3.985258
3.987631
3.993339
3.994406
3.983472
3.924854
3.990458
3.973414
3.899934
3.983941
3.986817
3.975005
3.865470
3.994273
3.984699
3.991837
3.969161
3.996288
3.995448
3.983762
3.995840
3.997136
3.989422
3.996298
3.991835
3.742493
3.874093
3.992412
3.987483
3.996203
3.844447
3.972192
3.993705
3.996693
3.996675
3.932979
3.971818
3.973331
3.977157
3.945559
3.996063
3.996179
3.989235
3.994777
3.933259
3.975934
3.992743
3.990687
3.882258
3.985168
3.896927
3.735146
3.932419
3.995129
3.974373
3.975523
3.931042
3.972227
3.995997
3.929131
3.964392
3.997105
3.991633
3.982072
3.986967
3.980849
3.996127
3.975816
3.964506
3.987400
3.765692
3.994606
3.956374
3.997117
3.966211
3.982280
3.997040
3.985712
3.556067
3.964993
3.979270
3.987449
3.993240
3.996488
3.855690
3.872228
3.987408
3.981301
3.995514
3.983583
3.973279
3.966670
3.982218
3.990981
3.992639
3.958394
3.937781
3.972219
3.991746
3.996658
3.974537
3.996608
3.989065
3.982010
3.995862
3.943723
3.996639
3.935054
3.993952
3.983937
3.784991
3.988122
3.896386
3.993719
3.954748
3.990532
3.884382
3.967057
3.933663
3.997021
3.942829
3.900561
3.956514
3.978961
3.994016
3.890171
3.974986
3.973134
3.939931
3.960298
3.903987
3.975232
3.961562
3.982614
3.994727
3.713896
3.966740
3.960976
3.993354
3.992609
3.976211
3.943293
3.926012
3.963560
3.981685
3.701624
3.964824
3.994751
3.802922
3.993342
3.996812
3.993878
3.962592
3.989256
3.968506
3.992633
3.977242
3.968654
3.891030
3.997037
3.990109
3.973076
3.972322
3.979395
3.972187
3.980854
3.996155
3.962759
3.987321
3.725427
3.945432
3.996239
3.996844
3.994471
3.969322
3.963178
3.986167
3.991204
3.994447
3.992521
3.960720
3.949315
3.826702
3.987114
3.964689
3.797912
3.985938
3.996899
3.994223
3.996617
3.983770
3.981113
3.929030
3.991262
3.895919
3.996299
3.985524
3.996730
3.976029
3.995995
3.991823
3.989036
3.881447
3.810352
3.995543
3.818611
3.981336
3.973581
3.962870
3.986961
3.958175
3.971924
3.989792
3.982741
3.902126
3.995952
3.992797
3.994962
3.967607
3.980868
3.993969
3.991089
3.994408
3.878173
3.948680
3.996091
3.996969
3.976493
3.959840
3.858211
3.981400
3.994442
3.991900
3.959676
3.989498
3.992765
3.987742
3.996499
3.991213
3.987035
3.981569
3.986113
3.996587
3.954092
3.899810
3.970593
3.894771
3.960082
3.993965
3.958983
3.981338
3.985521
3.967411
3.992542
3.997069
3.960689
3.991469
3.985479
3.969827
3.879493
3.924440
3.988762
3.982882
3.989850
3.970910
3.995582
3.993091
3.944431
3.996268
3.994824
3.896895
3.977457
3.987809
3.989527
3.824663
3.965545
3.994230
3.684064
3.971299
3.944086
3.993605
3.874851
3.959810
3.997045
3.988730
3.992224
3.995182
3.993243
3.972664
3.901127
3.992685
3.995748
3.983547
3.996195
3.965234
3.926820
3.991030
3.996853
3.995021
3.996089
3.995599
3.988200
3.991210
3.984760
3.989778
3.905684
3.959480
3.993240
3.787001
3.865974
3.988279
3.986766
3.948020
3.992681
3.953558
3.975735
3.672273
3.767012
3.981644
3.992410
3.995525
3.983209
3.987334
3.991227
3.860402
3.996886
3.970012
3.970548
3.820750
3.938663
3.930648
3.888003
3.995753
3.966243
3.923634
3.995696
3.987393
3.987356
3.996014
3.991689
3.915133
3.987798
3.996796
3.995112
3.992085
3.996701
3.965590
3.831353
3.962729
3.740600
3.867374
3.995899
3.969288
3.939803
3.995836
3.994372
3.996825
3.883088
3.937222
3.950054
3.636937
3.968275
3.993628
3.997096
3.975373
3.988300
3.947365
3.995322
3.992025
3.924503
3.962032
3.993790
3.992920
3.988949
3.978763
3.973356
3.996596
3.977961
3.979456
3.997184
3.976283
3.993360
3.938831
3.997271
3.773484
3.977066
3.995136
3.871873
3.963634
3.929895
3.995454
3.967144
3.991578
3.977166
3.971555
3.996168
3.946324
3.990916
3.983303
3.857477
3.969232
3.994725
3.997011
3.981951
3.930770
3.997085
3.948060
3.956339
3.986002
3.985495
3.995559
3.996873
3.980572
3.983111
3.990969
3.995757
3.910436
3.972000
3.996464
3.990715
3.976444
3.978746
3.997017
3.987402
3.985763
3.990460
3.924882
3.995647
3.986651
3.987559
3.996073
3.996444
3.974186
3.994151
3.987187
3.973448
3.895753
3.986238
3.957519
3.990683
3.908341
3.975450
3.996835
3.840031
3.836889
3.996955
3.979436
3.942207
3.981519
3.970537
3.996070
3.873868
3.996628
3.982153
3.975489
3.968248
3.993846
3.820138
3.867818
3.987894
3.990740
3.983935
3.969781
3.975488
3.986279
3.996704
3.997012
3.996483
3.900633
3.941795
3.993946
3.992017
3.932279
3.994948
3.987573
3.945595
3.984588
3.948100
3.994019
3.988330
3.987237
3.994585
3.995077
3.993482
3.995900
3.996578
3.995998
3.987827
3.973607
3.968854
3.996585
3.939290
3.941933
3.835407
3.991279
3.968975
3.993567
3.995248
3.914824
3.932615
3.970716
3.995595
3.992119
3.987471
3.986260
3.963526
3.995724
3.990050
3.970544
3.872005
3.911323
3.994724
3.964832
3.882672
3.989105
3.994550
3.971022
3.932368
3.996208
3.966092
3.976989
3.990229
3.834485
3.994681
3.943814
3.957428
3.973927
3.996612
3.982895
3.983718
3.990333
3.933041
3.825128
3.996158
3.965510
3.983039
3.986422
3.996310
3.988237
3.974280
3.985507
3.817958
3.949879
3.959816
3.980935
3.994622
3.957024
3.986531
3.875833
3.993163
3.904282
3.989781
3.981629
3.771508
3.983386
3.996716
3.987000
3.992703
3.990485
3.976045
3.978050
3.955258
3.997007
3.985207
3.996948
3.966180
3.969605
3.919984
3.985998
3.994891
3.853487
3.982532
3.967627
3.996310
3.994402
3.978563
3.783366
3.994692
3.987173
3.979722
3.971530
3.988778
3.988631
3.995875
3.917228
3.974841
3.981171
3.997044
3.938854
3.997075
3.972682
3.984742
3.991201
3.916385
3.921745
3.873407
3.938233
3.914061
3.994065
3.992828
3.846768
3.897508
3.996670
3.992982
3.879958
3.985036
3.984043
3.936520
3.996645
3.991096
3.996760
3.985360
3.985215
3.932787
3.993912
3.925527
3.991846
3.969799
3.821890
3.966587
3.996621
3.996892
3.995220
3.996445
3.994474
3.984957
3.976770
3.795611
3.934295
3.952860
3.966517
3.949818
3.979206
3.962275
3.994388
3.986446
3.951658
3.996935
3.972530
3.988426
3.972119
3.982596
3.852099
3.974920
3.983914
3.741539
3.995608
3.975888
3.977234
3.988770
3.907592
3.982042
3.994481
3.820440
3.994783
3.991827
3.995701
3.983683
3.911418
3.968590
3.833570
3.959076
3.861063
3.962890
3.988336
3.892941
3.899577
3.987455
3.914988
3.972689
3.972254
3.990377
3.992489
3.978500
3.870234
3.943332
3.996236
3.995141
3.996810
3.996561
3.929769
3.969178
3.996767
3.809975
3.995885
3.991665
3.996827
3.995297
3.985851
3.990942
3.919188
3.815729
3.996024
3.996539
3.992898
3.988309
3.916618
3.982787
3.762866
3.988201
3.990202
3.987617
3.902553
3.958041
3.964257
3.993293
3.990958
3.996359
3.975339
3.992729
3.991632
3.996628
3.981454
3.982375
3.929815
3.996361
3.939854
3.985989
3.971914
3.966195
3.965002
3.991537
3.957252
3.782263
3.970155
3.993405
3.995691
3.991056
3.991345
3.982707
3.959170
3.983594
3.996892
3.996717
3.990488
3.997130
3.975466
3.971411
3.979970
3.994459
3.968416
3.996280
3.995774
3.995780
3.988297
3.829702
3.987436
3.989742
3.927291
3.872706
3.914311
3.992397
3.995366
3.995627
3.993053
3.979076
3.994354
3.722133
3.975869
3.981283
3.949788
3.996243
3.980650
3.994561
3.982951
3.993953
3.971702
3.986703
3.988009
3.992071
3.987083
3.967351
3.983891
3.992480
3.969938
3.944886
3.955592
3.996689
3.995790
3.991646
3.988047
3.993300
3.874726
3.964798
3.993223
3.927976
3.968180
3.993892
3.853646
3.986348
3.969933
3.994991
3.996841
3.996244
3.950621
3.973787
3.980604
3.997032
3.990218
3.956081
3.994447
3.986668
3.996752
3.817202
3.991757
3.963841
3.986416
3.909333
3.984014
3.996496
3.991449
3.913112
3.990909
3.976740
3.972786
3.943163
3.991773
3.996564
3.991648
3.995720
3.987898
3.969876
3.733345
3.822283
3.988391
3.974360
3.926647
3.991337
3.996420
3.952645
3.990422
3.946524
3.989268
3.965932
3.959504
3.984385
3.992216
3.982176
3.959832
3.986737
3.997066
3.977935
3.987728
3.972601
3.878744
3.895946
3.971087
3.997092
3.952811
3.916908
3.995171
3.980203
3.956737
3.980632
3.996870
3.911715
3.951291
3.974446
3.993730
3.993775
3.994948
3.996373
3.994749
3.962533
3.992032
3.960530
3.987834
3.995160
3.800723
3.991539
3.974877
3.941636
3.996455
3.942076
3.959426
3.997052
3.990579
3.993779
3.651149
3.980405
3.995501
3.887538
3.990497
3.961065
3.985012
3.964295
3.939547
3.947538
3.820430
3.997061
3.987932
3.973776
3.991296
3.995410
3.997057
3.994823
3.918430
3.987149
3.985095
3.940572
3.993871
3.832785
3.958525
3.994478
3.968216
3.991580
3.995419
3.996887
3.941472
3.995036
3.996515
3.900846
3.995196
3.968160
3.961160
3.914913
3.997205
3.878325
3.894149
3.975227
3.955908
3.962321
3.991980
3.986041
3.807252
3.982943
3.987618
3.748020
3.985459
3.914233
3.992382
3.996531
3.978853
3.975902
3.995391
3.992049
3.991099
3.990580
3.996718
3.985234
3.987284
3.955139
3.967459
3.989816
3.995927
3.996898
3.983213
3.916150
3.984609
3.985905
3.995127
3.698383
3.993294
3.995195
3.993423
3.977877
3.950752
3.993548
3.960190
3.990292
3.965889
3.954099
3.933641
3.994624
3.984958
3.963196
3.984130
3.992843
3.987807
3.990727
3.997016
3.979392
3.996779
3.991533
3.849940
3.989904
3.889356
3.989351
3.986381
3.989560
3.888022
3.989965
3.992972
3.995233
3.981736
3.992670
3.973466
3.996400
3.996881
3.996324
3.987485
3.996264
3.989594
3.989975
3.940079
3.989181
3.990723
3.996525
3.986028
3.924377
3.910905
3.992057
3.951428
3.969834
3.996194
3.959934
3.989719
3.981706
3.972193
3.981895
3.976823
3.954538
3.846446
3.927436
3.995942
3.992921
3.989768
3.866236
3.996909
3.992820
3.923099
3.996531
3.991096
3.988422
3.959157
3.984895
3.980596
3.973441
3.940517
3.960414
3.969653
3.881970
3.948598
3.995948
3.995567
3.994563
3.961133
3.997174
3.902031
3.795440
3.991190
3.967520
3.991292
3.982548
3.955549
3.928641
3.995896
3.904935
3.957820
3.930251
3.969541
3.990921
3.877412
3.981204
3.986882
3.978079
3.996539
3.986752
3.993030
3.989406
3.994980
3.889289
3.972119
3.990940
3.992332
3.881887
3.993685
3.994335
3.977249
3.818674
3.747598
3.747179
3.991466
3.866384
3.916996
3.980328
3.936466
3.992554
3.928532
3.994181
3.983840
3.993647
3.978490
3.992617
3.967639
3.992369
3.988729
3.921110
3.927132
3.992973
3.986188
3.994894
3.899700
3.956502
3.981367
3.995780
3.993132
3.770901
3.991509
3.870511
3.930988
3.983782
3.949623
3.989053
3.968198
3.994838
3.955188
3.991120
3.992291
3.993677
3.982699
3.982135
3.984630
3.993003
3.970522
3.899133
3.992962
3.984693
3.940589
3.985911
3.977632
3.982316
3.849037
3.933603
3.995456
3.987423
3.969792
3.986697
3.900483
3.983998
3.884589
3.990152
3.986677
3.981662
3.993473
3.970807
3.986546
3.952380
3.980663
3.993897
3.989357
3.996447
3.994964
3.952894
3.966670
3.996847
3.947560
3.763839
3.975047
3.966808
3.941974
3.865758
3.988357
3.993141
3.955916
3.986283
3.925875
3.916218
3.801508
3.988255
3.940995
3.994742
3.984910
3.986607
3.989075
3.968793
3.988602
3.904429
3.992901
3.804523
3.983607
3.891244
3.988913
3.991779
3.750516
3.984333
3.994092
3.845578
3.965911
3.984525
3.987087
3.995656
3.993718
3.989253
3.985969
3.990568
3.973257
3.993354
3.995488
3.990144
3.978172
3.996265
3.994345
3.987535
3.893570
3.864448
3.987566
3.995798
3.994122
3.991788
3.972207
3.812507
3.669429
3.919803
3.988021
3.990503
3.990048
3.965086
3.992499
3.990242
3.973430
3.974467
3.984598
3.983192
3.991191
3.989091
3.989761
3.993717
3.980708
3.992148
3.874250
3.970838
3.976612
3.969885
3.993693
3.982096
3.996059
3.993293
3.991328
3.991462
3.986727
3.933108
3.983206
3.996539
3.978537
3.724802
3.986509
3.990283
3.994195
3.992827
3.980154
3.976788
3.990202
3.983595
3.990803
3.975720
3.986147
3.958794
3.898024
3.907548
3.985622
3.837898
3.997060
3.980115
3.898726
3.956401
3.991043
3.990935
3.647227
3.852807
3.987162
3.979319
3.996454
3.701567
3.996243
3.991734
3.995489
3.979079
3.979468
3.965709
3.993827
3.880155
3.997147
3.982774
3.947633
3.991429
3.988917
3.866263
3.965495
3.984527
3.990878
3.995651
3.857283
3.929257
3.899191
3.979409
3.990977
3.938908
3.990607
3.995405
3.838397
3.995208
3.988395
3.994124
3.995485
3.990903
3.937689
3.991523
3.996215
3.963288
3.970100
3.988756
3.987254
3.964923
3.968656
3.993573
3.996963
3.984992
3.989561
3.994057
3.992080
3.599822
3.996669
3.835841
3.968896
3.835891
3.980485
3.995756
3.892082
3.982819
3.982096
3.801728
3.995030
3.990970
3.902814
3.990994
3.990797
3.928794
3.977393
3.996782
3.906968
3.992863
3.975769
3.992045
3.997157
3.973713
3.881340
3.962213
3.983887
3.960633
3.984932
3.996646
3.989083
3.997112
3.913584
3.956395
3.935706
3.991416
3.996516
3.978475
3.934057
3.995241
3.990481
3.975059
3.996668
3.996908
3.877052
3.992699
3.992711
3.888490
3.992602
3.371146
3.995865
3.992620
3.829237
3.995310
3.991137
3.976160
3.765541
3.986454
3.983391
3.996023
3.966296
3.989094
3.978147
3.991151
3.980085
3.987002
3.987107
3.993414
3.992425
3.975247
3.904597
3.992605
3.890082
3.990062
3.994204
3.821755
3.986844
3.983320
3.984556
3.995494
3.968127
3.963314
3.947987
3.996591
3.992617
3.958333
3.679721
3.993616
3.991095
3.836619
3.991989
3.996665
3.903670
3.992144
3.991076
3.721324
3.996809
3.952167
3.981927
3.996333
3.865548
3.993867
3.982628
3.991068
3.966319
3.997087
3.799233
3.931299
3.971651
3.829064
3.969399
3.991129
3.992715
3.968260
3.947136
3.996823
3.976499
3.966590
3.979368
3.970710
3.926995
3.972137
3.996410
3.987124
3.975156
3.974393
3.991000
3.991761
3.996265
3.916804
3.979779
3.982651
3.931544
3.989554
3.995779
3.982818
3.968367
3.994580
3.980136
3.995169
3.996958
3.647451
3.928442
3.985389
3.996833
3.949223
3.997019
3.983415
3.989172
3.975355
3.991779
3.994691
3.982252
3.995172
3.996813
3.937186
3.968876
3.978609
3.986291
3.967463
3.776724
3.978340
3.983102
3.976519
3.982743
3.997007
3.922404
3.946645
3.987014
3.952790
3.844025
3.992013
3.981418
3.997073
3.981104
3.974498
3.966720
3.978032
3.989412
3.996814
3.987465
3.854035
3.920943
3.996712
3.982523
3.852467
3.885333
3.976979
3.996577
3.997105
3.979963
3.996706
3.988026
3.996068
3.925278
3.981683
3.922060
3.991766
3.986109
3.961080
3.923756
3.905208
3.995102
3.996810
3.880509
3.994160
3.996652
3.996737
3.996851
3.990290
3.993239
3.982062
3.986173
3.976919
3.952962
3.994207
3.975239
3.936511
3.974841
3.997020
3.992866
3.970007
3.993935
3.990830
3.956096
3.980824
3.958000
3.990283
3.970264
3.968315
3.996894
3.920193
3.995397
3.792301
3.995581
3.995984
3.684571
3.818887
3.879074
3.992432
3.996964
3.959866
3.912852
3.940543
3.993449
3.989559
3.989770
3.991532
3.987827
3.992614
3.953878
3.963722
3.967736
3.966843
3.997051
3.980972
3.996895
3.976702
3.993293
3.961803
3.996997
3.728145
3.934942
3.994508
3.994760
3.862568
3.816169
3.974377
3.985404
3.996682
3.985235
3.985622
3.964859
3.991123
3.948883
3.698687
3.979406
3.986267
3.809884
3.997091
3.904113
3.994833
3.967522
3.908719
3.983005
3.995535
3.937988
3.949225
3.977502
3.915462
3.995957
3.991504
3.996929
3.918841
3.709817
3.984286
3.991532
3.938405
3.995936
3.989176
3.980125
3.881626
3.984706
3.994463
3.946396
3.816798
3.967523
3.961016
3.994166
3.993582
3.947492
3.987227
3.996075
3.761895
3.925657
3.951916
3.983997
3.881384
3.936004
3.910154
3.963719
3.954085
3.858617
3.997049
3.818639
3.995875
3.765548
3.991625
3.986558
3.985113
3.990824
3.997041
3.986206
3.924997
3.882064
3.976183
3.968800
3.993190
3.979298
3.991269
3.994991
3.996631
3.984675
3.696542
3.922830
3.992022
3.985663
3.996885
3.984987
3.996924
3.988611
3.986254
3.996727
3.996307
3.903458
3.852731
3.986361
3.986972
3.981768
3.993439
3.858194
3.995467
3.963673
3.964057
3.948454
3.997050
3.986483
3.988077
3.984675
3.990275
3.995313
3.816851
3.982268
3.788577
3.989635
3.993502
3.987898
3.990862
3.948900
3.987737
3.997051
3.984496
3.704204
3.903384
3.996122
3.994597
3.826877
3.971464
3.996915
3.997072
3.981532
3.951866
3.991730
3.965511
3.921136
3.993673
3.993777
3.781547
3.996929
3.989885
3.985036
3.986938
3.986906
3.991856
3.938909
3.992638
3.967887
3.996138
3.996327
3.983177
3.996542
3.952358
3.996930
3.952415
3.993740
3.994296
3.995250
3.996831
3.983535
3.985677
3.949259
3.914750
3.608463
3.988444
3.995400
3.751723
3.995045
3.989540
3.909638
3.993721
3.969562
3.994857
3.994739
3.913944
3.994838
3.981404
3.983605
3.948128
3.968930
3.992757
3.979806
3.996072
3.977244
3.888439
3.942649
3.991795
3.934054
3.984489
3.988399
3.957487
3.958741
3.987209
3.996581
3.937701
3.973264
3.892663
3.985633
3.976846
3.987922
3.974432
3.943413
3.869990
3.962554
3.933452
3.869949
3.931144
3.956332
3.776288
3.922227
3.997005
3.836006
3.994831
3.987596
3.962950
3.941567
3.843497
3.820967
3.969115
3.975325
3.989316
3.989157
3.985212
3.986905
3.985889
3.984977
3.965101
3.929562
3.954466
3.845623
3.975366
3.966864
3.980348
3.960576
3.978004
3.991172
3.971205
3.897980
3.986004
3.979987
3.994750
3.985942
3.996094
3.980005
3.867226
3.980897
3.942631
3.996508
3.995539
3.990036
3.981715
3.983045
3.987691
3.933825
3.992942
3.994284
3.995883
3.845006
3.997038
3.995683
3.976375
3.961894
3.993425
3.864696
3.949232
3.947230
3.935004
3.988903
3.972780
3.996958
3.937489
3.996417
3.981002
3.983058
3.996139
3.983119
3.996236
3.926093
3.914791
3.837127
3.933759
3.995465
3.981440
3.973827
3.977428
3.988925
3.905409
3.981887
3.988398
3.978996
3.994456
3.907682
3.979253
3.995053
3.995730
3.848984
3.994576
3.647721
3.686519
3.944644
3.985640
3.961061
3.979334
3.982848
3.964834
3.983069
3.788385
3.996192
3.988948
3.904825
3.894298
3.994324
3.980470
3.994750
3.824864
3.897454
3.980732
3.990068
3.973061
3.983432
3.838611
3.994952
3.963980
3.982987
3.888250
3.978222
3.996638
3.793980
3.989520
3.996521
3.960284
3.784902
3.976185
3.861656
3.970381
3.996292
3.960756
3.984015
3.974772
3.981642
3.981543
3.948295
3.938132
3.984078
3.751516
3.972057
3.982112
3.985158
3.994153
3.996423
3.994095
3.962912
3.987686
3.861229
3.813347
3.984368
3.995904
3.977282
3.995668
3.972444
3.986423
3.987409
3.963973
3.963209
3.983772
3.947804
3.983391
3.980914
3.906497
3.954645
3.986203
3.955105
3.996428
3.993242
3.986510
3.989573
3.986737
3.980304
3.996674
3.997143
3.996476
3.981076
3.925989
3.978001
3.996890
3.994504
3.917727
3.984494
3.898757
3.969338
3.476696
3.977986
3.997088
3.995959
3.969551
3.951992
3.992274
3.972132
3.985371
3.996008
3.860898
3.996794
3.990096
3.996792
3.764146
3.992461
3.993410
3.965076
3.984838
3.738906
3.733251
3.995182
3.972502
3.987108
3.928200
3.769317
3.909748
3.993220
3.931074
3.994035
3.991964
3.988394
3.937019
3.989808
3.982030
3.990944
3.994884
3.993022
3.817920
3.982758
3.996742
3.990132
3.980383
3.987904
3.996568
3.994114
3.744653
3.994438
3.990614
3.997034
3.933565
3.996362
3.972901
3.778091
3.990128
3.994324
3.971527
3.987083
3.773239
3.991753
3.829771
3.959325
3.978694
3.972461
3.995170
3.978184
3.962803
3.997151
3.996338
3.982966
3.914612
3.964177
3.898343
3.899424
3.746153
3.721383
3.997088
3.980500
3.986882
3.824669
3.958776
3.976738
3.991524
3.992213
3.949706
3.937665
3.997016
3.959179
3.983700
3.996258
3.995291
3.997043
3.962527
3.971758
3.987182
3.996483
3.968445
3.940609
3.949308
3.936714
3.970183
3.990417
3.993292
3.996925
3.969636
3.991774
3.327533
3.994064
3.985254
3.780799
3.991101
3.977332
3.987288
3.978479
3.997139
3.990240
3.968033
3.986643
3.995902
3.996454
3.980624
3.984128
3.991443
3.993748
3.973960
3.986056
3.996179
3.957027
3.997045
3.982929
3.994818
3.858821
3.991155
3.979609
3.956476
3.984681
3.982136
3.996573
3.994442
3.971757
3.986961
3.923515
3.984184
3.991727
3.994736
3.981500
3.996690
3.993527
3.993307
3.811886
3.990750
3.949769
3.982708
3.984474
3.996423
3.987958
3.804951
3.879557
3.973108
3.879461
3.995921
3.996471
3.981540
3.937300
3.972514
3.986026
3.940216
3.869193
3.992190
3.995661
3.975703
3.980169
3.975875
3.990063
3.991220
3.996433
3.997002
3.996103
3.995859
3.987671
3.996358
3.988006
3.975737
3.990521
3.989205
3.996403
3.972562
3.946265
3.981955
