2.380000	50	0.100000	ARCHIVOS_REDES\ER\ER_745.txt
0.898729	7.593221
-9.999737
-9.931503
3.342720
-0.000010
9.999569
9.993671
9.999810
-9.988929
-9.999611
0.013901
-3.341915
6.004956
9.999906
9.999378
-0.000158
-9.999270
7.145826
0.000237
-0.000168
9.973661
9.999686
0.000265
-0.000354
9.998850
9.999016
0.000295
6.661115
9.999197
0.000366
4.984995
-9.999739
0.000349
-9.999300
7.568915
-0.000780
7.513684
0.000404
0.000256
-3.988510
3.381450
9.999639
6.642577
-9.999654
-6.665972
-9.999676
9.865025
-5.010536
0.000511
-0.000028
-0.000119
0.000224
9.992149
-0.000324
9.999326
-9.999542
9.999307
-9.999707
3.325134
9.987133
9.991302
3.333760
9.999283
3.342068
-9.999538
4.994228
4.917395
9.997272
-0.000334
-6.627325
9.999772
-9.995481
-9.999239
-9.971573
3.337148
-9.986820
-5.008852
-0.000383
3.339932
-6.673107
0.000187
3.341977
-0.000026
9.999349
9.999816
-9.999805
-0.000162
9.992692
-0.000227
-9.999866
9.999486
9.999118
6.665698
-9.994125
9.999388
6.619542
9.576889
-9.994151
9.166304
-3.253868
-0.000076
9.999541
-3.366487
-6.653915
3.333371
-0.000229
-0.000189
-9.999700
-9.999127
-3.342549
0.000404
9.999450
9.999010
9.999717
9.990795
-9.988400
-6.678530
-0.000330
-9.999136
-5.005078
0.003030
9.999357
9.999905
8.001549
-3.334340
-9.999068
-9.855643
-9.999662
9.999821
6.685497
9.999302
4.994010
-9.999863
-9.993209
9.999340
-5.009745
9.996842
7.500703
9.973572
9.999397
-0.001307
0.000058
-0.000363
9.998320
-9.991296
-9.263488
9.999985
9.998916
-9.999207
-0.000379
-0.000180
-9.999498
4.998920
-0.000033
5.020702
-9.974323
0.000132
9.999170
6.659837
9.608246
8.001101
-9.999498
-9.999025
0.000132
9.999129
-9.993950
-0.000251
9.999495
-9.998393
9.999780
-0.000963
9.997599
-9.987026
-0.000111
9.992833
-0.090476
9.974165
-9.985860
-9.981978
9.999525
-9.998787
-4.705431
-0.799770
-0.000063
0.000259
9.999920
-9.999041
6.634487
-9.999381
-9.996660
9.987104
9.986316
-6.667032
0.000232
0.000333
6.647999
3.334159
-9.974504
9.999656
-5.559328
9.999561
9.999712
9.999758
9.999507
9.999855
-9.999556
9.999160
9.999952
-9.999199
3.341273
-0.222375
9.991622
9.885400
-8.295326
5.730706
9.913577
9.997570
0.000125
9.999702
-0.000047
-9.683925
-0.000101
7.494775
-9.989175
-0.000197
9.987120
9.999400
-0.000025
-9.996497
0.000130
-9.991098
-9.999296
-0.000233
6.715522
8.586398
0.013555
9.788436
-9.999301
9.999370
6.631806
-0.000390
-0.000042
9.999270
0.000356
9.993851
-9.949478
5.037129
-4.999916
0.000450
0.000430
0.000960
-9.999475
0.000115
-0.416632
-9.999258
-9.999767
-9.998123
-9.999685
-0.000401
-0.000600
9.999799
9.999350
0.000454
9.999707
-9.998894
0.000083
-8.007348
9.999665
9.998437
-9.973993
-9.988009
0.000601
-0.000429
0.033496
9.986357
0.000378
9.999232
5.992426
-0.000155
0.005142
7.447061
9.999952
3.359191
-9.992653
9.987359
-9.996483
0.000256
9.990472
-9.998351
5.315494
9.999706
9.998836
-0.000029
-9.999002
-9.999593
-9.979254
9.998455
-5.069065
-5.027479
9.986608
-9.999689
-0.000173
-9.999161
9.998243
0.000037
0.000115
-9.995367
9.956317
9.998539
0.000157
0.071625
-9.999963
-0.000453
9.999768
4.077979
9.999898
9.999328
-0.000112
-9.999208
9.997578
6.668532
-9.999088
9.999878
-5.004991
-9.999576
9.997574
-0.000031
-9.999056
0.000253
3.355543
-9.999098
-9.999266
0.000173
-0.000099
-9.965276
9.999940
-0.000177
9.999789
5.990218
9.999988
-9.971536
-3.230764
-9.999840
-0.000184
0.000200
5.001254
-9.999012
0.000457
9.986973
-5.035109
-0.000182
-0.000443
-0.000046
-3.442851
-9.998726
9.986910
-9.976280
0.000376
9.974191
9.998841
9.997454
9.999683
9.998727
0.079769
-3.998891
9.973954
9.999364
-0.000041
0.000063
9.999191
-9.975017
0.000004
-9.837791
-0.000381
6.545810
9.987144
0.000048
2.004216
9.999633
0.000139
-9.999926
6.641824
-9.998232
2.307736
-9.998548
-0.001728
-0.000078
-9.990746
-5.000577
-0.000108
-9.999195
-9.999364
9.997333
-0.000041
-9.999424
-9.998208
0.000297
9.874843
-0.000207
-9.999427
9.999896
9.999237
9.999300
0.000040
-0.009062
-4.994629
-0.000109
-9.974354
-0.000069
9.990660
9.999353
-6.000155
-1.999502
9.999192
-3.393670
-0.000347
9.999496
9.975154
9.999914
-0.003800
9.999503
9.999595
9.999086
-0.000238
-9.997863
-0.000361
9.999838
6.657753
0.000308
3.333172
0.000031
9.999452
0.000138
-9.986077
9.999578
9.986471
-0.000365
9.974558
-0.000263
9.996322
3.336984
-7.495571
-9.999351
9.987156
9.999003
-9.998525
-9.999648
6.661105
0.000107
-9.992825
-4.995243
0.000383
-3.341533
9.999634
-5.088760
9.999650
0.000038
3.333131
3.341516
-5.997197
-9.998865
-9.999387
9.999758
-0.000370
-9.999546
3.333311
-6.667243
5.310352
-0.000276
-9.986815
9.999295
9.999526
9.987542
7.498947
-9.962335
-6.182943
9.999538
-9.998378
-9.998694
-9.999852
9.999634
-7.517914
9.980305
-9.999955
9.998740
-9.999580
-6.648836
-7.488247
-8.036564
9.999620
0.000363
-6.004615
0.000405
9.999431
-0.000297
-4.963571
3.333552
9.974075
-9.999525
-8.771020
9.999973
-0.000214
9.999317
-9.999481
9.999563
-9.999331
-0.000218
-0.000165
5.004699
9.999366
9.999882
-0.000226
-0.000029
9.998192
-0.000061
9.999430
-3.333179
-9.999367
0.000348
9.999923
0.000334
-0.000051
9.999256
0.000210
-9.998925
-6.736980
9.999829
9.999658
9.999360
-9.999825
0.086760
-3.236989
9.998767
-7.496639
9.999445
9.999953
6.537533
9.999593
5.294407
0.000170
-0.000222
9.999522
-9.998484
9.997590
0.002119
9.999172
-4.828613
9.999375
2.032608
9.999078
0.000262
-2.823723
8.328991
9.999238
-9.974263
0.000197
-3.345583
9.999875
-6.676667
-3.341705
-0.000074
9.999464
-2.060718
6.660165
-9.999423
0.000424
-0.000117
-0.000288
6.672059
-3.341881
9.643127
9.999956
0.000029
9.973849
-9.999739
3.341475
-9.999425
-5.015035
6.682992
9.999791
9.986328
0.000376
9.999470
-0.000429
9.999841
-3.329661
-9.999413
-0.006721
-0.000388
9.996842
-9.999268
3.341308
-9.998927
9.999470
-9.892105
9.999440
-3.333178
-9.989137
-4.994766
0.000072
9.999198
-0.000289
-0.000301
9.999356
-3.333424
-9.999426
3.334114
-9.999647
9.999418
-9.999367
0.000168
9.999367
9.999793
-9.995573
-9.999566
-0.000192
-9.999181
9.974412
9.999554
-0.000206
9.999777
-3.341071
-7.501916
0.000060
9.999675
-9.999611
-0.000298
9.999708
-9.999105
-9.999640
-0.000534
-9.995333
9.975455
5.173581
-5.991347
9.999195
5.008813
0.000083
0.003750
-0.000439
-9.999608
0.000196
9.999330
9.868573
-9.999715
6.708186
9.989401
0.000167
0.000263
9.999130
-9.999953
3.341185
-9.998210
9.999418
-9.999519
-3.964235
-6.632611
0.000297
0.000019
9.999856
-3.341552
-9.999639
9.999078
-9.941418
9.999460
-5.820714
6.656208
9.997489
9.993121
-3.334268
-0.000213
-9.999765
9.999110
7.498787
0.000171
-6.668282
9.998467
9.990742
-9.999467
-9.999676
-9.999756
0.000346
-0.000136
9.828301
-9.999442
-0.000451
-9.999517
9.999099
4.899174
0.000456
9.999253
9.999727
-9.999244
-0.000311
9.630465
9.999304
0.001402
-0.000106
-9.997461
7.500350
-0.000362
-9.999922
9.999858
9.986977
3.335402
5.040325
0.000039
-9.999768
0.000361
-4.993720
-5.000439
-9.987120
9.998758
9.948219
-9.999193
9.844034
3.231188
-9.670989
-0.000237
0.000162
6.670007
9.999858
9.999499
0.000105
9.998811
-9.999920
-4.958311
9.922680
-0.000427
9.989668
-7.968312
9.993380
4.996398
4.993900
7.488103
-9.997853
9.999213
9.999220
-2.343275
9.834840
-0.000118
5.005724
0.000305
3.328677
-0.000216
0.000150
-9.999119
-0.000115
3.356012
7.499961
-7.498941
9.790506
-3.333355
6.649922
9.937469
-0.000031
9.982818
0.000066
-2.428026
0.000239
-6.662536
9.826724
0.000093
-9.999519
-9.999430
3.332798
9.999553
-9.981023
9.998002
-9.998106
-0.000434
-0.000217
-3.341342
9.998806
9.999236
-0.000315
0.000230
9.999408
-9.820351
9.986736
0.000002
0.000066
9.999602
0.000091
0.000215
-0.000411
9.995885
9.999670
9.999112
9.999684
-9.999427
-0.000418
-0.000116
-9.999302
-0.000212
9.858729
9.999698
-9.992663
2.059436
-0.000336
9.823736
9.999725
-3.451628
-0.000348
0.000269
-9.898222
0.000254
6.011512
-9.999270
-2.317413
5.088696
-3.446273
-9.989194
-3.341145
9.966472
-0.000425
-9.998897
9.999414
-9.999642
-0.000296
-0.000020
-9.999408
-0.000178
9.998352
9.999905
-6.930228
7.992677
-9.981307
-9.999518
-9.132408
-9.999495
0.001191
9.999172
-9.999134
9.999441
-0.000179
9.985709
-4.996569
-9.689650
0.000388
-4.996323
0.014092
-9.999693
9.997798
9.999895
-6.657612
-6.646513
6.001434
0.000324
-0.000229
-9.952342
-5.005188
9.999065
9.999122
-9.999060
-9.999109
-9.999824
9.999813
-3.967968
-9.999373
9.999824
9.998830
-0.000451
-9.999092
-7.492066
-0.000410
0.000046
-9.999495
-0.000361
4.289566
0.005728
5.873693
9.999866
0.000203
9.999491
-4.999446
-9.999570
-4.999959
-6.647756
-9.881364
-9.999210
9.999894
-9.999028
5.999603
9.999594
-0.000361
0.000190
9.999305
9.999484
-0.000010
4.998939
6.683871
9.999574
6.696090
9.999675
-9.999725
9.999766
-9.979073
9.985863
-9.999863
9.999725
-9.999889
9.999355
0.161181
9.999486
-9.999294
-4.972139
-4.987707
9.999879
9.999891
3.333249
0.000113
9.999827
-9.997977
5.016779
4.894047
9.989911
-3.341282
-6.671393
9.973873
-5.005939
-5.016825
9.867317
4.996137
9.999153
5.083214
5.920908
0.000151
-9.999238
9.999432
9.993015
0.000328
-0.000219
-0.000267
-5.012984
-0.000008
-9.997235
-9.999330
0.000244
-9.974783
-9.927385
9.996790
-9.990786
6.723032
0.000282
0.000290
-9.999151
-9.999645
-9.999571
-9.996319
9.999119
0.000110
9.999736
9.999469
-9.992845
9.986539
-0.000006
-0.000228
-0.000001
-5.024439
0.000124
-9.997904
0.000368
-0.000417
5.379039
-6.636495
-9.999396
-0.000389
0.000396
9.999509
3.333913
9.999514
-9.080558
9.973972
0.000224
9.999978
-9.981413
-9.999526
-0.000151
-9.999095
9.986438
9.999936
0.002979
9.830717
-0.000314
9.984102
-3.752371
-0.000421
-5.942074
9.998471
9.994453
3.691113
9.999913
9.999594
9.999418
9.998838
9.999498
-9.999882
5.006272
