2.497000	50	0.100000	ARCHIVOS_REDES\ER\ER_746.txt
1.266454	7.870258
-9.999972
-9.991551
-7.500740
9.999960
-3.341374
9.999947
9.993255
0.000030
7.146955
-9.999998
0.000025
0.000028
-9.996425
9.999938
0.000007
9.974477
-3.234775
0.000011
-0.000037
8.006273
9.999941
-9.974968
9.994021
9.999974
9.987449
9.999824
9.988913
-9.999984
9.999933
9.991167
6.644829
-9.993179
-9.996057
6.689059
9.999943
9.999559
-9.999037
9.990391
9.999962
-3.258120
9.999959
-9.998706
9.999847
-9.999974
-9.999602
-1.833229
-0.000016
9.999967
0.000010
9.999946
-3.333636
-9.999924
0.000009
-9.974967
9.999990
-9.999988
9.999997
9.917251
-9.996440
9.999568
9.999903
6.667639
-0.000027
-3.325143
-0.000019
9.999983
9.974576
3.333336
7.999320
9.999172
9.995050
9.999950
9.999615
-9.999971
-0.000028
9.999937
-9.970244
0.289395
0.106243
9.991580
-6.662318
-9.999942
-9.999930
-9.999587
-9.999994
9.999962
9.999987
9.999973
9.999735
3.479144
-9.987466
9.987258
9.999996
-9.999910
-0.009156
9.999957
5.084455
0.000012
-0.000371
-9.999958
-0.000004
9.999977
9.999932
-9.999877
0.000034
-9.999958
0.000016
-9.999024
-9.984305
-3.334756
-9.999898
4.996265
-4.998180
3.342881
-0.000009
0.000027
0.000031
-2.264318
9.997923
9.996911
0.000028
9.999975
9.999957
-9.999956
9.999911
9.999835
9.992617
9.999946
-9.997689
9.999930
4.013435
9.999969
3.341635
0.000005
-0.000013
-4.903814
-0.000014
9.999919
9.999966
-9.999958
0.000036
9.999901
-0.000026
9.999977
-9.999932
-3.341719
9.990077
-0.000028
-9.999985
-9.987013
9.987412
9.999958
-9.999690
-9.999940
0.000028
-0.000019
-0.000037
-9.990399
-0.000007
0.000025
9.999910
9.999162
8.183300
-9.974597
-9.999985
4.993291
-9.999989
-9.983473
9.999985
9.999768
9.999902
-9.999724
9.999962
-9.999983
-1.994390
-9.999925
9.994530
9.997981
9.999941
-0.000001
9.999973
-9.999990
-7.999199
-9.994761
-9.987259
9.974517
9.999840
-6.669212
9.999103
-9.999999
-0.000034
9.999977
9.999658
-9.962532
9.999019
0.000014
0.000015
9.999281
0.000037
-9.999992
0.000021
-6.667690
9.999775
0.000019
8.744041
9.999957
-9.999938
-9.999973
-9.999983
-0.000014
-9.875708
9.995976
-9.987414
-9.796479
9.999913
7.496919
0.000360
9.997955
-9.999960
0.000411
9.999965
9.999921
-9.334698
9.984019
-9.999653
-9.999960
-9.999994
-0.000019
-0.000015
-0.000013
9.999982
-9.635761
0.000023
-3.993495
3.341615
9.991627
9.999964
-2.000287
0.000459
-9.971254
0.000035
9.985511
0.000011
-9.996554
-9.999948
9.999986
-5.922694
-0.000011
9.999957
3.341821
-9.999994
-0.000032
3.381478
-9.999897
9.999926
0.000036
9.993991
-0.000004
9.993432
9.979903
0.000451
-0.000033
9.999958
9.999976
9.998907
9.999953
9.999927
-0.000020
9.999948
4.998830
-3.332078
-3.333348
0.003379
-9.999963
-8.046966
9.999944
3.341662
-0.000016
9.999986
-0.000029
9.999933
-9.999997
0.000022
0.000000
9.974565
9.999911
-9.996068
9.999966
9.999754
-9.997789
9.993678
5.001694
-3.333121
-9.999961
-3.335496
-9.974069
0.000005
-9.999973
8.000137
-9.999990
5.743773
0.000443
-9.999974
0.000022
9.999988
3.341658
5.002951
9.999677
9.999961
9.999996
-9.999932
9.993663
-9.987009
0.000003
-9.999972
0.000017
3.341753
-9.999960
9.999598
9.999977
-9.969225
6.000085
-9.999941
6.497118
0.000031
-9.999808
-3.341663
5.246196
9.999929
-0.000002
9.999021
-4.997524
9.998623
-4.999555
9.999930
9.999947
-9.999902
-0.000020
9.999949
-4.998339
-0.000036
9.999953
0.000017
-9.996291
-9.972161
9.999954
9.999822
6.004019
-0.000035
-9.999987
0.000010
-9.976244
-9.999958
9.996869
-0.006556
9.997570
-6.679862
-5.003304
9.713580
-9.999865
9.997977
-9.999957
0.005339
-9.998295
9.999957
9.974960
9.996713
-0.000024
9.729824
9.959310
-3.341679
-0.000006
9.999970
6.666391
-9.999979
-9.987064
-9.999089
-5.006072
-9.987085
5.068221
-0.000030
4.998727
9.999982
0.000025
-9.999951
-9.781063
-9.999967
0.000031
9.999660
-9.999021
3.336391
9.997326
-5.002377
9.999947
9.999994
0.013633
9.999853
-9.999946
-9.999950
9.999629
9.999935
-0.000009
-3.330287
-9.817968
-0.000022
9.999743
9.703963
-9.999907
9.999977
0.000008
9.999504
-5.000136
3.506590
9.993565
-0.000030
9.999965
-9.999543
9.999990
-0.000001
9.999641
-2.004981
9.999251
-9.999935
0.000006
5.000082
-3.220175
3.333365
-9.786886
0.000022
5.161241
9.999988
9.999990
9.999845
9.999946
-0.000005
4.998695
-0.000009
-9.779852
9.975086
-9.999962
0.000022
-9.999968
-9.910731
-9.986489
-5.768828
-9.987253
9.999944
4.998572
-9.974969
8.000519
-3.334192
9.999157
9.999975
9.999963
9.996788
-9.991282
0.000029
0.000035
-9.999658
9.999969
9.993712
-6.666531
0.000002
9.999958
-4.999009
0.000426
9.921944
9.987427
0.000438
9.997478
5.089842
9.993930
9.999949
-9.998690
-4.993912
-9.999952
9.999954
-3.278228
-9.999944
-9.999963
-9.999086
-8.028088
-5.006293
9.995184
9.999964
-0.000008
6.534396
-0.000027
9.999990
-9.999949
9.999917
0.000023
-0.000008
9.999786
9.996826
5.089795
9.999312
5.006449
-9.999928
-9.999652
9.999632
6.680693
0.000014
0.000007
-4.998912
-9.990271
-0.000007
-4.911166
-7.839355
9.999840
9.999973
-3.341674
-0.000031
-9.999068
0.000006
9.999934
6.670420
9.999891
-0.000008
9.999920
9.999906
-9.778183
-6.002954
9.993624
-9.983014
9.987018
-9.999980
-0.000027
-4.997959
-0.000037
-9.999942
4.994115
9.999898
9.989614
-9.999953
9.999030
6.668857
-0.000464
-9.988109
5.000210
9.999050
9.990652
6.001029
-0.000404
-9.999979
9.999962
-9.999982
-9.999899
9.999856
5.008533
-9.987473
9.983180
-9.964657
9.975126
9.999989
-5.030870
-0.000008
6.716903
7.853818
9.633454
7.513494
9.999941
-0.000001
6.666961
-9.972607
-4.998533
9.999309
0.000031
9.999964
-0.000035
-9.999950
-9.999934
-9.334714
9.999937
0.000004
0.000032
-5.000095
0.000012
9.994449
9.999422
-9.999816
9.999947
-9.999909
9.999992
6.666246
-1.723697
9.999999
9.999927
-7.500168
-9.999936
5.075550
0.000035
-7.495367
-9.990985
-9.999928
-3.333382
-0.000006
9.999908
-9.999927
-6.658239
-9.999531
9.999942
-9.999395
-9.975022
9.991459
9.999986
-3.333361
-0.000036
3.332201
9.999924
0.000037
-0.000034
0.000233
9.999944
9.987232
-9.999831
-0.000019
-3.341661
-9.999997
9.720753
-9.999950
-9.999688
9.999970
-0.000000
7.922030
-0.002459
-2.251328
-0.000007
9.999976
5.090898
-9.999999
9.999958
-3.346754
-9.999930
-9.999955
9.999957
7.499806
-0.000085
9.999930
-9.999939
9.961618
9.987438
3.341663
9.999945
9.999929
0.000024
9.978781
-9.999963
-5.000030
-9.898221
-9.999036
-9.975012
9.999988
9.999928
-0.000017
0.000000
-3.993158
9.999992
-0.000034
9.999966
-9.999943
9.999994
7.995896
0.000026
-9.999966
-0.000025
0.000201
-9.666900
3.341230
9.999196
9.999713
9.999991
-9.987442
9.999789
-3.341665
0.000019
-4.999389
-9.997505
0.000014
-0.000028
9.999947
9.999811
-0.000036
-9.988091
-0.000003
0.000015
9.999941
-9.999039
9.999927
-9.999960
-0.000029
-9.999818
4.066402
9.999755
3.333649
0.000012
9.991589
-0.000319
9.999737
0.000036
9.971517
9.999038
0.000192
0.000026
-1.993908
0.000009
9.999948
0.014954
9.999580
-5.008263
-3.139252
9.987392
0.000200
9.999928
5.000286
9.999943
0.000446
3.451811
-6.669594
-9.999787
-6.000865
0.000017
-5.006378
0.000030
9.999990
9.999946
0.000025
3.333187
9.999998
-4.999811
5.000028
9.996317
-9.985677
0.000001
-9.999456
-4.995472
-9.999951
9.999771
4.281887
0.000023
-9.999921
-9.998319
0.000012
-0.000033
9.999930
-9.999892
9.987269
9.999898
-0.000020
6.665981
-9.999989
5.998833
9.999581
9.999965
-8.000256
-9.999623
-9.999064
-9.999762
9.999955
-9.999901
0.259867
7.998590
-6.005068
7.194632
9.999959
-9.993574
-9.974968
0.000006
5.006076
-9.999964
-4.999931
0.000014
9.999876
-0.000022
0.000008
3.333432
9.995122
9.975127
0.000025
-9.999940
9.990979
-0.000837
-9.999697
9.999069
9.999904
0.000036
3.341579
-0.000032
9.914801
-9.997517
-6.659078
-7.984944
3.225967
-0.000002
9.999975
-0.000023
0.101715
6.028812
-9.991141
0.000018
9.999925
-9.999960
9.997513
-9.999886
9.999958
9.998885
9.999659
-0.000476
-9.999956
9.999977
7.500149
7.499926
9.999537
-9.999972
0.000027
-9.974979
9.999908
9.999954
-7.994229
9.999971
9.999916
9.989861
9.999670
9.999911
9.999950
9.999929
9.999974
0.000028
9.999961
9.999681
7.524542
9.997945
3.333664
9.999968
-9.999980
9.999959
0.015026
9.999119
9.999996
3.404349
9.999982
5.008183
-9.999985
9.999950
9.999973
9.999832
9.993979
9.999921
9.999933
-9.987250
-9.999927
-6.665317
-4.978868
9.999957
9.997575
9.996207
-3.575653
-9.999987
0.007402
-0.000016
0.000031
-9.999847
-9.999959
9.991649
9.996721
9.999479
0.000037
-9.999940
9.999945
6.666206
5.085974
0.000017
0.000032
0.014597
-1.889008
-9.999923
3.341645
9.999936
-9.999532
-9.999642
0.000004
-9.999922
9.999997
9.999914
9.999055
9.999951
9.999963
6.715260
-9.999917
3.336568
-6.005057
-0.000008
3.344041
-9.999513
9.999980
-0.000014
0.014847
-3.239212
-3.326215
-9.999922
0.015039
9.999985
3.333364
9.999993
-6.253761
-0.000004
8.330921
9.999962
9.999952
-9.999820
-9.927719
0.000003
9.999969
-9.999983
-0.000001
-7.137991
0.000033
9.999059
9.990640
-0.000006
-0.000467
9.999881
9.999947
0.000013
8.333846
9.999961
-10.000000
5.072243
-9.893438
9.981968
-0.000022
-0.000013
9.989542
0.000022
9.989879
5.004584
9.883395
4.999329
9.999967
-0.000022
-0.000029
0.000012
9.999974
-9.999952
-9.998698
0.000032
-9.999849
9.999968
-0.000031
6.691319
-3.341771
-0.000002
-9.991457
-0.000019
9.999768
-9.999989
9.987475
6.666666
0.000028
0.003015
-9.999896
4.372052
-9.999651
5.107662
9.999928
7.995414
-9.991477
-0.000008
-9.999495
9.999754
-0.000032
-3.272580
0.000027
6.657240
-9.999986
9.999943
0.000001
3.341652
9.996369
-0.000002
-9.999905
9.999807
0.000036
9.999958
-3.333709
-9.973733
0.000022
9.990804
-6.667577
9.983186
8.773964
9.999979
-9.974529
-9.809408
4.999969
9.999940
9.999504
-7.499581
-9.999998
