6.918000	50	0.100000	ARCHIVOS_REDES\ER\ER_794.txt
-9.821081	0.210349
-9.988603
-9.829710
-9.969131
-9.878816
-9.780849
-9.945192
-9.799966
-9.879201
-9.883015
-9.799805
-9.471673
-9.942447
-9.989721
-9.860784
-9.924991
-9.835274
-9.650271
-9.934616
-9.949751
-9.577265
-9.961235
-9.965776
-9.885652
-9.939618
-9.956700
-9.787572
-9.980280
-9.819019
-9.898006
-9.951752
-9.923273
-9.876729
-9.838311
-9.862713
-9.770464
-9.960578
-9.965346
-9.966729
-9.989023
-9.944887
-9.774563
-9.678116
-9.814084
-9.870729
-9.837238
-9.918851
-9.906258
-9.754419
-9.619616
-9.975860
-9.914328
-9.632706
-9.810185
-9.993378
-9.945485
-9.979641
-9.532796
-9.781850
-9.952885
-9.961023
-9.847302
-9.771241
-9.937048
-9.987785
-9.905554
-9.963769
-9.799566
-9.765377
-9.924395
-9.902008
-9.781813
-9.847863
-9.896185
-9.991161
-9.938280
-9.934218
-9.751509
-9.944775
-9.667881
-9.823216
-9.800129
-9.945017
-9.990301
-9.837140
-9.921538
-9.889641
-9.540058
-9.972708
-9.274776
-9.835229
-9.709028
-9.870375
-9.984962
-9.824784
-9.787262
-9.967370
-9.980319
-9.611395
-9.715671
-9.933022
-9.843999
-9.831532
-9.912986
-9.145238
-9.914372
-9.923346
-9.933259
-9.950586
-9.968163
-9.992671
-9.891162
-9.950099
-9.724562
-9.989134
-9.982077
-9.849824
-9.509341
-9.969750
-9.439108
-9.712323
-9.961360
-9.900478
-9.992043
-9.966805
-9.732282
-9.908009
-9.855790
-9.801746
-9.364226
-9.835457
-9.933906
-9.950870
-9.384406
-9.124597
-9.785371
-9.926513
-9.526101
-9.730861
-9.703136
-9.950875
-9.947622
-9.796980
-9.960991
-8.800484
-9.789816
-9.567161
-9.940401
-9.899054
-9.612927
-9.692984
-9.849011
-9.875447
-9.966411
-9.781090
-9.668571
-9.750785
-9.779000
-9.905693
-9.792224
-9.874069
-9.837331
-9.887231
-9.931949
-9.942575
-9.841860
-9.719588
-9.998993
-9.889355
-9.863349
-9.971518
-9.952542
-9.977804
-9.761368
-9.451927
-9.902249
-9.948381
-9.986404
-9.985221
-9.858843
-9.997832
-9.828538
-9.998029
-9.566155
-9.996025
-9.871196
-9.445053
-9.990960
-9.844396
-9.984679
-9.520911
-9.510955
-8.554108
-9.832359
-9.931998
-9.459261
-9.603047
-9.437263
-9.765010
-9.921482
-9.981178
-9.988462
-9.960920
-9.986181
-9.916836
-9.557841
-9.950611
-9.954204
-9.523464
-9.975926
-9.918961
-9.108873
-9.992920
-9.948945
-9.416506
-9.989115
-9.579912
-9.751533
-9.836991
-9.825072
-9.995343
-9.926542
-9.808946
-9.946748
-9.904551
-9.849465
-9.684788
-9.967701
-9.809518
-9.677141
-9.362151
-9.953628
-9.827516
-9.934728
-9.966041
-9.909655
-9.632054
-9.938580
-9.955839
-9.983061
-9.751062
-9.459525
-9.943815
-9.923570
-9.645336
-9.909541
-9.221658
-9.927939
-9.994077
-9.441831
-9.877466
-9.288972
-9.989279
-9.985191
-9.847429
-9.945309
-9.932168
-9.944320
-9.869917
-9.947929
-9.923679
-9.463410
-9.963185
-9.237576
-9.939697
-9.516910
-9.925990
-9.469960
-9.940762
-9.782063
-9.893294
-9.993972
-9.862436
-9.292704
-9.738354
-9.879357
-9.861277
-9.964669
-9.980622
-9.842601
-9.937477
-9.903095
-9.857678
-9.872967
-9.931555
-9.912891
-9.949738
-9.816643
-9.839799
-9.991793
-9.758210
-9.963148
-9.924152
-9.979609
-9.682499
-9.982092
-9.990116
-9.923945
-9.545416
-9.965502
-9.960876
-9.952031
-9.806837
-9.929292
-9.951203
-9.899327
-9.913948
-9.986101
-9.828777
-9.544098
-9.604608
-9.694888
-9.987321
-9.814967
-9.945477
-9.763609
-9.935985
-9.919981
-9.973243
-9.938175
-9.982251
-9.933143
-9.936072
-9.878865
-9.885833
-9.965375
-9.748705
-9.944009
-9.663285
-9.941374
-9.765887
-9.865611
-9.165406
-9.863975
-9.851639
-9.761175
-9.831843
-9.909077
-9.994545
-9.986154
-9.506475
-9.727168
-9.947346
-9.976703
-9.927232
-9.861528
-9.989166
-9.904191
-9.859997
-9.705186
-9.895823
-9.962597
-9.687834
-9.716574
-9.984464
-9.801703
-9.955989
-9.783013
-9.851036
-9.920400
-9.937285
-9.957579
-9.895678
-9.969789
-9.987101
-9.805468
-9.967917
-9.622409
-9.921283
-9.715018
-9.759845
-9.949216
-9.963778
-9.989277
-9.986915
-9.906607
-9.950293
-9.977322
-9.208160
-9.906155
-9.930570
-9.519059
-9.840131
-9.994629
-9.969920
-9.546481
-9.591841
-9.644367
-9.934867
-9.984656
-9.771779
-9.881158
-9.979911
-9.882786
-9.770892
-9.991842
-9.994978
-9.760456
-9.777989
-9.803085
-9.506398
-9.980809
-9.918898
-9.918517
-9.809024
-9.867377
-9.786931
-9.955041
-9.893731
-9.865845
-9.961225
-9.966302
-9.809565
-9.284732
-9.978297
-9.955938
-9.549840
-9.962695
-9.636438
-9.336795
-9.993249
-9.910752
-9.934688
-9.972187
-9.638654
-9.987853
-9.296254
-9.893620
-9.889692
-9.669158
-9.699247
-9.928010
-9.611791
-9.645122
-9.925704
-9.970959
-9.739699
-9.872157
-9.927521
-9.903405
-9.760777
-9.846578
-9.918417
-9.937790
-9.993923
-9.898938
-9.775754
-9.652239
-9.935957
-9.878327
-9.753640
-9.617197
-9.849504
-9.751024
-9.957151
-9.950539
-9.648521
-9.719376
-9.832653
-9.959802
-9.971208
-9.102876
-9.993051
-9.979344
-9.673847
-9.743238
-9.844813
-9.999119
-9.929186
-9.937733
-9.567822
-9.919478
-9.967723
-9.941743
-9.480930
-9.976428
-9.935137
-9.975334
-9.966793
-9.849961
-9.749288
-9.985377
-9.354572
-9.750607
-9.728330
-9.738031
-9.938420
-9.959672
-9.774821
-9.941489
-9.913256
-9.871491
-9.615833
-9.902313
-9.937828
-9.993111
-9.896390
-9.456845
-9.890572
-9.795320
-9.302202
-9.822752
-9.613973
-9.704849
-9.833253
-9.968287
-9.292474
-9.966104
-9.600048
-9.990712
-9.883378
-9.972114
-9.977154
-9.940678
-9.926859
-9.921521
-9.616394
-9.883818
-9.831735
-9.718718
-9.854524
-9.997021
-9.944402
-9.387378
-9.969283
-9.998701
-9.940117
-9.963738
-9.980385
-9.991335
-9.891226
-9.539397
-9.948833
-9.847811
-9.822450
-9.630201
-9.994000
-9.953943
-9.989961
-9.875691
-9.824870
-9.994268
-9.828628
-9.629020
-9.435527
-9.948033
-9.981999
-9.764239
-9.993087
-9.883641
-9.985902
-9.867740
-9.844899
-9.828064
-9.944833
-9.762936
-9.980209
-9.713688
-9.832267
-9.875965
-9.905601
-9.922422
-9.519089
-9.975611
-9.631604
-9.985222
-9.322842
-9.879076
-9.735062
-9.863833
-9.925874
-9.114763
-9.876515
-9.670558
-9.793160
-9.905851
-9.604361
-9.887234
-9.947701
-9.940922
-9.865073
-9.947863
-9.723105
-9.780581
-9.972646
-9.915123
-9.866192
-9.975341
-9.763114
-9.935264
-9.953342
-9.892349
-9.883277
-9.527782
-9.853113
-9.990431
-9.547910
-9.640665
-9.945273
-9.985623
-9.768700
-9.946185
-9.726038
-9.777172
-9.948368
-9.934126
-9.919796
-9.979973
-9.718036
-9.942026
-9.765148
-9.847851
-9.769697
-9.760975
-9.817397
-9.939642
-9.828114
-9.909236
-9.786324
-9.930353
-9.988175
-9.864854
-9.973931
-9.983721
-9.957504
-9.785312
-9.929434
-9.996993
-9.928349
-9.947078
-9.750467
-9.708092
-9.954839
-9.989271
-9.649224
-9.903710
-9.975407
-9.889137
-9.640060
-9.502213
-9.737073
-9.878298
-9.996018
-9.962264
-9.970312
-9.760788
-9.946881
-9.588645
-9.865857
-9.962900
-9.992149
-9.912280
-9.882052
-9.930976
-9.989374
-9.485088
-9.841753
-9.830483
-9.898084
-9.342230
-9.906959
-9.810677
-9.682382
-9.640675
-9.800620
-9.844146
-9.680502
-9.854738
-9.713768
-9.699708
-9.800604
-9.879369
-9.763045
-9.991439
-9.897086
-9.604599
-9.901793
-9.398320
-9.820186
-9.946459
-9.847321
-9.854564
-9.937088
-9.985879
-9.503095
-9.877273
-9.974087
-9.718860
-9.847903
-9.977695
-9.962057
-9.873228
-9.903405
-9.983750
-9.948339
-9.798835
-9.997144
-9.891434
-9.919410
-9.994184
-9.858544
-9.833042
-9.887579
-9.969952
-9.790568
-9.908980
-9.960062
-9.880056
-9.532756
-9.896163
-9.993066
-9.822429
-9.799090
-9.842914
-9.053447
-9.569619
-9.968475
-9.900614
-9.841922
-9.014764
-9.562058
-9.982393
-9.964432
-9.876866
-9.249727
-9.907753
-9.993230
-9.946969
-9.987498
-9.675645
-9.902579
-9.909975
-9.856569
-9.979247
-9.896262
-8.545048
-9.883845
-9.979319
-9.480600
-9.782274
-9.995531
-9.725339
-9.821062
-9.886438
-9.984422
-9.934800
-9.788414
-9.869403
-9.902859
-9.976504
-9.958814
-9.750025
-9.937812
-9.951688
-9.927709
-9.975211
-9.918402
-9.585436
-9.963677
-9.980694
-9.975219
-9.911013
-9.895408
-9.638138
-9.892729
-9.968728
-9.920806
-9.797668
-9.950061
-9.908580
-8.461970
-9.825513
-9.846459
-9.641491
-9.650577
-9.896703
-9.913673
-9.787309
-9.965608
-9.884007
-9.963157
-9.990672
-9.926873
-9.920377
-9.893094
-9.957667
-9.973328
-9.969301
-9.811992
-9.971184
-9.961987
-9.400290
-9.840536
-9.900074
-9.868124
-9.250481
-8.949257
-9.969795
-9.939756
-9.651855
-9.579730
-9.614984
-9.807524
-9.832849
-9.724117
-9.990958
-9.982290
-9.968121
-9.590449
-9.986981
-9.964337
-9.842506
-9.978876
-9.893597
-9.906969
-9.775095
-9.930201
-9.924367
-9.662723
-9.945932
-9.841080
-9.882230
-9.708752
-9.910087
-9.981145
-9.289866
-9.818582
-9.806745
-9.897833
-9.965667
-9.056822
-9.684536
-9.716628
-9.885847
-9.702296
-9.827532
-9.747990
-9.924015
-9.783669
-9.784472
-9.615341
-9.884875
-9.779750
-9.893999
-9.984757
-9.517717
-9.732549
-9.750492
-9.897863
-9.973066
-9.945213
-9.909497
-9.906447
-9.915787
-9.696666
-9.914570
-9.976331
-9.943769
-9.746793
-9.711291
-9.702909
-9.755039
-9.375832
-9.900001
-9.996337
-9.852501
-9.982311
-9.982611
-9.628896
-9.911862
-9.907442
-9.870215
-9.945423
-9.784490
-9.958895
-9.573828
-9.982656
-9.685827
-9.896632
-9.783617
-9.651205
-8.150505
-9.989510
-9.878781
-9.475440
-9.801408
-9.960616
-9.976338
-9.481472
-9.992263
-9.676067
-9.974423
-9.924933
-9.791796
-9.985299
-9.939187
-9.758998
-9.881280
-9.980503
-9.516689
-9.697640
-9.650875
-9.791997
-9.977322
-9.694357
-9.447553
-9.352082
-9.978244
-9.938677
-9.742526
-9.946577
-9.996864
-9.905026
-9.714543
-9.969605
-9.785040
-9.963305
-9.989948
-9.817606
-9.878779
-9.983661
-9.936484
-9.922980
-9.917774
-9.978440
-9.756234
-9.980468
-9.822532
-9.403851
-8.461487
-9.793329
-9.822549
-9.897029
-9.890176
-9.977786
-9.798305
-9.961692
-9.760896
-9.779265
-9.882206
-9.809778
-9.992819
-9.764319
-9.689095
-9.816544
-9.497064
-9.648272
-9.932451
-9.992296
-9.979828
-9.734724
-9.154619
-9.899116
-9.740304
-9.643846
-9.976393
-9.970563
-9.887979
-8.220125
-9.346230
-9.869370
-9.750058
-9.987417
-9.856130
-9.981634
-9.525451
-9.950630
-9.991876
-9.935793
-9.892862
-9.992401
-9.950854
-9.744488
-9.903780
-9.987734
-9.798717
-9.365651
-9.822197
-9.601870
-9.502698
-9.644445
-9.986137
-9.985565
-9.947571
-9.974941
-9.993488
-9.907475
-9.970019
-9.605246
-9.834845
-9.935942
-9.666504
-9.982039
-9.962373
-9.827140
-9.957016
-9.936588
-9.948889
-9.954748
-9.778675
-9.976321
