3.000000	1.200000	50	0.100000	ARCHIVOS_REDES\ER\ER_620.txt
-0.018358	2.973588
2.980611
-2.982867
2.981776
2.984209
2.979128
2.983784
2.873564
-2.979909
2.983660
2.982980
2.983546
2.982132
-2.984271
-2.983229
2.969503
-2.982003
-2.978468
2.978360
2.984670
2.983611
-2.982547
-2.983790
2.982805
2.984151
-2.982744
2.983609
2.982042
-2.983193
2.980916
-2.983906
2.983479
2.983883
2.937449
2.983724
-2.983673
-2.963651
2.983880
-2.983171
-2.982863
-2.983834
2.983851
-2.981011
-2.983928
2.984380
2.983280
-2.975808
2.980738
2.983120
2.983906
2.983316
-2.982747
-2.984094
-2.983881
2.984141
-2.983931
2.983697
-2.983588
-2.984483
2.983312
-2.982883
-2.983696
2.983434
-2.983486
2.981603
-2.983275
-2.983716
2.984628
-2.983503
-2.870784
2.983003
2.968974
-2.984088
-2.983051
2.981454
-2.962163
2.982475
2.984419
-2.983969
2.983026
-2.983798
-2.984178
-2.980453
2.966434
2.980845
2.984411
-2.981159
2.983502
-2.984093
2.981502
-2.979104
-2.983466
-2.982144
-2.983171
-2.982880
2.982834
2.984110
2.984416
2.893660
2.983519
-2.983207
-2.983427
2.981249
2.984063
-2.983733
2.981871
2.982674
-2.983097
-2.973577
2.984138
2.983645
-2.983036
-2.979196
2.983213
2.984206
2.983711
-2.983590
-2.982995
2.982499
-2.980957
-2.983780
-2.982390
-2.983922
-2.982992
2.954176
2.975712
-2.983529
2.983052
2.983874
2.981286
2.980436
2.982988
2.946601
-2.983009
-2.982794
2.983373
2.981726
-2.983778
-2.984068
-2.984258
-2.983941
-2.982894
-2.983656
-2.983393
2.982571
2.982901
2.983854
2.937622
-2.983450
-2.983317
-2.983492
-2.982158
2.983396
2.983874
-2.983829
-2.983304
2.981921
-2.982486
2.983416
2.982916
-2.984093
-2.983707
-2.966293
-2.981338
2.981881
-2.981064
-2.984109
-2.983626
-2.983588
2.982977
2.982131
2.983793
-2.984002
-2.983020
-2.983661
-2.983983
-2.983345
-2.983810
-2.961537
-2.983599
-2.983165
2.981275
2.983241
-2.983044
-2.982870
2.982878
-2.980958
2.982557
2.982841
2.984035
-2.983668
-2.983414
-2.982786
-2.982567
2.982046
-2.983625
2.947289
-2.980686
-2.981654
2.983213
2.981902
-2.984108
-2.984118
2.982398
2.983623
-2.983812
-2.982025
2.983143
-2.982083
2.982489
2.981412
2.983001
2.983947
2.981010
2.983471
-2.983814
-2.982149
2.983675
2.983046
-2.982868
2.983405
-2.983127
2.983021
2.982054
2.983799
2.983492
-2.983866
-2.984092
2.984026
-2.983331
2.981905
-2.982086
2.982583
2.978012
-2.983256
2.984153
-2.983231
-2.984173
-2.980695
-2.979325
-2.984091
-2.981813
2.977046
2.981169
2.982546
-2.980085
-2.973420
2.902545
-2.983203
2.984238
-2.983524
-2.983248
-2.983438
2.981802
2.983190
2.981515
-2.983014
-2.982405
2.983571
2.979652
2.984048
2.983707
2.984060
-2.982940
-2.983127
2.984057
2.983168
-2.980590
-2.983010
2.982524
-2.983714
-2.984035
-2.982053
-2.983408
-2.983691
2.983453
-2.975239
2.981567
2.981883
-2.983891
-2.982786
-2.984298
-2.983284
2.982488
2.984318
2.983462
2.984321
2.977745
-2.973566
-2.983963
2.983269
2.983420
-2.981226
2.983349
2.983368
2.982631
2.983982
-2.983982
2.982899
2.976546
2.982161
2.983689
2.983444
-2.984259
2.980418
2.982905
-2.983004
-2.983402
2.982448
-2.983857
2.983877
2.984280
2.983815
2.983325
2.981393
2.982229
-2.983269
-2.984215
2.976926
-2.983688
-2.982908
2.975138
-2.979324
-2.983444
2.981851
-2.984019
2.983824
2.984207
-2.980474
-2.982248
-2.984252
-2.984269
2.981009
2.983457
-2.982037
2.983792
2.983567
2.977771
2.979891
-2.983905
-2.848716
2.979881
2.982944
-2.983932
2.983016
-2.983777
-2.982505
-2.983741
-2.967880
2.977656
2.975131
-2.983864
-2.983961
-2.980173
2.982155
2.978841
-2.983047
-2.984261
-2.983948
-2.984250
-2.983805
-2.982944
2.864502
2.984152
-2.980319
-2.984375
2.983325
-2.982882
-2.983449
2.982497
2.982946
-2.983553
-2.983594
-2.982367
2.983364
2.976700
-2.983813
2.982531
-2.984233
-2.982309
2.982860
-2.983846
-2.983215
-2.982742
-2.983829
-2.983529
2.982909
2.983387
2.983854
2.982592
2.982292
-2.983833
2.983817
2.983990
-2.982146
-2.983877
-2.981185
-2.983737
2.984285
-2.983198
-2.983466
2.982156
2.983436
-2.979282
-2.981844
-2.977990
2.983702
2.970626
-2.982369
-2.983681
2.982203
2.983996
2.981435
2.983646
-2.983749
2.983408
-2.980714
2.980664
-2.551976
-2.982410
2.982467
2.981993
-2.973342
2.983177
2.983824
-2.982077
2.932758
2.984609
-2.984084
-2.982172
-2.983704
2.981223
2.983588
2.983458
-2.982661
-2.982980
-2.984224
2.983846
-2.982900
2.982569
2.984005
-2.983271
-2.983374
-2.979111
-2.983555
2.980961
2.983351
2.981844
-2.921151
2.983384
-2.982560
-2.982148
2.979975
-2.982260
2.984080
2.982919
2.981710
-2.983899
-2.982821
-2.981774
-2.981772
2.982071
2.983642
2.979472
-2.982328
-2.982143
-2.984014
2.983471
2.982564
-2.982364
2.983777
-2.981898
2.984662
2.983882
-2.982276
-2.983231
2.983002
2.983839
2.983616
-2.984334
2.982236
2.983757
2.983860
2.983469
-2.982968
-2.983840
-2.982922
2.942520
-2.982765
2.981723
2.983818
-2.982952
2.984635
-2.982773
2.982327
2.981404
-2.982864
2.980731
2.984042
-2.983596
-2.983417
2.982988
-2.980292
-2.984384
-2.980845
2.984354
2.982485
2.982556
2.978240
2.984394
-2.983495
-2.984275
2.983543
-2.983508
2.983027
-2.982887
2.981952
-2.983064
2.981485
-2.982845
-2.979987
2.984156
-2.982935
2.983094
-2.981582
-2.982412
-2.983724
-2.983333
2.983017
2.979914
2.983390
-2.981137
-2.980937
-2.984011
-2.984576
-2.391753
-2.984396
2.981732
-2.983716
-2.982952
-2.983143
-2.942598
2.982459
2.984400
-2.982464
-2.983574
-2.984261
-2.982144
-2.984126
-2.983591
2.983664
2.981629
2.983957
2.983009
2.984200
-2.984112
-2.982790
-2.983540
-2.983084
-2.984007
-2.982272
-2.924554
-2.982959
2.983476
-2.983333
2.982936
-2.984623
2.983324
2.983701
-2.984021
-2.984002
2.980930
-2.983713
-2.983624
-2.983690
-2.982460
-2.984312
-2.983792
2.974404
-2.983772
2.983361
-2.975631
-2.981846
-2.983425
-2.983021
2.462822
-2.753679
-2.981590
-2.980674
2.982564
-2.983801
-2.983810
-2.983000
-2.983614
2.979641
2.983139
-2.982554
2.981889
2.983909
2.980022
2.982997
-2.983460
-2.984365
2.982414
2.982903
2.983117
-2.969303
2.983271
2.982359
-2.981664
-2.982958
-2.979494
2.981610
-2.983222
-2.983914
-2.983737
-2.983859
-2.983982
2.984624
2.982237
2.983015
2.983654
2.977790
-2.983662
2.982510
2.983841
-2.980825
-2.983685
-2.982754
-1.202147
2.976504
2.981484
2.982016
2.983662
-2.982161
-2.977771
2.981424
2.984060
-2.982879
2.771037
-2.983562
-2.983858
-2.980151
2.983003
-2.983577
2.981712
-2.983462
2.979122
2.981200
2.983435
2.983452
2.984046
-2.984164
-2.980750
2.983976
2.983365
-2.984664
2.982941
2.983601
2.982025
2.982397
-2.982684
-2.982313
-2.983608
2.983527
2.982601
-2.982295
-2.982820
2.983510
-2.983540
-2.983574
-2.978696
2.983733
2.983864
-2.983284
-2.983053
2.983773
-2.983189
2.982235
2.983824
-2.983003
-2.981132
2.983986
-2.983211
-2.981877
2.983996
-2.982771
2.983310
-2.982837
-2.982930
2.984051
-2.957921
-2.969714
2.984142
-2.983390
2.983347
-2.983714
-2.983248
2.983573
-2.983990
2.982167
2.983879
-2.983492
2.983341
-2.982572
-2.984297
-2.979080
2.983869
-2.983789
-2.984192
2.982383
-2.983488
2.983623
2.983850
-2.983746
2.984107
-2.984208
-2.982096
2.984327
2.983502
2.983577
2.983595
2.981817
2.984259
-2.980867
-2.983615
2.983448
-2.983476
-2.982909
2.983878
2.982909
-2.984041
-2.983882
-2.983318
2.983937
2.983158
-2.982940
2.865187
2.983987
-2.968908
2.983331
2.979330
2.983553
2.983737
2.983709
-2.983104
-2.983559
2.983505
2.982566
2.984139
2.982901
2.982701
2.983754
2.984065
2.981993
2.982163
-2.976977
2.979535
-2.982537
-2.983572
-2.984655
2.982103
-2.981108
-2.963457
-2.983242
-2.983268
2.983619
-2.983823
-2.979901
-2.983677
-2.982887
-2.983351
2.983918
2.983480
-2.981342
-2.983726
-2.983397
2.982299
2.982530
-2.983092
-2.976632
-2.983902
-2.850499
-2.982293
2.983641
2.983617
-2.983760
-2.983331
2.983443
2.983620
-2.983675
-2.983886
2.983200
-2.984417
-2.983873
-2.981845
-2.983908
-2.982166
2.982639
-2.983546
-2.983169
2.976626
1.841222
2.982375
-2.983665
-2.983583
2.982712
2.912788
-2.980216
2.982837
2.981004
2.983655
2.981826
-2.983308
-2.983832
-2.983807
2.983283
2.982371
2.982569
2.983634
-2.984088
-2.979709
2.984651
-2.983211
2.982872
-2.983801
-2.982354
-2.983716
2.983944
-2.984639
-2.983816
2.983354
2.983941
2.983485
2.980763
-2.953332
-2.980482
-2.983571
2.984204
2.965574
-2.983003
-2.982965
2.980060
-2.981784
2.984304
2.983481
-2.983820
-2.983082
2.981112
-2.984606
2.983764
-2.983680
-2.983233
2.981981
2.983417
-2.979843
2.981982
2.983142
2.983707
2.983907
-2.984195
-2.981928
2.983798
-2.982718
2.982888
2.983736
2.983995
2.983848
-2.981984
-2.984341
-2.981773
-2.983809
2.983280
2.983063
2.981282
2.976528
-2.983308
2.983095
2.927697
2.983515
2.980129
2.981668
-2.983695
2.982735
2.982408
-2.958748
2.983235
-2.983105
2.984205
2.982787
-2.984230
2.984458
-2.983029
2.981975
2.984035
-2.984207
2.981960
-2.983468
-2.979233
2.980190
2.983978
2.981669
-2.983606
2.983833
-2.981444
2.972589
2.979505
2.983478
2.983510
1.174634
2.984157
-2.982933
-2.982948
-2.984006
-2.983864
-2.984043
-2.981838
-2.984285
2.984283
-2.983925
2.984266
-2.982492
2.983951
2.983159
-2.983477
2.983942
2.984673
2.984019
2.982938
2.984619
2.983545
-2.982918
-2.983828
2.983852
-2.982798
-2.983058
-2.983797
2.983852
2.984285
-2.981823
2.983639
-2.983405
2.983394
-2.984001
2.983419
2.981185
2.983608
-2.982949
2.981183
-2.983699
2.983223
-2.983667
2.984184
-2.976544
-2.980830
2.983544
2.981935
2.983850
-2.983796
-2.983409
2.983943
2.984091
2.981062
2.983403
-2.981722
2.984117
-2.983410
-2.968751
-2.983842
-2.983818
2.983814
2.982146
-2.983478
2.984107
-2.983659
2.982416
-2.983248
2.982846
-2.983230
-2.983892
2.982739
-2.981634
-2.981798
2.983867
2.981657
2.982919
2.984010
2.984029
-2.983419
-2.983001
-2.983800
-2.981741
2.983678
-2.983402
2.984452
2.981743
2.981225
2.982367
-2.974832
-2.983268
-2.983587
2.983541
-2.983374
-2.983912
2.981849
2.983164
-2.976952
2.981820
-2.983697
2.983726
2.983267
2.984229
2.983114
-2.983947
2.983915
-2.983590
2.984106
-2.983477
2.982907
2.982905
-2.984134
2.981856
-2.982914
2.983216
2.983696
-2.981628
2.983292
2.983623
-2.958113
2.983635
2.983520
2.983386
-2.984032
-2.982437
2.984007
-2.984270
-2.982414
-2.982679
-2.982712
2.982842
-2.983699
2.983002
-2.983626
2.982957
-2.969973
-2.983057
-2.983230
2.982285
-2.981904
-2.980347
2.983840
-2.983661
-2.984057
-2.982359
-2.984228
-2.971655
-2.982948
2.981818
2.983014
-2.980459
2.983678
2.983197
-2.981729
2.970250
-2.984177
2.981706
2.981418
-2.984644
-2.983874
2.984118
2.982910
-2.984012
-2.979035
-2.984661
2.983261
-2.980819
-2.980270
-2.980614
2.983565
2.983783
-2.983963
-2.984054
-2.983373
-2.983924
2.983776
2.955501
-2.981368
-2.969657
2.984312
2.983354
2.983749
2.984650
-2.980209
2.982134
-2.983301
2.240823
-2.981554
2.983926
-2.983892
2.983289
-2.982802
-2.983389
-2.975358
-2.983282
-2.983694
2.983359
-2.983707
-2.983270
2.983916
-2.983471
2.983438
2.979417
2.983291
-2.983567
2.983584
-2.983572
2.416924
2.974971
2.982576
-2.982086
-2.983174
-2.983999
-2.981596
2.982841
2.981982
-2.983853
-2.981619
-2.983367
-2.978639
2.984300
-2.982756
-2.982818
2.981497
2.983562
2.983580
-2.983194
2.983476
2.983548
2.983248
2.983395
2.981495
-2.983481
2.983558
-2.982739
-2.983439
2.984351
-2.983940
-2.982966
-2.982861
-2.983190
-2.982146
2.983287
2.982698
2.982628
-2.983936
-2.984640
-2.983322
-2.983944
2.967753
-2.979653
-2.984052
2.980579
2.983733
-2.982785
2.982101
-2.981874
2.983361
2.982953
-2.982841
-2.984161
2.984112
-2.928057
-2.983638
-2.984467
2.983682
2.981277
-2.984269
2.982774
-2.982999
-2.983645
2.983110
-2.983838
-2.983686
2.983625
-2.984358
-2.984026
-2.983313
-2.983887
2.978611
-2.983698
-2.983660
2.983001
2.788427
-2.984165
-2.984034
2.981683
-2.981638
2.982276
-2.984162
2.983231
2.983410
-1.230528
-2.974031
2.984571
2.983706
2.945748
-2.980954
2.983384
2.983137
-2.982983
2.984019
-2.981032
2.983857
2.983728
-2.983009
2.983307
-2.984626
-2.983641
-2.982886
-2.983470
-2.982115
2.983144
-2.983931
-2.981165
2.983845
-2.983658
-2.980597
2.983833
2.982432
2.983005
2.983660
-2.983693
-2.983520
2.184926
2.984013
-2.982049
2.983552
-2.982283
2.983481
-2.983818
2.982897
-2.983556
-2.983008
-2.984621
2.983413
2.978543
-2.983367
-2.963217
2.982847
2.836666
2.980732
2.980659
2.984647
2.984229
-2.981459
-2.982996
2.983092
-2.981426
2.983308
-2.982500
2.984110
2.982197
-2.983289
-2.984428
-2.984319
-2.982997
2.984052
2.966136
2.983943
2.983345
-2.983738
2.983183
-2.984419
-2.983923
-2.984352
-2.983177
2.980855
-2.983677
2.904878
-2.983232
-2.970952
2.980163
-2.984143
2.978517
2.982849
-2.982196
-2.983884
2.984004
-2.983452
2.982860
-2.984371
2.983385
-2.979874
-2.982631
-2.982598
2.982292
-2.980651
-2.983498
2.983018
-2.983447
2.984180
-2.983715
-2.984668
2.983759
2.984116
-2.983638
-2.983707
2.983007
2.984323
-2.980915
2.982945
2.983139
-2.981590
2.982918
-2.983282
-2.983352
2.983873
2.983351
2.983444
2.983197
2.984330
-2.983783
2.983652
-2.983742
-2.983969
2.983326
-2.982953
2.980564
-2.983858
2.977132
-2.983263
-2.983248
-2.983002
2.956325
2.983315
-2.981701
-2.982390
-2.983843
-2.982306
2.983449
-2.983957
-2.983763
2.983649
-2.983883
-2.983549
2.983683
-2.983357
2.983642
2.983484
-2.982916
-2.982313
-2.984396
2.983418
2.983451
-2.984650
-2.943082
-2.983424
-2.983281
-2.981237
-2.982980
-2.982931
-2.980266
-2.970343
-2.982022
-2.982967
-2.984085
-2.983719
-2.983467
-2.983982
-2.983916
-2.982823
2.983428
2.983476
2.983676
-2.983395
-2.984035
-2.983614
2.980654
-2.983979
2.983721
-2.982173
2.980694
-2.984076
2.981529
-2.982876
2.982832
-2.983895
2.982314
-2.982262
-2.984229
-2.983386
-2.982062
-2.981910
2.983843
2.977786
-2.982815
-2.979010
2.983774
-2.962247
2.974707
-2.982923
2.967416
-2.984078
-2.979495
-2.984655
2.982414
-2.982238
-2.984049
2.983927
2.984617
-2.983139
2.981628
-2.984221
2.983071
-2.984124
2.980168
2.984071
2.983560
-2.983212
2.983768
-2.983852
-2.982930
2.983301
-2.982921
-2.983014
-2.984026
2.962261
-2.982855
2.983260
2.983594
-2.983047
-2.982676
2.983971
-2.983564
-2.980775
-2.982926
2.968624
-2.980819
2.983791
2.983466
-2.926538
-2.983685
2.982787
-2.983988
-2.984099
-2.983039
2.981625
2.982387
2.948828
2.983410
2.983120
2.984211
2.973508
-2.980338
-2.984093
2.983130
2.982469
-2.977109
-2.983882
2.983790
-2.982422
2.982689
2.983948
2.983863
-2.981142
2.983214
-2.984289
-2.984122
2.983436
2.972498
2.983259
2.981892
2.983940
2.983375
2.983235
2.982259
2.983482
-2.982283
2.984658
2.983669
2.982956
-2.984120
-2.983323
-2.983604
-2.982575
-2.983471
2.982749
2.983213
-2.983554
-2.984070
-2.979665
-2.984356
2.984287
-2.978214
-2.937180
2.981331
2.982456
-2.983954
-2.984175
-2.982686
-2.982568
2.984180
-2.980155
2.983848
2.980160
-2.981384
-2.982938
2.983336
2.983756
2.984023
2.983392
2.983726
2.983003
-2.983621
-2.982938
-2.974244
-2.983744
-2.983257
-2.983682
2.983224
2.984352
-2.983842
-2.983755
2.983748
2.968094
-2.983675
2.982587
-2.983421
-2.981601
2.982182
2.982434
2.983349
-2.984288
2.983780
-2.984307
2.984430
2.983161
2.979984
2.982648
-2.984015
2.980154
-2.984273
-2.983747
2.982098
2.984232
-2.982964
2.983806
2.983861
-2.983276
2.983940
2.983256
-2.983869
-2.982295
2.981822
2.982938
-2.982915
2.983590
2.983362
2.982432
2.983629
-2.983812
-2.982403
2.980960
-2.983186
-2.983581
2.983277
-2.983773
2.983591
-2.983888
-2.983803
-2.983311
-2.983219
-2.983273
-2.983789
-2.983066
2.980544
2.983660
-2.983661
-2.984242
-2.982063
-2.983688
-2.981151
-2.983053
-2.982453
2.983738
2.981408
2.983911
2.982407
2.982493
2.983336
2.983423
-2.982997
-2.925192
-2.983207
2.983715
2.984185
-2.981829
2.983703
2.983871
-2.983926
2.979318
-2.982018
2.983790
2.983657
-2.983256
-2.984486
2.980449
2.983932
-2.982959
-2.984442
2.982854
2.984056
2.982856
2.984251
2.984187
-2.984053
-2.983889
2.983228
2.981911
-2.982404
-2.984466
2.983766
-2.982933
-2.982895
2.983572
2.982893
2.983794
2.983387
-2.984072
-2.984379
2.981320
-2.983294
2.983636
2.983347
2.982404
2.974530
-2.983473
2.979529
2.981856
-2.984011
-2.977125
2.982430
-2.982881
2.983639
-2.984507
-2.984267
-2.982967
2.982657
-2.983640
2.983986
-2.984183
2.982867
2.982419
-2.983022
-2.982831
2.982881
2.982502
-2.983860
2.983429
-2.981273
2.983849
2.982900
2.984188
2.982211
2.983855
-2.983832
-2.984198
2.983628
-2.983098
-2.984024
-2.983724
2.983676
2.984447
-2.983628
2.983396
-2.982775
-2.983717
2.983196
2.983265
-2.980226
-2.982974
-2.982675
2.982005
2.983855
-2.983295
-2.984204
2.983012
2.982974
-2.980038
-2.974867
-2.983154
-2.984155
-2.983060
-2.981873
-2.968747
2.984163
-2.979989
-2.983924
-2.983350
-2.984084
2.983883
-2.979031
-2.982999
-2.984340
-2.980963
-2.982984
2.982555
-2.982049
2.983485
-2.982399
-2.981895
-2.983901
2.983822
-2.983840
2.983498
2.983029
-2.983290
2.982084
2.983237
2.982917
2.983999
2.983260
-2.983199
-2.981973
2.984011
-2.981514
-2.979625
-2.982184
2.983955
-2.984001
2.982835
2.981127
-2.982163
-2.983254
2.983849
-2.983470
-2.983521
2.982938
2.983254
2.984039
-2.977560
-2.979183
-2.983595
2.981473
2.984412
2.983664
2.980318
-2.984135
2.984614
-2.980867
-2.983355
-2.983896
-2.754871
2.983825
2.984412
-2.982938
-2.984161
2.982534
2.983690
-2.982565
-2.984434
-2.984103
-2.983310
2.982582
2.983054
-2.982707
2.983486
-2.983994
-2.982114
-2.982478
2.984114
-2.982986
2.983360
-2.983725
-2.983710
-2.983937
2.963455
2.982873
-2.983688
2.982664
2.982779
2.983480
-2.982552
-2.981245
-2.984255
-2.982756
-2.983537
-2.983166
2.983562
2.982905
-2.982977
-2.978545
-2.983342
-2.984199
2.983724
2.982906
-2.983016
2.984263
2.983856
-2.984086
-2.983592
2.982415
2.983789
2.982248
2.983434
-2.978381
-2.984346
2.983353
2.983102
-2.984092
-2.984407
2.984477
2.982754
-2.982116
2.982699
-2.983891
2.983452
2.979001
2.983154
2.981838
2.982446
2.981405
2.982878
-2.984038
2.981755
-2.982771
-2.984138
2.983722
-2.982494
2.983849
2.981179
2.936673
2.983659
-2.983793
-2.984036
-2.982792
2.982803
2.983542
2.983361
-2.984252
-2.982738
2.983308
-2.982403
2.983717
2.983791
-2.984068
-2.984164
2.983713
-2.981932
-2.983867
2.980536
2.983595
2.981755
2.983699
-2.982360
-2.983346
-2.983985
-2.984179
-2.983770
-2.946611
2.981658
2.982762
-2.983675
2.984629
-2.980760
-2.984167
2.982369
2.983585
2.983188
-2.983711
2.982195
-2.984233
-2.984626
2.983883
2.982884
-2.984201
-2.981654
2.973225
-2.984674
2.983300
-2.981573
-2.984078
2.983696
2.983221
-2.982256
2.982894
2.983838
-2.984674
-2.983838
2.983117
-2.981162
-2.983849
-2.983455
2.983115
2.981898
-2.982774
2.983724
2.982983
2.982906
2.984170
-2.984674
2.983841
-2.983970
-2.983816
2.984215
2.983570
-2.983337
-2.982787
-2.983879
2.982923
-2.983032
-2.983799
-2.983664
-2.982918
-2.981941
-2.983732
2.983876
-2.983314
2.983311
2.982966
-2.984401
-2.983749
-2.983843
-2.984085
2.982817
-2.982958
-2.984014
-2.980241
2.965606
-2.982908
-2.984009
-2.983685
-2.983624
-2.981451
-2.978028
-2.983791
-2.982665
2.982079
-2.983828
2.983957
2.983555
2.983987
-2.983828
2.980924
2.983157
-2.984069
2.982981
2.983662
-2.984203
-2.983459
2.984645
2.981272
-2.979508
-2.982541
2.980493
2.982960
2.983910
2.983875
2.983333
-2.983242
2.983590
-1.291670
-2.983273
2.983329
2.972934
2.981717
2.981838
2.982432
2.983497
-2.984194
2.977817
2.983862
-2.983771
-2.983570
2.984400
2.979727
2.983081
-2.983862
2.983096
-2.982858
-2.983239
2.984179
-2.983818
2.983490
-2.983594
-2.983916
-2.983931
-2.917266
-2.981951
-2.983246
-2.984100
-2.965875
-2.984649
-2.983996
2.983614
2.984041
-2.981110
2.983019
2.983792
2.984165
-2.984007
-2.975375
-2.984650
2.983280
-2.983893
2.984402
2.981839
-2.980219
-2.979292
-2.983591
2.980639
2.982141
2.981852
-2.984633
-2.982597
-2.983195
2.983257
-2.984655
-2.955153
-2.983571
-2.983361
-2.982621
-2.982924
-2.983317
2.984113
-2.983931
2.982403
2.973562
2.982186
-2.276995
-2.982343
2.983592
2.983306
-2.981538
2.982793
-2.983352
-2.980683
-2.984441
2.983566
-2.983153
2.981491
2.983154
-2.983069
2.983931
2.983479
-2.983855
2.983813
2.982194
2.982918
2.983462
-2.983692
2.983759
2.982928
2.983216
-2.983386
-2.984305
2.983855
2.981597
2.984257
-2.983862
-2.982335
2.981242
-2.983804
2.981024
-2.983515
-2.983840
-2.982566
2.983265
2.982545
-2.981626
-2.983722
2.983774
2.982989
-2.984208
2.983425
2.982471
-2.983360
-2.981535
-2.981237
-2.970287
-2.982996
-2.982276
-2.478149
-2.983851
2.983854
-2.981752
2.984014
-2.983150
-1.413662
2.984103
2.983984
-2.983922
-2.983672
-2.982081
-2.981864
-2.976867
2.983091
-2.982822
2.982692
2.984128
2.970229
-2.981219
2.982122
2.983708
-2.982929
-2.969877
2.982216
-2.980601
2.983930
2.979900
2.982217
2.982899
2.982491
-2.983832
-2.983322
2.984322
-2.983812
-2.982929
2.984644
-2.983431
-2.983543
2.978224
2.983967
-2.982769
-2.984630
2.982541
-2.982543
-2.984124
-2.983462
-2.983981
2.982609
-2.162784
2.981854
2.891886
2.982165
2.983774
2.983406
2.978764
-2.975350
-2.982127
-2.983776
-2.981886
2.981836
2.984004
-2.983544
2.982769
2.982274
-2.982653
2.982352
-2.983742
-2.983472
-2.984152
-2.976200
2.982391
-2.983422
2.983361
-2.983045
-2.984199
2.983418
2.983725
2.979825
-2.984432
2.978423
2.983912
-2.983988
-2.982743
2.984182
2.978776
2.983947
-2.983254
2.983629
-2.982606
2.983522
-2.982993
-2.983068
-2.983281
2.983539
2.983338
-2.984206
-2.983687
-2.983246
2.965978
-2.983494
2.983841
2.983433
2.983391
-2.984010
2.983211
-2.983312
-2.983890
-2.982701
-2.982923
2.978078
2.983922
-2.983840
-2.983452
2.983758
2.980524
-2.982954
-2.981738
2.982309
2.983159
-2.982228
2.982871
-2.979155
2.983671
2.984041
2.850103
-2.982821
-2.982205
-2.981744
2.983431
-2.983742
2.982254
-2.983138
2.982556
-2.983502
-2.983971
-2.982316
2.941133
2.983793
-2.984068
2.984287
2.983063
2.978032
-2.983397
-2.984078
-2.980834
-2.982039
-2.983540
-2.983813
-2.981586
-2.983073
2.983807
-2.980384
2.984036
-2.982408
2.979309
-2.982792
2.983484
-2.982457
-2.980025
-2.983380
-2.983352
-2.983523
2.981879
-2.983690
-2.979097
-2.984185
-2.982899
2.983445
-2.984664
-2.983195
-2.983831
-2.984190
-2.983228
2.983694
-2.982792
2.984224
2.983185
2.978067
-2.983302
-2.982150
2.982519
-2.982996
2.980581
2.983696
2.983460
2.983322
-2.984135
-2.970857
-2.983248
2.983422
2.983552
2.983948
-2.975480
-2.982929
-2.982761
2.979492
-2.977667
-2.980779
2.983665
2.982613
2.983513
-2.977290
2.983947
2.983346
-2.984666
-2.982903
2.984089
2.984143
2.983458
2.983888
2.981393
2.982878
2.983467
2.984349
-2.983335
-2.984294
-2.983289
-2.984162
2.981245
2.982914
-2.982937
-2.974396
-2.983125
-2.984043
2.983282
-2.984316
2.982648
2.983632
2.982945
-2.981340
-2.982958
-2.982408
2.983424
-2.982994
-2.977660
-2.984333
2.983958
2.984230
2.980196
-2.984008
2.983693
2.983965
2.983116
2.981553
-2.983482
-2.983921
2.982938
-2.984137
2.982311
-2.980230
2.982849
-2.983370
-2.984660
2.983246
-2.983558
-2.932678
-2.983516
-2.983502
2.983417
2.979495
-2.983565
-2.983989
-2.982244
2.982371
2.978721
-2.983544
2.983465
2.978693
-2.983973
-2.984065
2.983747
-2.983523
2.984239
-2.981849
2.984058
-2.983500
2.984099
-2.983830
2.977855
2.983863
2.980857
2.983765
-2.982821
-2.983764
2.981882
-2.983595
2.982529
-2.983873
2.983038
-2.983911
-2.913713
-2.984333
2.983280
2.983817
2.983948
-2.984532
2.982954
2.982399
-2.982473
-2.852144
2.983361
-2.981790
-2.983811
2.983712
2.983927
-2.981702
-2.982158
2.983398
2.983699
-2.983124
2.981123
-2.982732
-2.983236
-2.983212
2.980697
-2.983821
-2.983008
2.983938
2.983468
-2.982979
2.983550
2.981984
-2.983900
-2.983897
2.982241
-2.983377
-2.984321
-2.983579
2.982293
-2.983774
-2.983408
2.979336
-2.984369
2.982334
2.983850
2.984240
2.983749
2.982255
2.983223
2.982789
-2.981199
2.981776
-2.984102
2.974003
-2.983289
2.983244
-2.983971
2.984138
2.980718
2.984183
2.983806
-2.984221
-2.979075
2.983236
-2.982875
-2.981606
2.982484
-2.982946
-2.983749
2.976823
2.981700
-2.983974
2.983616
-2.983658
-2.746439
-2.983228
2.983645
-2.983485
2.982940
2.982957
2.983542
2.983336
-2.982177
2.982613
2.982552
-2.983568
-2.982990
-2.982106
2.984674
2.962784
-2.984022
-2.983114
-2.983357
2.965972
2.982477
2.982244
2.983144
2.983820
2.983787
2.983865
2.982370
2.981926
2.983479
2.983466
2.983979
-2.981956
2.977629
2.983756
-2.982272
2.983258
-2.982439
2.983033
2.975980
2.982914
-2.981884
2.983490
-2.983406
2.981876
-2.977491
-2.983823
2.982942
-2.982554
-2.983007
1.741020
-2.983547
-2.983673
2.983956
2.983545
2.983204
-2.981978
-2.981613
-2.984133
2.983452
-2.984407
-2.982542
2.983861
2.980185
2.982546
-2.983539
2.983689
2.984214
2.984254
-2.982938
2.894065
-2.981421
2.983776
-2.983652
2.983259
-2.984672
-2.983861
-2.983336
2.984023
2.983598
2.983857
2.984402
2.983668
-2.982756
-2.984170
-2.982361
-2.981756
-2.978698
2.983471
-2.982830
2.983241
-2.984355
2.984295
2.978950
2.978303
-2.981083
-2.982811
2.983570
2.982991
2.981218
-2.979498
-2.981511
-2.983806
-2.981902
-2.982134
2.978191
-2.983049
2.980533
-2.983875
2.978766
2.983805
-2.980708
-2.983398
-2.983295
2.981735
2.984240
-2.983638
2.983002
-2.976079
-2.983298
2.982854
2.983346
2.983506
2.983039
2.983116
-2.981069
-2.983423
2.982787
-2.983258
2.984415
-2.982195
-2.983624
2.983603
-2.983319
2.984253
2.982993
2.885898
-2.980756
-2.978526
-2.984273
-2.984093
2.983755
-2.981558
2.983587
-2.983394
2.984249
2.983770
2.982649
-2.983584
-2.984006
2.983519
2.983713
2.984362
2.983345
2.978212
2.983417
-2.983441
-2.982534
2.983698
-2.983302
2.983731
-2.984010
-2.983880
-2.980463
-2.984362
-2.983126
-2.983982
2.983544
2.984134
2.983360
2.983891
-2.982450
-2.983670
2.983486
2.982377
-2.984477
2.980550
2.983392
-2.981311
2.982215
-2.983905
-2.983473
-2.984120
-2.983406
-2.981500
2.981764
2.983265
-2.983449
2.984028
-2.983488
2.983836
2.983616
-2.978248
2.983749
-2.984025
2.983767
2.982565
-2.983343
-2.982410
2.982775
-2.983824
-2.983446
2.984091
2.982926
2.982777
-2.984155
-2.983583
-2.983567
2.975385
2.984230
2.983402
2.983329
2.984111
-2.977850
-2.982890
2.983263
2.974960
-2.982554
2.983382
2.984005
-2.983784
2.983617
2.983468
2.983338
2.983222
-2.982431
-2.983376
-2.982991
2.981914
-2.982629
-2.982972
-2.983566
2.982003
2.983203
2.983492
-2.977435
-2.981100
-2.984341
2.982923
-2.983084
2.974405
-2.982900
-2.982542
-2.982562
2.983708
2.983987
-2.984358
-2.983383
2.982715
-2.983614
2.983239
2.439432
2.984609
2.978667
2.983018
-2.983370
-2.982899
2.983763
-2.984423
2.979814
2.983672
-2.984308
-2.972810
-2.983626
2.974865
-2.984370
2.984076
-2.886559
-2.982428
-2.983384
-2.983960
2.983842
-2.982968
-2.981107
-2.983919
2.907663
-2.980571
2.813638
-2.983721
2.982142
-2.983150
-2.984070
2.983071
2.983500
-2.978487
-2.982296
2.982926
-2.974376
-2.982119
2.983048
-2.984032
-2.981549
2.983878
-2.984178
-2.982901
-2.984294
2.982290
-2.881237
-2.983740
2.978380
2.982430
2.982844
-2.982843
-2.952836
-2.983015
2.983721
2.983822
-2.983794
2.983972
2.983478
-2.983230
2.983816
-2.983922
-2.958043
2.983670
2.984629
-2.983341
-2.982716
2.983504
2.982483
2.983991
2.982860
2.982706
-2.983517
-2.984643
-2.982895
2.982557
-2.983498
2.983954
-2.983795
-2.981927
2.982600
-2.983810
-2.983649
2.982211
-2.961115
2.983852
-2.968234
2.983443
2.984243
2.982302
-2.981020
-2.984178
-2.984113
2.982109
2.983838
-2.982869
-2.983165
-2.983987
2.984160
-2.957100
2.983508
-2.984096
2.834774
-2.980765
2.982385
-2.983795
-2.983765
-2.984067
-2.980977
-2.981650
2.983213
2.983005
-2.983078
2.983440
2.980961
-2.983789
2.983676
2.983559
2.983620
-2.980487
-2.983212
2.981552
2.982656
-2.982294
-2.983821
-2.980533
2.983184
2.981995
2.980577
-2.983679
-2.984100
-2.983715
-2.983658
-2.982980
2.983168
2.980219
2.982017
-2.983256
2.983086
-2.982315
2.982961
2.981969
-2.981079
2.607013
2.982273
-2.983533
2.983522
2.983575
2.982943
2.984388
-2.984653
2.981748
-2.983820
-2.984081
-2.983374
-2.982828
2.979104
-2.982830
-2.982879
2.984067
-2.983695
-2.983784
-2.983651
2.981812
-2.982149
2.982996
2.982678
-2.983007
-2.983014
2.978491
-2.981564
2.983588
2.983746
-2.981472
2.984335
2.983785
-2.891838
-2.983915
2.982999
2.983992
-2.979343
-2.983843
2.983742
2.908023
-2.983213
-2.980735
-2.984015
2.984265
2.984609
-2.982899
2.983296
-2.983429
-2.984316
-2.982632
-2.982920
-2.983505
-2.984213
2.984053
2.983448
-2.982869
-2.983546
-2.982417
2.983872
-2.983616
2.984036
-2.983094
1.699865
2.983650
2.981859
2.983092
-2.982958
-1.870379
2.983526
2.982398
-2.981624
2.983693
2.982973
2.977759
-2.983370
2.983373
-2.983317
2.984177
2.982745
2.983033
2.983004
2.983708
-2.983837
-2.983922
-2.983388
-2.965251
-2.983209
-2.983656
2.984103
2.982528
2.983039
2.981852
-2.983518
-2.957371
-2.982041
-2.983093
-2.983177
2.974061
2.980308
2.984391
-2.983284
-2.983789
-2.983580
2.979590
2.965481
-2.983744
2.982802
2.982958
2.983710
2.984234
2.983497
-2.984455
-2.982605
-2.983189
2.982524
2.983657
-2.984055
-2.982453
-2.982872
-2.983752
-2.982211
2.983397
-2.982160
-2.983270
-2.978573
2.983596
2.981484
-2.981720
-2.983969
-2.982956
2.982601
2.982925
2.981156
-2.975525
-2.982995
2.983505
-2.983616
-2.981852
-2.976919
-2.976113
-2.981937
-2.977006
-2.984610
-2.980662
2.982937
2.983336
2.982909
2.983548
2.983698
2.981952
2.983595
-2.980784
-2.983529
-2.981832
2.978495
-2.983729
-2.983697
-2.978970
2.982932
-2.983781
2.984654
2.984067
-2.983736
-2.984654
-2.983404
2.982909
-2.983589
2.984001
2.983549
-2.983257
2.982878
-2.983469
-2.983962
2.984392
-2.983524
2.984120
-2.981917
-2.983680
-2.983608
2.983283
-2.981801
2.982932
-2.982774
2.983372
-2.982176
2.981363
2.982620
-2.982492
2.983104
2.983867
-2.983653
-2.983748
2.982345
2.982893
2.982333
-2.983652
2.984159
-2.983763
-2.983118
2.976315
2.984200
2.983506
2.983025
2.982886
-2.983770
2.983999
2.983163
-2.961816
2.982972
-2.982151
-2.980156
2.982518
-2.982352
2.983504
-2.983445
-2.982580
-2.983876
-2.983989
2.984395
-2.980991
-2.982989
-2.979888
2.980024
2.982127
-2.978617
2.983026
2.976255
-2.983879
-2.983437
-2.982481
2.983563
-2.984074
-2.984393
-2.982995
-2.982944
-2.983803
-2.983354
-2.983957
2.982758
-2.983566
2.982744
-2.771144
2.980013
2.981828
-2.982914
2.983110
-2.983523
2.980939
2.981568
2.983292
2.983927
-2.982106
2.984196
-2.983814
-2.983389
-2.982778
-2.984246
-2.981481
2.925428
-2.983945
2.982954
-2.982894
2.983724
-2.983485
2.982762
-2.980233
-2.867474
2.932195
-2.983732
-2.982941
-2.984286
-2.983023
2.983498
2.792644
-2.983561
2.983792
2.982844
-2.982624
-2.984058
-2.983700
2.983367
2.981394
2.979994
2.983717
2.983581
2.983731
2.981181
-2.982821
-2.983497
2.983735
-2.983800
2.982441
2.983318
-2.984290
-2.982836
2.984074
2.984268
-2.979813
-2.981571
-2.981644
2.983665
-2.983719
-2.983502
2.982957
2.983484
2.982124
2.982788
-2.983730
2.983862
2.983533
-2.984112
2.983662
2.984094
2.982925
2.833201
2.983662
-2.983450
2.983333
2.983628
-2.978386
2.983021
2.980181
-2.983815
-2.974002
2.984327
-2.983592
-2.983609
-2.981919
-2.979105
2.982886
-2.983851
2.978134
2.978820
-2.981729
2.982999
-2.982977
2.983353
-2.983602
-2.984058
2.984023
2.984032
-2.983689
2.980909
-2.982543
2.983004
-2.983998
2.983991
2.982802
-2.983515
-2.982863
2.982134
2.983358
-2.982967
2.983962
2.975514
-2.984337
-2.983950
2.983279
-2.982445
2.983991
-2.983162
-2.944817
-2.984054
-2.982294
2.983908
-2.984114
2.983605
-2.983768
-2.983407
-2.974169
-2.984050
-2.983857
-2.982994
2.983506
-2.984648
-2.983651
2.983010
-2.983331
-2.982371
2.984160
2.981531
-2.981319
2.983601
-2.980911
-2.983872
2.984163
2.981204
-2.984029
2.983843
-2.982925
-2.983459
-2.984222
2.981435
-2.983394
-2.979425
-2.983341
-2.983690
2.983711
2.982877
-2.983533
-2.982961
2.983503
2.984408
-2.983877
2.982474
-2.983364
-2.981832
-2.984655
2.983601
-2.983685
2.983002
2.982950
2.979545
2.983582
-2.979550
2.981843
2.984326
2.983293
-2.983763
-2.983654
-2.984171
-2.983102
-2.983638
-2.976470
2.983833
-2.983324
2.982011
-2.983167
-2.983458
2.983769
-2.979064
-2.984245
2.981960
-2.982143
2.984247
2.702653
2.984236
2.982634
2.983391
-2.977287
2.983279
2.983593
2.973049
-2.977083
-2.983708
-2.983925
2.983960
-2.982117
-2.982264
-2.982597
-2.982487
-2.943131
2.984599
-2.981036
2.982697
-2.983994
2.970076
-2.982198
-2.983613
-2.974386
2.938758
2.983138
-2.980793
2.983364
-2.981715
-2.925918
2.984227
-2.982305
2.983215
2.983294
2.983607
2.984187
-2.984490
-2.983308
-2.983619
-2.983696
2.983668
2.974677
-2.982819
-2.983885
-2.983840
-0.090607
2.982997
-2.982904
2.982976
-2.984122
-2.982859
-2.982415
2.963642
2.983623
2.971434
-2.983475
-2.984398
-2.980126
2.983560
2.983568
2.982909
-2.983567
-2.983124
2.982754
2.984319
2.976864
2.983538
-2.983916
2.984270
2.983861
2.983758
-2.981126
-2.983893
2.983108
2.983689
-2.984231
-2.981871
-2.983300
-2.983664
-2.980763
-2.969676
2.982929
2.982542
-2.983472
-2.982514
2.977897
2.984086
-2.983307
-2.982692
2.983327
2.983469
2.983268
-2.983475
-2.984329
-2.983583
-2.984200
2.982758
2.981976
-2.979213
-2.982949
-2.981988
2.982864
2.983631
2.983540
2.983268
-2.976954
2.982507
-2.982810
-2.981765
2.983635
2.983608
2.821477
-2.976467
-2.984672
2.983686
2.977733
2.979014
2.981688
-2.983816
2.975941
2.983326
-2.983001
-2.983190
2.982944
-2.983040
-2.983384
2.983513
2.983713
-2.976761
-2.983604
2.982026
2.984658
-2.983347
-1.515018
-2.984256
-2.982385
-2.981427
-2.982209
-2.983185
2.982887
-2.965934
-2.983220
2.983752
-2.983603
2.983659
-2.982839
-2.982959
2.978804
-2.982910
2.983121
-2.982791
-2.984130
2.982606
-2.984141
2.984132
-2.983956
-2.983383
2.825291
-2.982881
-2.982671
2.984667
-2.983627
2.982375
2.982005
-2.982404
-2.984454
-2.982569
2.982284
2.983486
-2.984223
2.984383
-2.983623
2.983672
-2.983794
-2.942223
2.970437
-2.983408
2.984182
-2.983946
-2.984106
-2.983344
-2.983610
2.979490
-2.983735
-2.983609
-2.982483
-2.982292
-2.983732
-2.983030
-2.984649
2.984283
2.984347
2.984093
-2.984015
2.978450
-2.982312
2.983279
2.976758
2.983774
2.984596
-2.982655
2.981845
-2.983255
-2.979783
2.982756
-2.983171
-2.983703
2.983711
2.929284
2.981359
2.965507
2.982999
-2.981921
2.983962
-2.983025
-2.960437
-2.983528
-2.979142
-2.983165
-2.941656
-2.983443
-2.984133
2.982185
2.983358
2.983139
-2.983203
-2.982891
-2.982965
-2.983335
-2.979771
-2.984088
2.983849
-2.982028
2.983246
2.983897
-2.978858
-2.980258
2.982968
-2.977961
2.983645
-2.983928
-2.982320
-2.979270
2.963898
2.981919
-2.982516
-2.983253
-2.982117
2.982967
2.982183
2.983900
-2.983418
2.980365
2.983118
-2.982064
2.981468
2.983791
2.978421
2.982753
2.983668
-2.978441
2.982779
2.981981
2.983009
-2.982957
2.983254
2.983851
2.984282
-2.983165
-2.982156
-2.983949
2.968925
2.983386
2.983327
-2.983398
-2.983712
-2.982876
2.983221
-2.228393
2.982539
2.982210
2.983431
2.982354
-2.467648
2.982159
-2.983594
-2.982383
2.983954
-2.980478
-2.983203
-2.982454
2.983709
-2.984443
2.983584
2.983860
-2.983771
2.983860
-2.983977
-2.982174
2.982848
-2.983716
2.983854
2.984087
-2.983631
2.982317
-2.980269
-2.983323
2.983940
-2.983935
2.983838
-2.975354
2.981155
2.983802
2.981789
-2.982990
2.984639
-2.983731
2.982429
2.975266
-2.978698
2.973836
2.981986
2.982937
2.983866
-2.982434
2.983590
-2.984026
2.982401
-2.984317
-2.982922
2.984136
-2.984000
2.983284
-2.983514
-2.983549
2.983555
-2.984047
2.969141
-2.982893
2.981699
2.983187
2.983338
-2.979906
-2.983187
2.984144
-2.983302
2.982864
-2.983112
2.980770
-2.984140
-2.983011
2.978594
-2.983488
2.984126
-2.982092
-2.983983
2.983796
-2.982117
2.984304
2.983327
2.983891
-2.980472
-2.984156
2.981754
2.978448
-2.983681
-2.983544
2.980939
-2.982167
2.983452
2.981985
-2.984071
2.982878
2.982491
2.853788
2.983604
-2.983022
2.238181
2.983381
-2.983280
2.983910
2.982050
2.982532
2.983548
2.975094
2.983189
2.983846
-2.982213
2.983687
-2.983725
2.982705
-2.983339
-2.982693
-2.982288
2.983047
-2.984242
2.978920
-2.920497
2.983208
2.983399
-2.984029
2.983860
2.982087
2.981631
2.869376
2.982727
-2.982961
-2.975436
2.982123
-2.983067
-2.983802
2.983752
2.982207
2.983432
-2.982440
-2.983588
2.982919
-2.982954
2.982332
2.983498
-2.978557
-2.983959
2.983450
2.983846
2.975267
-2.984240
-2.982597
-2.980982
2.983895
-2.983793
2.982105
-2.983513
2.983898
2.984121
2.983000
-2.984221
2.982761
-2.984098
-2.980217
-2.983479
-2.981425
2.981680
2.983224
-2.983821
-2.481680
-2.983494
-2.983713
-2.984035
2.982754
2.983595
2.982625
-2.978330
2.982840
-2.981676
2.984236
2.981568
-2.982944
2.983769
2.963743
-2.983080
2.984331
2.983192
2.982611
-2.984028
-2.980082
2.977590
-2.934131
2.983708
-2.981608
-2.983528
-2.981622
-2.982465
2.983943
-2.978363
2.980994
2.983023
2.983028
2.983653
2.982947
-2.979165
-2.983732
2.983470
-2.980025
2.984116
-2.984056
2.983975
-2.983417
-2.983520
2.983833
-2.983289
2.984068
-2.983333
-2.983815
2.982569
2.982225
2.982036
-2.980128
-2.982178
2.980307
2.983502
2.982039
-2.982987
2.984119
-2.984118
2.951464
-2.982890
-2.973991
2.981955
-2.982267
2.983158
2.982673
2.983681
-2.978710
2.983889
-2.980426
2.983358
2.983621
2.982924
2.983557
-2.983320
2.981542
2.983474
-2.983133
-2.979847
2.984037
-2.983546
-2.983206
2.984025
-2.983212
2.979458
-2.982779
-2.983141
2.983854
2.982241
2.984097
2.983286
-2.984218
2.984178
2.982930
-2.977271
2.983334
-2.983083
2.982242
-2.984109
-2.983310
2.982149
2.982470
-2.865640
2.983438
2.984234
-2.983245
2.983030
2.982192
2.983450
-2.982888
2.983599
2.981551
-2.984632
2.981728
2.946489
2.975102
-2.984014
2.983081
2.983002
-2.983351
2.983703
-2.981935
2.983366
-2.981080
2.983382
-2.984331
-2.983850
-2.984011
2.983489
2.982920
2.982288
2.983825
2.980363
2.984066
-2.983361
-2.983652
-2.983626
-2.982575
-2.982907
-2.975488
2.982945
-2.983876
2.983793
2.980188
2.982600
2.983251
-2.969037
-2.982925
-2.984125
2.980169
-2.981133
-2.981894
2.982890
2.984464
2.983939
2.982770
-2.983877
2.983309
-2.983513
-2.982622
2.984072
2.983795
-2.984250
2.983166
-2.980010
-2.982486
-2.979256
2.983889
2.983194
2.980739
2.982827
2.983007
2.983993
2.982618
2.980187
-2.981774
2.966554
2.983060
-2.983464
-2.981143
-2.983223
2.983156
-2.984197
-2.982390
-2.983658
-2.753809
-2.983414
-2.984381
2.971778
-2.983740
2.984101
-2.984098
2.981984
-2.983651
-2.978281
2.983005
-2.984338
-2.983115
-2.983986
-2.983604
2.980377
-2.983515
2.983570
2.982931
2.983613
-2.983748
2.982350
-2.967630
-2.984124
2.983871
-2.983771
-2.984100
2.974922
-2.984006
-2.984263
2.982889
-2.979601
2.981130
2.983297
2.982857
2.983160
2.983777
-2.981805
-2.982408
2.983909
-2.983731
-2.984130
-2.983480
-2.984169
2.981496
-2.981245
-2.983020
-2.981428
-2.982676
2.982099
2.981895
-2.982582
2.981589
2.982358
2.980527
-2.983850
-2.980251
-2.983953
-2.983971
2.983055
-2.982461
-2.984309
-2.983470
-2.982829
2.983238
-2.983550
2.978502
2.981841
-2.983682
-2.984186
-2.955631
-2.982802
2.982542
-2.984004
-2.983716
-2.976909
-2.983568
-2.983426
2.982313
2.983706
-2.983071
-2.983405
2.983433
-2.984113
2.983724
-2.984380
-2.984079
-2.983131
2.983439
2.983939
2.983212
-2.982289
-2.983688
-2.983500
-2.983456
2.983564
2.983421
2.983345
2.983840
2.983721
-2.982531
-2.982065
2.983373
2.983605
-2.983301
-2.978624
-2.982604
2.983528
-2.983305
2.982739
2.982359
2.983973
2.983809
-2.984021
-2.983650
2.982945
2.983223
-2.983024
-2.983627
-2.982229
2.970919
2.983586
-2.984496
2.983072
2.972754
-2.978574
-2.983915
-2.982773
2.982909
-2.983631
2.983291
-2.783951
-2.983792
2.983780
-2.982559
2.982192
2.983198
2.983064
2.978222
2.983788
-2.983887
-2.982561
-2.981014
-2.983790
2.983436
-2.963768
-2.898070
2.982756
2.978317
-2.982636
-2.968112
-2.984670
-2.983226
-2.983384
-2.983755
2.981913
2.983568
-2.982657
-2.984456
-2.983375
2.981293
2.982800
2.984187
-2.983120
-2.983403
2.972223
2.983773
2.984023
2.984171
-2.979306
-2.984049
2.983499
-2.983312
2.983345
2.982689
-2.982857
-2.981272
2.983358
-2.981456
2.982063
2.984071
-2.984099
-2.964841
2.984307
2.802703
2.982784
2.984225
2.982817
2.970412
-2.981335
2.981768
2.982674
-2.980436
2.981789
-2.981784
-2.982869
2.982626
-2.984213
-2.983822
2.981861
2.983835
2.983311
2.982413
2.983253
2.983949
-2.983133
2.982262
2.983494
2.966677
2.981296
2.984672
2.983942
-2.983673
2.982761
2.983101
2.983209
2.975294
-2.983322
2.983654
-2.984393
-2.982512
-2.981850
2.982965
-2.949952
2.981859
-2.982938
-2.982982
2.982888
2.982593
2.984066
-2.983386
2.983151
2.887939
2.983255
2.983394
-2.983100
-2.983413
2.980645
-2.984373
-2.982905
-2.983209
-2.984161
2.982963
2.984203
2.984032
2.981409
2.983973
-2.983639
-2.970156
-2.980117
2.983868
2.980091
-2.984232
2.984657
-2.983719
-2.983867
-2.984097
-2.983142
-2.983516
-2.983215
-2.983746
2.983877
-2.983578
2.982364
-2.983619
-2.982427
2.949101
2.984029
2.983044
-2.983605
-2.982986
-2.981120
2.984251
2.980660
2.982910
2.982019
2.917805
2.982787
-2.983991
-2.977751
2.981566
2.984673
-2.981201
-2.982608
2.983398
2.983876
2.983873
2.983878
2.982778
2.982567
1.723995
2.984092
-2.983396
-2.983499
2.984072
2.982335
2.983384
-2.962169
-2.982632
2.983651
-2.982976
2.982713
-2.983704
-2.982330
2.984076
-2.983278
2.984157
-2.981725
-2.981712
2.983448
2.984083
2.983673
2.983609
2.983770
-2.983566
-2.982631
-2.984322
2.983496
-2.983170
-2.983933
2.983988
-2.984055
2.983699
-2.983586
2.510759
-2.983668
2.983276
2.982550
2.983429
-2.959292
-2.984424
-2.984198
2.981907
-2.983680
2.980828
-2.971011
-2.983454
2.972286
-2.983630
-2.984153
-2.983309
-2.982726
2.984113
2.983062
-2.983848
2.978669
-2.982832
2.983012
-2.887437
2.982836
-2.982902
2.981371
2.983943
-2.982185
-2.982920
2.983258
-2.983373
2.981880
2.981334
-2.983771
2.903506
2.982024
-2.983999
2.983315
2.983767
2.982931
2.982851
2.983472
-2.982808
2.983371
2.983116
2.984151
-2.983723
-2.983268
2.984276
-2.984065
-2.983556
-2.983959
-2.984204
-2.983135
2.650222
-2.983643
-2.983334
2.984120
-2.983176
2.984090
2.982891
-2.983537
-2.982375
2.983422
-2.983406
-2.983721
2.837567
2.983241
2.982753
-2.983301
-2.982659
2.983385
-2.982408
2.983576
2.984278
-2.982985
-2.983856
2.982689
-2.976305
-2.981232
2.980048
-2.983972
2.983023
-2.984137
2.981496
-2.980151
2.984319
2.983623
2.983865
-2.983014
2.984450
2.983502
2.984124
-2.984010
-2.983824
2.984198
-2.983556
-2.983138
2.983727
-2.983862
2.969834
-2.981593
-2.981626
-2.982246
-2.982843
-2.983880
2.983936
-2.982893
2.983666
-2.192315
-2.982879
2.984153
2.983945
2.983238
-2.983320
2.981838
-2.983167
2.984011
-2.983581
2.982903
-2.982126
2.900351
2.980074
-2.983550
2.980188
-2.983845
-2.983986
-2.978953
2.983808
2.983288
-2.983845
2.982227
-2.983485
2.984032
-2.983917
-2.983247
2.984137
2.983662
-2.983900
-2.982677
2.982909
-2.983993
-2.979679
-2.983834
-2.973881
-2.983234
2.982975
2.983748
2.983152
2.979232
-2.983367
-2.984402
2.982765
-2.983712
2.982921
2.976552
-2.981215
-2.983659
2.982001
-2.984452
2.982945
-2.979937
-2.983881
-2.983987
2.982572
2.982023
2.981884
2.982895
-2.983884
-2.983919
2.982666
0.246633
-2.938475
2.983191
2.981066
2.983735
2.975956
2.982189
2.984277
-2.983280
2.984664
-2.982883
-2.983121
-2.967327
-2.983989
2.983035
-2.982932
2.984136
-2.980463
2.983977
2.983045
-2.983950
-2.983004
-2.984337
2.983531
2.983447
-2.983664
2.982787
2.983360
2.983924
-2.983660
-2.984250
2.982888
-2.975149
2.983382
2.983110
2.981313
2.960892
2.980276
-2.983784
-2.983435
-2.981784
2.983959
2.982456
2.983185
2.983495
-2.982016
2.982967
2.983809
2.984165
2.983739
2.984622
2.983959
-2.982109
2.982579
2.983586
2.983244
2.983008
2.984369
2.982995
-2.983691
-2.983364
2.983813
2.983465
-2.983395
2.981079
2.983567
2.983154
2.984652
-2.983807
2.983010
-2.984445
-2.984166
2.982952
-2.980519
2.982898
2.970273
-2.981162
2.983696
-2.983212
-2.982571
-2.982899
2.983370
-2.983864
-2.982878
2.983877
2.972653
-2.983653
-2.983592
2.983375
2.982593
2.980841
-2.983823
2.983504
-2.983348
-2.979374
2.983382
-2.984330
-2.982925
2.981476
-2.983743
2.982561
2.983960
-2.943504
2.984270
-2.484136
2.983830
2.983304
2.982843
2.983781
-2.984700
2.976202
2.982628
-2.983002
2.982502
-2.983166
-2.984380
-2.984210
2.984296
-2.983669
-2.984151
2.983574
-2.983591
2.978901
2.984600
-2.961078
2.982895
2.983813
-2.983971
-2.982210
2.983966
-2.982956
2.983193
-2.982811
-2.983636
2.939466
-2.984067
-2.982789
2.983265
2.983478
-2.984124
2.983538
-2.983345
-2.983219
2.978841
-2.980020
2.966909
2.983474
2.984112
-2.976802
2.983797
2.982786
2.981534
2.983766
-2.982922
-2.983587
2.978283
2.984406
2.982414
2.984322
-2.982994
2.983898
2.983127
2.983649
2.982894
-2.983763
2.982694
2.983991
-2.983593
-2.984188
2.983066
-2.984168
2.982796
-2.983484
2.983712
2.980337
2.981846
-2.983605
2.983664
-2.983836
-2.981464
-2.983925
-2.981874
-2.982823
-2.982952
2.984414
2.979776
2.983798
-2.982969
-2.979925
-2.983757
2.981898
-2.983221
-2.983230
2.982809
2.983773
-2.984427
2.983800
2.983560
-2.980255
2.983351
2.984119
2.980704
2.975691
-2.983400
-2.983882
-2.983521
-2.981926
-2.982828
2.981785
2.983857
-2.983539
2.984658
-2.983309
2.980865
2.983495
-2.984263
-2.982901
-2.983822
-2.978563
-2.982907
-2.977459
-2.983436
-2.976144
-2.982386
-2.983821
2.983899
-2.982657
-2.983825
-2.977855
-2.983512
-2.981871
2.981890
2.982927
-2.984323
-2.984003
2.983985
-2.981921
2.981978
2.981880
2.983296
-2.983091
-2.984664
2.983987
2.983363
2.983050
-2.984114
2.981473
2.983041
2.982104
-2.983945
2.984145
2.982108
-2.982272
2.983462
-2.981569
2.983206
2.982113
-2.666944
-2.978783
-2.983320
-2.981874
-2.983454
-2.978876
-2.982631
2.983730
2.983452
-2.984118
2.983721
-2.983379
2.984233
-2.983313
-2.979400
2.983904
-2.978969
-2.982514
2.981743
2.962390
-2.983858
-2.976966
2.981136
2.983847
-2.983864
2.983875
2.982987
2.968021
2.983565
-2.984077
2.978464
2.981191
-2.983821
-2.979128
-2.904834
-2.953627
2.981845
2.982058
2.983490
2.983627
-2.984152
-2.983670
-2.983785
-2.983335
-2.969240
2.982603
-2.983463
-2.983167
-2.983179
2.983993
-2.982923
-2.983873
2.977567
2.982984
2.980899
2.983266
-2.981437
-2.983703
-2.981380
-2.982906
2.983237
2.983495
-2.984015
2.983762
-2.983876
2.984245
-2.980192
-2.978343
2.984371
-2.984668
2.983556
2.983167
2.980878
2.980780
2.961867
2.983263
-2.983474
2.983820
2.980779
-2.980008
-2.983244
2.984129
-2.979634
2.984000
-2.983662
2.982449
-2.961705
2.983705
2.984309
-2.974118
2.984033
2.984185
-2.982920
-2.983708
2.983112
-2.979676
-2.983468
2.983771
2.983154
2.983012
2.983348
2.984090
-2.984028
2.983332
-2.983260
-2.983405
2.983872
2.981356
2.983861
-2.979039
2.983930
-2.983844
2.981384
2.866602
1.031328
-2.983094
-2.984087
-2.982210
-2.984195
-2.983733
2.983931
-2.980770
-2.982463
-2.984146
-2.983501
-2.983046
-2.983102
-2.983083
2.984056
2.983675
2.984173
-2.982994
-2.983356
2.982908
2.983571
2.983635
-2.982981
-2.983886
-2.982805
2.975505
2.983359
-2.984358
2.983867
-2.982119
2.983964
2.981443
-2.982202
-2.982204
-2.982989
-2.983263
2.983017
2.977703
-2.983117
2.984071
2.982253
2.983014
2.979922
2.984200
2.982977
2.983808
2.980620
2.983013
-2.982638
2.983846
-2.983945
-2.984077
-2.982756
2.984030
2.983383
-2.983711
2.984669
2.982846
-2.982733
2.982879
-2.941053
-2.983237
2.834652
2.982984
-2.983159
-2.983755
-2.981265
-2.982743
2.981841
2.982201
2.982758
-2.983080
2.983049
2.983712
-2.984445
2.983756
-2.984118
2.983369
-2.983836
2.983235
2.983882
-2.981339
-2.983125
-2.982409
-2.983157
-2.983312
-2.982890
-2.980955
-2.983302
-2.983472
2.982718
-2.983761
-2.973452
-2.984651
2.980287
-2.984203
2.981296
2.983903
-2.983683
2.984250
2.983795
2.904043
-2.982155
-2.979643
-2.983641
-2.981871
2.983376
2.980529
2.840700
2.983673
-2.984116
2.892846
-2.979696
2.978804
-2.981627
-2.982585
2.983945
2.983550
-2.982805
2.983302
-2.983254
2.982974
2.983845
-2.982293
-2.984433
2.983594
2.983208
-2.984315
-2.984026
-2.975753
-2.983591
2.984049
2.983221
-2.983899
-2.983425
2.982833
2.982742
2.983347
-2.982847
2.983645
-2.980666
-2.977455
2.984647
-2.983653
2.982214
2.979159
2.983886
2.982529
-2.983643
2.984132
-2.983449
-2.984155
-2.977396
-2.982655
2.984125
2.982858
-2.982181
-2.983181
-2.983717
2.983309
-2.982754
2.983879
2.984147
2.983216
2.979090
-2.983530
2.983945
2.983202
-2.980764
2.981666
-2.982302
2.983666
2.982883
-2.984440
2.984323
2.979140
2.983326
2.981983
-2.982539
-2.983724
2.984300
2.981671
-2.983982
-2.982883
2.984004
-2.979698
-2.983767
-2.983714
-2.984277
-2.981685
-2.984652
-2.982016
-2.982180
-2.984655
-2.982921
-2.980191
2.981889
2.981180
2.982824
-2.984096
-2.983670
-2.984188
2.981254
-2.984330
2.983155
2.981377
2.983449
-2.982276
-2.982319
-2.982550
2.982334
-2.982871
2.984077
2.982926
-2.983294
-2.982858
-2.984076
-2.971450
-2.982262
2.984667
2.983737
-2.983840
2.981839
-2.983441
-2.982436
2.982416
-2.982690
-2.983624
-2.983533
-2.974081
2.983881
2.983730
-2.983720
-2.982316
2.980446
2.983390
2.983473
-2.982783
2.983944
-2.983860
-2.983416
2.983579
-2.981513
-2.984054
-2.982703
-2.983876
2.982203
2.982794
-2.983262
-2.984352
-2.981839
2.982492
-2.981164
2.984048
-2.983042
-2.982984
-2.983263
-2.983983
-2.983059
2.981531
-2.984098
-2.983483
2.983982
-2.983758
-2.979231
2.983757
2.982943
-2.984104
2.984202
-2.983716
-2.983236
-2.984348
2.942058
-2.982218
-2.983633
-2.983970
2.981481
2.984103
-2.983396
-2.984155
2.984122
2.979448
-2.983336
2.983731
-2.979489
-2.980883
-2.975978
-2.982892
-2.983204
-2.984046
-2.983427
2.981145
-2.984175
2.979029
2.982504
-2.984031
-2.983308
2.983073
2.983927
2.982239
2.983158
-2.983076
2.984462
2.983792
-2.983905
2.983409
-2.983780
2.983471
-2.983349
2.982977
-2.983318
2.983751
-2.983958
-2.984406
2.983800
2.983804
-2.983866
2.981547
2.982401
-2.983855
2.956932
2.983884
2.983830
-2.979941
2.983805
2.981167
-2.983791
2.981213
-2.984001
2.979330
2.978736
-2.907664
2.978454
-2.982215
-2.983848
2.876198
2.981660
2.983732
2.984281
2.983478
-2.983786
2.981145
2.983108
2.983198
2.977679
-2.982983
-2.982287
-2.982773
-2.983241
-2.983780
2.978831
2.983718
-2.982921
2.983247
-2.983992
2.979299
-2.983343
-2.983545
-1.500758
2.983587
-2.984661
-2.983851
2.982589
2.982651
2.983895
-2.983144
-2.983454
-2.983141
2.980920
-2.981364
2.919309
2.984080
2.983673
-2.981969
2.984467
-2.984188
2.984222
-2.983467
-2.984233
2.981490
2.983034
2.984133
-2.983452
-2.978551
2.984376
-2.981336
2.983793
2.984001
2.978820
-2.983973
-2.982523
-2.982918
2.983204
2.983920
2.983583
2.984093
-2.982460
-2.983797
-2.982899
-2.983709
-2.984184
2.983400
2.984442
-2.983999
-2.978189
2.983477
2.982129
2.983569
-2.981746
-2.982914
2.983364
2.984091
-2.983539
-2.983537
2.983742
-2.983350
-2.984002
2.982936
2.984288
2.983456
-2.966950
-2.981676
2.981811
-2.983582
2.984290
-2.982912
2.980713
2.983624
-2.982312
2.981825
-2.984066
-2.982193
2.983515
-2.983482
-2.983122
2.982884
-2.982793
2.984195
-2.984286
-2.902002
2.983752
2.982945
2.981456
2.983966
2.980665
-2.984046
2.982976
-2.983297
2.984356
2.983302
2.983323
-2.980086
-2.984233
2.981971
-2.980770
2.982810
-2.983824
-2.983371
2.983428
2.981329
2.978177
2.984193
2.969582
2.983084
2.895240
2.983893
2.982970
-2.982963
-2.982138
2.983483
2.983728
2.980270
-2.984669
2.982986
2.983255
2.982878
-2.983675
2.981817
2.983726
-2.981713
2.980159
-2.981896
-2.983946
-2.983512
-2.981331
2.983489
-2.984251
2.982867
2.981431
-2.982600
2.970844
2.981993
-2.982587
-2.983260
-2.982712
-2.984044
-2.984033
2.981576
-2.984652
2.983439
-2.983973
-2.983984
-2.983810
-2.984655
-2.977053
2.979155
2.982879
2.983376
2.983894
-2.983886
-2.965156
-2.983071
-2.981484
2.982932
2.983672
2.982008
-2.983287
-2.983832
2.983171
-2.983607
-2.984435
2.983707
2.984358
2.982124
-2.983146
-2.982373
2.983755
2.983568
2.983929
-2.983608
2.978418
2.984240
2.984120
-2.980034
2.983086
-2.983395
-2.983831
-2.982645
2.982935
-2.983591
2.983931
-2.980081
2.983296
2.983937
2.983048
2.983338
-2.981050
2.933607
2.982642
2.981364
-2.984015
2.653238
-2.983668
-2.983862
-2.984269
2.979310
-2.983409
-2.983382
-2.983762
-2.981737
-2.983404
-2.983405
-2.984109
2.463379
2.981127
-2.984024
2.983860
2.978662
2.982448
-2.982846
-2.983582
-2.982006
2.980032
2.981730
2.984148
2.983972
2.984014
2.983027
-2.983557
-2.984674
2.982146
2.964230
-2.976961
2.983327
-2.982650
2.983105
2.983847
2.983234
2.982775
-2.982921
2.983465
2.984373
-2.984400
-2.982522
-2.984071
2.984088
2.982402
2.972277
-2.983929
2.983728
-2.983223
2.983970
-2.981718
-2.957633
-2.983184
2.974203
-2.983153
-2.983783
-2.983559
2.983301
2.984084
2.982974
-2.982540
-2.981901
2.983019
-2.981958
2.984278
-1.976545
2.981063
-2.983127
-2.983190
2.974182
2.984160
2.982387
2.984157
2.983637
2.983389
-2.982882
2.980202
-2.983224
2.983430
-2.980582
-2.982252
2.980027
-2.983438
2.982038
2.983995
2.983250
2.983402
-2.983361
-2.961626
-2.970655
2.983073
2.983005
2.982743
-2.983339
2.983352
2.981750
2.982236
-2.983021
-2.983741
-2.983511
-2.982000
2.984324
-2.984001
2.984679
2.983618
-2.983142
-2.983800
-2.984129
-2.982129
-2.983018
-2.983256
2.983335
2.825982
2.984354
-2.983019
2.983872
2.984049
-2.984072
-2.982430
2.973994
2.983842
2.983198
0.711362
-2.984103
-2.984006
-2.981996
2.981826
-2.983792
-2.979644
2.983975
-2.983518
2.984109
-2.982333
2.981718
2.974496
2.984205
2.983082
2.982530
2.983078
-2.984266
2.968957
2.982954
-2.983216
-2.983707
2.983539
-2.983257
0.937204
-2.983977
-2.984654
-2.982148
-2.982451
-2.981442
2.982676
2.984065
2.984241
-2.984383
2.983187
-2.983159
2.983536
-2.983381
2.982112
-2.983740
-2.984055
-2.983610
2.984071
2.980869
-2.981817
-2.982196
-2.983636
2.977730
2.982677
-2.982780
-2.979073
2.982958
-2.984326
-2.981875
2.983336
-2.981716
2.983353
2.983469
-2.983572
-2.982684
2.980265
-2.984299
2.980913
-2.984497
2.983691
2.983797
-2.982039
-2.982559
-2.974337
2.983449
-2.981030
-2.983375
2.983834
2.503989
-2.983986
-2.983038
2.983456
2.982763
2.982606
2.983444
2.977952
2.983418
-2.981799
2.982644
-2.982896
-2.978130
-2.983673
-2.984022
-2.983443
-2.983464
-2.983166
-2.983854
2.970066
-2.984003
2.984344
-2.974140
-2.983063
2.983987
2.983721
-2.983857
2.983774
-2.982214
2.984005
2.983552
2.982851
-2.984196
-2.983927
2.980085
-2.964263
-2.983954
2.983427
-2.983319
2.983691
-2.983169
-2.983283
-2.980717
-2.982947
2.980345
2.983399
2.983291
2.975061
2.982493
2.984120
-2.971726
-2.984101
-2.983844
-2.983503
-2.982524
2.983365
2.983726
2.983729
2.984058
2.983710
2.983509
2.981504
2.984095
2.983417
-2.984205
-2.983588
2.981588
-1.947890
-2.983102
-2.983511
2.983712
-2.983781
1.052881
2.983956
2.984662
2.984028
-2.983397
-2.982661
-2.983574
-2.981988
-2.980845
-2.982887
-2.984356
2.530241
2.981681
2.984028
-2.981822
2.983467
2.980319
2.983271
2.982756
2.981673
2.981488
2.980541
2.982740
-2.982551
2.984652
-2.950745
2.983566
-2.982962
2.983567
2.982363
2.981721
2.981292
2.982522
2.982982
-2.981404
2.983287
-2.620415
-2.983949
-2.983932
-2.983837
-2.982964
-2.983573
-2.983585
2.982973
2.982561
2.984000
-2.979616
2.983482
-2.981711
2.983625
2.906584
2.984354
-2.984006
2.983790
2.981184
2.983742
-2.982345
2.983812
2.983691
-2.983023
2.983704
2.982509
-2.980036
2.983801
-2.983066
-2.983828
-2.980548
2.964382
2.983685
-2.981950
-2.983540
-2.983861
-2.984295
2.983724
2.982954
2.981120
2.982799
-2.983071
2.982795
2.982936
2.970177
-2.982723
-2.984313
2.983818
-2.983392
2.982983
-2.981243
2.980308
-2.982971
-2.983851
-2.982894
-2.984051
2.982648
2.983913
-2.983576
-2.982192
2.984677
-2.982086
2.984042
-2.978509
2.980288
2.981606
-2.982885
-2.983989
-2.983530
-2.983559
2.980680
2.983977
2.983154
2.984068
2.983478
2.984180
2.982944
-2.981939
2.981989
2.983582
2.973006
-2.982171
-2.983412
1.771896
2.983468
2.983112
-2.915597
2.982242
2.983860
-2.982812
-2.983744
2.983366
-2.983749
-2.984449
-2.980795
2.982306
2.983169
-2.984637
-2.983714
2.983427
-2.983884
2.983672
-2.982009
2.983731
2.983974
-2.980899
2.983478
-2.982882
2.943134
-2.982061
-2.983925
-2.983237
-2.983382
-2.984290
2.981469
-2.983607
-2.983294
2.983825
2.981198
2.981040
2.434519
-2.983261
-2.983327
2.982727
2.983222
2.981122
-2.983428
2.975263
2.983803
2.983719
-2.981790
-2.983895
2.983389
2.982438
2.983644
2.984179
2.982378
2.984653
2.984674
-2.982737
-2.981977
2.983187
-2.983349
2.982960
2.979737
-2.982466
-2.983340
2.983548
2.980455
2.981718
-2.983352
2.983277
2.983913
-2.981512
-2.983051
-2.982359
2.983811
-2.983571
-2.984227
2.980512
-2.983539
-2.983971
2.983171
2.982898
-2.982909
2.983367
-2.982174
2.982289
2.983890
2.984434
2.978415
2.982331
2.979553
2.942824
-2.982616
-2.983124
-2.983210
-2.984492
-2.984050
-2.984663
2.924176
-2.980609
-2.982412
-2.983611
-2.983543
2.983942
2.983804
-2.973391
-2.982004
2.984262
2.982583
2.984033
-2.981178
2.982988
-2.983080
2.982269
-2.983734
2.976734
-2.865069
-2.983082
-2.873880
-2.981378
2.980877
2.983913
-2.941215
-2.984042
2.981183
-2.982951
-2.982671
2.984050
2.981967
-2.982505
2.982707
-2.982865
-2.981905
2.983008
2.982950
-2.980363
2.983775
2.983996
-2.983979
-2.983936
-2.982007
2.983620
2.983405
-2.982337
-2.981477
-2.981388
2.983418
-2.984613
2.981503
-2.984083
2.978698
2.984083
2.984164
2.982702
-2.983917
-2.983269
-2.982508
-2.981214
-2.982444
-2.983033
2.983159
2.982973
2.983414
-2.984372
2.983318
-2.983571
-2.982973
-2.982693
-2.982241
2.983861
2.983264
2.980823
2.981054
2.983223
-2.983668
-2.984125
-2.983915
2.983499
2.983782
-2.977906
-2.982925
2.983677
2.983930
2.983676
-2.976724
2.982987
-2.983029
-2.984263
2.981832
2.983758
-2.982274
2.984225
2.984466
-2.983739
2.984011
2.984150
2.983963
2.982918
-2.983602
-2.983836
2.982920
-2.983601
2.983479
-2.982372
-2.982561
-2.983615
2.982544
-2.983176
-2.981369
-2.983970
2.982188
-2.984057
-2.983328
2.982505
2.982039
2.983561
2.983401
-2.981333
-2.984236
2.983713
2.981928
-2.983263
-2.983651
-2.983854
2.983652
2.984130
2.982831
2.978826
2.983535
2.983801
2.983797
-2.984331
2.984011
2.983865
-2.983297
2.983423
-2.977409
2.984220
2.983613
-2.981492
-2.983880
-2.983402
-2.978193
-2.982766
-2.979202
2.983644
-2.982899
2.983480
2.893267
-2.980728
-2.984183
-2.983966
2.983010
-2.984275
2.982856
-2.983674
2.983388
-2.974438
-2.983818
2.984050
2.984233
-2.983278
-2.983071
-2.983427
2.984357
2.981704
2.983886
2.984190
-2.984072
-2.984069
-2.981258
2.981897
2.983408
2.982867
-2.983299
2.982931
2.983330
2.984376
2.978901
-2.982038
-2.982464
-2.981545
2.984080
-2.983454
2.983683
-2.983136
2.981938
2.984022
-2.982065
2.972675
2.983468
-2.977395
2.982828
-2.983126
2.981589
-2.983477
-2.983076
2.983227
2.982499
-2.982324
-2.980373
-2.983378
-2.983865
2.982645
-2.979028
2.983373
-2.982432
-2.984181
-2.983920
2.983429
-2.964442
2.983674
-2.984523
2.984237
2.978504
-2.981228
-2.983983
2.983826
2.983828
2.977478
-2.983569
2.983507
-2.981818
-2.974087
2.983583
2.983746
-2.982983
-2.983431
-2.983495
-2.984065
-2.984442
2.983426
-2.983941
-2.983867
2.982931
-2.982818
-2.924404
-2.594617
-2.981830
2.984043
-2.982935
2.982336
2.981785
2.984178
-2.982010
-2.983820
-2.984040
2.982266
2.983409
2.983288
-2.984014
2.980105
2.983753
-2.984185
-2.983404
-2.980777
2.983957
-2.983507
2.984218
2.983381
-2.983838
-2.982895
2.983131
-2.983529
-2.983426
2.984269
-2.983089
-2.984116
-2.983796
-2.981974
2.982861
-2.983221
2.981004
-2.981841
-2.964509
2.983738
2.982083
-2.983693
2.984526
2.984060
-2.984669
2.984586
2.975382
2.977735
-2.982890
-2.983022
2.983262
-2.979725
2.983342
2.982999
2.979773
2.981865
-2.982846
2.983910
2.983788
2.983702
2.983811
-2.984293
-2.983670
2.982920
2.983407
-2.981840
2.983615
-2.983846
2.980170
-2.981268
-2.984421
-2.983698
-2.983370
2.983337
2.925196
-2.981261
2.983982
-2.983712
2.982247
2.983300
2.983322
-2.981312
2.982892
-2.983707
2.979772
2.982146
-2.983967
2.983589
2.983692
2.983580
2.983284
-2.984071
-2.982102
-2.984058
-2.983883
-2.984655
2.983662
-2.983023
2.983476
2.982125
2.983774
2.983195
-2.982953
-2.979730
2.983066
-2.983540
2.982874
-2.982045
2.983466
-2.982940
2.981554
2.984015
2.982135
-2.983686
-2.982928
2.983200
2.978403
1.594646
-2.984142
-2.983861
2.984090
2.984093
2.977688
-2.984662
-2.982780
2.983450
2.972989
2.983150
-2.983026
2.980107
-2.983384
2.983135
2.980589
2.983227
-2.983593
2.982866
2.983330
-2.984373
2.982023
2.983657
2.980949
2.983226
-2.984185
-2.166172
2.981387
2.984431
2.983846
-2.984436
2.983846
2.983615
2.982034
2.982252
-2.984244
2.983952
2.984090
2.983270
2.983401
-2.982906
-2.981939
2.982875
2.982932
2.942861
-2.983667
2.983928
-2.983299
-2.977911
-2.983789
-2.983952
-2.983758
2.981934
-2.983972
2.983991
-2.982259
2.976695
2.982512
2.982904
-2.981559
-2.977413
2.983863
-2.983672
2.982257
-2.983581
2.984195
2.982740
2.983806
2.983432
2.984432
2.983592
2.981914
-2.982492
-2.982914
2.980484
2.983293
2.983830
-2.983625
-2.982573
2.980586
2.984268
-2.982484
2.983168
-2.983131
-2.984647
2.982856
-2.983997
2.982826
-2.983298
-2.983055
2.982479
2.982337
-2.981022
-2.983610
-2.983228
2.980025
-2.983870
-2.983629
-2.980019
2.982048
2.983617
2.981721
-2.979804
-2.982890
-2.982882
-2.979083
-2.983887
2.983907
-2.983626
-2.983491
2.983783
-2.977926
-2.983817
2.983123
-2.983637
-2.978519
2.983915
2.983895
2.983333
-2.983166
-2.984117
-2.981386
-2.984098
2.983393
2.982630
-2.981984
-2.982177
2.980902
-2.982305
-2.983217
2.982149
-2.978611
-2.983632
2.984076
-2.967124
2.982904
2.982876
2.983599
2.982179
-2.974554
-2.983537
2.983846
2.984157
-2.983708
2.982987
2.983604
2.982385
-2.975625
-2.981615
2.736808
-2.983602
2.982363
-2.982508
-2.983731
2.984056
-2.983373
2.983731
2.981427
-2.983827
-2.983774
2.984233
2.984319
2.983827
2.983638
2.982041
-2.982021
-2.981931
-2.981007
-2.983433
-2.983536
2.982819
2.983123
2.526947
2.977801
2.983865
2.982442
-2.983645
2.982992
-2.983591
2.983136
-2.976350
-2.978917
2.983957
-2.983483
-2.983482
-2.982012
-2.982516
2.982945
-2.984059
-2.984131
2.984339
-2.983931
2.982926
-2.983716
2.982766
2.982521
2.984065
-2.982973
-2.983727
-2.980751
2.983804
2.983449
2.983747
-2.984397
-2.982492
-2.981753
-2.983573
-2.983345
2.982982
2.984172
-2.982248
2.980073
2.983581
-2.983202
2.982000
-2.983869
-2.982439
-2.641059
2.983567
-2.982983
-2.984357
-2.983711
-2.982923
2.983283
-2.983407
2.981296
-2.983853
2.982360
2.983521
2.983847
-2.983708
-2.984083
-2.982941
2.982924
2.983817
-2.980777
2.983174
2.980229
2.983867
-2.983450
2.982658
2.983404
2.984241
2.983633
-2.983898
-2.981909
-2.983334
-2.983198
-2.983157
-2.983623
-2.972155
-2.980791
-2.983899
-2.756218
-2.983392
2.983790
-2.983153
2.983172
2.983607
-2.979156
-2.983744
-2.983734
2.984259
2.983916
-2.983547
2.983983
2.983271
-2.716743
-2.982248
2.982960
2.977201
-2.984066
-2.980553
2.982760
2.979753
2.968549
2.984095
-2.982543
-2.982064
2.983929
-2.980212
-2.983365
2.982118
-2.983111
-2.982483
-2.982599
-2.982908
-2.984289
2.983321
2.983236
2.984038
-2.972533
2.982862
-2.984096
-2.984077
2.983631
-2.984357
2.983978
2.982415
2.984212
-2.984253
2.980291
-2.982602
-2.984033
2.983176
-2.982887
2.982092
-2.983243
2.978243
-2.981751
2.983501
-2.982326
2.977914
2.982495
2.983504
-2.983329
2.983118
-2.979625
-2.979846
2.982653
2.983857
2.982839
-2.627879
2.977216
2.983939
-2.982639
-2.984140
2.983180
2.983107
2.903731
2.982980
-2.983339
-2.980682
-2.978989
-2.982835
-2.984078
-2.983152
2.982313
-2.982805
2.982951
2.984299
-2.979305
-2.978562
2.983685
-2.984384
-2.984666
-2.982998
2.983346
2.983675
2.983826
2.983941
2.982531
2.981991
2.983754
2.983287
-2.960238
-2.909825
2.982646
2.977216
2.984065
-2.982869
-2.983577
-2.984186
-2.983987
-2.984175
2.982886
-2.983493
2.983333
-2.982878
-2.984023
-2.983185
-2.983743
2.984030
2.984348
-2.984400
-2.984076
2.983590
2.984399
2.982542
2.951370
-2.982946
2.979877
2.984343
2.983209
-2.976600
-2.981751
2.983486
-2.984102
2.983772
2.984472
2.983826
2.983053
2.983478
-2.979014
-2.983557
2.983241
-2.965649
-2.983598
2.976389
2.984032
2.982909
-2.981105
-2.981817
2.982139
-2.981651
-2.977197
2.983561
-2.983935
2.983921
2.974636
-2.983733
-2.983100
-2.982736
-2.977723
-2.983592
2.983507
-2.983250
-2.970597
2.984372
2.984144
2.979721
-2.979487
-2.980559
2.983739
2.984472
-2.982977
2.984673
2.983725
0.253438
-2.984263
2.982305
-2.983982
-2.983575
2.980075
-2.974074
2.983618
-2.979870
-2.983945
2.984009
2.982821
2.982953
-2.982256
-2.983002
-2.983235
2.982748
2.975857
2.983407
2.982349
2.983385
-2.983369
2.962126
-2.980175
2.943141
2.983780
2.980384
-2.983382
-2.983932
-2.983524
2.983373
2.983765
2.984119
-2.983864
2.983464
2.980237
2.982865
-2.984402
2.984037
2.980188
-2.983940
-2.982685
-2.983272
2.984250
2.983709
-2.983439
-2.981761
-2.983223
-2.983219
2.982278
-2.983600
-2.982924
2.891556
2.981967
2.983702
-2.981976
2.983379
-2.981860
-2.976246
2.983610
2.982411
2.983030
-2.984149
-2.978729
-2.984102
2.982945
2.983362
-2.983934
-2.980187
-2.983356
-2.981256
-2.984246
-2.975418
2.983763
-2.984250
-2.984075
-2.982950
2.983302
2.980584
-2.984380
-2.983182
2.983433
-2.983394
-2.982387
2.983834
2.968770
-2.979472
-2.981171
-2.983047
2.982975
-2.983555
-2.984332
2.981204
-2.981197
-2.983380
2.983104
-2.981439
-2.983014
-2.984342
2.983064
2.983634
-2.984660
-2.983770
2.982141
2.984193
-2.983185
2.983565
2.983693
2.983975
-2.982792
-2.977697
-2.983974
-2.983600
-2.981059
-2.982821
2.586551
2.981851
-2.983621
-2.983046
2.982998
2.983725
-2.982693
-2.983398
-2.983540
-2.984081
2.984210
2.983751
2.980355
-1.766122
-2.984246
2.983356
2.983358
-2.982187
-2.983341
-2.984335
-2.983360
2.982741
2.982947
-2.983884
-2.984649
-2.982403
2.982749
-2.982535
-2.982852
2.983347
-2.983511
-2.983839
-2.983316
2.977829
-2.984013
-2.983688
2.983452
-2.982441
2.982580
-2.982398
2.983757
-2.983412
2.982433
-2.982095
2.984287
-2.982417
2.945661
-2.984043
-2.980593
-2.981342
2.982697
2.982112
2.984079
-2.983380
2.983266
-2.982850
2.982646
-2.980059
-2.984039
2.984305
-2.984078
2.983066
2.984079
2.983574
-2.984218
-2.983459
2.460820
-2.983787
2.982537
-2.983311
2.979545
-2.983620
-2.982756
2.983340
2.983550
-2.982408
-2.983985
2.982294
2.983558
2.983780
-2.960871
-2.984005
-2.982809
2.983856
2.982791
2.983555
-2.969471
2.983309
-2.983522
-2.984456
-2.984648
2.982772
2.983873
2.981899
-2.982929
2.983692
-2.981101
-2.983614
2.983383
-2.933149
-2.983654
2.982185
-2.983787
-2.983685
-2.541165
2.982819
-2.983421
2.982478
-2.983668
2.982878
-2.984076
-2.982969
2.983510
2.982534
2.983222
-2.983200
2.983502
2.983992
-2.983442
2.983011
-2.976088
2.983602
2.984269
2.983581
-2.984340
-2.981981
2.983234
-2.983636
2.982196
-2.984070
2.983278
2.981882
2.983599
-2.983771
2.983601
2.972396
2.982551
2.983585
-2.982753
-2.969904
2.983549
2.982887
-2.983474
-2.981940
-2.983707
-2.984127
2.983446
-2.983672
-2.925069
-2.979132
-2.982920
-2.983556
-2.983994
2.984044
-2.982325
2.984670
2.981794
-2.982915
2.982724
-2.983979
2.984052
-2.976829
-2.982459
-2.983543
-2.983797
-2.982212
2.966942
-2.983964
2.980558
2.983585
2.982317
-2.983351
2.983206
-2.982995
-2.983908
-2.981793
2.983882
2.981778
-2.983959
-2.983882
-2.983690
-2.983013
2.982989
-2.981866
-2.983432
2.982502
2.984206
2.939058
2.981927
-2.982774
-2.983301
2.983357
-2.983435
2.356048
-2.984008
2.977329
-2.984016
2.983917
-2.981809
-2.983800
2.984440
2.984271
2.983090
2.981886
2.982933
-2.983296
2.982160
2.983123
2.983552
2.984015
2.983294
2.984001
-2.984350
2.982721
2.983899
2.982667
-2.984304
2.982018
-2.983593
-2.982937
-2.982357
2.984203
2.971368
-2.983710
2.983277
2.972791
-2.982778
-2.982892
2.983498
-2.983314
2.981343
2.983587
-2.981989
-2.983012
2.979331
2.982704
-2.983535
2.983208
2.983835
2.983642
2.981313
-2.983653
-2.984030
-2.984190
2.982758
2.981007
-2.981272
-2.983614
-2.983535
2.983311
-2.982567
-2.983770
-2.983403
-2.979542
-2.982311
-2.982139
-2.983260
2.984281
-2.982965
-2.980393
-2.982330
-2.983305
2.981571
2.983454
-2.978752
2.982879
2.981316
2.984046
-2.984169
2.983056
-2.982029
2.983520
2.983991
2.983284
-2.983557
-2.983667
2.983572
2.984243
2.983567
2.983085
2.982587
2.983580
2.977825
-2.982849
2.983262
2.984684
-2.981261
2.983377
-2.478320
-2.984038
-2.983798
-2.981870
-2.983824
-2.984118
2.984361
2.981830
2.983872
2.983706
2.981853
-2.983286
2.982376
-2.982965
-2.983845
2.983159
-2.983095
-2.980862
2.982738
-2.935596
2.983446
2.977705
-2.982956
-2.982963
-2.984046
2.983089
2.982965
-2.984204
2.983205
-2.983366
-2.982934
-2.982235
2.982831
2.982821
2.983122
2.984131
-2.981476
-2.983770
-2.983392
-2.984244
-2.981422
-2.983890
-2.983385
-2.980265
-2.983831
-2.982381
-2.983019
-2.978313
2.984011
2.983265
2.980892
2.983880
2.983825
-2.982465
-2.982836
2.984197
-2.983703
-2.983745
-2.981625
-2.982916
2.983876
-2.984042
2.982977
-2.981383
2.978153
-2.983720
-2.984685
-2.982165
2.983986
-2.982370
-2.982217
-2.983836
2.982422
2.979459
2.981452
2.983534
-2.983850
2.982841
-1.944355
-0.403203
-2.983372
2.983491
-2.978624
2.983909
-2.982737
2.983260
2.982572
-2.980540
-2.984026
-2.983260
-2.983006
-2.984149
-2.983858
2.982404
-2.981702
2.974305
-2.983790
-2.983171
-2.984004
-2.979286
-2.983155
2.984147
2.984087
2.983999
2.982086
-2.983018
-2.983283
2.983421
2.979340
-2.983683
2.983184
-2.983673
-2.979871
2.984300
-2.982435
-2.983974
-2.982555
2.983373
-2.984120
-2.982795
2.983916
2.984100
-2.982451
-2.983466
-2.983878
-2.982989
2.983282
2.982973
2.983741
-2.982947
-2.983350
2.981476
-2.983555
-2.982439
2.978111
-2.983151
-2.907747
2.981111
2.983013
-2.983999
2.981786
-2.982931
2.982747
-2.983712
2.983794
2.983308
-2.983682
-2.982222
-2.984345
2.983319
-2.983777
2.981307
-2.984026
-2.983682
-2.982882
2.982513
2.984142
-2.981201
2.983638
-2.962235
2.976613
-2.983753
2.977807
2.981777
2.983264
2.983171
-2.984024
2.978262
-2.983255
-2.983983
2.982796
-2.983455
-2.983884
2.982858
2.983239
-2.984072
2.983111
-2.982973
-2.982910
-2.981955
2.981316
-2.984635
2.984059
2.983987
2.983590
2.979887
2.983013
2.982829
2.981856
-2.982454
2.983781
-2.982958
-2.028718
2.982339
2.983207
-2.983318
-2.983881
2.983683
2.984199
2.982759
2.983915
2.983334
2.982112
-2.982861
2.983295
2.982953
-2.983864
2.983621
-2.980056
2.982857
-2.982926
2.983359
-2.983466
2.982765
2.984102
-2.982716
2.968146
-2.952082
2.983152
2.982054
2.983812
2.981525
-2.983544
-2.984318
-2.983461
2.983653
2.984206
-2.983623
2.983869
-2.983822
2.983335
2.979469
2.982939
-2.981972
2.983678
-2.983279
2.980742
2.979948
-2.983231
-2.983157
-2.983024
2.971285
-2.983257
2.983820
-2.983536
2.983099
2.982442
2.982215
2.984012
2.981367
2.984079
-2.983935
2.982336
2.979916
-2.982812
2.983497
-2.982541
2.984321
-2.984187
2.981989
-2.983166
-2.983434
-2.984446
2.983870
-2.983866
-2.983850
2.983181
2.983933
-2.982504
2.983756
-2.980030
-2.983480
2.983989
-2.983110
-2.984183
2.983284
2.982839
2.983733
-2.983536
-2.983909
2.983556
2.983902
-2.983480
-2.972613
2.983812
-2.981681
-2.982742
-2.976478
-2.974748
2.982419
-2.981684
1.213750
-2.982461
2.982654
2.982849
2.980641
-2.983306
2.983050
2.983614
-2.982581
-2.984321
2.983932
2.983466
2.982507
2.978803
-2.962013
2.982066
-2.978593
2.982960
-2.983444
-2.983179
-2.982908
2.984298
2.984154
-2.983809
2.983296
-2.982439
2.983060
2.983048
2.984315
2.982741
-2.983869
-2.982051
-2.982502
2.637730
-2.983858
-2.984037
2.983176
-1.956627
-2.983338
-2.982735
2.983338
-2.982237
2.984319
2.982725
-2.984162
-2.983775
-2.984345
-2.983868
-2.981328
-2.982863
2.983412
-2.983448
2.980864
-2.983339
-2.980773
2.983711
-2.983601
-2.983607
-2.982614
2.983666
2.979300
-2.982914
2.981107
2.983031
2.973591
2.981829
2.982981
2.981748
2.982500
2.983873
2.981546
-2.981925
-2.983998
-2.870842
-2.983646
-2.982926
2.979665
-2.981969
-2.982973
-2.983343
2.982169
2.982354
-2.980514
-2.979847
-2.981116
2.982470
-2.983002
-2.983319
2.983885
2.983147
2.982593
-2.982699
2.982413
2.982029
-2.984238
-2.984336
2.983449
-2.983016
2.984307
2.982905
2.983513
-2.983968
2.982852
2.984659
-2.981880
-2.981450
-2.982792
2.984109
-2.982408
-2.984092
-2.983648
2.983856
-2.980809
-2.982212
2.983000
-2.984400
-2.984345
2.909586
-2.983693
2.980921
-2.983820
-2.982605
-2.976737
-2.981888
2.982856
-2.983421
2.982941
-2.983164
2.982872
-2.983523
-2.983724
2.982436
2.747267
-2.983515
-2.984040
2.983538
-2.982443
2.983124
2.983357
2.984060
-2.983980
2.982980
2.982396
-2.983637
-2.983476
-2.982824
-2.982575
2.984343
2.979159
-2.983215
-2.983762
-2.982186
2.982943
2.983258
-2.984034
-2.979724
2.981721
2.981862
-2.984158
2.984649
2.982693
2.983861
2.984348
2.983555
2.983735
2.982871
-2.980675
-2.974892
2.983776
-2.983900
2.983435
-2.982438
2.981832
2.982835
-2.983546
2.982967
-2.984109
2.983663
-2.983273
2.983161
2.981670
-2.980265
-2.983652
-2.983137
2.982286
2.982834
2.983836
-2.984206
-2.982790
2.978256
-2.983697
2.981944
2.976594
2.983716
-2.982495
-2.982955
-2.981184
-2.983232
2.983825
2.984093
-2.957400
2.982767
-2.982948
-2.983417
2.982799
-2.983270
2.982153
2.983806
2.983980
2.982134
-2.906557
-2.982846
-2.982947
-2.975926
-2.983299
-2.981469
2.984202
-2.983855
-2.983524
2.983832
2.981280
-2.982292
-2.983598
-2.980285
2.983457
-2.983753
2.982843
-2.982353
2.983287
-2.984685
-2.982766
2.983975
-2.983191
2.983531
2.723843
2.983635
-2.983943
2.815998
-2.984085
-2.983531
-2.983426
2.984357
-2.980348
2.967710
2.983412
2.977060
-2.982939
2.984093
2.983492
-2.983140
-2.981437
-2.982753
-2.983469
-2.983449
-2.982620
2.983711
-2.983923
2.983275
-2.981182
-2.981147
2.980086
-2.984327
2.982462
-2.982522
2.983285
-2.982684
-2.982989
2.983332
2.983194
-2.982978
-2.982487
-2.982879
-2.983708
-2.982381
2.984022
-2.980028
-2.983885
2.982389
-2.983256
-2.982481
2.978408
-2.983604
2.981212
2.984042
-2.983505
-2.983531
2.984146
-2.982468
2.971886
2.982987
2.981798
2.974653
-2.983246
2.983350
2.983478
-2.979371
-2.983781
-2.983138
2.983598
2.977614
-2.983437
2.983940
-2.983753
2.983733
-2.983923
2.982647
-2.982850
-2.984203
2.978633
2.983751
-2.982684
2.983207
-2.977303
-2.983450
2.983701
-2.980710
-2.983747
-2.984319
2.982530
2.983895
2.983938
-2.952430
2.984466
2.983090
2.982918
-2.983264
2.983918
-2.981252
-2.983413
-2.982936
-2.982896
-2.983837
2.983751
-2.984066
2.976393
-2.978466
-2.984359
2.973297
2.982153
2.982841
-2.983933
-2.982449
-2.983510
2.983614
-2.983281
-2.982087
-2.983840
-2.978220
-2.984156
-2.983334
2.984021
0.684286
-2.983134
2.983847
2.983915
2.984410
2.983313
-2.981300
-2.983038
-2.983238
-2.983699
2.983888
2.982644
2.982412
-2.984469
2.983550
-2.984665
2.983431
-2.982856
2.941590
-2.983643
2.984156
2.984258
-2.980466
-2.984329
2.981535
-2.983086
2.976220
-2.982962
-2.983412
-2.984238
-2.981427
-2.983669
-2.981977
-2.984330
2.982202
-2.983981
-2.983850
2.983238
2.983955
2.982596
2.979937
-2.979302
-2.982714
-2.942269
-2.982905
2.983473
-2.982473
2.978360
-2.983887
2.980893
2.983355
-2.983853
2.008743
2.976900
-2.983968
-2.978704
-2.982854
2.981793
-2.982828
-2.974681
-2.983375
-2.983935
-2.983213
2.970804
2.982147
2.984671
-2.983827
-2.983533
2.983392
-2.983554
2.983977
-2.983330
-2.982913
2.983332
-2.984163
-2.976053
-2.982972
-2.983832
2.974523
2.984676
2.981201
2.982921
-2.974724
-2.983057
2.983617
2.984003
2.983273
2.983110
2.982774
-2.983709
-2.983236
2.982791
-2.981835
2.982422
-2.983338
-2.982185
2.981764
2.983402
-2.984162
-2.983043
2.983577
-2.983815
2.983527
2.982965
2.983710
-2.978025
-2.983262
2.982862
-2.983341
-2.981842
-2.983809
2.983399
2.675964
2.981925
2.984544
2.984107
-2.983953
2.983066
-2.980049
2.981747
2.983132
-2.984619
2.980888
2.982713
2.982360
-2.984151
2.983479
2.983976
2.979041
2.983458
2.982579
2.945825
-2.983439
-2.982942
-2.842918
2.981593
2.981733
2.981476
-2.981355
-2.982141
-2.983805
2.983957
2.980217
-2.983488
-2.983307
-2.982052
-2.981489
-2.983433
2.981074
2.984643
2.983205
-2.978901
2.981382
2.982737
2.983459
2.982062
-2.983780
2.982991
-2.982742
-2.977450
2.982249
2.983950
-2.983322
2.983040
2.983663
-2.983863
2.982903
-2.669433
2.983395
-2.983007
-2.984115
2.984054
-2.800863
-2.983348
-2.983763
2.983154
2.980423
2.983832
2.984649
2.984194
2.970299
2.973248
-2.983819
2.983391
-2.981663
-2.983878
-2.982417
-2.982178
-2.984092
2.982235
2.982989
2.983793
-2.983806
-2.983909
2.983819
2.980882
-2.983298
-2.982130
2.983596
-2.984325
-2.984387
-2.982684
2.982986
-2.983412
-2.983299
-2.984126
2.984120
-2.984051
-2.983561
-2.983921
-2.982023
-2.984419
-2.982336
2.980659
2.983529
2.983352
-2.982766
-2.982975
2.981791
2.983689
-2.981096
2.982955
-2.982894
-2.983740
-2.983874
2.973002
-2.983022
2.982387
2.540282
2.984024
-2.984675
-2.983236
-2.983194
2.981166
-2.982821
2.982488
2.984291
-2.984451
2.977045
2.982119
2.980644
-2.982591
-2.983202
-2.984036
-2.983767
2.982284
-2.983483
2.968228
-2.974473
2.982518
-2.983617
2.984146
2.984153
-2.983973
-2.983543
-2.984251
2.968239
-2.983720
-2.983759
-2.982036
-2.983613
2.983116
2.982341
2.944890
2.978198
2.984001
-2.977184
-2.979633
-2.982309
-2.983761
-2.981587
2.982479
2.984215
2.984159
-2.983724
-2.984650
-2.982899
-2.983987
-2.983382
2.982293
2.984407
2.983919
-2.982299
-2.980688
2.983613
-2.983714
-2.983350
-2.983444
2.984394
-2.983000
2.983199
2.983299
-2.982854
-2.984679
-2.981666
-2.982725
2.982986
-2.977761
2.982355
-2.984658
2.983596
2.983707
2.982835
2.982910
-2.982961
-2.983247
2.984124
2.982891
2.984316
-2.981532
2.983430
2.982246
2.984657
-2.981315
-2.983907
2.983293
-2.983421
2.983676
2.983236
2.982260
2.982796
-2.982873
2.984337
-2.982617
-2.978517
2.981574
2.982940
-2.983870
-2.984318
-2.983622
-2.983593
-2.980603
-2.983002
-2.980489
-2.980355
2.983817
2.982537
2.981340
2.984030
-2.984306
-2.982801
2.983435
2.983306
2.983174
-2.964186
2.982467
2.983409
-2.983627
-2.981550
2.786545
-2.983205
2.981819
-2.983714
-2.982087
-2.983787
2.983845
-2.984347
-2.984209
-2.982602
2.979876
2.983101
-2.982646
-2.982319
2.982912
-2.982954
2.983586
-2.983448
-2.978332
2.982159
-2.983557
-2.983438
2.983607
2.966327
-2.983303
-2.983996
2.981944
-2.983208
-2.983709
2.983592
2.982438
2.983810
2.983555
2.984293
-2.983898
2.982553
2.984134
2.983383
-2.982865
2.983485
2.981022
2.984091
2.983417
-2.984402
2.983373
2.983999
2.983799
-2.983689
2.983499
-2.983692
2.982871
-2.983596
2.981830
2.981197
2.980726
-2.983407
-2.984178
2.984335
-2.983123
-2.979830
2.980888
2.982791
-2.984327
-2.983828
-2.982826
-2.982844
-2.981828
2.906051
-2.983117
2.978904
2.981082
-2.980401
-2.983357
-2.981468
-2.982361
-2.983287
-2.981589
-2.983873
-2.981767
-2.964662
-2.983526
-2.983420
2.983372
-2.979776
2.981784
2.960090
-2.835795
-2.982931
-2.983286
2.983997
2.983980
2.983261
-2.982438
2.980586
-2.982519
2.982608
-2.918303
-2.984313
-2.983952
2.982562
2.983844
2.983369
2.983710
-2.983480
-2.984663
-2.978135
-2.981195
2.983129
-2.978790
2.980919
2.979777
2.983363
2.979402
-2.982925
2.981921
-2.983340
2.982489
2.980624
-2.979839
-2.983745
2.984288
2.982982
-2.983961
-2.983027
2.981429
2.982388
-2.983402
-2.984116
-2.979835
2.983499
-2.983387
2.983810
2.981860
2.984232
-2.953314
-2.984219
-2.983372
2.965985
2.983012
2.981718
2.981550
-2.984367
-2.957875
2.976166
2.982075
-2.982757
2.983432
-2.983365
2.983766
-2.983750
-2.982971
-2.983007
-2.981797
2.984063
2.980497
2.983831
2.983705
2.981711
2.980787
-2.978760
-2.981185
-2.984141
-2.984207
-2.981529
-2.984086
-2.982291
2.983168
-2.983951
-2.984414
-2.984254
2.983544
2.983475
2.983725
-2.983706
-2.984069
2.981971
-2.982895
-2.981060
2.983651
2.983417
-2.982993
2.983572
-2.984213
-2.983681
2.978562
-2.983027
-2.984170
2.980799
2.983139
-2.983117
2.982846
-2.984388
-2.982691
2.983953
2.983666
2.982598
-2.983648
-2.983997
-2.982407
-2.984108
-2.983897
-2.982111
-2.982815
-2.983384
-2.983507
-2.984124
2.982327
2.983283
-2.983563
2.981568
2.984118
-2.983741
2.979329
-2.983540
-2.982900
2.982899
2.984625
2.149680
-2.982567
-2.981279
-2.978115
2.980973
-2.982358
2.983655
2.983708
-2.983964
-2.983880
-2.983896
-2.443609
-2.669902
-2.984028
-2.983220
2.980163
-2.982189
-2.981341
-2.981568
2.982829
2.983591
2.983956
2.983622
2.984241
2.983827
2.980582
2.983244
-2.978835
-2.983084
-2.982170
2.984067
2.983969
2.983610
2.982489
-2.983778
-2.983785
-2.983407
2.982093
-2.983837
2.983720
-2.980551
-2.982925
-2.983967
2.983983
2.981990
2.972845
-2.982932
-2.984392
2.984123
2.983473
-2.981302
-2.984124
2.982853
2.983465
-2.984031
-2.982960
-2.982438
-2.982862
2.983977
-2.980077
2.983433
-2.983971
2.983850
-2.983453
-2.983877
-2.982645
-2.984197
2.983666
2.981528
2.982918
2.952502
-2.981801
-2.983720
2.982749
-1.592646
2.983256
-2.982341
2.983970
-2.983519
2.984023
-2.983018
-2.983660
2.981275
-2.982171
-2.981399
-2.984666
2.983994
-2.984015
-2.982941
2.911897
-2.980067
2.984462
2.983049
-2.983919
2.982201
-2.984053
2.981825
2.983582
-2.982696
-2.983849
2.983601
2.982544
-2.621840
2.983268
2.983799
2.984384
-2.983628
2.984149
2.983553
2.983349
-2.984143
2.984290
-2.982490
2.980946
-2.984670
-2.984413
-2.983415
2.983762
2.983177
2.982944
2.975914
2.984018
-2.983230
-2.981127
-2.982886
-2.983394
-2.967802
-2.981323
2.935367
2.983079
-2.983631
2.983260
-2.983406
-2.981037
-2.984416
-2.983560
-2.983540
-2.982773
-2.983969
2.980460
-2.978319
2.983375
2.982251
2.983905
2.983825
-2.984062
2.983766
-2.974601
2.984312
-2.983287
2.982835
-2.982784
2.982968
-2.983881
-2.984643
-2.983573
2.982315
2.983902
2.983793
-2.984119
2.982115
-2.984141
-2.983570
2.983165
-2.981941
-2.983381
-2.977526
-2.982774
2.983265
2.983943
-2.983779
2.980425
2.979538
2.983980
2.983515
-2.982490
-2.982849
-2.982926
-2.983597
-2.980663
-2.981433
2.983188
-2.983929
-2.984389
2.983542
2.983951
2.983324
-2.983547
2.982886
2.983934
-2.983647
2.983183
2.982299
2.983960
-2.984160
2.980329
-2.983285
-2.983948
-2.983954
2.983759
2.982513
2.983475
2.954539
-2.983629
2.982340
2.984304
-2.983471
-2.983079
-2.983659
2.963514
2.983487
2.976027
2.982977
-2.977483
2.983298
-2.983419
-2.979690
2.981437
-2.984193
2.983094
-2.983747
-2.983472
2.977047
2.982106
-2.982782
-2.983418
-2.779040
-2.982901
-2.984661
-2.981072
2.981662
2.983747
2.984179
-2.983609
-2.983435
2.978980
2.984356
-2.980816
2.984375
-2.983205
2.982681
2.982109
2.983592
2.984061
2.980335
2.982941
2.982474
2.983892
-2.982448
2.982908
2.983493
2.981040
-2.983840
2.955101
2.983285
-2.983934
2.984258
2.981757
2.982216
2.983781
2.982160
2.983683
2.983603
-2.983825
2.979549
2.983601
2.983359
-2.981328
-2.980698
-2.983185
2.976633
2.982893
2.983421
2.978302
-2.982523
2.947512
2.982937
-2.982313
2.776653
2.983445
2.981542
2.981633
-2.984132
2.982511
2.982611
-2.979654
2.984660
-2.983336
2.983890
2.983319
2.982593
2.982240
2.983135
2.984211
2.984073
-2.983113
-2.984281
-2.983001
-2.982396
2.967174
2.983698
2.983562
-2.605499
-2.984300
2.984145
-2.983057
2.983885
-2.983379
2.968675
-2.982515
2.983582
-2.983122
2.975205
-2.983220
2.816402
-2.983562
-2.981908
-2.983673
2.980973
-2.984408
-2.984009
2.984387
-2.983394
2.983399
-2.973199
2.979281
-2.983249
2.978992
-2.983844
-2.983166
2.982778
-2.983905
-2.983946
-2.981067
-2.983897
2.982377
-2.971631
2.981131
2.982532
2.983863
-2.983638
2.979939
2.983907
2.982467
-2.982493
-2.642069
-2.982428
-2.983854
2.982834
2.983360
-2.980618
2.983284
2.983791
-2.981853
2.983236
-2.984053
2.983810
2.981479
2.983512
2.982951
2.982907
2.984017
-2.983278
-2.982251
2.895932
-2.982770
2.978817
-2.981941
-2.982949
2.983812
-2.983036
2.982144
2.983036
-2.978003
-2.983063
2.984660
2.983854
2.984325
-2.984632
-2.982499
2.976088
-2.983828
2.984060
-2.982377
2.984014
-2.981805
-2.981967
-2.983440
2.980426
-2.982807
-2.983923
2.983284
-2.981411
-2.964125
-2.983752
-2.982864
2.984090
-2.981418
2.982607
2.981648
2.983732
2.981266
2.984170
-2.981616
2.983498
-2.982345
2.982823
2.983106
2.983200
-2.984101
-2.983648
2.974526
-2.983447
-2.983961
2.982390
2.982714
-2.982832
-2.666047
-2.982969
2.982510
-2.984472
-2.983590
-2.983566
-2.982455
-2.982584
2.983236
2.983264
-2.982036
-2.983384
2.983568
2.982745
2.853686
-2.980755
2.983784
-2.983619
2.983050
2.981974
-2.984024
2.982714
-2.983288
-2.983282
2.981461
2.983175
2.982322
-2.982917
2.984077
2.979485
2.983633
2.981830
2.980691
-2.983731
-2.984602
2.878667
2.980908
2.982306
-2.983474
-2.983169
2.983679
-2.978745
-2.978735
-2.984204
2.976092
-2.983683
2.981794
2.983449
2.983080
2.983064
2.983461
-2.965966
2.983005
2.981919
2.982528
2.983278
-2.982031
-2.983174
2.984320
2.982018
-2.983063
-2.983387
2.937549
2.983324
2.984088
2.983645
-2.983404
2.981213
2.982390
-2.981097
-2.982519
2.982888
-2.983271
2.983261
2.983029
2.984614
2.984286
2.979848
-2.983346
2.983386
-2.983699
-2.983456
-2.983531
-2.984374
2.983822
-2.977897
2.983429
2.983237
2.980877
-2.984603
-2.982976
-2.983609
2.982525
-2.981740
2.963148
-2.982620
2.980285
2.983679
-2.983198
-2.980779
2.983857
-2.983818
2.977924
2.980380
2.984421
-2.983404
-2.984029
2.970546
2.981015
-2.979088
2.984020
0.328492
2.979236
-2.983411
2.983926
2.982879
2.983568
2.981387
-2.984108
-2.979729
2.982425
-2.982898
-2.981990
-2.984044
2.983280
-2.983599
-2.983698
-2.983136
-2.982874
-2.982955
2.983590
2.981613
-2.983985
-2.982915
2.984322
-2.981876
2.983516
2.983874
2.984199
-2.984295
2.983633
2.983788
-2.983483
2.983397
2.880752
2.981935
-2.983183
-2.983456
2.983965
2.982351
-2.983848
-2.982982
-2.982829
-2.983814
-2.983561
-2.983570
-2.983626
2.983517
-2.825553
2.983530
2.983826
-2.983118
2.984040
-2.983279
2.983914
-2.982469
-2.983846
2.984007
-2.983670
2.981972
2.983034
-2.982234
-2.983353
2.983718
2.980935
-2.984443
-2.980234
-2.982306
-2.968094
2.984438
-2.983974
-2.982708
-2.977547
-2.982429
2.983242
2.982069
2.982869
2.983731
-2.984247
-2.983061
2.983260
2.981314
2.982850
2.981771
2.982403
2.982818
2.982425
2.982490
2.984655
-2.983415
-2.980671
2.983900
-2.983657
-2.983985
2.981655
-2.982874
-2.982177
2.981894
-2.984191
-2.941215
2.983601
2.979034
-2.982037
2.977217
-2.984036
2.983231
-2.983767
2.983575
2.983968
2.984028
2.981313
2.984205
-2.982776
2.983794
2.982821
-2.981630
-2.983474
-2.982874
2.983822
2.984388
2.984149
2.982920
2.982823
2.982140
2.984078
-2.981132
-2.930343
2.982792
-2.983590
-2.981900
-2.983057
-2.978645
-2.983416
-2.983744
-2.983223
-2.982561
-2.982832
-2.973968
-2.980454
2.983496
-2.982744
-2.961207
-2.982370
2.982001
-2.977779
2.983071
-2.983928
-2.983422
2.982652
-2.983036
2.964224
-2.982444
-2.980262
2.982086
-2.983874
2.983890
-2.983518
2.983438
2.982997
2.982051
-2.982163
2.983855
-2.980539
-2.983676
2.983237
-2.983324
-2.983904
-2.981283
-2.983360
2.983886
2.982899
2.982323
-2.983979
-2.982848
-2.984292
2.982783
2.982933
2.983035
2.980563
2.976117
2.983508
-2.979291
-2.982316
-2.983813
2.983926
2.984223
2.984069
2.983545
-2.982404
2.982753
2.984222
2.983160
-2.982972
-2.981177
-2.983493
2.971961
2.983477
2.978920
2.982616
2.983060
-2.977879
-2.984037
-2.984181
-2.982961
2.982768
-2.981286
-2.953017
2.983625
2.983499
-2.983396
-2.982368
2.984054
2.983645
2.983996
2.984221
-2.983222
2.982526
-2.983493
-2.981917
2.963526
2.984077
-2.983061
-2.982746
2.981826
2.981227
2.983096
-2.983083
2.983511
2.983031
2.981974
-2.982005
-2.982063
2.984177
2.983318
-2.982175
-2.984237
2.981320
2.983317
-2.983367
-2.984330
-2.983680
-2.984231
-2.983303
2.983277
-2.983410
-2.982841
2.982825
2.983846
-2.978961
2.982214
2.983979
2.981950
-2.982974
2.980851
-2.981867
-2.983550
-2.981529
2.982940
2.982509
2.982928
2.977985
-2.983527
2.962163
2.981431
2.983275
-2.982473
0.338890
-2.980266
-2.982405
2.980915
-2.983128
2.982949
2.984167
-2.982025
-2.982807
-2.981747
2.983758
2.982626
2.983750
2.982311
-2.972368
-2.982867
2.984006
2.982934
2.978311
-2.982711
-2.984047
-2.953618
-2.982765
2.983937
-2.983467
-2.984192
-2.980583
2.983754
-2.983437
2.983832
2.283016
-2.982024
2.981453
-2.983113
-2.983910
2.984096
2.982859
2.982954
2.983400
-2.982417
-2.983398
-2.979992
2.983795
2.983219
-2.982735
2.980122
-2.982690
2.982837
2.983778
2.981262
-2.982075
-2.983233
2.982843
2.983596
2.983822
-2.983280
2.983378
-2.983725
-2.966877
2.983315
-2.983788
-2.979342
2.983035
2.983415
2.982563
2.983159
2.978031
-2.983601
-2.983445
2.972126
2.981490
-2.983714
2.983687
-2.983428
-2.983646
-2.983214
2.983527
2.981473
-2.978438
-2.977652
-2.982892
2.982641
-2.984637
-2.983357
2.983326
-2.984276
-2.982933
2.968278
2.980944
2.980499
2.984304
2.981128
-2.981786
-2.983821
2.984308
2.982885
-2.983819
2.981781
-2.982410
2.984056
-2.983397
2.982810
2.983535
-0.540695
2.982915
2.984391
2.981174
-2.979523
-2.983815
2.983632
2.984468
-2.981832
2.983791
2.983307
2.983488
-2.983408
-2.983547
-2.984028
-2.984208
2.982609
2.983905
-2.983592
-2.982824
2.982780
-2.983728
2.964676
-2.983807
2.983752
-2.984311
-2.984187
2.982048
-2.982105
2.981131
2.982323
2.982994
-2.980900
-2.983317
-2.983988
-2.983205
2.984664
2.983774
-2.982762
2.983396
2.983018
-2.983832
2.983481
-2.983569
2.983814
-2.982772
2.982535
-2.983499
2.983165
2.983073
2.972632
-2.983860
2.982657
2.983627
-2.984217
2.983432
-2.983892
-2.984188
-2.980188
2.980253
2.959751
2.984194
2.980292
2.983183
2.981846
-2.969752
2.984342
2.983769
-2.982932
-2.981704
2.979551
-2.983905
2.983351
-2.982827
2.983516
2.983007
-2.980438
2.981691
-2.963933
-2.983891
-2.972535
-2.974951
2.982826
-2.983576
2.983974
2.983764
2.982966
2.983011
2.976675
2.983590
-2.959271
-2.982891
-2.981453
2.978575
2.980409
-2.968012
2.983003
-2.980700
-2.983382
2.983594
2.980168
2.737534
2.980052
-2.983792
-2.983589
-2.981677
2.982989
-2.984644
2.983905
-2.983737
2.982256
2.983080
2.983866
-2.983814
2.974770
-2.984642
2.982753
2.983755
-2.969391
-2.982338
2.983664
-2.982523
-2.981684
2.983888
-2.983559
2.980754
-2.982453
2.984374
-2.981269
-2.984340
-2.984116
-2.984278
-2.982711
2.983863
2.982928
2.981898
2.983535
2.984602
-2.982995
-2.983824
-2.982059
-2.983239
2.984123
-2.982735
2.983902
-2.982461
2.982931
-2.983624
-2.984038
2.983462
-2.982878
-1.991135
2.983465
-2.984054
-2.983850
2.981430
-2.838767
-2.983849
2.981421
2.983492
2.982923
-2.978292
-2.983271
-2.981144
2.984030
-2.983522
-2.983537
2.980906
-2.982903
-2.983836
-2.982152
-2.984195
2.983825
2.983320
2.983816
2.982651
-2.982435
2.982451
2.982472
2.982065
-2.982488
2.979188
2.984192
-2.979670
-2.980898
2.983809
2.983889
2.983630
-2.983729
2.982483
-2.983211
-2.984252
2.983429
2.983864
2.983469
-2.975515
-2.982896
2.983158
-2.983542
2.982992
-2.982912
-2.983669
-2.983486
2.983103
-2.984131
2.983252
-2.983993
2.981251
-2.983748
-2.983867
-2.969132
2.982527
-2.984006
-0.612679
-2.980081
2.982903
-2.984627
2.983396
-2.983138
2.982913
-2.984659
-2.983580
2.979509
2.983587
-2.984657
-2.984158
2.984410
2.983988
-2.980621
2.983808
2.982548
-2.983035
2.983397
2.983414
2.982135
2.983701
2.983768
-2.982623
-2.980815
-2.983326
-2.983713
2.982292
-2.983480
-2.984053
-2.983045
-2.981052
2.984243
2.984439
-2.982093
2.981377
-2.983898
2.983872
2.983631
2.984463
-2.984312
-2.983712
2.984353
-2.983295
2.978475
-2.983755
-2.983353
2.983925
-2.982931
-2.984171
2.982050
2.983080
2.983381
-2.983460
-2.984100
-2.981392
2.984301
-2.983669
2.983646
2.981499
-2.984429
-2.983001
-2.982506
2.982300
2.981676
2.984075
-2.984483
2.978925
-2.983813
2.981959
-2.982468
-2.982748
-2.983834
2.981654
2.983651
2.983294
-2.983588
2.982981
2.984032
2.982726
-2.983672
-2.983016
2.983092
2.981468
-2.983933
-2.983323
-2.983367
-2.983537
-2.978031
2.984111
-2.982689
2.980088
2.984441
2.983379
-2.983304
-2.983154
-2.983598
2.982761
2.943065
2.982052
-2.984674
-2.983511
-2.983884
2.982876
2.976709
2.982710
2.982613
2.980475
2.981960
2.983798
-2.984306
2.980822
-2.982938
-2.983232
2.975699
-2.983376
-2.983964
-2.982282
-2.983195
-2.983881
2.983892
-2.970391
2.982789
2.983935
-2.655634
-2.983720
-2.983083
2.982974
2.982011
-2.982862
2.984252
-2.983974
2.983477
2.983193
2.983375
2.852620
1.725557
-2.982419
2.936081
-2.983429
-2.983389
-2.984127
-2.983622
-2.983406
-2.984645
-2.981862
2.982531
-2.984018
-2.984033
2.982895
-2.983554
2.983952
-2.982502
-2.984305
-2.982574
2.983285
-2.981059
2.983821
2.982436
2.982954
2.982983
2.978718
2.794392
2.982158
2.981928
-2.983573
2.982725
2.982731
2.978840
2.982968
2.982964
-2.976510
2.982941
2.983711
-2.983614
-2.982916
2.983337
-2.983433
2.981847
2.978088
2.983865
2.983008
-2.984061
2.981430
-2.982272
-2.980555
2.983636
-2.983636
-2.983312
2.982944
-2.982620
-2.978924
2.982326
2.983027
-2.982613
2.983253
-2.983581
2.984008
-2.981405
2.984119
2.982069
2.976668
2.983423
2.983943
2.981990
2.983740
2.982607
2.982926
-2.983486
-2.983918
-2.983679
2.980829
-2.983269
-2.983554
2.983450
-2.983559
-2.980653
-2.953772
-2.984000
2.983187
2.984030
2.983684
-2.982802
2.984068
2.981259
2.983995
-2.982811
-2.983473
-2.982888
-2.975283
-2.983968
2.983113
2.983139
-2.982962
2.983098
2.982137
2.982837
-2.959579
2.982032
2.981064
2.976416
-2.984298
2.982977
2.984096
2.880685
-2.983474
2.983356
2.983201
2.982698
-2.980007
-2.980216
-2.979185
2.984197
2.984108
2.983662
-2.984395
-2.982990
-2.982768
-2.983741
2.981108
-2.981928
2.983042
2.984291
-2.983861
-2.983337
2.982228
2.978722
2.979536
-2.982493
2.981792
2.983855
2.982999
-2.983670
-2.982062
-2.983777
2.983373
-2.983241
2.984382
-2.982970
-2.983928
2.983337
2.982611
-2.982799
-2.983015
-2.983777
-2.984292
-2.983792
-2.981191
2.982018
-2.984067
2.981606
-2.982798
-2.983294
-2.982492
-2.980072
-2.984062
-2.981091
-2.982460
2.978802
2.982881
2.982734
2.983864
-2.982502
2.983330
-2.984418
-2.984669
2.982990
-2.983246
2.983656
-2.984142
-2.982348
-2.983604
2.984153
-2.983516
2.732986
2.984404
-2.983829
2.982844
2.983441
-2.983836
2.984069
-2.981835
-2.983029
2.984063
2.984045
-2.983906
-2.984099
2.981935
2.982205
-2.979705
-2.983968
-2.983052
2.982837
2.984251
2.983620
2.983137
2.983595
-2.982991
-2.983390
-2.984359
-2.984316
-2.983331
-2.983585
-2.962122
-2.984221
2.980567
-2.982956
2.983365
2.984121
-2.978028
2.984140
2.983515
2.982483
2.982372
-2.981365
-2.981761
-2.984451
2.983113
2.982879
2.983793
-2.980458
-2.983225
2.979898
2.983856
2.984021
2.978981
-2.983839
2.967571
2.982938
2.983268
2.982529
2.983896
2.983740
2.983193
-2.983619
2.982858
2.982999
2.982788
-2.982970
2.984439
2.983830
-2.983449
2.983801
2.984150
-2.983880
-2.984249
2.973873
-2.983686
-2.977300
2.983178
2.982338
2.790675
2.983809
-2.982778
2.983657
2.983009
2.982921
2.981928
-2.982764
2.982554
2.983986
-2.980560
-2.982503
2.983708
-2.982864
2.982547
-2.983198
2.982374
-2.983309
2.968309
-2.982961
-2.980874
-2.983828
2.984168
-2.984292
-2.984137
-2.983468
2.980448
-2.984197
2.983396
-2.984105
-2.979234
-2.983020
2.983656
-2.982901
-2.983423
-2.980554
2.918207
-2.983568
2.983796
-2.981797
-2.982677
-2.983013
2.982689
2.982940
2.984212
-2.983666
2.984227
2.964862
2.983346
-2.982250
-2.982710
-2.983777
2.980131
2.984667
-2.982651
-2.983781
2.983859
2.984047
-2.983920
-2.984322
2.981844
2.983394
-2.975472
-2.983457
-2.984055
-2.983213
2.970497
-2.983751
2.983574
-2.973485
-2.983746
2.981126
-2.983929
2.975283
-2.982542
-2.982865
2.983877
2.979017
-2.984416
-2.982817
2.974188
2.983871
-2.951292
-2.972271
-2.982269
2.983626
2.983329
2.984163
-2.983989
2.982838
-2.982407
2.982971
2.984092
1.367579
2.983384
2.982140
2.983303
2.981474
-2.984524
-2.980603
-2.983369
-2.983571
-2.982312
-2.984336
2.983614
2.984189
2.983692
2.983183
-2.983179
2.984264
-2.983572
-2.983227
-2.972878
2.982334
2.982732
2.981915
2.982841
-2.929153
-2.983001
-2.983626
-2.983008
2.983744
2.984121
-2.978976
-2.983002
2.983456
2.983263
2.980248
2.983715
-2.984010
-2.981371
-2.983654
-2.536332
2.983839
2.981160
-2.981848
-2.982900
2.983588
2.981675
2.982627
-2.982122
2.981561
2.979750
2.984051
2.982222
2.983123
-2.978736
2.984472
2.983576
-2.984090
2.982241
2.983317
2.984291
2.979940
-2.983790
2.983274
0.287606
2.983815
2.982687
2.984022
2.982922
2.983553
-2.983475
2.982096
-2.984214
-2.978859
-2.983175
2.982883
-2.983667
-0.966556
-2.984037
2.983907
2.982547
2.982935
-2.982788
2.983227
2.983017
-2.983912
2.983013
-2.982310
-2.982948
-2.983496
-2.875886
-2.979729
2.983172
-2.984227
2.981890
2.982885
2.982228
2.979980
2.983614
-2.982080
-2.984371
2.983330
-2.983670
-2.983254
-2.983531
2.982041
-2.983422
2.982989
-2.982728
-2.984673
2.973200
2.983115
2.982913
2.984003
-2.983905
-2.981469
2.981693
2.981717
2.982610
2.982625
2.984636
2.982903
-2.983744
2.983177
-2.982838
2.982387
2.984396
-2.983849
-2.982430
2.983397
2.981543
2.959902
2.978155
2.972073
2.983082
-2.983135
-2.981771
2.983904
-2.983835
2.981425
-2.983341
-2.983959
-2.982861
2.978740
2.984064
2.983019
2.959613
2.982479
2.984051
-2.983570
-2.983289
2.983491
-2.984100
-2.982081
2.983365
2.983598
2.984456
2.983239
-2.981360
-2.980964
2.984198
-2.983038
2.981948
2.983818
-2.981922
2.977303
2.984390
-2.980446
-2.983864
2.984225
-2.982088
2.983625
-2.983713
2.982574
2.983860
2.984412
2.983614
-2.983512
-2.983771
2.982841
2.983359
2.983888
2.983213
2.983625
2.983895
2.980580
2.288165
2.983004
2.983136
-2.984138
-2.982964
-2.960627
2.703663
-2.983923
-2.983374
-2.981186
-2.983271
2.983899
2.981195
2.983706
2.982602
2.984055
2.982354
-2.979126
