7.000000	0.400000	50	0.100000	ARCHIVOS_REDES\ER\ER_677.txt
-0.366800	4.828494
4.946674
5.954578
4.782020
0.561122
-0.117310
5.759940
-5.149098
-6.171369
-3.343188
-3.053291
4.436351
-5.394406
3.131900
-6.568250
-0.198791
1.774942
2.903556
1.260325
-5.361566
4.891897
3.500119
5.373183
-5.694266
-6.214008
-6.281488
3.129279
-1.179541
4.955620
-5.813455
-1.086754
-5.893258
-6.477792
3.363849
3.562888
0.950554
6.024957
-4.655096
-6.237088
4.943893
5.472338
2.393927
-5.422271
1.898211
-4.812880
-3.425344
-5.719836
-5.996636
-5.094240
-4.174023
-4.537738
-2.357274
3.788133
-0.470984
-5.034042
-0.281356
-5.915319
-1.832696
4.767280
0.284098
-6.112376
-6.374877
-5.177487
4.367998
-0.961783
2.527559
-4.958124
-5.426537
2.820514
-5.708824
5.629003
4.842303
3.065473
-5.950439
-2.627061
5.900028
4.468809
6.347831
2.997616
4.502873
-3.718577
-6.980788
-5.577607
5.027803
-5.991570
-4.902563
-3.965126
4.482616
4.769609
0.211821
5.439586
4.443085
-6.347380
2.180807
5.743070
-5.791698
5.183016
1.505180
-6.028101
-5.526188
4.212799
5.845407
-6.118386
3.984118
-5.329190
-2.021632
3.256217
-5.661160
6.003555
6.964438
6.991631
6.416770
-3.047256
-5.321196
4.893465
-3.315325
-2.941636
-5.901482
5.454320
4.827263
5.945814
3.257869
4.601353
-5.241335
-5.258593
-5.685275
-4.412117
-4.267643
5.081713
6.345984
-1.275972
5.604187
3.966081
-6.088599
-2.776253
-6.308455
4.154019
6.277637
-0.964375
-5.456428
-5.759454
-6.349385
-5.906970
0.167389
4.720690
3.127773
5.711566
-5.108517
4.808548
3.274346
-3.702308
-5.963246
-5.327623
4.620090
-1.581243
5.624373
2.900028
3.859958
-4.226690
5.039687
0.497552
-5.602845
-2.689090
-0.498441
5.329418
3.338198
-5.251259
6.463230
-6.122237
-5.121361
-5.416393
-6.231989
-5.445318
5.518165
6.500711
-5.827081
-4.678359
-4.849061
-6.281029
6.566184
-5.125215
3.445263
-1.536864
4.087715
-5.457988
-3.592678
5.978031
-5.279954
-6.312347
-5.801000
4.582018
-5.999446
-6.165010
-6.988433
5.388397
0.254609
-4.549638
6.397029
1.920210
-5.783840
4.135696
2.389773
5.799992
-0.450859
4.961219
-5.244235
4.082392
-4.185252
1.719830
-5.835019
6.221501
-1.184799
-1.306445
-2.657697
-3.588471
6.988055
2.816746
3.006985
-1.903431
0.405707
5.185854
5.123972
-5.449531
-6.217793
-4.658960
5.670849
-1.747425
1.834865
-6.426356
-1.039511
5.423853
-3.139816
-5.744938
5.791803
4.677345
4.965517
1.550092
-6.316951
-5.496543
3.915880
4.926482
4.922065
-6.323305
5.721538
-4.913373
5.103215
1.753258
-4.159860
6.354519
4.976987
-4.764565
-1.401726
-6.114269
-5.309309
1.079041
-3.990541
-2.775007
5.594630
-5.541696
-3.455921
5.505561
-2.600208
-5.905011
5.496893
5.813614
2.001716
5.756789
0.931847
3.118584
2.486082
-3.547905
-5.338408
-2.960792
-5.319605
-4.854624
-5.502618
-5.661380
-5.988362
5.629711
5.672756
4.926470
2.110745
3.270225
5.686760
-5.486592
-2.963009
-2.783910
-2.648279
-5.050848
-3.878289
3.568650
-6.028260
-3.766566
-5.074692
-6.999685
2.093327
-4.644204
3.390871
-5.454708
5.031244
4.775421
-5.927856
-4.488903
-0.944954
5.299377
-6.505505
5.384874
5.213299
-4.490933
-5.811212
-5.741707
6.078234
6.999412
-1.423007
4.905805
-1.566958
0.507710
-1.188660
5.415667
-4.850831
3.811853
4.365998
-5.622344
5.738536
-5.194916
5.779198
6.887614
5.268181
2.400242
-2.009247
5.480058
5.607295
-6.470409
-5.426472
2.765097
4.214609
-5.291555
4.724006
5.525090
-6.281016
4.935055
2.780768
5.334072
4.370105
-4.478767
-6.230272
3.775303
-6.288323
6.741077
-5.382253
-6.090707
-4.721361
-6.159289
-6.470668
3.266507
3.172750
-2.866263
6.397923
2.504989
-6.212335
5.843721
2.719705
-6.992845
-5.730377
4.359097
1.710716
4.052204
4.576068
-3.533893
5.293478
6.999709
-5.064133
4.765562
0.329925
2.767330
-5.975595
-5.333399
-5.645877
-4.273198
-3.426041
6.016347
-2.283256
4.906027
-2.999559
-4.611640
-2.742168
5.818086
6.162182
-4.381920
-4.902464
5.767994
-5.418972
6.155767
4.623962
-4.816923
-4.902216
-5.625075
2.763333
-6.118520
-3.780605
5.642796
-5.994992
-6.323938
2.128085
-4.451601
-6.648112
4.840929
5.313104
-6.977970
-3.514923
-4.252195
5.759806
3.735339
-5.474552
5.804030
-5.782088
-3.237376
5.448308
5.568281
4.694462
-5.543326
-5.246562
-6.185498
-4.986109
-5.774558
5.953260
-2.509325
-6.991305
-5.118872
6.172246
-6.003554
5.709342
-6.007894
-4.010941
6.306698
-5.699285
-4.397208
-6.114221
-2.454598
4.840544
5.008661
-6.147209
-6.361725
-4.715381
-1.743642
-6.998911
6.106881
-3.439621
-2.607738
-0.263913
-3.280420
4.192418
5.252946
2.521768
-0.910210
-6.310845
-4.897698
5.043971
-3.532367
-2.776201
2.692702
5.243512
-5.677178
5.584189
6.690513
-5.801167
-5.272936
-5.447903
-4.115848
4.089052
4.841412
6.252545
-5.493899
1.444771
5.740860
-2.171902
-5.730425
5.332418
4.662427
-6.040622
4.825676
5.477186
-2.583128
2.287360
3.403391
5.076737
-5.531545
-5.146781
-5.787490
-5.230460
-5.131406
-5.820550
-2.083374
4.723220
6.211361
-5.727076
6.035637
-4.569886
3.672841
4.320879
-4.801482
2.556469
4.384634
-5.595334
-3.540872
-5.629802
5.396033
4.330295
-4.194145
3.520376
5.038079
5.684277
1.798888
-2.973776
-2.184871
4.942115
-5.792500
-4.622950
4.469655
-5.243682
5.066204
-3.980192
-6.263453
4.767101
4.370438
5.555552
-6.031530
-2.689870
0.692998
4.137270
3.395392
-1.497718
6.356607
4.383979
-5.740338
-3.633935
4.447601
3.154600
-5.966150
5.618705
5.927852
-4.416399
5.474572
-4.368709
3.714296
-3.282656
5.786663
-5.300704
-3.983373
3.601059
4.855791
4.414801
-4.147861
-5.612001
-2.949915
-6.283733
-5.791786
3.733122
-6.014489
0.142399
5.704151
-1.284667
-2.935745
-2.820005
5.797000
5.498414
6.945087
-4.643366
4.429550
5.550556
5.141179
-6.942354
-2.366297
-5.834244
-6.058442
4.554009
-0.593595
-4.076950
5.786444
-5.879524
0.567468
-0.636787
-4.280659
-5.495886
-5.312280
-6.307184
3.067334
-5.944862
-6.002558
-2.551408
-6.250940
-6.046476
-3.834804
-4.165008
4.560333
2.624863
-3.506815
-5.836778
-5.790179
-5.162710
-4.889406
5.643014
-6.081262
-4.695330
-6.407402
5.986889
-5.108203
-5.004149
-4.986771
4.970826
-1.045748
6.030637
3.057080
-3.677664
-5.851797
3.696614
-0.764458
1.594495
4.059927
5.979441
-4.643616
-4.049554
-3.699449
1.444773
4.929143
5.722018
5.338692
1.877146
-5.854209
2.745955
5.220848
-4.582462
-5.472887
4.588668
2.651901
-5.642439
0.929313
4.973593
-4.962897
3.661003
-3.822865
3.045790
5.378902
-2.452020
-5.020813
5.576519
2.410932
-5.814817
-2.423291
-4.861015
6.449170
-6.123897
0.702286
5.769202
5.678817
-5.980940
5.469629
-3.119096
5.829663
0.016058
4.531668
6.391714
-4.590438
-6.204993
-4.740471
-4.429969
-3.454927
-3.493124
-6.325259
-6.475841
5.895716
5.081299
-5.911616
-5.276382
6.137597
5.214234
-5.896478
6.072467
4.165925
-6.239012
5.372619
-2.265446
-4.176982
-5.769278
-0.601181
2.788740
-6.377576
-6.176884
6.042907
5.050492
3.414390
5.619730
4.952478
-5.465272
-4.417190
5.730584
-5.434092
4.836059
-6.308391
2.503477
6.257826
5.982907
4.955726
-6.429084
-5.095202
-3.199048
-5.791660
6.425539
-5.666361
-6.085660
-4.943283
-5.999926
-5.496007
-5.808214
5.049408
2.947802
-5.450048
5.567412
-5.071064
-5.756074
-6.218346
2.267124
5.907713
-5.841327
-6.380995
-5.948390
-4.184475
4.799511
-5.750842
4.767665
6.050263
-6.657850
-3.957475
2.551937
-2.536478
-5.670710
-6.305545
-5.059046
-6.965926
-6.306327
4.601713
-4.751334
-3.492250
-5.291203
5.992050
-4.392144
3.777217
-4.611330
-5.959857
6.074550
-4.757897
4.275620
-4.894625
-5.096358
4.793981
-2.671103
-6.162363
-5.516153
-5.293749
-1.184686
2.259461
-5.098912
5.878013
-5.081175
5.663763
6.993544
5.350089
-5.628417
-6.106989
-4.564544
6.305141
-4.720916
4.887618
5.177316
-5.002755
0.330266
-5.613949
5.962235
-1.489363
5.305554
-5.984039
5.846304
5.275846
-5.381965
2.539377
4.476756
2.297972
2.503209
-5.109610
-5.703258
-6.910416
6.221571
-5.957646
-3.551677
6.057193
0.238896
5.709361
3.789516
-4.556275
4.612622
5.052635
-4.737507
3.708100
6.260526
-3.964279
-6.070723
5.899741
-4.890238
-4.085160
-2.297777
-5.424694
-4.359851
-0.542481
4.726187
1.113131
4.515370
6.998264
3.502381
3.194843
-0.164919
-4.061040
3.364844
-5.968095
2.235301
-5.301567
-4.479647
6.482809
5.397847
0.684445
-3.922015
5.361334
5.941250
-4.365165
-1.579935
-5.716702
-4.814586
-6.134051
5.477518
-3.460300
-3.365240
3.303895
-4.334392
-3.593599
-6.999449
3.912366
-3.872157
-5.787296
5.644937
-4.613796
-2.847742
6.164448
5.367262
6.397873
-6.102912
6.211481
-6.256268
5.485518
-5.795697
-3.000880
2.024484
-4.593721
5.403441
-2.948969
-4.729750
-3.283804
-5.908307
6.002861
-5.982943
-5.073832
-3.356395
1.891052
5.686086
5.186693
-6.033115
-4.971119
-6.358886
1.902839
5.831295
-4.419755
3.519180
-5.727470
-5.492442
5.446557
-4.998822
-5.555077
5.989734
3.146773
4.790832
-3.787881
5.863038
-4.706387
-5.776665
-5.264254
4.855580
5.057545
-5.560954
4.901595
-5.895810
-5.093204
-6.152315
-6.055944
6.127422
-6.119244
6.414561
5.257190
-0.420811
3.445980
-5.666470
-1.725971
3.317754
-5.466676
-6.199235
1.529913
4.970437
6.210040
5.972787
-5.601686
-5.424353
3.631793
-6.271309
-0.596876
-6.414596
6.030233
-5.246803
3.810149
-2.684320
6.231526
4.213819
3.074661
0.947695
-6.334412
6.356791
2.974412
-1.315011
-0.589634
5.805958
-4.806617
5.619967
-4.712521
4.842881
-1.558752
6.107494
-6.394601
-5.047760
-4.126434
-4.506783
-2.839487
5.263782
5.091980
4.446574
4.930993
4.374271
5.248457
-4.781726
-6.287075
-1.252385
-4.535576
0.182501
-0.328560
5.369798
-5.807687
6.132708
-1.017950
5.286083
2.951076
-0.328280
-5.159854
-0.972577
-6.178719
-5.086465
-5.914796
-2.890002
2.546890
5.843806
2.083974
4.708277
0.077600
-5.700473
-5.850764
6.304719
-5.869953
-2.443656
5.450938
6.076017
6.020197
2.185232
5.807592
-4.808788
-2.989959
-5.378122
4.242231
-2.820860
-5.282963
-4.929503
5.223199
-3.510353
-6.275079
4.544284
-1.645588
-4.706044
4.874589
0.104883
-4.532366
6.248764
-2.959673
-4.551715
6.385681
4.969436
4.272833
5.451391
-3.477028
-4.871778
5.941864
-3.531696
0.486082
0.017963
-3.727557
-0.948967
-4.876708
-2.727589
5.942104
-6.046551
6.187352
5.495771
-6.263863
4.113273
2.435332
6.233436
-5.797704
-2.916136
5.723680
5.882522
4.233127
5.138890
5.276507
5.867146
-2.641016
1.907323
-5.048401
5.084105
5.590489
4.113407
-6.153802
2.285505
4.279942
-5.972148
0.188066
-6.266520
-6.426283
5.909322
5.377524
2.907165
-3.541013
3.099856
-5.199369
-5.922512
-6.285465
-6.138110
5.784779
-3.934043
-4.993072
-5.698032
5.377090
-4.550747
5.555774
-1.237041
-5.064852
-1.542250
-4.732931
-5.959275
4.947495
0.492334
-4.698409
6.035887
-6.527376
5.349008
-6.341487
-6.100946
6.228239
3.201829
5.385436
6.484910
-4.914481
4.963286
-5.829101
-6.878820
-5.752061
2.016857
-5.193926
-3.475459
6.921452
5.136946
-6.042914
-5.469424
2.935126
-6.999678
-3.998523
5.369069
-6.441543
2.824152
5.151047
2.575124
-6.438243
-5.491862
5.853004
0.500298
5.349485
4.482736
-5.463084
-5.797647
-6.358303
-3.278619
-5.415688
-6.034047
-5.294318
5.021854
-5.385857
5.187654
-2.896462
4.942528
-3.188990
5.648871
-4.685782
-6.124375
-5.740420
1.731403
-6.239393
3.017938
6.511960
-4.983074
5.254977
-4.452994
3.356655
-5.953893
5.864537
-6.411881
-4.973905
-3.998072
4.744262
6.373911
4.839071
5.271290
-5.552508
-4.143479
-2.981644
-4.750034
5.143040
5.960477
-0.199335
-4.473524
-6.289666
-6.082688
-3.971858
-6.126879
-5.421830
4.845122
3.929587
2.072498
-5.736713
-4.549488
5.851313
5.849542
-3.408164
-0.159563
-5.899791
-6.999866
-6.100782
4.457006
-5.463557
-3.737297
-5.976629
5.974557
-6.483190
-5.637162
-3.577302
4.947190
-5.480565
2.947483
4.114323
-6.868816
-3.950913
1.103484
-4.461356
4.325239
-5.704275
-2.271844
-2.905414
6.054192
1.438640
-2.894273
-0.027676
-5.506085
3.866463
-6.172168
-4.994186
-5.390882
-6.334764
6.444036
2.820632
6.004723
4.886201
5.426256
5.714333
-5.220245
-4.711397
-4.771589
4.534375
-5.892539
-5.995575
-5.603683
3.662933
-4.345296
-5.792506
-4.777801
0.026341
-2.627518
-5.110559
6.994295
-4.710312
-3.447682
-3.880594
-5.257338
-5.853784
-5.745160
-5.882942
4.334085
-4.515039
3.593422
-4.442919
4.023394
5.432330
-5.267713
5.675016
5.542054
-4.716132
-5.384407
-3.850247
-5.512729
-1.497807
-5.672006
5.457156
-5.418343
5.376129
5.662716
-5.063710
-0.213427
-5.707867
1.652197
3.740185
-6.416163
0.696133
4.161837
2.513716
-5.824415
6.983562
-3.668825
-5.905462
4.452513
0.169134
-5.713202
3.253787
0.245475
-5.216123
-3.319269
-5.647045
-4.165591
3.951857
5.258327
3.854963
4.731841
-4.211281
5.102676
-5.720899
5.150752
5.539957
-4.350883
-4.865961
-3.916764
2.746508
5.041234
-5.702690
5.636378
-4.966292
-6.781666
-1.240021
-6.991240
6.239489
-5.605326
3.865761
5.703451
-5.946121
5.840878
4.210649
5.537667
6.098775
6.379380
2.455405
-4.078513
-5.418473
5.745088
-5.106767
6.035766
2.822274
2.040075
5.764113
6.218299
5.479858
4.707271
-6.413096
5.872565
-4.168003
-5.491002
-6.114675
-4.085868
5.233010
-1.558208
6.118169
-0.036784
-1.083699
6.004614
-6.201847
-6.002860
-5.629060
-2.846856
-6.263095
6.095922
-6.055323
-1.378953
0.125385
-5.149024
-0.199111
-6.238346
-5.576031
-2.983242
6.431635
-5.587710
5.460995
5.740168
-6.355818
2.956173
-6.369095
-1.402906
-6.251629
-6.659777
-5.543808
-3.628106
-3.360799
-5.462065
-5.465983
3.918557
3.787155
-6.153245
-2.046570
-4.949989
-3.256157
4.540952
-3.001336
-6.999534
-4.991514
5.118435
-6.031561
-2.083338
6.060554
5.411856
5.819064
-5.508109
5.971617
4.986649
-5.248171
-6.112758
1.915693
5.023745
-6.133199
3.170621
4.570686
-2.840249
5.548668
4.349269
5.579618
-5.346944
1.770325
2.829194
1.628134
-6.045925
-5.435253
3.683826
-5.474891
5.724970
5.921299
-4.306309
5.199283
-6.928613
6.066956
-5.497664
5.229221
-4.824080
-5.368927
-5.195251
-3.338008
-6.569158
-6.218034
-5.377129
3.084559
5.127324
-1.823972
5.769379
-4.952863
6.286976
-5.042177
1.806029
0.088360
3.894140
-2.047274
4.914170
-1.613468
5.700515
-5.686134
6.175756
-4.630567
6.083959
-4.077044
-5.805517
5.653515
-5.661098
3.631761
-0.838870
-2.032259
-5.495164
3.636190
-6.208228
1.931053
-2.345896
4.543807
-5.985186
-5.877865
-6.639021
-4.991172
-4.631763
-0.897659
-4.331845
-4.127590
-4.388011
6.031122
3.039452
-5.214498
-6.493466
1.597160
-1.526543
-6.387204
5.943969
-6.160933
-0.530242
5.958645
-5.625750
-4.647400
-5.095385
-6.086024
4.903869
-5.273667
-2.546883
5.930286
-4.401573
3.134686
-5.145592
-5.891448
5.179597
3.029688
-5.163551
-2.555724
3.165711
4.893526
-6.433876
-6.219927
6.052910
4.580539
3.666174
-4.499795
6.463775
-1.352200
-6.958990
-0.613250
-4.373090
2.732342
-5.788618
-1.217050
-5.610887
-4.820526
3.147926
5.033095
-6.008098
2.959226
2.816961
4.313121
-5.518451
-4.491966
2.055042
3.944436
-1.837851
-5.330408
-1.331664
6.181142
-3.578445
-2.228354
5.772219
5.534331
-4.157802
4.305251
-5.899820
5.586877
5.446500
-6.145796
-5.307717
-4.194503
-3.013896
-6.147367
-2.608183
6.253755
-4.710864
3.413582
5.604862
3.822180
-5.955417
5.311891
5.664118
-3.370057
0.209739
3.413096
4.659845
-6.059524
6.187647
3.162824
-6.919154
-4.879288
-4.615409
-6.451109
-0.518867
-3.558498
-6.454757
6.218676
5.108772
-4.818533
2.553869
-5.580989
-1.411410
4.364645
-2.187025
-5.578054
-5.752360
-5.547874
4.874686
-5.747733
5.846734
-0.352718
-6.994393
-6.999807
-4.677809
4.599506
1.935994
-2.901210
-5.543872
-6.377138
4.082935
-5.112685
4.847616
4.934264
-6.997489
-4.629218
5.500580
-3.132238
-5.618704
4.834833
0.298585
-5.770631
4.211949
-4.582993
-5.756610
2.937462
-6.082932
-5.164863
5.052141
5.917172
0.711689
5.219066
-4.699856
-2.091632
4.548036
-6.091603
-1.492452
-5.435711
5.620768
-3.064666
6.219888
5.715041
5.682008
-4.674038
-5.520561
5.167950
5.133696
5.416983
4.213067
2.957742
1.737010
-2.162185
-4.968289
6.999453
5.905754
-1.202850
4.147402
5.368896
5.181094
5.830922
-5.769966
-5.449137
5.615689
5.567308
5.762221
-4.942161
3.606683
6.380289
6.053300
3.197716
-4.606038
5.964128
4.311549
-5.557368
5.255826
5.195992
-4.005692
5.208220
5.433086
5.314965
6.164683
5.443528
0.705448
-5.676803
-6.503227
-0.216203
-2.486199
-5.792244
3.315376
-2.470473
6.279298
0.310013
3.781082
6.107763
-2.342311
-5.077318
-5.302199
-6.051107
-6.065095
5.362215
5.686437
3.115950
5.589241
1.454673
5.681604
5.080964
6.318626
5.465226
4.401160
5.773807
5.658415
6.524959
4.290270
1.161348
4.248876
-6.012760
-5.781861
-1.705578
-4.848574
5.251704
-4.160063
5.976208
-4.581059
-6.290219
5.338222
4.677883
4.027773
-5.770800
5.588340
4.244851
-5.368350
-6.116073
3.660336
-4.907997
-3.672454
-4.134853
0.065890
-4.824817
2.977516
-5.804250
-0.969184
3.844847
5.627043
-4.135421
5.278840
-5.029003
4.248250
-6.090746
-5.973469
-1.618046
-3.550120
-5.502141
-5.205526
-5.578629
4.864403
-5.984730
-6.985138
5.081071
-5.014144
1.655092
-5.353151
-2.097726
6.955523
5.509286
5.833404
-3.848198
-5.920456
-3.127009
5.274643
-5.825610
-5.308067
-5.784897
3.270986
-4.671394
0.557572
-5.991424
4.033846
4.161010
4.953470
-5.753822
3.690788
-4.501938
5.965463
5.173990
5.694446
-5.910032
-5.961686
-6.901535
6.417583
-5.307571
6.971469
-6.923967
-6.976584
5.355780
3.030963
4.736140
-6.999400
5.495448
-6.182917
4.190371
-3.891789
4.495311
-2.048754
5.221637
5.917082
4.804337
-1.955463
-4.694242
5.540255
5.153146
-4.571952
-5.272233
-5.324872
4.208654
5.156163
-6.109809
-6.248621
-6.007794
-4.351583
4.031126
-5.632173
2.394601
-2.801770
5.551202
-2.057591
6.296660
3.852309
-6.874505
-3.345027
4.834178
4.144008
-5.764575
5.622997
-5.493713
-4.890392
5.058601
-6.413747
2.305742
-4.113194
-4.938087
-1.135506
-6.401878
-4.939348
0.372354
3.159690
-4.917369
3.361489
4.857589
-2.293404
-2.014019
-4.280329
-3.543530
3.877846
-5.611917
-6.216821
-4.558647
-1.512658
4.930159
-6.016961
4.433734
-5.710597
-4.662060
-6.733612
5.261414
-5.948659
5.462300
3.670618
-5.286531
4.821943
5.217995
-6.015276
-5.732250
-4.486351
-5.367090
2.789824
-5.180176
1.776401
-4.844426
5.973496
-3.394610
-5.836941
4.060904
4.456816
5.470361
-5.067950
5.973641
-6.065187
4.627218
-6.364079
5.294207
-5.551617
1.826149
4.998505
-5.808416
2.216268
4.239350
4.117148
-6.472816
4.030808
5.855377
3.885855
-5.100893
5.180953
-6.337379
5.562971
-2.878036
5.379024
-5.420613
1.200496
4.386691
-1.323947
-5.594338
-5.458891
-6.929528
-5.241985
1.517376
-3.836018
5.783620
-6.446758
-6.190567
-2.609874
-1.516432
-4.595373
5.080861
-6.999192
-5.221078
4.829785
2.658919
-6.416041
-0.972141
5.796894
-5.342706
5.671690
-2.780373
-5.776530
6.995570
-3.075370
5.523361
-1.668140
-5.999981
3.863719
6.407767
-1.091039
-5.382237
-4.009813
-6.977984
6.898958
-4.251070
-5.769670
6.389713
2.004904
4.412572
-4.309470
-4.795679
-4.940281
0.703346
-0.113917
3.677025
0.131101
5.722332
-5.804051
-3.654593
-5.481104
2.627764
-2.718593
-5.699594
-5.136243
-6.270014
4.994097
5.433624
-3.093688
-1.331919
5.643015
-2.259253
-3.630745
-5.123763
-0.087952
5.264059
2.771878
-4.011593
-5.119143
-0.498327
1.513809
-5.915657
-2.046438
-1.414207
4.445444
-4.415277
-2.016642
6.091320
4.393600
-0.987504
0.458874
6.067996
-1.974013
4.954761
5.736767
6.115670
-3.702785
-2.330257
3.758358
-6.956461
-3.879670
-0.963384
-3.328809
4.495403
-2.634382
-5.710176
5.908482
5.621183
-6.629654
5.091361
-6.204635
4.532762
4.082889
-4.986083
-5.708037
5.591445
2.196703
5.094655
-6.625269
4.991270
-3.561640
-0.760904
-3.146733
5.880678
-3.581683
2.290670
6.998845
4.292422
-5.833295
5.415039
1.814621
-3.270005
5.701933
5.566057
0.761912
-5.600837
2.381703
-4.417522
5.313410
-1.603066
-6.311331
-6.956691
-6.974649
-5.791180
4.798501
-4.981490
5.007638
-2.478128
3.602539
-5.565908
0.883827
5.273041
-1.027493
5.704768
4.274044
-5.718483
-1.155575
-5.391220
-5.730696
1.578998
5.918527
5.694493
6.188537
-4.676585
4.922305
-6.185127
6.327033
1.815226
-1.620551
0.673270
5.681986
-5.940569
1.054821
-6.994116
-3.973534
5.911471
-5.858594
-5.338753
-0.818656
-5.278513
4.534586
5.920567
-6.756459
-5.733619
-5.403724
-4.765245
5.409505
-0.252855
4.538722
-4.824028
6.036032
-4.691988
5.920278
6.067086
-4.154587
6.999259
0.582373
-6.926804
-5.445453
-2.261619
-5.861255
5.283691
-5.602930
-5.562041
5.155572
4.966762
3.020771
-5.915416
-5.616935
-6.012052
5.460373
4.839602
5.354283
5.010480
3.301188
-4.937511
-5.147501
3.159806
-4.147968
-2.583297
6.040325
0.514291
-3.432976
3.388206
-4.895477
6.129180
-0.908136
-1.742683
-2.994773
2.761070
-3.676823
-5.433415
-2.898493
-3.466513
-5.197161
-0.503010
2.401558
-6.231435
-4.132622
4.192790
2.907272
1.456955
5.492929
5.466557
-2.487189
-4.623988
-2.020700
6.065951
2.499394
5.350949
5.346631
0.688596
4.701446
-0.749441
-4.818399
-6.131098
-5.002630
-4.519757
-5.730529
-5.817706
-6.050953
4.120843
4.868555
-5.957497
-5.787348
-6.128457
4.706404
-1.381750
-5.011093
-4.058408
6.497394
-6.053039
-5.399298
4.099244
-3.750707
-5.204712
3.304654
5.362296
-3.160874
0.995577
0.933964
6.767642
-4.444965
-6.314386
-6.271766
-6.040545
2.586234
-4.473719
-5.648663
-4.546849
5.000018
4.319536
2.515679
5.240224
0.320520
3.306863
-4.824374
2.789738
5.821647
-4.506936
-6.282748
-0.468328
-6.378373
5.243800
3.781091
5.324771
-1.052813
-6.427652
4.650767
6.213732
5.034758
-1.983168
5.769877
-0.664460
6.444464
5.999229
3.526588
-6.074138
-6.399197
3.364860
4.306796
-3.401888
4.334070
5.722694
-5.244487
4.363274
-5.717875
-6.313543
6.988830
1.597482
-6.001586
-6.005609
-2.936201
-5.557816
-4.003164
-6.332305
-5.847699
-5.409009
5.163636
-4.743789
2.709330
-5.682405
4.352577
-6.097518
3.653119
5.053113
2.701649
-5.443882
-6.317960
-4.918711
-5.937501
-5.964325
5.481944
-6.690293
2.318608
3.685360
-5.890530
6.112767
-5.388630
3.952655
-2.465445
-5.903987
4.540598
-4.500177
-5.596071
-2.940409
2.063124
-5.266664
-5.945958
0.019989
-5.245235
-3.643893
5.912063
4.922101
-6.380109
-5.728746
-5.409769
-4.517546
5.170910
-3.020395
-2.822630
-5.359222
5.708941
-6.289594
6.587860
-6.088741
5.450186
6.997722
-5.183551
-6.013352
2.427246
5.107581
4.742940
6.066632
-4.839405
-3.889691
6.124577
0.526391
5.303034
-5.473469
-2.435136
3.444093
-6.948134
0.049583
0.802622
-1.217114
-5.779076
3.321843
-0.251071
5.384221
2.684738
-4.532194
3.959322
-6.014614
-5.447420
5.431253
6.711276
4.074738
-1.591242
3.470208
0.175866
4.203637
-4.831008
-3.661416
6.139633
5.776759
-5.823890
-5.009580
-5.812971
0.781258
-5.643636
5.085056
2.032242
-6.179666
-5.741734
5.409759
2.154824
4.910536
-5.980063
-5.957705
-5.550034
-6.044073
5.710831
-1.337802
-5.345029
-1.943193
4.601867
6.300142
-5.590085
3.567989
3.634002
3.075251
-5.275586
3.838783
4.398033
5.731959
-4.784074
4.946585
3.603354
3.880568
-6.174029
0.798343
4.003331
-5.459439
-4.895214
-2.717648
-5.298479
4.263923
4.946199
2.539024
0.584066
-5.043037
-5.780689
-4.066268
-0.316136
-6.995229
4.279362
4.516930
-4.989778
5.821532
-6.588067
6.289839
-6.357733
-5.288937
-5.927442
-5.997256
4.541811
5.141065
-5.629900
5.311353
-4.976147
5.971211
0.671784
5.178867
3.948656
2.305499
1.442736
-5.783213
-2.034379
-4.987232
-5.045737
-5.061214
6.296381
5.265551
4.966620
-5.472803
2.592182
-1.218623
-2.903404
1.065726
-4.865836
-5.777935
2.325924
-6.088657
-3.971895
-6.314768
2.173217
5.926392
4.710035
-5.814786
-3.694050
2.678888
-6.058350
3.662380
4.377177
-5.325292
6.968189
6.063113
5.584390
5.676158
2.017882
-1.773823
-4.401842
-5.142361
5.259299
5.918277
-3.655435
-6.132610
-6.247746
-5.470455
-1.026891
6.149026
-6.155397
6.918610
5.947204
3.118367
-3.938258
-5.600044
2.595829
3.152142
-3.717942
-5.711144
-3.207549
-2.271367
-5.620373
-4.910308
5.883557
4.801930
5.196136
-5.390349
-3.576636
5.321717
-6.265724
-4.886346
5.169447
4.974494
4.397804
-0.456174
3.939039
-5.188824
-5.128648
-6.015368
-5.941373
-5.396979
-1.888312
-5.897580
-5.701965
5.941176
4.147773
6.201392
4.225865
4.646530
-2.834820
-6.994797
4.663261
-5.365880
-0.972824
0.725878
5.293684
-5.842804
2.675702
-5.760773
1.776752
3.874399
-6.474454
-6.336707
5.803332
0.114965
6.323565
5.430316
-5.536494
5.582886
5.650399
-4.613506
-3.298105
5.669314
3.646107
4.663655
-6.119771
4.214343
-2.557987
-6.012173
5.445344
2.955353
5.409452
-4.759402
-1.085809
-2.837380
5.413202
-4.561594
-5.230609
-5.964974
-4.145063
-4.785890
-6.964163
5.396961
-5.749392
-5.821583
5.857170
4.526512
-6.037924
5.267165
5.598612
4.539630
0.048551
-5.823604
5.514708
-3.551238
-2.741868
4.172507
5.856569
-4.058516
5.115730
0.535826
-6.156072
5.976545
-0.316528
3.827835
-2.080165
6.196852
5.530120
-5.684114
-5.974383
4.936416
-4.172089
4.660175
-5.911164
-5.219494
6.268414
-5.552744
-1.714504
5.476782
6.315775
-3.400366
-6.278248
-5.066230
0.403570
-6.964751
-6.332415
-6.571864
5.359224
3.708953
3.650135
-5.700602
-6.392116
5.558033
4.363388
4.675384
5.355442
-5.600506
-6.082823
5.002041
5.593730
6.026787
4.873860
4.258478
-5.999438
5.626567
-5.609757
0.716822
-5.650283
-6.450597
-6.239572
-5.026155
-4.818528
5.492416
3.872086
6.079427
-5.603917
-6.138259
-4.639901
-4.983395
-6.211825
4.727265
5.839669
-4.716765
-4.204609
5.955723
-4.342492
2.879695
-5.726030
-0.520398
0.313218
6.997178
-4.890896
4.639733
5.566662
-4.199665
-4.991546
-3.555552
4.756021
5.878285
4.034540
-1.400624
-6.520467
5.667135
0.568208
5.661807
3.354238
-6.061081
-6.212839
6.999074
4.022190
4.424087
-5.853303
3.540861
-4.828678
-5.196314
-5.695873
3.753523
-3.310139
5.721907
3.821064
-5.061605
4.209620
-4.804698
2.755148
-5.643254
5.716751
-4.460637
2.427881
-3.738636
4.806261
5.077369
-5.823802
4.783826
0.356625
-4.413238
6.271267
-4.425289
-5.356585
-4.960686
-5.165326
5.907688
-5.412949
0.155311
5.048886
-4.677997
1.557109
3.374360
5.177042
5.752305
4.497484
-2.819717
-5.291329
-5.933660
-0.200148
3.146279
-6.395130
5.250055
5.354703
-4.300214
0.446934
5.475314
5.359811
-6.441371
5.454234
4.947526
-3.240698
-3.873041
6.295458
4.192379
-5.235158
-6.165137
-6.453861
-4.146621
-6.154839
-5.870281
3.240675
-2.549339
6.978733
3.742726
5.782639
3.780851
2.388402
-1.505058
6.304474
-5.750776
-5.192636
-6.108645
5.653253
5.434821
-4.851876
-3.078171
1.728062
5.382189
-4.443375
-5.242337
6.015178
4.019844
-6.096416
6.285349
-3.039468
-3.356606
-5.879935
-3.083386
-6.998995
5.059816
-6.999418
-6.005976
-0.242356
0.073888
6.554318
3.688879
3.669143
-5.993888
-4.875421
5.892582
-5.774341
-3.351428
-5.509358
5.102810
-4.124391
4.832936
-0.779188
6.014086
-5.846961
-4.944439
5.951257
-1.746175
4.820006
-5.088212
2.079894
4.363769
-6.020065
5.347186
4.038238
-5.767416
-0.921195
4.919157
-4.751141
4.706803
-5.435036
0.304928
5.858346
-4.915654
5.604119
6.194424
-5.801101
-5.020297
2.084228
1.774093
-5.919642
-6.283214
5.713394
-6.364688
1.559027
-4.712998
-5.049429
5.272155
-4.137528
-6.329898
-2.769558
4.226665
-5.688292
-5.749252
5.032598
6.208093
0.517909
2.482992
3.663022
6.061849
6.252560
-5.295632
-6.525497
-2.215741
-6.095178
-5.416630
-1.024741
5.147631
6.269964
5.637237
-6.977270
-0.081816
0.051504
-3.211376
-6.042357
-5.968275
-5.237045
5.507437
-5.907966
5.132925
-6.069350
5.834718
5.887939
4.038393
5.365915
0.242861
-5.574192
-5.899745
-6.290852
-0.800538
0.483043
-6.947176
-2.476991
-5.623245
-3.964214
5.443154
5.949119
-5.320588
-2.349644
5.949983
-4.794387
-5.352354
-2.326014
-5.983066
5.136031
6.306592
-4.569860
-6.986689
-6.679956
-6.773343
-5.962698
5.798222
-5.523584
-5.325698
4.103337
3.373316
5.095362
-0.527878
-1.618191
5.024405
6.027933
2.299688
4.543745
-0.171609
-5.904813
-6.219153
0.806375
6.999920
-6.002210
4.546529
1.682493
4.174646
6.999536
-5.623611
-4.339880
6.022317
4.067836
5.115149
5.761871
-2.752535
-4.951855
3.668357
-6.179728
-2.500938
3.130390
-6.362342
-6.136347
5.381711
4.558639
2.696734
5.579611
1.521553
1.577260
-4.700164
-6.201766
6.998552
5.503545
6.051743
3.363686
-6.254285
3.643843
-5.169250
5.658976
4.619910
-6.997576
-5.315833
3.898907
5.717147
5.415206
4.622009
6.007630
-1.347949
-0.351112
-1.241703
-4.089418
-4.275529
-5.863493
-4.140305
5.663389
5.308026
-6.226763
-0.663364
-5.871338
4.483728
-6.250652
-5.584928
4.697893
1.222939
-5.759228
-6.289870
-0.154023
-6.585020
5.830278
6.421202
3.907176
6.067178
-6.350299
-4.494590
5.031277
-5.839377
4.389115
-3.011710
-2.770961
4.291706
0.842455
-5.566180
-2.398378
2.786780
5.531675
-6.473432
4.515849
2.385625
3.269470
5.994843
-4.861926
-0.269486
0.122397
-5.069342
-5.675535
4.912626
4.833219
-5.873202
1.775282
-6.050708
4.277075
2.581349
-3.918242
-5.591732
4.790131
-6.199206
-4.731497
3.992695
6.154405
-5.947995
5.837754
5.837093
-6.033813
2.814553
-5.161713
-6.305127
5.447132
4.780397
5.734137
-0.073397
5.581598
-4.791226
-3.102706
-6.220225
-3.683691
4.426790
5.460588
3.889891
0.617413
-5.706360
6.206640
-5.890257
3.829703
5.129546
-4.617628
4.792668
-5.442777
3.879734
4.266134
-5.504100
6.284401
5.000646
2.706679
-2.361983
-5.791991
-4.876908
-6.106898
-2.861708
3.319048
6.543794
-2.485682
5.752095
0.206480
-4.906981
4.890285
6.214781
-0.093289
4.529855
0.354921
-6.042520
-6.261194
3.330435
-3.760356
4.464420
-1.487116
-5.461154
-5.581761
-5.194296
5.365399
-5.832775
2.642604
5.947695
-5.568734
0.438690
-3.773142
-5.566354
2.083019
-6.986762
4.920560
5.149813
1.432323
5.488410
-3.243649
5.970742
4.907840
4.136248
4.458019
-0.187953
-3.974896
-6.261563
-4.346308
-5.711696
0.373758
-0.156272
-6.412942
2.491885
-5.509999
-5.643912
3.011566
-2.710707
0.369944
5.775196
5.312202
-5.532529
-5.189644
-6.041109
-6.051045
-6.272580
-6.459053
5.824933
-3.863679
-2.881271
4.999156
-6.023299
4.638483
2.707350
-0.350975
6.279783
-4.264469
-4.177613
3.979735
4.708088
5.724450
-5.997801
-0.342209
4.311154
-6.121927
-4.760816
6.298091
-0.174252
3.524796
6.990954
-5.314275
-5.756782
1.626337
3.041421
2.590971
5.922868
-4.477870
5.803710
-6.090271
6.996183
3.365959
4.961352
4.775460
-5.337437
5.753877
-2.800638
-5.460867
5.246688
-4.370064
-3.425360
6.325557
6.543438
4.654707
3.545401
-1.035797
3.995628
-5.910386
-2.669073
4.417883
4.016376
3.596993
6.138243
-0.182190
5.005482
-4.354895
6.007556
-3.347707
2.140190
6.212992
-5.648743
4.500376
-6.403190
-5.903513
-2.347650
-6.007389
5.990375
-1.860588
4.516520
6.251816
4.926826
5.312655
-1.899233
4.591977
4.991666
-6.361558
-4.979662
-5.773984
-6.602502
6.090711
-0.395457
5.014797
-5.964713
-2.000275
5.105962
-1.572102
5.619278
-1.704982
-4.178947
-6.048025
-4.520654
-5.300257
-5.943789
-6.199087
3.058530
-0.815841
-3.497139
6.996790
-5.173552
5.932245
-5.659665
-5.054135
-5.907180
5.608713
5.794375
-2.492363
-3.627238
-5.836210
-0.573789
-6.739872
4.958390
-2.901823
0.397240
-5.850700
-5.565225
-5.451792
-2.838721
-6.006465
-5.547753
-3.054031
5.885718
6.025782
2.462463
4.887024
5.790854
5.479262
-6.995804
5.832507
3.632717
-1.381334
-5.919578
0.650258
-4.822823
4.916379
-4.235222
-3.755209
5.398792
4.680142
-5.576948
-1.124305
-4.176387
-3.796380
-0.783307
-5.499689
-6.321663
4.243442
-1.985353
-5.587774
-4.309354
-3.597731
6.355044
4.935853
-6.308911
-5.259163
5.021524
1.249616
-6.937593
3.896788
5.042696
-4.705573
-2.866290
4.114699
2.243479
-1.010260
-2.965178
4.107247
6.179131
-6.029909
5.852100
5.743652
-5.886502
-0.380422
2.744940
-3.400909
-6.030551
-6.387142
-5.635542
2.977613
-4.501684
-5.344283
-5.944597
-3.286815
6.626088
-1.456432
-4.910529
5.741597
-6.154323
-3.953917
-5.922934
4.725710
3.330915
5.406025
2.239924
-5.638437
-5.596670
5.030906
-3.674725
0.928459
-5.311615
4.714464
-6.014557
-5.865931
4.956593
5.473475
3.563084
1.400715
2.730559
5.380343
-4.381172
2.067512
2.075643
5.668949
1.806400
3.461796
2.346454
4.982036
-5.652529
-5.432093
4.590844
5.389396
-4.880202
-6.478356
-3.995482
-3.111180
3.697194
5.563998
5.064926
-5.141183
3.663893
-5.435068
5.540524
5.137758
-6.102148
-6.057704
-5.040711
0.541456
6.209180
-4.903434
4.295120
-5.877559
4.513560
-5.131102
-3.674145
-6.508600
-4.066300
-5.844872
-3.670792
2.449461
6.220703
5.468910
4.423361
2.914030
-4.531014
-5.808911
-5.963012
6.027850
5.135638
3.900008
5.793936
5.509242
6.096284
-4.229945
2.198796
5.525308
-6.240721
5.362911
5.461270
0.114739
5.809337
-5.941281
-5.752027
5.812006
-4.883412
-5.419090
5.037159
5.879209
-2.344973
5.287937
5.003510
-4.940450
5.737818
-5.331934
5.495395
-6.405139
2.123802
-6.051648
-0.916951
5.740977
0.637442
4.432340
5.307319
-2.132455
-3.277867
5.913419
5.991006
3.474444
-6.051775
4.162422
-6.951682
-4.362568
4.018052
-3.562309
-6.247334
-5.881737
-3.753600
-5.776780
2.065610
4.614515
3.718553
5.365490
-3.082104
-3.588153
1.174103
-4.933131
5.370492
2.190654
5.892188
3.910472
-5.867835
-4.695212
5.732668
-4.522141
-6.009086
-6.523541
3.158863
-6.068127
-6.530419
5.502021
-5.210749
6.015490
5.090765
-4.794912
3.146236
3.010498
6.170269
4.504819
-6.119185
-6.998604
-6.074774
5.947109
3.860306
-3.993984
5.239871
5.415302
2.957689
2.203012
3.259792
4.941315
4.959443
-4.658824
3.679451
5.160320
-5.052647
-4.688098
4.426594
5.360265
5.043985
-4.755874
5.458421
3.487063
-5.055486
-3.371827
-6.999192
-4.564794
3.385856
-5.721533
4.543893
2.941625
-4.507786
3.227344
3.868167
-0.238968
6.513804
3.796692
-6.278446
4.331030
2.278816
-5.859979
6.071792
-5.441226
-5.926612
-2.995684
-5.160681
-0.981627
-5.339800
4.806337
0.755081
-5.054471
-6.996092
-2.562239
3.538122
4.913991
4.453844
-6.468370
5.173679
-5.833503
-4.184934
4.911500
4.332252
6.114162
-3.120268
-4.399821
-6.588995
-0.704716
5.530384
-4.372912
6.102922
3.160794
5.521160
-4.599672
1.970987
-5.575679
-5.538972
-6.075632
4.211279
3.745030
-1.208220
5.313148
5.454588
-5.510941
4.713603
-0.156851
-6.107559
3.395362
1.433620
-3.914113
-5.552723
-5.916193
4.305423
2.472364
6.995308
0.875819
-6.992598
-5.950889
-0.984074
4.051409
5.323694
-2.465491
-4.773596
-6.807249
6.032845
6.954304
-4.474323
2.946376
-2.254087
2.670253
3.098699
-5.272532
-5.699278
-6.023112
-5.641282
5.060922
-6.101344
5.625722
4.640992
-4.613971
-5.185744
-5.664473
-5.411007
-6.030311
-4.916474
-6.500525
0.592776
3.078862
-6.015915
-5.894762
5.971940
-4.222721
-3.996025
1.967831
-5.693579
-0.331704
-4.921672
-1.924257
-5.895228
-1.580186
0.393300
4.205318
5.441825
5.964138
-6.026568
-3.009137
3.775357
5.686115
5.681094
-6.249251
-3.459209
4.695593
-6.800713
-6.114622
-5.471670
-2.633344
4.354765
5.236541
1.216023
4.786902
-6.137348
-3.162529
6.048437
5.235395
3.972225
1.993423
3.921112
6.186353
-4.109177
-6.999794
3.524106
-0.672547
-5.958999
5.953750
-4.250417
6.969491
-4.783169
-1.167718
-5.888334
-0.285527
-6.296664
4.070142
5.702322
-6.035056
5.251489
-6.201660
5.264226
-5.607476
-5.278941
-1.843680
5.668805
4.772936
0.781706
-2.470182
4.449164
-1.703353
3.918920
5.550397
-6.158961
4.042472
-4.557891
4.589019
0.488462
-5.942704
-5.639220
3.542803
-3.869567
-5.002590
3.088819
5.421893
5.618811
4.359792
-2.818257
4.406024
5.085298
-5.498133
4.293290
-1.603527
-4.518692
-0.900746
5.766090
6.066713
-4.906836
5.952359
5.675894
0.748471
-5.572784
6.283857
0.482356
6.190439
-5.123038
-5.778459
-5.491274
3.430012
-5.261547
-0.109352
3.877981
4.923397
5.585098
5.661837
5.139600
4.611815
-2.520892
-4.773773
-4.326346
6.012922
-0.554660
5.823347
-6.373933
-6.112447
-3.107119
2.508977
-6.127996
-0.992373
-4.681443
1.987579
5.165757
5.768106
5.193850
6.317286
3.706378
5.064875
2.978136
-2.869023
-1.923512
-5.059068
5.567823
3.809329
4.795621
5.893709
-4.796409
-4.986780
6.041235
-5.682704
4.948073
6.338390
-6.035135
-5.688174
-6.077491
2.220501
6.123330
4.925482
4.022928
-5.733435
4.686370
-3.053476
5.194515
-3.870339
-4.430577
-5.785726
-5.066430
4.908685
-6.136294
-6.290581
5.140938
5.895686
-4.873801
-5.828166
5.794110
-5.890790
-5.816413
2.883303
-1.956451
4.167166
-4.064359
-6.310249
5.337234
5.007368
-4.654432
-1.253746
0.248671
-0.294234
-4.919168
0.410993
5.668403
-2.421360
-2.579675
5.130716
-1.767185
6.304552
4.375855
3.273018
4.962574
5.178938
5.914760
-5.795377
4.525277
-5.219864
-3.863821
-5.286495
5.740482
2.816024
-2.991909
0.980121
-4.613251
5.708338
-5.342788
-5.229736
-4.915134
-3.821215
-6.075432
5.302069
2.755901
-3.830229
-5.099542
4.797193
3.138688
-4.137127
-4.576260
4.757997
-2.776590
-6.144762
-6.483686
-5.810272
-6.114800
4.965714
-3.722292
-5.555069
-6.228705
-3.718527
-0.757045
-5.443403
4.126643
-4.099525
2.725866
-1.076258
-5.274056
-6.156119
6.416751
-6.051703
-5.841744
3.264424
3.778393
-5.644774
3.624713
-6.485211
-4.320921
5.686752
3.941788
6.119180
-6.366122
-3.945619
-2.474646
-4.435004
-6.427722
3.130869
2.904916
-2.131054
-3.698799
-4.197798
-6.460315
-5.640801
-2.137419
4.188735
6.193260
-4.652172
5.944048
3.708781
-5.973236
-3.443840
1.839559
-6.001087
-3.705535
5.898645
-2.967078
1.903151
-4.612485
5.963988
3.684830
5.245890
-6.220259
4.304890
-5.178838
4.881762
-3.256998
-4.036001
5.242498
3.862779
-0.458706
-5.046227
-5.843938
5.856124
-4.747829
-2.202224
-5.446300
-5.905951
5.598705
-5.639005
5.525487
5.818144
2.737061
-2.146780
5.587573
6.992283
2.407629
-5.110189
5.914227
5.548695
4.548912
-6.196668
0.928811
-5.684831
-5.565873
-4.804906
5.559880
4.553505
4.830841
3.827721
2.829837
4.838418
-6.008762
-5.049038
4.783126
-1.254056
5.998291
6.201855
5.298719
2.917093
4.961526
-4.854954
4.902264
-6.308487
-5.852100
-5.878420
-1.670338
-5.451976
-5.586251
5.569656
3.723958
-4.024088
5.803796
3.945263
-3.281321
3.589796
5.070014
4.763666
-5.835672
-5.792452
5.586399
4.027921
-0.460251
-2.386727
6.095835
-0.097709
-6.124927
-5.399545
2.908259
-5.603000
-6.084115
-3.186201
-4.187692
-0.170825
-5.765907
-6.129782
5.468152
3.128450
5.898327
3.239478
-2.519872
-6.185600
-6.176883
-2.516687
-3.935000
-6.527263
5.700894
4.220366
-5.776624
2.142864
-5.651036
5.016343
-6.271371
-6.548593
-3.672530
-4.908085
-5.386205
4.273232
5.247630
1.658717
5.997013
5.009106
-3.304302
-6.608089
-5.742603
4.905847
4.601356
-4.691302
-6.423280
-5.715804
5.212480
3.093903
-0.300813
-6.298447
-5.145872
-4.788027
-5.554663
5.782660
-5.001102
6.014866
-4.425562
-1.692688
6.107758
5.940697
-6.311169
-6.146753
0.580578
0.923268
4.306726
-2.585575
4.786955
-4.119053
5.608527
5.896131
-6.174226
-6.215376
-6.735480
-5.346790
-1.533770
-3.613308
4.658605
-5.529312
-4.979281
-0.949292
-3.466966
0.183946
-5.307999
-5.261409
-3.316176
-5.008595
-5.535350
5.687408
-3.490747
5.843630
4.417839
5.545484
4.316439
4.418374
-3.805754
-1.781769
6.502070
-5.873921
0.163714
-6.060714
1.411914
4.770708
-0.785487
-5.199661
3.911099
-6.392192
-6.130328
5.692665
0.888011
-6.480098
-6.484629
-1.843636
4.468480
5.823350
4.672509
4.989342
-5.897142
-5.287849
-5.062477
-5.961389
-6.335275
-6.164119
5.622183
4.928846
-4.523348
-5.478091
-3.340115
-4.459936
5.949359
-5.083188
4.737252
5.240314
0.754736
-6.133753
-6.205264
-5.839235
-5.495249
-6.202443
5.340108
5.383000
-2.266475
-3.193026
3.989582
4.077605
-5.338973
0.156139
-5.630878
-4.295011
-5.917034
-5.889938
3.906722
3.493401
5.882221
-5.876631
-5.305556
5.254609
4.254894
-4.845874
4.575838
6.243973
5.220396
0.071497
2.503125
-4.734210
-5.299428
-4.412301
-5.893509
-5.814152
-2.115352
-3.947364
-2.324147
5.951176
-4.969453
-4.567285
6.256819
5.579122
-6.997409
4.903976
5.369107
-5.477220
-5.213577
5.514980
0.321743
-2.220609
4.136337
-4.717358
-6.337660
-4.602017
-0.083326
-4.669794
-4.649288
-5.604042
-5.709398
-6.430373
5.687434
4.741029
-2.469609
-6.603960
-3.496787
2.677847
-5.752008
-3.778606
6.093484
-5.974567
-5.815562
6.995887
5.814616
-5.806992
0.970742
-5.551009
6.335684
4.917475
5.796546
6.940302
-5.473776
-5.097170
-0.381822
-3.792007
-6.319119
-3.636098
-4.934922
5.259917
6.269332
-0.497583
4.600506
-5.884406
-6.941482
3.227553
3.881931
-2.969959
-4.924621
1.745819
-5.247025
-4.986121
-5.539712
-5.825684
4.592255
-4.838265
-4.048703
-6.298669
5.009373
5.810372
-5.575698
3.509240
-5.481321
5.708968
-4.491658
4.906476
-6.047140
3.243274
3.556792
-5.922627
4.880684
-5.796649
5.613793
5.575044
-4.074517
1.959765
-6.224014
-1.271961
-4.802130
-5.469834
-4.345842
-6.309818
3.437397
5.412698
4.466512
5.954607
6.187987
-6.605706
-6.987681
3.079042
-4.026942
4.709562
-3.404301
3.569885
-6.233292
-5.983062
2.602051
-5.881585
1.696731
5.991845
3.562808
-6.999650
-2.476071
3.211972
5.394990
-4.874941
2.968799
-6.999907
4.187642
0.278512
-1.719924
5.790657
-5.581550
3.830787
0.985722
3.049344
0.972435
-1.782493
-4.520456
1.881934
5.752258
1.251783
5.591674
-3.497929
-5.389586
-3.753853
5.177271
-4.787414
-3.799114
-5.680856
-4.368813
2.435351
-6.161005
6.151689
-5.904567
-6.046663
-5.001511
-4.905641
-3.374954
-5.997285
5.623264
5.787842
-5.314687
-5.192502
3.955956
4.677406
4.908376
3.269134
5.878130
5.017720
5.023130
-5.947552
5.248548
5.711464
0.588508
3.705921
5.567659
6.074274
5.504151
5.662660
0.412471
5.488429
1.126685
-5.454159
6.999557
6.104318
5.415126
-3.879783
4.907823
-4.365243
5.811635
-5.423598
-4.058455
2.516952
-5.452406
-4.720450
3.644196
-5.830129
3.676313
-5.917264
-1.157383
0.168226
-4.630383
2.592961
-6.081612
-0.980335
6.103258
-5.726280
-4.419853
3.935610
3.749760
4.835001
6.986440
-4.816558
-5.737029
4.595588
5.789904
5.447282
-4.367218
6.622068
6.212443
4.826421
-1.100993
5.845854
2.572298
-6.210870
-3.328150
0.437667
-3.448502
-5.852793
3.706234
-5.043805
1.318254
5.719470
5.180773
6.348275
-5.741450
4.867345
2.940652
6.292172
3.847742
4.298426
5.657352
2.555824
2.547494
6.382639
1.544417
4.703282
5.033842
1.462477
-6.983308
-1.376058
-6.997787
4.505633
-4.529050
3.743238
-6.998905
4.770670
-0.852224
-4.484897
-4.923272
0.866963
2.962061
-6.613156
5.077852
4.575450
-6.028746
-0.965143
4.326995
3.949128
0.016513
3.524237
-4.280557
-5.183931
4.640111
-3.715961
5.962767
-3.642292
5.328557
-6.109669
5.954663
-5.511618
-5.930288
0.952971
4.015781
3.110675
-6.101383
2.093047
3.912017
0.631633
-5.314709
-4.542827
4.537723
-4.368577
-5.201969
5.996487
6.508089
4.538191
-5.512865
4.810211
-2.589372
-5.171737
-3.132836
-3.534255
-6.243872
-5.748932
-5.408359
5.335153
1.970637
-6.046842
-5.822941
2.842672
5.519135
4.216863
5.200503
2.255686
-5.449380
4.535833
-6.249506
4.227716
2.125050
-3.648425
-5.708434
-5.853108
-4.765433
5.120053
3.853880
-6.515496
-6.308894
5.396493
0.165379
3.343530
4.758476
-6.210166
6.344473
5.838567
-5.397733
4.967482
-6.246071
5.822948
5.316873
-5.853425
3.719059
-4.548907
5.110877
-5.590032
-5.332216
5.694229
3.133236
5.837464
5.546619
-4.656441
6.398402
6.099521
5.209372
-0.808609
-0.526471
5.283444
-4.853496
-5.218069
-4.576828
-3.313789
-5.519310
3.695681
5.150424
-1.344791
3.375650
-6.189567
4.184850
-5.359725
3.951148
5.764717
5.798767
-5.404760
-6.423059
-4.512665
1.888256
4.187138
-5.555834
5.361718
5.498048
6.499790
0.639170
-6.455178
-3.460168
-2.891048
-4.760470
1.395622
4.431621
-4.815228
-0.888696
6.973807
5.566347
-2.721776
2.492241
-4.972927
-3.627075
-6.044139
5.641608
-5.755765
-4.521921
-5.193870
5.801931
0.842013
-5.242265
4.952736
-5.471757
5.551771
6.103276
-5.584107
5.416175
-2.775176
-3.986426
-5.909817
1.588169
-5.167206
1.866154
5.152250
3.864939
-6.229266
-3.707716
-4.880975
3.951713
-3.698079
-6.991010
-5.463732
-4.475601
5.853910
-2.247520
6.204969
-3.279874
5.330571
-4.412030
-5.946945
5.291792
-6.950424
5.430535
4.257097
-3.336887
-1.501577
-5.840798
1.949108
5.688925
5.272875
5.234945
4.590578
0.709840
3.096504
-5.904439
5.917188
5.352355
5.938818
6.361241
-3.543966
4.700769
-1.407927
5.383819
4.886324
6.143614
-5.665237
-3.290185
6.262408
4.918452
-0.686946
-5.743055
-6.044894
-5.321369
-1.916588
3.397461
4.142986
6.098486
-4.068640
3.988449
-3.382426
4.516274
-3.777596
-3.195130
4.522029
-4.108175
-6.168711
-6.036775
3.722051
3.798066
-1.855617
5.814138
-6.556676
-4.069073
4.792073
-3.377871
-6.312156
-3.346887
6.191980
5.361579
6.309146
-6.106945
-6.968568
5.201542
6.104296
1.142474
-5.464087
6.928845
5.844378
0.658102
-4.440592
-6.108233
5.735397
-2.376971
-4.027883
-6.995227
-5.542715
-5.155391
-0.326934
6.088757
5.135623
-4.481493
3.796136
-4.527749
5.653598
5.300295
-3.004533
-1.845205
0.864463
-6.586613
-5.196700
-5.869041
-5.848846
0.655351
3.037025
0.288389
-4.879141
3.898746
-5.273847
2.774531
3.548558
1.777684
0.458324
3.921498
6.447926
3.246332
-4.420768
-5.427029
5.891028
5.417600
-5.379845
-6.091785
-5.628041
-5.241277
-6.376334
5.785328
4.273290
-6.375379
-4.554567
-6.360394
2.400452
4.479271
-5.067690
4.386608
-5.426135
-6.204442
-4.999298
-6.085020
-3.273552
1.482222
-6.114866
0.361578
-3.624435
-0.459337
-5.179337
6.182747
4.926836
6.014400
-5.689708
-4.103170
5.676705
-5.985020
6.270565
-3.316150
6.995283
-4.634072
-0.071551
-5.237453
5.761454
-6.187933
6.103713
6.206420
-5.961207
1.683783
-5.382260
-4.301936
4.942999
6.102231
-5.935195
-5.252837
5.636883
-5.812015
5.704134
-6.998687
-6.135505
-5.725838
4.512699
-5.653830
0.752533
5.702314
4.005213
5.542852
4.008777
-5.114186
6.154553
-3.831806
0.403221
-3.448650
-6.998179
5.438952
-3.512773
5.973681
6.181307
-5.411698
-5.197145
2.448238
-5.887771
-4.694658
-5.769187
-3.609957
-4.428051
-2.398832
4.890250
1.641151
-1.900204
-3.878190
1.673898
5.708668
-5.953748
-6.068412
5.321817
4.164629
4.784827
-4.857538
-5.843887
5.578203
-5.543160
-6.402002
-5.754482
6.128084
-6.050990
-5.634825
1.070893
-5.044627
5.578524
4.565967
5.235562
5.523742
6.357583
5.805584
1.357115
-5.609800
-4.199244
-6.589996
5.023170
-5.993139
-1.713998
-5.142816
1.244239
-5.798731
-6.522415
-3.430812
2.888840
4.226057
5.621079
-3.284590
-5.932443
5.216210
-6.027987
1.525270
0.177035
-4.089757
4.841596
-5.013860
-5.699801
0.008477
3.691456
4.876292
6.980090
-3.482708
-4.513808
3.649747
4.403999
2.585982
-5.116949
1.832241
-5.847138
-5.180663
-5.877959
6.989555
-2.331355
-5.604484
4.971406
5.017204
4.058990
-5.956960
-6.063917
6.048254
6.120000
4.474932
-5.440325
5.506257
5.286910
2.823726
-3.044305
5.655083
5.332076
-4.463341
-5.473257
-3.727444
1.196050
6.472906
-4.297662
2.589982
2.993163
-4.549152
3.397010
-4.993044
5.981435
-4.552561
4.119133
2.623987
-5.483906
-4.575778
-5.324063
3.924080
-6.376958
-5.710706
4.324455
-5.420331
-3.784638
3.270410
-5.724962
3.816314
-4.852880
4.448048
-5.835035
-0.622271
-3.085528
3.145459
-1.725033
4.003927
3.610874
3.727196
-2.600170
-6.226918
-4.973507
5.042734
0.238770
-3.991165
2.753369
5.882396
6.082120
3.773161
-5.462507
-5.804145
3.323619
5.340340
-5.638094
-5.612327
-4.106546
0.471163
-5.186991
-5.161901
-6.392026
4.913990
-4.423223
-5.142259
-5.443859
-3.129322
-5.855033
6.215065
5.643809
-5.511344
-6.524286
-2.756629
-5.202799
-5.502556
3.250478
1.603408
-1.530803
-0.844245
6.245182
-6.242169
-4.567581
5.024242
-6.992769
-3.396930
-3.167301
-5.459668
-2.154930
5.976838
6.036918
4.895956
-5.206246
2.827764
-2.520322
0.061126
-6.470835
6.347300
-5.718586
-1.329725
-5.943703
0.192568
4.701995
4.733254
4.171186
-5.838645
-5.321206
5.376462
-4.225373
-5.740680
4.831092
-4.835842
4.320350
3.884713
3.450721
6.545912
1.356643
-5.209664
4.277233
0.782185
6.172932
-5.922028
-5.719444
5.726354
5.601085
5.752984
-4.005773
3.580811
-5.715198
-5.543461
1.520131
-5.451567
1.180076
5.737417
-2.032332
3.883669
4.766877
-5.633004
-5.958799
5.547523
-6.055834
4.764694
-6.244298
4.930728
-5.912738
4.466005
5.945555
-2.284705
5.317968
4.293827
4.993449
4.260489
-3.768695
6.269836
3.385879
-1.555595
-4.064210
-5.673388
-5.648484
-3.637786
-5.331558
-5.712434
-6.185188
-5.730316
-6.991227
5.194515
-4.575520
6.156128
-5.207294
-5.730433
-4.941942
4.984980
-5.995329
-5.563874
3.047947
3.142590
-6.236260
4.562173
-5.250555
3.120724
5.767192
4.154900
4.302036
3.553548
-6.356541
5.519063
3.364094
4.294954
6.053096
5.341726
-5.837617
3.445204
-1.804340
2.425311
3.526758
4.634504
-6.090704
0.756662
2.241996
0.797405
6.899804
-5.341155
-6.069581
-6.124233
2.389731
-6.144136
4.937293
6.107400
6.152028
5.760520
6.183585
0.686922
5.189539
-4.927565
-0.074835
-6.245793
-5.577754
-3.871316
5.261663
-3.748914
6.324280
5.479710
-2.764851
-5.515452
5.980156
-3.453882
-4.454223
5.777264
5.779350
-5.899395
-3.328131
4.747090
6.352599
5.221058
-5.838693
5.002109
-5.875934
2.696206
-4.595971
6.386666
-4.021876
-3.722277
-6.067870
-5.498130
-6.971148
-6.009165
-6.271121
-5.971162
3.369052
5.644695
-6.984832
5.755492
5.589437
-6.019675
4.298777
5.615917
-5.143296
-5.283929
4.953771
-5.556140
1.442142
2.892324
-5.960163
-6.138248
5.104730
-5.249734
-5.962208
-1.854090
-5.085474
-5.206778
4.809084
6.868772
5.473215
-3.470524
5.706691
1.944127
4.644131
-3.699607
-5.258065
5.822333
1.425085
-3.090483
3.940301
2.137368
5.393813
5.884448
6.997573
-4.539638
4.004261
4.089216
5.471668
-5.627492
-5.572447
-4.350491
-3.174978
-6.568312
5.924045
-5.997926
4.438419
-6.197471
-4.946089
-3.841931
6.040285
4.015361
-3.383633
5.912481
-5.953993
-6.409506
-5.867564
0.254521
5.390562
-3.914542
5.284914
5.359731
4.432627
-4.264672
4.475432
4.096972
-2.962512
2.428821
6.042724
-5.802807
-2.248588
0.370389
-5.952291
-3.704949
2.121910
5.696228
-4.970517
-5.254107
3.746532
2.725456
6.071872
-4.818513
-4.757678
-1.729902
5.633646
-1.759604
5.024928
-4.466775
5.909285
-4.523899
5.391631
0.548047
6.967323
-1.517768
-5.767624
2.249501
-6.283901
3.899485
-6.321496
5.089729
5.332056
-4.484295
-4.249729
-4.542720
4.632202
-2.358007
-5.604094
5.387974
-1.494460
-6.103831
6.115910
5.766674
-6.359192
-6.398049
4.896652
2.740754
3.384162
4.443388
4.158640
-6.228647
1.638376
4.760696
3.378118
-5.520440
3.642424
-2.215692
-2.941301
-1.575283
4.137444
4.926653
-5.868119
-0.569505
0.086948
-6.338706
-5.070806
-5.548245
4.234803
3.392874
-5.509769
-4.569905
3.495790
-5.601981
-5.998178
3.691311
-4.123270
5.643495
-6.027171
-5.643343
-5.625937
-6.998574
5.204309
4.961678
-6.155638
-6.247011
3.782785
2.933705
6.170185
-6.106620
-2.636208
5.177436
-5.101820
-4.829218
2.018750
-6.217001
4.827387
-5.660309
1.960173
-6.277306
5.702490
-3.739387
-5.887117
0.208722
-1.942626
-6.021868
1.871733
-1.457425
5.509920
-5.668197
-5.233029
2.654767
4.990425
4.840784
5.466887
4.831813
-6.708727
-5.630990
3.663651
-2.962029
-6.093840
-6.998896
-4.938785
-5.612759
-5.188639
-3.877086
4.011528
3.264189
-5.962122
-5.794551
-5.723101
-4.783043
-5.640814
-4.987604
5.152727
6.125100
-5.751560
5.180186
5.438573
-5.313735
-6.999750
5.770229
-3.897583
-2.211747
-6.454155
-4.954898
-0.084907
5.064788
-5.650274
5.507168
3.369677
-0.265828
-0.040349
4.969858
-5.036434
4.139693
5.548302
-3.902363
-3.690074
5.587432
6.164533
6.551633
3.304722
-4.554618
3.173063
-5.247469
-6.187480
2.564066
4.844562
6.057032
-0.062446
-5.238671
-3.325544
6.119735
4.207360
5.400636
6.034729
1.958117
6.188038
-6.103056
2.516107
-3.469654
4.258936
-5.578054
4.753584
-3.657036
-5.755606
5.027512
4.431936
5.359669
3.771432
-5.943337
6.072367
-6.196485
-5.511543
2.375692
2.885818
5.608288
4.985862
-6.484629
-5.988441
4.519296
-5.730053
-0.992664
-5.112621
-2.409546
5.406897
1.908543
-4.670979
6.065501
-6.552971
-5.146415
5.994118
2.807568
4.904862
3.414989
-0.946584
-5.347004
5.318493
3.278967
-3.549403
-5.845927
5.198865
1.411990
-5.367771
-3.824635
-1.647480
-5.051116
6.246505
-5.058168
-5.453211
5.644566
4.779693
-5.609797
5.815441
5.457502
5.410627
-5.194755
4.593437
-6.462014
-4.661337
4.619458
-3.319544
-5.647121
-4.419983
5.681700
4.542692
-3.891289
6.261992
4.017640
5.313785
3.824071
3.848195
5.040090
4.951034
-3.727754
5.985681
3.432364
5.349753
-5.267372
5.949796
-4.960052
4.276338
3.288235
5.590980
-5.733967
-6.334359
4.632059
-5.649237
-0.860013
5.662117
-0.688936
4.425369
-4.993055
2.970736
-6.093115
3.000842
4.833402
5.012883
-3.977212
-6.174431
3.643576
2.615080
4.304244
1.030599
-5.979080
-6.322895
6.406268
-0.939987
-0.663322
-4.693521
-6.259525
5.779152
-5.051568
-2.970717
5.688685
5.353773
-5.039114
3.780759
-0.736019
-5.431107
3.759974
-3.427046
5.325995
3.276286
5.738580
4.413914
2.048535
6.150937
-3.737220
5.563829
-5.595948
6.112275
-0.803893
0.904718
6.319554
3.160482
4.495486
-5.135355
-3.106065
-2.298173
0.265412
5.233161
4.960280
4.985100
5.950098
6.523363
0.699171
4.845169
-5.132633
5.243992
-5.244939
5.519000
5.910701
-3.804076
-3.473315
-5.652860
-2.148959
-4.963700
-4.520952
-6.567055
-4.043756
-5.445466
4.338983
4.598571
-5.769796
5.442453
-5.329891
5.476001
-5.391205
-5.748247
3.018409
-2.732117
3.208947
-5.242555
2.031943
4.323280
-5.978445
-0.229696
0.158828
-5.493859
-6.146473
6.245892
-5.809516
6.118091
5.005398
5.666993
1.336726
5.869682
-3.481267
-6.170363
3.950870
-5.292826
6.214518
6.547768
-5.949960
-2.262672
6.216586
0.254131
-5.437771
-0.315650
-4.598043
-5.101775
-2.602281
1.075764
1.443777
3.886106
-1.606064
-5.166175
-5.979619
5.249203
-6.250603
-6.999812
6.045761
6.251844
-4.026887
-5.904654
5.003714
-1.849868
-3.984507
-1.572740
-5.790013
-2.872498
-5.401295
0.130500
-3.090724
-5.990723
3.644464
4.500365
4.442163
-3.099256
4.002162
-6.886217
2.678178
-5.734534
-2.772937
0.708061
2.968108
-6.869251
2.477658
5.001273
4.705142
-2.907821
-2.695791
-6.978967
-6.422500
5.493239
-2.992690
5.901011
-4.395521
-4.851063
-4.998485
5.466542
-2.578143
-5.386472
-5.928198
-5.202126
-5.156756
-5.801329
-5.646510
-4.816579
-4.503377
-5.149513
-0.985164
-6.507559
3.599683
-5.825895
-4.118954
5.284498
3.061662
-5.107704
5.178836
-4.981654
3.510841
-5.136090
-4.378469
-5.643830
-4.956015
-6.304084
5.549840
5.419113
2.152854
-4.673567
4.006283
5.616428
-5.378578
2.015119
-5.492389
5.787560
5.681478
5.733075
-4.697846
5.426241
-6.117061
-6.291446
5.736461
-5.094439
4.333261
-6.628182
-5.534317
-4.956721
-6.824099
3.242215
-4.546979
3.552457
-5.606355
-2.893897
-5.952609
-1.072919
-5.636312
-4.848786
4.986430
-5.921687
5.920837
4.376524
5.901322
-3.783653
5.889439
-3.304223
5.240526
4.581272
-4.660912
-4.343542
3.296769
4.255643
-1.126295
-5.366024
-0.597337
-5.284586
5.152033
3.632741
-4.260678
6.120568
-5.175061
-5.725522
-1.818256
5.720183
1.156482
-5.017514
5.794518
-5.220230
6.075260
-5.199368
-6.128003
-5.670921
2.394038
-0.810514
-5.608092
4.884413
6.428111
0.651158
0.322145
1.139695
6.288410
-0.358414
4.562413
-5.168033
-6.388774
-5.494584
-3.446373
-5.348630
3.150599
3.207073
-5.222280
3.597293
-6.059502
-4.286761
-6.374430
-6.175714
-5.073512
6.055339
-3.175633
-5.453502
5.681176
-3.882669
5.031078
5.248054
-4.547246
4.478233
-5.867890
-3.834591
-5.733005
-5.414334
-3.060794
-6.100574
3.665889
4.222794
6.283386
6.233764
5.403744
-3.853773
4.162019
5.329249
0.220159
-5.319587
5.664839
-5.349872
-5.639506
2.944155
6.145336
6.206587
-4.626977
4.719259
-5.782676
3.986020
-5.125750
5.778545
-4.783481
-5.707557
5.523103
-5.569842
5.532657
-3.790103
-4.402570
-4.888357
5.236289
0.414815
-4.720502
-6.321031
-3.712532
3.342425
-5.840979
5.246252
4.045740
-4.512243
-4.340932
2.064165
-4.586318
-5.514813
-2.917058
-4.036423
5.577565
-6.237128
3.129565
-4.826152
5.478765
-5.766006
-5.797930
-5.050645
-4.898361
0.516382
-6.892020
5.102459
-5.228719
-5.767882
-5.173054
5.680147
5.136447
5.756997
5.415072
-4.956270
3.909569
5.941449
-0.115903
-5.326469
-5.621719
3.667310
-5.762461
-2.362548
-6.431286
-0.991995
-6.220846
-5.859180
2.456754
2.440297
-6.446038
-5.926423
5.292572
1.193926
2.687735
6.088442
-5.540216
0.398450
6.201971
4.364965
-0.887922
-5.883084
-6.999629
6.364164
-5.416853
-6.073812
-0.254995
5.346728
-4.704912
6.997832
-3.630418
-5.207096
0.642077
-1.430327
-5.245011
-5.675755
-5.498137
5.037472
-4.858785
-6.985258
4.234314
6.378117
6.187099
-5.989236
-3.704177
-5.802058
-4.467582
5.873083
-0.227302
-5.819427
6.145515
5.356103
3.382528
-2.626622
-5.097649
3.378534
0.439288
-1.159215
-4.954969
4.803076
4.644992
-5.850128
0.914774
-5.819898
4.684852
-5.922845
5.562094
-2.586253
4.626023
-6.086267
3.184323
-6.980303
6.179339
-4.229084
4.834576
-4.634259
1.145534
5.645041
5.510179
-1.045726
5.432487
2.576423
5.296452
-5.690387
0.357284
-5.482923
4.274270
5.387088
4.149520
-4.595455
5.618078
-4.163690
6.393605
1.051353
4.326644
-3.194111
-6.252850
-5.903104
1.211812
5.368667
1.520893
-0.210157
-2.079598
4.779690
-6.247443
-5.578023
-5.578486
-1.096412
3.908167
-6.633354
4.560949
2.969024
3.071313
-5.945638
2.682302
-4.408694
3.788913
-5.040151
-4.907803
5.548668
5.128764
6.191042
-4.360978
-5.199316
2.145399
-3.996293
-6.271076
-0.560388
4.671168
6.088827
4.608411
-6.790806
-5.891984
5.315811
5.266728
-6.613900
0.334887
-0.643143
-5.782714
-3.766298
-6.999466
2.724239
5.357602
-5.388985
1.975792
6.170804
4.538883
5.185671
4.051474
-6.349679
-0.140922
-3.604102
1.554497
0.523612
-3.542076
3.978586
-6.464364
-5.723847
-6.141113
4.416836
5.971248
5.037035
-5.756758
-5.384176
5.871427
4.904165
5.058995
-4.854873
0.800331
-6.154137
0.400494
-4.705995
-5.770266
-5.006897
-0.249635
-6.371601
-5.961957
5.123559
-6.317082
1.260693
-0.095606
3.226930
5.311189
5.891887
5.713951
6.789414
-4.284468
4.342485
5.056002
5.407062
3.476648
-1.482786
-4.483433
-6.012971
-5.546830
-2.560178
-2.804936
-4.558958
-4.288736
5.850834
5.744977
3.767933
5.913487
5.435595
-4.715684
5.561255
6.040922
-6.996634
-6.596852
-4.667805
3.616666
5.019012
-1.185075
5.751422
-5.848683
4.811156
-5.892929
-5.013263
-3.858116
-4.619347
-1.742952
-6.091844
-1.871282
-4.049620
4.030058
-5.289627
-3.829314
-5.895533
4.999082
-1.016359
-5.926560
-2.632343
-5.147520
-5.652427
-6.160069
5.615552
5.612779
-6.305665
-5.428819
5.817340
-6.346287
5.111803
5.566056
-4.548602
-4.762032
5.285252
0.485055
-3.557054
3.569579
-5.986132
5.704290
2.408554
2.128660
-0.695879
2.989748
3.196600
-5.655533
-5.095645
-4.694503
-4.749268
2.269019
4.238144
-5.479982
5.262003
-5.920786
-2.738746
-5.038965
-4.311884
-0.130342
2.274113
3.456530
-2.769658
-5.777863
5.412878
4.337442
-6.979752
0.292217
-6.244235
6.968414
-2.284747
-5.263407
-6.506497
5.739890
3.666523
-6.224913
6.999801
-0.634693
-1.736474
5.563652
-5.404923
-5.993030
-5.392439
-6.303721
-5.917434
3.920520
-4.758384
1.359724
3.843558
-4.310747
6.999069
3.220895
-6.362757
-6.563810
-6.176578
2.177790
-5.208817
-6.166771
-3.602409
-5.641035
-5.556746
5.899818
-1.662925
-5.071008
6.114078
3.408478
6.036319
5.926607
5.453718
-2.787400
-6.016270
-6.419666
6.327770
-6.541577
-4.993079
3.940340
-0.211354
-3.876604
3.672238
5.132842
2.005961
-6.273454
5.016598
3.931657
-3.998659
-3.925741
-6.229330
-1.363437
5.276552
4.871801
-2.731991
-1.993132
-5.570713
-5.166503
-5.689465
-6.226727
4.833884
-5.749961
-6.008929
6.095694
1.561065
-4.394419
-4.043948
-5.448266
-5.286763
2.028037
-5.540673
0.809125
-5.238696
-5.795844
5.427315
4.697803
5.704471
-5.089442
-2.368965
-3.201690
-5.220907
-5.695075
5.369118
-6.210080
5.197490
-3.966120
-3.095353
-5.062008
6.405404
-4.945539
-4.396110
4.659613
1.747035
5.057632
2.787092
-6.040715
4.668378
-6.092004
-3.247721
-5.517929
-5.710189
-3.499496
-6.308349
-4.645632
6.962747
5.960075
5.108410
5.267402
-2.620385
4.825672
-4.593764
-6.339037
-5.475446
-3.298744
4.589807
-3.452549
-0.643841
-4.377897
-3.023854
3.801886
-2.371583
-3.207689
1.802973
-0.119923
3.167638
-5.413843
5.386022
-4.463500
5.816442
5.196369
-5.553090
-5.379807
6.008767
5.375994
4.877248
-2.772761
4.715367
0.992287
5.133858
-5.757320
5.303734
5.446992
-4.511820
-5.263866
-6.135484
3.291459
-5.304036
-5.648577
5.556073
-6.181497
-0.172113
-3.504050
-0.865085
-1.465879
6.599859
6.253270
5.723244
-0.729445
3.920522
1.500453
-2.614786
-5.516464
-5.204910
6.012633
5.188551
5.718039
-4.263284
5.142783
-5.648013
-3.011782
-4.363438
-4.972161
-2.089447
4.567157
-6.108101
6.310871
4.198075
-6.254541
4.761826
-4.402800
5.293217
-5.574599
-5.860270
-4.589752
4.550979
5.360964
-6.190344
-5.474506
-4.764757
3.308382
-6.063464
6.242388
-6.383401
5.400364
-5.981485
-5.922411
-4.040668
-4.576956
-4.271704
-5.902904
6.879729
-6.320340
5.587029
-6.110621
-5.343315
5.887844
2.490642
0.547024
-3.679918
4.879994
-6.303584
6.279991
6.142536
4.728609
5.264943
5.263884
-6.384411
5.188329
-2.906935
-3.431174
-1.985750
-3.718578
-1.137162
5.616473
4.520401
3.960865
3.780331
-4.970388
-0.162022
-5.121309
4.155400
-5.166685
5.946884
6.008146
-6.002578
4.179613
-3.345502
-5.788735
-3.840333
-5.823235
-2.149360
3.513819
-5.741863
5.302678
5.763867
-5.012315
-4.338609
-5.386620
-0.875470
5.206860
4.793208
-2.926753
4.912816
-3.888001
-5.659807
-4.432529
5.925533
5.762282
3.900389
-3.292603
1.494427
-1.284869
4.124513
5.586494
5.482912
5.433653
5.486106
-6.061757
-6.100249
5.264368
-0.500286
4.129734
3.364543
4.118897
-5.814724
-4.420602
4.699642
-5.324998
5.436434
-6.313102
3.274318
6.907985
4.659538
5.165230
-2.256062
-2.138260
2.762188
-1.670480
-4.046725
-0.151198
-3.042198
-4.347811
2.731925
-5.675071
-5.631864
5.810990
-5.823813
-4.904928
-4.809337
5.383992
4.401798
-5.745628
-6.067934
5.583519
-5.548344
-3.159712
-5.546415
-2.592841
4.925380
3.115884
-3.968297
-6.244380
0.950938
4.678534
5.231415
-6.056052
4.477105
3.180442
0.964705
5.002940
5.321574
3.862941
4.180438
-5.797816
-5.964812
4.727845
-6.447075
5.690706
-5.749394
4.999439
5.341729
4.924375
4.191237
6.136358
-6.005513
5.400810
5.837055
-4.306955
-4.999365
4.984837
-3.875907
2.000425
-5.548511
-5.696617
-5.649093
-5.500826
-4.522047
4.918619
-5.080724
-6.024027
0.649265
-5.942228
-5.442276
-2.035019
-5.681052
4.709864
-0.390680
3.879130
-6.160566
-5.126571
-5.125277
0.042857
-4.982969
5.449398
4.903573
5.258125
-6.294852
6.951475
-6.997087
-6.960743
-2.964619
0.808594
-6.133875
5.133815
-6.349110
-5.623430
5.712690
-4.017339
4.455964
6.270060
6.118456
5.970588
-5.912724
4.936516
5.565810
-6.439161
-2.663632
4.264782
-5.899976
4.720311
-5.635861
2.290300
-4.675987
-5.970596
-6.090306
5.515730
5.405671
4.528877
3.826040
3.532305
4.933772
5.263875
2.862679
-5.901184
-6.228421
2.147391
4.862667
6.315948
3.070079
-5.912038
-4.697465
-5.908203
5.844796
5.031142
-0.527749
5.648650
-5.067253
5.528479
6.274835
-6.263148
-5.404616
5.327149
-1.856470
-3.659991
4.626658
1.588296
-5.758157
-5.781672
4.566895
-4.576479
-6.069778
5.193888
-5.616001
-4.739691
-2.383294
2.216298
5.838235
5.428302
0.159860
5.910841
5.706515
5.909608
-4.044634
-6.119281
4.340372
-2.700165
5.535426
3.452604
6.003852
3.140447
-0.521916
2.206745
-5.685941
6.241573
2.763570
-0.812702
2.152972
4.893120
0.018162
4.819144
-5.567483
4.705393
5.771207
-4.648703
0.037621
4.286196
5.384733
5.033940
5.465264
4.959062
-6.157364
3.215896
-6.567467
4.673663
4.672136
5.808673
-4.906946
-6.325526
5.839877
-5.670174
-6.246904
5.213921
6.374142
3.841960
-4.998955
-1.746445
-5.253432
5.789746
-6.253583
-3.022577
-4.786972
-5.023609
5.516033
3.809943
-5.669874
-4.125531
4.893557
5.042898
3.533044
-5.944441
5.609106
-3.669140
2.628340
2.920605
-5.010533
-4.868119
5.226179
4.820882
-4.779954
2.933680
-5.698218
0.854340
5.666142
3.193307
4.423749
5.922655
4.557631
4.915031
2.535583
5.961259
4.430201
-3.900994
-4.365544
3.615177
-4.428882
5.419761
6.319377
5.666757
-6.359080
-5.983871
-6.030462
-3.313383
5.470115
3.462410
4.247036
-5.218656
0.145160
3.570302
6.306411
-4.812013
5.680476
-6.180304
1.982554
4.697160
-6.405495
-5.238664
-4.542303
-6.167303
6.186054
4.336328
5.927842
-0.020183
5.574508
-3.723562
4.755401
-4.935642
6.999816
5.780375
4.658903
0.242052
5.609204
-5.666460
-6.137323
5.563940
-4.692186
-5.903923
3.440209
3.385977
3.354908
-5.389034
4.606430
-5.585095
-5.791165
-6.243497
-4.804570
-5.892570
0.807679
-5.451370
3.045235
5.659745
-6.611886
5.651701
2.307704
-4.132290
-3.901769
-5.823999
-5.207718
5.086989
-2.866353
1.317445
3.820039
6.120851
1.474088
-2.588601
-4.625444
-5.460542
-5.613081
5.890842
4.435028
5.228692
5.626324
-4.496190
-6.109890
-3.343624
-0.783732
-5.931926
-2.185522
3.060861
5.842941
3.620242
3.045977
-5.619523
-2.785719
-3.317894
-6.560025
3.966447
5.994695
-6.384342
-2.576686
-5.764229
-6.999547
-5.757841
0.035657
-3.713708
5.339359
5.666892
5.898268
4.818179
-5.129991
-5.698616
-5.846404
-4.185622
5.212502
5.489992
3.389573
-6.103443
3.892379
-4.909006
-5.898268
6.142554
-3.352946
-5.288087
-5.049321
-5.953661
-5.331534
4.480422
-6.042025
1.128158
-5.470143
-4.843121
-6.546942
-5.333308
5.027365
-5.207338
1.603726
-3.965873
-4.728930
-5.090376
6.245875
-5.049363
5.007849
3.331663
5.235688
2.267602
5.269570
-4.593580
1.090308
-3.942633
4.117364
-5.924427
3.965621
0.211896
-2.891184
-5.916150
-2.713847
5.560863
-6.993351
-3.832944
-2.810194
4.463661
5.421745
-3.199336
-5.278277
2.570362
-5.608431
1.072757
-5.141152
-3.917550
-4.104745
-5.806625
5.388853
-2.043226
-3.498842
-6.538133
-4.782589
-5.608202
5.401091
-2.928931
-5.411687
-5.276170
-6.320735
4.162032
-5.544419
5.893094
5.858180
-2.863870
-5.233612
5.977405
5.655254
-5.947303
-4.310988
4.952448
-5.119602
5.652942
-4.856399
4.954974
-5.880582
-1.642226
-5.881077
-0.214959
-5.827334
-6.109404
-6.185203
-6.099393
-5.413385
4.983146
-4.382262
-5.188621
-4.688776
-4.390490
4.534898
4.396852
5.697539
4.880468
6.310613
-5.594611
0.931853
4.720916
-2.962370
-4.774493
-3.275454
5.601924
-6.294200
-5.512661
-3.691646
-5.544841
-5.756099
-5.596928
-3.534128
-0.201736
-5.779482
5.144635
-0.273831
-4.766361
-5.881868
-4.320729
6.396482
-4.179996
-2.933952
4.664602
4.079513
6.997289
-2.838647
-1.534330
-5.455695
-4.256071
6.153763
5.187698
-3.400126
-6.232921
3.857270
-4.245946
3.580822
-6.555404
-4.820075
-5.739034
5.303288
-6.164273
-5.645791
2.487711
-6.122761
-3.706285
-4.614754
-6.358343
-5.271707
-4.262731
-5.791195
5.173786
6.179974
-3.312587
-3.506003
6.221325
6.162334
1.843086
-6.166055
-4.405474
5.645783
-4.195882
5.031484
5.236606
-6.372190
5.617925
5.270646
6.007088
3.645120
4.774102
-1.869542
3.956524
0.236749
5.430118
5.300306
6.112360
1.847377
-6.341743
-4.258861
-6.212286
4.497409
-4.898988
-6.361712
5.609716
3.932989
6.228862
5.855242
-4.480406
-5.539655
-2.211693
-1.115727
3.966537
5.158048
-6.987238
-5.434179
-2.624718
-6.978630
-5.163260
-5.548885
4.137091
-5.517244
1.488642
5.722410
5.910327
4.125364
-1.326026
-0.048821
3.048203
5.816162
-5.810518
4.603032
5.054082
-3.130858
-5.489361
5.379599
4.252161
-5.044276
-4.923964
3.137608
-6.918102
-3.984713
-4.514871
5.874114
-6.999590
5.956704
-6.563053
-5.295889
-4.847721
-3.641209
-3.939697
-4.815014
-2.054829
5.260165
-5.831717
-6.988947
5.732340
3.875808
5.902039
-4.197578
-5.131572
5.934661
-5.664555
4.870631
-6.529732
4.667604
-5.339217
6.532414
3.930672
-2.413089
-6.069229
4.417296
2.703154
-5.182085
-3.386573
6.352944
3.641429
-6.986307
-4.194745
-5.531398
5.374187
-4.587155
6.054317
4.887558
-6.496457
-6.589964
2.406224
3.922683
-4.587984
-6.026791
-3.915547
5.365928
4.926871
6.611253
-2.521599
-2.303089
2.635114
-3.404153
-3.343853
-3.962927
-3.475894
1.873995
-4.579044
-4.652702
-5.760564
5.004550
5.625754
-3.276429
2.963080
-5.215727
5.708462
4.438429
-5.946233
-5.699002
-4.604912
4.930542
-3.632376
-4.156213
5.677734
-0.436729
1.490214
4.364637
-3.823290
-0.653754
-2.951871
3.998763
4.161578
-5.574987
-5.094557
5.333470
6.385480
2.199070
-6.260793
-5.986930
-3.446791
-2.948476
-5.349567
-3.871372
-2.915347
-5.731824
-5.078344
0.308238
4.131371
-5.317879
5.795201
-4.392963
3.751183
3.006059
-6.365964
-1.881345
-2.396468
-0.005103
-6.057948
-6.933576
-5.146659
4.730918
-5.295788
2.902266
-4.389232
0.630520
5.294174
-5.720903
-5.589943
-5.714636
0.667581
-6.117570
6.072625
3.729755
1.949755
-2.056084
2.990792
-6.397127
-3.904553
5.410120
-0.013183
-5.519551
-5.755519
2.533955
5.845690
-6.263403
-5.164042
-2.131051
-5.129334
-5.900908
-3.905481
-2.735656
-3.999651
-4.343309
4.993574
-5.301177
-4.918078
-5.926095
-6.476918
-4.215680
2.831524
5.761621
4.867565
-4.577700
3.764947
3.187769
3.891877
6.968465
6.223836
-4.220617
-2.526997
-4.337115
2.444693
-6.116074
-2.994496
2.763653
-3.114636
4.184643
-6.385122
4.720820
3.163260
5.379888
6.050975
-5.607334
6.016751
3.897501
-6.628761
-3.785493
-5.765274
3.141942
4.723420
-6.263872
5.767494
3.536224
-4.179266
-5.519429
4.035005
5.165204
5.319120
5.927450
6.186567
-5.688074
-4.605443
-5.505222
-4.345615
0.345440
-3.996108
-5.303769
-3.364772
-1.524468
-6.365696
5.441930
-5.754359
-2.388647
5.366104
4.601181
-5.378601
5.491637
5.326453
6.902883
5.801877
-6.587967
3.982752
5.116216
-4.379829
-5.917915
4.060832
-5.779834
2.562894
3.447786
3.567031
-4.802807
-4.369070
5.708874
4.720863
-3.509116
4.549711
2.631625
-3.938374
-2.425092
-4.454671
4.558369
4.569919
-5.692662
-2.545975
-6.296740
6.108262
-6.108074
-5.337669
5.693761
5.977840
2.965037
-6.048302
2.084114
5.535913
-4.604314
5.859234
-5.337716
5.819124
4.153624
5.944348
-6.116888
5.176036
4.891060
2.324245
6.194105
-5.984235
5.476718
-4.383423
6.996376
-2.863206
-3.705917
-4.692738
5.427544
-4.869824
-5.265525
-4.848049
3.111082
2.742064
-6.020877
0.047447
4.649567
3.340284
2.715642
-2.783610
5.966539
6.374095
6.013035
5.622229
2.956300
-6.264039
2.562490
2.027114
-5.099590
-3.794082
2.188240
-6.395754
4.609327
-5.811595
6.310842
0.548860
-4.477147
-6.970623
6.372528
6.493440
-5.236272
3.896080
-4.071559
4.449879
5.679494
-5.729864
-5.667183
-5.414877
-5.935914
5.493755
-5.293092
4.951211
4.594241
-6.627645
3.752763
-6.443104
4.392690
2.280539
-6.107728
5.252449
6.987950
-5.534352
-2.422557
5.691858
2.081526
3.731829
2.799348
-6.368539
-4.498729
-5.959922
-5.734433
4.330781
-6.299368
-6.291120
-3.991542
5.485881
4.233185
5.767344
-4.740312
5.678845
3.310034
-5.705077
-4.947016
0.608302
5.106848
5.018850
5.423683
0.319410
5.163378
-5.774020
-6.416263
-5.965649
-0.126518
4.101049
-5.787408
-6.048021
-3.103067
-5.752726
-0.001177
-0.805123
6.265926
-3.326470
-3.480000
-6.264287
0.886235
-6.899925
2.901823
-5.176289
4.883360
-3.465539
3.974248
-5.898569
5.648560
-5.365841
6.117243
-5.723991
-4.225141
-5.102080
-2.290475
2.359353
6.071414
-5.211373
-2.726525
5.919942
-0.245088
6.060229
-6.098820
1.496414
3.952290
-1.946282
-3.955131
2.592954
2.971751
6.145708
-6.395878
-6.012361
5.018500
6.016627
2.006254
0.553498
2.750973
-2.370764
-4.495180
4.977495
6.217088
-0.368054
1.594318
-5.222537
-3.274065
-5.264638
-2.673112
-5.923466
5.141764
-4.972933
0.586864
-5.772967
-5.726040
2.836174
-4.554699
-4.940120
-4.752030
5.307734
5.865119
-1.775965
-5.991592
-3.977963
6.569832
5.629783
4.655579
3.027539
-6.462409
-1.848908
1.519134
0.262031
-1.524399
-6.760660
-5.979677
-5.698702
3.520691
-4.492458
-6.160538
3.498764
6.194065
-6.385600
-5.270961
-6.120784
6.561832
3.780998
5.842423
-5.744790
-3.670431
4.657232
2.978738
5.142236
6.446148
-4.970215
4.950077
5.585683
6.548207
2.212648
-3.427497
-5.973892
5.654721
-5.898341
6.990539
4.081233
2.463267
-5.976112
5.791504
6.049192
6.140845
5.395311
-1.734367
-3.583680
6.992788
-5.043418
0.324139
1.501912
4.650617
3.429806
-1.426505
5.721899
-5.933056
6.122963
-4.510282
5.791128
5.232920
6.829302
0.328850
-5.394704
2.225806
2.085244
-6.282912
-5.901421
5.685154
2.033459
-4.606505
-5.305572
2.022405
5.768933
-4.362090
-6.453510
-3.953676
4.763754
4.999025
5.656667
-5.941495
1.958928
4.370324
3.887757
4.826305
0.760659
4.697765
5.852930
3.422518
-5.382219
5.614906
4.643269
6.998597
6.217252
-5.548050
2.658392
2.196770
4.491459
-6.145344
-3.419850
6.382109
-3.826680
2.359598
1.796079
5.140577
5.983521
-6.410219
6.183104
-5.440097
1.384519
-6.142112
-5.998853
-5.887522
4.317256
-4.259551
0.280899
5.542889
-6.720768
-5.768151
6.015357
6.198118
5.944375
4.299013
3.896028
2.601093
-4.819040
-5.697558
-5.166191
-6.508490
-2.711132
0.713772
4.338289
-1.940159
2.979677
-4.196149
-6.185486
-4.634936
-5.095528
5.281371
-5.526712
-5.286505
4.119096
5.637603
5.525757
-5.496972
-2.537092
-2.111484
5.457004
-6.045878
-5.222657
3.096372
4.987650
-5.620927
-2.086690
-0.545526
-6.187984
2.225153
-3.496470
5.745338
-6.178335
-5.169259
-5.444663
-6.008655
4.490324
5.842085
5.451996
6.086046
5.983662
-4.873283
-6.236201
-5.305446
-5.774826
5.102750
5.071004
-6.285984
4.597241
-5.811719
0.756752
-6.034401
-5.672748
4.007035
-5.329905
-5.440818
1.282025
2.117917
5.254838
1.167955
2.372960
5.744594
6.005462
5.668806
4.737003
-5.478540
5.806679
-6.384733
1.142550
-3.615929
6.171509
4.693349
-6.220217
-4.667751
-6.301645
6.129826
-1.498543
3.249718
-5.692426
-6.213180
3.309077
6.530875
3.814195
-2.960288
-6.057791
-5.914072
4.830026
-5.463090
0.392834
-5.690105
5.208627
-4.697402
5.476522
4.953280
4.805455
0.544744
-5.824169
-5.927741
6.761646
-4.451945
-6.114964
5.974649
-6.158258
-4.746041
5.805233
4.947490
-4.220390
-6.131737
6.331769
1.368037
-4.671933
5.308575
1.367340
4.980193
-5.596009
-6.145998
-4.302685
-3.582849
5.222494
-3.605589
-1.778553
-2.957875
5.355134
5.091348
4.999023
5.366663
-5.113766
-6.999076
5.826503
-0.573398
-4.804039
-5.275281
-3.073884
-5.978615
6.020172
-4.711592
-4.871003
2.820274
-3.734963
-5.458581
0.533849
-1.792294
-6.292545
-6.981398
-0.502296
4.770104
4.080703
5.770770
-4.272043
-6.295831
0.715778
-5.260198
-6.371062
5.354691
-5.791889
6.262400
-4.356499
5.173600
-5.800021
1.377558
-5.697317
5.704547
-6.004074
1.892656
-5.884790
3.756841
2.125039
-5.670992
4.956284
-5.272364
3.249222
-5.750215
-3.872784
-5.064109
1.446035
4.867523
2.826482
-3.559244
-6.563880
-5.566490
6.139545
-2.558603
-5.316502
5.289466
-6.071181
4.096325
5.277223
-1.859570
5.758182
-2.876409
-5.139045
6.222458
-2.630795
-3.874831
-1.942576
1.730395
-5.773621
5.018272
4.089738
4.185000
-5.912281
3.604296
-5.481892
4.258204
3.392012
-6.337841
5.802500
5.427803
1.391015
-5.745166
5.125763
0.131018
-2.141807
-5.757566
-6.487151
-0.049977
5.104604
-3.011329
5.785967
-2.409765
-4.350662
-0.682320
-6.018234
-4.637038
-2.620123
-5.909925
-4.384114
6.370499
6.839439
-5.549562
6.207744
-2.340102
4.465844
6.036602
5.307530
5.111003
2.301396
4.243153
1.185759
5.110192
4.132096
-4.812822
-4.824445
4.805798
-1.172819
-5.780956
-5.707479
5.041699
-2.368807
-3.460070
-6.195803
-2.531780
3.918532
-6.550226
-1.264869
4.926469
-1.878728
6.009131
-0.831850
3.882852
-5.386884
4.651149
-5.875547
-5.272122
3.212388
5.700865
-4.601968
6.031040
4.794797
-0.254144
-5.211342
5.943054
5.571678
0.523679
-4.552270
5.216110
-5.605824
0.838436
0.032483
-2.437925
3.201334
5.066989
6.052548
0.353457
-6.412818
4.771783
-4.807131
2.705979
4.384522
6.120104
4.774829
-6.996398
5.596375
-5.440947
5.658317
-4.540027
-5.587766
6.093443
-6.098471
4.963161
5.763931
-4.102756
-5.825752
3.711754
5.128685
3.554950
-5.397842
-0.768960
-6.808602
5.571867
-6.407694
-6.386649
-5.264410
1.195774
5.834387
-6.080273
-3.338118
5.388393
-3.770309
3.737685
-4.690525
6.005774
3.868161
-6.335570
5.478030
-5.644901
-1.137518
5.210676
2.449624
2.242057
-1.540663
-3.478563
0.486220
1.319800
-6.215685
-3.457191
6.998295
-4.158253
2.296306
-2.034859
-5.458060
-3.562435
5.707649
-5.958867
-5.053883
3.986234
1.926036
-0.477602
5.829644
1.606172
4.768279
3.671758
-6.622086
-5.915185
5.683184
4.574767
-4.774640
5.888356
-1.954152
-5.822644
-6.461019
-5.790574
-2.204917
3.134866
-5.420334
5.083037
-0.531816
4.705397
-1.217031
1.428160
5.840882
4.198212
-5.608115
-5.175025
5.378568
-5.205370
-5.984064
-6.999122
5.121685
-6.187210
-4.765607
-3.129907
1.452364
-1.107112
5.327360
-6.995333
0.284961
1.941450
5.476057
-0.664097
-1.460774
6.049900
5.763090
-6.326916
2.470025
-5.265485
-5.620483
-5.470165
5.311366
-5.413956
-5.789150
5.036956
1.170902
5.267660
-5.626331
-6.350343
-6.991758
-4.989050
4.633502
-6.203814
-6.447206
-5.253948
-4.639841
6.295038
5.165983
-4.512336
-6.166208
5.473750
-3.889410
5.535641
-6.124184
-3.490518
2.380741
3.715010
-6.111178
1.812210
5.914200
0.259089
-6.334857
-4.950928
-6.320120
2.360280
5.888560
-2.690943
-2.927049
-5.929566
-5.093195
5.771655
-5.704385
-1.626493
-6.934930
-3.862700
-2.701019
5.608849
6.765598
5.546530
6.998559
-6.201561
5.146551
6.323720
5.423409
-5.891387
3.851468
5.876428
6.140342
5.844948
-4.953484
-6.992129
5.379708
-6.999292
5.586819
6.474916
-6.416938
5.818586
4.533794
2.065535
3.783229
5.485208
-4.031380
-6.364051
5.743402
3.442258
-5.811787
5.889846
6.011812
6.122137
-3.096021
6.282007
4.087916
1.984845
4.544730
4.471507
-5.939185
4.471337
-5.735323
0.720270
-2.839632
-1.124652
-6.093876
-5.494807
-0.831658
-5.646947
5.901639
3.066883
-0.805061
-5.800997
-6.009556
5.786098
-4.527127
-4.549930
3.926483
1.846977
-4.677359
-2.130800
5.828237
4.778220
-5.609931
5.423591
0.080250
-5.417183
4.761748
-6.034103
4.239482
5.932857
-5.802417
6.339456
-4.761024
-3.627183
-4.531959
-4.547567
5.791268
2.013069
5.645040
5.793914
-4.595532
6.366948
4.129870
-5.830417
5.363473
-5.185820
5.017940
-6.299124
-6.079594
-5.490791
-5.611018
-3.522626
-5.853691
4.298717
-5.868087
-6.470245
5.092490
-2.046175
5.970355
-2.988942
-5.561843
5.096683
3.541771
-5.872021
-4.870305
5.115715
-3.637360
-6.407161
-4.654183
-5.022859
-5.504795
-4.910776
-2.892869
-5.734167
5.946014
4.566864
-6.368752
5.487573
3.491019
-6.125829
4.295627
-6.330444
4.898312
5.111472
-6.372314
4.061101
5.636380
-4.519578
-6.374425
-4.270132
5.960728
3.142260
5.175855
6.045149
4.379661
-6.412199
-1.204133
-4.535088
5.365079
4.154305
5.364093
-5.849799
-5.909144
0.925527
4.833982
-6.245061
0.784163
4.611290
-4.504387
-5.539383
-5.522847
-4.122526
4.461641
3.408826
0.641602
-5.056065
-4.484750
-6.349443
5.715158
4.443771
-4.773776
-6.212163
-2.887655
-5.198108
-2.318613
4.810826
5.535211
4.899062
3.840051
-5.286276
3.832144
-3.092371
-2.283367
-2.379106
5.357379
4.331321
-4.586346
-5.419929
0.735256
5.373472
-4.618319
-6.304782
-3.973277
1.051156
-3.127811
6.052940
5.237721
5.527682
-4.255924
-0.500497
3.613520
5.213442
-2.948404
5.203305
-5.482240
-1.291478
5.045391
1.767783
4.704609
-5.571579
-5.732112
3.898925
5.807648
3.890054
0.526262
-5.063228
3.332756
2.402509
5.708329
-4.629125
-5.776065
-3.748686
-6.907841
5.779456
-4.797440
-5.550425
6.086311
3.107117
5.562106
-6.438935
2.752003
1.192241
-5.260236
5.049269
-3.619886
3.803211
-4.965328
3.258642
-6.158415
-5.088716
4.973964
-3.901683
-6.305386
0.043655
3.326751
-6.935161
6.034297
-2.881088
1.450958
4.964927
5.419481
0.732776
-4.578625
-5.277429
3.723242
-5.724443
4.226911
-5.629657
-4.708000
4.919167
2.909539
5.544929
2.760337
4.649024
-3.495939
3.575117
-2.634809
-5.437609
0.538067
-6.150578
2.712606
-3.521026
-2.517727
-3.473720
2.900981
3.658920
-6.314265
4.376900
1.780545
-3.794924
6.021132
2.062682
-4.825896
2.238398
-5.506980
4.553185
-5.782036
-4.882337
4.769700
5.337506
-5.850415
4.997189
2.720441
-1.754713
-5.321221
-4.673844
-5.587779
-4.010239
-5.701176
-4.571346
-0.101816
-3.392662
5.544840
4.250153
4.767569
5.182843
0.583098
-5.293248
4.834791
-4.927260
3.848083
3.536386
-6.996513
-0.913608
-0.145572
-5.422184
3.261133
4.688821
0.806753
1.330949
-4.718795
6.498934
-4.982180
-4.679805
-3.446881
4.869620
-0.799155
-5.707725
-6.079577
-5.592494
4.473514
-6.466720
3.437373
-5.240822
5.724442
-0.407188
1.066045
-4.318755
2.866781
-6.214781
-1.842607
-3.782268
-6.265512
-5.581988
5.184865
-4.973313
4.497075
6.262478
-5.079639
-4.789370
6.097945
-6.166155
5.767290
4.444057
3.938497
5.112834
-1.850987
-6.230624
6.083226
4.052465
-1.814861
5.526422
2.268654
3.489498
6.140711
5.694206
5.923118
-3.609546
6.031769
-5.031545
-2.320905
-0.320085
3.430945
0.086079
5.263022
-4.101897
-6.064730
-5.382340
-5.835200
-5.639881
5.678569
2.668995
-5.185957
3.611127
5.096588
4.257371
-6.685433
-5.357423
4.533732
-5.408749
-3.130050
5.931668
5.512788
-3.665387
5.263191
0.286004
-4.011105
5.766785
-6.223113
5.347594
5.406901
4.890287
5.654352
6.029211
-5.846061
-4.801640
2.801308
5.122146
5.538818
-0.723513
-5.305533
3.983291
4.030074
3.766466
-5.691517
3.326709
-6.376258
-5.298701
-5.139051
-3.886587
-3.399786
-6.244597
3.128367
-4.730035
1.338148
5.634297
5.260424
-3.468458
0.783397
1.774434
-3.510815
-6.211256
5.837050
-4.117204
5.386618
3.046789
6.205402
-5.972262
-5.889042
-4.808553
-3.140018
-5.927013
4.048361
4.186416
-6.169866
-5.216005
2.920800
-5.938031
-6.423181
-5.812643
-6.284140
6.357960
-5.962431
-5.834774
4.917907
4.574470
-2.552366
-5.603662
3.876570
1.947640
5.394841
1.931681
0.386975
-0.847829
5.196203
-5.673126
-6.992434
5.883314
-0.760413
-6.990806
4.861553
1.753737
5.654543
-4.018029
-5.804400
-4.078411
-5.910222
6.417302
-6.306410
6.038402
-6.132105
5.618577
-4.994789
-5.574266
-4.847004
-5.367378
4.894983
-5.314665
1.021840
-1.502710
-2.102953
-2.877196
6.130913
-4.448080
-5.934989
-5.715286
-4.416201
4.139194
4.898824
6.620043
-6.104403
-5.357173
-1.878569
4.965406
-3.298382
-2.334929
5.389039
6.272595
-1.785375
5.233333
5.922262
5.066111
5.159526
-4.785905
-1.233938
4.229266
4.541430
-4.514329
-6.025797
-3.873466
-5.544880
4.223520
0.067458
6.016698
-5.678771
-5.930123
-3.805808
-2.723151
5.617454
6.951165
1.993863
5.725879
-6.999421
0.061208
-5.989392
6.119416
2.667686
-5.810962
-5.341938
5.130572
-6.507510
-0.070117
2.652365
-5.722645
5.611329
-2.494529
5.444205
1.809301
-4.697855
-1.161712
4.988586
-3.192334
5.309884
-5.680121
-5.053603
-6.063815
-5.957039
-6.984973
4.584057
-5.675692
-5.805449
-6.139946
5.545387
-3.839265
-5.091527
-5.164107
3.301155
1.736766
5.030372
3.777238
-4.806934
4.671316
-5.037955
4.855930
5.306930
-6.847642
3.679906
-2.123796
3.072129
6.399572
-4.257095
-5.428403
4.870623
-4.705750
5.196290
-4.487893
5.940335
-3.287681
-6.041499
-0.094690
6.132503
0.340066
-2.251371
4.552538
-6.192357
3.838127
4.875027
0.246012
-6.645912
5.440431
5.621942
-5.543335
1.902974
5.413644
-5.204401
-6.421850
5.451564
-3.720937
-5.382934
-3.698515
5.143503
-5.369935
4.710411
-2.472077
5.495938
-3.602126
-5.307379
-1.641539
-4.141032
-5.467573
-5.186444
2.508290
-5.609063
-1.278877
-4.201994
-4.733936
-0.568208
1.830940
-4.740314
2.605291
5.218449
-0.262629
-6.054344
5.104329
5.532330
-2.008982
-5.153082
4.145813
2.348319
5.118781
3.195343
-4.289393
-3.467490
5.321737
-6.384613
-5.435818
4.634197
6.434079
5.939210
5.760415
-5.368115
-2.883031
-4.352843
-3.605585
5.816833
5.772473
2.608839
2.299711
-3.463325
-5.230518
-0.442325
4.028813
-6.904163
5.152655
-3.670497
-4.940546
-0.885951
5.610233
-5.984169
1.996782
5.854329
-4.726041
-5.578390
2.928286
-3.031240
3.620534
-3.767956
3.708626
5.586483
-6.999894
4.607046
5.342914
-6.499664
5.404477
-5.909575
1.302425
-2.759352
-5.745771
-4.991117
3.802743
6.126495
5.162976
0.229926
-4.920152
-6.996551
5.710258
-6.992577
-4.970202
3.566794
5.275860
-0.424747
5.808531
5.454426
-5.390933
2.121230
-5.673505
4.951624
-5.302911
-6.216727
-6.254865
4.762820
5.448963
5.384528
-4.946847
2.860070
-5.317262
5.972233
5.694682
-4.940972
-5.488140
6.983187
-5.805629
4.262170
-4.825229
-2.356669
-5.702874
-5.288476
5.560988
5.391072
-5.787129
-3.877508
2.930095
-5.705460
3.978512
-4.284082
5.770681
-5.782732
-6.323156
4.112148
-5.659194
-4.649095
-4.828494
0.608419
-5.498317
-1.220008
6.960754
5.700709
-6.999887
4.673169
6.109866
3.608004
-4.678120
-4.170395
-4.684165
5.703877
-4.621188
5.143345
4.992623
5.419513
4.161359
5.557434
3.987435
3.464716
5.697283
2.354291
4.375663
-6.577792
3.757783
5.264235
-5.141953
-2.840940
-3.623813
4.693032
-4.151527
-4.531708
-5.513973
5.958069
-1.778983
4.424211
-5.312185
1.500690
-5.264704
3.448241
4.839972
3.284278
-5.601662
-3.416497
-3.911214
5.655368
6.118656
-1.754897
0.127406
-6.173078
4.041045
5.476577
4.296979
1.727847
-6.006554
-5.295649
-4.200049
-3.887420
1.318729
5.983068
-2.748353
5.444714
-4.353196
-3.891893
-2.772332
6.253401
-4.560980
4.655999
-3.789340
5.169315
-6.048400
6.239539
5.108689
6.084738
-2.323077
5.441261
5.628836
-6.999714
5.360505
2.925746
1.750470
-6.183523
-5.149068
-3.958586
-3.756801
-6.410525
2.143060
5.098177
-4.766296
1.304179
-2.614615
-5.960034
4.624985
-4.872529
2.790211
0.554220
5.584596
4.270004
4.608725
-5.675413
4.759260
-5.906813
-1.937759
-6.999139
-5.520522
-4.803157
5.733250
1.925236
4.461022
4.148739
6.192055
-5.764626
4.041868
-6.195973
5.513433
-3.631852
5.243003
-5.731369
-4.576437
-4.904702
-3.461937
-3.231516
-5.719106
5.017864
-5.810138
3.265653
-4.542560
6.091647
-3.113402
-5.838304
6.217094
5.213194
-5.622832
-5.946375
5.445124
-6.090636
-0.529105
5.798618
-2.869484
6.158241
-5.020680
-6.003209
-5.864925
5.041635
-5.654343
-5.139533
-5.636199
5.590230
-4.205050
-6.921706
-5.395622
-4.196747
4.105776
-5.485556
-0.973208
4.455379
-2.811876
-5.957963
-4.340844
-5.510231
5.635215
2.844990
0.216579
-2.246271
-5.452147
-5.687009
-6.974948
-6.365113
-3.530895
-5.357743
6.113130
5.707023
5.884601
3.019010
4.653822
5.940173
-5.530234
-5.420426
-5.673416
-6.506012
-6.999681
5.505203
6.091221
4.776440
-6.194155
-5.015411
-6.340433
5.645261
-6.130004
-6.483555
-6.959561
-5.932238
-5.976153
4.364516
-4.882942
-5.758026
-6.315285
-2.415121
-2.483898
-5.601776
-3.328639
4.903721
-4.352724
-1.391825
-4.849002
-2.998642
-2.593095
-6.385526
-2.811696
-3.993471
5.494777
4.199865
-1.909259
-6.054949
1.231618
-5.825009
-6.677891
-6.205872
5.897263
5.486130
-5.016092
4.303576
6.608199
-4.510978
-5.568016
-3.201322
4.468044
5.010443
4.846521
2.368116
-3.885980
-2.421184
1.606747
-2.936158
-3.181083
-6.213095
6.983016
-5.283928
-2.597261
-5.738781
-6.164442
5.039063
-5.579857
4.391500
-4.278012
-5.605491
3.207224
1.140106
-5.561510
-6.070674
-6.071953
4.371685
2.210865
-5.632331
-5.572772
-6.136724
4.168369
-5.822686
-6.488559
5.273416
-6.017368
5.246296
4.679787
3.580582
5.933631
5.936403
5.467244
5.037133
-2.466191
-1.961594
5.992507
5.193285
3.112405
-6.998480
5.603429
5.233149
-5.777831
4.251290
5.566978
-6.053248
5.612405
-4.288655
-3.843484
-6.221035
3.890085
-4.128361
-2.579537
6.053670
-4.842045
-2.837882
-6.395388
5.183012
1.397792
-2.657675
-6.103689
-4.245801
-2.391385
-6.040941
3.075280
4.234225
0.699495
5.097303
4.370702
-5.301694
-2.566541
6.599618
5.813520
-5.659343
-4.867567
5.593936
-3.836614
-5.773512
5.320753
-6.021258
-6.034660
-4.987200
4.774412
-4.957603
6.373766
5.964550
0.410988
-4.170564
-0.342788
4.772215
5.298849
4.026064
4.246920
-5.299965
-1.462268
0.079860
6.098141
3.728397
-6.336141
-5.083958
-5.782711
5.403755
-5.299946
-2.731637
6.068419
-4.318285
1.413588
-5.855458
4.874859
-4.627970
-6.292093
-4.941071
4.764889
0.154619
-4.861950
-3.569763
-6.404877
-3.909997
-5.465236
-5.118538
-4.845926
3.149181
-2.231473
-1.099634
4.036615
-5.735575
-5.413197
-5.783444
3.719383
-4.336901
5.761610
-5.361419
-6.159051
3.643106
-2.185270
5.459386
5.729268
4.573881
-0.260027
4.627175
3.921211
5.756361
-4.225105
-5.665866
-6.672866
6.185673
-5.983393
5.388760
5.498074
5.693089
3.536247
-6.849588
2.672768
3.111510
-5.892754
5.730531
0.220453
-5.484193
5.213561
-2.553500
-5.118138
-2.186091
-3.145521
4.552871
-6.028400
3.755081
0.343284
5.791605
-5.850108
5.341426
6.016014
2.833653
-3.398698
-6.410024
5.208514
-6.222017
-3.308691
6.001139
2.227886
5.543805
1.459527
-2.224527
-3.267985
-1.864442
-5.576465
-4.966795
-0.045368
2.916461
-2.324904
-6.025366
-5.331087
-4.918934
3.704869
0.504838
-5.576902
-1.073233
-5.735364
3.495937
-5.702540
3.495805
-5.563180
5.625383
1.204177
-5.120137
0.858944
3.937220
6.067369
-5.488744
-5.226199
6.999048
0.945208
5.849740
-5.606047
1.947626
3.186274
5.379193
4.765382
6.253105
-4.737833
-4.452060
5.643605
-4.374230
-4.306936
1.548670
3.184448
-1.068543
6.514471
0.834188
0.055700
-6.221121
-3.533664
-5.609246
-5.121110
6.270954
5.355011
5.070864
3.639612
-6.212554
-5.287961
3.411966
5.873821
5.941226
-3.740585
0.797686
5.569125
-3.910885
5.339700
5.164387
3.243774
4.979266
3.544856
5.668200
-5.361856
2.862486
-4.970220
0.161968
-6.166072
-0.432161
5.742932
-4.327289
3.340749
-3.702440
5.568727
0.570933
-4.749207
-1.075420
-4.119672
2.007724
5.261613
-5.378343
-4.319887
6.051083
-3.407997
-6.002375
-4.606059
-6.999206
5.753640
-1.657607
-3.746186
-0.312611
5.686165
4.511362
-5.367553
-0.577850
5.413689
-4.408964
-6.343995
-5.763102
-4.607129
5.817157
6.313517
-3.662904
-5.852765
5.615069
-6.349715
-1.167895
5.636708
3.674069
2.741116
-5.370196
-4.100729
5.404216
1.745638
4.826641
-6.406116
5.596015
6.207058
-5.447820
4.628696
-5.025628
5.534265
2.582953
-4.825624
-5.774759
4.516653
-4.167392
4.421350
2.855756
-6.984926
-4.807814
6.210409
-5.791881
-1.505663
6.359930
-0.257579
5.793026
-4.208931
-6.342373
-2.392258
-6.217376
5.333299
2.584273
-6.315420
-6.942627
-4.856006
6.041262
6.982661
-4.721649
-5.641409
-4.543703
2.735277
4.466306
5.571785
6.100737
-5.540365
-6.292514
-4.989932
4.396915
-6.156338
-6.984495
-3.179633
-5.233107
-5.008862
3.822157
3.690651
5.834297
5.929760
5.356350
-3.892985
5.373934
6.169013
6.011654
4.511892
5.094454
4.137720
5.959609
0.461973
-4.951665
5.835155
4.187665
6.070450
-6.994122
5.925476
-5.149840
5.844806
1.238992
6.325306
5.999987
-4.231524
-5.739284
-5.081135
5.289753
-3.973826
-6.281672
-2.979132
-5.187593
4.087561
-4.200811
5.185342
-1.023476
2.916217
4.205994
-4.602651
-5.059851
4.375396
-4.621722
2.785618
-5.220743
-5.906023
-2.757333
5.720632
5.866678
-4.005025
3.065248
-4.463789
-4.142628
-5.937535
6.040198
-3.201026
-5.634655
-5.727476
2.668007
5.750017
-5.819300
-3.927150
-5.251440
-5.753491
-6.977112
6.068591
4.234188
5.172536
-5.745081
-0.101171
4.320089
5.543568
-4.613201
-4.983487
4.932037
-1.430695
-4.790476
-4.906282
-4.458772
-5.666875
-6.986490
5.196282
2.241916
6.331796
4.651927
-6.269565
4.671741
-4.775482
-5.151699
-6.445497
-5.573155
-4.951667
-6.184496
5.989968
5.241890
-4.129480
-4.311310
4.086470
5.879226
-5.889489
-5.133336
-4.762944
5.359545
5.095497
-6.083460
-5.778750
-5.844231
5.634630
-5.735351
6.386313
5.059812
-1.944339
-6.988038
-5.909183
4.329015
3.284226
-5.409654
-6.199743
-6.243262
3.234334
-4.143477
3.761089
-2.610022
-4.956814
-1.518374
0.108993
5.286508
-5.358647
-2.188089
-0.809211
-5.187804
5.364274
-5.440767
-4.964694
3.692349
5.436599
-1.604472
5.094643
-4.416560
-4.697207
0.889461
-5.820355
-4.774335
5.352419
-4.830986
0.931622
-3.395013
-5.185288
5.909956
4.432992
-6.188912
5.765266
6.080778
4.941712
3.329210
-4.219786
-2.964982
-6.291760
-5.688476
-5.837536
5.110249
5.079688
-5.768327
-4.952203
6.999448
-5.245891
-6.446011
-4.060074
-5.453637
0.914032
-5.521138
4.167329
6.124636
-5.875354
-5.429300
2.468932
3.984703
-6.416560
3.782584
5.424576
-6.445753
-5.806378
-5.322843
3.707946
5.399891
4.433508
3.337268
-5.875184
3.495280
-6.170233
-5.695079
2.867592
-1.362106
-4.023105
2.911970
-4.578715
1.375114
1.448225
1.939579
5.444711
-0.844030
-6.983421
0.474931
6.191502
5.954041
5.390314
-5.118187
-6.304846
-4.130104
-1.105565
3.276672
-4.683251
5.713599
5.822215
-6.999503
-5.566390
-5.611030
-5.766679
6.474594
6.280513
-6.887490
5.160513
4.467548
5.139087
-6.192070
5.410965
-6.989963
4.957237
-5.361966
-6.332726
3.691564
6.603468
-0.358983
0.174506
-5.275310
-0.400052
-6.294611
5.710849
5.680895
-5.534401
4.994597
1.379004
-6.120512
-5.934683
-5.047857
-5.392307
0.611486
1.173483
-6.998116
4.996514
-5.053157
2.170845
-4.617671
-6.535084
-5.804597
3.786431
-2.631307
-5.018964
-5.736264
3.255732
4.722620
3.894992
4.845931
-6.408160
-6.017999
-6.957353
-4.739583
5.913824
6.365700
-6.020548
-4.299888
-4.987030
3.724744
6.038896
-2.727806
-3.148722
5.988355
-5.211492
-4.230438
-3.945619
6.013654
-4.977724
-0.996862
4.793891
-5.035474
6.079402
1.973607
-1.910745
5.454338
0.399281
-5.629100
-6.402145
6.997310
-2.862508
5.337904
-3.810671
2.883132
5.710473
3.396908
-2.630742
-5.666741
5.246271
0.328978
-3.811653
-4.936544
-5.496978
-5.923697
5.375173
-6.413088
-5.927579
-5.672630
1.175001
-5.781513
-6.221756
4.958331
5.984827
5.462779
-5.454568
3.741974
-3.294777
-1.032460
4.093539
6.018452
-5.791746
-3.830987
-5.912610
6.626051
-6.199183
5.331312
-4.920229
-0.110012
-5.545655
-5.985372
4.920312
5.037247
5.425872
-2.314466
-3.168543
-5.822074
-6.390700
-3.545093
5.635848
5.045626
5.758450
6.104619
4.643887
5.847605
5.306390
-5.843258
4.707113
-5.680726
5.782530
5.378309
2.655416
-3.245540
-4.178467
1.943844
1.980237
-6.091556
-5.176980
3.444950
-4.757208
5.828140
-5.537802
-5.428717
-4.803534
-5.234272
2.966930
-6.313657
6.037161
-3.504746
-6.183501
-5.616296
4.911521
-0.962094
-6.948482
3.964603
-5.677955
4.591755
-2.709665
-4.279195
-5.690381
3.629317
4.907918
-5.844521
-5.948966
-0.476865
5.859327
2.161752
-3.531855
-5.916715
5.097201
1.698651
-3.581783
2.890749
-5.314498
5.903283
-4.477354
2.863863
4.982853
1.217273
5.308187
-5.512837
-3.905607
-4.305160
-6.404170
-3.297256
-5.733738
3.429258
5.697628
3.870889
-4.688542
-4.806934
-6.999551
-2.130493
1.562744
-6.986627
4.566382
-5.164417
-4.802457
4.059622
-6.016178
-5.751490
2.772249
3.618168
4.869985
-4.414762
-5.510742
-5.278358
6.993142
-2.337125
-5.351124
4.834002
3.673065
-4.033790
0.010279
-1.393661
4.053594
-6.051914
5.212457
-1.824376
4.877797
1.476879
-5.218636
-5.209924
4.794505
-4.029197
4.196727
-5.811709
-5.058064
4.195287
-5.392538
5.755240
-5.701812
5.226920
-6.137451
-6.477380
3.482241
-5.773803
2.943186
-4.300347
2.242929
3.745772
3.072587
2.304801
-3.310653
1.869599
5.789253
6.578573
-6.420013
4.984398
-3.498854
-4.629265
-2.105777
-5.509732
-1.666082
5.658834
2.796715
3.689769
3.175190
-5.050823
-4.064724
-6.294386
-4.105743
-6.999783
-4.233636
5.539370
5.048186
-3.022806
-5.117698
-0.640052
5.720267
0.213312
6.148580
-3.536634
-5.041309
-2.255548
-5.835886
5.083472
6.200930
-1.932744
-5.959048
0.247318
2.793253
-4.892075
-5.326963
5.946133
-6.692310
-4.972511
-2.558681
-4.579577
-3.950125
4.828298
5.765360
4.657601
-4.657435
5.580833
5.663805
5.349053
-6.239942
4.744935
3.156230
5.561543
2.464835
-5.323531
-6.162707
4.459568
-5.248272
5.426907
-1.314272
3.710690
-4.010238
-5.749218
-5.919821
-5.783506
0.457799
-5.987405
3.363505
-4.407142
-5.269115
-3.452429
-6.956395
4.914620
-3.522601
4.973877
5.064686
3.025106
-2.334984
-6.999524
-4.654694
-4.602114
3.593637
5.199045
-6.214340
5.280220
-4.878573
-3.603223
5.478568
-4.636364
1.301558
-2.537500
4.657655
-3.590408
2.185927
5.876064
-5.656465
6.128932
-1.195519
5.761776
3.311528
-4.863901
5.868377
0.107323
4.049853
3.732548
-4.900078
4.763258
5.541694
-6.411805
-6.016751
-6.129080
0.893733
-5.880894
4.219114
3.474933
-5.981187
5.706016
-4.621273
-6.152057
5.647981
-5.589582
-2.091276
-5.668798
-3.612741
4.316508
-0.820709
6.086089
4.129570
5.502566
-1.873296
-6.063740
-5.219208
-5.277308
3.935924
-2.070060
5.796978
-4.486236
4.234190
-5.726415
-3.990396
-5.870424
1.405369
1.625219
5.991016
3.611772
3.244718
-6.801715
6.149306
-5.437057
4.409287
3.228736
5.123617
-5.935278
5.199441
2.351991
6.111062
5.221093
2.743213
-0.708482
6.228472
6.196739
-5.320554
5.303715
3.907832
-2.893452
-1.630433
4.152757
-3.359200
-0.295630
-5.604177
3.916584
-2.135249
-5.188803
-0.259289
-5.151439
1.496394
-5.496212
4.713076
-4.647576
2.065779
6.058983
5.877012
-5.783372
-6.999948
4.033200
3.674628
6.195059
-1.662403
5.886716
-4.865496
-4.117967
0.047591
-3.730268
5.833450
-5.347840
-4.018623
3.742052
-6.033539
2.319201
1.111207
3.663416
6.197744
3.675267
-6.568099
-3.769832
-5.639982
1.693919
5.543690
5.757314
-2.362931
1.930775
5.461388
-3.731574
5.059723
2.956365
3.960001
-5.859592
-0.074022
5.916552
4.106327
-3.931475
4.038054
2.747872
5.362071
-6.995414
0.055142
5.231307
3.589411
-6.116902
4.176394
2.541754
2.901522
-6.133910
-5.386881
6.997580
-0.987820
3.553612
-4.463581
6.107226
-6.178091
-4.574723
-5.213435
4.089617
-5.578901
2.689903
-3.755376
4.002806
-5.336768
-3.223689
6.443559
-0.109806
-2.234855
-3.335721
4.798252
5.884210
-6.366986
1.903520
-6.244912
-5.438229
-4.266700
0.240397
1.884422
-6.056027
-6.096859
-5.545393
5.028636
4.634879
5.480637
3.923611
5.701202
5.155127
5.540533
-1.354168
4.538332
3.800728
-5.944480
4.375095
-5.029998
4.997721
-5.708550
-3.123605
3.567436
-4.652573
1.924789
-5.327666
-4.388790
-5.930207
-0.633194
4.512853
-5.631813
5.765699
-4.775505
-5.160600
-5.984087
4.728322
-1.738461
4.910235
-3.512250
4.207661
-5.451895
5.812836
3.174360
-4.578939
-5.226548
2.637328
-5.332540
-4.293657
-5.649342
-2.526134
-5.840527
6.069421
4.218665
6.841353
-0.366193
-3.267829
6.130801
5.777329
5.724777
-4.826444
-4.829365
6.343110
4.605186
-6.019137
-3.369373
-5.649770
-3.953093
-1.299893
5.673896
-4.623103
-5.201907
-5.800959
4.319928
4.879651
-5.613571
-2.391665
5.822110
-5.591225
4.868224
-1.705914
3.623370
6.391722
-5.518374
-6.072933
-2.840234
-2.356923
5.851796
-6.569825
-4.619687
6.139177
6.048810
6.029792
-0.097747
-3.080809
-4.004562
-4.341367
5.138933
6.028465
-6.437574
-5.121487
-5.982620
-4.850951
-5.131189
-5.055506
5.862404
0.046377
-6.032725
6.089814
-5.572471
1.338923
5.345877
3.987440
5.455161
-5.529182
-6.236265
5.409393
-3.285155
-5.399043
-5.044499
-5.380197
3.656632
4.665009
-5.881544
2.174603
6.176355
-5.984681
0.123305
5.570242
0.726062
-3.637432
5.273727
-6.998795
-5.923688
5.274971
-6.921853
-5.232199
-5.502209
-2.844797
6.095935
-6.146087
5.248379
2.447001
-4.696392
3.436089
-2.847404
1.585769
5.132025
-4.955570
-4.314291
-3.133370
-5.451550
2.022163
-5.653380
3.435006
1.512573
-3.148641
