7.009000	50	0.100000	ARCHIVOS_REDES\ER\ER_795.txt
-9.904738	0.331541
-9.927954
-9.999574
-9.980514
-9.961967
-9.988568
-9.983218
-9.760771
-9.699593
0.000021
-9.996647
-9.978621
-9.894627
-9.979497
-9.999858
-9.923710
-9.947815
-9.907634
-9.888070
-9.943085
-9.994908
-9.973900
-9.945422
-9.994709
-9.941654
-9.999493
-9.856971
-9.928867
-9.994993
-9.968630
-9.984321
-9.996150
-9.996950
-9.999142
-9.949942
-9.997659
-9.837699
-9.933402
-9.922612
-9.855243
-9.999459
-9.983258
-9.795966
-9.945272
-9.912568
-9.982344
-9.937738
-9.916486
-9.785090
-9.953070
-9.999053
-9.755178
-9.996664
-9.927390
-9.996641
-9.847278
-9.928281
-9.972402
-9.993145
-9.948007
-9.999831
-9.910657
-9.997983
-9.945025
-9.916682
-9.994380
-9.979029
-9.666512
-9.904624
-9.731979
-9.990866
-9.996970
-9.755116
-9.960582
-9.993572
-9.705223
-9.655772
-9.912459
-9.996368
-9.779583
-9.703670
-9.975882
-9.999922
-9.865265
-9.883490
-9.999904
-9.802918
-9.813380
-9.998433
-9.901148
-9.850824
-9.999739
-9.978149
-9.957535
-9.999411
-9.999549
-9.978557
-9.949441
-9.979752
-9.904279
-9.705067
-9.981734
-9.942263
-9.789942
-9.999578
-9.970679
-9.995193
-9.991704
-9.555496
-9.914375
-9.978410
-9.794895
-9.888029
-9.995355
-9.920709
-9.919760
-9.999079
-9.988022
-9.934378
-9.955020
-9.942485
-9.925020
-9.923051
-9.961079
-9.746304
-9.670173
-9.750384
-9.952858
-9.739231
-9.999897
-9.997503
-9.981283
-9.916432
-9.950324
-9.996205
-9.998113
-9.907699
-9.949536
-9.991198
-9.999888
-9.991240
-9.839187
-9.999301
-9.866303
-9.983074
-9.969005
-9.842871
-9.995570
-9.989657
-9.858562
-9.982200
-9.999554
-9.772722
-9.712696
-9.874845
-9.937901
-9.964490
-9.889257
-9.884121
-9.966421
-9.773433
-9.906537
-9.999101
-9.377061
-9.860337
-9.957902
-9.992931
-9.746384
-9.999980
-9.941197
-9.980218
-9.999257
-9.674157
-9.905614
-9.724581
-9.798893
-9.999901
-9.901161
-9.997585
-9.998003
-9.984495
-9.673464
-9.980104
-9.947083
-9.998726
-9.999331
-9.947123
-9.939428
-9.999913
-9.912275
-9.650379
-9.685849
-9.816980
-9.879489
-9.639388
-9.962185
-9.771759
-9.910850
-9.350254
-9.872204
-9.995228
-9.937132
-9.822267
-9.948132
-9.991209
-9.995385
-9.802075
-9.689054
-9.999849
-9.925582
-9.946954
-9.999820
-9.996659
-9.927357
-9.728214
-9.886297
-9.999611
-9.846711
-9.896720
-9.996125
-9.981294
-9.990841
-9.839650
-9.756894
-9.560779
-9.999470
-9.830625
-9.988786
-9.929738
-9.948351
-9.960164
-9.994096
-9.870788
-9.995444
-9.967583
-9.996930
-9.963243
-9.990194
-9.954176
-9.905596
-9.999827
-9.979771
-9.890033
-9.966394
-9.991505
-9.877279
-9.954601
-9.936403
-9.858841
-9.811269
-9.962074
-9.995621
-9.891457
-9.977988
-9.976536
-9.999856
-9.975319
-9.686471
-9.999481
-9.999962
-9.817496
-9.999847
-9.923444
-9.927745
-9.992923
-9.805468
-9.900757
-9.782639
-9.992469
-9.884150
-9.757155
-9.938276
-9.993555
-9.999118
-9.889003
-9.994332
-9.983459
-9.965297
-9.774323
-9.977624
-9.997563
-9.847866
-9.987836
-9.945610
-9.981821
-9.997077
-9.898934
-9.999885
-9.946599
-9.990624
-9.942807
-9.868657
-9.790646
-9.927464
-9.757364
-9.997075
-9.813928
-9.951383
-9.964915
-9.921368
-9.981404
-9.973930
-9.999877
-9.938814
-9.883361
-9.845223
-9.950441
-9.999120
-9.898501
-9.999830
-9.999989
-9.999870
-9.671443
-9.985685
-9.991960
-9.927535
-9.982223
-9.998782
-9.934108
-9.902757
-9.776547
-9.998298
-9.849879
-9.838085
-9.947358
-9.980315
-9.995299
-9.822408
-9.980794
-9.932345
-9.996685
-9.987841
-9.992559
-9.886466
-9.907258
-9.988481
-9.769436
-9.545112
-9.829265
-9.937723
-9.941849
-9.866919
-9.797096
-9.976666
-9.989624
-9.782091
-9.993543
-9.942282
-9.844856
-9.998310
-9.884068
-9.835153
-9.935917
-9.998326
-9.972268
-9.957229
-9.915000
-9.995692
-9.998924
-9.968046
-9.961991
-9.871855
-9.986737
-9.933092
-9.835232
-9.890191
-9.943821
-9.790044
-9.999821
-9.746867
-9.908243
-9.994734
-9.991193
-9.999468
-9.936101
-9.996506
-9.898191
-9.965322
-9.907797
-9.942043
-9.854455
-9.999812
-9.954507
-9.870143
-9.986310
-9.980108
-9.996688
-9.931850
-9.564167
-9.993669
-9.855257
-9.995328
-9.974365
-9.545702
-9.540215
-9.891977
-9.999423
-9.958246
-9.989134
-9.974260
-9.992688
-9.654808
-9.997720
-9.997128
-9.989391
-9.999841
-9.937821
-9.987045
-9.995508
-9.991718
-9.996654
-9.783698
-9.932281
-9.778640
-9.586112
-9.999900
-9.861652
-9.941897
-9.893198
-9.999558
-9.999401
-9.656740
-9.905259
-9.993395
-9.895982
-9.992594
-9.974711
-9.971569
-9.999527
-9.997563
-9.883162
-9.635022
-9.623021
-9.965306
-9.955991
-9.834851
-9.713601
-9.973181
-9.893669
-9.966499
-9.999398
-9.998902
-9.989176
-9.976582
-9.948040
-9.823148
-9.985938
-9.698060
-9.999972
-9.953869
-9.781680
-9.709775
-9.927592
-9.867412
-9.765444
-9.991166
-9.979567
-9.670121
-9.996411
-9.999500
-9.988784
-9.923831
-9.999442
-9.972920
-9.999478
-9.999760
-9.961332
-9.997296
-9.973605
-9.823878
-9.999908
-9.984065
-9.997705
-9.998377
-9.488658
-9.993820
-9.886268
-9.904391
-9.997559
-9.976728
-9.973231
-9.791967
-9.958697
-9.814680
-9.927993
-9.837825
-9.902962
-9.999417
-9.893371
-9.902318
-9.676011
-9.969446
-9.573744
-9.993367
-9.954684
-9.698664
-9.985035
-9.999044
-9.927027
-9.699306
-9.900881
-9.967618
-9.914508
-9.983653
-9.977091
-9.965019
-9.950163
-9.997922
-9.661134
-9.997770
-9.962568
-9.931873
-9.861239
-9.836994
-9.854339
-9.502149
-9.951393
-9.964281
-9.873798
-9.921825
-9.939073
-9.803438
-9.997599
-9.673736
-9.973083
-9.994524
-9.997876
-9.998919
-9.999674
-9.976295
-9.994739
-9.893649
-9.861241
-9.980846
-9.959423
-9.999274
-9.999730
-9.981280
-9.791160
-9.998776
-9.998933
-9.920004
-9.997640
-9.999522
-9.944584
-9.933808
-9.973084
-9.996991
-9.708077
-9.936686
-9.990824
-9.840414
-9.943073
-9.613605
-9.997223
-9.746322
-9.865581
-9.999333
-9.998109
-9.994680
-9.976161
-9.789064
-9.998837
-9.808503
-9.979934
-9.959505
-9.997430
-9.981134
-9.995718
-9.420911
-9.773637
-9.993587
-9.981525
-9.999752
-9.999843
-9.610938
-9.821050
-9.923843
-9.912381
-9.868886
-9.992694
-9.999890
-9.966744
-9.981844
-9.743191
-9.810929
-9.991148
-9.997886
-9.968466
-9.983903
-9.963594
-9.928707
-9.970853
-9.999090
-9.959110
-9.999635
-9.991776
-9.949117
-9.973351
-9.982198
-9.693874
-9.999927
-9.999138
-9.965962
-9.686759
-9.964248
-9.879073
-9.895019
-9.772110
-9.998838
-9.889048
-9.940882
-9.961242
-9.918817
-9.968492
-9.857442
-9.985220
-9.999757
-9.966586
-9.995534
-9.698208
-9.903543
-9.811619
-9.489463
-9.864772
-9.969888
-9.909147
-9.954167
-9.944618
-9.757451
-9.957423
-9.787013
-9.586296
-9.971325
-9.965342
-9.994527
-9.994957
-9.994542
-9.904052
-9.911571
-9.998616
-9.948774
-9.828332
-9.883406
-9.998764
-9.795364
-9.940549
-9.998716
-9.999953
-9.967386
-9.853658
-9.956237
-9.861319
-9.999962
-9.868388
-9.947553
-9.820224
-9.944255
-9.882983
-9.922310
-9.756108
-9.964055
-9.990990
-9.884328
-9.915636
-9.970027
-9.939067
-9.947019
-9.988009
-9.868931
-9.946365
-9.999972
-9.999187
-9.776345
-9.881278
-9.585972
-9.920057
-9.995656
-9.998084
-9.944075
-9.992671
-9.877342
-9.840787
-9.977696
-9.843966
-9.944550
-9.952576
-9.999769
-9.999640
-9.998586
-9.827704
-9.962734
-9.999375
-9.910205
-9.995299
-9.909591
-9.824618
-9.985731
-9.996774
-9.953378
-9.997140
-9.917803
-9.999937
-9.999400
-9.820148
-9.997775
-9.956408
-9.999956
-9.936323
-9.790874
-9.883216
-9.787863
-9.907942
-9.943673
-9.994837
-9.980242
-9.959568
-9.885233
-9.999908
-9.955305
-9.999410
-9.968201
-9.992982
-9.995254
-9.909558
-9.980025
-9.832557
-9.922252
-9.958201
-9.886840
-9.867776
-9.999957
-9.990808
-9.959308
-9.970634
-9.993595
-9.997053
-9.999158
-9.962086
-9.571167
-9.988905
-9.782105
-9.934063
-9.998057
-9.935406
-9.981725
-9.995635
-9.999497
-9.998729
-9.999546
-9.992937
-9.953547
-9.940093
-9.999824
-9.965169
-9.978623
-9.928072
-9.951587
-9.945946
-9.897008
-9.999092
-9.904910
-9.968641
-9.806478
-9.903376
-9.995626
-9.874377
-9.967590
-9.496953
-9.998934
-9.974270
-9.832164
-9.768203
-9.950380
-9.682321
-9.738200
-9.889396
-9.530338
-9.892923
-9.896064
-9.761005
-9.979797
-9.717413
-9.786735
-9.771064
-9.995820
-9.907389
-9.488764
-9.977695
-9.985818
-9.988646
-9.906317
-9.825982
-9.788292
-9.945033
-9.935113
-9.896792
-9.937128
-9.997718
-9.990946
-9.999537
-9.898980
-9.899815
-9.999824
-9.999392
-9.999555
-9.998529
-9.975487
-9.854905
-9.931694
-9.751940
-9.945525
-9.988428
-9.966718
-9.991492
-9.966780
-9.978858
-9.997366
-9.947756
-9.841991
-9.874499
-9.896156
-9.988080
-9.928407
-9.889597
-9.987674
-9.917451
-9.998841
-9.855106
-9.997000
-9.962443
-9.985955
-9.784691
-9.997771
-9.984928
-9.912049
-9.997517
-9.791156
-9.972223
-9.973935
-9.923924
-9.775531
-9.925129
-9.999296
-9.965151
-9.913156
-9.998831
-9.958555
-9.992260
-9.932544
-9.996901
-9.946576
-9.966187
-9.704949
-9.927242
-9.999568
-9.984933
-9.939598
-9.877772
-9.961657
-9.989865
-9.599835
-9.907712
-9.953734
-9.974671
-9.946508
-9.630904
-9.927500
-9.741143
-9.999808
-9.861606
-9.921322
-9.999380
-9.952615
-9.758482
-9.907645
-9.999476
-9.784005
-9.982031
-9.663940
-9.994035
-9.909182
-9.999956
-9.883262
-9.819954
-9.993696
-9.946088
-9.995456
-9.999607
-9.990203
-9.692905
-9.839241
-9.993358
-9.986321
-9.922444
-9.966685
-9.951833
-9.998528
-9.961857
-9.933174
-9.998260
-9.952805
-9.932782
-9.982411
-9.897891
-9.903729
-9.999585
-9.836476
-9.972099
-9.922416
-9.999880
-9.911590
-9.831110
-9.970114
-9.763031
-9.840603
-9.827859
-9.851578
-9.978554
-9.965458
-9.216885
-9.999466
-9.997211
-9.894742
-9.705307
-9.994577
-9.959478
-9.992068
-9.999880
-9.984387
-9.758154
-9.847412
-9.993587
-9.992553
-9.999426
-9.983235
-9.967902
-9.986409
-9.892989
-9.975970
-9.996828
-9.678376
-9.960611
-9.956406
-9.285983
-9.926471
-9.871397
-9.804310
-9.961788
-9.992664
-9.947351
-9.792207
-9.915864
-9.998715
-9.999338
-9.902388
-9.768533
-9.999965
-9.808331
-9.846300
-9.849365
-9.995737
-9.794615
-9.877512
-9.984909
-9.996794
-9.880066
-9.960406
-9.989190
-9.939988
-9.999980
-9.999751
-9.999770
-9.808145
-9.869718
-9.976861
-9.995948
-9.999041
-9.972403
-9.937316
-9.967061
-9.974250
-9.995386
-9.988382
-9.891770
-9.999757
-9.980086
-9.719636
-9.901622
-9.949007
-9.952598
-9.840995
-9.942486
-9.940391
-9.999539
-9.974027
-9.540501
-9.785253
-9.992501
-9.828990
-9.954177
