1.000000	0.400000	50	0.100000	ARCHIVOS_REDES\ER\ER_624.txt
-0.006831	0.049318
0.025289
0.026392
-0.055753
-0.000736
-0.064307
-0.026893
0.013577
0.011876
0.027802
-0.049024
-0.001379
0.079697
-0.075236
0.014750
0.007842
0.055332
0.020532
0.051739
-0.024346
-0.049241
-0.029569
-0.068620
0.070817
-0.003429
-0.087578
0.015874
0.059988
-0.066577
-0.061982
-0.040362
0.022650
-0.010581
0.011759
0.082446
-0.024614
-0.007032
-0.021710
-0.083954
-0.026270
-0.093571
-0.016857
-0.095789
-0.032947
-0.032823
0.057587
0.007044
-0.087343
-0.063317
0.010799
-0.090079
-0.014510
0.014696
-0.012802
0.008447
-0.056142
-0.021574
0.006435
-0.033053
-0.047111
0.067017
0.068128
-0.017635
-0.010562
-0.069978
-0.009375
-0.015395
-0.046833
0.015039
-0.071223
-0.020939
-0.013118
-0.045422
-0.151502
-0.090288
-0.016680
0.007009
0.011199
-0.035511
-0.069129
-0.119040
0.075885
-0.038890
-0.039565
0.069458
-0.093360
-0.057099
-0.039292
-0.069174
-0.040153
0.016038
-0.018543
0.072992
0.044428
-0.014525
0.022776
-0.068842
-0.000412
-0.003617
-0.020467
-0.026954
0.023250
-0.054812
0.060582
-0.045273
0.055238
0.060895
-0.005336
-0.092196
-0.039058
-0.036917
0.053954
0.101850
0.062382
0.084857
-0.024743
0.040799
-0.032936
0.047333
0.049202
-0.020095
-0.002413
-0.083923
-0.005727
0.048452
-0.035284
0.051362
0.018920
-0.095414
-0.058696
-0.033346
0.022644
0.034637
-0.006978
-0.070581
-0.069466
0.050730
-0.066291
-0.014010
0.044314
-0.020214
-0.061475
0.024270
0.061932
0.027246
-0.013066
0.006124
0.006047
-0.048970
0.002509
0.026370
-0.045993
-0.082525
0.047690
-0.102795
-0.013676
-0.034972
0.063482
0.032553
-0.027129
0.088241
0.072107
-0.028841
-0.017178
-0.034035
0.046474
-0.082813
0.074627
0.032611
0.013418
-0.072922
-0.041730
0.007880
0.056538
0.039621
-0.069239
0.043612
-0.028982
-0.042798
0.001813
0.000771
-0.045539
0.025577
-0.097341
0.028878
-0.006511
0.067545
0.013107
0.020872
-0.044910
-0.042083
-0.003481
0.033787
-0.014137
-0.010808
-0.019339
-0.084660
0.067244
0.004005
-0.011155
-0.059855
0.025081
-0.016173
-0.077912
-0.023442
-0.052262
-0.047375
-0.075127
-0.042660
-0.087806
0.043739
-0.064041
-0.012252
-0.025495
-0.051746
-0.021856
0.063639
0.034192
-0.040401
0.024735
0.091371
-0.055044
0.005923
-0.019416
0.016263
0.032707
0.049800
-0.052185
0.022829
-0.054877
-0.007516
-0.019485
0.011751
0.093785
-0.037378
0.053457
0.084526
0.007754
0.015796
-0.090836
-0.049850
0.084345
-0.092555
-0.010271
0.052722
-0.137909
-0.005712
-0.065595
-0.080099
0.002445
0.042272
-0.044149
0.065821
-0.049980
-0.003763
0.040157
-0.021141
-0.069895
-0.058177
-0.018379
-0.014552
-0.030478
-0.085429
-0.098693
-0.011116
0.103345
0.000200
-0.015577
-0.068538
-0.054040
-0.063863
0.040690
-0.014314
0.015943
-0.032073
-0.059840
0.019109
0.050314
-0.011701
-0.090369
-0.117923
0.064528
0.045992
0.044288
-0.054999
0.023130
-0.099202
-0.037535
0.123043
-0.011118
0.006386
-0.063655
-0.025938
-0.034413
0.042385
0.019848
0.047176
0.037033
0.043664
-0.018496
0.082188
-0.049188
-0.007792
0.001311
-0.016401
-0.015923
-0.027708
0.093478
-0.018363
0.007102
-0.017183
0.056413
-0.043290
0.033001
-0.111004
0.093895
-0.051350
0.012244
-0.008178
0.043426
-0.045204
-0.065465
-0.011792
-0.001089
-0.026643
0.002451
0.020228
-0.062881
0.079169
-0.088616
0.012141
-0.025196
-0.059259
-0.006557
-0.062212
-0.093259
0.026896
-0.014914
0.016128
0.051321
-0.057399
0.021814
-0.025742
0.020117
0.022276
0.022399
-0.058717
-0.048479
0.033438
0.011609
-0.019456
-0.036318
-0.020315
0.083129
-0.074745
-0.058895
-0.019335
-0.018616
-0.022480
-0.005812
0.069151
0.082237
0.044223
-0.009259
-0.025319
-0.012965
0.013536
0.011910
-0.063755
-0.036833
-0.062782
-0.001212
-0.079655
-0.044058
-0.020412
-0.025645
0.018637
-0.038855
-0.016227
0.026144
0.035166
0.033018
-0.036769
0.036171
-0.014279
-0.009724
-0.052294
0.025924
-0.084207
-0.097966
-0.074343
0.019887
-0.067159
0.000521
0.022906
-0.003338
-0.098009
-0.034165
-0.086575
0.056461
-0.018703
0.022494
-0.089044
-0.021601
-0.052005
-0.004230
0.080746
-0.014081
0.080892
-0.046861
-0.022252
-0.017187
0.020511
-0.054841
0.042879
-0.023125
0.018807
-0.044198
0.015876
-0.055016
0.000815
0.026351
0.110398
-0.033071
-0.028005
-0.022696
0.109419
0.111191
0.010338
0.030848
-0.007077
-0.076675
-0.071752
0.080891
0.020318
0.059920
0.064471
0.087630
-0.068669
-0.014219
-0.056355
-0.046557
0.071145
-0.055854
-0.022320
-0.028863
-0.079152
-0.029913
-0.076480
-0.014855
-0.078731
0.075281
0.040647
-0.082449
0.048154
0.085667
-0.079562
0.032832
-0.048617
-0.003975
0.005519
0.059309
-0.000505
0.009637
0.021794
-0.047658
-0.055603
0.068180
0.043655
-0.020699
0.010286
0.083350
-0.075317
-0.016232
0.012118
0.013386
0.049480
0.031222
-0.019334
-0.070485
0.081221
0.028838
-0.054279
0.065488
-0.004056
-0.072861
-0.020196
-0.103439
0.018831
-0.116459
0.075398
0.016707
0.000517
0.024923
0.015707
0.018949
-0.002691
-0.040761
0.010116
-0.018673
0.038891
0.060138
-0.013593
-0.039094
-0.003951
0.083657
-0.032530
0.005777
0.012626
-0.040478
-0.033434
-0.099101
-0.088463
0.066555
0.087902
0.000631
0.018327
0.049555
-0.056112
0.045914
-0.028175
-0.059590
-0.038878
0.069515
0.003591
-0.060186
-0.076104
-0.000291
-0.092744
0.087714
-0.039812
-0.009670
-0.000228
0.017288
0.053440
0.029178
-0.042623
-0.050075
-0.068532
-0.008422
0.047804
0.005143
-0.030247
0.006276
-0.041330
-0.004494
0.007428
0.001168
0.026896
-0.051475
0.001825
-0.068287
0.010548
-0.000930
0.030144
0.001440
-0.040123
-0.005924
0.006726
0.038402
-0.024977
0.077129
-0.061491
-0.018770
0.021140
0.020561
-0.014247
-0.063429
-0.048484
-0.008777
-0.060754
0.030695
-0.038037
-0.001537
0.033094
-0.024470
-0.001656
0.019318
-0.075350
-0.007314
0.042010
0.004343
0.050566
-0.017336
0.046753
0.022060
-0.097313
-0.076959
-0.054307
0.044115
-0.055248
-0.012634
-0.024971
-0.012697
-0.052928
-0.081395
-0.007674
-0.109479
-0.057689
-0.047796
0.013124
-0.024903
-0.043325
0.049019
-0.033254
-0.067726
-0.063145
-0.065045
-0.022412
-0.091742
-0.014744
0.042501
-0.007170
-0.018993
-0.011604
0.006934
-0.061698
0.011762
0.002111
-0.040199
-0.037926
0.010532
-0.000957
0.066464
-0.034173
-0.035186
0.023749
-0.023625
-0.039474
-0.016321
0.064181
0.015455
0.016993
-0.054966
0.028871
0.005412
-0.024133
-0.098992
0.014692
-0.047661
0.040330
0.032547
0.018856
0.027933
0.000972
-0.038280
0.010402
-0.022252
0.007572
0.016096
-0.009045
0.089741
-0.013275
0.005711
-0.038301
-0.046149
0.043083
0.051651
-0.069109
-0.029021
-0.023319
0.025399
-0.029136
-0.061532
-0.007211
-0.021041
0.014860
-0.012169
-0.005398
-0.006559
0.033376
0.058663
-0.038452
-0.048353
0.005438
-0.038074
-0.058781
-0.009309
-0.003762
-0.082365
-0.046022
-0.048405
-0.014239
0.006272
0.072003
-0.039753
0.026260
-0.057665
-0.007265
-0.058956
-0.021844
0.034644
-0.091264
0.074415
-0.062766
0.015590
-0.100191
-0.069718
-0.070867
0.001975
0.039534
-0.026488
0.069850
0.068361
-0.032381
-0.037014
0.048961
0.069829
-0.028636
-0.030432
-0.019345
0.025264
0.029698
-0.043476
0.022686
0.044520
0.030766
0.010847
-0.120909
0.053949
0.003008
-0.066061
-0.062388
-0.073488
-0.051653
-0.004310
0.065082
0.049331
-0.064716
0.009795
-0.032446
0.035201
-0.065291
-0.069145
-0.032670
0.038492
-0.009864
0.014961
0.012005
-0.052758
-0.048771
-0.055658
-0.053574
0.081785
-0.018855
-0.041571
-0.121036
0.018558
0.068762
-0.063001
-0.006002
-0.097596
-0.036807
-0.023703
-0.052199
0.038225
-0.105722
0.003304
-0.083065
0.006748
-0.046295
-0.025337
0.034591
0.057559
0.028259
-0.054905
0.044508
0.014926
-0.070890
-0.039259
-0.064747
-0.006240
-0.079344
-0.033191
0.055450
0.055906
-0.021953
-0.013231
0.082536
-0.064547
-0.029403
-0.005175
-0.070264
0.031421
-0.072977
-0.068591
-0.054865
-0.088370
-0.028185
-0.025786
-0.068721
-0.028050
-0.026907
0.030219
0.005404
0.006420
0.011272
-0.019514
-0.004458
-0.056606
0.099804
0.077992
0.044791
-0.028594
-0.075216
0.040886
0.001002
-0.037252
0.095638
-0.010851
0.021760
-0.072661
0.041936
-0.066021
-0.060124
0.041741
0.046888
0.033770
-0.013539
0.002941
0.060811
0.028018
0.063646
-0.010059
-0.069007
0.040967
0.000084
-0.028830
0.028480
-0.094357
0.036994
-0.016424
0.005265
-0.003273
-0.004951
0.083785
-0.041630
-0.049837
-0.043030
0.009358
0.017944
-0.091087
0.025733
-0.043322
-0.035198
-0.008867
-0.051742
-0.088853
0.057797
-0.047000
-0.014148
0.051281
-0.086922
0.047058
0.039205
-0.075360
0.010287
0.064194
-0.080359
-0.003599
-0.016074
-0.037178
0.073425
-0.055526
0.012973
0.068787
-0.021337
-0.034598
-0.095369
-0.021021
0.076376
-0.036548
0.043769
-0.095425
-0.109193
0.077573
-0.082209
-0.005509
-0.002569
-0.019481
0.044779
0.069633
0.030147
0.058519
-0.036473
0.059907
-0.016807
-0.063715
0.022878
-0.004192
-0.002874
0.003446
0.028458
0.026902
-0.075700
0.078163
0.059543
0.021258
-0.019434
0.001086
-0.005378
-0.054263
0.032482
0.005213
-0.055253
-0.028621
-0.060174
0.019482
-0.024998
-0.043142
0.018838
0.017831
-0.007883
-0.008524
0.071770
0.000001
-0.067637
-0.076599
-0.004698
-0.009272
0.014858
-0.033383
0.043046
-0.031331
0.005442
-0.051816
-0.083540
-0.048980
-0.006908
-0.065997
0.044042
0.006103
0.072869
0.035760
0.012116
0.028125
-0.025960
-0.002939
-0.018765
-0.006719
-0.036243
-0.056640
-0.010084
-0.021218
0.052137
-0.077401
0.013243
-0.063235
-0.036107
0.034498
0.027895
0.010193
-0.045608
0.019990
-0.083299
0.043401
-0.005022
0.003318
-0.019052
-0.084277
0.054605
-0.086015
0.059662
0.034725
-0.054653
-0.079462
-0.009717
-0.020124
0.039703
0.059464
0.018888
-0.070387
0.070420
-0.064324
-0.046930
0.008379
-0.050533
-0.000521
0.022987
0.021189
-0.022930
0.033486
0.002004
-0.009279
-0.042805
-0.024574
0.061904
-0.072364
-0.003567
-0.107522
0.034167
0.032916
-0.020556
0.100923
0.099082
0.015793
0.032355
0.009233
0.028355
-0.024701
0.051721
-0.030890
-0.011431
0.007752
-0.070672
0.027606
0.020286
0.000485
-0.018818
-0.029226
-0.090886
-0.062552
-0.037768
0.002463
0.076694
0.084503
0.056528
-0.065462
-0.061546
-0.023840
0.079312
0.028709
-0.109518
-0.037642
-0.056117
-0.038391
-0.007688
0.000906
0.015540
0.017239
-0.038397
0.091978
0.031554
0.021692
0.029464
-0.109127
-0.028316
-0.078517
-0.011215
0.089845
0.033630
0.073063
0.027956
-0.105289
-0.032613
-0.050748
-0.047056
0.014375
0.001507
-0.014749
0.048640
0.030009
0.017929
-0.025617
-0.036611
-0.025537
-0.077974
0.053446
-0.005055
-0.003100
-0.000392
-0.084334
0.014213
-0.061631
-0.105635
-0.012462
-0.046000
-0.056839
0.039151
0.013958
0.033339
0.020484
-0.060844
0.006895
0.032397
-0.006336
0.014512
-0.012956
-0.032713
-0.010430
-0.028401
-0.010982
-0.003028
0.011804
-0.102371
-0.012290
0.063756
-0.056698
0.041102
-0.009629
0.003218
0.032553
-0.046697
0.053000
-0.053996
-0.015436
0.010399
-0.062937
-0.069381
0.066884
0.018770
0.001639
-0.094183
-0.073235
-0.036126
0.021149
0.009282
0.000274
-0.004698
0.004791
-0.031816
-0.006837
-0.041679
-0.024316
0.008615
-0.082543
0.055273
0.030937
0.048824
0.044811
-0.038460
0.036028
0.031937
-0.067981
0.026859
-0.029561
-0.080355
0.023080
0.023379
-0.037169
-0.077713
-0.111162
0.075264
0.016664
0.032754
-0.009801
0.039032
-0.021580
-0.015263
-0.014573
-0.024571
0.075648
-0.040112
0.047365
0.030154
-0.016532
-0.014051
-0.036028
-0.014462
-0.071751
-0.072262
-0.001728
-0.033915
0.018475
0.028618
-0.056120
0.003547
0.010665
-0.029409
0.047006
-0.013895
-0.012469
0.040919
-0.015002
-0.072887
-0.010663
0.013864
0.035883
-0.060612
0.017703
-0.012215
-0.075085
0.079005
0.000310
-0.012735
-0.012108
-0.035363
-0.022207
-0.110900
-0.091375
-0.069603
0.018968
0.031428
-0.026796
0.052331
0.015365
-0.056659
0.078465
0.062553
0.105006
-0.005192
-0.047372
0.056757
-0.082507
0.052590
-0.061635
-0.048701
-0.061319
0.034135
-0.025092
0.107486
0.030932
0.017590
-0.042352
0.016034
-0.013176
0.007392
0.021217
-0.062930
-0.108108
-0.082309
0.110408
0.080973
-0.064446
0.015210
0.034710
0.035569
0.029242
-0.084534
0.007062
-0.014045
-0.010890
0.037392
-0.032000
-0.011455
0.018046
0.059672
0.009075
-0.024357
-0.076242
-0.040561
-0.012634
0.007921
0.037607
-0.016846
-0.031708
0.007760
0.016946
0.022395
0.034641
0.011926
-0.023316
0.031897
0.059223
-0.028772
0.012372
0.018477
0.079932
0.077485
0.057237
0.020296
-0.022373
-0.057186
-0.032797
-0.018717
-0.081816
-0.093602
-0.030788
0.028544
-0.111005
0.019015
0.000417
-0.096128
-0.054733
-0.066760
-0.069987
-0.003557
-0.033158
-0.009742
-0.046125
-0.025009
0.028483
-0.058118
-0.018459
0.039924
-0.095174
0.022776
-0.003585
-0.000941
-0.017863
-0.049059
-0.009488
-0.015876
-0.055419
-0.089146
0.030984
-0.035689
-0.043566
-0.007988
-0.010026
0.014728
-0.079239
0.079174
-0.010144
-0.045650
0.025721
0.053279
-0.026127
0.008380
-0.098271
-0.000078
-0.044625
-0.035201
0.052783
-0.013276
0.074497
-0.005520
-0.042282
-0.088283
0.003638
-0.003125
-0.063878
-0.105349
0.009382
-0.028328
-0.028404
0.045195
-0.019051
0.036961
0.038793
-0.049749
-0.013813
0.007515
0.025413
0.102300
0.047115
0.041587
0.039447
-0.039342
0.048978
0.006155
-0.051959
0.074742
-0.011588
0.040774
0.018541
-0.085726
0.031835
-0.040526
0.016056
-0.022873
0.060695
-0.069430
0.023928
-0.031484
0.024737
-0.014942
0.038233
0.012837
-0.042826
0.092091
0.043633
-0.002988
0.045830
0.043854
-0.084052
-0.022529
0.009197
0.055508
-0.017443
-0.038251
0.005936
-0.006890
0.094991
-0.093891
0.035939
-0.024867
-0.066089
-0.008019
0.042933
-0.097204
-0.027034
0.015633
-0.007132
-0.007166
0.039794
-0.024949
-0.026212
-0.002196
0.043111
-0.011879
-0.049420
-0.049813
0.028740
0.007578
0.068649
0.050574
0.075470
0.052367
-0.004740
-0.027757
-0.003750
0.028859
0.066200
0.039237
-0.008597
-0.067794
-0.065358
-0.042254
-0.068301
-0.002038
-0.089728
0.090714
-0.028969
0.034602
-0.037562
-0.059366
0.035769
-0.047284
-0.001785
-0.001631
-0.087252
0.074183
-0.092401
-0.044928
-0.035507
-0.074597
-0.040066
-0.046884
-0.065177
0.012318
-0.099791
0.010239
-0.012044
-0.033794
0.056801
-0.102654
0.038184
-0.000534
-0.066385
-0.065573
-0.016290
-0.043827
-0.043246
-0.060387
-0.023315
-0.050883
-0.022205
-0.057844
0.109165
-0.024458
-0.031686
-0.078493
0.057353
-0.075255
0.065787
0.002064
0.080354
-0.033724
0.062412
0.017666
-0.007435
-0.056208
-0.030094
-0.007571
-0.018363
0.033227
0.079287
-0.016769
-0.010320
0.041321
-0.032403
0.026033
0.012711
0.081683
0.060426
-0.046060
0.012688
-0.053055
0.017046
-0.046473
-0.002336
-0.022998
-0.033375
-0.054841
-0.043039
0.072520
0.083362
-0.035118
-0.057083
0.013494
-0.066543
-0.019690
0.045480
-0.063482
-0.038586
-0.043210
-0.014458
-0.091098
0.092000
-0.098361
-0.013212
0.059333
-0.051377
0.011265
-0.114127
0.048798
-0.032143
-0.050752
0.056758
0.025216
-0.011949
-0.021579
0.009158
0.076501
0.018002
0.000827
-0.025373
-0.035406
-0.061227
-0.032734
-0.078970
0.055919
0.040793
0.010024
0.064008
-0.102836
0.025832
0.013236
-0.026362
-0.017688
0.045855
0.009992
-0.027738
-0.050851
-0.019355
-0.024246
-0.019708
-0.010181
0.017439
-0.028034
-0.044394
0.076223
0.002869
-0.035484
0.005515
0.023606
0.076186
0.012372
0.038501
-0.007974
-0.049333
0.003203
0.077444
-0.082982
0.063813
-0.068529
-0.088844
-0.078525
0.008735
-0.014824
-0.067244
-0.029531
-0.023642
0.058379
0.045875
-0.066144
-0.034147
-0.020562
-0.055846
0.085706
-0.003548
-0.058572
0.027628
0.000711
-0.037756
-0.056995
0.011777
-0.086284
-0.000663
0.042888
0.009237
-0.030204
-0.002386
0.067272
0.060482
-0.067024
0.026127
-0.059274
0.073193
-0.030872
-0.005620
0.032268
-0.002735
-0.009915
0.050411
0.000009
0.035873
0.079484
-0.028945
-0.059798
-0.002437
-0.062019
0.036979
-0.052544
0.081171
-0.029149
-0.015872
-0.028100
-0.095058
-0.016876
0.005024
0.028824
-0.023971
-0.063543
0.080144
0.019436
-0.024561
-0.038131
0.051242
0.023205
-0.043804
-0.001660
-0.008924
0.007621
-0.072381
-0.043251
0.030482
0.001619
0.086250
-0.003278
-0.068440
-0.005850
-0.059039
-0.093669
-0.029969
-0.014384
-0.060792
-0.095890
-0.033741
-0.069311
-0.032920
0.002889
-0.018113
0.019092
0.066676
0.060672
0.017823
-0.064144
-0.059184
-0.081685
-0.084692
0.032809
-0.011856
0.051493
-0.054256
-0.016825
-0.029764
0.051924
0.026634
0.002194
-0.061044
-0.021588
0.078817
-0.009708
-0.027365
0.050876
0.094778
-0.074976
0.012665
-0.096415
0.017927
0.006043
-0.024328
0.078824
0.015633
-0.001527
-0.058526
-0.037378
-0.115366
-0.047793
0.093811
0.040277
-0.039912
0.016757
0.026442
0.029431
0.021603
0.129591
-0.057362
0.068448
0.015139
-0.073518
-0.058022
0.021624
0.014547
-0.062005
-0.006652
0.035293
-0.050217
-0.013176
-0.014550
-0.033591
-0.008549
-0.117603
-0.001495
0.032248
-0.001936
-0.001804
0.002563
-0.047804
-0.042793
-0.041194
-0.008270
0.007508
0.013202
0.005805
-0.009294
0.045397
-0.080312
0.079009
0.094892
0.062776
0.059280
-0.061712
-0.006208
-0.103277
0.071380
-0.005720
0.016408
0.063950
-0.025646
-0.067352
-0.042121
-0.042780
-0.089321
-0.043708
-0.059831
0.038962
0.057553
0.040006
0.067597
0.090472
0.045945
-0.012252
-0.014671
0.008829
-0.015980
-0.012658
-0.070611
0.008035
0.095011
-0.021585
-0.028381
0.040024
-0.016585
0.023609
-0.006871
-0.065685
-0.045695
0.016746
0.000069
-0.062406
-0.026245
0.000415
-0.027743
-0.044076
0.075041
-0.038585
-0.024148
0.018440
-0.090853
0.022763
0.058780
0.041116
0.064603
0.001944
0.007306
-0.023286
0.042652
0.027945
0.015128
-0.022009
0.021397
-0.003560
-0.069831
-0.012222
0.076461
-0.051038
0.016111
0.067113
-0.012145
0.074177
0.049058
-0.010769
0.042533
-0.029982
0.049191
0.076078
-0.018696
0.075086
0.041166
0.025438
0.009029
-0.009666
-0.022693
0.016914
0.046453
0.041156
0.064716
0.002924
0.019055
0.089665
-0.030777
-0.011223
-0.004365
-0.099310
0.089258
0.062778
0.049030
0.001746
-0.006601
-0.045139
-0.024082
0.039486
0.001071
-0.026985
0.017106
-0.009817
-0.031420
-0.014652
0.014782
-0.031910
-0.003742
0.052226
-0.032718
-0.062458
-0.035340
-0.042996
-0.001170
0.038172
0.004963
0.071859
0.058738
-0.075006
0.017349
-0.005711
0.021366
0.031659
0.020878
0.039585
0.070564
-0.078331
0.013477
0.027278
-0.019086
0.020026
-0.083544
-0.047834
0.051188
-0.039933
-0.017011
0.078618
-0.108420
-0.002639
-0.052291
-0.052107
-0.073971
-0.026108
-0.043631
-0.058524
0.015948
0.064807
0.018213
-0.063692
-0.037154
0.020092
0.016417
-0.048013
-0.010003
-0.065829
0.049391
-0.033645
-0.055068
-0.002107
0.029465
-0.024001
-0.027414
-0.115333
-0.071162
-0.040592
-0.002022
0.041592
-0.075868
-0.037589
-0.056844
-0.003521
-0.065398
-0.040793
-0.102631
0.038796
-0.073503
0.075988
-0.037118
-0.063219
0.042069
0.047000
-0.014649
-0.020035
-0.045436
-0.087296
0.008665
0.076812
-0.106103
-0.064009
0.061255
0.045280
0.027451
0.073705
-0.063547
0.043057
0.016808
0.045816
-0.082564
0.069524
-0.057393
-0.017036
-0.025924
0.011030
-0.068246
0.005189
-0.057003
0.007531
-0.019219
-0.023907
-0.004476
-0.036847
-0.013608
-0.002258
0.072728
0.003751
-0.025198
-0.081963
0.023275
0.021968
-0.035489
-0.050297
0.040228
0.070562
-0.046791
-0.050525
-0.091889
0.025564
-0.064428
-0.070044
0.016926
-0.012985
-0.069706
0.045100
0.039903
-0.011920
0.014731
-0.107204
-0.016883
0.032733
-0.005936
-0.028667
-0.045083
-0.015664
-0.076764
-0.023157
0.057864
0.030042
-0.054342
0.010670
-0.092483
-0.009964
0.022096
-0.052218
-0.102159
-0.064513
0.026352
0.022410
0.044711
-0.047886
-0.058346
-0.019866
-0.021775
-0.128293
-0.005921
-0.014497
-0.008594
0.034747
0.001898
-0.040231
-0.040935
-0.057870
-0.063913
0.058448
-0.002374
-0.054204
-0.010021
-0.003837
0.023567
0.054137
0.056460
-0.012355
0.110606
-0.016121
-0.007777
-0.006956
0.028705
-0.014762
-0.006888
0.005772
-0.058576
0.032705
-0.062462
-0.073690
0.083599
0.029547
0.049103
-0.037787
-0.015634
0.090207
-0.030588
0.072202
-0.005685
-0.027101
0.034995
0.008996
-0.002888
-0.048612
-0.028399
0.029409
-0.040308
0.004506
0.049492
-0.104097
-0.057401
0.027234
-0.002352
-0.002209
0.050832
0.041457
-0.011005
-0.021219
0.000120
-0.003310
-0.013622
0.071648
-0.060667
-0.026244
-0.013818
-0.046087
0.080536
-0.078982
0.026698
0.016818
-0.058341
-0.031670
0.066312
0.038720
0.006616
-0.013415
0.041807
-0.029630
0.031287
0.013087
0.053241
-0.051726
-0.034322
-0.008381
-0.001397
-0.031639
0.041540
0.019225
-0.052461
0.033509
-0.031220
-0.005101
0.074229
-0.018837
-0.125099
0.008658
-0.025400
-0.065325
-0.069850
-0.043988
-0.046352
0.027533
-0.009821
0.034011
-0.012220
0.014831
-0.064934
-0.076884
-0.057210
0.010194
0.013363
-0.020889
0.065000
-0.075830
-0.024685
-0.037372
-0.055315
-0.066018
0.039875
-0.066788
-0.039398
-0.078991
0.000983
-0.104425
0.035450
-0.076021
-0.075534
0.061712
-0.016506
-0.015379
-0.030025
0.017112
-0.071882
0.021042
-0.013859
0.004815
-0.034059
0.059540
0.009075
-0.049635
-0.005647
-0.001403
-0.046638
0.053784
-0.017572
0.055367
0.020559
-0.003526
0.036615
-0.056102
0.011245
-0.071856
0.028913
-0.046668
-0.060516
0.080845
0.030784
0.060834
0.028953
-0.019132
-0.035303
0.003544
-0.097917
-0.049500
0.047773
0.088938
-0.016869
-0.053717
0.008042
0.039059
0.010983
-0.055696
-0.029057
0.032612
0.031937
0.099462
0.109813
-0.047606
0.008080
0.042160
-0.090206
-0.118603
-0.063069
-0.085194
0.016235
0.096478
-0.041848
-0.035037
0.039718
-0.075482
0.011913
0.043317
-0.047978
0.021148
-0.026784
0.046782
-0.061260
-0.004208
0.083759
0.046873
-0.029834
-0.018422
-0.096165
0.018673
-0.046307
-0.073596
-0.084877
0.045388
0.000856
0.044988
-0.062969
0.002313
0.065647
-0.015557
-0.010590
0.047334
-0.053427
0.007754
-0.046021
-0.095841
-0.024007
-0.046875
-0.077446
0.109386
-0.042075
0.031304
-0.052663
-0.026508
0.008416
-0.038487
-0.022672
-0.007491
-0.052954
-0.014222
-0.065896
0.024987
0.045260
-0.010655
0.013160
0.073473
-0.084717
-0.062482
-0.011066
-0.044982
-0.022925
0.025343
-0.028318
-0.017710
0.063601
-0.013555
-0.047767
0.076368
0.014367
-0.076463
-0.050167
0.105594
-0.058007
0.035008
0.024708
-0.075376
-0.008994
-0.024526
0.009324
-0.095150
-0.011658
-0.072470
-0.059062
-0.032766
-0.043515
0.081933
0.025751
-0.090418
0.005192
-0.038445
-0.000221
-0.066449
0.054183
0.055063
-0.069459
-0.097042
-0.127533
0.007197
-0.017018
-0.088027
0.051083
-0.026351
0.069807
-0.012430
0.042801
0.038593
-0.065025
0.046404
0.029864
-0.016057
0.008698
-0.062926
0.052754
-0.067899
0.001113
-0.069211
-0.073223
-0.012546
0.056275
-0.048028
-0.018953
-0.025935
-0.023612
0.052348
0.010262
0.055997
-0.024968
-0.109920
0.064461
-0.017217
0.004806
-0.006842
-0.067709
-0.034787
0.009390
0.011966
-0.028557
-0.035427
-0.014652
-0.061369
-0.064365
0.054501
-0.088573
0.036425
0.023769
0.044778
0.051161
-0.103696
0.010191
-0.059302
0.021171
-0.030475
-0.039080
-0.053665
-0.007086
-0.067356
-0.073837
-0.021363
-0.034998
0.005624
-0.085275
0.050510
-0.006583
0.040528
-0.017782
0.007319
-0.087677
-0.077112
-0.089785
-0.000457
-0.046543
0.040854
-0.048276
-0.061964
-0.067855
-0.013678
-0.010680
0.031535
0.027105
-0.112739
-0.080064
0.043681
-0.048296
-0.019255
0.012155
-0.068221
0.014986
-0.037720
0.064157
0.042102
-0.005503
-0.052641
0.027334
0.073080
-0.046688
0.101527
-0.001666
-0.117300
0.061624
0.010779
-0.057078
-0.056577
0.012023
0.012109
0.080516
0.015872
-0.076568
-0.064892
-0.054422
-0.002765
-0.079130
-0.060350
-0.002336
-0.046300
0.029878
0.054835
-0.045633
-0.057258
0.010938
0.094931
0.050062
0.067259
-0.018525
-0.027723
0.049317
0.105676
-0.033463
0.067403
-0.049088
-0.040502
-0.034405
-0.030160
-0.025670
-0.028762
0.025833
0.031784
-0.048916
-0.036811
-0.049690
-0.005661
0.017335
-0.015959
-0.033196
0.011819
-0.069809
-0.047574
0.035927
-0.070134
0.087056
-0.007667
-0.038071
-0.089046
0.000900
0.021712
-0.073446
0.012448
-0.027802
0.089634
-0.044271
0.073061
-0.010557
-0.083342
-0.073921
-0.024929
-0.039030
0.051102
-0.032197
0.042028
0.086170
0.052051
0.046079
0.059953
0.059390
0.051888
-0.022368
-0.019848
0.068587
0.005392
-0.081183
-0.017202
-0.042113
0.067748
-0.017096
-0.033343
0.038191
0.071049
-0.023866
-0.009928
0.050611
0.044457
-0.045695
0.049311
-0.112984
-0.025697
0.046587
-0.007701
0.066795
0.007678
0.004262
-0.060719
-0.067420
0.033714
-0.033495
0.036294
-0.062861
-0.075010
-0.038125
0.066863
0.065387
-0.024202
-0.014462
-0.063284
-0.029826
0.012820
-0.052569
-0.012059
0.015371
-0.025985
-0.086024
0.002319
-0.071744
0.035933
-0.017928
-0.081246
-0.046220
-0.010278
0.060859
0.070501
-0.027575
-0.019992
-0.009058
-0.001656
-0.130499
0.104528
-0.024129
-0.006125
-0.079806
0.028077
0.073140
-0.026201
-0.059895
-0.052261
-0.004022
-0.023831
0.004948
0.021722
-0.011617
0.084370
0.001293
0.037019
0.088703
-0.065203
0.031729
0.011055
-0.077732
0.039452
0.086301
0.042952
0.050520
0.072937
-0.017237
-0.044511
0.066107
-0.021558
0.036808
0.056063
0.040396
0.020791
-0.008528
0.023085
-0.039064
-0.005860
0.048692
-0.070915
-0.001809
0.065832
0.031339
-0.067500
0.034384
-0.031647
-0.011388
-0.016187
-0.071556
0.039117
0.097309
0.056592
-0.039181
-0.019287
-0.066102
-0.058154
-0.061265
0.066366
0.066332
0.024610
0.020175
0.095575
0.036572
-0.005436
0.035350
-0.010787
0.011112
-0.067952
-0.041798
-0.031726
-0.078034
-0.018839
0.007526
0.025847
0.001808
-0.058827
0.010352
0.022249
0.025293
0.043290
0.030327
-0.072329
0.018533
0.000619
-0.008131
-0.068627
-0.052327
-0.072426
-0.056468
0.028354
0.048645
-0.014098
0.057001
-0.003146
0.028022
0.007605
0.055354
-0.034464
-0.057901
0.005675
0.021071
0.034367
0.052596
-0.056839
0.034318
-0.050443
0.088079
-0.044198
-0.005111
-0.021625
-0.004921
-0.033102
-0.045689
-0.021406
-0.055808
0.008699
-0.034303
0.022405
-0.006308
0.054399
0.001196
0.011227
0.018834
0.040097
0.050178
-0.040673
-0.024933
0.092989
0.036155
-0.074658
-0.006027
-0.022761
0.078031
0.011650
-0.029406
0.036037
-0.127356
-0.053892
-0.025400
-0.038834
0.023861
0.069692
0.049831
0.062001
0.055828
-0.034242
-0.060791
0.013510
-0.086212
0.042413
0.022122
-0.093212
0.002290
-0.069380
-0.007010
-0.071380
0.032749
0.006290
-0.013738
-0.018635
0.002380
0.041188
-0.049623
0.006314
0.036642
-0.096704
0.030464
0.020789
-0.119351
-0.092813
0.093019
-0.020390
-0.054417
-0.030268
0.003743
0.036079
-0.067246
0.095870
0.027038
-0.024444
0.017702
-0.004798
-0.072271
-0.042020
-0.082336
0.075380
-0.028648
0.053818
-0.018169
-0.003187
0.012268
-0.026206
0.017315
0.026880
0.032053
-0.056524
0.092987
-0.031804
-0.054905
0.031436
-0.078482
-0.053408
0.061949
-0.073070
-0.082290
0.091225
-0.058064
0.066852
-0.069782
-0.005266
0.064572
-0.024147
0.058688
-0.061243
-0.038884
-0.083578
0.023683
-0.055369
-0.009174
0.056648
-0.071913
-0.024862
-0.026427
-0.016176
0.012844
-0.047835
-0.024369
-0.003482
0.103671
-0.092323
0.000379
0.030929
0.031425
0.066355
-0.109592
-0.048948
-0.007352
-0.026156
-0.000579
0.030257
-0.073692
-0.030439
-0.034690
-0.037392
0.077024
0.014508
-0.085597
-0.031144
0.048090
0.104123
-0.041423
-0.036875
-0.087920
-0.021672
-0.079038
0.006143
0.071576
0.008083
0.060305
-0.077907
0.004170
-0.023491
-0.057832
0.038881
0.086783
-0.052848
-0.007525
0.032705
-0.005982
-0.000886
0.004843
0.047785
0.058849
0.064429
0.024458
0.039218
0.014789
0.082990
-0.035099
-0.054549
-0.087513
-0.008185
-0.057544
-0.064076
-0.032974
0.014201
0.034332
0.027509
-0.088764
-0.031174
0.040060
-0.093053
0.087718
0.048517
0.001187
0.010554
0.012837
0.068867
-0.056867
-0.054955
-0.067253
0.008853
-0.079122
0.083140
0.021657
-0.031351
-0.025132
0.030934
0.008732
-0.067080
0.012505
0.021698
-0.058470
0.028021
-0.039096
0.017838
0.014890
-0.091734
-0.030109
-0.028103
-0.060088
-0.062440
-0.058134
0.019835
-0.081218
0.041813
0.000873
0.031898
-0.018833
-0.050668
0.050849
0.019307
0.008912
-0.018620
-0.092810
0.070264
0.085612
-0.016731
-0.009433
0.030708
-0.098906
-0.073355
-0.108801
-0.103890
0.070240
-0.064395
-0.063224
0.035233
-0.021584
0.055988
0.024714
0.063527
0.062288
0.078660
0.023682
0.037961
0.077868
0.093752
-0.052163
0.036174
0.027196
0.038668
-0.035011
0.010917
0.061698
-0.047954
-0.047212
0.050950
0.030424
0.010302
-0.047929
0.072103
0.089149
-0.066042
-0.027141
0.024807
-0.032184
-0.049639
-0.001510
-0.070771
0.018321
-0.098581
0.077133
-0.066363
0.063041
-0.097394
-0.025026
-0.023457
-0.002942
0.014440
0.047391
0.056456
-0.034272
-0.065107
0.034856
-0.007694
0.013871
-0.015550
-0.085214
0.057036
0.032385
-0.067417
-0.003566
0.066445
-0.053615
-0.119110
-0.078382
0.004083
-0.021567
-0.002641
0.013788
-0.001024
-0.053707
-0.062237
0.042060
0.068920
-0.094470
-0.054794
0.025421
0.028439
0.002984
-0.068502
-0.047686
0.008638
0.007265
-0.043681
-0.046094
0.014823
-0.056858
-0.013347
-0.054674
0.077880
-0.080422
0.106616
-0.017084
-0.027782
-0.007748
-0.089523
-0.062363
-0.019463
0.081584
-0.025000
0.046418
-0.030517
-0.037635
0.027303
0.034636
-0.005624
0.034064
0.076672
-0.032095
0.061525
0.002467
-0.094099
0.067763
-0.031181
-0.041019
0.027016
-0.061585
-0.053837
0.071856
-0.031663
-0.011540
0.060528
-0.001473
0.019475
0.019827
-0.005080
0.024766
0.066866
-0.094479
0.008137
0.004685
0.062441
-0.080537
-0.004456
0.048769
-0.004678
0.038155
-0.086889
-0.009137
0.065892
0.043435
0.116782
-0.057969
-0.033394
0.026703
0.008745
-0.097743
0.071172
-0.092431
-0.010289
0.003861
-0.064924
-0.004803
-0.019525
0.011995
-0.037790
0.004086
0.038197
-0.075259
-0.066484
0.048831
0.012158
0.065121
-0.007881
-0.035257
0.051223
-0.007825
0.028744
-0.062012
-0.012905
-0.002246
-0.039871
-0.036088
-0.103181
-0.046469
-0.035786
-0.082824
0.019405
-0.086714
0.043288
-0.059853
0.000143
0.009499
-0.069635
0.033190
-0.009263
0.034625
0.051791
0.012149
0.049222
0.068929
0.002428
0.029053
-0.044162
0.050444
0.070960
-0.043484
0.035020
0.102034
-0.008367
-0.052914
-0.035566
0.044217
0.018483
-0.083646
-0.054724
-0.019110
0.063769
-0.108839
-0.057893
-0.016674
0.018028
0.058621
-0.033995
0.033257
-0.003638
-0.005600
0.093582
0.019626
-0.027859
0.012364
-0.063065
0.004320
0.018286
0.010387
-0.129602
-0.031136
0.087926
0.051325
-0.077484
-0.122371
-0.087268
0.037754
0.045862
0.051724
-0.036351
-0.017225
-0.054987
-0.009307
-0.059144
-0.066590
0.112715
-0.012147
-0.119986
0.017842
0.029829
0.007931
-0.040749
0.022634
-0.060231
-0.002038
0.019150
-0.037094
0.068587
-0.027113
0.043312
0.023360
-0.055202
-0.042358
0.001914
0.066344
0.017237
-0.023004
0.023761
0.019278
-0.025815
0.109053
-0.002796
-0.063664
0.048686
0.068958
-0.066626
-0.094035
0.084489
0.005043
0.062877
-0.016178
0.032034
0.061376
0.042374
0.032030
0.064706
0.083674
0.016185
-0.016636
-0.065387
0.009900
-0.040777
-0.079920
-0.047859
-0.007898
0.037483
-0.020734
0.080931
-0.031616
-0.091469
-0.089201
0.000315
-0.019759
0.016678
-0.041039
-0.077524
-0.097036
-0.060939
0.060547
-0.063221
0.055298
0.061960
-0.047914
0.040163
-0.072928
-0.039443
-0.043667
0.051593
0.051485
0.024351
-0.019791
-0.008508
0.033029
0.042209
-0.026541
-0.019706
0.012819
-0.115816
0.049250
0.067844
0.022286
-0.068875
0.093455
-0.002813
0.013341
-0.101561
0.058139
0.047274
0.013534
0.077354
0.079059
-0.126420
0.049018
0.037139
-0.006835
0.053248
-0.101019
-0.080105
-0.066151
0.037322
0.039399
-0.037722
0.056037
-0.050471
0.055835
0.017636
-0.038518
-0.075955
0.091322
0.002322
0.039330
0.038878
-0.032269
0.070352
-0.074241
-0.025696
0.007779
0.023520
-0.048507
0.026494
-0.029125
0.064533
-0.032405
-0.047933
0.083229
0.042908
-0.048801
0.036902
0.016589
0.047992
-0.068399
-0.068381
-0.070646
0.005447
-0.062682
-0.029724
-0.055712
-0.020070
-0.040339
0.051775
-0.029935
0.043561
-0.075422
-0.092272
-0.048159
-0.006590
0.040258
-0.117675
0.084108
0.016820
-0.022995
-0.043601
0.075510
0.013352
-0.008912
0.019006
0.097184
-0.059792
-0.027200
0.055747
-0.074626
-0.001177
0.037457
-0.068231
-0.044090
0.075325
0.011050
-0.047236
-0.063688
-0.055741
0.074040
-0.004511
-0.022881
-0.110672
-0.014369
0.015127
0.004674
-0.027887
0.042893
-0.037678
-0.036771
-0.099171
0.093754
0.015279
-0.034259
0.003917
0.077145
-0.010988
-0.005269
0.015766
-0.063774
-0.046985
0.004205
-0.022219
0.079123
-0.044359
-0.002191
0.024893
-0.060557
0.016098
-0.068222
-0.005988
0.037579
0.053889
-0.091272
-0.043505
0.047757
-0.072682
-0.065973
0.022735
0.014613
-0.092469
-0.022234
-0.013964
0.080678
0.014911
0.030808
0.009991
-0.083885
0.018485
-0.110404
-0.019003
-0.042365
0.033823
0.005388
0.022757
-0.005667
0.005754
0.041034
0.014185
-0.000726
0.044559
0.032063
0.046937
-0.003336
-0.003421
0.069578
-0.071216
0.006721
0.017957
0.043114
-0.035072
0.043419
-0.027178
-0.026140
-0.017276
0.055938
0.084867
-0.031958
0.025741
-0.104449
0.027070
-0.023496
0.030866
-0.139971
-0.066997
-0.076971
-0.038939
0.092019
-0.044154
0.019562
-0.055934
0.055204
-0.009327
-0.028741
-0.027892
-0.025230
0.063284
0.007546
-0.089468
-0.076389
0.021543
0.003083
0.015832
-0.061365
0.073711
-0.096311
0.003329
0.104016
-0.046559
-0.011101
-0.016761
0.002588
-0.041140
-0.093576
-0.065196
-0.016230
0.024974
0.080631
-0.087569
0.000680
-0.022870
-0.066829
-0.007135
-0.014412
-0.049027
-0.064924
-0.072238
-0.060785
0.028520
-0.112446
-0.073227
0.035043
-0.037360
0.039335
-0.002903
0.031687
-0.022408
0.026011
-0.061870
-0.037800
-0.017496
0.039362
-0.048982
-0.019407
0.025826
-0.095718
-0.014844
-0.070484
0.013158
0.004083
-0.012529
-0.012507
0.023102
0.037571
-0.058527
-0.010545
0.011424
-0.005417
-0.038777
0.108635
0.030525
-0.026647
-0.066493
-0.041008
-0.018227
0.022031
-0.021870
-0.063641
-0.030171
-0.098644
-0.046240
0.016358
-0.003793
-0.020517
-0.011050
0.027218
-0.000275
0.080633
-0.007564
0.011991
0.034576
-0.035590
0.064555
-0.056598
0.011388
0.022950
0.096932
-0.074035
0.025602
0.055626
0.010077
0.075635
0.080329
-0.009837
0.050335
-0.029124
-0.012550
0.078403
0.088620
-0.013266
0.044857
0.021422
0.086906
0.054077
0.023973
0.070527
-0.033822
0.059787
-0.000158
-0.049333
0.030912
-0.008664
-0.034656
-0.035762
-0.083232
0.024495
0.022360
0.094678
0.042806
-0.078305
0.040798
0.061789
0.086542
-0.057908
0.069822
0.025847
-0.009598
-0.008852
-0.054905
-0.003660
-0.013332
0.023091
0.000117
0.107049
-0.073705
-0.032270
0.004422
-0.006394
0.034054
0.047371
0.047928
0.006956
-0.065321
0.071260
-0.031543
-0.081880
0.020129
0.047127
0.058402
-0.123892
-0.036070
0.018647
-0.118317
-0.044747
0.001230
-0.030737
-0.046943
-0.037966
-0.028018
-0.066908
-0.084107
0.042801
0.043208
-0.014197
-0.040835
0.006137
-0.003931
-0.011321
0.008262
0.018103
0.004519
0.056931
-0.094537
0.016372
-0.081619
-0.072775
0.034926
-0.007039
0.020947
-0.043736
-0.003900
-0.018535
-0.055107
-0.089464
0.029457
-0.018174
-0.033522
-0.000787
0.050865
-0.013201
-0.082610
0.015199
-0.005117
0.048172
-0.067486
-0.085242
-0.017055
0.060778
-0.043004
-0.016101
0.048952
-0.035908
0.040917
-0.001288
0.032192
0.023720
-0.004084
0.061513
-0.059363
0.040388
-0.011595
-0.038278
0.034410
-0.024363
0.020747
0.029788
-0.002317
-0.093451
-0.057630
0.009392
-0.017656
0.077035
0.011495
-0.040727
-0.012081
0.010447
-0.041067
-0.007020
-0.047334
0.045128
0.091256
-0.036224
-0.031702
0.064454
-0.121836
0.009097
0.009233
-0.006534
0.004905
-0.097861
0.048994
0.012747
-0.070562
0.091273
-0.059638
-0.063019
0.006298
0.053706
-0.001862
-0.017482
0.046552
0.014525
-0.005023
0.048738
-0.069424
0.050269
-0.045340
0.020436
-0.021602
-0.028995
-0.036781
-0.015413
-0.046757
0.009769
-0.061492
0.029939
-0.034110
-0.035697
0.020609
0.004680
-0.062386
-0.062403
-0.055699
-0.064991
-0.013955
0.030215
-0.012804
0.052245
-0.094661
-0.000371
0.015974
0.031196
0.045537
0.006318
0.009209
-0.046703
0.028303
0.031211
0.048707
0.012906
-0.065493
-0.046413
0.052504
0.063919
-0.064917
-0.060339
0.044735
0.003195
0.072671
-0.023660
-0.077106
0.075364
0.026124
0.009874
0.050577
0.031572
-0.072910
-0.050535
0.004794
0.009127
-0.040468
0.002793
0.106773
-0.035144
-0.069481
0.001225
-0.058593
0.017078
0.018358
-0.065824
-0.046050
-0.026898
-0.044054
0.032113
-0.060269
-0.012623
0.005445
-0.002027
-0.035953
-0.006849
0.036731
-0.068438
0.025159
0.079718
0.065250
0.072782
-0.037365
-0.005932
-0.002331
0.084999
-0.047764
-0.019253
-0.005207
-0.048562
0.044747
-0.089493
-0.009975
-0.019971
0.031413
-0.083547
-0.001680
-0.075940
0.092666
0.023941
0.051992
0.054710
-0.031357
-0.018003
-0.017825
0.000376
-0.123249
-0.038177
0.062658
0.016222
-0.005145
-0.013204
0.010438
0.015539
0.047492
0.071469
0.006336
-0.070443
0.041296
-0.071196
-0.023987
0.029952
0.032524
-0.081994
0.047964
-0.042551
-0.029161
0.035496
0.035311
-0.025030
-0.048541
0.056923
0.023724
-0.052879
-0.039310
-0.042287
0.011657
-0.057921
0.049717
0.046445
-0.019262
-0.053226
-0.081047
0.076619
0.024382
-0.073861
0.035612
0.011619
-0.098528
-0.060298
-0.082368
0.000851
-0.031332
0.044391
-0.000437
0.064661
0.004194
-0.000150
-0.034178
0.040992
-0.049685
-0.059927
-0.013456
0.006063
0.034109
0.039447
-0.060191
0.049060
0.013415
0.050337
-0.031348
-0.080362
0.000332
-0.080411
0.026756
-0.028146
-0.052192
-0.039592
-0.053418
-0.041645
-0.022520
0.070264
0.022434
-0.032942
-0.033464
0.015797
-0.065537
0.017026
0.009910
0.031286
-0.018358
-0.075300
-0.009467
0.008107
-0.056993
-0.002967
0.107991
0.076693
-0.091212
0.083128
-0.058906
-0.050707
-0.079226
-0.056240
-0.037230
-0.031883
0.033531
-0.068557
-0.000952
0.023252
0.007189
-0.094801
-0.081581
0.056260
0.051773
0.021896
0.031909
0.007772
0.030358
-0.002470
0.091419
0.024017
-0.078004
0.050579
-0.044560
-0.021359
-0.121661
0.050721
0.030852
0.022307
-0.137718
0.002022
0.035984
-0.081602
-0.051908
0.032123
0.089721
-0.003484
0.035915
0.038685
0.032656
-0.007647
-0.023165
-0.071048
0.010973
0.003390
0.010891
-0.016709
0.093503
0.015924
0.059202
-0.023070
0.026641
-0.003097
0.042433
-0.002754
-0.032128
-0.013678
0.012238
-0.080069
-0.004693
0.001601
-0.057273
-0.043266
0.035985
-0.048820
0.012981
0.001765
-0.047135
0.024694
-0.045015
0.047382
-0.077540
0.032989
0.026685
0.060467
0.073229
0.069114
-0.014959
-0.009191
0.071909
0.020521
0.050776
-0.056763
-0.016474
0.122579
-0.006818
-0.030439
0.004608
-0.026329
0.016606
-0.010840
-0.052529
-0.017609
0.031990
0.020940
0.016830
-0.086550
-0.053993
-0.043050
-0.064371
-0.060246
-0.066658
-0.055309
0.009056
0.015786
-0.105365
-0.019666
-0.018428
-0.061904
-0.022027
0.009646
-0.069955
0.088689
-0.049190
0.003018
-0.035857
-0.003907
-0.083299
-0.051771
-0.010952
-0.058635
0.082297
-0.058829
0.037871
0.009235
-0.049389
0.034054
0.036242
0.071876
0.011443
0.039498
0.042770
-0.063950
-0.041735
0.019918
-0.002803
-0.006102
0.003860
0.013091
0.006093
0.068667
-0.037492
-0.046412
-0.004573
-0.018614
-0.060442
0.094264
0.030835
0.025487
-0.078666
0.029462
-0.057845
-0.057979
-0.008450
-0.004269
0.074389
0.002274
0.062164
0.076042
0.000860
-0.014043
-0.018831
0.061034
0.035658
0.016842
-0.103527
-0.019891
-0.068373
-0.014997
-0.071903
-0.000022
0.064674
-0.008668
-0.016826
0.007785
-0.048743
-0.046062
-0.079550
-0.011690
-0.097460
-0.121580
0.013944
-0.004697
0.016282
0.027731
0.010165
-0.003113
0.004031
0.065037
-0.057010
-0.031351
0.035683
0.031015
-0.042392
-0.090839
0.039142
0.021344
0.015952
-0.104491
0.106415
-0.069263
0.086349
0.096414
-0.096224
-0.035921
-0.009635
-0.032984
-0.051598
0.049937
-0.041334
-0.078644
0.010781
-0.011054
-0.120099
-0.021530
0.085975
0.000290
-0.106420
0.031419
-0.051198
-0.039703
0.036623
-0.046562
-0.015032
0.042865
0.073001
0.031478
0.098690
0.014064
0.011258
0.069659
0.036797
-0.079300
-0.018291
-0.002058
-0.018574
-0.032676
0.042276
0.034621
0.025018
-0.023184
0.019690
0.043628
0.024856
-0.034660
-0.094985
0.036055
0.040776
0.021196
0.000432
-0.062732
0.027683
-0.102477
0.063589
-0.027026
-0.060524
0.026027
-0.056414
-0.092002
-0.056347
-0.031410
0.076501
-0.008799
-0.070187
-0.095685
-0.028846
-0.030506
0.082831
-0.034719
-0.013565
0.003099
-0.044589
-0.075695
-0.070526
0.047127
-0.063959
0.023132
0.018037
-0.024473
-0.005124
-0.105589
0.087056
-0.066888
0.041276
-0.000918
0.012335
0.000043
0.052940
-0.036035
-0.024950
-0.049220
-0.025138
0.006240
-0.039137
0.005787
-0.037220
0.062801
0.035802
-0.047276
-0.023822
-0.007442
-0.078569
-0.103905
0.025119
-0.014048
0.074566
-0.029437
0.028568
0.065671
0.045541
0.021388
0.025797
0.070345
0.082931
-0.056362
-0.044598
0.094469
0.089005
-0.005352
-0.072332
0.001893
-0.043879
-0.011896
0.068024
-0.032229
-0.054887
-0.020418
0.034667
-0.014877
-0.094099
0.071540
-0.111539
-0.046329
-0.011586
0.009108
0.004819
-0.056919
-0.084325
0.002868
-0.080511
-0.064450
-0.042418
-0.023608
0.012409
-0.058843
-0.029163
-0.083443
-0.082490
-0.009694
-0.029385
-0.010630
0.023817
0.014759
-0.025127
0.005634
-0.029800
-0.036178
0.008649
-0.112589
-0.059103
-0.039982
-0.033790
-0.075115
-0.078865
0.039515
-0.042998
-0.077643
0.054603
0.064669
0.075805
0.010750
0.053316
-0.078329
-0.035291
0.009640
0.056092
0.051471
0.014515
-0.047941
-0.022408
-0.092861
-0.027709
-0.069598
-0.013569
0.005212
-0.027784
0.061110
-0.036599
-0.020874
0.101025
-0.080296
0.014947
-0.033780
0.009854
-0.054798
-0.114208
-0.027360
0.032802
0.006000
0.031847
0.033067
0.001044
-0.012781
0.016381
-0.029502
-0.099787
-0.032597
-0.074132
0.128967
0.008462
0.034045
0.032495
-0.059122
0.013513
-0.044181
-0.013110
-0.038568
-0.042052
-0.028255
-0.085040
0.039275
-0.056743
0.067028
0.032107
-0.033172
0.017278
-0.027402
-0.093503
0.007898
-0.017985
-0.108679
-0.045958
-0.086114
-0.067346
-0.035345
-0.107705
0.010967
0.028877
-0.034880
-0.052860
-0.034858
0.076034
0.077753
0.018785
-0.031450
-0.039241
0.000753
-0.059499
-0.072922
-0.005967
0.082362
-0.055746
-0.007570
0.023921
-0.002190
-0.006597
-0.080327
0.055802
0.042250
0.088423
-0.071892
0.042864
-0.028349
0.030706
0.018128
-0.058356
-0.063361
-0.010153
0.020006
-0.012290
0.029494
0.028976
-0.060557
0.023443
0.017851
-0.020453
0.020016
0.073108
-0.019932
0.051306
0.058416
-0.048634
-0.064594
0.000345
-0.018743
0.044091
-0.026783
-0.014651
0.035185
0.069459
-0.037180
-0.022213
-0.057991
-0.006905
-0.020966
-0.089765
0.072769
0.036078
0.025331
-0.074960
0.060687
-0.016809
0.017956
-0.012376
0.052574
0.050479
-0.037486
0.065904
0.011483
-0.087682
0.013592
-0.071255
-0.016108
0.010946
0.050580
-0.067238
-0.008073
0.015807
0.014156
0.050703
0.020234
-0.042473
0.012149
0.075407
-0.113208
-0.025517
-0.067140
-0.012565
0.104483
-0.015611
-0.084145
-0.077268
0.003029
0.016626
0.030972
0.036362
-0.048288
-0.052704
0.064803
-0.017887
0.038824
0.043938
-0.066108
0.008576
0.092708
0.018962
-0.037240
-0.053069
0.000569
-0.041993
-0.056508
-0.084615
-0.035310
-0.030332
0.002218
-0.002478
-0.089120
-0.023197
0.029396
0.097647
0.083492
-0.033801
0.070042
0.002048
-0.035843
-0.079576
-0.069761
-0.099214
-0.052069
-0.061711
0.009018
0.045238
0.014685
-0.028509
-0.050660
-0.027483
0.012309
0.012803
-0.047047
-0.013192
0.015444
-0.002763
-0.102313
-0.002047
-0.054838
-0.069007
0.071571
-0.074555
-0.005943
0.027592
-0.090674
-0.006404
0.091590
0.003006
0.022367
-0.062116
-0.092563
0.062331
-0.046545
-0.022749
0.004284
0.005292
-0.055368
-0.020664
0.030387
-0.051172
-0.087646
0.000191
-0.008959
-0.014404
-0.090812
0.076345
0.067950
0.025314
-0.008369
-0.050012
0.060962
-0.060528
0.030359
-0.010817
0.019552
0.015326
-0.045851
-0.032451
-0.023288
0.008786
-0.044524
-0.063122
0.041697
-0.015224
-0.009230
0.024126
0.015490
-0.027575
-0.035808
-0.087771
0.016151
0.004347
-0.032895
-0.025909
-0.039502
0.001621
-0.057062
-0.059245
0.076437
-0.045503
-0.071007
-0.065619
0.054811
-0.010539
0.003651
-0.033894
0.026586
-0.063041
-0.029343
0.015280
-0.047057
-0.043406
-0.044569
0.051380
0.050904
-0.023414
0.023239
0.009028
0.038052
-0.024820
-0.007700
0.086956
0.023906
-0.062191
-0.108477
-0.065198
-0.033603
0.121372
-0.060843
0.032877
0.021369
0.021909
-0.083520
-0.014060
-0.098050
0.056465
0.031951
-0.030572
-0.029129
0.065931
0.082698
0.054414
0.012925
0.077613
0.020065
0.013053
-0.056732
0.011157
-0.014557
0.021441
0.023704
0.065274
-0.045625
-0.017871
0.086568
-0.000035
-0.049425
0.017975
0.032913
-0.055089
0.009656
0.020359
0.014837
-0.086177
-0.054428
-0.017492
0.071914
0.005504
-0.056930
0.030751
-0.035034
0.021633
0.066580
-0.001041
-0.080174
-0.031511
0.074193
0.014921
-0.044795
0.025472
-0.020969
-0.090707
0.014692
-0.100153
-0.020309
-0.051311
0.029056
0.000715
-0.022103
-0.009264
0.010249
0.044302
-0.076424
0.048088
-0.055389
-0.041752
-0.108986
0.038537
-0.015488
0.054314
-0.112994
-0.076470
0.042237
-0.073024
0.022739
0.057162
-0.070840
-0.007843
-0.064521
0.027897
0.094118
0.047717
-0.011676
-0.020211
0.081085
-0.034614
0.010981
-0.038157
-0.060951
-0.005026
-0.074824
0.039282
-0.042867
-0.106724
0.052798
-0.018187
0.053146
-0.005503
-0.077268
0.026982
-0.011244
-0.025807
-0.102050
0.019032
0.051372
-0.036209
-0.082912
0.072389
-0.088561
0.086553
-0.020718
-0.005124
0.027685
-0.101788
0.049005
0.014696
0.031314
-0.008578
-0.000840
0.071736
0.064695
0.029200
-0.080129
-0.083766
-0.104082
0.027041
0.086752
0.054343
0.001465
-0.044630
0.038036
-0.075215
0.000520
-0.065777
0.032436
0.017963
-0.040712
0.019189
-0.049290
0.024238
-0.061079
0.011515
-0.038884
0.018897
-0.083717
-0.072488
-0.034789
-0.037486
-0.040350
-0.026320
0.058364
-0.058855
-0.018364
0.015330
-0.079651
-0.038026
0.012793
0.041164
-0.088285
0.042479
0.058756
-0.052273
0.044370
0.014522
-0.100808
-0.015009
-0.121145
-0.034820
-0.045259
0.013337
-0.105835
-0.033235
0.054957
-0.033467
0.035284
0.044157
-0.000423
-0.083459
-0.040794
-0.099616
0.002918
0.081624
-0.024934
-0.046696
-0.075144
0.012692
0.082108
0.001369
-0.026157
0.057330
-0.015940
0.070461
0.053423
-0.047467
0.018239
0.019322
0.004489
0.059234
-0.058407
-0.021695
-0.036187
0.016518
0.041738
0.009925
0.091932
-0.032690
-0.040546
-0.030382
-0.098922
-0.018142
-0.049104
-0.012700
0.019719
-0.008314
0.049804
-0.069224
-0.013449
0.074825
0.000478
-0.058587
0.029439
0.002111
-0.013829
-0.052030
0.092565
0.029260
0.043930
-0.074176
0.040317
-0.032396
-0.010430
-0.091525
0.077693
-0.051274
-0.060864
0.011497
-0.065361
-0.009890
0.086232
0.012606
-0.006666
-0.075852
-0.030691
0.007167
-0.002623
0.024731
0.040712
0.086954
-0.030523
0.055056
0.021126
0.011999
-0.068338
-0.030209
0.014432
0.020263
0.024229
-0.012622
-0.011474
0.063195
-0.011072
0.020217
-0.043888
-0.084863
-0.039450
-0.036247
-0.076545
0.022698
-0.008086
0.058087
-0.024895
0.006881
-0.028985
-0.091606
-0.026771
-0.011104
-0.032344
-0.099287
0.045032
0.034092
0.013425
-0.067402
0.028041
0.045176
-0.014085
-0.009904
0.003929
-0.098895
0.057919
-0.040928
-0.081680
-0.020775
0.079637
-0.066714
-0.054030
0.021092
-0.091030
-0.102007
-0.011393
-0.026165
0.010217
-0.007490
-0.013251
-0.043811
-0.101893
0.069034
0.032655
-0.058049
0.082969
0.017207
0.020445
-0.016630
-0.110152
-0.046740
0.037482
-0.000146
-0.035564
0.057574
-0.032114
-0.020942
0.046719
-0.011218
-0.019068
0.071115
-0.113058
0.040010
-0.001568
-0.031844
0.056168
-0.020279
-0.037070
-0.039021
-0.036142
0.006931
0.067546
-0.048453
0.066110
-0.055749
-0.011968
-0.018383
0.012261
-0.007299
0.051921
0.027961
-0.002990
0.047856
0.058630
-0.060402
-0.015008
0.005129
-0.078712
-0.066681
-0.082137
-0.007583
0.061266
0.064492
-0.005575
-0.073036
-0.034383
0.026665
-0.047702
-0.074001
0.070494
-0.006859
-0.052780
-0.010211
0.045584
-0.002312
0.030622
0.065911
0.001334
-0.003797
0.038857
-0.011982
-0.070937
0.004229
-0.019142
-0.027358
0.024604
0.004077
0.077093
-0.041419
-0.026270
0.031372
-0.052003
0.094254
-0.006752
-0.079952
-0.058844
-0.039935
-0.001254
0.002353
-0.069841
-0.047480
0.012882
-0.063526
0.001444
-0.058734
-0.100872
0.042709
-0.054427
0.048369
-0.081744
0.022057
-0.051861
-0.048371
-0.081493
0.002261
-0.032763
0.053707
0.017487
0.004719
-0.032711
0.061033
-0.041644
-0.064946
-0.033532
0.005729
0.002878
0.039174
0.039051
-0.076168
-0.000425
-0.002349
-0.026791
-0.109369
0.036985
-0.097037
0.048930
-0.099884
-0.028886
0.048725
-0.022374
0.021300
-0.059876
0.000525
-0.055744
-0.005765
0.076319
-0.006185
-0.079440
-0.041085
0.125947
-0.039656
0.059207
0.019426
0.052959
0.031244
-0.102235
0.053617
0.046695
-0.030001
-0.048797
0.022151
0.060241
0.039489
0.072314
-0.012783
-0.090718
0.017483
-0.044103
-0.072857
-0.099942
-0.009235
0.058945
-0.054197
0.032449
-0.061719
-0.078232
-0.004137
0.013690
-0.036347
0.035444
-0.072403
-0.017767
0.057767
0.042513
0.010782
0.002024
0.029528
0.028887
-0.056870
-0.067302
0.004397
0.028164
-0.067569
-0.001151
-0.035180
0.025870
-0.020545
-0.050636
-0.086938
0.023449
-0.060425
0.040472
0.018470
0.033038
-0.049806
-0.046710
0.049364
-0.025044
-0.015001
0.045331
-0.055575
0.010712
0.089961
0.018664
-0.098296
0.032790
0.057856
-0.013127
-0.066084
-0.070566
-0.067782
-0.091146
-0.005908
0.045280
0.000177
-0.030389
0.014175
0.034177
0.074567
-0.051669
-0.104341
-0.044849
-0.002078
0.046461
0.069519
-0.086151
-0.015761
-0.120019
-0.075991
0.070653
0.031076
-0.081937
-0.039686
-0.029063
0.001815
-0.035278
-0.047977
0.021867
-0.032860
0.059011
-0.023811
-0.052863
-0.060358
0.015616
-0.040563
0.019064
-0.052640
0.076062
-0.065047
0.072252
0.032878
-0.010666
0.022988
0.032010
0.033761
-0.041334
-0.001381
0.015544
-0.055964
-0.049482
0.051337
-0.016332
-0.068995
0.044306
-0.065092
0.058007
-0.044699
0.034771
-0.050308
0.024700
0.016632
-0.030522
-0.033159
-0.081691
0.068841
-0.050753
-0.088619
0.050183
-0.085382
-0.025978
-0.002832
0.003580
-0.043778
-0.066279
-0.066618
-0.011288
-0.031957
0.082873
-0.008473
0.048362
-0.023021
0.052833
0.063752
-0.060272
-0.019659
-0.038538
-0.067272
0.034913
0.050707
0.069876
0.034090
0.038671
-0.020495
-0.080415
0.013337
0.033312
-0.053974
-0.019610
0.027781
-0.061429
-0.075983
0.000846
-0.005733
0.052365
0.004967
0.051634
-0.025539
-0.101727
0.047803
0.028541
0.086708
-0.073536
-0.039204
0.056091
0.067775
0.024329
-0.031178
-0.070792
-0.052205
-0.012462
0.040345
0.014219
0.019231
-0.072908
0.048301
-0.042236
-0.005025
-0.065810
0.001517
0.018393
-0.059220
-0.010769
-0.083658
0.018036
0.023499
0.126228
-0.015525
-0.015842
0.042961
0.006972
-0.016245
-0.003671
0.005833
0.093531
-0.059368
-0.081595
0.047745
0.057072
-0.059321
0.057140
0.008366
-0.063347
0.061183
0.051024
-0.037264
-0.012704
-0.011582
0.085249
0.016834
-0.053575
0.025121
0.043401
-0.080169
-0.004096
0.026472
0.038687
-0.020714
-0.040644
0.036984
-0.051810
0.038938
-0.134724
0.072465
0.018915
-0.067344
0.066045
0.094149
0.018624
0.029249
-0.078517
-0.005971
0.080928
0.047966
0.039775
-0.064725
0.020567
-0.001905
-0.014848
-0.065365
-0.076294
0.037376
-0.001426
0.078175
0.025105
0.065137
0.078221
-0.138032
0.042180
-0.002269
-0.021864
0.071893
-0.030008
-0.030284
0.082505
-0.016857
-0.063890
0.027399
-0.091120
-0.068604
0.040691
0.095545
-0.004373
-0.033241
-0.090864
-0.031510
-0.047104
0.017063
0.013462
0.096296
0.026553
-0.006137
-0.004042
0.075464
0.076986
-0.003904
0.063365
0.079213
-0.000121
-0.075391
-0.073324
-0.045769
-0.039552
-0.104941
0.044648
0.019507
0.042882
-0.068895
0.013092
-0.018887
-0.041923
-0.078626
-0.089495
0.056728
0.008372
0.017320
-0.023106
-0.092004
-0.030001
-0.073335
-0.028426
-0.022226
0.050978
0.013674
-0.079569
-0.034188
-0.042935
0.048636
0.032684
-0.059301
-0.113666
-0.032563
0.059351
0.007887
-0.061653
-0.050120
-0.076905
0.067752
0.036768
0.016038
-0.028407
-0.037267
0.012112
0.048727
-0.023343
-0.062905
-0.087733
0.025178
0.012548
0.060015
-0.012130
0.035874
-0.027835
0.059091
0.020628
-0.002898
-0.055777
-0.052491
-0.016190
-0.029229
0.004300
-0.008229
0.049978
-0.075092
-0.085968
-0.041942
-0.022671
0.073576
0.086288
-0.022310
0.019152
-0.019576
-0.039413
0.040637
-0.021120
-0.053201
0.005944
-0.070105
0.067557
-0.038420
-0.025536
-0.057095
-0.066192
0.022857
0.048640
0.009427
0.001482
0.025361
0.005567
0.053114
-0.071942
-0.092210
0.040979
0.051567
0.043916
0.006750
-0.065770
-0.050677
0.038326
0.056680
-0.007624
-0.025296
-0.043447
-0.015558
0.000509
-0.029578
-0.042772
0.025777
-0.051409
-0.004058
-0.061384
0.042536
0.061908
-0.070578
-0.067135
-0.014896
0.040854
0.050786
-0.046469
0.058294
-0.024831
0.029831
-0.116957
-0.006016
-0.016490
0.019449
-0.067828
0.055832
0.028210
0.045476
-0.120728
-0.063757
0.089780
-0.032731
0.031545
0.037968
-0.028183
0.062251
-0.093358
-0.027080
0.035201
-0.073154
-0.047098
0.002420
-0.070074
0.029214
0.000128
0.065674
-0.006888
0.016900
0.034348
0.026431
0.020733
-0.038010
-0.068780
-0.027338
0.004606
0.016193
0.020576
-0.067204
0.059916
0.043923
0.064037
-0.043564
0.023592
0.017665
0.028043
-0.051396
-0.041125
-0.012780
0.046325
-0.027842
-0.017986
-0.063900
-0.034275
0.084345
-0.039903
-0.007381
-0.011344
-0.008211
-0.093537
0.073907
0.021661
0.034217
0.013355
-0.054184
-0.054079
-0.029675
0.098163
-0.034945
-0.070917
-0.005228
0.006265
0.002948
-0.078102
-0.039881
0.003028
-0.080884
-0.024000
-0.106159
0.060014
0.044564
0.057533
-0.071745
-0.024638
-0.054970
0.067668
0.030745
0.051114
0.018098
0.008120
0.027611
-0.040688
-0.069614
-0.002859
-0.075317
0.093510
0.006447
-0.001766
-0.018500
0.048973
-0.012890
-0.008494
-0.051031
-0.003265
-0.069087
0.012644
-0.045631
0.060262
-0.019286
-0.011903
-0.069805
0.036595
0.132265
0.010644
0.060834
-0.029078
-0.080006
0.019962
0.022665
-0.062606
0.030082
0.025659
0.039970
-0.028625
-0.064832
0.072412
0.077242
0.036260
-0.097842
-0.056823
0.006820
0.023359
0.059535
0.013633
0.029570
-0.009214
0.023735
0.023407
0.037222
-0.111893
-0.004583
-0.004021
-0.031269
0.045237
-0.020273
0.057048
0.038836
0.045658
0.050288
0.032895
-0.059174
0.008229
-0.030169
0.002205
0.106147
-0.007393
0.044899
0.069447
0.011854
-0.026939
-0.031460
0.021871
-0.048700
-0.083796
0.016850
-0.041222
0.037795
0.088564
0.041338
-0.030233
0.072320
-0.032707
-0.001062
-0.062758
-0.067909
-0.017201
0.026003
0.039982
-0.031527
-0.001564
0.001170
-0.000655
-0.021210
0.001636
-0.042393
0.106204
0.004234
-0.021610
-0.000858
-0.064453
-0.024885
-0.021734
-0.023247
-0.063000
-0.010578
0.000354
0.055975
0.019048
-0.015700
-0.029568
0.065233
-0.068689
0.017828
0.027922
0.010001
-0.031009
0.063748
-0.002900
0.082372
0.056664
-0.043600
-0.007060
0.015896
-0.003356
0.077223
-0.041544
0.009809
-0.017402
0.006622
0.052033
-0.077922
0.065636
0.014870
-0.051469
-0.076593
0.045967
-0.011494
-0.029836
0.012140
-0.046256
-0.074433
-0.038964
0.032992
0.011958
0.055926
-0.029467
-0.090788
0.045131
-0.000845
0.005386
0.068183
0.094528
0.029595
-0.031415
0.099112
-0.012554
0.027852
0.028050
-0.082850
-0.024670
0.061666
-0.003018
0.013244
0.011721
0.010949
-0.050788
0.015642
-0.019527
0.049284
-0.086795
-0.030260
-0.063156
0.049495
-0.063167
0.036633
0.000032
0.061924
0.032741
-0.049342
0.002017
-0.037088
-0.074620
-0.063908
-0.029420
-0.073725
0.056784
0.004613
0.014790
-0.055484
-0.001565
-0.079634
0.087021
-0.101842
-0.095720
-0.036483
0.007869
0.015267
0.016035
0.070412
0.004828
0.066855
-0.012341
-0.025248
-0.022257
-0.071602
0.080754
0.056751
0.028753
-0.114648
-0.027757
0.048270
-0.017807
0.056022
-0.011257
-0.055221
0.070832
0.054074
0.012496
-0.072466
-0.020279
-0.007206
0.070461
0.077675
0.020503
-0.057703
0.007371
-0.087617
-0.012063
-0.068126
0.005791
-0.054482
-0.038497
0.024814
0.020813
0.009701
0.040590
0.052784
0.006410
-0.035612
0.047369
0.082313
-0.009626
0.063628
0.057274
-0.099936
0.004188
0.074046
0.022968
0.035247
0.008090
-0.097430
0.013075
0.020889
-0.049379
0.028832
-0.013419
-0.026578
0.050721
0.050681
-0.009881
0.026491
-0.005830
-0.008418
-0.044354
0.003188
-0.044430
-0.027454
-0.067384
-0.022346
0.000205
-0.058191
0.058653
0.037829
0.032363
-0.080834
-0.019782
0.064554
-0.093706
0.050752
-0.075846
-0.005896
0.086933
0.009627
-0.032648
0.039988
-0.092199
0.041406
0.082698
-0.068752
0.022237
-0.095673
0.000551
-0.096324
-0.091384
0.050280
-0.100249
0.004296
0.064362
0.045253
0.038546
0.073006
0.010681
-0.049688
0.031815
0.061656
0.069210
-0.085905
-0.056292
0.000009
0.017660
0.005548
-0.043310
-0.061536
-0.037735
-0.055103
-0.047349
0.012728
-0.031822
-0.022934
-0.064434
-0.081394
-0.060413
0.003098
0.011577
0.042573
-0.018800
0.060325
-0.011272
0.023322
-0.094837
0.064212
0.027373
0.072587
-0.026605
0.015143
-0.018521
0.093891
-0.014701
0.016307
-0.055278
0.059976
0.054472
-0.008782
0.022697
-0.038317
-0.016010
0.034381
-0.016719
0.001482
-0.015484
0.069818
-0.047739
0.068018
-0.002291
-0.001705
-0.026891
-0.008606
0.068724
0.055647
0.039995
-0.043889
0.028791
-0.034348
0.031084
-0.056661
-0.089595
0.026362
0.034275
-0.061199
0.017617
-0.001898
0.018939
0.055876
-0.045338
0.012192
-0.035431
-0.009612
0.022927
0.016992
-0.027393
-0.017971
0.042657
-0.091116
-0.134303
-0.081006
0.018386
-0.069014
0.073696
0.036925
0.048500
0.056640
0.001922
-0.081099
-0.069680
0.010085
0.010716
0.024767
0.017372
0.052788
-0.030277
0.008802
0.015852
0.043832
-0.034127
-0.078914
0.101540
0.001801
-0.015594
-0.035043
0.032910
-0.048981
0.002477
0.035328
-0.017536
0.032691
0.102771
-0.046335
-0.110565
-0.082879
0.061474
-0.005116
-0.080157
-0.069847
-0.075071
-0.048998
-0.028208
0.074380
-0.062579
-0.074370
-0.047087
0.007873
0.066183
0.024330
0.042213
0.061589
0.054621
-0.019184
-0.005586
-0.071076
-0.037181
-0.012518
-0.013648
-0.088740
0.040605
-0.051088
0.012439
0.054746
-0.030581
0.012307
0.037511
-0.006093
0.019315
-0.032766
0.006259
0.007420
0.038399
0.023876
0.055548
-0.035815
-0.076896
0.010638
-0.027087
-0.000262
-0.107300
0.014382
0.051565
-0.092826
-0.078418
0.050921
0.008546
-0.004808
0.107633
-0.029254
0.010479
-0.011771
0.010790
0.040746
-0.021561
-0.011923
0.041502
0.032201
0.042777
-0.021631
-0.018454
0.006705
0.061608
-0.068950
-0.049720
0.051377
-0.031336
0.025464
0.028737
-0.002483
0.007159
0.049685
0.056091
-0.024076
-0.082733
0.029124
0.010431
0.027097
-0.022548
-0.076183
0.026519
-0.057024
-0.076538
0.027012
-0.007716
-0.082367
-0.042937
0.100361
-0.020903
0.085546
-0.029117
-0.024297
0.009305
-0.066353
0.050245
0.065171
0.027461
-0.029786
0.077453
0.075062
-0.038677
0.102596
-0.010996
0.022119
-0.032737
0.031059
0.015735
0.000187
0.006528
-0.012162
-0.040777
0.010092
-0.058242
0.047745
0.004460
0.026134
-0.039934
-0.017891
0.062986
-0.034946
-0.060739
0.023386
-0.004201
0.022355
0.091661
0.077670
-0.010014
-0.055847
-0.072138
-0.012783
-0.005336
0.000987
-0.070347
-0.083098
0.012155
0.027446
-0.045186
-0.093391
-0.077753
0.053643
0.014820
0.065326
-0.065575
-0.025930
0.044325
0.062022
0.075593
0.012348
-0.010691
0.009599
-0.009227
-0.002507
-0.041761
-0.040668
-0.057046
0.033574
0.040115
0.052298
0.090309
0.000950
-0.067396
-0.076084
-0.060672
-0.013055
0.004340
0.059177
-0.020104
-0.071151
0.110684
0.004029
-0.068688
0.031334
0.036436
-0.020687
-0.013906
0.046680
-0.076515
0.067370
0.079041
0.004161
0.080895
0.040268
-0.043785
-0.045434
0.023325
-0.006023
-0.095039
-0.047675
-0.022042
-0.062124
0.076458
0.082534
0.034469
-0.092584
-0.001155
0.041224
0.025103
0.021072
-0.042313
-0.034266
-0.060857
0.025851
0.013106
-0.003047
-0.044945
0.020515
-0.102353
-0.035218
-0.024421
0.062874
0.064311
-0.033534
-0.073056
-0.019498
-0.003544
0.050273
-0.018544
0.035575
0.021188
0.003856
0.028998
0.005878
0.007331
0.003959
-0.022975
0.057810
-0.068075
0.002066
0.095310
0.020468
-0.010552
0.012363
0.065305
-0.060349
0.101228
0.037823
0.019005
-0.042374
0.022302
0.045828
0.012296
0.006563
-0.100019
-0.056226
-0.041604
-0.043486
-0.011307
0.043004
-0.032187
-0.049013
0.006862
-0.024392
0.049362
0.049425
-0.065711
0.012888
0.025877
-0.098060
-0.031524
0.065739
-0.060874
-0.080827
-0.005883
0.123687
-0.021754
-0.104643
-0.031956
0.026178
0.010172
-0.017587
-0.007918
-0.127085
-0.089398
-0.017958
-0.002166
0.057822
0.048388
-0.042818
0.026482
0.040482
-0.040207
-0.050522
0.047410
0.009327
0.086747
0.032860
-0.061470
0.073220
-0.096959
-0.005045
0.067762
-0.066830
-0.003021
-0.092691
0.045154
0.024243
0.059433
-0.004849
-0.013083
-0.016411
-0.074681
-0.053977
-0.037301
-0.028005
0.063412
-0.069440
0.054715
0.021724
0.031493
0.080350
-0.025144
-0.012693
0.039332
-0.010801
-0.035153
-0.055649
-0.092314
-0.010249
-0.050693
-0.007576
0.021044
0.080598
-0.088701
-0.000134
-0.077165
-0.022449
0.052198
0.059156
-0.071081
0.023091
-0.016077
0.099890
0.000126
0.031101
0.044488
-0.038346
0.042032
-0.047760
0.029181
-0.051379
-0.023273
-0.006236
-0.057451
-0.089007
-0.010736
-0.076096
-0.004649
-0.053354
0.041856
-0.022718
-0.000785
-0.099603
-0.085408
-0.017082
-0.130795
-0.088745
0.098378
-0.066301
-0.041104
0.060149
0.015246
0.006997
0.133705
0.004628
-0.035860
-0.043559
0.059013
-0.054620
0.011167
0.026954
0.072830
-0.018501
-0.080252
0.049886
0.049450
0.045456
0.060441
0.019796
-0.056928
-0.011116
-0.027035
-0.092363
0.045320
-0.025133
0.065950
-0.005716
-0.064552
0.026034
-0.005015
0.023138
0.010564
-0.011528
-0.081752
0.051384
-0.033292
-0.095169
0.025344
-0.027897
0.044823
-0.034539
-0.011338
-0.112993
0.013171
-0.057385
0.009911
0.080185
-0.042139
-0.044354
0.022868
-0.062244
-0.052293
0.004489
-0.097691
0.012705
-0.036503
0.005770
-0.019519
-0.046207
-0.056894
-0.054386
-0.044509
-0.010467
0.002323
-0.032347
-0.083094
-0.037274
-0.001103
-0.061263
-0.019105
0.042500
-0.064052
0.062551
0.025305
0.052283
-0.052909
0.028809
-0.056289
-0.067588
0.002059
-0.037341
0.019447
-0.006899
0.018277
0.028013
-0.084779
-0.104952
-0.063650
-0.061024
0.013172
-0.075856
-0.051384
-0.061775
0.064202
0.043367
0.055865
-0.054464
0.008239
0.020527
-0.062563
-0.052710
0.040051
0.000781
-0.043109
0.015474
-0.038524
0.074117
0.003395
-0.068383
-0.053442
-0.019063
-0.028811
-0.058378
0.024758
-0.032166
0.098168
0.010353
-0.011520
-0.045678
-0.043672
-0.051191
0.060592
-0.004944
0.109074
-0.086832
-0.009693
-0.021769
-0.068069
0.004342
0.028177
0.039491
0.064051
-0.005954
0.011937
0.051296
0.023700
-0.027005
-0.000931
0.014506
-0.017345
-0.101629
-0.025812
-0.096615
-0.026329
-0.037228
-0.043288
0.009635
-0.034148
-0.116763
0.030824
0.007391
-0.025467
-0.068549
-0.088680
0.015185
0.108349
0.035108
-0.000054
-0.012319
0.016276
-0.027294
0.055559
-0.060806
0.031360
-0.078873
0.066706
0.084684
-0.051742
-0.043765
0.003833
0.008795
-0.030158
-0.015826
-0.004027
-0.079636
0.035972
-0.080402
-0.062060
-0.057500
-0.005400
0.053843
-0.002669
0.001492
-0.040494
0.056903
0.008138
0.027749
0.014882
-0.019351
-0.024376
0.012067
0.047615
0.081026
-0.021679
-0.061693
0.076366
-0.054368
-0.066711
0.055434
0.075976
-0.069470
0.000331
-0.068957
-0.056570
-0.032963
0.079403
0.035043
0.041574
0.023634
-0.038040
-0.091078
0.022126
-0.081460
-0.046673
0.042851
-0.044266
-0.086776
0.011270
0.025371
-0.016274
0.067978
-0.021715
-0.005427
0.088086
-0.017524
-0.024178
-0.011234
-0.000563
0.014810
0.017830
0.043008
-0.033437
0.024927
0.016605
0.035576
0.021190
-0.059722
0.056147
-0.054872
-0.001890
-0.038722
-0.008954
-0.042190
-0.007457
-0.004529
-0.087443
-0.085440
-0.001056
-0.014540
0.008175
-0.054813
0.001217
-0.017481
-0.082571
0.050764
0.048722
-0.001018
-0.043135
-0.019101
0.068017
-0.000918
-0.007456
-0.028462
-0.116953
0.041431
0.021404
0.034093
-0.034464
-0.028426
0.041993
0.048538
-0.022487
-0.111512
0.006352
-0.088485
-0.042408
0.042707
-0.016224
0.027874
-0.007650
-0.016842
-0.018105
-0.081288
-0.078294
0.015820
0.024349
-0.079630
-0.033930
0.039970
-0.009617
-0.035477
-0.078425
0.015816
-0.006716
0.019057
0.003269
-0.023300
0.004645
0.039584
-0.067936
0.007498
0.119931
-0.073198
0.006511
-0.073521
-0.009287
-0.000286
-0.080080
0.097942
0.042415
-0.011837
-0.083184
0.009617
-0.070554
-0.091449
0.057979
-0.048304
-0.013668
0.014757
0.031582
0.032051
-0.087726
-0.010438
0.008059
-0.035143
0.052710
0.053857
0.068552
0.052294
0.001220
-0.073238
-0.035597
-0.005782
-0.009834
0.000226
0.008449
0.007683
-0.079022
-0.071730
0.004224
0.016601
0.045149
-0.046402
-0.010504
0.023281
-0.003349
-0.035705
-0.040550
0.023342
-0.017503
-0.022343
-0.006615
-0.077595
-0.095822
0.010227
-0.048544
-0.001973
-0.009790
-0.054255
0.002962
0.008990
0.062519
0.003825
-0.011615
-0.000845
-0.043378
-0.018339
-0.063119
-0.027884
-0.067475
0.079189
-0.037052
-0.087053
-0.093304
-0.000284
0.078972
0.096070
0.018336
0.031147
0.041482
0.048280
-0.036351
0.036078
-0.025374
0.000252
0.085699
0.012024
-0.041207
-0.031229
0.079539
-0.002591
0.063719
-0.081406
-0.017841
0.070753
-0.012151
-0.070755
-0.094683
-0.058029
0.013199
0.049241
-0.054916
-0.096682
-0.071770
0.060128
-0.076549
-0.027150
-0.065455
0.036216
-0.011688
-0.070745
-0.007458
0.005174
-0.100601
-0.054054
-0.021949
-0.056048
-0.015551
-0.021892
-0.048029
-0.043055
-0.006631
0.021175
-0.034626
0.075469
-0.011464
0.012678
0.006136
-0.071814
0.010834
-0.085905
0.083688
0.016281
-0.004161
0.039083
-0.026493
0.027852
-0.048708
-0.028078
-0.062902
-0.006343
0.000446
-0.029465
0.034843
0.014594
-0.017399
-0.058182
-0.059596
0.070198
0.053350
-0.044369
0.050536
0.075684
-0.031672
-0.094226
-0.036139
0.058409
-0.049421
-0.011815
-0.024979
-0.029614
0.103945
-0.081542
-0.007037
-0.040547
0.025552
0.007086
0.050485
0.044204
-0.007660
-0.000550
-0.020710
-0.033428
-0.089542
0.024859
-0.022795
-0.024152
-0.061145
0.131744
0.078140
-0.049259
-0.020634
-0.044891
-0.051304
0.089330
-0.015509
-0.089594
0.058594
0.020063
-0.074287
-0.053817
0.071547
-0.013841
-0.026050
0.016424
0.027711
-0.033798
0.031319
-0.022202
-0.087225
0.009314
0.059802
0.019034
-0.012740
-0.074470
0.030834
-0.013689
-0.041156
0.007166
0.061683
0.013764
-0.028639
0.016928
-0.053682
-0.005847
-0.017977
0.014817
0.058469
-0.031334
-0.017562
-0.059030
0.008113
-0.075769
0.036588
-0.017285
-0.026366
0.042533
0.026482
-0.043249
0.023079
-0.051173
0.009974
0.028250
-0.032050
-0.077589
0.053444
-0.083145
-0.059627
-0.009828
-0.062565
-0.075709
-0.078475
-0.028659
-0.065047
0.006753
-0.069355
0.046556
-0.043181
-0.067455
0.011876
-0.053033
0.010770
-0.086111
0.040168
-0.036659
0.089035
0.075075
0.042194
0.017859
0.004982
-0.026271
-0.004101
0.056861
0.034692
-0.030948
0.072410
0.035238
-0.056152
-0.024798
0.013415
-0.110466
0.080008
-0.021886
0.005335
0.015606
0.044725
0.000363
-0.100228
-0.063024
0.000611
0.007301
-0.008161
0.007609
-0.051661
-0.024326
0.005327
-0.057881
0.008379
0.083482
-0.046350
0.057837
-0.054342
0.024342
0.025697
0.017925
-0.017361
0.032070
0.034657
0.046765
0.008121
0.021134
-0.031183
-0.019324
0.030889
-0.030882
-0.057580
0.033404
-0.076173
-0.098482
-0.066387
-0.021377
0.050439
0.039278
0.031019
0.020726
0.014811
0.008546
-0.001938
0.025105
0.022288
-0.089275
0.002913
-0.003269
0.014055
0.027927
0.063065
-0.025480
0.088403
-0.019705
-0.066228
-0.027062
0.068900
0.079091
0.025404
0.008344
0.062537
0.042977
0.015756
0.058988
0.017817
0.019757
0.021833
0.004909
-0.058806
0.015416
-0.087546
-0.083858
-0.059449
-0.018235
0.051366
-0.045891
0.063033
-0.016324
-0.052408
-0.054518
-0.021932
0.001080
-0.059890
-0.047801
-0.012038
-0.042268
0.007499
-0.069241
0.054397
-0.045991
-0.014249
0.059602
0.082569
0.071866
-0.048436
0.026789
0.052166
-0.050082
0.120042
0.041897
0.060508
-0.031205
-0.011053
-0.014429
0.020648
-0.036765
-0.000588
0.065399
-0.004313
0.018732
-0.000138
-0.034598
-0.036622
-0.087564
-0.008934
-0.091165
0.019022
0.023144
0.037470
-0.054152
-0.040910
0.087834
0.066327
-0.081569
-0.005973
0.015537
-0.090544
-0.024719
0.088755
0.001891
-0.022366
-0.029845
-0.075027
-0.075803
0.014008
-0.047644
-0.012594
0.000275
0.033782
-0.067188
-0.031502
-0.107985
0.066056
-0.013703
0.030970
-0.084060
-0.061732
-0.016713
-0.040162
0.010751
0.063544
-0.013496
0.009614
0.072526
-0.048637
-0.069869
-0.034313
-0.068070
0.008330
-0.034094
-0.012350
-0.017978
-0.015096
-0.031365
-0.047857
-0.015382
-0.074046
-0.084241
0.056096
-0.020593
-0.043799
-0.046981
-0.116433
0.003369
0.075931
-0.062832
0.015440
-0.067787
-0.043281
-0.039297
0.019621
-0.042615
-0.080306
-0.016334
0.028213
-0.025530
-0.009238
0.028146
0.033635
-0.062285
0.080077
-0.044922
0.032444
-0.036702
-0.017458
0.011794
0.014393
0.013911
-0.066839
0.077000
-0.016757
0.018513
-0.025919
0.037633
0.043197
-0.078477
0.031737
-0.012148
-0.022029
0.016915
0.110795
-0.025517
-0.100293
-0.106045
-0.034402
-0.051949
-0.094062
-0.017689
0.036766
-0.017863
0.004454
-0.033881
-0.000242
-0.010015
-0.075978
0.044255
-0.005829
0.073815
-0.006875
-0.020089
0.012910
-0.073561
0.075246
-0.021636
-0.035882
-0.008418
-0.061425
-0.071590
0.068780
0.097513
-0.025850
-0.017858
0.013887
0.034387
0.001710
0.038684
-0.029389
-0.050121
-0.064172
-0.120487
-0.023878
0.022171
-0.063754
-0.018857
0.020179
0.005104
0.009698
0.027573
0.025935
0.021671
-0.039610
0.014831
-0.054936
0.040126
0.011028
-0.100031
-0.066912
0.066328
-0.070442
0.003003
-0.014437
-0.062301
-0.033160
0.019627
-0.068735
0.047548
0.040009
0.013703
0.020989
-0.044580
-0.009924
0.022533
-0.060184
0.013592
0.106596
0.011685
-0.033533
0.030728
-0.002192
-0.022383
0.062604
-0.091319
-0.022843
0.033839
0.043109
-0.014615
-0.043375
0.036437
-0.104663
0.009443
-0.009612
0.019132
0.013462
-0.019196
0.042982
0.017416
0.052345
-0.046260
0.022186
0.031877
-0.023611
-0.011842
-0.087993
-0.034402
-0.020964
0.034113
0.080261
0.075306
0.033540
0.011001
-0.072685
0.025509
0.040088
-0.008177
-0.090362
0.096058
0.044751
0.005342
-0.044663
-0.008525
-0.058141
0.037018
0.052448
0.086427
0.066109
0.014920
0.010708
0.047956
0.043840
0.008624
0.019396
0.035115
-0.022119
0.098504
0.042582
0.044784
-0.089197
-0.074435
-0.033771
-0.066097
-0.058897
0.014476
0.013362
0.028816
-0.047418
0.025943
-0.034458
-0.047774
0.015438
-0.037319
-0.060998
-0.019511
0.042412
-0.025202
-0.018738
0.076175
0.021339
0.020704
-0.010438
-0.005408
-0.030338
0.001312
-0.024145
-0.006181
-0.004458
-0.062123
-0.053068
0.045297
0.020071
-0.045869
0.090598
-0.051067
-0.032229
-0.045151
0.038790
0.051570
-0.059844
0.013879
0.015233
-0.018458
-0.019125
0.015720
-0.034375
0.063986
-0.021293
-0.029640
-0.054444
0.055783
-0.100179
0.003330
0.042444
-0.027912
-0.071630
0.026263
-0.069180
-0.015263
-0.096110
0.020804
-0.038409
0.064040
-0.079029
-0.038408
0.093680
0.023633
0.018094
-0.061945
0.066039
-0.037788
-0.024332
-0.092148
-0.013484
0.010926
-0.004265
0.008735
0.061846
-0.060774
-0.075235
-0.072806
-0.007903
-0.061334
-0.013087
-0.008759
0.056260
-0.059018
0.022845
0.042096
-0.062404
-0.041494
0.047992
0.045084
-0.030896
0.075365
-0.078201
-0.084735
0.011359
-0.024712
0.004934
0.027389
0.040368
-0.044375
0.005163
0.085906
0.015360
0.009905
0.019224
-0.104265
-0.066120
-0.007673
-0.075334
-0.027752
-0.018690
-0.106113
-0.003934
-0.028951
0.025598
0.044806
0.033348
-0.056062
-0.028056
-0.031450
0.050970
-0.053778
-0.037920
0.121844
-0.025604
0.008222
-0.073094
0.017280
-0.053551
-0.115284
-0.016467
-0.017187
0.016794
-0.059102
-0.055466
0.001358
-0.009146
0.086449
-0.027483
0.083332
-0.040933
-0.004197
0.006216
0.041814
0.013478
-0.093275
-0.001520
0.010943
-0.091304
0.011194
-0.028820
0.004676
-0.002632
0.063907
0.066069
-0.068415
0.005255
0.005267
-0.011047
-0.036175
0.050710
-0.076875
0.039292
0.038387
0.026492
-0.022612
-0.081439
-0.085279
0.011064
0.054700
0.070122
-0.041317
-0.043840
0.007649
0.009490
-0.015398
0.000194
0.070397
-0.001014
-0.054080
0.043668
-0.046740
0.101733
-0.073433
-0.046200
-0.031848
-0.061871
0.061874
-0.042708
-0.046622
0.028362
0.069729
0.043156
0.012536
-0.038213
-0.073928
0.046514
0.016606
-0.098225
-0.042916
-0.093629
0.075220
-0.020167
-0.054378
-0.059966
0.080054
-0.052210
0.020041
0.011751
0.020075
-0.068431
-0.046183
-0.036334
0.024873
-0.046153
-0.071493
-0.074031
0.015740
-0.092110
-0.067682
-0.001526
-0.017336
0.032648
-0.054961
-0.045482
-0.087990
0.033938
0.008810
-0.007995
0.027368
-0.030832
-0.059496
0.035386
-0.003234
0.052798
-0.003834
0.033267
-0.016947
-0.026313
0.019653
0.003416
-0.039879
-0.042846
-0.044881
-0.040869
-0.051406
0.053796
0.077943
-0.013850
-0.004297
0.016785
0.040935
-0.095800
-0.014143
0.017092
-0.031166
0.001067
-0.062201
-0.071354
-0.012243
-0.059995
-0.068548
-0.063003
-0.097211
-0.073116
0.005072
-0.066377
0.022774
0.030009
-0.012809
-0.043465
-0.082113
0.019801
0.029107
0.038807
0.040044
0.055826
-0.054748
0.001718
-0.032227
0.011385
-0.048000
0.029383
-0.043747
-0.019457
-0.063371
0.022503
0.033481
0.033070
0.025423
0.100526
-0.030163
-0.101161
0.026823
0.030091
0.062558
-0.002455
0.016565
-0.063675
0.004644
0.026755
0.063698
-0.046017
-0.016639
0.017223
-0.021334
0.033063
0.068230
0.011456
0.060425
-0.030420
0.030113
-0.043517
-0.013641
0.024606
-0.061290
0.057241
0.008056
0.037151
-0.021913
-0.043914
-0.086224
0.040222
-0.031380
-0.069928
0.045511
0.017861
0.081155
-0.075119
-0.057265
-0.015568
-0.009646
-0.051431
0.011710
-0.027715
-0.089158
0.105508
-0.070541
0.055354
0.089114
0.000288
0.011609
0.046498
0.030427
0.032906
-0.059757
-0.037954
-0.028776
-0.053534
0.009144
0.076467
0.009164
-0.003856
-0.063173
-0.038819
-0.034953
0.080738
-0.018118
-0.037539
0.009804
0.007907
-0.049043
0.040213
0.051126
0.045122
0.012627
-0.040082
0.054919
-0.029459
-0.068909
-0.054128
-0.019109
-0.068668
-0.048207
0.052627
-0.019596
-0.050191
0.005038
0.013943
-0.017375
-0.071217
-0.030768
0.001793
0.034921
-0.054829
-0.013399
-0.084588
0.059845
0.042234
-0.054647
-0.064983
-0.054900
0.017853
-0.040525
-0.036201
-0.007153
-0.013400
0.007076
-0.046116
0.038641
0.004139
-0.101902
0.064858
0.026913
-0.054834
0.025502
0.063257
0.008255
-0.060539
0.024336
0.008555
-0.036638
0.041284
0.002746
0.044376
-0.058075
-0.020410
-0.005824
-0.064246
-0.094690
0.053985
0.083914
-0.092289
0.002514
0.018762
0.030707
0.015520
-0.012697
-0.038816
0.004259
-0.072914
0.038610
0.044006
-0.020390
0.017338
-0.008851
-0.070677
-0.093165
0.088183
-0.046835
-0.058479
0.067314
0.010528
0.068429
-0.008633
0.029832
0.013419
-0.026972
0.039190
-0.072010
0.073774
0.024601
0.062036
0.064160
0.040055
-0.017539
0.002728
-0.038481
0.047039
-0.025394
0.032844
0.021510
0.023980
-0.029070
-0.015622
0.038563
-0.006430
0.000865
-0.059245
-0.009146
-0.041900
0.005557
-0.079697
0.081278
0.028621
0.069059
-0.019994
-0.004467
-0.016341
-0.017001
0.029821
0.013604
-0.051513
-0.019144
-0.004510
-0.060008
0.014602
-0.059561
-0.066951
0.016959
0.037691
0.075997
0.032479
0.049244
-0.010897
0.042429
-0.060310
0.019660
-0.006619
-0.048322
-0.075242
-0.022684
-0.055971
0.038001
-0.001455
0.017180
0.031262
-0.025620
-0.047101
0.017673
-0.088128
0.028435
-0.053302
0.037834
-0.011254
-0.024258
0.018573
0.029606
-0.020823
-0.096136
-0.036033
-0.056256
-0.013360
0.045650
-0.017502
0.012635
0.051512
0.044040
-0.093220
0.003783
-0.070230
-0.023031
0.013355
0.002647
-0.069945
0.011917
0.022462
0.020721
-0.063030
-0.060893
0.065796
-0.062057
0.023570
-0.035594
0.066449
-0.067822
0.057269
-0.089310
-0.055359
-0.039897
-0.065473
-0.093756
-0.045911
0.013421
0.044949
-0.018236
0.062520
0.009685
-0.027783
0.018493
0.078215
-0.039547
-0.039997
-0.074368
0.108673
0.001358
-0.076780
-0.012350
-0.085896
-0.063192
0.035153
-0.063965
0.022974
-0.083086
0.003341
-0.047219
-0.041246
-0.079241
0.005126
-0.049800
-0.083604
0.058497
-0.017428
0.095589
-0.055014
0.044206
0.028976
-0.048697
0.031675
-0.093984
-0.042580
0.042790
0.096802
-0.038963
-0.037712
-0.074132
-0.060653
0.068070
0.006919
-0.065641
-0.002337
-0.062143
0.002797
0.037903
-0.013344
0.037982
0.028516
0.039941
-0.029896
0.007374
-0.069753
-0.016118
-0.015559
0.015718
0.044221
0.052047
-0.058036
-0.010575
-0.022943
-0.076447
0.034580
-0.089278
0.014374
0.010364
-0.004732
-0.050954
-0.033868
0.045688
0.058377
0.032612
-0.004084
-0.016123
0.024014
-0.065833
0.038715
0.027613
-0.009318
-0.029306
0.061793
-0.007275
-0.041723
-0.101063
0.006493
0.013937
-0.035747
-0.045355
0.024839
-0.016009
0.090983
0.032116
-0.101598
0.058972
-0.018638
0.051828
-0.017166
0.024644
0.002954
-0.020552
-0.003758
-0.028155
-0.073981
-0.030762
-0.025153
-0.025455
-0.048329
0.057255
-0.009032
0.050859
0.069758
-0.041442
0.000772
-0.080239
-0.008330
-0.139352
-0.031107
0.029346
0.026055
0.073471
0.073060
0.075142
-0.061302
-0.089271
-0.090506
-0.028734
-0.085383
0.013924
-0.054912
-0.012589
-0.057384
0.039824
-0.019486
0.012237
-0.077052
0.046109
-0.059813
0.038481
0.087803
-0.081038
0.033885
-0.077257
-0.103606
-0.029396
-0.082627
-0.024920
-0.012419
-0.037993
-0.011132
-0.013902
-0.010866
-0.063037
-0.043570
-0.028394
0.020714
0.054831
-0.076720
0.029952
0.039383
-0.053125
-0.072677
0.029390
0.009928
-0.030016
-0.035444
0.055977
0.049179
-0.066663
-0.036119
0.036977
0.009333
-0.082730
0.075343
-0.035339
0.076732
-0.070320
-0.046875
0.001258
-0.061973
-0.036646
-0.050609
-0.083403
0.087094
-0.035527
0.049586
-0.061466
0.021561
-0.057765
0.091562
-0.041837
-0.010313
-0.017621
-0.014934
0.069621
-0.073964
-0.051828
-0.028476
-0.072245
0.062681
-0.050031
-0.063426
0.018237
-0.025330
0.094230
0.053691
0.074827
-0.036930
0.049840
-0.010869
-0.006451
-0.056563
0.093114
0.021022
-0.037403
-0.038261
0.082825
-0.081450
-0.060681
-0.023433
-0.070175
0.047735
0.054146
-0.055551
-0.047621
0.050008
0.072003
-0.001211
0.032958
-0.051673
-0.081228
0.010903
0.045568
-0.020222
0.072187
0.024118
-0.034007
0.059515
0.035989
0.032246
0.043839
0.023976
-0.070358
0.008380
-0.017301
0.052363
-0.037140
0.069866
0.066872
0.050778
0.091901
0.036582
-0.053002
0.027752
0.097373
-0.009454
0.021686
-0.034344
0.073206
-0.004552
-0.099424
0.062356
0.009692
-0.011899
0.006711
0.046806
-0.035103
0.002018
0.095812
-0.046249
0.053537
-0.075406
0.045330
0.050731
-0.007519
-0.045162
-0.075524
-0.022115
-0.097910
0.081016
0.083040
0.003738
-0.005324
-0.028087
-0.009920
0.021672
0.054402
0.035310
-0.054891
0.002029
-0.031217
0.034985
0.057673
0.080901
0.033953
-0.013108
0.085192
-0.069846
-0.030179
0.068610
-0.029980
-0.062138
0.036200
0.032691
-0.031212
0.040174
-0.084242
0.002010
-0.018271
-0.023097
-0.077292
0.014287
0.027891
-0.001300
-0.000574
0.002833
-0.016979
0.086878
0.094841
-0.012540
-0.076813
-0.051534
0.025568
-0.023026
-0.055831
-0.066568
-0.007335
-0.040127
-0.082027
-0.017025
-0.003038
-0.042623
-0.020097
-0.033944
-0.058756
0.039127
-0.018408
-0.016942
-0.008400
0.006564
-0.070758
0.087807
-0.039049
-0.022735
0.098777
-0.054874
0.007820
-0.007871
0.068320
-0.047638
-0.052936
0.004768
-0.077688
-0.002554
0.044109
0.045341
0.011313
-0.064738
0.070188
-0.061247
-0.092431
-0.012191
-0.028011
-0.014708
0.026618
0.027679
-0.058295
-0.005786
0.049825
-0.030727
-0.049561
-0.003956
0.012930
-0.019758
-0.054700
0.062377
0.017474
0.101903
-0.015915
-0.054189
-0.016282
-0.054061
0.008287
0.009734
-0.053108
-0.043154
-0.055837
0.013849
0.037250
0.017153
-0.017515
0.004814
-0.020336
0.008418
0.019097
0.022749
0.010722
0.077247
0.019503
0.009206
0.126019
-0.067309
-0.071005
0.055584
-0.014208
-0.025882
0.068449
-0.035118
0.021526
0.003288
-0.003070
-0.056076
-0.068398
-0.013263
0.029530
-0.111191
0.000892
0.056551
0.070722
-0.106212
-0.031093
0.004691
0.014316
-0.029746
-0.016234
-0.097981
0.090051
-0.022076
-0.010785
-0.010442
-0.015774
0.019937
-0.068445
0.018214
-0.010709
-0.028891
-0.046427
-0.068355
0.013178
0.116828
-0.009893
-0.036189
-0.091770
-0.023165
-0.095910
0.096004
0.039751
0.017870
0.004783
-0.017707
-0.043992
-0.043430
0.080765
0.071498
-0.050500
0.007289
0.101941
-0.018160
0.084371
-0.054042
-0.051033
-0.031475
0.013080
0.031289
-0.021263
0.008188
-0.034997
0.027456
-0.034699
0.028966
0.041076
-0.016778
-0.032561
0.067869
-0.006031
-0.054691
0.016356
-0.047776
0.011652
-0.047311
-0.010902
-0.014040
0.029017
-0.019040
-0.019932
-0.075836
-0.008909
-0.011922
0.018010
-0.022744
-0.016750
-0.063437
0.015808
0.043017
0.052344
0.007839
-0.070777
0.043156
-0.018664
-0.025109
0.003862
-0.020050
-0.041664
-0.028495
0.014356
-0.030584
0.005808
0.068828
0.042679
0.067225
0.046945
-0.044426
-0.124514
0.068902
-0.015093
0.084040
-0.009611
-0.026359
0.021825
0.008756
0.027099
-0.007734
-0.035613
-0.091967
-0.010032
-0.052080
0.003153
0.028585
0.059882
0.055815
-0.073061
-0.044239
0.073840
0.099886
-0.023042
-0.029088
-0.105514
-0.058482
0.031672
-0.066582
-0.038067
-0.049568
0.064496
0.004041
-0.108362
-0.036274
-0.000201
-0.065804
-0.010670
0.037410
0.051104
0.009532
0.005513
0.043969
-0.001934
-0.056525
-0.024297
0.059780
0.103605
0.046975
-0.021066
-0.048157
-0.031610
-0.026680
0.009635
0.003192
-0.078136
-0.033729
0.020178
0.043010
-0.050846
-0.032354
-0.070552
-0.040492
0.014625
0.058664
-0.066763
-0.016975
-0.041276
-0.011841
0.035974
-0.060141
-0.016261
0.017885
0.030223
-0.042684
0.013687
-0.044262
-0.027637
0.039905
0.020467
-0.012036
-0.069680
-0.052011
0.041160
-0.090013
-0.037093
0.074716
-0.055896
-0.044130
0.002362
-0.049052
-0.032021
-0.016484
-0.023355
0.065024
-0.072868
-0.014113
-0.020171
-0.034116
-0.029364
0.070220
0.030120
0.006336
-0.054889
0.031056
-0.090513
0.010913
-0.054238
0.056618
-0.097018
0.009702
0.080497
-0.042834
0.044479
-0.042205
-0.006263
-0.022345
0.014151
-0.039750
0.109920
0.009305
-0.060514
-0.028547
0.056154
-0.063358
-0.094803
0.039533
0.041163
-0.035046
0.015677
0.023666
-0.022421
-0.049942
0.080722
-0.036108
-0.072325
-0.027014
0.097821
0.012229
0.058726
-0.074351
0.086690
-0.020891
0.016878
-0.018332
0.021437
0.056147
0.088702
-0.067576
-0.032970
-0.000946
0.029043
-0.088069
-0.071012
0.072242
-0.003347
0.044267
-0.054038
0.001543
-0.006652
0.022744
-0.044431
0.094528
0.019306
0.011744
-0.094664
-0.017182
-0.116633
-0.022486
-0.057165
-0.009132
-0.009591
-0.022521
-0.037923
-0.031595
0.092089
0.006608
-0.077451
-0.031668
0.000626
0.004711
0.036153
-0.013838
0.000858
-0.109439
-0.001897
0.054553
-0.001506
-0.014740
-0.032535
0.032946
0.020013
-0.110931
0.069106
-0.061298
-0.032250
0.007776
0.058816
-0.048832
-0.004770
-0.020128
0.032731
0.030060
-0.047279
-0.059596
-0.032843
0.060140
-0.023924
-0.073734
0.009238
-0.013964
0.033330
0.044462
0.043322
0.049815
-0.083384
-0.079996
-0.022355
0.069282
-0.003402
0.025990
-0.019409
0.006788
-0.014377
0.014164
0.017632
-0.027215
0.026417
-0.059592
-0.008536
0.010236
-0.084191
-0.025941
-0.022791
-0.050801
-0.068154
-0.056979
-0.001746
-0.039246
0.071854
-0.042534
0.040509
-0.030398
-0.063351
-0.049141
0.021524
-0.045122
0.036279
0.091563
0.006338
-0.035409
-0.006605
-0.099319
0.070036
-0.035042
-0.045045
-0.049282
-0.036154
-0.039214
0.039224
0.013729
0.058341
-0.038930
-0.046569
-0.078105
0.066639
-0.023812
0.046269
-0.002163
-0.055525
-0.019670
-0.005527
0.030420
-0.030584
-0.091687
0.004464
-0.053967
0.040820
0.089243
0.008879
0.046618
-0.056990
0.045263
0.070577
0.000920
-0.049448
0.000305
0.032149
-0.026910
-0.022525
-0.051975
0.004291
0.037439
0.115577
0.014449
0.007818
0.029921
0.018849
-0.014182
0.090484
-0.050752
-0.018718
-0.009076
-0.048800
0.059502
0.062018
0.013667
-0.081915
-0.021091
-0.019759
0.022571
0.027871
0.035945
-0.048608
0.050129
-0.013253
-0.075439
-0.001403
0.048693
0.018331
-0.007750
-0.001758
-0.026999
0.048753
-0.081486
-0.032358
-0.051797
-0.024151
0.027278
0.008277
0.056654
-0.034299
-0.057909
0.040912
-0.045340
-0.008437
0.042880
0.070200
-0.052833
-0.071693
0.053335
-0.055058
-0.023829
0.038613
-0.058429
-0.060437
-0.093519
-0.022138
0.095693
-0.061011
-0.008048
-0.036754
0.002547
-0.075691
-0.063873
-0.029574
-0.066597
0.047036
0.056545
0.069347
0.097435
0.034395
-0.038519
-0.104585
0.010932
0.035123
-0.016378
-0.091411
-0.042703
0.016785
-0.020092
0.038601
0.005812
0.114507
-0.054122
-0.058319
0.068150
-0.014455
0.000861
-0.092928
0.065022
-0.016360
-0.010681
-0.052155
0.007821
0.058969
0.030785
-0.052814
-0.051968
-0.015122
0.004748
-0.013251
0.022328
-0.053449
0.000015
-0.017252
-0.047304
0.099554
0.070079
-0.050470
-0.043200
0.020948
-0.012516
-0.068870
-0.045135
0.046686
-0.062780
-0.067795
-0.099963
-0.055476
0.042100
0.014542
0.022400
-0.004893
-0.052228
-0.094395
-0.043395
0.022201
-0.045082
0.021901
0.007739
-0.006587
-0.066086
-0.085278
0.013277
0.016191
-0.091659
0.044256
-0.050974
-0.087341
0.011929
0.046912
-0.067519
-0.096372
-0.028463
-0.047188
-0.000632
-0.046490
0.086027
-0.049503
-0.020970
-0.017381
0.057911
-0.011398
-0.026290
0.031001
0.028156
-0.040746
-0.006613
0.022544
-0.070551
-0.005633
0.043089
-0.070562
-0.059302
0.018928
-0.002691
0.015474
0.034815
0.026503
0.069299
-0.064040
-0.000812
-0.013988
-0.001902
-0.010642
-0.050078
-0.002116
-0.002640
0.040732
-0.022267
0.018721
-0.009651
0.041595
-0.062550
-0.033272
0.013988
0.022581
-0.045422
0.060586
0.078399
-0.019084
-0.053542
0.030427
-0.001844
-0.004324
-0.003080
-0.054183
0.095444
-0.007452
-0.039361
-0.019433
-0.036544
-0.014404
0.016734
-0.031289
0.075947
-0.090101
-0.036326
0.024168
-0.072461
-0.063012
-0.052013
0.035710
-0.042783
0.000285
0.044442
-0.007238
0.003584
0.046053
-0.026025
0.051517
-0.035097
0.095642
-0.028972
-0.003958
0.074331
0.031271
0.016591
-0.013698
-0.026309
0.020712
-0.009217
-0.066082
0.029835
-0.059017
0.034412
0.057502
0.033058
0.001785
-0.032858
0.031357
0.022613
-0.034795
-0.008717
-0.028142
-0.071638
0.017614
0.014420
-0.054296
-0.065161
0.012781
0.014030
-0.083307
-0.110044
-0.038573
-0.056307
0.084765
-0.057065
0.051159
-0.020741
0.031235
0.025827
0.062942
0.036953
-0.026901
-0.083888
0.023945
-0.081406
-0.024102
-0.005014
-0.015217
0.005632
0.043907
0.009999
-0.056901
-0.083361
-0.017977
0.038711
0.000988
-0.102562
-0.010323
-0.022725
-0.084899
-0.026599
-0.006344
0.026406
0.003652
0.105747
0.097032
-0.007413
-0.003890
-0.020596
-0.054789
-0.020855
0.024213
0.006975
-0.019681
0.088263
-0.036278
0.065041
-0.004978
0.011884
0.026776
0.006125
-0.002035
0.025529
-0.009810
-0.015295
-0.038833
0.098206
-0.004701
0.069482
-0.108139
-0.009548
-0.045706
0.005684
0.017535
0.012770
0.042342
-0.028676
-0.040191
0.037973
-0.009794
0.012188
0.050926
0.039200
-0.071660
-0.014287
-0.011072
-0.014491
-0.009814
0.092831
0.052508
-0.063459
0.065098
-0.011931
-0.085822
0.085557
0.043137
-0.066988
-0.062603
0.043411
-0.044529
-0.010329
0.005950
0.041326
-0.091333
-0.079330
0.083722
0.008622
-0.115461
0.036653
-0.041379
0.041182
-0.080275
-0.032125
-0.023003
-0.004364
-0.020747
0.024058
0.011782
-0.033690
0.011152
-0.026111
0.042309
0.007942
0.027587
0.021665
0.054625
0.057265
-0.019640
-0.005526
-0.030568
0.050935
0.006386
0.079127
-0.020481
-0.033201
-0.055212
-0.020816
-0.003452
0.020457
-0.082121
0.084677
-0.060950
-0.049062
0.016250
0.065671
0.027649
-0.054802
0.007475
0.075879
0.064662
-0.031556
0.026188
0.065385
-0.038434
0.098799
0.014197
0.000338
-0.054772
0.004386
0.020010
0.045232
-0.052973
-0.058562
-0.047053
-0.108439
-0.064956
-0.007351
0.005654
0.078111
-0.042866
-0.035404
0.041872
0.046839
0.016246
0.000569
-0.007579
0.005302
0.014998
-0.021026
0.012631
0.032535
0.038634
-0.067347
0.090278
-0.039260
-0.081815
0.014835
0.017990
0.000487
-0.081401
-0.014294
-0.020925
-0.058939
-0.000881
-0.020552
-0.042055
-0.049718
0.051177
-0.012848
-0.006916
0.050024
0.025368
0.025900
-0.076604
0.008134
0.003239
-0.007534
0.022440
-0.057675
-0.012750
-0.033135
0.075235
-0.115456
-0.028519
-0.080088
-0.021950
0.071057
-0.010351
-0.062984
-0.106181
0.066767
0.007113
0.066037
-0.093016
-0.016149
-0.083437
0.002043
0.051198
-0.034118
-0.035779
0.018173
0.072427
-0.043478
-0.076308
-0.032055
0.027348
-0.077678
0.035863
0.025565
-0.013436
-0.044219
-0.019273
0.027991
-0.002128
-0.032093
-0.041877
-0.003586
0.007273
-0.058606
0.048755
0.022522
0.032207
0.043987
0.026898
-0.018897
-0.069257
0.051611
-0.048040
0.043716
-0.012387
0.047310
-0.084172
-0.053384
0.014020
-0.048107
-0.033271
0.021068
-0.028117
-0.002646
-0.004946
-0.090762
-0.023521
0.027950
-0.039639
0.062447
-0.058498
-0.023089
-0.049871
0.050469
-0.067731
-0.037336
-0.023306
0.000709
0.011212
-0.039184
0.014223
-0.021140
0.017893
-0.087390
0.078424
-0.017432
0.041535
-0.003978
-0.003068
0.049109
-0.013248
-0.013177
-0.042278
-0.045342
0.027443
0.065066
-0.015180
0.006654
-0.023078
-0.053081
-0.008595
0.009527
-0.074912
-0.003990
0.004985
0.018446
0.077665
-0.056439
-0.031725
0.062559
0.052873
-0.058913
-0.012565
0.027976
-0.004932
0.032555
0.015934
0.007868
-0.017185
0.028337
-0.046091
-0.054554
0.023317
0.008037
0.026650
0.028235
0.037238
-0.033523
-0.037672
-0.065534
-0.012061
-0.044772
0.023835
-0.064238
-0.012331
-0.101473
0.023181
-0.115872
0.068558
0.036632
-0.032965
-0.066445
0.003574
-0.030340
0.077444
-0.003197
-0.033749
0.050474
-0.032945
-0.108941
-0.036293
-0.014532
0.096028
-0.067859
0.028339
-0.036249
0.025087
-0.077104
-0.027775
-0.064067
0.014649
0.003378
0.026800
0.034170
0.054964
0.028509
-0.003403
0.014475
-0.025397
-0.039009
-0.063378
0.035829
0.027124
-0.044471
-0.015203
0.046695
-0.033825
-0.061653
0.024341
-0.020865
-0.017859
0.078837
0.087563
-0.045833
0.018224
-0.070960
-0.062911
-0.010472
-0.015895
-0.097486
0.006643
0.045127
0.070397
-0.007690
-0.015342
-0.002752
0.055930
0.012232
-0.062864
0.038733
-0.031033
-0.027352
-0.028519
-0.075455
0.025316
-0.015834
0.014131
-0.065029
-0.026039
-0.012503
-0.003088
-0.045969
0.018701
-0.058833
0.054799
-0.080786
0.015993
-0.003164
-0.011394
0.016517
0.019041
-0.022237
-0.064117
0.047836
-0.031513
0.075527
0.039091
0.059537
-0.033072
-0.003720
0.009348
0.060647
-0.073576
-0.087855
0.008479
0.104848
0.010704
0.085478
0.030184
-0.004149
0.029664
0.046597
-0.026078
0.027080
0.033972
0.047864
-0.019616
0.046386
0.023178
-0.087301
0.004786
-0.020734
-0.021857
0.067352
-0.088302
-0.092144
-0.029658
-0.012947
-0.109840
0.041872
0.045152
0.058992
-0.000444
0.041668
0.009509
-0.072267
-0.070747
-0.018293
0.026563
-0.022957
-0.097951
0.091635
0.082249
-0.040418
-0.080031
-0.054401
-0.057410
-0.055038
0.012943
0.021814
-0.027445
-0.025284
-0.077670
-0.043505
-0.030492
-0.040468
-0.087310
-0.094402
-0.064076
0.074774
0.001272
0.109537
0.033617
0.033428
-0.037151
-0.000799
-0.062635
-0.006951
-0.007295
-0.057559
0.076962
-0.031119
0.018259
-0.066028
0.085433
0.049690
-0.090760
-0.114311
-0.066049
0.069234
0.016124
-0.016412
0.011915
0.023928
-0.083164
0.039344
0.044003
0.037314
0.030348
-0.002999
-0.056918
0.096478
-0.002682
0.073764
0.004069
-0.004516
0.060178
0.019090
0.030104
-0.007505
-0.025285
-0.053713
0.074397
0.005224
-0.010849
-0.110103
0.092067
-0.073315
-0.053553
0.034530
-0.023756
-0.031677
-0.011505
0.013052
0.016278
-0.072705
-0.009428
-0.045794
-0.044684
0.048861
-0.085102
0.036680
-0.013942
-0.002925
-0.014238
-0.024405
0.030025
0.006031
0.010081
0.030391
0.007951
-0.037686
-0.009704
-0.030446
0.012521
-0.115331
0.014024
0.039332
0.040459
-0.078975
0.039455
-0.036412
-0.052589
0.024911
-0.063696
0.043716
0.005929
0.060889
0.076913
-0.016863
0.023325
-0.022635
0.010453
0.006682
0.007906
0.041909
0.077384
0.052075
0.022801
0.078660
-0.049221
0.065720
0.009974
-0.004304
-0.093918
0.081094
-0.025998
-0.042082
-0.035279
-0.014723
-0.097574
0.090616
-0.081053
0.078003
0.065507
-0.077881
-0.100260
0.055080
0.001131
0.047159
-0.076924
0.031734
0.020139
0.076541
0.021478
-0.075475
0.095341
0.031310
0.040871
0.055414
-0.040466
0.072578
-0.090626
0.054882
-0.026026
-0.011141
-0.077043
-0.003477
0.067644
0.037633
-0.073615
0.091846
-0.014312
-0.003929
-0.067163
0.019156
0.039409
0.034631
0.008650
0.026804
-0.106623
0.015565
0.069963
-0.002243
0.042237
-0.075341
0.004063
0.075697
-0.066090
-0.044215
-0.065239
-0.022049
-0.072680
-0.088335
-0.013988
-0.008581
0.043877
0.018082
0.013144
-0.059252
-0.000698
0.048814
0.022034
0.084002
-0.004587
0.001679
-0.012252
0.044723
0.073221
-0.001937
-0.023422
-0.057645
0.025225
0.023280
-0.010493
-0.026896
-0.102031
0.048807
-0.049740
0.006340
0.070937
-0.068589
-0.065877
0.067031
0.020779
0.030775
0.012703
0.041349
-0.035891
-0.090972
-0.040880
0.098220
-0.009177
-0.013001
-0.031875
-0.063929
-0.049459
0.024617
0.006321
-0.035857
-0.001736
0.010807
-0.092037
0.069261
0.007372
-0.069676
0.061947
-0.011654
-0.107780
-0.034860
-0.021759
-0.068422
0.011942
-0.010056
-0.066029
0.025681
-0.061770
-0.042219
-0.063863
0.072575
0.066076
0.001021
-0.029163
-0.052173
-0.025644
0.040220
-0.020315
0.082987
0.008171
-0.020189
0.090120
-0.040298
-0.002504
-0.043222
-0.028507
-0.046316
-0.067051
0.019640
-0.030544
-0.108084
0.018642
0.020664
-0.041130
0.036100
0.046986
-0.067106
0.036430
0.020149
-0.013170
-0.023747
0.056819
0.018998
0.068174
-0.000274
-0.028936
0.036791
-0.031163
-0.102807
0.067003
0.021311
0.077894
0.040305
0.081501
0.041643
-0.004189
0.043846
0.011588
0.085814
-0.029752
-0.009011
0.071953
0.051097
-0.069372
-0.055447
0.011758
-0.011416
-0.057023
-0.015851
-0.069319
-0.047742
-0.028731
-0.021916
-0.036689
0.049496
-0.091560
-0.004719
-0.033966
-0.057099
0.068089
-0.020524
-0.069227
-0.014874
-0.072215
0.028626
0.049872
-0.066805
-0.070658
0.033534
0.022170
0.071790
0.060189
-0.053610
-0.016670
0.023414
0.031952
-0.001924
-0.040874
0.047034
0.056537
-0.060854
0.034684
0.038018
-0.055619
-0.053900
-0.094431
-0.048946
0.013085
0.083400
0.008126
-0.054833
0.033298
-0.051633
0.019348
0.057875
-0.030116
-0.035601
0.019001
-0.061597
-0.016379
-0.063331
-0.035537
0.036560
0.023078
0.020609
-0.047205
0.030014
-0.027466
0.010138
0.055591
0.107308
0.056296
-0.045448
0.038621
-0.052788
0.031889
0.002138
0.009037
-0.019008
0.047730
0.003394
0.024345
-0.023711
-0.002038
0.002948
0.013634
0.089658
0.069079
-0.066842
0.008405
-0.021026
-0.007922
0.001066
-0.063581
-0.073346
-0.042055
0.013788
-0.017459
0.033068
0.007327
0.010726
0.092614
-0.016212
0.006577
0.007149
-0.010478
0.017614
0.043235
-0.074629
0.074439
-0.101253
0.028969
-0.001494
-0.093091
-0.003413
0.068687
0.034037
-0.046899
-0.049325
-0.077330
-0.085868
-0.053735
0.050339
0.024142
0.000503
-0.015319
-0.090032
-0.010421
-0.074993
0.025019
0.027883
0.072021
-0.037083
0.049082
0.000790
-0.002253
-0.028617
-0.046558
-0.018780
-0.019415
0.061083
0.038731
-0.057084
0.018110
-0.059133
0.044933
0.000063
0.031520
0.034597
0.003684
0.024983
-0.002482
-0.072662
-0.001156
-0.010286
-0.021758
-0.086306
0.027867
-0.019512
-0.008342
-0.022863
-0.053583
0.042892
0.059032
0.007015
-0.085622
0.010750
-0.080101
0.045644
-0.026415
0.057903
-0.014627
0.012012
-0.084910
0.002807
0.097769
0.002485
-0.067126
-0.028798
0.039806
-0.097837
-0.078233
-0.014422
0.012036
-0.010741
-0.001885
-0.004219
0.041813
-0.006506
-0.036649
-0.076215
0.023605
0.025683
-0.047858
0.054056
-0.008094
-0.017814
-0.046405
-0.055545
0.065411
0.046816
-0.054029
0.032403
-0.024826
0.000896
0.034962
-0.016508
0.037203
-0.066493
-0.063215
-0.044170
-0.005451
0.023812
-0.012325
-0.037520
-0.069801
0.030670
-0.012853
-0.015727
0.050943
0.026677
0.014206
-0.090150
0.004256
0.058796
-0.048639
0.020928
0.009906
-0.066977
-0.051774
0.035120
0.068249
0.013671
-0.023716
-0.076550
0.043861
-0.015123
-0.035743
0.018556
-0.009173
0.023453
-0.093687
-0.079084
-0.063645
0.084205
-0.071014
-0.045601
-0.003333
0.009814
-0.000482
0.087844
-0.006652
0.014159
0.024220
-0.089903
0.026899
-0.032496
-0.031015
-0.101914
-0.030925
0.013951
-0.075182
0.039436
-0.061190
-0.061178
-0.004267
-0.061531
0.051114
-0.067083
0.075270
0.046250
0.023798
-0.086989
-0.006690
-0.034494
0.028364
0.040467
-0.006598
0.024899
-0.013258
0.003101
-0.110037
-0.000398
-0.016977
-0.071546
-0.067526
-0.031701
-0.020921
0.099168
0.034829
0.053289
0.019930
-0.020487
-0.020024
0.000335
-0.082442
-0.068187
0.023714
0.008951
-0.001619
-0.066465
0.037480
-0.001916
0.024256
0.075065
-0.074245
-0.045110
0.079259
-0.040115
0.034365
-0.010548
-0.087693
-0.068163
-0.000448
0.013578
0.011184
-0.070968
-0.081263
0.013072
0.007167
0.008199
0.047268
-0.070266
-0.035902
0.044974
0.074460
-0.006635
-0.009640
0.028275
-0.012887
0.013471
0.075726
-0.120983
-0.047984
0.037877
-0.005623
-0.000914
0.002534
0.023499
-0.052217
-0.012347
0.046765
-0.087792
-0.064501
-0.001174
0.020367
0.048050
-0.082626
0.003257
-0.043132
0.031016
0.036438
-0.101469
0.020067
0.043668
0.066324
0.064422
0.014201
0.009518
0.002799
0.024927
-0.034961
-0.014592
0.049899
0.016484
0.027918
-0.014365
-0.099677
-0.008505
0.030922
0.012096
-0.048115
-0.037842
-0.003417
-0.038640
0.009600
-0.031591
-0.024346
-0.024846
-0.024307
-0.007341
-0.097538
-0.079396
-0.088582
-0.118428
0.005485
-0.104320
-0.051840
-0.054885
-0.006857
-0.097276
0.012681
-0.042224
0.037116
0.087280
0.030486
-0.040010
-0.030857
0.026102
-0.039023
-0.047925
-0.037843
0.000653
-0.034034
0.006739
-0.035746
0.030971
0.098387
-0.030993
0.020073
-0.073804
-0.018156
0.012179
-0.016835
-0.029081
0.072787
0.001505
-0.065513
-0.067437
-0.073654
-0.086535
0.041395
0.005761
0.071787
0.054422
0.009160
0.066950
0.100926
-0.008937
-0.080031
0.087861
0.020420
0.070330
0.064753
0.018672
-0.046568
-0.002577
-0.006990
0.017264
0.028133
-0.014534
0.015520
0.095555
0.043150
0.026748
0.022796
0.058606
-0.074972
-0.053512
-0.006367
0.012280
-0.032806
-0.039361
-0.026557
-0.030653
-0.117921
0.015828
0.006892
-0.000342
-0.027188
-0.057668
-0.008889
-0.061973
0.031451
-0.011756
0.082816
-0.000149
-0.016583
-0.081816
-0.071799
0.018201
0.014891
-0.073427
-0.008239
-0.040364
0.031040
0.044098
0.006325
