9.000000	1.700000	50	0.100000	ARCHIVOS_REDES\ER\ER_676.txt
-0.154444	8.937573
8.956860
-8.994574
-8.971414
-8.991626
8.954585
-8.968646
-8.977092
8.872016
-8.878140
8.978943
8.978987
-8.960940
8.959831
8.973013
8.969073
-8.974727
-8.959805
-8.957274
-8.900046
-8.962866
8.974789
8.968889
8.974332
-8.598365
-8.966557
-8.980798
8.967754
-8.983281
8.991796
-8.959612
-8.984094
8.963037
-8.955592
8.944461
8.945636
-8.942542
-8.975386
8.987263
8.981898
8.946894
8.961427
8.934232
8.969053
8.945118
-8.902396
8.948597
-8.980317
-8.977876
8.950158
-8.984583
8.976086
-8.964453
8.981257
-8.898735
8.963732
8.967812
-8.956027
-8.926737
-8.981550
-8.948539
-8.934487
-8.965190
8.988690
8.987564
8.937753
8.984281
-8.972362
-8.966234
-8.988557
8.983961
8.976233
8.801554
-8.937977
-5.153373
-8.986936
-8.890892
-8.939518
-8.944632
-8.978837
-8.997178
8.975123
-8.961231
8.965161
-8.970881
8.906042
8.993598
-8.943446
8.979074
8.972517
8.983504
-8.980918
-8.976214
8.931366
-8.919779
8.969989
-8.950354
8.954757
-8.952032
-8.967731
-8.971922
-8.947390
8.975078
8.982056
-8.973710
-8.947105
-8.994252
-8.979044
8.958477
8.981495
-8.965395
8.950590
8.973085
8.945753
8.976361
-8.964666
-8.924547
8.978077
8.837251
8.974594
8.982212
-8.965572
8.966858
-8.926864
-8.905629
-8.954383
-8.908754
-8.969434
-8.971820
8.834373
-8.930678
-8.941309
8.917015
8.929247
8.981887
-8.972941
-8.976444
-8.942454
-8.980198
-8.969002
-8.933186
-8.847890
8.964640
-8.984396
8.950525
-8.995197
8.983292
-8.835913
8.987525
-8.945526
-8.401086
8.937032
8.994006
-8.946545
-7.443994
-8.974867
8.969962
8.968623
8.952640
-8.907529
8.946953
8.964447
-8.971015
-8.942711
-8.987737
8.997434
-8.955036
8.979967
8.925192
8.997172
-8.932006
8.976660
-8.948061
-8.943022
8.905831
-8.618188
8.950346
-8.978005
-8.968939
8.995023
8.952378
-8.957334
-8.989904
-8.993938
8.937962
8.960046
8.935393
-8.975023
-8.992193
8.974239
-8.935607
8.953937
8.983297
8.966173
8.960522
8.966436
8.976296
-8.992214
8.987940
8.947380
8.660266
8.940524
8.998083
8.973625
-8.987523
8.978203
8.982379
8.779026
8.979755
8.936259
-8.937663
8.964929
-8.939634
8.930736
8.936629
-8.967961
8.966019
8.897922
-8.952428
8.974017
8.988158
-8.965410
-8.967382
8.988654
8.974653
8.958973
-8.952561
8.954188
-8.954603
-8.962743
-8.967553
8.937071
-8.946473
-8.939134
8.963097
8.959201
-8.985727
8.868879
8.968544
8.949980
8.933914
-8.973488
8.968688
-8.985762
8.960512
-8.954208
8.965077
8.969213
8.987987
-8.964194
8.995053
-8.952376
-7.642307
8.989071
8.933272
8.958926
-8.996362
-8.989140
-8.993889
-8.999012
8.902792
-8.933433
8.947143
8.985708
-8.854479
8.884768
-8.959790
8.931584
8.968705
8.983058
-8.933131
8.950314
8.980770
8.893165
-8.911182
-8.982958
-8.710844
-8.954937
8.982642
8.985349
-8.949103
-8.977389
8.987544
-8.923016
-8.968195
-8.974878
8.965371
8.953277
-8.964494
8.934094
-8.853716
8.987179
-8.963133
8.889738
8.949406
-8.969273
-8.947308
-0.212382
-8.974589
7.976207
-8.942467
-8.960602
-5.340496
-8.939353
-8.974023
-8.929957
-8.967813
-8.969243
8.963216
-8.914822
-8.975378
8.971842
8.945211
-8.952820
-8.971547
8.975044
-4.090773
8.977512
-8.932193
-8.933430
-8.931973
-8.957113
8.929163
8.979305
8.960608
8.981953
-8.981986
8.963640
-8.962543
8.966991
-8.941806
8.970000
-8.993468
8.960030
-8.894047
-8.944180
8.957242
8.931204
-8.996819
-8.950136
8.904513
-8.956506
-8.964658
8.973012
8.979588
8.961501
8.972304
-8.963421
8.984882
-8.987667
8.944048
-8.952984
8.987474
-8.939717
-8.973541
-8.951288
8.903506
8.989136
8.953224
-8.938927
8.448976
8.992375
8.925527
8.976485
8.961387
8.940819
-8.953540
-8.964607
8.947658
8.994154
-8.987911
8.941816
8.974513
8.965477
-8.991942
-8.938443
8.962609
-8.952176
-8.968233
8.952877
8.955892
-8.925061
6.642820
8.958178
-8.988132
-8.963065
8.941425
8.948425
8.958570
8.986139
8.987290
8.953843
8.936374
8.993567
8.957728
-8.930871
8.988180
8.851920
8.979869
-8.940261
-8.952092
8.955142
8.966314
8.786402
-8.981495
8.985281
8.974291
-8.936526
8.908822
-8.987006
-8.977784
-8.958233
-8.932670
8.904526
-8.950861
-8.953063
-8.962505
8.978684
8.972363
8.944041
-8.968883
8.943879
-8.969688
-8.968055
-8.959440
8.943550
8.994344
-8.966686
8.958865
-8.971795
8.957368
8.976725
-8.960741
8.995175
-8.989437
-8.986842
-8.979827
8.924882
8.983277
-8.932584
8.971545
8.952110
8.944953
8.946385
8.965068
-8.983897
-8.946578
-8.958683
8.955465
8.962057
-8.927571
-8.952127
-8.937325
8.968909
8.962320
8.940011
8.956285
8.927393
-8.938745
8.975264
8.935053
8.959950
-8.954832
-8.980294
8.968856
8.969891
8.985219
-8.953287
8.954340
8.985943
-8.970059
8.967114
-8.970271
8.969468
-2.644265
8.989115
-8.972990
8.944487
-8.964701
-8.942013
-8.987355
-8.913840
8.959824
-8.968387
-8.983708
8.971376
-8.966373
8.923243
-8.903110
-8.953627
8.932171
-8.825974
8.941044
-8.950628
8.984904
8.978201
-8.955560
-8.990685
8.955034
8.943664
8.812122
-8.973521
8.949136
-8.966946
-8.990047
8.992128
-8.993254
8.987505
-8.974232
8.957243
8.967936
-8.981162
-8.921426
-8.974007
-8.976807
8.941605
-8.940155
-8.977315
8.933108
-8.986755
-8.948375
8.952821
8.979459
8.958685
8.862201
8.934647
-8.911007
-8.920069
-8.957081
8.967400
8.982142
-8.992230
8.984877
-8.934441
8.929871
-8.917001
-8.980421
8.962395
8.924487
-8.925184
8.954889
8.992685
-8.967895
-8.933002
8.982108
8.948733
8.968721
8.969483
8.743848
-8.976486
-8.984536
-8.946798
8.966481
8.979742
-8.952213
-8.946806
-8.965841
8.982677
8.983791
8.943125
-8.960962
8.950317
8.956075
-8.953126
-8.939699
-8.997036
8.945154
8.932713
-8.994936
-8.949915
-8.981457
8.724945
8.969613
8.907887
8.949050
-8.987037
-8.976011
8.970760
-8.981958
8.928813
8.949065
8.996128
8.980958
8.957818
-8.942293
-8.964546
-8.946695
-8.941880
8.958314
8.980657
8.910604
-8.984692
8.949998
-8.961312
-8.991688
-8.954572
8.968471
8.919538
8.953351
-8.949380
-8.954083
-8.955571
-8.950365
8.951694
8.991218
8.955685
-8.986888
8.902573
-8.917627
8.979871
-8.988011
8.936230
8.983143
-8.987369
-8.956404
-8.850551
-8.993313
-8.978165
-8.947882
-8.971230
8.975797
8.991645
8.985054
-8.992375
-8.989939
-8.940083
8.848363
-8.952736
-8.948263
-8.962911
8.914435
8.944575
8.972428
8.957282
8.966835
8.970660
-8.966739
-8.939925
-8.946042
8.989635
8.980941
8.979310
8.953051
8.977534
8.941793
-8.958474
8.987685
-8.966063
-8.971220
8.957049
-8.974404
8.966227
8.954051
-8.966708
-8.982487
-8.931052
-8.971877
8.945830
8.971983
8.981377
-8.979168
-8.969143
-8.944339
-8.954555
-8.978485
-8.924963
-8.947243
-8.972829
8.960384
8.964140
8.974996
8.973675
-8.936402
8.979858
-8.950435
-8.951253
8.962943
8.922098
-8.949326
8.978837
8.968106
8.975169
8.983865
-8.988399
8.882018
-8.969952
8.956319
8.949837
8.872924
-8.976017
-8.997577
8.960726
8.975243
8.965709
-8.940037
-8.971390
-8.981978
8.987713
8.910276
-8.954072
-8.996565
8.952666
8.967550
8.957385
-8.974571
8.947324
8.976012
-8.920388
8.985836
8.976619
-8.994876
-8.963172
-8.939458
8.933952
8.969196
-8.970938
-8.943260
8.958170
-8.967700
8.989268
8.921941
-8.975433
-8.947512
8.977938
8.982106
-8.939750
8.943198
-8.951688
-8.953333
8.969599
-8.953513
-8.976636
-8.980478
-8.994167
8.947965
8.907763
-8.933817
8.971139
-8.996128
-8.930117
-8.940841
-8.992634
-8.988336
-8.948725
-8.986566
8.990702
8.950221
-8.808070
8.949789
8.990827
-8.946775
-8.947549
-8.981394
-8.976891
8.943699
-8.974209
8.995979
8.949189
-8.936487
8.958823
8.978835
8.987173
8.983827
-8.990926
8.964904
-8.955297
8.972180
8.994296
-8.950337
-8.957020
-8.972389
8.974841
-8.849892
8.940152
-8.966320
8.959195
-8.960322
-8.850844
-8.922614
-8.848938
-8.915734
8.953081
-8.936926
-8.972403
-8.986055
-8.906989
-8.948123
-8.975067
8.922816
8.916208
8.941611
-8.960580
-8.956030
-8.994547
-8.958108
-8.896963
8.979917
-8.950593
-8.976573
-8.941673
-8.973569
-8.893546
8.954473
8.945166
-8.936768
-8.957153
8.798574
-8.967296
-8.976251
-8.986671
8.985632
8.963629
8.963396
8.971678
8.968419
8.962531
8.967897
-8.940249
-8.995348
-8.989672
8.929564
8.951797
-8.934942
-8.995694
8.965202
8.971283
8.977341
-8.911682
-8.970205
8.944204
-8.993446
8.990237
-8.989832
-8.978281
-8.946949
-8.954369
8.985323
8.939969
-8.955664
8.982153
8.931960
-8.982518
-8.980820
8.989818
8.996763
-8.980894
8.990879
8.970857
8.922854
-8.954447
8.979029
8.941784
-8.965817
-8.996608
8.888808
-8.986231
8.983484
8.966453
-8.979702
-8.891331
8.991613
-8.934379
8.952097
-8.991685
-8.951152
-8.952579
8.940694
-8.983266
-8.975961
8.974946
8.900727
8.997206
-8.962890
-8.964481
-8.912762
-8.979346
8.973108
-8.965112
8.958529
8.971775
8.972970
0.404056
8.973780
8.967369
8.975018
-8.995548
-8.975769
-8.969569
8.988886
-8.952808
8.996488
-8.971634
8.926285
8.846138
8.990557
-8.979578
8.789805
8.934524
-8.958255
-8.987671
8.971339
-8.946335
8.948158
8.934100
-8.955619
8.955665
-8.951139
-8.950203
-8.968599
-8.937746
-8.968440
8.984559
-8.945529
8.962760
8.950122
-8.992025
8.941218
-8.949960
-8.985998
8.970743
8.927708
8.974030
8.967763
8.987899
-8.985898
-8.949761
8.969089
-8.971519
8.936553
8.986143
-8.940852
8.944707
-8.961194
8.951012
-8.935141
8.959404
8.968688
-8.962103
8.982050
8.987892
8.958838
8.954528
8.980998
8.989749
-8.958337
-8.952537
8.963125
8.965489
8.962547
-8.955625
-8.988225
-8.960663
8.979343
8.940955
8.976200
8.909798
8.912593
8.974501
8.950701
8.971544
-8.984705
8.913538
8.972260
-8.948510
-8.988521
-8.949866
8.916238
8.960679
8.930189
-8.974688
8.918137
-8.971357
8.633763
8.969141
-8.748289
-8.961618
-8.955368
8.984444
8.925243
-8.953159
8.935685
-8.947884
8.943213
8.993141
-8.980675
8.957299
-8.995591
-8.957934
-8.932305
8.961484
8.970684
-8.975785
8.932728
-8.945434
8.956519
8.942795
8.972601
8.993180
-8.994290
8.935828
8.921806
-8.928971
8.959517
8.943104
8.949291
-8.948124
8.954235
-8.978779
8.777758
8.953974
-8.980194
8.963786
-8.883914
8.921567
-8.994453
-8.951729
8.969092
-8.965571
-8.957618
8.990980
8.937922
8.998517
-8.923707
-8.951489
-8.962047
8.871563
-8.950262
-8.951967
-8.969416
-8.978911
8.920666
8.961175
-8.974763
8.976596
-8.932970
-8.980266
8.970114
-8.927897
-8.977185
-8.966403
8.953139
-8.993392
-8.936382
8.954216
8.961665
-8.957436
8.885163
8.946951
8.915760
-8.954903
-8.982237
-8.989268
-8.905795
8.953215
-8.946480
8.988860
8.971817
8.964575
8.976043
8.943423
8.948040
8.975990
8.946494
-8.952464
-8.935915
8.900680
-8.966126
-8.907887
-8.952239
-8.967942
8.992534
-8.995066
8.977943
-8.953070
8.991275
-8.976543
-8.991919
-8.945851
-8.553934
-8.942255
-8.936644
8.939465
8.973377
-8.987916
-8.991693
-8.974031
-8.952210
-8.982647
8.874060
8.936772
-8.995936
-8.952507
-8.997713
8.938834
-8.975224
-8.950453
-8.974139
-8.906542
-8.987456
8.943148
8.949466
8.936206
-8.846306
8.921060
-8.985304
8.966712
-8.897333
-8.841254
8.940463
8.966555
8.982151
-8.985798
-8.959096
-8.985685
8.947225
-8.947928
8.907851
8.932669
8.975463
8.968608
-8.959213
-8.993136
-8.965816
-8.948562
8.978234
-8.913909
8.969103
-8.949662
8.987325
-8.933248
-8.921537
8.974464
-8.979597
-8.948274
-8.975303
-8.944604
-8.938232
-8.947152
8.941580
8.979871
8.951945
8.957635
-8.968756
8.927697
8.943587
8.520630
-8.940482
8.989390
-8.973394
-8.966262
8.989993
8.908984
-8.962286
-8.941736
-8.973966
8.977626
-8.985501
8.971728
8.958630
-8.944111
8.949749
-8.965992
8.963245
-8.945309
8.839515
-8.942234
8.968621
-8.970662
-8.997192
-8.967355
8.953397
-8.987522
-8.975092
8.934792
-8.942837
8.935095
-8.954498
-8.995995
8.972418
8.926922
-8.975428
8.978885
8.967360
8.940895
-8.946408
-8.986624
8.949288
8.947530
-8.970589
-8.967527
-8.989168
-8.948191
-8.144184
-8.974047
8.761341
8.979847
8.949243
-8.920201
8.982528
8.985158
8.983314
-8.971342
8.970438
8.929071
-8.942709
-8.998854
8.955613
8.968763
8.997252
8.952343
-8.946785
-8.933587
8.976622
8.940177
-8.993771
8.956206
8.995321
8.953739
8.980895
8.980991
-8.948708
8.947849
8.948686
-8.978230
-8.940919
-8.951926
8.963969
8.975291
8.980755
-8.986805
-8.935237
-8.968263
-8.976239
-8.995580
-8.983934
-8.984169
8.912543
8.967213
8.954667
8.964053
8.960294
8.410799
-8.952690
8.962459
8.942547
8.980716
-8.949230
8.950868
8.984643
-8.970980
-8.954171
8.922939
8.992149
8.973656
-8.993686
8.986946
8.977712
8.975355
-8.909286
-8.976353
-8.948716
8.986672
8.922362
-8.931258
-8.971548
8.934375
8.996737
8.955417
8.957230
-8.869455
8.977042
-8.951196
8.970029
-8.984012
8.971266
8.969714
-8.938559
8.979071
-8.950556
-8.913908
8.973094
8.997347
8.952393
8.976428
-8.976749
8.957746
8.969898
8.930917
8.950144
8.951975
8.983198
8.968426
8.975153
-8.974197
8.996885
8.958739
8.977245
-8.953965
8.969536
-8.326446
8.958506
-8.960405
8.954013
8.952906
8.947037
8.940491
-8.921311
-8.981613
-8.970395
8.973952
8.908794
8.990444
-8.949726
-8.990480
8.993543
8.971583
8.956589
8.963354
-8.993449
-8.985261
8.980227
-8.945671
-8.953537
8.973206
8.988375
-8.974209
-8.975879
8.942372
8.950274
8.978350
-8.989291
8.977698
-1.976008
8.923615
-8.989882
8.972324
8.934252
-8.995316
8.984023
8.941331
8.993608
8.918509
-8.964673
8.933756
-8.924432
-8.942056
8.933002
8.974672
8.852834
-7.594011
8.972562
-8.942395
-8.986716
-8.968757
-8.995035
-8.923536
-8.979289
-8.965392
8.904708
-8.946424
8.980448
-8.449065
8.954403
-8.960661
-8.951878
-8.888423
-8.982723
-8.827651
8.993671
-8.829303
8.948875
8.974759
-8.943047
-8.969073
-8.963763
8.951596
8.937869
8.992846
8.979600
-8.938822
8.952527
-8.980553
8.978605
8.950450
8.939994
-8.966717
8.974051
-8.945415
-8.759986
-8.889066
8.986014
-8.947386
8.957034
-8.989222
8.661404
8.988253
8.950785
-8.972245
-8.963132
8.971406
8.791921
-8.996243
8.969611
-8.990189
8.962504
-8.937888
8.976659
-8.980228
-8.982922
-8.945023
8.979415
-8.955325
8.988373
-8.951017
8.969791
-8.970164
8.974477
-8.949187
-8.994086
8.986465
-8.905772
-8.974384
-8.938814
8.816588
-8.929308
-8.965526
-8.978219
-8.991757
-8.878897
8.973451
-8.982308
8.966704
-8.977421
-8.954963
-8.972996
-8.955683
8.961265
-8.966899
-8.947857
-8.999185
-8.941049
8.945496
8.953518
-8.959801
8.929362
-8.984678
8.972396
8.948135
-8.915581
-8.956459
8.944411
8.985874
8.993110
-8.994083
8.950512
8.967620
8.920222
-8.887101
8.978774
-8.947514
8.966318
-8.992175
8.967431
8.966683
8.981081
-8.961648
8.975847
-8.966971
8.933546
-8.997129
8.976769
8.964142
-8.939850
-8.992999
8.960123
-8.922399
-8.954293
8.932620
-8.978059
8.603479
8.983243
8.975259
8.915839
-8.963765
-8.876638
8.975642
8.995519
8.970674
8.927887
8.965711
8.942601
8.990375
-8.941426
8.991441
-8.950050
8.935849
-8.980986
8.920898
8.983222
-8.927242
-8.967405
8.913245
-8.943662
-8.999315
-8.975164
-8.893280
8.964974
8.962911
-8.937422
8.959742
8.946200
8.962583
8.948002
8.950836
-8.965790
-8.995640
-8.450695
-8.924303
8.961812
-8.956958
8.942412
8.996913
8.969899
8.995374
8.947772
-8.982034
8.930030
8.936487
-8.978916
8.936304
8.984781
8.924790
8.993407
8.987105
8.963109
-8.933919
8.944133
8.958069
8.942446
8.941585
-8.981406
8.966745
8.975207
-8.948525
-8.964998
-8.991774
-8.930847
-8.939166
-8.971357
8.948495
8.965782
8.935388
-8.973563
-8.980805
8.979961
8.985507
-8.946801
-8.949666
-8.993342
-8.948558
8.985423
8.992788
8.974244
8.981953
8.949457
-8.992635
-8.988732
8.948592
8.951478
8.965881
8.962106
-8.957005
-8.965220
-8.974524
8.934849
-8.959630
-8.950265
8.956184
-8.965936
8.976414
8.985902
8.974689
8.988140
-8.925992
-8.956482
8.987247
-8.983091
-8.971985
-8.877512
8.997457
-8.992824
-8.948124
8.974808
-8.944975
8.933318
-8.943515
8.962311
8.960127
-8.937109
8.967834
-8.968032
8.926753
-8.874479
8.969220
-8.964557
-8.983930
8.954053
-8.994209
8.960497
8.960156
8.949483
8.969067
-8.964567
-8.934187
8.971176
-8.911430
8.921695
-8.971003
-8.972476
8.944508
-8.957572
8.952752
8.964092
-8.950695
8.910090
-8.983204
8.953128
-8.960233
-8.981096
-8.941228
8.947194
-8.960407
-8.924319
-8.971672
8.988728
8.797911
-8.967160
8.977847
-8.948954
8.965946
8.965535
-8.304326
-8.971206
8.980750
-8.937084
-8.975527
8.955313
8.974820
-8.995094
-8.953222
8.984017
8.983932
-8.963046
8.951293
-8.981908
8.974418
8.998581
-8.952690
8.947695
8.941184
-8.969145
-8.990667
-8.952722
8.973373
8.927804
8.988437
8.937702
-8.924261
-8.968266
-8.964821
-8.954244
-8.645116
8.907585
-8.974324
8.970313
-8.995857
-8.958726
8.995637
8.961169
8.976406
-8.947962
8.995087
-8.987470
-8.979700
8.966770
-8.965839
8.960004
-8.982202
8.951250
8.986796
8.946799
-8.961945
-8.975098
8.974646
-8.958999
8.947976
-8.953140
-8.925073
-8.992073
8.997367
8.938533
8.942464
-8.957656
8.940315
-8.929678
8.952564
8.939870
-8.972043
8.982352
-8.947787
8.975738
8.707135
-8.777319
-8.939504
-8.909471
8.922420
-8.946794
8.929490
-8.979203
8.968713
-8.967895
8.966393
8.953700
-8.947814
-8.924698
-8.955243
8.903308
8.946556
-8.978491
8.980907
8.962500
-8.996638
8.976815
-8.952085
8.949653
-8.977645
-8.936382
-8.951591
8.965977
8.949792
-8.943762
-8.986759
-8.858950
-8.892550
8.969304
-8.983227
8.954062
-8.968555
8.959581
8.975122
-8.843023
-8.929005
8.944767
8.971309
-8.957059
8.963265
-8.984239
8.970074
8.923178
-8.949197
-8.982298
8.949411
-8.951120
-8.991628
8.991012
8.952050
-8.957863
-8.978624
-8.972908
8.900348
-8.992716
-8.935043
8.938549
-8.933446
8.946260
8.992755
8.062322
-8.980524
-8.991906
8.975903
-8.955562
8.965832
8.975533
-8.963149
8.958684
8.959810
-8.946337
8.731092
8.959299
8.869625
8.953075
-8.991226
-8.964899
8.993315
8.976053
8.937234
8.959403
-8.972423
-8.951318
-8.968004
8.952504
-8.965216
-8.940222
-8.961373
8.959677
-8.979411
-8.995583
-8.982719
-8.949808
8.965010
8.939540
8.994967
8.970095
8.969839
-8.970867
-8.990813
-8.969169
8.959284
-8.994928
-8.959054
-8.951644
-8.949897
8.968273
-8.980636
-8.973876
8.974061
8.954216
-8.817952
-8.980124
-8.941867
8.938586
8.974137
-8.855103
-8.967370
-8.943467
8.965360
-8.993786
-8.968431
8.978936
8.967652
-8.933055
8.978493
-8.951749
-8.953969
8.980197
-8.988371
8.997240
-8.963135
8.980826
8.968300
-8.934364
8.932670
8.980486
8.968143
-8.939683
8.926982
8.927349
-8.981640
8.967365
-8.936386
8.898138
8.959406
-8.971421
-8.945843
8.977091
-8.993944
-8.954485
-8.934922
8.946287
-8.948878
-8.986342
-8.997854
-8.902786
-8.940728
8.990842
8.986967
-8.983334
8.947901
8.947365
-8.993721
8.966229
-8.977982
-8.937706
8.968550
-8.967808
-8.938303
8.921652
-8.940230
-8.976170
-8.982455
-8.986423
-8.929173
8.972046
8.961351
8.966302
-8.974878
-8.943408
-8.986870
-8.968393
-8.927459
8.964983
-8.994806
-8.976016
-8.938802
-8.970103
-8.948077
8.989625
8.978900
-8.959306
-8.976239
-8.954168
-8.989886
-8.991946
8.940605
8.958116
-8.971889
-8.959815
-8.990643
-8.980712
-8.957013
-8.975592
8.983721
-8.976219
8.967686
-8.960892
8.942621
-8.968633
-8.966417
-8.960402
8.979448
8.963342
8.988705
-8.931440
8.980386
-8.953829
-8.946560
-8.933719
-8.920333
-8.957641
-8.929012
-8.985111
-8.959879
8.976283
8.980253
-8.961175
8.973492
8.915369
8.938821
-8.949731
8.945783
-8.976013
8.964745
8.986206
8.991703
-8.937085
8.954679
-8.982734
8.979013
-8.962147
-8.925410
-8.950759
8.948414
-8.983557
8.991540
-8.952063
8.357526
-8.996352
-8.955163
-8.955278
-8.971430
-8.906038
-8.880788
8.936530
8.963190
-8.990876
-8.940729
8.959990
-8.997894
-8.929289
8.970609
-8.980037
8.965199
-8.990820
-8.967113
8.961244
-8.952525
-8.988268
8.978636
-8.960853
-8.971145
8.959401
-8.987490
-8.872414
-8.888742
8.990429
8.998760
-8.950083
8.981725
8.989471
8.946576
-8.972746
-8.961985
8.990167
-8.994474
-8.996006
8.953921
8.920806
8.934788
-8.972112
-8.947934
-8.967587
8.965269
8.962958
8.969508
-8.976587
8.974020
-8.981802
8.986895
-8.984672
8.963495
-8.755234
-8.987843
8.982447
-8.969347
-8.951281
8.948047
-8.957290
8.949957
-8.978952
8.963025
8.976548
-8.950518
-8.926772
-8.973838
-8.892474
-8.955332
8.964776
8.971787
-8.953010
8.949251
8.984848
8.992288
8.982199
8.954704
-8.966723
-8.907626
8.950687
8.962133
-8.928873
8.966009
8.986081
-8.982769
-8.950009
-8.987359
8.957742
8.957248
-8.948208
-8.848422
-8.973901
-8.913462
8.962539
8.975712
-8.944604
-8.880438
8.996295
-8.981914
-8.952202
8.974328
-8.954681
8.875397
8.966258
8.968263
8.994095
-8.832997
8.950056
8.962023
-8.989467
-8.970694
-8.974408
8.935306
-8.961243
8.955488
-8.920346
-8.989397
8.913390
-8.940591
8.973054
8.964276
8.988464
-8.959928
-8.964778
8.946005
8.987219
8.951950
8.864497
8.976289
8.959049
8.944611
8.975560
8.881027
8.987658
8.978641
8.805301
8.928605
-8.947017
8.923857
-8.974656
-8.944105
8.990294
8.971862
8.954290
-8.954944
-8.989872
-8.956625
8.964745
8.958693
-8.943307
-8.958457
-8.962167
8.884090
-8.986561
-8.950260
8.990247
8.975085
8.953188
8.964526
8.987224
-8.951611
-8.897571
8.949653
8.958308
8.912334
-8.977866
8.967163
8.668526
-7.376405
-8.922429
-8.951573
-8.948471
-8.946993
-8.910053
-8.990440
-8.948332
-8.987909
-8.962837
8.867855
-8.993518
-8.983311
-8.928245
8.983376
8.946914
8.970993
8.987858
-8.983313
8.946785
-8.942056
8.979719
-8.959907
8.968907
8.956236
8.964993
-8.947988
8.975388
-8.972571
-8.953010
8.986058
-8.952024
-8.946081
-8.976633
8.959306
-8.936471
-8.946815
8.943187
8.954245
8.948943
-8.957139
-8.745633
8.924811
-8.992102
8.988349
8.938777
-8.783187
8.974788
8.958196
8.970748
-8.942042
-8.941753
8.961610
8.955144
8.989241
8.988541
-8.979874
-8.948395
8.958936
8.932514
-8.979142
-8.830700
-8.947632
-8.982909
-8.974399
8.971322
-8.982577
8.968637
-8.959465
8.960981
8.958486
8.945221
-8.958938
-8.863276
-8.986139
-8.915279
8.948102
8.970750
-8.999454
-8.965045
-8.922615
8.969635
8.979407
8.976250
-8.964799
8.968834
8.944420
8.979264
-8.951553
-8.950427
8.984518
-8.959101
8.970926
8.961269
8.954757
-8.938723
-8.980439
8.981481
-8.957168
-8.976769
-8.965902
8.979808
-8.969814
8.941658
8.987761
8.964834
-8.959200
8.970947
8.995391
-8.936909
-8.971804
-8.991373
-8.947943
-8.939980
8.969950
8.982648
8.940829
8.951955
8.879013
8.935837
-8.986871
8.976712
-8.943778
-8.946989
8.578191
-8.984076
-8.948546
-8.979531
-8.982708
-8.961236
8.835464
-8.955302
-8.948468
8.969426
-8.911713
8.980503
8.959871
8.984712
8.947767
8.654166
8.936700
8.935939
8.968998
8.981995
-8.983058
8.959576
8.944509
8.942705
8.934981
8.955913
8.897632
-8.961963
8.972802
-8.966691
-8.988416
8.954499
8.957112
8.924209
8.979057
8.917020
8.974031
8.946381
-8.977993
8.985734
-8.959395
-8.955696
-8.965577
-8.974219
8.971584
8.975213
-8.970112
-8.901249
-8.966935
8.984227
8.950841
-8.945385
-8.850577
-8.969211
-8.546092
8.944135
-8.980194
-8.974312
8.977474
8.939524
-8.940421
8.953367
8.935471
8.978535
8.949632
8.974604
8.970760
-8.963528
8.924424
8.968561
-8.943216
-8.957549
-8.987231
-8.960647
-8.975221
8.985312
-8.995939
-8.993475
-8.985644
8.941969
8.934949
8.912686
-8.973786
8.958125
-8.952974
-8.925170
8.975568
-8.951367
8.934793
-8.979238
-8.993404
-8.988631
8.942700
-8.960514
-8.929109
8.985445
8.956975
-8.913638
-8.949538
-8.977131
-8.940996
8.933596
-8.942285
-8.943239
8.985148
8.973103
-8.942680
-8.975476
8.990847
-8.959312
-8.958121
-8.978552
8.958245
-8.964719
-8.980435
-8.934498
8.967247
8.981402
-8.919423
-8.991491
8.981398
-8.958624
-8.986395
8.983832
8.963487
-8.950503
8.967856
-8.982746
-8.974692
-8.962639
8.951026
-8.966648
8.971666
8.963745
-8.964384
-8.943272
-8.934572
-8.886947
8.957736
-8.977113
8.956247
8.933492
8.952576
-8.952403
8.980815
8.960605
8.960112
-8.942569
8.963131
8.985868
8.962780
8.982565
8.956683
-8.924410
-8.967655
-8.962653
7.376851
-8.957823
-8.958581
-8.952214
8.960037
8.967944
-8.975238
-8.983178
-8.982428
8.995233
8.978398
8.942125
8.946683
8.949854
-8.992439
8.969123
-8.980412
-8.930335
8.983401
-8.949864
-8.963095
-8.928657
-8.951792
8.982013
8.960499
8.944326
-8.971673
-8.953629
-8.892377
-8.951110
-8.949029
-8.984649
-8.967532
8.909718
-8.969493
-8.969414
-8.958827
-8.971768
-8.479890
-8.964997
-8.965389
-8.998707
-8.978665
8.967207
8.951459
8.992420
-8.899189
-8.981886
8.915708
-8.996838
8.980417
8.981740
8.957931
-8.980164
-8.979127
8.955097
-8.926785
8.935345
8.964574
-8.486989
-8.978475
8.988811
8.974988
8.992184
8.941748
-8.995532
8.953953
8.953552
8.951041
8.957978
-8.943867
8.977336
8.978200
-8.953835
8.956444
8.985721
8.991501
8.967290
8.988441
-8.955208
-8.971505
8.993544
-8.974592
8.967465
8.935745
8.990135
-8.941801
-8.966651
-8.972163
-8.976548
-8.959879
-8.994120
-8.943871
8.950736
-8.999351
-8.961135
8.919100
8.932287
8.927795
8.948529
8.955518
-8.931592
-8.960750
8.988178
-8.991726
8.946551
-8.969372
-8.971921
8.936676
8.977935
8.936953
-8.988594
8.970654
-8.964213
-8.956860
-8.874863
8.942237
8.968801
8.994118
8.988248
8.988396
-8.997244
8.968206
8.962811
-8.946432
8.948435
-8.988453
-8.948549
-8.957945
-8.955060
-8.988587
-8.939912
8.977388
-8.988360
8.932884
-8.960481
8.969543
-8.972908
-8.945405
-8.920395
-8.971278
8.941057
8.968673
-8.984279
-8.997363
8.989737
8.887519
-8.976576
-8.977086
8.970447
-8.996598
-8.922335
8.968897
8.942850
8.974109
-8.981208
-8.950010
-8.945517
-8.958083
-8.980706
-8.906119
8.995939
8.993905
8.959522
8.923016
8.958259
8.990103
-8.947766
8.958411
8.972664
8.951767
8.954914
8.954215
8.968241
8.978883
8.937103
8.956447
8.975839
-8.941711
-8.993795
8.971306
-8.949097
-8.984205
8.769880
8.928155
8.977362
-8.969624
-8.971690
8.891365
-8.943113
8.953347
-8.949574
-8.961776
8.977749
-8.989799
-8.950132
-8.983191
8.998314
8.987765
8.958984
8.979418
-8.980051
8.887623
8.936374
-8.985950
8.982468
8.970571
-8.979159
8.952162
-8.995129
-8.981022
8.945924
-8.985641
-8.936602
-8.955092
-8.973523
-8.991096
-8.991093
-8.996866
-8.967695
8.966951
8.978774
-8.966773
8.945512
-8.981048
8.935181
8.995041
8.944133
-8.973475
-8.985469
-8.987107
-8.957140
-8.940842
8.927126
8.984501
8.995615
8.967161
8.948070
-8.943627
-8.953807
-8.970808
-8.891150
8.915901
8.942593
8.978994
-8.957027
8.994423
-8.957022
-8.977441
-8.989809
8.980831
8.929381
-8.943900
-8.964927
8.961955
-8.964184
-8.860223
8.951152
-8.884587
8.994022
8.988916
8.950292
8.952749
-8.985109
-8.971220
-8.990566
-8.948284
8.978165
8.962336
-8.973813
-8.961474
8.983656
8.947375
-8.941650
-8.962298
-8.954603
8.992325
8.990539
8.989742
-8.990273
8.971479
-8.941364
-8.992217
-8.950917
8.906910
-8.948909
-8.956482
-8.940198
8.992543
8.939188
8.970430
-8.964228
-8.984709
-8.991808
-8.993697
8.976504
-8.975106
-8.969869
8.966184
-8.958597
8.944126
8.965264
8.941461
8.899126
-8.905115
8.980244
8.941951
-8.986708
8.771142
8.966528
-8.947451
8.967153
8.960194
8.992576
-8.960496
-8.949720
8.973883
-8.958455
-8.942261
8.945312
-8.952151
-8.980002
8.938936
-8.967904
8.991621
8.950920
8.836140
8.985745
8.973751
8.976569
-8.941917
8.873579
8.999324
-8.974895
-8.993913
-8.706624
-8.990192
8.982357
8.987261
8.944729
8.956501
-8.951786
-8.993221
8.994968
8.964040
-8.937410
8.929965
-8.986602
8.958201
8.981850
8.828748
7.705680
8.969000
8.973298
8.984102
-8.958581
8.953374
8.969234
-8.939278
8.946036
8.951381
8.949506
8.961378
-8.956863
-8.944481
8.891567
8.968734
-8.932482
8.934907
8.946103
8.965212
8.959401
8.992836
8.913034
8.980723
8.957038
8.977353
8.959191
-8.943968
-8.954495
-8.957620
8.952178
-8.947756
8.955799
-8.991963
-8.941614
-8.950494
-8.991873
-8.986668
-8.968519
8.929618
8.992773
8.975944
-8.941424
8.998504
-8.969782
8.988831
-8.932207
-8.977865
8.972389
8.957275
-8.946479
8.979107
8.951825
8.975730
-8.997463
-8.899940
8.973226
-8.928111
-8.935616
-8.946865
8.929351
-8.959361
-8.969330
-8.965324
8.959948
8.954183
8.947998
-8.829588
8.914375
-8.936834
8.963114
8.968183
-8.883017
-8.978467
-8.984996
8.967178
-8.967275
-8.940248
-8.999820
-8.975196
-8.982599
8.947350
-8.946456
8.963685
-8.989153
-8.992735
8.985159
-8.970432
-8.975601
8.973200
8.962331
-8.991490
-8.960128
-8.979234
-8.978047
8.926193
-8.944996
8.975643
-8.987488
-8.986305
8.968697
8.959113
-8.940515
8.917530
8.955159
-8.988156
-8.928938
8.958280
8.985096
-8.958984
8.975959
-8.997784
8.938914
-8.914382
8.972462
8.984062
8.957172
-8.944098
-8.987365
8.983943
-8.984385
8.945881
-8.895558
8.974331
-8.985258
8.958543
-8.969627
8.893974
8.974874
8.930295
8.961136
8.861340
-8.976918
8.960848
-8.981425
8.958235
8.960580
8.965117
-8.903241
-8.962274
8.965268
8.943355
-8.979571
-8.949971
-8.941010
8.982214
8.986366
8.955960
-8.071604
-8.994770
-8.953439
8.992386
-8.990368
-8.967745
8.986401
-8.989869
8.956406
8.975926
8.962626
-8.967007
-8.938683
8.991305
-8.973452
8.933485
8.940889
8.946599
-8.948777
8.967867
8.987662
8.988706
-8.976486
-8.994709
8.956223
-8.972999
8.931150
-8.950441
8.961762
-8.976322
-8.982369
8.926129
-8.989690
-8.999546
8.959932
-8.866575
8.987970
8.992161
8.974752
-8.956862
8.987994
8.930289
-8.979222
8.980731
8.943779
-8.894576
-8.953502
8.945924
8.973359
8.952048
-8.944980
8.929638
-8.942368
-8.945090
-8.967957
-8.967589
8.990796
8.906702
8.952970
8.926637
-8.960222
-8.975476
8.964491
-8.934558
8.982746
8.947730
8.783956
8.981655
8.956448
-8.951294
8.974280
8.970899
8.898102
-8.951769
8.956268
-8.964608
-8.927463
8.943894
-8.981360
8.951786
-8.960428
-8.970565
8.917641
-8.988610
-8.974888
-8.982609
8.985693
-8.972229
8.979648
8.672679
8.976385
8.949508
-8.905224
8.954238
-8.979345
8.974233
8.972644
8.939036
-8.974607
-8.980259
8.970840
-8.973245
-8.977254
8.962149
8.963878
-8.935369
-8.944611
8.894851
-8.986983
-8.975407
-8.947296
8.951221
8.923454
8.988622
8.958985
-8.995463
8.951217
8.988226
-8.985403
-8.988017
8.940592
-8.989003
8.949057
-8.986361
8.975220
8.978485
8.952141
-8.942806
-8.967253
-8.798906
-8.942863
-8.879569
8.959487
8.983974
-8.938005
-8.961212
8.948703
-8.941676
8.979351
-8.944914
-8.995476
-8.988214
-8.985434
8.975484
-8.951874
8.924096
8.936936
-8.904659
-8.942830
8.982544
8.968541
8.991516
8.957417
-8.950875
8.967511
8.949835
-8.968583
8.982236
8.982106
-8.968121
8.867289
8.940706
8.972075
8.886138
8.951411
8.962280
-8.974729
-8.949300
-8.936683
-8.990347
-8.974574
8.984872
8.976480
-8.986051
-8.978690
8.955064
8.973708
-8.813858
8.917647
-8.928217
-8.987494
-8.981690
5.863120
8.964471
8.968682
8.957293
8.961678
-8.963789
8.948048
-8.995291
-8.967347
-8.977225
-8.943984
-8.930475
8.974268
8.954523
-8.893447
8.979555
-8.859034
8.996219
-8.945177
-8.985550
-8.975720
8.981399
8.913465
8.954507
8.939279
-8.900469
8.961405
8.953852
8.975411
-8.972658
8.961575
-8.969122
8.968372
-8.949328
-8.940795
-8.935621
-8.957551
8.958424
8.987590
8.957675
-8.972974
8.959752
-8.991775
-8.989244
-8.938569
-8.993301
-8.982544
-8.938806
8.971363
8.991890
-8.957670
8.959986
8.951535
-8.985164
-8.993622
8.955782
-8.951844
-8.948393
-8.967512
8.968218
-8.956917
8.966735
8.996227
8.951891
-8.976402
8.953094
-8.953829
-8.966768
-8.993459
-8.916668
-8.962562
8.966522
-8.960846
8.960570
8.961415
8.955407
-8.984823
8.963509
8.974405
-8.990963
-8.973023
-8.985599
-8.926081
8.991045
8.969175
8.945171
-8.965865
-8.958162
8.947665
-8.907230
8.933858
8.994458
-8.942052
8.956819
-8.968438
-8.964579
8.956170
-8.971440
8.967058
8.990212
8.967403
8.954902
8.995563
8.969691
-8.972763
8.986937
8.983623
8.950949
8.952424
-8.983964
-8.981654
-8.969134
8.541468
8.998752
8.983239
-8.967952
-8.944731
-8.984983
-8.968402
-8.865045
-8.945554
8.965095
8.988511
-8.997722
8.970311
-8.999232
8.962077
8.986171
8.935052
8.966277
-8.963287
-7.917493
-8.963844
-8.956851
-8.967711
8.961361
-8.953446
8.610933
8.970404
8.941622
8.954186
8.961988
-8.978258
8.940294
8.956841
-8.955630
-8.964654
8.997732
8.940373
-8.939075
-8.977875
-8.876833
8.958827
-8.949129
8.981655
-8.928500
-8.943313
-8.969153
-8.926872
8.981345
-8.979780
8.960438
-8.931401
8.949743
-8.960800
8.961894
-8.847708
-8.966177
-8.952613
8.976455
-8.931682
-8.959455
-8.966139
8.985403
-8.960516
-8.969320
8.925360
-8.978054
-8.921769
8.991571
-8.944551
-8.972984
-8.949129
-8.971669
8.984856
8.960724
-8.973212
-8.954744
8.970041
-8.986965
8.992924
-8.974838
8.934395
-8.942137
-8.941651
8.914337
8.929711
8.971268
8.935648
-8.988403
-8.988910
-8.969941
8.967376
8.858882
8.990155
-8.989222
8.962341
-8.969607
8.991185
8.589196
8.937865
8.952945
8.957347
8.947599
8.980442
8.945941
-8.977897
8.972726
8.999846
-8.975079
8.243356
8.973113
8.992588
-8.954155
-8.964819
-8.946238
-8.955148
8.953057
-8.993541
-8.971163
8.964221
8.964452
-8.976966
8.969806
-8.927967
-8.938967
8.982190
-8.983467
8.949857
-8.661514
-8.950655
8.975239
-8.972894
8.967776
8.988450
-8.960217
-8.963275
8.976546
-8.962282
-8.978369
8.919418
-8.914728
8.869975
8.112875
8.957964
8.970264
8.913054
8.968470
8.976955
-8.952382
-8.941006
-8.952973
-8.976142
8.991122
-8.979713
8.962584
8.970704
-8.986450
8.946550
-8.936823
-8.964517
-8.982641
-8.958026
8.989830
8.970540
8.952019
8.978167
8.966783
-8.970293
8.955100
8.992178
-8.960850
8.975825
-8.936360
-8.961770
-8.959235
-8.943136
-8.933947
8.959264
8.942568
-8.903837
8.970297
8.992039
-8.996041
8.976832
-8.962893
8.986853
8.967718
-8.952394
-8.991704
-8.921991
8.987513
8.950642
8.970611
8.962119
8.954845
8.937986
8.976840
-8.966431
8.980004
8.987609
-8.959580
-8.959372
8.966670
-8.927870
-8.847417
8.925550
-8.950578
8.976546
8.973641
-8.973647
-8.991922
-8.949740
8.956110
-8.976485
-8.948764
-8.958505
8.950561
-8.939423
-8.950304
8.961276
8.969417
8.963196
8.938742
-8.910324
8.969306
-8.929441
-8.968119
8.952070
8.988363
8.964072
-8.959090
-8.928828
8.934494
8.935262
8.967173
8.927178
-8.971810
8.954167
-8.948779
8.959433
-8.939465
-8.935120
8.997043
8.974131
-8.984509
-8.952444
-8.983735
-8.979076
8.671421
-8.989147
8.945097
8.961134
8.979560
-8.980566
8.986943
-8.962425
8.945116
8.976716
-8.956833
8.951429
-8.898666
8.969388
-8.951192
8.975925
8.952499
-8.966585
8.950801
-8.988664
-8.954565
8.974043
8.935293
-8.926691
-8.974635
-8.993757
-8.952589
8.980465
-8.960015
-8.958723
-8.935061
-8.835343
8.968087
-8.986261
8.954379
-8.940620
-8.954898
-8.983818
-8.987994
8.926295
8.892194
-8.950715
8.964119
-8.946661
8.962077
8.936990
8.908725
8.952239
-8.932210
8.940513
-8.938914
-8.753912
8.978130
-8.905819
8.962739
-8.974973
-8.965455
-8.963940
8.963628
8.969474
8.921198
-8.965467
8.974887
8.964392
8.969025
-8.969591
-8.981314
-8.938081
8.973627
-8.973967
-8.953962
-8.969051
-8.935460
-8.836824
-8.967522
8.998353
-8.972252
8.947033
-8.947352
-8.951220
8.988726
8.983845
-8.948888
8.976083
8.964907
8.955639
8.969047
8.983701
-8.950092
8.969922
8.986494
-8.925365
-8.980239
-8.997040
-8.986887
8.659211
-8.983795
8.271836
-8.962055
-8.967830
8.958222
8.986405
8.937133
-8.961972
-8.978609
8.957295
-8.939627
8.978693
8.961404
8.977809
8.987986
8.977468
-8.306638
8.971800
-8.954559
-8.918537
-8.959483
-8.984658
-8.954210
-8.796806
-8.985184
-8.969704
8.933300
8.946734
8.997025
8.993517
-8.981057
8.992014
-8.956186
8.909431
8.959350
8.984296
-8.949682
8.983934
8.978051
-8.950982
-8.907891
8.969517
8.986911
8.952397
-8.917771
-8.985348
8.953713
-1.778677
-8.984631
8.948859
-8.970493
-8.967832
8.970606
8.963626
-8.956221
8.955537
-8.976597
8.983920
8.980941
-8.989643
8.967064
8.988804
-8.928824
-8.950180
-8.890069
8.943052
8.953867
8.964523
-8.988332
8.979805
8.974044
-8.881415
-8.944878
-8.983860
-8.991334
-8.946533
8.979817
-8.891111
-8.962786
-8.968644
-8.974259
8.975187
8.971743
8.967842
8.976154
-8.953171
8.970871
-8.921872
8.969764
8.956779
8.938452
8.980166
-8.942263
-8.956072
-8.979269
8.986671
-8.916795
8.931798
-8.855616
-8.971656
8.943322
-8.940773
8.945307
-8.858355
8.965902
-8.941088
-8.969529
-8.898957
8.924465
-8.953860
-8.981271
-8.991286
-8.994017
-8.988955
8.963184
-8.952346
-8.989080
-8.988659
8.960043
-8.966049
8.967023
-8.974914
8.949636
-8.951064
8.981055
-8.980521
8.950871
-8.878445
8.945668
8.933675
-8.984285
-8.964517
-8.908475
-8.980241
-8.944614
-8.938980
-8.942576
-8.940846
8.938682
8.981526
-8.881495
-8.959676
8.974290
8.956950
-8.957650
8.969303
8.943900
8.897785
-8.945742
8.949570
-8.987691
8.974531
8.947918
-8.985761
-8.935896
-8.960497
8.981530
8.972611
8.990376
8.990296
8.976114
8.949704
8.976353
8.984807
8.987596
8.977924
-8.981207
-8.993321
-8.947562
8.970947
-8.954712
8.979881
-8.993600
8.984544
-8.961689
-8.967950
8.958915
8.952956
-8.997478
8.983245
8.977425
-8.956026
-8.940414
8.980226
8.927814
-8.991194
-8.987976
8.952221
-8.929676
-8.948696
-8.988184
-8.928048
8.980239
8.976921
-8.933323
8.937229
8.977776
-8.943295
-8.992239
8.978786
-8.976225
-8.966558
8.844425
-8.939431
8.974644
-8.946210
-8.980181
-8.933493
-8.956935
-8.979242
-8.949499
8.953337
-8.935518
8.944293
8.964807
8.981788
-8.952215
8.962327
8.927564
-8.929720
-8.965918
-8.964158
8.964001
-8.995631
8.906706
-8.959928
8.978894
8.982148
8.924879
8.893015
8.946100
-8.985066
8.985478
-7.693066
-8.988931
8.987347
-8.949800
8.956984
-8.980292
-8.978627
-8.825069
-8.979869
-8.911071
8.991272
-8.897742
-8.981926
7.042615
-8.974576
-8.644449
8.763526
8.948957
8.851405
8.982507
8.958015
-8.981807
8.976862
-8.978255
-8.958940
8.979624
8.975582
-8.952617
8.986724
-8.967571
-8.987892
-8.952797
-8.919917
8.985362
8.997462
-8.981124
-8.987332
-8.925623
8.947146
6.764386
-8.991250
8.941995
8.926387
8.983202
8.950061
8.962987
8.948712
-8.953718
-8.985735
-8.902108
-8.954464
-8.940661
-8.984668
-8.948635
8.950572
8.979592
8.973718
-8.989363
8.956044
8.965562
-8.923190
-8.993425
-8.924559
-8.987445
8.986580
8.931495
8.674484
-8.928225
-8.950167
-8.988162
-8.915307
8.980220
8.944993
-8.990131
-8.969031
8.964302
8.930750
-8.934642
-8.964266
-8.931456
-8.965020
-8.955016
-8.990064
8.981053
8.961146
8.963385
-8.956659
8.988721
-8.970887
-8.985908
8.981067
8.908964
-8.938383
8.985375
-8.965573
-8.912347
8.923765
-8.940059
8.978315
-8.995228
8.954104
8.956888
-8.959761
8.981993
8.981802
8.993089
-8.985433
8.996951
8.953972
-8.828657
-8.932941
-8.948606
-8.905849
-8.965965
-8.978514
-8.944249
-8.981498
-8.966798
8.975221
-8.951484
8.963147
-8.946145
-8.964413
8.960524
-8.986369
-8.964989
8.967956
-8.947242
8.937694
-8.949639
-8.962151
8.946316
8.925057
8.994354
-8.977447
-8.973694
-8.963987
-8.941111
8.959818
8.948598
-8.942881
8.972693
8.973118
-8.967639
8.974790
-8.928819
-8.977739
-8.950917
8.940131
8.917419
8.956817
8.973497
8.960266
-8.932120
8.958692
-8.989664
8.979116
-8.931438
-8.953439
-8.969515
8.533935
-8.969258
8.967194
-8.991746
-8.974323
8.977618
8.905144
-8.968873
8.959684
-8.935307
8.959167
8.963566
8.979917
8.975414
-8.957521
8.974780
-8.984550
8.968633
8.982297
-8.962621
8.959338
-8.943799
8.984542
8.922329
-8.929309
-8.937721
-8.984482
8.981986
-8.940321
8.975240
8.975755
8.969760
8.975114
-8.986919
-8.972527
8.933165
-8.957897
8.927572
8.971467
-8.965759
-8.983286
-8.974716
8.883953
8.930890
-8.934136
8.951325
8.994041
-8.943709
-8.874747
-8.964645
8.973514
8.975793
-8.994234
-8.945092
-8.984107
-8.938486
-8.976686
8.952668
8.954430
-8.933587
-8.974139
8.956695
8.939516
8.969446
-8.983950
8.918756
-8.975384
-8.969495
8.960567
8.963364
-8.956531
8.997249
-8.971626
8.982808
-8.983349
-8.552166
-8.978654
-8.953110
-8.933366
-8.945570
8.934260
-8.978501
-8.960557
8.973029
-8.997849
8.934983
8.991527
8.872381
-8.970331
-8.982496
-8.953306
-8.955039
8.957139
-8.950345
8.951195
8.922641
-8.941165
8.966429
8.963052
-8.576683
-8.960884
8.937931
8.954969
8.923512
8.978937
8.984719
-8.947874
-8.985159
8.949188
8.950232
-8.940247
-8.985678
8.948298
8.970535
8.985961
-8.976749
-8.989015
8.958247
8.955876
-8.947014
-8.950717
8.992096
-8.942791
-8.986495
8.927944
-8.965739
8.946219
-8.950165
8.945957
8.965224
8.943585
-8.970580
8.966309
-8.754833
8.983905
-8.970721
-8.952047
8.956649
8.969968
-8.979583
8.957557
-8.949714
8.987007
-8.954394
8.969365
-8.979464
8.951529
-8.983267
-8.973153
-8.973904
-8.942927
8.915849
-8.899522
8.995026
-8.964592
-8.919741
-8.961065
8.967673
8.959153
8.975695
-8.927567
8.944580
-8.954380
8.954213
-8.983058
8.892153
-8.935514
8.943061
-8.969604
8.952492
-8.956750
-8.942463
-8.937171
-8.981264
-8.969361
8.971588
-8.979703
-8.974839
8.933566
8.979337
-8.948800
-8.965422
8.969996
-8.952852
8.919723
-8.984488
8.967723
8.959722
8.938617
8.970977
8.975362
-8.951414
8.864121
-8.964445
8.945721
-8.971285
-8.945354
8.982828
-8.935057
-8.930156
8.953280
-8.974348
-8.911169
-8.986072
8.957934
8.897750
-8.989132
-8.832997
8.950803
8.977767
-8.958437
-8.880693
8.991568
-8.945748
-8.982934
-8.954922
-8.986756
-8.985449
-8.993356
8.947385
-8.977410
8.966908
8.964389
8.983500
8.964094
8.802534
-8.975897
-8.968613
8.962759
-8.900507
8.967831
8.972083
8.946059
-8.986118
-8.983770
-8.968859
-8.972656
8.978726
-8.983693
-8.898247
-7.919637
8.971869
-8.971259
8.976146
-8.980421
8.944057
-8.949912
8.952022
-8.960606
-8.951410
-8.968728
-8.932940
-8.906001
8.961841
8.992547
-8.952090
8.974588
-8.973092
8.991829
-8.912799
8.971067
-8.958682
8.950380
-8.938817
-8.978382
8.959297
8.970289
-8.957042
-8.984713
8.972254
8.972302
-8.975878
-8.966204
-8.998454
-8.944761
8.942532
8.991164
-8.988896
8.966086
8.972205
8.987432
8.962270
-8.990803
8.975537
8.926051
-8.987658
8.970803
8.956026
8.930834
8.984288
-8.958873
8.976893
8.917204
8.987470
8.935730
8.970475
-8.950790
-8.964272
-8.956513
8.950850
-8.968699
8.881591
-8.969058
8.989634
8.920153
8.965374
-8.956643
8.966258
8.992502
8.941203
-8.950223
-8.935514
-8.933566
8.933752
8.901038
-8.944274
8.992521
-8.953592
-8.962270
-8.947679
-8.941080
-8.980167
8.984658
-8.966552
8.995676
-8.962674
8.979350
8.989563
-8.949336
8.894068
-8.947879
8.996585
8.971035
8.964836
-8.933672
-8.949562
8.983855
8.972546
8.961476
8.943660
-8.991147
8.628651
-8.970097
8.947777
8.955598
-8.969290
-8.953569
8.940533
8.952606
8.894761
-8.936819
8.964547
8.944089
-8.939244
8.914927
-8.994674
-8.993149
8.964925
8.969104
8.926190
-8.960400
8.992740
8.948148
-8.976681
8.968571
8.985380
-8.963285
8.994458
8.935732
-8.946996
-8.867832
-8.958098
8.973077
-8.968445
-8.940883
8.975848
-8.980561
8.968209
-8.940031
-8.945759
-8.953026
8.943520
8.914837
-8.954256
-8.947220
-8.982527
-8.963499
-8.981964
8.951659
-8.994356
-8.967994
8.977495
-8.945304
8.956629
8.963773
-8.975274
-8.963176
-8.951531
-8.997279
8.987340
8.975781
8.973742
-8.987235
-8.941173
8.919627
8.941544
8.961094
-8.968963
8.749473
8.951623
-8.946556
-8.997360
8.980270
-8.984550
-8.937122
8.978093
-8.962769
-8.936866
8.960030
8.932257
-8.973774
-8.949769
-8.988547
-8.990950
8.971013
-8.970747
-8.971703
-8.985080
-8.960719
-8.958442
-8.973915
-8.954908
-8.960279
8.927691
8.989915
8.992084
8.954700
-8.948008
-8.963986
8.965163
8.926322
8.981586
-8.968083
8.818061
-8.980334
8.944495
-8.976987
-8.966826
-8.971313
8.949724
-8.883575
-8.967994
-8.814875
-8.959258
8.942285
8.943921
8.970691
-8.966611
8.958154
-8.953055
-8.963923
-8.986129
8.981231
-8.996664
8.985814
-8.927957
8.993487
8.809401
-8.940711
8.969542
8.938482
8.969854
-8.940248
-8.932942
-8.965125
-8.952608
-8.978299
8.966329
8.959195
-8.944285
8.961435
8.958623
-8.925684
8.945681
-8.960513
8.979937
8.936516
-8.985224
8.941926
8.950887
-8.993335
-8.991627
8.988836
-8.988540
8.981662
8.974041
-8.959813
8.973519
-8.963846
8.971402
-8.946631
-8.952435
-8.861366
8.913205
-8.984493
-8.990255
8.986187
8.995551
8.954692
8.963119
8.952511
8.934280
-8.896793
8.965266
-8.993293
-8.981828
-8.983581
-8.940245
8.871234
-8.968089
-8.830966
-8.952556
8.922002
-8.986332
8.993688
8.850487
8.981998
8.983199
8.986227
-8.958928
-8.966833
8.953071
8.988642
8.961532
-8.989865
8.956400
8.932590
8.971147
-8.959414
-8.972898
8.971432
-8.986412
-8.969985
-8.934753
8.960791
8.970147
8.977391
-8.963624
8.960083
8.957838
8.960105
8.986977
8.986705
-8.836265
-8.892816
-8.978201
-8.959246
8.942492
-8.957285
-8.980531
-8.976146
8.996770
8.960686
-8.974853
8.966882
8.951633
8.977649
-8.991231
8.952619
-8.980902
-8.950862
-8.941199
8.932497
8.967947
8.956587
-8.986706
-8.998098
-8.953680
8.899655
8.975134
8.994813
8.993007
8.932165
-8.946772
-8.949477
8.994599
-8.967940
-8.981628
-8.957092
8.995292
-8.942373
-8.969395
8.916061
-8.506135
-8.938138
8.938041
-8.982005
8.970122
-8.973714
-8.944935
-8.974822
8.977417
8.956309
-8.965026
8.979756
-8.937394
8.963718
-8.950215
8.952611
-8.975203
-8.943073
8.965853
8.930920
8.970069
8.965818
-8.964558
8.952999
-8.983546
-8.961021
-8.985820
-8.964408
-8.927652
-8.959451
-8.950433
8.959653
8.944370
8.967386
-8.978486
8.973234
8.966480
8.970212
8.956026
-8.943425
-8.934664
8.969221
-8.959181
-8.993771
-8.889724
8.960565
-8.984706
8.969243
-8.992703
8.960179
-8.880355
-8.943724
-8.974963
-8.957282
8.947131
8.975124
8.969272
-8.963907
-8.978248
8.950263
8.941775
-8.924860
-8.941135
-8.995526
8.977107
-8.910614
8.962159
-8.975915
8.986153
-8.958234
6.644413
-8.961319
-8.986072
8.957801
-8.964927
8.996558
-8.961367
8.941961
-8.986097
-8.957732
-8.948989
-8.974250
8.978280
-8.966146
8.950608
-8.978622
-8.939619
-8.991473
8.977791
-8.942622
8.970737
8.851444
-8.970976
8.946795
8.994447
-8.977787
8.950490
-8.993540
-8.980220
-8.977406
8.960569
-8.960445
-8.959960
8.969593
-8.941962
8.969902
-8.964639
8.958542
-8.923552
-8.992970
8.947208
-8.967487
8.956270
8.975229
8.928647
-8.967780
8.978698
-8.968452
8.862580
8.989807
-8.976424
-8.983627
8.950938
8.973902
8.929807
-8.841882
-8.969202
8.971758
-8.951820
8.959216
-8.967873
-8.973661
-8.939295
8.941728
-8.935941
8.978631
8.945940
8.932332
-8.983571
8.975175
8.985406
-8.953577
-8.973944
-8.888522
-8.967695
8.977276
8.969841
8.977650
-8.973602
-8.989606
-8.973416
8.989265
-8.956493
-8.955318
-8.969544
-8.950648
8.526773
8.950935
-8.965487
8.882255
-8.948965
8.981086
-8.989629
-8.988530
-8.964943
-8.929501
-8.959515
8.929818
-8.898844
8.964817
8.939737
-8.987910
-8.929631
-8.925439
8.945924
-8.973478
-8.974732
8.963874
-8.945111
-8.904365
-8.974552
8.944178
8.958065
8.949078
-8.985662
8.911625
-8.946060
-8.993045
8.985771
-8.975207
8.992455
8.999885
8.979972
-8.973064
8.993630
-8.414287
-8.983280
-8.951477
8.953913
-8.999541
8.957499
-8.890487
8.807628
8.978711
8.970674
-8.959905
-8.986788
8.969041
8.961365
-8.960322
8.974584
8.983442
8.985034
-8.984437
-8.922133
8.729985
8.957114
-8.924020
-8.962945
-8.993502
8.941718
8.978143
-8.975394
-8.997307
8.987101
-8.934564
-8.948172
-8.992440
-8.963863
-8.981650
-8.954755
-8.962801
8.964684
-8.950877
-8.990362
-8.945343
8.934318
-8.953883
-8.983463
-8.956808
-8.974164
8.956143
-8.969574
-8.958380
8.967809
-8.962957
8.989080
-8.942959
-5.876542
-8.974432
8.987675
-8.977659
-8.960384
-8.984679
-8.925441
-8.964948
-8.893478
-8.958493
8.978812
8.933247
-8.932510
8.958815
8.980176
-8.848731
8.900230
8.971569
-8.951354
-8.949059
8.938110
-8.961931
8.953208
8.773847
-8.966619
-8.973934
8.973009
-8.950834
8.978876
-8.947031
-8.952038
8.956044
-8.947611
8.872563
8.965003
8.966207
-8.968510
-8.984893
-8.952298
8.924868
8.949165
8.952338
-8.989230
-8.958033
8.934661
-8.951055
-8.992413
8.967873
8.988826
-8.873940
8.987458
-8.971755
8.990273
-8.937679
8.978390
8.949957
8.970895
8.912876
8.983456
8.941592
-8.976861
8.931992
8.922757
-8.975463
-8.991112
8.941122
-8.984025
6.037836
-8.946449
-8.993759
8.994424
8.964897
8.986376
8.962235
8.985386
8.933641
-8.981043
8.978782
8.965136
-8.819749
8.940981
8.967208
-8.974056
-8.978629
-8.921416
8.935903
8.980089
8.983644
8.953703
8.938733
8.965085
8.968549
-8.904275
-8.965212
8.993396
8.953044
8.969953
8.922861
8.956892
-8.991268
8.981077
8.954082
-8.984308
-8.880254
8.439424
-8.945270
8.950105
-8.937408
8.990439
8.995433
-8.972142
-8.906250
8.998585
-8.991484
8.993587
-8.991964
-8.943850
8.984568
8.991978
-8.939686
-8.928658
8.933841
-8.956385
-8.964204
8.964178
-8.934821
8.976614
8.935226
8.916595
8.895357
-8.963904
-8.992808
8.892984
-8.932248
-8.963399
8.989561
-7.081603
-8.972167
-8.983201
8.971327
8.929948
-8.998444
-8.947244
8.923138
8.968816
-8.947226
-8.990157
8.958905
8.820773
-8.965850
8.982242
-8.989857
8.982916
8.987793
-8.980759
-8.982874
8.934408
-8.992028
-8.992858
-8.967359
-8.961217
-8.938356
8.974726
-8.987636
-8.973081
-8.985476
-8.911968
8.968751
8.971640
8.954783
8.983812
8.943608
-8.957594
-8.958908
-8.994093
-8.943194
-8.974116
-8.990459
-8.941437
-8.972374
-8.964383
8.961867
-8.958657
8.944952
-8.958699
8.937175
-8.969469
8.956879
8.976766
-8.870029
8.990117
8.985619
8.985385
-8.960416
-2.320917
8.990337
-8.956067
8.899347
8.962335
8.995364
8.959626
8.953946
8.817569
8.969577
-8.924864
-8.773827
-8.941623
8.968467
8.954312
-8.962075
-8.947991
-8.963246
8.963503
-8.952169
8.963589
-8.943857
-8.967271
8.587101
8.946253
8.984307
8.972477
-1.627112
8.969892
8.937098
-8.967040
-8.997080
-8.975245
-8.962784
-8.936127
-8.929493
-8.978588
8.949882
8.956280
-8.949595
-8.949589
8.933782
8.954420
8.937279
6.962778
8.986277
-8.932341
8.968521
-8.975786
-8.948501
8.921762
8.980320
8.920284
-8.983169
8.991383
-8.895069
8.905912
-8.946413
-8.978567
-7.259390
-8.966379
-8.871114
8.950391
8.984823
8.964933
-8.992497
8.946989
8.991632
-8.990523
-7.092719
8.979372
-8.949851
8.953523
8.911167
8.936224
-8.955103
-8.996737
-8.985297
-8.964718
-8.951479
-8.956390
8.985063
-8.959651
-8.957862
8.982173
8.960959
8.949030
-8.905297
-8.911669
-8.975999
-8.973426
-8.990458
8.989348
8.988673
-8.993553
-8.927465
-8.935259
8.935881
8.894271
-8.937181
-8.992436
8.982339
-8.925915
-8.930279
-8.982511
-8.981198
8.768208
8.953498
-8.974896
8.966599
8.940814
-8.942702
-8.933672
-8.860381
-8.963786
8.925502
8.978948
8.927178
-8.946750
-8.964023
8.994227
8.966210
8.995739
8.967673
8.975266
-8.975210
8.949854
8.933076
-8.966293
8.938313
8.984376
-8.971089
8.938023
-8.895468
8.920394
-8.952358
8.990165
-8.955386
-8.932307
8.992466
8.942284
-8.911861
-8.986606
-8.973989
-8.972793
8.987391
-8.941995
8.970553
-8.974014
-8.926205
-8.964988
-8.938232
8.958102
-8.943096
8.980716
8.991412
8.964879
-8.976959
8.994914
-8.929942
8.984979
-8.971895
-8.943276
-8.924383
8.966695
8.979723
-8.971932
8.961842
-8.941823
-8.967685
8.995052
8.990848
-8.927593
8.887351
8.913255
8.937664
8.973089
-8.648971
8.971134
8.941818
-8.969156
-8.947393
-8.976391
-8.981690
8.924577
8.948714
8.973470
-8.991601
-8.987385
8.944680
-8.966259
-8.946819
-8.940939
8.912327
8.980034
8.929002
-8.977147
8.991353
-8.993359
-8.989814
-8.991124
8.988948
-8.978265
-8.959098
8.951920
8.966150
-8.992582
8.949410
-8.973329
-8.948713
8.966720
-8.977566
-8.990087
8.968079
8.998520
-8.943079
-3.412549
8.881497
-8.981659
-8.991024
-8.881009
-8.980583
8.954608
-8.972048
8.989402
8.930849
-8.870837
8.956763
-8.962375
8.959636
-8.985636
-8.971555
-8.946889
8.980573
8.962166
-8.892519
-8.976177
-8.953322
8.974881
8.957171
8.968817
8.965191
-8.967039
-8.945340
8.698909
8.961051
-8.932123
-8.981576
8.974096
-8.971758
-8.947566
8.977474
-8.988620
-8.970611
-8.964983
8.934549
8.992422
-8.954339
8.918759
8.983286
-8.981462
-8.932063
-8.992746
-8.951787
-8.964377
8.990798
-8.987822
8.985714
-8.948629
8.981011
8.970283
-8.965324
8.973129
8.959602
8.960995
8.957067
8.926132
-8.949197
-8.982970
8.967008
8.968658
-8.944139
-8.954788
8.990085
8.968230
-8.965159
-8.982016
-8.993882
8.992025
8.935154
-8.969684
8.956193
-8.969283
8.929309
-8.951176
8.999112
-8.945654
8.942782
8.976176
-8.952805
8.969547
-8.977457
-8.991996
-8.953521
8.996102
8.954888
8.962274
-8.987012
-8.942004
8.993418
8.959957
8.953630
8.984315
-8.972278
8.991500
8.982086
-8.967575
-8.987754
-8.962135
8.996503
-8.916456
8.925427
-8.974787
8.959440
-8.967215
-8.994933
8.956965
8.964724
-8.993619
-8.971308
-8.965395
8.963344
-8.979572
8.961336
-8.975027
-8.983711
-8.988209
8.971876
-8.936950
-8.976172
8.984220
8.962486
8.928120
8.986187
8.973663
8.957487
-8.856075
8.947168
-8.972959
-8.982911
-8.986584
-8.965173
-8.951694
-8.986435
-8.990270
8.977550
8.949151
-8.969868
-8.962396
8.957113
-8.953760
8.980986
8.976339
8.931467
8.983868
-8.968762
8.184486
8.989136
8.970757
8.940694
8.918551
8.933341
-8.982321
-8.981630
8.996151
8.947801
-8.954028
8.962186
8.978971
8.925849
8.934038
-8.948555
8.962228
-8.990343
8.961009
-8.909673
-8.976306
8.961800
-8.557382
8.922648
8.951126
-8.975869
8.973033
8.967115
8.945502
-8.979380
-8.947484
-8.953550
8.969085
8.817419
-8.954826
-8.985117
8.964794
8.949526
-8.972752
-8.958818
-8.936695
-8.980991
-8.942263
8.988837
-8.988548
8.991786
8.960080
8.900498
8.956184
8.925564
-8.909182
8.960227
-8.981477
8.938825
-8.995365
-8.982691
8.979663
8.946396
8.976998
-8.992770
8.988044
8.969256
-8.926165
8.947563
8.933046
-8.983965
8.954238
-8.984194
8.938175
8.952791
8.950428
8.958617
8.993188
-8.958571
-8.963639
8.983119
8.974880
8.944404
8.948084
8.959881
-8.945508
8.939180
-8.991455
-8.980125
8.968455
8.889442
-8.964143
8.927833
-8.980490
8.980330
-8.970231
-8.972124
8.661703
-8.970759
-8.963632
-8.910321
8.943200
8.967602
8.966480
8.768855
8.940754
8.943014
8.966847
8.925387
8.957348
8.969352
-8.986658
-8.953349
-8.993608
8.946053
-8.984301
-8.969116
-8.924363
8.984880
8.979769
8.956243
-8.996683
-8.958502
-8.937218
-8.980426
-8.909559
-8.965818
8.959456
-8.966310
8.949270
-8.960910
-8.947626
8.974160
8.982362
-8.983726
8.939497
6.246758
-8.957543
-8.976858
8.935939
8.951806
8.947208
8.794364
-8.959930
8.965454
-8.982254
8.918396
-8.948612
-8.991043
-8.978564
8.988456
8.882284
8.969186
-8.955268
8.964021
-8.956367
8.880952
8.974069
-8.986017
-8.948831
-8.955299
8.972043
-8.945386
8.923990
8.969910
-8.984229
-8.991103
8.985016
8.967737
8.977625
8.996995
8.939300
-8.990153
8.945626
8.992777
-8.944844
-8.956069
8.962214
8.958072
8.971244
-8.919482
8.946368
-8.994325
8.954841
-8.938266
-8.972618
-8.966644
8.775504
8.942198
8.896244
8.991460
-8.901978
-8.967325
-8.976396
8.968001
-8.992657
8.964430
-8.988977
8.945451
8.947645
-8.946194
-8.886626
-8.933819
-8.993118
-8.941076
-7.648334
8.981713
-8.857325
-8.993887
8.799201
8.990362
-8.993620
8.990700
-8.984569
-8.992331
-8.954326
-8.976165
-8.971854
8.994474
8.966409
-8.955482
-8.911680
8.996319
-8.981884
-8.962073
8.966846
8.919853
-8.977685
8.988905
-8.954410
8.933548
8.957247
8.929614
-8.914776
-8.924982
8.993215
-8.966624
-8.967686
-8.971800
8.986686
-8.947826
-8.949786
8.978888
8.980431
8.953783
8.964012
-8.998143
8.941748
-8.987891
7.804901
-8.969887
-8.975436
-8.968453
-8.957123
-8.917136
-8.995594
-8.982663
8.967395
-8.941516
8.944771
-8.936936
-8.929931
-8.974085
-8.956574
8.987844
8.962200
-8.942127
8.982712
-8.988367
8.954420
-8.970554
-8.976759
-8.985955
8.971276
-8.944506
8.989746
8.906955
-8.953574
-8.962059
8.931294
8.964145
8.901971
-8.984062
8.971703
8.962299
-8.954359
8.947898
8.926535
-8.965540
-8.967269
-8.971542
8.969535
-8.957833
8.977142
8.949974
8.942209
-8.971539
-8.964869
-8.991118
8.997990
-8.941648
-8.973669
8.944329
-8.960182
8.972572
-8.970141
8.975583
-8.923377
-8.927138
8.992802
-8.941995
8.954105
-8.969241
8.983149
8.982129
-8.985525
8.894996
-8.820377
8.935359
8.977718
8.930755
8.970231
-8.982170
8.980040
-8.945233
8.966556
-8.943727
-8.963007
-8.991116
8.971809
8.947127
-8.954595
-8.993228
8.982106
-8.946254
8.952613
8.954059
-8.958174
8.963865
-8.886117
-3.533834
-8.971865
-8.937320
-8.933664
-8.943367
-8.925351
-8.911439
-8.967944
-8.953886
8.988273
-8.952280
8.947050
-8.940354
-8.894251
-8.964470
-8.855460
8.978458
8.902319
-8.946858
8.978979
8.983001
-8.958446
-8.983418
-8.997653
-8.951683
-8.984376
8.967779
8.967607
-8.957657
-8.947793
8.961098
-8.945304
-8.981635
8.983316
8.923212
8.934553
8.979276
-8.907642
-8.953005
-8.975655
8.916878
-8.983798
-8.952489
8.989340
8.923001
-8.993567
8.970257
-8.967372
8.881322
-8.975606
-8.982399
-8.994553
8.965238
-8.946618
8.951028
8.956095
-8.964519
8.991740
-8.968759
8.955554
8.989415
8.966505
-8.981992
-8.774778
-8.996968
8.910453
-8.991794
8.912903
8.994719
-8.962397
-8.976912
-8.945236
8.977973
-8.924701
-8.969548
-8.977606
8.952987
8.981011
-8.958254
-8.978990
8.948418
8.984530
-8.959875
8.966575
-8.987260
-8.957606
8.983071
8.990028
-8.963105
8.970717
8.956751
8.966387
-8.959735
-8.971252
-8.988166
8.976949
-8.965186
8.962478
8.965455
8.857004
8.942096
-8.951746
8.957413
-8.981117
-8.971585
-8.968297
8.988384
8.962210
8.980132
-8.954823
-8.949868
8.945417
-8.965525
8.919907
-8.923899
-8.966638
8.978124
8.977147
-8.890647
-8.945142
-8.967466
8.839892
-8.969636
-8.985341
8.959292
-8.927543
-8.923173
-8.860842
8.951265
8.971505
8.964556
-8.925043
8.973312
8.957051
-8.952647
-8.987985
-8.970020
-8.966518
8.945328
-8.978267
-8.943543
-8.983840
-8.954980
-8.955828
-8.953898
8.996070
-8.959933
-8.950652
8.947674
-8.949227
8.967221
-8.972145
8.984512
-8.967234
8.984403
8.982044
8.960900
8.965099
-8.994701
8.932156
8.952774
-8.997020
-8.959227
-8.984331
8.937452
-8.944085
-8.901741
8.978323
8.945464
-8.933014
8.980870
-8.984731
8.943278
-8.962963
-8.990556
-8.957798
-8.958520
-8.992730
8.967539
8.972870
-8.950013
-8.981785
8.985373
-8.974025
8.995195
8.963175
8.960069
8.930715
-8.957902
-8.951178
-8.974913
8.988587
8.984121
8.931902
-8.990809
8.766727
-8.991078
8.922947
-8.990018
-8.818123
-8.968542
8.977899
-8.941842
8.948207
8.972966
-8.958345
8.945723
-8.981950
-8.956362
-8.958983
8.987543
-8.926701
8.974005
-8.962809
8.878417
8.969388
-8.949808
8.971084
-8.939312
-8.947009
8.960916
8.686156
-8.977752
8.956121
-8.938071
8.986917
8.960348
-8.933856
-8.952255
8.994195
8.989649
-8.978773
-8.988343
8.988582
-8.920633
8.954397
-8.945773
-8.994948
8.895986
-8.974184
-8.948833
-8.938755
8.883007
-8.967242
-8.960600
8.968906
-8.959322
-8.983318
8.986547
-8.990427
-8.865513
-8.986393
-8.943456
8.951036
-8.992733
8.973407
8.943778
8.968491
8.980617
8.945192
-8.932153
-8.942505
8.941402
8.950823
8.971939
8.920635
-8.956816
-8.915419
8.969090
8.972027
-8.971198
-8.938031
8.982147
8.975723
-8.965116
8.912545
8.996566
8.995976
8.930020
-8.998912
-8.920456
-8.976582
8.992412
-8.948586
-8.824148
8.774415
-8.919935
-8.985740
8.941454
-8.986561
8.711045
-8.957623
8.977790
8.953491
8.943828
-8.916637
-8.944355
8.993989
-8.970546
-8.957589
-8.954378
-8.904541
8.944590
8.947098
-8.979965
-8.996654
-8.982363
-8.971728
-8.945167
8.923890
-8.986523
8.983935
-8.979182
8.946386
8.985167
-8.963404
-8.949658
-8.977780
-8.953529
-8.966530
8.968748
8.972019
-8.917616
-8.940200
-8.919734
-8.959555
-8.998003
8.953910
8.974068
8.984245
8.927790
8.952013
8.930094
-8.942053
8.935390
8.994441
8.900791
-8.978613
8.951212
8.938576
-8.966719
-8.958151
8.993777
8.982751
8.929676
8.972017
-8.937156
8.978459
8.984676
-3.698836
8.974367
-8.991195
-8.972599
8.952042
8.964849
8.942458
8.976984
8.984013
8.942049
-8.972163
-8.988624
8.942994
-8.944181
-8.962397
-8.966369
8.977295
8.996354
8.925612
-8.975205
5.294478
-8.963235
8.966016
8.967438
8.985934
8.989626
8.958143
8.989007
8.990187
8.973121
-8.965943
8.848332
-8.928544
-8.980037
8.908219
8.949186
-8.973608
8.956468
8.990870
8.985193
8.968022
8.939062
8.892830
-8.996767
-8.970914
-8.963671
-8.983737
8.763998
-8.886194
8.941811
8.972748
8.947817
-8.979351
-8.980537
-8.956179
8.964565
-8.954271
8.950072
8.969122
-8.952730
-8.847338
8.909535
-8.958119
-8.993237
8.963818
8.995189
-8.987760
-8.970615
-8.981173
8.978179
-8.981047
-8.938628
-8.948172
8.991860
8.970843
8.969037
-8.988368
8.965622
8.980776
8.969303
8.946443
8.993638
-8.979376
-8.944709
-8.951681
-8.971853
8.993220
-8.924186
8.958495
-8.571583
-8.979686
-8.847150
-8.984858
8.954147
8.925939
-8.973726
8.977824
-8.954422
8.985787
8.955158
8.975040
-8.993066
8.980507
8.993889
8.974996
-8.976744
8.993295
-8.947328
-8.971995
-8.978292
8.979648
-8.968138
8.958051
-8.999179
8.930327
8.946656
-8.947233
-8.975945
-8.937303
8.943290
8.957308
8.946280
-8.893187
8.966489
-8.961995
-8.972791
8.966380
-8.964384
8.971123
8.937191
8.948583
8.982413
8.970924
-8.950115
-8.990240
8.957830
-8.940106
-8.953511
8.987717
-8.980311
-8.884628
8.924187
-8.943480
-8.988257
-8.919720
8.950613
-8.944117
-8.985854
8.957397
8.959745
8.960858
-8.986018
8.941191
8.989760
-8.927696
-8.984630
8.953497
8.970566
-8.956447
-8.987833
8.976642
-8.975695
8.970392
-8.984172
-8.983475
-8.928344
8.961934
8.942610
8.887376
-8.955453
-8.940175
8.959548
8.984537
8.945352
8.964917
-8.971239
8.984889
-8.922609
-8.967921
-8.980739
8.969474
8.981608
8.992336
-8.954420
8.959990
-8.959165
8.982563
8.961466
-8.964567
-8.984614
-8.945065
8.946353
8.979272
8.993333
-8.954177
-8.991701
-8.976765
-8.919804
8.996200
-8.957279
8.979315
8.956336
8.974382
8.926491
8.856588
-8.961984
8.933795
-8.974821
-8.949040
-8.988836
8.964947
-8.948649
-8.905314
8.992063
-8.954315
8.991123
-8.984436
-8.963543
-8.944669
8.982887
8.962157
-8.990717
-8.920876
8.959184
8.973162
8.969138
-8.980403
8.981507
8.970623
-8.891287
-8.958954
-8.998361
-8.929648
8.970477
-8.986672
-8.892210
-8.968502
8.954903
8.986488
8.963224
8.932968
8.945402
8.943619
-8.979533
-8.986030
8.947473
8.836260
8.987798
8.980206
8.984100
8.902231
8.953564
8.960883
-8.989135
8.959565
8.931208
-8.947564
-8.932981
-8.936407
8.981259
-8.950349
8.949112
-8.996695
8.928077
8.989084
8.994556
8.958677
8.944612
-8.951872
-8.971210
-8.942710
-8.933959
8.964532
-8.979974
8.987126
-8.956681
-8.972702
8.964013
8.935969
8.959234
8.984700
8.750763
8.926556
-8.969003
8.977529
8.936689
8.986665
-8.998233
8.929450
-8.971811
-8.940208
8.985181
-8.929772
-8.916762
8.987856
-8.977867
8.948105
-8.984300
-8.933035
8.942970
-8.971788
8.952871
-8.971035
8.932682
8.974461
-8.955885
8.945707
-8.932483
-8.984319
8.918780
8.945803
8.938590
-8.953577
8.969216
8.960192
8.989511
-8.667241
8.983748
-8.966003
-8.964775
-8.875386
-8.964156
8.968865
-8.969947
-8.978326
-8.975196
8.981123
8.935521
-8.953329
8.972048
-8.993699
8.940779
-8.962528
8.992666
-8.956899
-8.949751
8.967446
8.983310
-8.956842
-8.955601
8.973822
-8.966034
8.812909
8.961298
8.961671
-8.919910
8.992989
-8.977361
-8.990039
8.958172
-8.930263
-8.977426
-8.989252
8.922457
8.965023
8.998477
8.993989
8.971166
8.953245
-8.951187
-8.937600
-8.989074
-8.969743
8.997424
-8.603691
-8.923220
-8.875569
8.882173
-8.987727
-8.972976
-8.990560
-8.968544
-8.964585
8.979996
-8.941427
8.916321
8.972986
-8.995225
8.951782
-8.985759
8.964287
8.907083
8.938819
-8.988548
-8.946844
8.909628
8.698331
-8.943634
8.943246
8.928476
8.950523
8.986546
8.818078
8.969772
-8.991863
-8.965532
8.955408
8.975979
-8.990729
-8.947211
-8.944435
-8.983117
8.968979
-8.961876
8.945016
-8.950195
-8.986855
-8.440928
-8.954297
-8.853876
8.905946
-8.976616
8.981384
-8.977047
8.966337
8.987273
-8.975823
-8.816880
-8.923985
8.964815
-8.880055
-8.949901
8.969506
-8.989669
-7.422459
-8.975554
8.951956
8.941059
-8.931592
8.964582
8.940625
-8.950072
-8.960252
8.982492
8.988305
-8.973529
8.941973
8.984115
-8.960919
8.964955
7.748061
-8.964564
8.958749
8.962842
-8.945544
8.882722
-8.980821
-8.987935
-8.961036
8.861775
-8.967621
-8.974616
-8.975450
-8.990475
8.967131
8.956049
-8.981031
-8.989671
8.984069
8.948767
-8.969419
-8.857593
-8.940227
8.961529
-8.984309
-8.991816
8.960816
8.937811
8.945815
-8.983648
-8.935501
-8.978858
-8.962098
8.932113
-8.970137
-8.972166
8.914312
8.988708
-8.961890
8.934874
-8.979578
-8.955652
8.957024
-8.951872
-8.995841
8.976325
8.642549
-8.986813
-8.995084
-8.972500
8.965473
8.894860
8.952464
-8.979800
-8.978592
8.933945
-8.952898
-8.981597
8.973895
-8.961380
8.968877
8.989017
-8.959660
8.975728
-8.978068
-8.953714
8.962346
8.993112
8.971222
-8.995969
8.970739
8.973820
-8.555639
8.961023
-8.943424
8.981910
-8.972363
-8.973522
8.990526
-8.945468
-8.875108
-8.996454
-8.981694
-8.988489
8.976670
8.976960
8.991892
8.955271
-8.981207
-8.947081
8.987017
-8.956518
8.944302
-8.940796
-8.913587
8.942303
8.954178
8.945419
-8.944287
8.959844
-8.962128
-8.931493
8.913526
8.978518
-8.922754
8.891066
8.963625
8.970409
8.985754
8.979128
8.942627
-8.989199
-8.952997
8.941232
8.966745
8.938083
-8.959558
-8.962779
-8.958301
8.938299
8.962093
8.963281
8.982247
-8.952500
8.953741
-8.992611
-8.962988
8.904294
8.915197
8.970216
-8.974712
8.965644
8.957779
-8.927634
-8.865590
-8.969289
-8.985319
8.939345
8.902630
-8.967830
-8.967805
8.985414
-8.960072
-8.975260
-8.933143
-8.962895
8.972628
8.930613
8.984884
8.981067
8.882603
-8.980495
-8.882000
-8.944301
8.965770
8.932783
8.934952
8.926029
8.944258
8.981458
-8.965576
8.798053
8.941637
8.960272
8.936837
-8.942055
-8.964235
8.989711
8.984124
8.927345
8.946760
8.964194
-8.982087
8.972992
-8.909444
-8.957607
-8.932622
-8.950208
-8.975697
8.903464
-8.979521
-8.985319
8.938597
8.263836
-8.986492
-8.941522
8.980308
8.926031
8.955637
8.960411
8.955455
8.934422
8.978097
8.967086
-8.990576
-8.979078
-8.952262
-8.981228
8.980146
8.974832
8.894147
8.942643
-8.969774
8.942999
-8.871590
-8.962737
-8.977841
-8.654092
-8.953959
8.976094
-8.947705
-8.969533
-8.939335
8.963240
8.981762
8.988924
8.965602
8.946780
-8.968329
8.951374
8.922574
-8.964094
-8.972419
8.961085
-8.996230
8.961738
-8.968704
8.955067
8.955887
-8.960531
-8.955021
8.973595
8.946894
8.913974
-8.975903
-8.942923
8.993297
8.975522
-8.973999
8.957021
-8.987434
8.971186
8.970457
-8.976196
-8.973289
8.982417
8.918600
8.958893
8.992885
8.992578
8.943625
8.946213
-8.974353
8.993156
8.946756
8.963184
8.972876
8.964627
8.952293
8.988288
8.951936
-8.975783
8.966748
8.953371
8.956867
8.987422
8.985314
8.954935
8.109449
8.988406
-8.969363
8.955888
8.878489
8.937441
-8.989351
-8.959928
-4.312902
8.990436
8.940461
8.942970
-8.984460
-8.948679
8.945582
8.930820
8.964137
-8.957020
8.973164
-8.906713
-8.907825
8.963755
8.920242
8.941960
8.971229
8.924716
-8.995330
-8.629477
-8.985711
-8.989488
8.973583
-8.995844
-8.961939
-8.996841
8.986004
-8.946642
-8.987508
8.976421
8.977832
8.925011
-8.954678
8.949436
-8.950919
8.986116
-8.970786
8.959613
-8.998753
6.830759
-8.944426
-8.968375
8.947445
-8.944696
-8.967908
8.960019
8.987106
-8.957643
-8.991511
8.993460
8.944077
-8.971543
-8.984075
-8.980894
8.980724
8.987507
-8.975663
8.965561
-8.935351
-8.989896
8.979482
8.887103
-8.958478
-8.937032
8.994090
8.987459
-8.961195
8.925265
-8.967460
8.935072
8.952399
8.953225
8.953982
-8.992790
-8.980504
8.952611
8.993980
-8.985278
-8.982594
8.990580
-8.927492
8.960388
-8.944792
8.972685
8.991197
-8.995618
-8.943724
-8.879217
-8.914915
-8.943964
8.981082
-8.948149
-8.995314
8.979809
-8.967480
-8.945951
8.959349
8.984365
8.990591
-8.928412
8.973697
8.978575
8.993006
-8.980473
-8.969481
8.924765
8.942013
8.953065
-8.750950
-8.969938
-8.954614
-8.970380
-8.983586
-8.994678
8.962083
8.927353
8.959981
-8.948510
8.980764
8.990697
8.913889
8.983606
8.900957
8.964703
8.974207
-8.961257
-8.977556
-8.957708
-8.951519
-8.962067
8.993589
-8.953657
-8.959669
8.987568
8.981271
8.979852
-8.970969
8.936424
-8.949351
8.896940
-8.944081
-8.866585
-8.936674
8.957123
8.975685
8.290924
-8.982195
-8.929530
8.939625
8.953613
8.984745
-8.910337
-8.935568
-8.988691
-8.984683
8.986593
-8.992105
8.968754
-8.974555
8.962626
8.986666
-8.940000
-8.963509
8.988717
8.881581
8.962853
-8.984417
-8.958314
-8.947049
-8.932320
-8.993333
8.967498
8.952295
-8.957289
8.953569
-8.937551
-8.928278
-8.953992
-8.981659
-8.976212
-8.989973
-8.948426
-8.984447
-8.986429
8.674401
8.972421
8.987742
-8.935302
8.967657
-8.965259
-8.975025
8.960201
8.974806
8.977854
8.973065
-8.965106
8.972839
8.962817
-8.993700
8.952674
-8.933212
-8.936975
-8.942716
8.965269
8.985836
8.976158
8.959170
-8.940838
-8.961413
-8.936194
-8.967854
-8.957064
-8.945343
8.988827
-8.916470
8.955275
8.955448
-8.967924
8.980243
8.991444
8.942506
8.978032
8.937977
-8.965884
-8.973936
8.972855
-8.966614
-8.990304
-8.992327
-8.958395
8.953160
-8.992075
8.973539
8.942589
-8.985199
8.988738
-8.925299
8.939913
8.911297
-8.985084
-8.952783
-8.934233
-8.911333
8.987465
-8.988464
8.958731
-8.946197
-8.971834
8.972060
8.962151
8.987430
-8.998928
-8.949831
8.956144
-8.946609
8.960193
-8.975733
8.973498
-8.942444
-8.885377
-8.956904
8.961842
8.935554
8.974838
8.974784
-8.984471
-8.923285
8.943161
8.989312
-8.924829
8.933179
8.964849
-8.997786
-8.976551
-8.956226
-8.962019
8.990631
-8.986613
8.963907
-8.968855
8.975255
-8.992225
-8.987071
-8.773496
8.956346
-8.958154
8.925474
8.778773
-8.931313
8.976564
8.952623
-8.964971
8.966866
-8.988563
-8.982993
-8.946560
8.966544
-8.993827
-8.966574
-8.949675
-8.919492
8.966580
-8.979671
-8.964116
8.956304
8.938295
-8.912276
-8.927868
-8.774266
-8.936201
8.993997
8.928050
-8.944488
-8.963938
8.962198
-8.978397
-8.983125
8.993876
-8.939529
8.953394
8.992904
-8.986813
8.891821
8.958932
8.967775
8.997608
-8.965247
8.996163
-8.958441
-8.976895
-8.970701
8.956633
-8.965178
-8.941997
-8.965677
8.946977
5.903583
8.961845
-8.946161
8.996974
-8.822258
8.987791
8.964531
-8.967139
-8.954566
8.934137
-8.973321
8.965897
8.977653
-8.958750
-8.989079
8.984638
8.906145
-8.994105
8.995561
8.849839
-8.942223
-8.997009
8.959504
-8.994447
8.982359
-8.914312
8.918891
-8.977777
-8.914396
8.977867
-8.946635
8.967964
8.977954
-8.992475
-8.970247
8.976342
-8.925069
8.914027
8.917815
8.984789
-8.981526
-8.940964
-8.991964
8.992787
8.802107
8.974366
-8.968233
-8.947136
8.963975
-8.946103
-8.940902
8.995234
8.972739
-8.932458
-8.787955
8.986644
8.978720
8.996635
8.997012
-8.970594
-8.952298
8.883932
8.806335
8.851486
8.982781
8.949229
-8.971412
8.952760
-8.987783
8.976415
-8.947835
8.962614
-8.969697
8.986850
-8.998496
8.973068
-8.964765
8.971913
-8.954338
-8.985895
-8.974189
-8.959936
8.966697
-8.992479
8.978947
8.936208
8.974716
-8.988276
-8.992652
-8.960640
-8.941617
8.963171
8.938126
-8.939120
-8.969056
8.953137
8.950124
-8.990607
-8.987358
8.932863
-8.957117
-8.937284
-8.962339
8.936291
8.994553
-8.997803
8.997228
8.974663
-8.968859
-8.963809
-8.937351
-8.973454
-8.940493
8.994301
-8.931348
-8.994899
8.956142
-8.987117
-8.967002
-8.995083
-8.950013
-8.973410
8.951754
8.973752
-8.977118
8.978878
-8.935134
8.958894
8.952208
-8.909339
8.949974
-8.992175
8.955112
8.949074
7.498689
-8.948622
8.961150
-8.978776
8.984674
-8.777555
-8.967556
-8.972015
-8.960416
8.969657
8.954138
-8.981014
8.985790
8.983730
8.963943
8.953881
8.988517
-8.972639
8.929011
8.959676
8.975650
8.995267
8.963129
-8.955652
-8.958180
8.979642
-8.939903
-8.971011
-8.989517
-8.932811
8.966480
8.912765
8.991682
-8.924230
-8.908131
-8.992358
-8.971417
-8.970880
8.953214
-8.994754
-8.984570
-8.974983
8.887525
8.857305
8.965223
8.983979
8.980387
8.973015
8.970231
-6.249084
-8.983918
-8.983749
-8.959177
-8.984265
-8.987849
-8.950083
-8.962464
-8.933028
-8.976363
8.946594
-8.942630
-8.945946
8.949881
8.968667
8.958288
-8.963079
8.959089
8.948013
8.983101
-8.972251
8.995373
-8.957602
8.995959
-8.985539
8.965910
-8.947903
8.953188
-8.943532
8.926588
-7.952025
-8.924030
8.947871
8.962121
-8.984790
-8.598951
-8.949876
5.973400
-8.945339
-8.928644
-8.934391
8.959663
-8.935410
-8.994909
-8.964997
-8.971279
-8.987076
8.972326
-8.940716
-8.981439
-8.988383
8.979310
-8.961042
-8.958490
-8.963397
8.955113
-8.960805
-8.687603
8.993853
8.951264
-8.945980
-8.951129
8.934911
8.979431
-8.997615
8.971090
-8.848294
8.984560
-8.962886
8.978537
-8.956657
8.985442
-8.956975
8.942308
8.990284
-8.883559
8.945270
8.991708
8.990491
8.957787
8.982214
8.953617
-8.971650
8.913719
8.967544
8.994106
8.955230
-8.952107
8.668971
8.940120
-8.958370
8.956183
-8.957268
8.954724
8.984880
-8.963526
8.994864
8.945605
-8.944320
-8.939723
8.985912
-8.947394
-8.970515
-8.978905
-8.960761
-8.967334
-8.948622
-8.950221
8.952546
8.939515
-8.948281
8.965080
8.963711
-8.969597
-8.950219
-8.910831
-8.959311
8.966227
-8.868516
-8.972604
8.942266
-8.992618
-8.954677
-8.988265
-8.935288
8.987550
8.925566
-8.974029
-8.967471
8.948993
-8.928571
8.928255
8.967792
-8.954820
-8.917671
8.927953
8.940388
-8.960322
-8.928625
-8.929448
8.957572
8.953583
8.902340
-8.917566
-8.972908
-8.958039
-8.980185
-8.971436
-8.942635
-8.973870
-8.981209
8.969538
-8.925576
8.964461
-8.974676
-8.964157
-8.979352
-8.990121
8.934688
-8.732174
-8.931643
8.988973
-8.962581
8.972392
8.992521
7.289479
8.962276
-8.954036
-8.937908
-8.945761
8.980749
8.987520
8.958045
-8.951503
-8.997053
8.964916
-8.862841
8.980757
-8.943649
-8.934413
8.958236
-8.904624
8.991677
6.102915
-8.942401
8.986869
8.947708
-8.924364
8.982077
8.940738
-8.974422
-8.989612
-8.954783
-8.927070
8.982519
-8.983358
-8.981923
8.976172
-8.985631
-8.554218
-8.949184
-8.939829
-8.958114
8.949423
8.941603
8.913372
8.886978
-8.950894
8.983348
-8.971657
-8.966858
8.954905
-8.995238
-8.951455
-8.973681
8.992608
-8.987971
-8.668518
-8.961225
8.973077
8.978689
-8.991633
-6.847495
8.946548
8.958147
-8.946974
8.955020
8.991807
8.894517
8.941624
8.948740
-8.960388
8.970923
-8.990845
8.969358
8.974565
8.983996
8.958235
8.985413
-8.851425
8.936306
8.950088
-8.945703
-8.971155
8.952241
8.881112
-8.961270
-8.981726
8.963670
8.978642
-8.568928
8.992759
8.956001
8.978698
-8.988281
-8.933522
-8.962573
8.945331
-8.975068
8.962604
8.963129
-8.980120
8.997551
8.975517
8.996251
-8.923224
8.923787
-8.962404
8.948672
8.858393
8.976938
-8.911955
8.977702
-8.985284
-8.937247
8.847982
8.993426
-8.979916
-8.952522
-8.977190
8.973735
8.965475
8.943869
8.969919
8.957217
-8.937329
-8.929893
8.971008
8.978013
8.961776
8.992132
-8.954316
-8.984168
8.988028
8.972533
-8.986070
-8.940888
-8.953621
-8.927964
-8.957083
-8.991123
8.860646
8.980028
8.961704
-8.976002
-8.957034
-8.990213
8.989493
-8.982245
8.936503
8.961890
-8.993354
-8.869650
8.992783
-8.967521
8.976991
-8.913635
8.984042
8.968123
8.951547
-8.951039
8.947083
-8.919585
-8.937994
-8.980691
-8.974292
-8.952959
-8.976961
8.960842
8.957933
-8.913340
8.949896
-8.958256
8.963597
8.917841
-8.942159
-8.906743
-8.936675
8.942971
8.959564
8.993548
-8.943451
-8.916338
-8.960005
-8.982540
-8.958839
-8.943581
-8.975382
8.941947
8.947252
-8.980292
8.986220
8.854999
8.970281
-8.965786
-8.993466
-8.952198
8.986094
8.980915
-8.988944
-8.968228
-8.928970
-8.973000
8.918403
8.996203
8.993087
8.937858
-8.906565
-8.986760
8.963177
-8.970309
-8.959470
-8.854967
8.967610
8.975023
-8.979057
-8.941190
8.913648
-8.940146
-8.983299
8.942414
-8.946169
-8.943751
-8.946221
8.939185
8.976239
8.958590
-8.967206
8.945016
-8.974666
-8.986163
-8.947792
8.948585
-8.901327
-8.954994
-8.952434
-8.983979
-8.959440
-8.945670
8.968998
8.947311
-8.989035
-8.994476
8.956517
-8.934703
-8.987446
-8.953395
8.946723
-8.970955
-8.983356
8.969968
8.934124
8.983171
-8.937262
-8.971508
-8.722496
-8.987019
-8.983790
8.990687
-8.948469
-8.983904
8.993685
8.917305
-8.972287
-8.951893
8.988873
-8.953858
8.977201
-8.963419
-8.951499
-8.949601
8.962325
8.957522
-8.955513
8.950493
-8.924636
-8.827408
-8.958490
8.961590
-8.988914
-8.998590
8.838804
8.843483
-8.976343
-8.943897
-8.948065
8.983916
-8.930438
-8.929448
8.974359
-8.965230
8.992339
8.974865
-8.988697
-8.954430
8.638035
-8.983692
-8.988216
-8.979617
-8.962597
8.963416
8.967052
8.956038
8.963361
8.980514
-8.946209
-8.971953
8.979184
-8.972730
8.961605
-8.948497
8.976957
8.938710
-8.971051
-8.974713
-8.991918
-8.914507
-8.969985
8.942723
8.989078
-8.989223
8.960238
-8.983696
-8.866194
-8.982720
-8.950669
-8.982776
8.985891
8.935247
-8.962020
8.972330
-8.974733
8.997355
-8.977481
8.963231
-8.914556
8.953320
8.969711
8.953499
-8.989640
8.970851
8.991053
-8.977980
8.966921
-8.914160
-8.927454
8.956700
-8.988333
-8.967773
-8.925413
-8.965526
-8.962823
-8.937905
8.895553
-8.947700
8.990501
8.986400
-8.949002
8.995981
-8.748643
-8.953202
8.972242
-2.776464
-8.966043
-8.953842
8.936081
8.982411
8.942633
8.956775
-8.978145
8.921086
-8.926780
-8.939515
-8.965960
-8.976156
-8.956984
-8.956943
-8.946675
-8.947622
8.960025
8.989309
8.975591
8.955435
8.943548
8.947870
-8.984992
-8.963560
-8.977654
8.983633
8.970003
8.978337
-8.986122
8.986415
8.959584
-8.967164
-8.973778
8.922700
8.916727
-8.958638
8.946087
-8.943703
-8.988398
8.946352
-8.965775
-8.957410
-8.966476
-8.980113
8.963522
8.995344
7.984295
-8.669641
-8.953689
8.956137
8.940470
-8.964317
8.937389
7.325586
8.973623
8.985272
8.960950
8.975297
8.986182
-8.966002
-8.966883
-8.945114
-8.991387
-8.914116
-8.981870
8.955499
-8.943412
8.974404
-8.976565
-8.919581
8.988316
8.961371
-8.948922
-8.975375
-8.954734
8.926336
8.986281
-8.979243
8.979776
8.996054
-8.963258
8.987007
-8.874174
-8.935612
8.909791
-8.849486
-8.719849
-8.961524
8.959487
-8.961997
-8.957171
-2.336950
-8.981522
8.900712
8.980706
8.947907
-8.971074
-8.992978
8.975129
-8.955257
-8.948756
8.951922
8.991933
8.952555
8.911627
-8.967290
-8.948503
8.931968
-8.970575
8.932225
-8.966402
-8.919623
8.930267
8.973075
8.931613
-8.943219
8.972175
-8.939598
-8.951262
-8.952887
-8.984581
8.853429
-8.982799
8.983335
-8.880604
8.908080
8.996146
-8.979929
8.958243
-8.943412
-8.955412
-8.992391
-8.965421
-8.945937
-8.939416
8.939883
8.980019
8.901422
8.993379
-8.978312
8.983061
-8.990583
-8.976018
8.971906
-8.995799
8.953607
-8.966000
-8.936489
8.963494
8.953682
8.967979
8.975743
-8.949719
8.974392
8.960013
-8.975158
-8.992917
-8.964861
-8.975276
-8.969983
-8.999063
8.957842
-8.953216
-8.937900
-8.945201
8.954421
8.935715
8.937868
-8.980468
-6.272306
-8.970670
-8.952430
8.951059
8.924255
-8.932554
8.989673
8.953955
-8.959058
-8.945653
8.954308
8.967726
-8.929930
8.994345
8.963566
-8.956680
8.915329
8.991466
-8.975857
8.959096
-8.937107
-8.985585
8.964851
8.979323
8.984493
-8.984186
-8.976665
8.938171
8.997438
-8.970284
8.947828
-8.979431
-8.947792
8.962262
-8.940581
8.992729
8.958507
8.958789
-8.963417
8.910730
8.960573
-8.959270
-8.945365
8.987805
8.994366
8.936747
8.964088
8.978939
8.932051
-8.989656
-8.937698
8.905015
8.958993
-8.947161
-8.943555
8.986163
-8.971946
-8.991568
-8.947243
8.992116
-8.956253
-8.888538
-8.970743
8.973436
-8.944937
-8.958435
-8.987095
-8.995396
8.947543
-8.956516
8.923068
-8.964212
-8.953728
8.945488
8.961487
8.977844
-8.884555
8.964493
8.988291
8.980993
8.942926
8.966628
8.988985
-8.961316
8.968063
8.930955
-8.998375
-8.958253
-8.213690
-8.990845
8.942290
8.984262
-8.973037
8.996440
-8.973652
-8.973043
-8.969964
8.931973
-8.947105
8.943215
-8.960639
8.981011
-8.946691
-8.970461
8.969030
8.901165
-8.988189
8.976338
8.940591
-8.992687
8.941420
8.951852
8.951226
-8.996031
-8.992103
8.944761
-8.900269
8.980877
8.937084
8.983578
-8.921338
-8.943958
-8.981613
8.943255
8.954923
8.961104
-8.938303
8.949967
-8.961814
8.980057
-8.972981
8.985130
8.835079
8.974993
-8.962327
8.995266
-8.951102
8.939043
8.956112
8.986964
-8.966002
8.936176
-8.938664
-8.934927
8.992625
-8.948300
-7.914623
-8.973825
-8.994747
8.966022
-8.960321
-8.979076
8.976106
8.975361
-8.975576
8.985358
8.950914
-8.976815
-8.955708
-8.950918
8.949081
8.992128
-8.968165
-8.939204
-8.964598
-8.973264
8.943084
8.934712
8.992543
-8.948746
-8.957290
8.950285
-8.988647
-8.953774
-8.943836
8.965012
-8.960838
8.971229
8.972306
-8.711401
-8.965512
-8.930953
8.994830
-8.985057
8.951031
-8.946528
8.946106
-8.984772
8.979066
-8.993558
-8.915154
-8.979564
8.992257
8.993156
-8.981402
8.938510
8.953183
-8.961388
-8.995172
8.958717
8.969058
8.934256
-8.973355
-8.960337
-8.944757
8.941432
8.950454
-8.946677
8.980788
-8.944766
-8.934203
8.929040
-8.960599
8.987923
-8.944960
8.960170
-8.953973
8.962083
-8.980042
-8.935775
-8.942610
8.937540
-8.961719
8.948434
-8.965331
-8.987033
-8.992825
8.967341
8.965204
-8.974398
-8.912345
-8.904581
8.956792
8.948728
8.924407
8.933600
8.962021
8.980207
8.943888
-8.625903
8.975462
8.971015
8.954782
8.995815
-8.943600
-8.961792
8.980508
-8.937976
-8.973482
8.939959
-8.952985
8.936180
-8.978646
8.928224
-8.879622
8.933155
8.987495
-8.924248
-8.983565
-8.942021
8.947221
8.970941
8.989578
8.912348
-8.986811
8.957037
-8.974467
8.987330
-8.949010
8.936047
-8.987346
-8.959362
-8.964087
8.952513
8.908949
-8.965745
-8.996916
-8.924044
8.950574
-8.893673
8.972762
-8.940736
-8.935821
-8.979765
8.978064
8.985407
-8.997432
-8.959539
-8.893908
-8.953629
-8.972813
-8.027222
-8.953990
-8.994326
-8.959461
-8.277045
8.972357
-8.930148
-8.905725
8.936241
-8.987353
8.984428
-8.974987
8.980071
-8.971997
8.973285
-8.991142
-8.938320
8.990559
-8.946893
8.963156
-8.961236
-8.945480
8.966686
8.949332
8.973689
8.959472
8.971743
8.978444
8.952273
-8.948404
8.948164
8.976560
-8.984478
-8.974696
8.957636
8.896364
8.953821
-8.948995
8.973574
8.966431
-8.979531
-8.973080
8.954603
-8.960443
8.955921
-8.986812
-8.894985
8.948247
-8.973941
-8.915350
8.954629
8.984084
8.877482
-8.622565
8.987011
-8.890919
8.949029
-8.975693
8.954948
8.979797
-8.972505
8.987481
8.984502
-8.938703
8.983889
-8.967635
-8.948463
-8.971866
-8.935848
8.966603
8.988113
-8.934821
8.964265
8.511458
8.951503
8.956308
-8.960747
8.987890
8.984001
-8.977200
8.929787
8.976221
-8.986065
8.945960
-8.946661
-8.963365
8.769439
8.971501
8.996740
8.973271
-8.971333
-8.961671
-8.942847
8.978639
-8.957629
-8.880634
8.967107
8.973745
8.984437
-8.947535
-8.968610
-8.946563
8.968273
8.961759
8.959460
-8.972310
8.986545
8.909098
-8.974255
-8.968944
8.975600
8.967954
-8.970368
-8.970733
8.985490
-8.952965
-8.945044
8.975860
-8.962870
8.996356
8.976813
8.977430
-8.938693
8.955235
8.985776
-8.905851
-8.965295
-8.953106
8.976110
-8.996434
8.947387
-8.892949
8.973319
-8.951580
-8.951196
-8.910429
-8.987186
-8.966879
-8.984784
-8.981803
-8.985398
8.981852
-8.952555
-8.959290
-8.960506
8.943048
8.989388
-8.995238
-8.966063
-8.958646
8.948280
-8.949421
8.985320
8.947972
-8.991024
8.971395
-8.916428
-8.951193
8.939496
-8.950799
-8.957747
-8.931866
8.971791
8.962843
8.845558
-8.975171
-8.948001
-8.967367
-8.980997
-8.965932
-8.857200
8.949090
-8.996748
8.957734
-8.976626
8.927585
-8.967267
-8.975256
1.404821
8.971949
8.931984
-8.933886
8.949160
-8.961267
-8.656654
-8.989024
8.986248
8.970251
-8.979386
-8.980523
-8.911007
8.963759
8.907691
8.943038
-8.978251
-8.973063
8.989711
-8.995455
8.925806
-8.951308
-8.973804
8.984341
8.986157
8.979516
8.978588
8.938606
8.980769
8.955842
-8.979605
-8.959846
-8.937848
-8.981872
-8.951653
8.971096
-8.998915
-8.977735
8.966512
-8.919682
8.941854
8.880841
-8.992883
8.941440
-8.919720
-8.982133
8.989227
8.969511
8.704747
8.992050
8.686603
-8.944721
8.921837
-8.959541
-8.979420
8.982487
8.958590
8.971300
-8.989836
-8.959680
-8.971333
-8.980747
8.853221
-8.940920
8.851004
8.959844
8.983508
-8.989703
8.764848
-8.962909
-8.971680
-8.965048
8.942917
-8.966243
-8.946340
-8.997466
8.983229
-8.987724
8.954737
-8.989970
-8.941804
8.949100
-8.887613
8.950684
8.980959
-8.987236
-8.938988
8.992122
-8.990376
-8.996024
8.967238
8.983406
8.960315
8.968488
8.942758
8.986347
-8.920033
-8.933170
-8.949255
8.968840
-8.968637
8.972347
-8.963691
-8.965789
-8.947444
-8.963050
8.959856
-8.758409
8.988735
8.974336
-8.981613
8.939514
8.861316
8.964888
-8.951713
-8.956008
8.968445
-8.958332
-8.972988
8.989700
-8.912459
8.972638
8.912685
-8.977154
8.952835
8.913496
-8.950868
-8.976550
-8.938201
8.954176
-8.972542
8.975199
-8.947871
-8.963152
8.985441
-8.972403
-8.953525
-8.989616
8.915375
-8.961030
8.962756
-8.974371
-8.915784
8.987638
8.989111
-8.961453
8.966304
8.943804
-8.986080
-8.912311
-8.954928
8.949704
8.972497
-8.987299
-8.993605
-8.944572
8.915121
8.953441
8.943289
8.922585
-8.963908
8.998339
-8.997758
8.960402
8.966761
-8.984816
8.961855
-8.958321
8.964096
-8.924328
8.950708
8.953630
-8.951061
-8.957695
-8.969986
8.953061
8.937591
-8.968378
8.986752
-8.950174
8.752504
8.971577
-8.981059
8.980231
-8.969620
8.986821
-8.979452
-8.984628
-8.977879
8.948473
-8.955141
8.944223
8.959797
-8.970805
-8.932536
-8.432394
8.979554
-8.986007
-8.984694
8.980126
8.943099
-8.936669
-8.998359
8.983268
-8.942989
8.932645
-8.948967
-8.977848
-8.986795
-8.936044
-8.955093
8.961091
8.955539
8.860341
8.966685
-8.928028
8.957618
8.996886
8.980337
8.956860
-8.970735
8.963805
8.939493
8.974748
8.946068
-8.953880
-8.828305
8.960431
8.986749
8.962027
8.975487
-8.961428
-8.988735
8.962252
8.945581
-8.977852
-8.969260
8.960720
-8.952851
-8.988200
-8.979926
-8.984676
-8.948905
8.957043
-8.961096
8.967241
-8.951869
8.934018
-8.977957
8.968277
-8.964690
-8.955867
-8.959727
8.947614
8.987774
8.976254
-8.929972
8.985555
-8.964317
-8.947001
-8.977979
-8.963672
8.914984
-8.956260
-8.978309
8.959736
-8.919699
-8.989009
-8.982466
8.991743
-8.977899
8.966832
-8.958917
8.989673
8.944559
-8.941912
-8.955638
-8.861357
8.978196
8.979697
8.959036
-8.968132
8.966031
8.967506
8.953273
-8.989923
8.937091
-8.982240
8.972242
-8.912543
8.984497
-8.962622
8.982984
-8.951282
8.983073
-8.927144
-8.856050
8.993771
-8.918379
8.933416
-8.989859
8.929831
8.982821
8.995277
-8.973050
8.952116
-8.817031
8.999163
8.972818
8.982710
8.944096
-8.919782
8.991718
8.973819
8.949393
-8.961925
8.984870
8.914127
-8.958253
-8.952079
-8.981270
-8.961991
8.953077
-8.962315
8.996685
-8.979509
-8.934688
-8.950860
-8.947733
8.648381
8.925688
8.943526
-8.955576
8.973714
-8.950421
-8.959075
8.981724
-8.957691
-8.991039
8.961163
8.934943
-8.969937
-8.945705
-8.949444
-8.970605
8.985738
8.952619
-8.931874
-8.980615
-8.965375
8.970146
-8.978118
8.965329
-8.960491
-8.959086
-8.958355
8.957114
-8.979918
8.935989
8.996752
-8.982497
8.934719
-8.983055
-8.984921
-8.467007
-8.984577
-8.977164
-8.951345
-8.962968
-8.952459
-8.953925
8.867432
8.994989
-8.963800
-8.963558
-8.949533
-8.981627
-8.946428
-8.852330
-8.945379
-8.949794
-8.975122
-8.971418
-8.979133
8.981867
-8.987611
-8.953990
-8.930551
8.942698
-8.777195
8.966860
8.976600
-8.948770
8.931150
-8.949304
8.968198
8.991682
-8.977123
8.978411
8.992228
8.964841
-8.935938
-8.958986
8.959946
-8.985042
8.983159
8.967394
8.989462
-8.971404
-8.948864
-8.979608
-8.923741
8.982719
-8.957654
-8.955879
-8.979188
8.951788
-8.945739
-8.094711
-8.949881
8.955368
8.947355
-8.990517
8.947044
-8.949641
-8.982586
8.942190
-8.955642
-8.996158
8.968201
8.932506
8.929284
8.991334
8.936466
8.933215
8.951782
8.989208
8.963918
-8.957694
8.978311
-8.957826
-8.946942
8.945353
-8.951981
8.958811
8.987943
8.969280
8.962780
-8.971153
-8.937238
-8.946180
-8.822918
8.955500
-8.978982
8.952979
-8.986597
8.998940
-8.945662
8.983106
8.968262
8.956040
-8.959816
-8.984748
-8.908357
8.961648
8.986160
-8.932198
8.955633
-8.967620
8.991932
-8.945014
-8.920846
-8.983381
8.966254
-8.962621
8.953992
-8.931369
8.920583
6.024676
8.933055
-8.940741
-8.792950
-8.952878
-8.931027
-8.975117
8.959344
-8.976151
8.943378
-8.955785
8.963162
-8.914437
8.985513
-8.963528
-8.989444
-8.988522
-8.719707
-8.944767
8.975755
-8.970892
8.964088
-8.980901
8.574773
-8.994555
8.976216
8.951721
8.954817
-8.967270
-8.957137
-8.955888
-8.949618
8.956231
8.985343
-8.964945
-8.492094
-8.978924
8.963641
8.369660
-8.960321
-8.982860
-8.991534
8.905955
8.944723
-8.988653
8.928084
-8.946058
-8.981301
-8.863655
-8.950894
-8.893484
8.914668
8.972881
8.948622
-8.970092
-8.935007
8.980023
-8.974208
-8.918614
-8.938701
-8.948029
-8.990993
-8.953733
-8.961265
-8.944898
-8.967432
-8.946614
8.975560
-8.986430
-8.971311
-8.962145
8.934806
-8.983565
-8.996175
8.994113
8.985389
-8.975120
8.968049
-8.943171
-8.968075
-8.956854
8.934358
8.659839
8.945318
8.944651
-8.951685
8.965769
-8.956115
-8.963678
8.961015
-8.986713
-8.949977
-8.972463
8.962926
8.956682
-8.995778
-8.993024
-8.945584
8.936195
-8.975738
8.954169
-8.978637
8.961314
8.967946
-8.951121
-8.960807
-8.940153
8.993448
-8.939906
8.985365
8.972070
-8.992802
8.990548
8.982536
8.977498
8.950052
8.916498
8.943525
-8.911222
8.934456
-8.967788
8.921694
-8.998685
-8.937715
8.952165
8.955310
8.963553
8.993752
-8.961882
-8.955856
-8.952563
8.974439
-8.966213
-8.932990
-8.978238
8.957056
8.958450
8.954949
8.976642
-8.989916
8.985047
-8.991450
-8.942109
8.989444
-8.949164
-8.951669
-8.934047
-8.972004
-8.998112
8.954086
-8.880490
-8.964651
-8.887560
-8.961080
8.962510
8.953697
8.968288
-8.935652
8.981714
8.834473
8.953042
-8.996154
-8.986249
8.942676
-8.979623
8.970071
8.949688
8.991824
8.924508
8.983147
-8.954529
8.978375
8.976125
8.206989
8.954308
8.990838
8.944250
8.983136
8.975721
-8.954031
8.927372
-8.982283
8.994232
8.930287
-8.963949
8.990398
-8.948696
-8.954995
8.921046
-8.990761
-8.967653
-8.922337
-8.981081
-8.957326
-8.936145
8.915463
8.953835
8.975634
-8.969181
8.977691
-8.996802
8.964402
-8.937434
-8.944027
-8.971574
-8.979150
-8.868857
-8.962947
8.974012
-8.930714
-8.977869
-8.986509
8.972433
-8.970469
-8.986744
-8.979973
-8.947602
-8.994172
-8.941441
-8.986096
8.927814
8.953444
-8.951481
-8.981100
8.946440
-8.960402
8.929308
8.971659
-8.987815
-8.828045
8.979790
8.961852
-8.969346
-8.954750
8.943607
-8.984813
8.941250
-8.907087
8.990287
-8.958814
-8.970720
8.993737
8.974875
8.989208
8.945122
-8.609618
-8.943575
8.944021
-8.876893
8.985068
8.957269
8.996198
-8.972135
-8.993872
-8.982438
8.945746
-8.956771
8.983104
8.961109
-8.956507
8.959469
-8.958604
8.687163
-8.964926
8.989068
-8.965611
8.981525
-8.830485
8.942098
-8.974982
8.942986
8.957207
8.944091
-8.914053
8.948616
8.966309
8.985442
-8.938580
8.910540
-8.977807
-8.951701
8.987185
-8.936144
-8.976990
-8.987356
8.938629
8.963527
8.923741
8.942546
-8.969087
8.993759
8.982898
-8.974025
-8.963198
8.963011
-8.961300
8.976535
8.949766
-8.937143
-8.975560
8.961781
-8.977863
-8.956547
8.996981
-8.964491
-8.948755
8.191084
-8.939770
8.966410
-8.975241
8.941913
-8.998946
-8.944068
8.943876
-8.973808
8.995344
8.978173
-8.976550
8.967471
-8.986956
8.983637
-8.971389
-8.941928
8.939437
-8.956496
-8.953379
-8.945351
-8.949561
-8.886382
-8.951817
8.934707
8.940465
-8.990309
8.964461
-8.742959
8.981523
-8.967687
-8.976678
8.949991
-8.938769
8.966787
-8.976497
8.933087
-8.998529
-8.942806
-8.962364
-8.868991
-8.942458
8.986660
8.956510
8.984989
-8.960494
8.945517
-8.967916
8.973339
8.992333
-8.938228
-8.969021
8.980971
8.938022
8.941579
8.922346
8.951804
8.982785
8.929988
-8.935875
-8.943205
-8.955592
-8.947955
-8.950701
-8.983594
-8.958540
-8.988011
-8.983724
-8.961215
8.972148
8.945574
8.908763
-8.987581
-8.955203
8.991479
-8.982085
8.994177
8.950671
-8.982934
-8.984319
-8.953903
8.959725
-8.959002
-8.993544
8.964372
-8.958324
8.976801
8.982489
-8.977014
8.984985
-8.950329
8.984463
8.961092
-8.996832
8.982146
-8.989536
8.975501
8.981887
-8.959993
-8.948535
-8.997125
8.987209
8.970908
-8.977051
-8.942277
-8.980603
-8.874431
8.994109
-8.976888
8.976146
8.966905
-8.965441
-8.954322
8.977518
8.957904
8.896828
8.944247
-8.990537
-8.985228
8.968306
8.975622
8.912373
8.994033
-8.969627
-8.957652
-8.962889
8.994280
-8.957169
-8.958085
-8.895983
-8.950282
-8.995469
8.991732
-8.934518
8.954792
-8.956353
8.959354
8.925965
8.953709
8.946058
8.964730
-8.978096
-8.988517
8.935665
8.947940
8.958212
-8.994967
8.979010
-8.941609
8.955089
8.972956
-8.963208
8.962111
-8.973841
8.962703
-8.975637
-8.984979
-8.946282
-8.982573
8.943163
-8.953786
-8.955251
-8.990442
-8.940942
8.996114
8.940169
-8.946454
8.972632
-8.877496
-8.977871
-8.959664
-8.937653
-8.934383
8.959949
8.987045
8.967525
8.985719
8.982987
8.975632
8.967913
8.934462
-8.947030
8.988359
-8.989805
8.972529
-8.970433
8.734909
-8.987776
8.920736
-8.959819
8.971650
8.982430
-8.953547
-8.979246
-8.904697
8.967509
-8.980717
8.991619
8.975917
-8.971808
-8.956648
-8.960922
-8.990924
8.926793
8.918452
-8.952883
-8.993565
8.986088
-8.945830
-8.964707
8.949274
8.967451
-8.983443
8.921350
-8.968097
8.975818
8.976423
-6.487669
8.951934
8.964612
-8.948414
8.953870
8.986214
8.945929
8.958094
-8.977151
8.988033
-8.937469
-8.989705
-8.972962
8.938602
-8.965846
-8.980205
8.916757
8.980720
-8.936403
-8.963717
8.936661
8.970532
-8.982649
8.955856
8.985585
-8.942474
-8.939956
8.990425
8.969261
-8.988493
-8.936576
8.934515
-8.989841
8.867112
-8.949215
-8.979364
-8.984644
-8.980705
8.997650
8.965611
8.930336
8.967803
8.961194
-8.432492
8.947875
8.959277
-8.687315
-8.964811
8.927851
8.964458
-8.952707
-8.338216
8.972484
-8.959503
8.964193
8.974488
-8.951811
-8.984553
-8.961038
-8.966777
-8.945647
-8.732145
-8.961144
8.958255
-8.940952
-8.932706
-8.994371
-8.991531
8.991807
8.977145
-8.935701
8.920488
8.980806
-8.946015
-8.987251
-8.976214
8.935164
-8.981635
8.979235
8.955649
-8.967615
8.980240
8.964294
8.917829
8.966542
-8.925362
-8.956618
-8.973829
-8.970866
8.959782
-8.977220
8.947489
-8.860995
-8.997009
-8.925030
8.955617
-8.998406
-8.974471
-8.966689
-8.945638
-8.919292
8.972271
-8.955213
8.986366
8.985873
8.955816
8.968414
8.955105
8.939672
-8.913053
8.988651
-8.947529
-8.985595
8.940565
8.985788
8.990451
8.958626
-8.925504
-8.990649
8.972884
8.940912
8.934137
8.466871
8.983108
8.945366
-8.978706
-8.954971
8.984471
8.980049
-8.439740
-8.967895
8.959953
8.989804
8.978036
-8.993028
-8.967697
8.994831
-8.946415
-8.948558
-8.961553
8.974005
8.930032
8.917019
8.384339
-8.943950
8.889647
-8.933400
-8.948730
8.984675
8.978884
8.924355
8.944191
-8.914821
-8.990656
-8.967122
8.942075
-8.342875
8.960068
-8.976609
8.924858
-8.939139
8.990909
-8.958032
8.955723
8.959679
-8.972402
-8.991443
-8.938945
-8.952042
8.669418
-8.964010
-8.942536
-8.539243
-8.941651
8.946302
-8.734232
-8.957126
-8.952921
8.975187
8.877328
8.968763
-8.969763
-8.983651
-8.912365
8.984664
8.982597
8.974637
8.932708
-8.942801
-8.901194
-8.965534
8.948087
8.994695
-8.973316
8.984400
8.960218
8.975543
8.961134
-7.372524
8.945304
8.967505
-8.945678
-8.984001
8.980732
8.954196
8.925773
8.981296
-8.967087
8.888016
8.970645
-8.934631
-8.986568
-8.922279
8.985215
-8.976118
-8.947011
-8.957115
8.960067
-8.942133
8.957629
8.979096
8.959691
-8.994653
-8.940705
-8.963264
-8.971104
8.974171
-8.939692
8.960948
8.991886
8.950576
-8.932231
-8.978370
-8.973084
-8.975475
8.896013
8.962963
8.996077
-8.969659
-8.958439
-8.952131
8.977206
8.984488
8.947896
-8.944458
8.969966
-8.945757
8.973968
8.986870
-8.939772
-8.152280
-8.990204
-8.955764
-8.962648
8.978726
-8.935194
-8.923521
-8.959398
-8.972424
8.987762
-8.973187
-8.969558
-8.964165
8.959022
8.977943
-8.947396
-8.961347
-8.979995
-8.921651
8.946737
8.926639
-8.956146
8.958374
8.958620
8.973396
8.976359
-8.975724
-8.950732
-8.945561
8.935198
-8.943247
-8.961407
8.984759
-8.957481
8.943311
8.957277
-8.967784
-8.947935
8.977000
8.986652
-8.973514
8.955387
-8.726087
-8.940946
-8.960552
8.969863
-8.914506
8.941509
8.981477
8.962914
-8.974122
8.962259
8.971898
8.938529
8.962393
8.954707
8.941953
8.992683
8.944756
-8.980616
-8.904065
-8.950187
8.963707
-8.986065
8.953949
-8.993286
-8.951174
8.971690
-8.952243
-8.951367
-8.987259
-8.957629
-8.958479
-8.925132
-8.972799
-8.982028
-8.986757
-8.967446
-8.763520
8.966818
8.948441
8.950555
8.941562
-8.927828
-8.986992
-8.949279
8.967679
-8.975886
-8.979692
8.827758
-8.959895
8.920420
-8.948743
8.967442
8.954978
-6.068012
8.951437
8.983448
-8.998604
8.947353
-8.994252
-8.985767
8.990509
8.943552
-8.986038
8.972518
8.944787
-8.930253
-8.926726
-8.934960
-8.964529
8.949057
-8.979997
8.975874
8.964107
8.938544
-8.967271
-8.982845
-8.946840
8.976652
8.980008
8.962610
-8.956541
-8.951323
8.661519
8.997720
8.996289
-8.981563
8.882779
-8.953610
-8.977820
8.958428
8.956545
-8.966783
8.975921
-8.929861
8.950086
-8.956621
-8.935853
-8.948748
-8.983850
8.911964
-8.974753
-8.939013
-8.964044
8.978876
8.917705
8.954788
-8.917172
8.973760
-8.967085
-8.946978
8.969625
8.944790
8.908011
8.971962
-8.946312
-8.990671
-8.843228
-8.940840
8.937881
8.978893
-8.992053
-8.926763
8.966560
-8.946185
-8.993478
8.985020
8.985215
-8.990579
8.973861
-8.887374
8.862632
-8.967624
8.962451
-8.938423
8.878289
8.972854
8.977795
8.778173
8.925119
-8.925927
8.956407
8.977315
-8.926424
8.934691
8.988214
8.972827
8.970317
-8.995145
8.920062
-8.950878
8.956579
-8.908341
8.993551
-8.964406
8.988702
-8.980392
-8.937109
8.971684
8.980064
8.952644
-8.967959
8.941989
-8.938298
-8.980151
-8.966936
-8.998952
8.963667
8.994705
-8.994863
8.979397
8.967298
-8.972576
8.993703
-8.977839
-8.944520
-8.966431
-8.981084
8.956481
8.972859
8.993468
8.945437
8.988046
8.975905
8.970301
8.954746
-8.954618
8.967466
8.964836
8.996419
-8.949287
-8.635793
8.975806
-8.958584
8.972946
8.977122
-8.951986
8.951717
8.951315
8.962697
-8.993293
-8.942564
-8.965526
-8.944245
8.963774
8.963315
8.936878
8.886540
-8.899634
8.884592
8.949253
-8.985646
8.986139
-8.993479
-8.977867
8.992266
8.935172
-8.993159
-8.980059
-8.988157
8.923166
-8.995130
8.970277
8.981279
-8.964157
-8.986565
8.961045
-8.967570
8.983502
-8.949118
-8.949792
-8.953051
8.991361
-8.978801
8.951289
-8.954497
8.988897
-8.977695
8.965498
-8.987094
8.791181
8.985196
8.944098
8.920254
8.952226
-8.946505
-8.078824
-8.950724
-8.996058
-8.962646
-8.946811
-8.963145
8.983920
-8.985245
8.976862
8.980581
-8.965589
8.967027
-8.966157
8.933256
8.294196
-8.944572
8.957936
-8.970706
-8.954534
-8.985820
8.951736
8.993767
-8.957009
-8.977674
8.986426
-8.948248
-8.938247
8.945001
8.989259
8.989505
8.992600
8.895857
-8.948568
8.998020
8.978303
8.975004
8.962893
-8.960399
