6.000000	2.000000	50	0.100000	ARCHIVOS_REDES\ER\ER_641.txt
0.089727	5.969700
-5.983662
5.970316
5.992181
5.982582
-5.984363
-5.974046
-5.962136
5.978212
5.983017
5.963886
-5.975178
-5.997229
-5.983046
-5.994267
-5.995064
5.964394
-5.982837
-5.977334
-5.949510
-5.966464
-5.943422
-5.994650
5.985650
-5.996090
-5.957444
5.988188
-5.972322
-5.994169
-5.965062
5.987377
-5.971152
-5.981346
-5.991517
5.968355
-5.928922
5.996879
-5.990531
5.986432
5.961146
-5.911541
5.978361
5.943637
-5.992052
5.993852
-5.976657
-5.980072
-5.966097
5.956387
5.998758
5.912200
5.988336
5.982910
5.962662
-5.911860
-5.966902
5.983792
5.967883
5.995427
-5.978478
-5.995142
-5.950177
5.996036
5.991962
5.967787
-5.961513
-5.973062
5.951405
5.982387
5.973876
-5.981098
-5.958821
-5.982086
5.955864
-5.986367
-5.998122
5.990543
-5.978557
5.982948
-5.989637
-5.979950
-5.976219
5.980590
5.985367
5.904207
5.960668
-5.980016
5.946860
5.970379
5.991316
5.931938
-5.979975
5.982902
5.998393
-5.983267
5.942013
5.968489
5.982279
5.950291
5.967409
-5.970457
5.994687
5.975137
-5.973389
5.964278
-5.980474
5.958329
-5.983695
5.976282
5.985580
5.984338
5.986529
-5.984793
5.980100
-5.982630
-5.983010
-5.980128
-5.972769
5.867781
-5.998744
5.961849
-5.981294
5.867791
-5.932257
5.952900
5.971121
-5.985827
5.980807
-5.993041
-5.941198
-5.967055
5.972342
-5.970867
5.938449
-5.969566
-5.967549
-5.983346
5.987264
-5.999271
5.990490
5.981163
-5.978237
-5.977526
-5.997050
5.964298
5.990964
5.977373
5.992751
-5.991957
5.963397
-5.995795
-5.795626
5.988738
-5.945342
-5.991442
5.991217
5.966089
5.996899
5.986685
-5.967281
-5.998822
5.985194
-5.981471
5.979555
5.966171
5.979729
-5.964044
5.997766
-5.994050
-5.964131
-5.988102
5.951710
-5.998724
5.981346
-5.951061
5.982609
5.977049
5.988034
-5.971859
-5.990368
-5.976029
-5.983239
5.999041
-5.975933
-5.943489
5.969523
5.970579
5.951600
-5.953884
5.957817
5.986346
5.983672
-5.964065
5.997620
5.987336
-5.963460
-5.974677
-5.983057
-5.970521
5.988455
-5.987653
-5.981893
5.981576
5.983507
5.986639
5.914219
-5.977006
-5.985407
-5.970157
-5.960836
-5.966236
5.997602
-5.971729
5.988827
5.971150
5.969508
5.969282
-5.972018
5.992106
5.983103
5.972175
5.953604
5.946172
5.956160
-5.970127
-5.996002
-5.983217
5.985145
-5.974339
-5.966004
5.965953
5.993093
5.982622
-5.959374
-5.986512
-5.946514
-5.980929
5.990394
5.967000
-5.950460
-5.973294
-5.983745
5.909236
-5.994585
5.991898
5.996532
-5.953581
5.997663
5.937037
-5.985052
-5.984306
-5.987282
5.961967
5.963550
5.967503
5.954214
5.992984
-5.994988
-5.958737
5.972420
-5.954736
-5.975512
-5.973706
5.985669
-5.982541
-4.097394
5.973884
-5.978091
5.972619
5.929875
5.988216
-5.974308
-5.983591
5.945841
5.957296
5.979255
5.984908
-5.979001
-5.974272
-5.994132
-5.963243
5.983254
-5.978733
5.978309
5.984627
5.953367
5.972397
-5.970472
-5.965632
5.980427
-5.980163
-5.980273
-5.997088
-5.965786
-5.990289
5.995649
5.966452
5.990748
-5.988406
-5.961393
-5.972932
-5.916284
5.950053
-5.972231
5.968753
5.994776
5.968093
-5.996317
5.995835
5.984706
-5.983621
5.969455
5.962203
5.963094
-5.946066
5.997995
5.979500
5.976732
5.980905
5.998056
-5.968833
-5.974822
-5.975898
-5.974276
5.974162
-5.930709
5.979204
-5.974616
-5.980052
-5.977209
-5.954089
-5.985331
-5.947427
5.966099
-5.987414
5.987723
-5.977970
-5.909578
-5.965637
5.960101
5.993276
-5.979675
5.961151
5.993914
-5.980541
-5.978064
-5.961608
5.997896
-5.981110
-5.994010
5.985356
-5.988816
5.966346
-5.995159
5.979068
5.989232
-5.984835
5.982123
5.996558
-5.967622
-5.957476
5.968325
5.989822
5.988032
-5.959578
5.968238
-5.980131
-5.961007
5.984576
5.936601
-5.967205
5.967108
5.983790
-5.970810
-5.969808
-5.988202
5.980415
-5.964802
5.938998
5.992873
5.962452
5.866101
5.969994
5.977036
-5.992868
5.982361
5.997084
-5.994007
5.995921
-5.994409
-5.996110
5.963756
5.966853
-5.966852
-5.992011
-5.995508
5.982651
5.997575
5.988341
5.974832
5.998528
-5.983739
5.972851
-5.981073
-5.978232
5.960451
5.988773
-5.944185
5.959332
5.979724
-5.976575
5.991458
5.973454
5.990024
5.979456
5.946959
-5.987125
-5.990750
5.967220
-5.982982
5.962323
-5.972938
5.998307
5.995121
-5.996047
-5.932578
5.990782
-5.968015
5.975135
-5.963591
5.994971
-5.977473
5.956040
-5.981123
5.959136
5.985223
-5.958541
-5.921818
5.991884
5.992202
5.991463
-5.975719
5.985965
-5.978046
5.995667
5.983602
-5.961919
5.983256
5.986957
-5.973565
5.962411
5.926003
5.993704
5.983617
5.979052
5.999060
-5.987506
-5.981235
-5.954018
5.979652
5.986139
-5.985053
-5.977408
-5.984863
-5.976996
5.951667
-5.678255
5.991206
-5.992209
5.992673
5.996358
5.980566
-5.973145
5.984010
-5.965440
-5.967965
-5.960824
-5.981752
5.980988
5.958377
5.972981
5.985594
-5.985789
5.991907
5.957649
5.966906
5.988971
-5.997511
-5.969631
-5.960210
-5.988176
-5.957008
-5.962830
5.982275
-5.993000
-5.958089
5.998813
-5.979377
5.981403
-5.985781
-5.970801
5.972787
5.954211
5.987514
-5.982300
-5.951619
5.957701
5.985249
5.957104
-5.925440
5.974511
5.940160
5.993203
5.989152
5.984626
5.992305
-5.970111
5.996416
-5.999114
5.992838
-5.984379
5.985180
5.971555
5.985365
-5.981883
-5.973942
5.988664
-5.986729
5.958481
5.976190
-5.993978
-5.966931
5.990049
5.999268
-5.991081
-5.947972
-5.998309
5.984857
-5.986909
5.933075
-5.974698
5.980987
5.984712
5.972820
5.995788
5.953098
-5.973914
5.963281
5.987813
5.961470
-5.984255
-5.965764
-5.988965
-5.969999
5.998710
5.995442
-5.949278
-5.990804
5.960767
5.982814
5.982895
5.974469
5.993912
5.967635
-5.972411
-5.976390
5.970109
5.900522
-5.971658
5.969152
-5.981359
-5.996485
-5.974466
5.991050
5.962155
-5.973746
-5.985509
-5.982772
5.977097
5.989121
-5.979541
5.936731
-5.949545
5.948289
5.969964
5.964342
-5.965312
-5.981217
-5.994890
5.997973
-5.993449
5.997873
5.977639
5.972068
-5.985383
5.997809
-5.981795
-5.972765
-5.991594
-5.962450
5.965391
5.995101
-5.978952
5.964137
-5.958976
5.981916
-5.988464
5.990194
5.988433
-5.959207
-5.965601
-5.977810
5.991850
-5.993971
5.972673
-5.975637
-5.969879
-5.986396
-5.954462
-5.997169
-5.973393
-5.984270
5.994990
-5.981558
-5.983302
-5.992618
5.964476
5.979882
5.996142
-5.982992
-5.990228
5.961446
5.964155
5.979079
5.989228
5.961637
5.961139
5.987861
5.961052
5.975110
5.981047
-5.980137
5.994432
-5.956647
-5.981672
-5.931108
-5.965523
-5.980349
5.985024
5.942984
5.987035
-5.970336
-5.999013
-5.966836
5.947135
5.898732
-5.981707
-5.979714
5.972877
-5.963052
5.944739
5.966007
-5.983273
5.984325
5.970990
5.970224
-5.990648
-5.977552
5.887213
5.994571
5.964986
5.905162
-5.987509
-5.957428
-5.971858
5.970075
-5.947230
5.960466
5.976821
5.955219
5.972892
5.998759
5.984212
5.985786
5.972497
-5.962620
-5.991262
5.977344
5.982724
-5.965581
5.986425
5.939698
-5.983630
5.967724
-5.932978
5.969138
5.966663
5.998901
-5.985620
5.988313
-5.940733
-5.973579
5.985459
-5.962887
5.965673
5.981946
5.967913
-5.964693
-5.983299
5.967046
-5.972810
-5.969778
5.964200
5.990992
5.973871
-5.983952
-5.983875
5.988301
5.861206
-5.982956
5.995049
5.975080
5.989857
5.995104
-5.998439
5.956794
-5.989070
-5.972864
-5.970888
-5.998059
-5.959168
-5.962317
-5.974846
5.960100
5.929057
-5.990684
-5.823152
5.979234
-5.966666
-5.960045
5.993927
-5.966187
-5.958941
5.960432
-5.977540
5.945828
-5.988208
-5.969565
-5.995287
-5.923397
5.955825
5.994737
5.979441
-5.986436
5.987298
-5.912431
5.928638
-5.981783
5.985992
5.968922
5.983170
5.990143
5.993174
5.976482
5.975091
5.976741
5.993293
5.948716
5.991860
5.990757
-5.971390
5.984515
5.988054
-5.962192
-5.981391
5.965882
-5.974543
5.987427
-5.992100
-5.990948
-5.977556
5.977738
5.970572
5.981123
-5.971801
5.980805
-5.950688
-5.960467
-5.958372
5.983991
-5.976980
-5.989433
-5.901132
5.967013
5.958826
5.972325
-5.994983
-5.970999
5.985230
-5.963384
-5.996317
-5.558156
-5.927564
5.970592
-5.991992
5.978564
-5.994370
5.999153
5.957083
5.994491
5.933346
5.992215
-5.973490
-5.997222
-5.981742
5.995392
5.978107
-5.964590
-5.983644
5.982185
5.964849
-5.991197
5.971551
5.991168
5.976614
-5.973698
5.991757
-5.936780
-5.995169
-5.991676
5.995165
5.989394
5.957434
-5.981156
-5.974904
-5.966663
5.941374
5.964751
-5.993744
-5.967459
5.985241
5.970375
5.971753
-5.978517
-5.970598
-5.821688
-5.982387
5.966748
-5.978715
5.977188
5.979303
-5.994589
-5.998445
5.996375
-5.976161
5.990912
5.955281
5.956002
-5.963701
-5.967485
-5.990794
-5.975445
5.977652
5.988266
-5.980837
5.993531
-5.992612
-5.978668
-5.984760
5.984290
-5.963535
-5.971132
5.981481
5.996154
5.977326
5.985571
5.987705
5.972088
5.956582
-5.959840
5.993839
5.941335
5.976300
5.979189
-5.965389
5.994219
-5.998593
5.941578
5.900047
-5.971318
-5.987466
5.992611
-5.988098
5.976369
-5.957961
5.980983
5.979686
5.986296
5.991884
-5.992967
-5.964954
-5.953772
5.988675
-5.974762
-5.924748
-5.963565
5.989070
5.987724
-5.995605
-5.962284
5.981870
5.975601
-5.982585
-5.975375
-5.960392
5.958118
-5.965167
5.987425
5.957844
5.982946
5.997494
-5.973401
-5.979702
5.973833
-5.962376
-5.962508
-5.985899
5.984317
5.987605
-5.991085
5.994726
5.965264
-5.991332
-5.988976
-5.990638
5.999542
5.936599
5.952938
-5.957963
-5.953771
5.957491
5.982551
5.961106
-5.951866
-5.993762
5.963645
5.980934
-5.960705
-5.984142
5.987103
-5.967609
5.968615
-5.971058
-5.994791
-5.991713
-5.961810
5.980581
5.979886
5.967400
5.984707
-5.973379
-5.953508
5.955980
5.977600
5.976219
5.977392
-5.972774
5.955588
-5.984814
5.924716
-5.991118
-5.982338
-5.904566
5.979119
5.981934
-5.968527
5.995685
5.972196
5.980032
-5.972890
5.977416
5.988749
5.982751
-5.944504
5.971620
-5.996714
5.971240
-5.988124
5.994649
-5.892556
-5.962166
-5.976502
5.995198
5.994071
-5.960425
5.952089
-5.984586
5.971925
5.981455
5.970875
-5.998082
5.998176
5.980780
-5.994800
5.978700
-5.976624
5.971738
5.960600
-5.982725
-5.990148
5.981364
-5.962525
5.993475
5.971393
5.984695
-5.963084
-5.997052
5.972517
5.986992
5.985694
5.974135
5.957072
5.990169
-5.972890
5.959518
-5.984586
5.967322
-5.964241
-5.982217
5.977325
-5.950685
5.980049
-5.984152
5.977208
5.963306
-5.981043
-5.963606
5.989900
5.988275
-5.970941
-5.982317
5.988101
-5.955670
-5.995449
5.988782
5.994115
-5.976631
-5.983837
-5.980512
-5.976191
-5.984482
5.984268
5.973922
-5.988464
-5.968892
5.977660
-5.997336
5.990050
-5.909525
5.966253
-5.979312
-5.982156
-5.979054
5.987063
5.969514
5.991364
-5.985887
-5.931467
-5.969933
-5.958616
5.992214
5.991207
-5.994862
-5.986751
5.978645
5.972067
-5.958406
-5.964163
5.983144
-5.981208
-5.965566
5.986889
-5.989935
-5.961132
5.977959
-5.972902
-5.923687
-5.893603
-5.976473
5.965095
-5.955442
5.980578
-5.966915
-5.982698
-5.987612
-5.999165
-5.963658
5.972670
-5.983668
-5.963653
5.988998
-5.973539
-5.986510
5.996213
-5.906380
5.986182
5.981059
5.995155
5.993737
-5.957722
5.979274
-5.896961
-5.949417
-5.998187
5.941089
-5.974821
5.982639
5.974164
-5.976732
-5.983354
-5.988730
5.979397
-5.963602
5.966332
5.963205
-5.981581
5.981028
-5.978313
5.961819
-5.988335
5.956061
-5.962125
5.983041
-5.983137
5.974406
-5.980733
5.981351
-5.993501
-5.970639
5.976116
-5.980911
5.977769
-5.951926
5.993269
5.971882
-5.963101
5.980573
-5.991890
5.979158
-5.982036
-5.995599
-5.994670
5.965422
5.986578
5.917440
5.992759
-5.962829
-5.956445
-5.976754
5.982945
-5.972964
-5.974832
5.984325
5.983390
-5.947666
-5.987188
5.950349
-5.973899
5.935501
5.902187
5.948375
5.989660
5.961420
-5.970835
5.949383
5.977242
5.998334
5.991884
-5.989054
5.973195
-5.984454
-5.982480
-5.994412
-5.988986
5.985539
-5.988369
-5.988471
5.986618
-5.994727
5.981204
-5.970492
-5.973784
-5.957521
5.992175
-5.956348
-5.996300
5.992498
5.980720
5.967174
-5.961293
-5.995922
5.980785
5.998160
5.964249
-5.995190
5.984523
-5.973592
5.997640
5.949883
5.960939
-5.947554
-5.982459
-5.968136
-5.961058
-5.958297
-5.972160
5.969144
5.956528
5.991697
5.963846
-5.988821
-5.973750
5.972544
-5.980296
-5.960541
5.991956
-5.972161
5.969250
-5.959341
5.993997
5.984390
5.962378
-5.998052
5.995458
5.987091
-5.993935
-5.998215
-5.992703
5.964242
5.943035
5.966137
-5.999409
5.970475
5.959252
5.995370
5.990475
-5.995940
5.905821
-5.989115
5.949136
5.997666
-5.961610
5.992184
5.976511
5.969852
5.899662
-5.967614
5.992187
5.970199
-5.964310
-5.992192
-5.992206
-5.978581
-5.972892
5.999629
-5.956279
5.978924
5.982551
-5.948169
-5.971435
-5.989315
-5.971073
-5.957056
5.992733
-5.975905
-5.966988
-5.982360
-5.979065
-5.963406
5.991904
-5.963127
5.987487
5.905283
5.987643
-5.985462
5.993179
-5.962081
5.974269
-5.950655
5.960735
5.982989
-5.977466
-5.968106
5.986734
-5.987802
5.976389
5.961022
-5.988546
5.957811
-5.968249
5.995052
-5.968198
5.988863
5.982509
-5.984915
5.986798
-5.959692
5.991386
5.971901
-5.960917
-5.997870
5.971812
5.963348
5.952531
5.985411
5.957831
-5.991836
5.964288
-5.995844
-5.957324
5.979690
-5.972963
5.975266
-5.977308
-5.979006
-5.956175
-5.935166
5.982852
-5.958511
5.998055
-5.942148
-5.970601
5.915364
-5.967606
5.976080
5.825598
5.991390
-5.975535
-5.941322
-5.991353
-5.973242
5.983881
-5.998383
5.968619
5.985270
-5.965060
-5.999254
-5.967973
5.920752
-5.967108
-5.981811
-5.944699
-5.991998
5.969353
-5.985672
5.971453
-5.972198
-5.954671
5.960063
-5.996659
5.998470
-5.983382
5.989803
5.983831
5.964942
5.983199
-5.976534
5.934229
-5.987239
-5.255776
-5.972208
-5.950052
-5.975424
-5.989626
-5.968410
5.996253
-5.977773
-5.991914
-5.995713
-5.884576
5.964268
-5.956496
5.942558
5.863648
-5.979746
5.985449
5.911925
5.981533
5.977377
5.985424
5.987534
5.947790
-5.982778
5.973100
5.964256
5.981784
-5.962596
5.973764
-5.993849
-5.991502
-5.983423
5.987987
-5.940241
-5.979343
-5.983270
5.947969
5.985999
5.976921
-5.984035
-5.977636
-5.966748
-5.975175
5.982005
5.958590
-5.985421
5.997112
5.969931
-5.982860
-5.975479
-5.976660
-5.996446
5.989473
5.975028
-5.962097
5.976461
5.985442
5.961427
-5.964078
5.968866
-5.976208
-5.989200
5.980286
5.724470
5.959015
5.967457
-5.969547
5.992194
5.962486
5.991315
5.957133
5.971910
-5.950225
5.950824
5.983100
5.990846
5.971519
-5.969127
5.973034
5.984662
5.967157
-5.963491
5.971668
-5.954972
5.952893
5.993844
5.991147
-5.973489
-5.936214
-5.989510
-5.988795
-5.971963
-5.962855
5.955668
5.980188
-5.992329
5.966642
5.976468
-5.996160
5.987635
-5.966313
5.995407
5.990177
-5.988082
-5.987573
5.958661
5.923986
-5.993190
-5.908704
5.995015
-5.968252
-5.991438
5.864213
-5.992614
-5.995581
5.963787
5.969389
-5.993966
-5.982452
5.915253
-5.964784
5.985741
-5.966594
-5.977230
-5.986911
-5.987240
-5.982300
5.974963
-5.996310
-5.990522
5.959521
5.994098
-5.990092
-5.999158
5.962918
5.988442
5.961158
5.956379
-5.988465
5.975174
5.963748
5.963890
-5.994313
5.991341
-5.963818
-5.945167
-5.980013
5.977353
-5.987875
5.973991
-5.984106
5.978515
5.958204
5.962091
5.985699
5.969238
-5.987430
-5.965022
5.952849
5.968833
5.977653
-5.980218
5.948765
5.976681
5.976459
5.996725
-5.944732
-5.988100
-5.985157
-5.981830
-5.973464
5.991486
-5.968384
5.973793
5.991514
5.974894
-5.958265
-5.949899
-5.957292
5.970798
5.989898
-5.991702
-5.976127
-5.976174
5.958778
-5.959651
-5.957817
-5.984229
-5.973327
5.964926
-5.997249
5.960984
5.959045
-5.995612
-5.967457
-5.976970
5.905708
-5.955066
5.958408
-5.965307
5.981743
5.932146
5.972862
-5.988944
-5.946335
-5.941197
-5.955361
-5.991200
-5.962651
-5.995680
5.998007
5.950885
-5.975621
-5.963183
5.961023
-5.980650
-5.978806
5.991573
5.989569
-5.979807
-5.992166
5.995911
5.949957
5.991768
-5.988888
5.966597
5.955841
-5.997406
5.974661
5.995222
5.996884
5.993748
5.980020
-5.952248
-5.978663
-5.958470
-5.996051
-5.993917
5.993964
-5.967647
5.977108
-5.965203
-5.968613
5.912354
-5.983238
-5.989604
-5.997234
-5.952496
5.980352
5.965645
5.981473
5.962948
-5.981573
-5.967093
5.991733
-5.987714
-5.990144
-5.973120
-5.984233
-5.993214
5.972431
5.960522
-5.970157
-5.978918
5.997453
5.960284
-5.972460
-5.965627
5.943117
-5.989493
-5.977278
-5.974487
-5.984410
-5.989167
-5.980018
-5.978125
5.979144
-5.992527
5.986540
5.990652
5.981250
5.968740
-5.993568
5.964581
5.992554
-5.968121
-5.994297
5.990071
-5.986146
5.989870
-5.876889
-5.995693
5.975480
5.940814
5.987655
5.978684
-5.970081
-5.988612
-5.988303
-5.987589
5.979706
-5.983781
5.993574
-5.962321
-5.987846
5.992467
-5.936208
-5.975260
5.971772
5.973586
-5.981201
5.964376
-5.887873
-5.984643
-5.971559
5.911410
5.980711
5.945323
5.999572
5.974441
-5.971944
-5.981347
5.967865
-5.988406
5.969695
-5.969314
-5.953701
-5.994341
5.952479
5.976879
-5.969996
-5.967615
-5.988163
5.973024
-5.983124
-5.964566
-5.996938
-5.994657
5.973168
5.976832
5.989481
-5.993311
5.992838
-5.952873
-5.960876
5.981579
-5.989854
5.967477
5.974672
-5.991887
-5.971676
-5.973600
-5.971716
5.964196
-5.974257
5.991712
5.977323
5.970651
5.981061
-5.933008
-5.963874
5.979466
5.967971
-5.987341
-5.970229
5.979664
5.991601
5.975272
-5.989321
5.979739
-5.963875
5.964851
5.990523
-5.983005
-5.974231
5.965382
-5.980779
-5.975169
-5.977894
-5.982607
-5.970395
-5.970792
5.998733
-5.907851
-5.961311
5.954439
-5.986793
5.970318
5.962621
5.997492
5.991316
5.979479
-5.972001
5.994813
5.980757
-5.976094
-5.962711
-5.973908
5.947745
-5.977837
5.967666
5.982609
5.957275
-5.971898
5.946153
5.981559
-5.958738
-5.995419
-5.972287
5.984090
5.970627
-5.995806
-5.974994
-5.982612
-5.992271
5.957347
-5.973433
5.986387
-5.994517
-5.993501
-5.982352
-5.976159
5.996247
-5.964367
5.994972
5.971890
5.989116
-5.998571
5.998556
5.986481
-5.965260
5.967504
5.969012
-5.990031
5.968025
5.996344
5.998031
-5.974297
-5.990633
5.987798
5.864752
5.977472
-5.965849
-5.962218
5.989810
-5.988623
-5.984413
-5.952788
-5.955285
5.963247
5.991321
-5.917061
-5.990995
5.934444
-5.976369
5.972357
5.969178
-5.989592
-5.995228
-5.992352
5.992856
-5.989215
-5.981273
5.963191
-5.962427
5.985191
5.957546
5.987783
5.991560
-5.988852
5.965905
-5.968407
5.982874
5.966400
5.973493
-5.960983
5.968826
-5.984946
-5.997093
-5.991826
5.938903
-5.983128
5.993191
5.953789
-5.989362
5.998698
-5.987033
-5.985298
5.968312
5.963300
5.948350
5.983821
5.957817
-5.978998
5.951367
5.997388
5.920149
5.958149
5.958829
-5.948346
5.874143
-5.976345
-5.998625
5.945498
5.984872
5.976166
5.975880
5.968950
5.978736
5.955551
5.988066
-5.991970
5.999004
-5.985889
-5.962354
5.977976
5.953876
-5.799308
-5.964340
5.969225
5.954572
5.970364
5.988093
-5.997164
5.967045
-5.980100
5.910964
5.954938
-5.957477
-5.993059
5.963309
-5.995654
-5.990440
-5.941997
5.996790
-5.954789
-5.977222
5.997574
5.962834
-5.953844
5.960414
-5.992257
5.996771
-5.969276
5.998382
5.964886
5.983779
5.993537
5.994139
5.975720
5.940987
-5.932990
-5.997371
-5.970432
5.972884
-5.967809
-5.874383
5.995194
5.980145
-5.988387
-5.954429
5.947837
-5.979234
5.984668
5.965673
5.972954
5.986694
5.971175
5.973025
-5.997707
5.975767
5.996311
5.993459
5.954527
5.951665
5.975261
-5.762890
5.942776
5.973669
-5.958730
5.958017
-5.999020
5.988147
-5.884548
-5.965938
-5.970393
5.979141
5.992396
-5.990562
5.998958
5.998242
5.970201
-5.981876
5.988543
-5.990994
-5.955646
-5.975973
-5.983205
-5.747371
-5.982956
5.975030
5.964802
5.981690
5.990588
-5.974153
-5.954377
-5.965397
-5.997617
5.988613
5.975231
-5.967129
-5.987543
5.974637
-5.961593
-5.997728
-5.971300
-5.979400
-5.946893
-5.997624
5.994069
5.999628
5.975890
-5.983194
5.996488
-5.988244
-5.981029
5.977069
-5.994073
5.986335
5.987176
5.997331
-5.967358
5.956511
5.989791
5.991614
-5.960723
5.978280
5.990841
5.989899
-5.977394
5.981298
5.968249
5.963114
5.963085
-5.965018
5.959665
-5.929263
-5.963101
5.979887
5.961576
5.957547
-5.985033
5.916855
-5.975545
-5.983699
-5.988412
5.968740
-5.978725
5.967120
5.951299
-5.970390
-5.994667
-5.982330
5.956724
5.966790
-5.980729
-5.966308
-5.971011
5.995162
-5.980222
-5.986649
-5.834311
5.972510
-5.946545
-5.941994
5.975903
5.981029
5.979384
5.973109
5.948810
5.921782
-5.943546
5.960682
-5.993415
5.995576
5.968050
-5.964842
5.981823
-5.990406
-5.979023
-5.956119
5.985885
-5.973732
-5.957515
-5.972601
-5.991899
-5.996268
-5.996919
-5.943995
5.985789
-5.986148
-5.993263
5.995340
-5.977427
5.972355
5.963038
5.991186
-5.993050
5.967566
-5.981880
-5.992843
5.999378
-5.969784
-5.971961
5.975933
5.957859
5.971097
-5.954305
5.984006
-5.968248
5.981897
5.970014
-5.995063
-5.990747
-5.828818
5.963459
5.987242
-5.973022
5.986322
5.946667
5.960031
5.968679
-5.976910
-5.997397
5.976759
5.991933
-5.981738
5.971020
-5.971373
5.968921
-5.985502
5.979736
-5.977342
-5.978991
5.971737
5.969055
-5.976515
-5.975482
5.993375
-5.968932
-5.972359
5.934281
5.981071
-5.984153
-5.962233
-5.962865
5.968739
5.978733
-5.987023
5.932842
-5.960591
5.977188
-5.961772
-5.974974
5.963885
5.961182
5.952780
5.964772
-5.979916
5.952292
-5.968379
-5.991293
5.970906
-5.981630
-5.968215
-5.977104
5.987483
5.984017
-5.977316
-5.971899
5.983773
5.959796
-5.977989
5.958798
-5.971566
5.977695
5.968429
5.974888
5.998580
-5.995981
-5.981340
5.965764
-5.971160
-5.980919
5.980191
5.917353
5.978666
5.986307
5.999122
-5.978192
5.985951
-5.981555
5.956974
-5.952477
-5.966639
-5.997607
-5.990344
-5.991009
5.966312
5.931149
-5.999122
-5.973496
-5.975325
-5.986509
5.968512
-5.963945
-5.987308
-5.984291
-5.997213
-5.974719
5.988367
-5.967377
-5.968213
5.961901
5.948404
5.920925
5.976861
-5.950772
5.988267
5.983531
5.968184
5.992643
5.992605
-5.970333
5.983596
-5.957580
-5.971228
-5.933044
5.988785
5.979657
5.992507
-5.995362
-5.991402
-5.967312
5.978476
5.985057
-5.984506
-5.971347
-5.970676
5.957758
-5.994875
-5.988347
5.980431
-5.962023
-5.986821
-5.986443
5.971382
-5.979212
-5.983948
-5.961167
5.947437
-5.982678
-5.960940
5.981825
5.861580
5.970342
-5.965667
-5.984569
-5.969705
5.971924
5.983266
-5.982568
-5.994554
5.797567
-5.952004
-5.981193
5.962761
-5.960995
-5.974031
-5.855516
5.965998
5.990345
-5.971006
5.970398
5.968441
5.965890
-5.959412
-5.913621
5.952308
-5.983395
5.954257
5.953485
-5.953794
5.950011
-5.986665
-5.994880
5.983445
-5.983355
-5.979933
-5.954681
5.949988
-5.968504
5.966325
-5.944831
-5.989813
-5.972833
5.944870
-5.994089
-5.950906
-5.974861
5.996256
5.972695
5.970328
5.943978
5.945740
5.983062
5.981399
-5.983408
5.962676
5.992845
-5.929627
-5.987649
-5.984623
-5.980216
-5.981317
-5.991080
5.987846
5.991774
-5.997577
-5.995385
5.978414
-5.974460
5.962096
-5.979055
5.973106
5.981968
-5.989265
-5.988671
5.983064
5.956971
-5.958482
5.957383
5.990639
5.986624
-5.992802
5.967090
5.965546
-5.991425
-5.998499
-5.985963
5.997133
5.944200
-5.935953
5.985200
5.937385
5.939868
-5.970965
-5.990741
5.992705
-5.943268
-5.949473
-5.998111
-5.961121
5.974121
-5.977815
5.970451
-5.983632
-5.989264
5.995619
-5.963056
5.993670
-5.990327
5.977767
-5.971667
-5.963762
5.964157
-5.962969
-5.988924
5.962288
5.963109
-5.961836
-5.973365
-5.960353
5.981842
5.986551
5.987131
5.982873
5.954145
-5.999013
-5.990404
5.985253
-5.975611
5.972441
5.992152
5.992629
5.984888
5.998593
5.988447
-5.955369
5.969011
-5.915517
5.991451
5.974572
-5.961453
5.916876
-5.961291
5.564849
5.949047
-5.997967
5.996087
5.993238
5.982407
5.965885
-5.976679
5.958120
5.975027
5.978657
-5.976313
-5.966456
-5.985382
5.981944
5.919454
5.991542
-5.968835
-5.995975
5.991439
-5.998226
5.960228
5.958614
5.980102
-5.976763
5.955310
-5.974758
5.987174
-5.991984
5.991081
5.946460
5.962559
5.983003
5.988103
-5.974448
-5.965106
5.983709
5.986815
5.954054
-5.982123
-5.958895
5.986634
-5.987141
5.993690
5.962011
-5.982963
5.964844
-5.979856
-5.984604
-5.986416
5.973153
-5.958401
5.974931
-5.976720
-5.990572
-5.990379
-5.962697
-5.993434
-5.986346
-5.955695
-5.979357
-5.957277
5.976080
-5.981300
5.967860
5.991290
-5.966495
-5.994822
5.974765
-5.967475
5.960182
-5.955247
5.990406
5.995575
-5.995634
5.983661
-5.946498
-5.968022
5.980783
5.990226
-5.973398
5.998362
5.992843
-5.988904
-5.990551
5.986077
-5.902626
-5.961923
5.965033
-5.965452
5.731885
-5.953120
-5.960760
5.939719
-5.983912
5.991478
5.989955
-5.994559
5.944799
5.976022
5.953591
-5.944215
-5.964683
5.989762
5.964277
5.979612
-5.963233
-5.970920
5.940112
5.989813
-5.992829
5.996637
-5.968085
-5.978611
5.985995
-5.989739
-5.956171
5.965789
5.986285
-5.994985
-5.981129
5.984237
5.986797
5.970657
5.877463
5.934883
-5.969822
-5.773330
-5.973420
5.978175
5.967016
5.970932
-5.989496
5.968220
-5.964066
-5.975867
5.961303
-5.987426
-5.981228
5.991212
-5.987426
-5.968723
5.975105
-5.973270
5.955407
-5.966211
-5.967784
5.918695
-5.976272
5.975823
-5.965291
-5.994957
-5.986117
5.969672
-5.945674
5.956878
5.989296
-5.951246
5.994484
5.988937
-5.992468
-5.969043
5.974897
-5.988030
-5.975499
5.991990
5.985144
5.983122
5.969848
5.976082
-5.980212
-5.955358
-5.989359
-5.988515
-5.984548
-5.965595
-5.971793
-5.814153
-5.965127
5.988859
-5.992513
-5.944618
5.974710
-5.972813
-5.990123
-5.967367
5.973833
-5.967325
-5.960659
-5.972001
-5.799449
5.930169
-5.965835
-5.964285
5.965632
5.991128
-5.973735
-5.986406
-5.983771
-5.981674
-5.977827
-5.954400
-5.982014
-5.946991
-5.981284
5.982657
-5.955126
5.967623
-5.995787
-5.995802
5.985247
5.928406
5.962741
5.997061
5.994028
5.933974
-5.964256
5.991662
5.964522
-5.998608
5.980347
-5.961798
-5.957383
-5.988255
-5.988780
-5.968235
-5.990374
5.993735
5.953392
5.994010
-5.953346
5.991261
5.960495
-5.966041
5.913697
-5.950185
-5.952969
5.983857
5.998384
-5.993436
-5.953479
-5.895888
-5.977725
-5.960634
5.968398
5.980460
5.967930
5.993798
5.990015
-5.988817
-5.972957
5.958657
5.989683
5.993887
5.988039
-5.996448
-5.986078
5.980928
5.987889
-5.898130
-5.968880
-5.982078
5.959903
-5.976579
-5.969888
-5.987216
5.991175
-5.999016
5.992411
5.991377
5.958510
5.961311
-5.974993
5.994664
-5.907193
-5.992110
5.972217
5.991397
5.996584
5.997642
-5.980145
-5.985585
5.976506
-5.976523
-5.983550
-5.960040
-5.961653
-5.977747
-5.976238
-5.983452
5.947048
-5.992075
5.956813
-5.989146
5.986838
5.971376
-5.996041
5.987259
5.979312
5.945196
-5.996882
-5.954845
-5.982100
5.984549
5.968261
5.977619
5.973480
5.983193
5.934264
-5.999471
-5.982739
5.962380
5.974831
5.968202
5.980155
5.982422
5.959654
5.990910
5.989277
5.995490
5.990518
-5.982382
-5.976060
5.964061
5.979038
5.966819
5.980382
5.951659
5.978488
-5.962802
-5.961766
-5.995666
-5.990299
-5.973146
5.971944
-5.956390
5.955372
5.958871
5.969541
5.940994
5.951809
-5.980289
-5.975139
-5.956249
-5.980170
-5.983582
-5.979970
-5.989369
-5.993770
-5.983108
5.959197
5.980786
-5.973754
-5.959698
5.984135
-5.993369
5.998301
-5.989433
-5.967176
-5.990684
-5.983292
5.988884
-5.990773
-5.964487
5.976719
5.995585
5.989340
-4.187940
-5.954507
-5.988553
5.947675
5.959334
-5.960497
-5.980928
-5.963635
-5.978556
-5.963553
5.975201
5.980144
-5.961489
-5.989490
-5.968634
-5.980335
5.967407
-5.966640
5.956148
-5.954404
5.981498
-5.967674
5.964453
-5.984648
-5.990024
5.977256
-5.951051
5.984042
5.947583
5.992820
-5.976353
-5.946645
-5.999523
5.931080
5.986563
-5.826849
-5.971588
5.983346
-5.983972
5.995839
-5.980511
-5.968915
-5.954932
5.997154
5.999547
5.971665
-5.984048
5.991627
5.976795
5.965820
-5.984261
5.996100
5.978844
-5.986567
-5.937666
5.994735
-5.955315
5.912067
5.965336
5.982315
5.980440
-5.970450
5.983689
5.998572
5.985754
5.973877
5.976182
-5.995566
5.975166
5.947703
5.990516
-5.966140
5.957442
-5.992023
5.972011
-5.960122
5.976042
5.970529
5.982761
-5.972325
-5.958114
-5.981711
-5.989525
5.990320
5.967622
5.978286
5.964328
5.987498
5.973723
-5.976299
-5.994774
5.993025
-5.972728
-5.983935
-5.940749
5.977227
5.943556
-5.969087
-5.972761
5.991159
5.979065
5.961238
5.960050
5.986807
-5.988481
-5.945951
-5.998167
-5.965253
5.977878
-5.971458
-5.988435
-5.995803
-5.959405
5.999045
-5.994575
-5.993776
5.963856
5.975231
5.997826
5.984380
5.995799
-5.973585
5.971857
-5.993654
5.993829
5.973363
5.993080
-5.970940
-5.953426
5.981785
-5.952671
-5.989032
5.985890
-5.993038
5.922640
-5.968757
-5.847184
5.967021
-5.984287
-5.974849
-5.985537
5.995469
-5.965598
5.972891
5.984796
-5.941647
5.984570
5.933216
-5.964181
5.981773
-5.980185
5.969372
-5.956014
5.967815
5.956943
5.991635
5.959443
-5.983629
-5.988332
5.989738
5.980106
5.976461
5.995434
5.958198
5.959870
-5.968778
5.972576
-5.986512
5.949547
5.890204
5.978834
-5.969845
5.972509
5.990600
-5.963605
5.989120
5.977716
5.972234
-5.986358
5.984190
5.967487
5.986223
-5.993034
-5.993444
5.999729
-5.994122
-5.971783
-5.973410
-5.967597
-5.974715
5.979937
5.978482
-5.962234
5.972837
5.964570
5.993641
5.993427
5.979103
-5.978118
5.986446
-5.997587
-5.987299
5.963397
5.967029
-5.985131
-5.996419
5.964702
5.984580
5.996424
5.955148
5.997045
5.992951
-5.941869
5.994627
5.970800
-5.866494
-5.981523
5.982879
5.966780
5.972735
5.998428
5.973849
5.992424
5.983986
-5.991697
5.964128
-5.981358
-5.990568
-5.982205
-5.974971
-5.983365
5.962715
-5.983294
5.952995
-5.977913
-5.986992
5.980500
5.991175
5.985853
-5.997971
-5.991872
5.442744
-5.991612
-5.956511
-5.989751
-5.966753
5.964248
5.982409
-5.954504
5.991809
-5.997519
5.963176
-5.989852
-5.959597
-5.977800
-5.972219
-5.978554
5.979204
5.979251
5.949550
5.970561
-5.969761
-5.943092
5.980583
5.983073
-5.961365
5.971141
5.993496
5.991929
-5.936763
5.952587
-5.728713
-5.951704
5.969243
-5.960621
5.977609
5.844724
-5.982094
-5.980165
5.888629
-5.995522
-5.990815
5.981301
-5.964977
5.989581
5.994375
-5.997505
5.997168
-5.984706
-5.985347
-5.992531
5.951171
-5.938287
5.996442
-5.964115
-5.969363
5.957052
-5.970473
5.957282
5.974301
-5.974381
-5.995483
5.973974
-5.955389
-5.965734
5.979421
5.992065
5.959991
-5.993722
-5.980795
-5.995195
5.994907
5.990878
5.905678
-5.981879
-5.966162
5.967318
5.991211
5.990577
5.963870
5.994375
-5.996042
-5.970391
-5.998579
-5.987607
-5.980397
-5.987830
5.959757
5.967832
5.966089
5.971955
5.925112
5.998019
5.972197
5.982548
5.989811
-5.873663
-5.974525
5.962300
5.999078
-5.963051
-5.995784
-5.894250
5.885437
5.979418
-5.985015
5.929586
5.980873
5.996959
5.974517
-5.987914
-5.979794
-5.971457
-5.978946
-5.995963
5.978215
-5.965853
-5.959251
-5.987467
-5.987012
-5.969919
-5.966057
-5.992698
5.956641
-5.984258
5.980127
5.987055
5.977779
-5.994945
-5.980769
-5.970517
-5.967294
5.993209
-5.967868
-5.983829
5.984225
-5.982022
5.982763
-5.973656
5.969931
5.989527
5.967105
5.962968
-5.978475
-5.980876
5.989607
5.971567
-5.976095
5.979902
5.991658
-5.963957
-5.982484
5.960024
5.982267
-5.928315
5.969041
-5.934025
-5.994076
5.848710
5.988234
-5.994137
5.883473
-5.977598
5.992544
-5.963233
-5.975253
5.962346
-5.983506
5.956935
5.969497
5.988819
-5.974352
5.950627
-5.975852
-5.949776
-5.998296
-5.968934
-5.973340
-5.993641
5.959048
-5.991627
-5.978627
-5.937347
-5.980168
5.997428
5.982227
5.999208
-5.977368
5.981278
-5.994721
5.965886
-5.996247
5.996268
-5.978495
-5.962160
5.967240
5.965287
5.992142
5.946884
-5.961411
5.987738
5.968411
5.970483
5.979881
-5.960088
5.964601
5.980896
-5.971623
5.943104
-5.963179
-5.970411
5.967969
5.966710
-5.986153
5.969393
-5.985179
-5.989856
5.981608
-5.952394
5.982353
-5.988198
5.981759
5.977791
5.971499
5.983856
5.976878
5.979177
5.950767
-5.989161
5.952634
-5.984396
-5.964881
-5.990199
-5.971046
-5.987526
-5.988346
-5.979663
-5.940892
5.981030
-5.980898
-5.955141
5.991525
5.969488
5.941506
5.976098
5.958698
-5.965315
-5.971901
-5.977116
5.966587
5.982743
5.936589
5.995785
-5.980009
5.980063
5.964732
-5.930212
5.959641
5.970309
-5.956403
5.896744
5.966725
5.973318
5.980847
5.987829
5.996478
5.988147
-5.975347
-5.987533
5.993341
-5.653511
-5.979310
5.996452
5.931229
-5.997386
5.994071
-5.950128
-5.959209
5.997467
5.948899
5.945010
-5.950971
-5.987965
-5.962272
5.995830
5.959451
5.965703
-5.987792
5.966874
-5.980224
-5.994107
-5.978020
5.969268
5.973086
-5.964686
5.951118
5.970229
-5.944682
-5.974889
-5.990255
5.611931
-5.968613
-5.986065
-5.975778
-5.950702
5.960236
5.975859
5.974262
-5.981617
5.988044
-5.996709
5.970970
5.960010
-5.971172
5.958014
5.992068
-5.992324
-5.986413
5.967590
5.978193
5.963509
5.944787
-5.978719
5.965475
5.969678
5.955060
-5.967847
-5.998960
5.969225
-5.959810
-5.993839
-5.985616
5.938194
-5.982060
5.998092
5.971417
-5.966232
5.930117
5.990014
-5.961677
5.985137
-5.968033
5.985859
5.944130
-5.985571
-5.984855
-5.998021
5.973191
5.963497
5.936116
5.981711
-5.953062
5.952798
-5.970597
-5.961181
-5.992594
-5.894334
-5.981798
5.992917
5.992013
5.990922
-5.994473
5.979045
5.976357
5.970559
5.993824
-5.968110
-5.988801
5.974614
5.944210
5.983957
5.976374
5.976431
-5.974561
-5.985722
5.993221
5.973903
-5.967898
5.974030
-5.998530
-5.996853
-5.971598
-5.985686
5.985489
5.966638
5.994547
5.985740
-5.979879
-5.969078
5.968163
-5.978480
-5.967917
-5.984968
-5.981049
5.994506
-5.939246
5.992475
-5.970829
-5.966872
5.974644
-5.976297
5.990405
5.975652
5.997855
5.985856
-5.963471
-5.975138
-5.972109
-5.972276
-5.725917
5.983023
-5.961594
-5.977083
-5.979082
5.970803
-5.937476
5.918649
-5.975511
5.977874
-5.968664
5.986063
-5.995097
5.985235
-5.996244
-5.995375
-5.961641
-5.957427
-5.960877
5.957757
-5.965459
5.963911
-5.995434
5.976577
-5.978425
5.990111
5.964264
-5.981705
-5.962866
-5.986270
-5.969019
5.985922
-5.995970
-5.962794
5.966992
-5.986166
-5.957914
5.958690
5.993463
-5.938608
-5.994645
5.913045
5.976261
5.969310
5.990804
5.980870
5.978927
5.989655
5.984254
5.976196
5.985517
-5.941836
5.996302
-5.988185
-5.994827
5.973800
-5.957211
5.971516
5.988871
-5.962100
-5.959857
5.985793
-5.975197
-5.949065
5.983444
5.982063
-5.958852
-5.971187
5.983993
5.979413
5.958053
-5.984658
5.950796
-5.973124
-5.988878
-5.967219
5.971979
5.973747
5.994743
5.987632
-5.969926
5.970441
5.980312
-5.954009
-5.965639
5.956832
-5.990825
-5.984282
-5.989335
-5.961168
5.994935
5.987142
5.882224
-5.955431
5.972411
-5.975677
5.958788
-5.984322
-5.981078
-5.971329
-5.990300
5.732087
5.963393
-5.911726
5.975205
-5.941549
-5.995329
5.992280
-5.987794
5.988527
-5.961489
5.984830
-5.954883
5.997680
-5.981720
-5.991714
-5.998996
-5.995122
5.988217
-5.982688
5.966193
5.928430
5.993134
5.983647
5.968956
-5.961846
-5.955612
5.980502
5.977766
5.984670
-5.937908
-5.985370
-5.949543
-5.986168
-5.967727
5.964668
-5.984972
-5.994866
5.980432
-5.971078
-5.998763
5.988139
-5.970974
-5.658589
-5.975722
-5.957606
-5.992778
5.985961
-5.972652
-5.962997
5.958591
5.960620
5.982514
-5.968109
5.982597
5.953394
5.967161
5.968020
-5.992219
5.996340
-5.986417
-5.995525
5.960230
5.996720
-5.988876
5.979184
5.982069
5.987545
-5.986680
5.970940
-5.982843
-5.992423
-5.951387
5.991037
-5.975401
-5.968680
-5.925611
5.993797
-5.989206
5.954619
-5.994851
5.976259
-5.918276
5.980895
-5.975998
-5.942796
-5.960551
-5.960994
5.995795
5.968947
-5.974677
5.978711
5.948589
-5.985627
5.974451
-5.977694
-5.973132
-5.959490
-5.979707
5.983033
5.972658
-5.975807
-5.980315
5.987797
5.949180
5.980541
-5.977289
5.972632
-5.990039
-5.976518
-5.992491
-5.967228
5.989892
5.973321
-5.958544
-5.983953
-5.962209
-5.979601
5.975707
-5.959278
-5.967085
-5.934122
-5.970653
5.983227
-5.980626
5.959855
-5.992220
5.988944
5.984890
5.979889
-5.982287
5.966503
-5.979319
-5.985975
5.964589
5.966236
5.954323
5.976823
5.974065
5.953884
5.962538
-5.969342
5.951891
5.972951
-5.994784
-5.992855
5.996228
5.993964
5.995693
-5.978803
-5.977223
5.974478
5.972872
-5.950896
5.974995
5.956111
5.935992
5.961320
5.977215
5.983884
5.974217
5.972613
5.990919
-5.962986
-5.988284
5.989070
5.996407
5.965040
-5.985498
5.966750
-5.972233
5.968588
-5.996376
5.985727
-5.986023
-5.973948
-5.951911
-5.992623
-5.990523
5.978049
5.964711
-5.997881
5.981140
-5.751983
-5.984150
5.989987
5.849809
-5.985548
5.965047
5.972139
5.967861
-5.962933
-5.980247
5.993320
5.967533
5.991921
-5.975028
-5.997013
5.991497
-5.943825
5.986653
5.978697
3.029975
5.976557
5.944309
-5.997425
-5.982269
-5.997654
5.962122
-5.967328
-5.992125
5.975853
-5.948879
-5.989788
5.975089
5.972144
5.973271
-5.957884
-5.970651
5.973090
-5.974633
-5.966388
5.967727
-5.967240
5.974669
5.944522
5.966469
5.970724
-5.989569
-5.986047
5.990378
5.974079
-5.956708
-5.996722
5.966506
-5.989884
-5.992748
5.977485
5.980555
-5.972758
5.976052
5.985215
-5.953852
5.990375
5.962955
-5.985112
5.958837
-5.978747
5.989425
-5.992462
5.972975
5.990875
5.997406
-5.991311
5.965177
5.954500
5.967789
-5.992995
5.996701
-5.990870
5.997441
5.995370
-5.972118
5.993290
5.984557
5.986851
-5.925516
5.994367
-5.946336
-5.997533
5.946616
5.940796
5.947239
5.983400
-5.976093
5.970057
-5.965336
5.982992
5.960370
5.968647
-5.978374
-5.956255
5.993206
-5.964091
-5.980777
-5.963439
-5.980896
-5.981714
5.984873
5.989708
-5.971777
-5.991553
5.972505
-5.998071
-5.954673
-5.959581
-5.981116
-5.988112
5.976877
-5.977508
-5.937841
5.988859
5.944022
-5.666819
5.994443
-5.977417
5.994473
5.999065
5.914382
5.972364
-5.994168
5.981944
-5.966661
5.994173
5.976927
-5.971582
-5.980030
5.979220
5.987985
5.962822
-5.991923
5.959432
5.992134
5.984964
5.976337
-5.993761
5.947939
-5.978285
5.982648
5.812571
5.991744
5.971768
-5.973624
-5.960312
5.952927
5.971711
5.971204
5.973791
-5.977514
5.979073
-5.961835
-5.953098
-5.986274
-5.953104
-5.977465
-5.985357
-5.992577
-5.995813
5.994505
5.982855
-5.969619
-5.869131
-5.978523
-5.962734
-5.984963
5.981945
-5.961089
5.982496
5.965754
5.928195
-5.997486
5.966822
5.971134
5.981358
-5.974486
5.964315
5.982888
-5.974794
5.973216
-5.991368
-5.951530
-5.935970
-5.990259
5.998792
5.994311
-5.991938
5.961179
-5.963006
5.946512
-5.965911
5.991054
-5.984315
5.981613
-5.972722
5.969848
-5.977042
-5.990489
5.985945
-5.977553
5.995448
5.965924
-5.976011
5.920608
-5.974346
5.987996
5.984089
-5.990075
5.975054
-5.988370
5.982563
5.942313
-5.997360
-5.991403
5.961627
-5.984208
5.992553
-5.974156
5.995854
5.988172
5.945519
5.976535
5.987305
-5.975031
-5.381909
5.977119
-5.995271
5.968926
-5.981166
5.999064
5.984253
-5.991180
-5.974067
5.979980
-5.973905
5.979767
5.961953
-5.975044
5.995041
5.963458
5.988339
-5.985964
-5.979184
5.985877
5.926606
-5.953860
-5.990981
-5.953174
-5.987841
-5.945409
5.977666
-5.972937
5.977536
-5.986733
-5.986113
5.993958
-5.946528
-5.975162
-5.977668
5.958428
-5.971233
5.963439
5.987406
5.983724
5.974781
5.964454
-5.946083
5.954566
5.990661
5.940932
5.992955
5.980157
-5.980658
5.972735
5.992655
-5.914531
-5.975190
5.941405
-5.993058
5.921459
-5.968219
-5.972764
-5.969690
-5.986638
-5.995975
-5.967945
-5.960675
-5.966644
5.981077
5.964558
5.993533
-5.989809
5.986895
-5.996465
5.986181
5.965794
5.997067
5.993916
-5.997400
5.986559
5.964796
-5.950943
-5.962170
5.961026
-5.994244
-5.978974
-5.967517
5.960040
-5.979154
5.957173
-5.985918
-5.971054
5.960207
-5.952089
-5.989764
-5.978474
5.969543
5.952324
5.972352
5.986432
-5.987882
5.974997
-5.985058
-5.996681
5.975479
5.976957
5.230794
5.958309
5.995942
-5.969751
-5.986280
-5.997644
-5.983808
-5.971659
5.991070
-5.977481
-5.720925
-5.975303
-5.980793
5.980309
-5.977155
5.969930
5.988809
5.985618
5.953557
-5.997267
-5.977936
-5.973517
5.973963
5.997419
5.981929
-5.994142
-5.968741
5.947995
-5.959970
-5.967677
-5.964203
-5.990531
5.977235
5.986726
5.964772
5.931347
5.964457
-5.934653
5.991101
5.970315
5.939075
-5.966514
-5.986142
-5.954970
5.979349
-5.969759
-5.950553
-5.944068
-5.960265
-5.968911
-5.980853
5.966892
5.981533
-5.976462
-5.955241
5.972475
-5.971253
-5.935903
-5.981198
5.992899
5.952376
-5.998212
5.973213
-5.992649
-5.976295
-5.972333
5.982577
5.966099
-5.983719
5.990753
5.918740
-5.995440
-5.983272
-5.969365
5.997187
-5.956393
5.919089
-5.980094
5.962583
-5.983098
5.993695
-5.977513
5.966711
5.974094
5.971585
-5.982813
-5.995559
5.997549
5.969327
5.924850
5.961155
5.967083
-5.974034
-5.952388
-5.973445
-5.954524
5.967690
-5.961107
5.959250
-5.971917
-5.984814
5.986342
-5.992552
-5.957528
5.973770
5.991835
-5.944594
-5.986290
-5.976036
5.989821
5.987542
-5.980559
-5.985017
5.962318
5.971107
5.943561
-5.958826
-5.968901
5.988893
-5.937095
5.987703
5.972353
-5.971456
-5.967128
-5.995228
5.990322
-5.978165
5.965243
5.982450
-5.987777
5.985697
5.977572
-5.993614
-5.978856
5.960373
-5.996320
5.978967
5.990600
-5.994566
-5.984473
5.990021
5.979980
-5.991988
-5.981560
5.981055
5.965719
-5.958394
-5.981832
-5.979644
-5.987480
-5.994529
-5.965935
5.994383
5.951788
-5.967791
-5.951684
5.874787
-5.998149
5.983085
5.996918
-5.987686
-5.971104
5.972219
5.960725
5.927543
-5.998902
-5.976536
-5.995690
5.955085
5.935938
-5.993383
5.975582
-5.972297
-5.918823
5.965220
5.980675
-5.986707
-5.993551
5.981935
5.999009
-5.966218
-5.955091
-5.986517
-5.991817
5.957390
-5.988184
-5.968596
5.980002
-5.975665
5.956522
-5.893874
5.939355
-5.997854
-5.972782
-5.986916
-5.977351
5.953762
-5.970899
-5.998549
-5.978514
-5.970948
5.974735
5.993082
5.990517
5.974744
5.994460
-5.976500
5.951422
-5.954538
5.963829
-5.991799
5.986935
5.994998
5.997871
-5.971434
5.968141
-5.964261
-5.981229
5.964094
-5.965530
5.963184
-5.950683
-5.962250
5.985993
-5.936064
-5.988631
-5.972120
-5.967801
5.969916
-5.931084
-5.988093
5.963819
5.954727
-5.993762
-5.980299
-5.977081
-5.985376
5.988604
-5.959701
-5.959140
5.973493
5.965172
-5.987449
5.969244
-5.967722
5.965522
-5.993693
-5.964513
-5.964097
-5.950680
5.994735
5.971411
5.989563
-5.970560
-5.986526
5.953360
-5.975088
5.909253
-5.969474
-5.972210
-5.975958
5.977884
5.958921
5.980983
-5.977846
5.986452
-5.969272
5.973655
5.970564
5.979017
-5.989382
-5.993133
-5.943087
-5.987364
-5.971982
-5.953837
-5.963589
-5.997908
5.970433
5.970918
5.978931
-5.953888
-5.962127
5.974229
5.986222
5.987552
-5.978729
5.982936
-5.983132
5.983017
-5.967363
5.990692
-5.968304
5.995489
5.979727
5.976304
5.989489
5.994264
5.993161
5.973165
5.946615
5.963206
5.952900
-5.964770
-5.936200
5.996810
5.973985
5.974424
-5.989492
-5.965820
5.986012
-5.986353
5.957656
-5.958753
-5.989547
5.984633
-5.966176
-5.978099
5.986952
-5.963163
5.955826
-5.987736
5.961360
5.972380
-5.978689
5.981139
5.971285
5.978048
5.952231
5.988006
-5.959779
-5.994177
-5.975113
5.982369
5.993660
5.973513
5.994145
-5.953906
5.937827
-5.977319
5.959091
-5.991362
5.987720
-5.992278
-5.950997
-5.965578
-5.990450
5.989148
5.984921
5.992256
5.980619
-5.975848
5.956153
-5.988729
-5.982319
-5.915668
5.986245
-5.986739
5.982754
5.958252
-5.967610
-5.999197
5.962796
5.972378
5.992605
-5.974620
5.962379
5.968646
5.990351
-5.968546
5.989177
-5.897759
5.966669
5.966033
-5.969820
5.934073
-5.995547
5.969242
-5.941677
5.977635
5.968212
5.965703
-5.977760
5.988990
-5.990571
5.997886
-5.964418
5.975312
-5.962022
-5.988465
-5.981923
-5.971598
-5.999300
-5.996123
5.990010
5.984237
5.963085
-5.991659
5.984055
-5.950636
-5.973929
5.963559
-5.984997
-5.989662
-5.973688
5.959251
5.976546
5.975377
-5.970888
5.984130
-5.963929
5.916076
5.965562
-5.995006
-5.989635
5.997313
-5.990925
5.985688
-5.617484
5.969971
5.980920
5.991485
-5.960250
5.970127
-5.988579
5.965872
-5.972011
-5.989155
5.973161
5.972024
5.995466
5.969423
5.970748
-5.926269
5.974505
-5.973276
-5.985874
5.980482
5.979494
5.961869
-5.993856
-5.974553
5.993146
-5.978674
5.997277
-5.975820
5.976174
5.985681
5.995702
-5.971836
5.995763
5.978365
-5.983549
-5.998816
-5.942351
-5.946121
-5.983187
5.981666
5.984625
5.985641
5.998481
5.995483
-5.987404
-5.991286
5.929410
5.983862
5.976097
-5.950766
-5.971379
-5.974592
5.984776
-5.988751
5.994789
5.979632
5.948161
-5.989341
5.994815
-5.788466
5.989479
-5.986543
-5.981161
5.977827
5.985562
-5.970841
-5.973891
5.984640
-5.976425
-5.985564
5.996322
5.818867
5.982774
-5.990452
-5.943122
-5.984648
-5.993349
-5.982728
-5.996420
-5.964600
5.969433
5.956999
5.979107
-5.996746
5.979512
-5.996312
5.953379
5.956207
-5.990306
5.965102
-5.978227
5.978046
-5.994875
5.994493
-5.948928
-5.999443
5.983528
-5.922142
5.989628
-5.976665
5.951005
-5.958091
5.974941
4.932722
5.993381
5.978816
5.954899
5.967171
5.990379
5.975991
-5.982625
-5.956875
5.983404
5.987800
-5.995137
-5.956074
-5.984787
-5.976856
-5.994527
-5.960163
-5.979205
-5.995481
5.986187
5.969313
-5.982585
5.961794
-5.997285
5.977681
-5.996229
5.981334
-5.987799
5.975141
-5.970701
5.965723
-5.996557
-5.972193
5.985997
5.997641
5.970334
5.982966
-5.975524
5.977621
5.984524
5.984115
5.971714
-5.970138
-5.979095
5.990927
5.985386
-5.985487
5.975380
5.968534
-5.992642
5.983758
5.991251
5.984841
5.904195
-5.980312
5.929356
-5.978240
-5.994071
5.995210
-5.969450
5.968013
5.974707
-5.983054
-5.964053
-5.974645
5.923794
-5.971339
5.972452
5.957528
-5.956023
5.996223
-5.959514
-5.966153
5.960413
5.981535
5.993764
-5.974729
-5.963992
5.900426
-5.975893
5.965599
5.996975
-5.982358
5.993703
5.983653
-5.883841
5.937861
-5.982968
-5.960166
-5.970607
-5.973597
-5.967511
-5.997179
-5.942687
-5.989925
-5.994464
5.976181
5.385271
5.966881
5.985349
5.954493
-5.976354
5.803543
-5.976010
-5.987537
-5.978785
-5.983614
5.995043
5.905942
-5.953515
5.966805
5.924122
5.994192
-5.974990
-5.981505
5.950256
5.993675
-5.990629
5.997723
-5.959620
5.993924
5.947467
5.982851
-5.985894
-5.978532
5.980876
5.963236
-5.992814
-5.914928
5.985667
-5.956508
5.949622
5.979493
5.986679
-5.997696
5.965238
-5.991952
5.997985
-5.988653
-5.966851
-5.976060
-5.988872
5.996277
5.973524
-5.971821
-5.961494
-5.989722
-5.967713
5.985847
5.979102
-5.986708
-5.981404
5.991955
5.969954
-5.997238
5.985264
5.982569
5.967479
-5.972571
-5.977092
-5.994176
5.948886
-5.976407
-5.964495
-5.953928
-5.988162
-5.997160
-5.983240
5.981332
-5.965636
-5.978657
5.971995
-5.966523
-5.985032
5.971849
-5.982150
5.955056
5.987069
5.967895
-5.988955
5.996069
5.996295
5.957624
-5.940448
-5.975439
5.980135
5.966010
-5.996248
-5.979091
-5.979321
5.904531
-5.976232
-5.975079
-5.945451
5.965387
-5.964388
5.973751
-5.953386
5.955965
5.983576
-5.961124
-5.993874
-5.990958
-5.955959
-5.993918
-5.977880
-5.989330
5.995383
5.962965
5.997140
5.992864
5.966372
5.965451
5.985329
-5.984560
-5.980740
5.969348
-5.974561
5.928510
5.966208
-5.964627
5.952459
-5.979889
-5.967268
-5.977279
5.946146
5.973985
5.990621
-5.980863
5.975495
-5.994634
5.987917
5.995969
-5.857885
-5.994088
5.979096
5.971624
5.959667
-5.997901
5.975781
5.971970
-5.972220
5.969121
5.995925
-5.975426
5.983945
-5.975612
-5.967754
-5.984265
5.990955
5.959015
5.959177
-5.978753
5.986997
-5.956053
5.984674
5.996149
5.991686
5.983526
-5.961887
-5.945970
-5.960653
5.938438
5.960253
5.984703
5.943481
-5.954494
5.975992
5.976892
5.974447
5.978443
-5.996369
-5.979934
-5.971529
-5.957084
-5.990407
5.976134
5.970276
5.968432
5.990207
-5.579848
-5.985116
5.963379
-5.965057
5.989202
-5.976230
5.959003
5.963221
5.968811
-5.956787
-5.993427
5.976533
-5.972659
-5.985784
5.967242
-5.997879
-5.964506
5.981048
-5.949058
5.996758
5.991546
5.990855
5.990043
-5.973726
5.958201
5.947851
5.969552
5.953331
5.977298
5.935825
-5.970103
5.929336
5.985343
5.985005
-5.973481
5.973424
5.953919
-5.984367
-5.961975
-5.952753
5.953251
-5.969549
5.961051
-5.996133
5.966433
5.977866
-5.994347
5.995173
-5.973079
5.984837
5.969438
-5.980908
-5.986223
5.991139
5.953468
5.960066
-5.906340
5.983808
5.958161
-5.981596
-5.931809
5.982627
5.985838
-5.961329
5.972186
5.950948
5.982505
-5.967762
5.965583
5.943168
-5.976115
5.959518
-5.987156
5.971899
-5.978993
5.967977
-5.961138
-5.988747
5.992717
5.994438
-5.981215
-5.960765
5.961757
5.966328
-5.983176
5.997883
5.999123
5.977399
5.970163
-5.959042
5.986593
5.988732
-5.989725
-5.962024
-5.989701
-5.962901
-5.992634
-5.979345
-5.983549
5.975883
5.975343
5.995026
5.985812
5.969272
5.991370
-5.945094
5.990852
-5.977867
-5.993645
5.975090
5.988213
-5.964381
-5.979979
-5.961759
-5.965553
5.954522
-5.963794
5.989697
-5.977566
5.970733
-5.985901
-5.981370
-5.994944
-5.991091
5.959853
-5.971906
5.952372
-5.982572
-5.887038
-5.907993
-5.990157
-5.978048
5.965594
-5.953886
-5.993076
5.968334
-5.994738
-5.996870
-5.968900
5.985359
5.984558
5.985968
-5.994056
-5.960038
-5.987626
5.961963
5.995794
5.954970
-5.994583
-5.995773
5.949320
5.963757
5.988858
5.978961
-5.964957
-5.973924
5.969079
5.973851
-5.904725
5.971186
-5.980015
-5.984970
5.966880
5.977073
-5.986857
5.969418
5.958084
-5.972442
-5.986853
-5.954330
-5.974910
-5.938624
-5.972045
5.987785
5.983361
-5.990374
5.920410
5.973792
-5.996593
5.937543
5.938927
-5.980115
5.961233
5.996649
5.686016
5.985179
-5.998717
5.949269
5.992823
5.988983
5.996166
5.972930
5.994796
-5.987464
-5.967211
-5.978927
5.928696
5.968544
-5.996941
-5.966253
-5.977078
-5.993468
-5.976682
-5.994799
-5.977392
5.999183
-5.993347
5.980759
-5.970835
5.972252
-5.973479
-5.994316
5.967241
-5.904585
-5.975000
5.967720
5.978182
-5.989173
5.986872
5.936733
-5.985270
5.968501
5.973489
5.916419
-5.991934
-5.974786
-5.997482
-5.996592
5.931371
-5.978812
5.984516
-5.976593
5.313089
5.994030
5.976693
5.997147
5.950702
5.988800
-5.997266
-5.978715
5.935602
-5.971607
-5.965835
-5.984637
5.989126
5.991038
-5.974557
-5.962039
5.992787
-5.960727
-5.997123
-5.975893
-5.970170
-5.958303
5.991067
-5.963873
5.987346
-5.958532
-5.992325
5.982044
5.960757
-5.981100
5.974201
-5.989052
-5.990817
5.946496
-5.984707
5.927794
-5.996043
5.983768
-5.965534
5.973941
-5.944627
5.957958
5.977435
5.986466
-5.929358
5.975883
-5.959219
-5.996925
-5.976382
5.955236
-5.980202
-5.985350
-5.956210
-5.972704
-5.993519
5.971286
5.992848
5.963037
-5.996279
5.964919
5.958755
5.963509
5.968120
5.993651
5.969059
-5.989994
5.984752
5.995263
-5.994311
-5.966861
-5.986597
-5.982626
-5.977991
5.963337
5.981792
-5.984452
-5.962458
-5.968635
-5.997552
5.977588
-5.997862
-5.974373
-5.973409
-5.976336
5.985159
5.966072
5.985134
5.945861
5.986353
5.969164
-5.985973
5.953572
-5.995108
5.984044
-5.983621
5.954467
5.953314
5.994518
5.981914
5.998521
5.991567
5.970652
5.985372
5.953691
5.969084
-5.994911
5.978484
-5.958335
5.978280
-5.971093
5.976167
5.975273
5.991760
5.962602
5.982524
5.991950
5.996544
5.952650
-5.970200
5.972494
5.962566
5.977291
5.982535
5.993310
5.970365
-5.972606
-5.977747
-5.969598
-5.996165
5.954572
-5.963168
5.893463
-5.997395
-5.975325
5.885171
-5.971239
-5.984590
-5.986031
-5.998005
-5.987244
-5.993364
5.974677
5.970334
5.990839
-5.961954
-5.965339
-5.964601
5.962803
-5.977650
-5.953266
-5.969767
5.971068
5.958615
5.979473
-5.989914
5.963437
-5.950266
5.964821
-5.988933
5.983712
5.975357
-5.981041
5.953031
5.974877
-5.989264
5.954078
5.986878
-5.999089
5.975230
5.986693
5.954509
-5.933537
5.984953
5.995033
-5.969947
-5.993523
5.972159
-5.969936
-5.936106
-5.987263
-5.939974
5.970063
5.964276
5.975594
-5.973283
5.980939
-5.996670
5.986706
5.975916
5.936032
5.957347
5.994503
-5.958453
5.946594
-5.989989
-5.987243
5.992844
5.990610
-5.952103
5.976829
-5.992632
-5.978685
-5.967481
-5.972753
5.995060
-5.962927
5.974172
5.961043
-5.891165
5.958161
-5.951453
5.979433
5.963041
5.965313
5.973129
5.999102
5.975489
-5.995267
5.973095
5.971725
5.957856
-5.980146
-5.899004
5.972060
5.972014
5.979954
5.997139
5.938134
-5.958173
5.955639
-5.956448
-5.953531
5.938869
-5.955532
5.953261
-5.985819
-5.991498
-5.959055
-5.997750
5.988017
5.997767
-5.976974
5.930793
5.983242
-5.932762
5.958988
-5.973185
-5.978337
5.992830
5.948487
5.993316
5.987856
-5.957442
5.982048
5.969115
5.970766
5.986026
5.962376
5.976837
5.976521
5.979575
-5.947066
5.989836
5.987839
5.920747
5.970546
5.972675
5.987836
-5.971553
-5.962975
-5.993319
5.988845
5.958622
-5.992121
-5.996005
5.995791
5.944440
-5.989723
5.979055
-5.984914
-5.965854
-5.962722
5.957292
-5.985136
5.992059
5.974892
-5.985604
-5.971631
5.978641
5.954461
-5.962936
-5.949018
-5.986887
5.991375
5.962093
5.952770
-5.977460
5.994553
5.980653
5.960057
5.990546
5.995264
5.997516
-5.955337
5.991997
-5.969410
5.995814
-5.983360
5.985213
5.951630
5.953926
-5.981559
5.972183
5.986757
-5.985309
5.969649
-5.997804
5.979732
5.997304
5.995841
5.998874
-5.992061
-5.983064
-5.994099
-5.990054
-5.993913
-5.974722
5.981488
-5.971732
5.955344
-5.967781
-5.972673
-5.994358
-5.973690
-5.963349
-5.974983
-5.973737
-5.996599
-5.968947
5.981416
-5.991349
-5.941451
5.977582
-5.969640
-5.993562
-5.988123
-5.937375
-5.974891
-5.963455
5.976384
5.994050
5.947415
5.981481
5.989569
5.931093
5.931273
-5.995663
-5.966035
-5.991935
5.967123
5.973924
5.941652
5.999057
5.986084
-5.971225
-5.970655
5.995530
5.975387
5.990073
-5.965278
-5.988730
5.872839
5.982102
-5.968603
5.987904
5.981237
5.940738
-5.963382
5.996483
-5.977246
-5.982731
5.958153
-5.972330
5.970963
5.997474
5.956527
-5.990030
5.988814
5.985893
5.991510
-5.970908
-5.994775
5.997408
5.976223
-5.990113
5.995268
-5.959364
-5.979476
-5.973934
5.997968
-5.976185
-5.981258
-5.985379
-5.966374
-5.987499
5.989420
5.964749
-5.984693
-5.981875
-5.989947
-5.995845
5.979849
5.973658
5.961710
5.961813
-5.955432
-5.988746
5.978787
5.989430
5.973624
-5.971792
-5.985003
5.958723
5.952029
-5.945431
5.979450
-5.987561
5.983467
-5.993925
5.968504
-5.987889
5.995875
5.992289
-5.993979
5.990536
-5.972518
5.969242
-5.956885
-5.980255
-5.993090
5.954972
-5.963179
5.992024
-5.987741
-5.983614
-5.985500
5.975984
-5.938347
-5.966790
-5.985271
5.923458
5.975688
5.967488
-5.970807
5.969103
5.963053
-5.966969
5.933915
-5.976350
5.969372
-5.977752
-5.976797
5.967796
-5.924825
5.965284
5.994459
-5.980450
-5.972090
5.956363
5.982053
5.906969
5.981652
-5.982763
5.972874
-5.995638
5.979288
-5.975439
5.976742
-5.992906
5.981454
5.961566
5.956383
5.990461
5.991359
5.985246
-5.998430
-5.986732
-5.427181
-5.972793
5.970290
5.979426
5.985680
-5.988543
5.971596
-5.975595
-5.994007
5.858964
-5.969972
5.934892
-5.984857
-5.966230
-5.943728
-5.973606
-5.944398
5.985743
-5.973701
-5.958057
5.971269
5.970421
5.969872
5.939702
5.963486
5.932560
5.967111
-5.983334
5.965439
-5.964361
-5.970421
5.892828
5.998417
5.997990
-5.988049
5.967428
5.972833
5.992637
5.987492
-5.986445
5.996412
-5.960873
5.990829
5.947565
5.981851
-5.973946
-5.972840
-5.991368
5.987070
-5.988123
5.975953
-5.997843
5.990148
-5.983390
-5.962592
-5.991600
5.982911
5.971068
-5.983946
5.992486
-5.972706
5.983450
-5.994619
-5.975151
-5.989794
5.995175
-5.977674
5.994226
5.971710
-5.989560
-5.985035
5.959827
-5.975198
5.960317
5.967425
-5.980575
-5.972977
-5.997560
5.976273
5.990178
5.979477
-5.959377
-5.974952
5.985844
5.996984
5.989051
5.926927
5.948410
5.991662
5.951195
-5.994965
5.982869
5.980299
5.969559
-5.966929
5.975970
-5.974454
5.968586
-5.964421
5.840667
-5.969589
-5.979001
-5.970534
-5.961484
5.993603
5.956113
5.960992
-5.994777
-5.953367
-5.976393
-5.994502
5.988882
-5.901744
-5.922084
-5.954444
5.987054
-5.956952
5.986924
-5.983731
5.975438
-5.985774
-5.982940
-5.991533
5.972104
5.977040
5.995921
-5.990082
5.988325
5.985240
-5.969065
-5.988838
-5.975790
5.967693
-5.990820
-5.963704
5.983559
5.930555
5.969631
-5.986250
-5.993802
5.949201
5.996680
-5.956979
5.975807
-5.961432
-5.989259
5.996156
5.976415
-5.959300
-5.956538
-5.982081
-5.989635
5.968084
5.991665
-5.946943
-5.982808
5.993892
5.964152
5.535336
-5.979699
-5.995168
5.989283
5.982548
5.986846
5.958293
5.961002
5.978484
-5.970130
-5.953746
5.981405
5.973898
-5.968569
-5.988890
-5.982466
-5.993341
5.955636
-5.963076
-5.958017
-5.992973
-5.990120
-5.992327
-5.983096
-5.982701
5.956043
-5.989204
-5.946934
-5.984564
5.958110
-5.969468
5.972513
-5.991117
-5.977024
5.962253
5.988270
-5.991540
5.985865
5.949969
5.972002
-5.948386
-5.991181
-5.991986
5.977490
5.961835
5.993832
-5.968319
-5.985296
5.953782
5.981326
-5.970337
-5.970474
-5.962869
5.957600
5.997455
5.973989
5.957580
-5.986664
-5.979650
-5.977080
-5.984345
-5.961125
5.990672
5.913913
5.964285
5.954751
-5.984054
5.952415
5.962207
5.982720
-5.981622
5.968729
5.960430
-5.954762
-5.976188
5.965060
-5.961521
5.969398
5.980329
-5.980448
5.992239
-5.970593
5.977416
-5.955456
5.966693
5.945106
5.994719
5.976098
-5.990986
5.960545
-5.965518
-5.974894
5.988350
-5.987197
5.992141
5.967291
5.998043
-5.956717
-5.969848
5.978079
5.984311
-5.987709
5.969805
5.989464
5.981003
-5.979077
5.987150
-5.966584
5.961937
-5.972220
-5.968012
5.969762
5.991801
5.960384
5.993861
5.988288
-5.979400
-5.952019
-5.993920
-5.981567
-5.977004
5.979052
5.973091
-5.954230
5.955147
5.987271
5.990389
5.957708
-5.963458
-5.991212
-5.970653
-5.955312
-5.957294
-5.979746
5.994923
5.984505
5.988486
5.960669
-5.970362
-5.955228
5.970402
5.967043
5.907323
5.997332
5.972152
-5.987066
-5.985191
-5.915281
-5.992857
5.976027
5.972598
-5.973207
-5.975345
5.964867
-5.988262
-5.987811
-5.991600
5.976473
5.962106
-5.992981
5.971373
5.984584
-5.994135
5.970816
-5.984884
-5.975566
5.979989
-5.971327
-5.995580
-5.961980
-5.991490
-5.969051
-5.983249
-5.992257
-5.978427
-5.983629
5.993427
-5.985666
-5.993610
5.996048
5.962845
-5.971379
5.963472
-5.974158
5.980575
-5.965184
-5.960683
-5.969102
5.944944
5.959199
-5.964140
-5.979020
5.993298
-5.952058
5.855728
-5.964138
5.974429
-5.957760
5.988984
-5.985413
-5.990088
5.954298
-5.978342
5.983524
5.965870
-5.972885
-5.886369
5.965094
5.992622
-5.984841
5.967749
-5.974251
5.969992
-5.953194
5.965028
-5.942118
5.963725
5.963992
-5.985250
5.984913
-5.982073
-5.983917
-5.964495
5.988048
-5.949837
-5.980824
5.997002
5.970015
5.975134
5.984170
-5.962057
-5.988737
-5.981539
-5.963407
5.975747
-5.968811
5.988544
5.963833
-5.941757
-5.971952
-5.965112
-5.993519
-5.983469
-5.964194
5.990589
-5.979304
-5.998619
5.962281
5.994152
5.975626
-5.958252
5.994948
-5.989221
5.949302
-5.969249
-5.941186
-5.985782
5.982453
-5.995826
5.992168
5.998129
-5.973309
-5.901137
5.965819
-5.978029
5.992358
-5.988002
-5.978228
-5.975361
-5.967418
-5.956787
5.976827
5.976931
-5.979155
-5.989575
5.981334
-5.970599
-5.965023
-5.971619
-5.981309
5.994152
-5.988718
5.953005
5.980300
-5.984139
-5.944968
-5.947007
-5.980809
-5.988080
-5.981827
5.985464
5.967760
-5.971639
5.984235
-5.990872
5.984357
5.958392
-5.946777
-5.998855
-5.974968
5.968832
5.971852
5.982312
-5.978232
5.971897
-5.969826
-5.987761
5.963039
-5.928579
5.988562
-5.979614
-5.972759
-5.987115
-5.994405
-5.981752
5.990301
5.992840
-5.980401
-5.911301
5.982487
5.963669
5.979212
-5.982912
5.965269
5.951052
-5.992702
5.989114
-5.977674
5.993538
-5.971487
5.962980
-5.995455
5.979291
5.985776
5.973014
-5.896288
5.971016
5.963409
-5.965884
5.958369
-5.920687
-5.973464
5.988011
5.990426
5.977137
-5.965141
-5.991732
5.977670
-5.961984
5.989773
-5.988855
5.989367
-5.971840
-5.960926
5.990238
5.976772
5.961442
5.981924
-5.981140
-5.956766
5.978520
5.995937
5.986383
5.964643
-5.982096
5.981442
-5.991345
-5.971763
5.953650
-5.955808
-5.961346
-5.983906
5.997377
-5.961455
5.976180
-5.984595
-5.975411
-5.967682
5.968119
-5.977347
5.978469
-5.990221
-5.971257
-5.972735
-5.938444
-5.955837
-5.933045
5.987851
-5.982460
5.960010
5.957102
-5.973160
-5.982590
5.981737
5.969239
5.995776
5.986745
-5.957965
-5.970671
5.960611
5.969079
-5.996565
-5.961664
5.960136
5.993046
5.957086
-5.974125
-5.941767
-5.993658
5.985847
-5.997935
-5.985834
5.987489
-5.987846
-5.988885
-5.985425
-5.996775
5.956583
-5.996182
-5.961280
-5.966613
5.988820
5.969878
5.974773
-5.984584
5.965673
5.958031
5.899603
-5.956793
5.959251
-5.955570
-5.960712
-5.972230
5.958540
5.978462
5.962507
-5.977808
5.965090
-5.968329
-5.962039
5.979252
5.971013
-5.981558
5.975582
-5.969652
-5.935203
5.985001
5.957531
-5.962771
5.973036
5.977520
5.965833
-5.991560
-5.982566
5.956486
5.974108
-5.985127
5.974043
5.991222
-5.960896
5.992176
-5.972064
-5.990974
-5.989933
-5.943581
5.985212
-5.977501
5.957647
5.998649
-5.952998
-5.951628
5.935661
5.966301
5.969109
5.992384
5.989362
5.988684
-5.982416
-5.994798
5.980335
-5.960836
-5.971067
-5.963984
-5.992926
-5.978126
-5.880817
5.971084
5.962487
5.884869
5.987155
5.992885
-5.989041
-5.997280
5.993884
5.980416
-5.997393
5.989914
-5.994374
5.976103
5.944753
-5.986597
5.962270
5.970822
5.954443
-5.966287
5.950734
5.991969
-5.967179
5.977899
-5.951672
5.980700
-5.955666
-5.994542
-5.960034
5.963167
-5.979111
5.995627
5.965886
-5.949667
-5.850282
-5.975918
-5.981689
-5.937793
5.954358
5.973721
-5.993492
5.998279
5.978398
-5.960448
5.983579
5.957299
-5.968076
5.961106
-5.991559
-5.999283
5.986760
-5.955188
5.863193
-5.976630
-5.977974
-5.945397
-5.973390
-5.986355
-5.992832
5.944119
-5.977064
5.990541
-5.979521
-5.982413
-5.986363
-5.995521
5.969230
-5.994972
5.993736
-5.970138
-5.924767
5.988710
-5.977520
5.965463
5.995308
-5.954721
-5.994372
-5.987655
-5.963600
5.901988
-5.992721
-5.956830
-5.980913
5.969893
-5.965055
-5.985490
5.957337
-5.977606
5.966314
5.966851
5.950659
5.975854
-5.930100
-5.979761
5.978354
-5.997557
-5.976625
-5.959132
-5.988876
5.991359
-5.967490
5.991912
-5.961179
-5.940490
5.983876
5.974946
5.961645
5.967175
-5.978486
-5.960834
5.943225
5.995157
-5.946251
-5.972288
5.989364
-5.971271
-5.970790
5.960352
-5.989448
5.986343
-5.983437
-5.983962
5.974808
-5.995210
-5.977006
5.974797
-5.979372
5.966266
5.993381
-5.986126
5.920303
5.949345
5.973816
5.969798
5.945966
5.962751
-5.994499
5.976921
5.957163
5.999122
-5.993694
-5.967609
5.993065
-5.990769
-5.978863
-5.978206
5.972292
-5.964276
5.987824
5.994020
5.989777
5.967339
5.971884
5.966432
5.984314
-5.971837
5.996210
5.968034
5.953780
-5.983338
5.992895
5.989811
-5.967362
-5.995052
5.964441
-5.959213
5.995869
-5.989988
-5.985216
-5.972149
-5.975585
-5.975393
5.987161
5.962888
5.947377
-5.994354
-5.987409
-5.995212
5.988271
-5.981566
5.989255
-5.999075
5.989430
-5.987801
-5.988294
-5.972918
-5.991136
-5.990492
5.967216
5.967465
-5.955199
-5.934824
-5.996491
5.979549
-5.975408
-5.976854
-5.971862
-5.983864
5.994331
-5.984681
-5.970667
-5.957263
5.991746
5.976778
-5.987413
-5.963799
-5.965661
-5.996893
5.983003
5.992664
-5.973018
5.990935
5.976058
5.984460
5.970071
5.993737
5.972938
5.992467
5.990332
-5.965746
5.948719
5.991632
5.939178
-5.982235
5.989650
5.959510
-5.981818
-5.981650
-5.987074
5.928329
5.996245
5.985053
-5.973791
5.916080
-5.993377
-5.998238
5.998221
-5.978785
-5.970295
-5.979720
5.987416
-5.972738
5.995569
5.988837
5.920636
5.889873
-5.966840
-5.792909
5.989969
-5.965120
5.991108
-5.954749
-5.972752
5.993337
5.939387
-5.968219
-5.996552
-5.987332
5.950952
5.988347
-5.960720
5.976311
-5.993533
-5.978004
-5.983485
5.986708
-5.980802
-5.934073
5.981728
-5.948323
5.963119
5.989504
5.989061
5.994857
5.974041
-5.984622
-5.975322
5.964852
5.998914
5.993300
-5.978099
-5.875752
5.979086
5.958369
-5.978291
5.896924
-5.998949
-5.974746
5.994594
-5.985177
5.996033
-5.954243
-5.996888
-5.982554
-5.919651
-5.845272
5.981905
-5.971602
-5.965804
5.987266
-5.965949
5.966132
-5.972869
-5.977105
-5.975585
5.986262
-5.982457
-5.965999
5.956159
5.995225
5.998562
-5.965590
5.972473
5.964745
-5.966825
-5.972968
5.981775
-5.965355
5.928537
-5.982881
-5.993842
-5.985467
-5.974260
5.979283
-5.987938
5.979346
-5.993470
5.980048
-5.938024
-5.988171
-5.950023
5.964871
-5.995115
5.988371
5.994834
5.971797
-5.960599
-5.975987
-5.961255
5.966730
5.948529
5.984512
5.961215
5.974934
5.968376
5.958898
5.987840
5.966740
5.992045
5.993293
-5.991984
5.940422
-5.928256
5.958936
-5.923613
-5.985109
5.975763
-5.983251
-5.972806
-5.961592
5.980057
5.899465
5.960871
-5.957176
-5.961142
-5.953717
5.995753
5.963897
-5.962463
5.976381
-5.994303
5.925649
5.975052
-5.970848
5.958848
5.974734
-5.979050
5.972085
-5.969107
-5.969847
5.992956
-5.973066
-5.984445
5.936859
5.954671
-5.990203
5.973122
5.968555
-5.956080
5.996166
-5.815552
-5.953446
-5.972413
-5.986169
5.996659
5.990384
-5.850270
5.962090
-5.985107
-5.977390
-5.988235
-5.972352
5.981003
-5.997568
5.955577
-5.964333
-5.930639
-5.996650
-5.968587
-5.974857
-5.977531
-5.953021
5.959883
5.962309
-5.987937
5.955308
-5.975647
5.975818
-5.990048
-5.943515
-5.983355
5.951159
5.963469
-5.986899
5.986830
5.991582
-5.984326
5.984479
5.976249
-5.989932
-5.942595
-5.995765
-5.989025
5.983618
-5.907831
-5.990852
5.988785
5.979610
5.928516
5.954708
5.990710
5.991453
-5.992804
5.978401
-5.989425
-5.960651
5.991925
-5.987844
5.970980
5.981232
-5.971939
5.978659
5.939666
5.977375
5.993259
5.990620
5.982122
-5.978041
5.975722
5.973517
-5.993796
5.974148
5.949721
-5.957117
-5.991063
5.989651
-5.984430
5.986205
-5.967950
5.979511
-5.970304
5.998263
5.970237
5.891290
5.942335
-5.962978
-5.996991
5.955003
-5.992943
5.969754
5.969577
5.979104
5.974098
5.986738
5.992504
5.938254
-5.991347
-5.987722
-5.977290
-5.937035
-5.966669
-5.942012
5.974587
5.979765
5.988529
5.995794
5.994198
-5.987130
5.997881
-5.997240
-5.993552
5.999341
-5.899211
-5.978078
-5.971941
5.998131
-5.974083
-5.982566
-5.973147
-5.990827
5.987048
5.971020
5.991821
5.934859
-5.989260
5.988688
5.988037
5.991996
-5.972321
-5.984168
-5.929567
-5.961343
-5.994801
5.985050
-5.959968
5.958129
5.988068
-5.997255
-5.965550
5.961382
5.874859
5.990088
-5.967574
-5.986554
-5.983977
-5.979020
5.951885
-5.993355
5.960544
-5.950441
-5.973860
-5.977342
-5.974717
5.968356
-5.964423
-5.989132
-5.901092
-5.972738
5.987214
5.990839
5.927718
-5.972916
-5.926098
-5.975542
5.980518
5.968735
-5.980053
-5.995825
5.980003
-5.984578
-5.986950
-5.963521
-5.961018
-5.969307
-5.994422
-5.982276
-5.989031
5.986654
5.986600
-5.982572
-5.974017
5.987426
5.984134
5.996899
5.987703
-5.993583
-5.928682
-5.997848
5.987717
-5.967654
5.993659
5.985800
-5.924710
-5.999752
-5.969159
5.998416
5.981854
5.964520
-5.928293
-5.995525
-5.959997
-5.994787
5.974597
-5.979226
-5.983192
-5.944411
-5.977055
5.977360
5.976989
5.998691
5.965166
5.960252
5.990819
-5.993679
-5.971229
5.986970
5.973965
5.964448
5.975488
5.991988
-5.960950
-5.969191
-5.948663
5.973216
5.943550
5.979636
5.983963
5.963490
5.966285
5.981130
-5.979567
-5.988997
-5.924833
-5.992422
5.961982
5.987281
5.858265
5.979895
5.962746
-5.990737
-5.987295
5.972549
-5.964236
-5.977310
5.988307
5.972791
5.974633
-5.964424
5.994058
5.985401
5.982121
5.966659
5.954239
5.971181
-5.959116
-5.954224
5.994323
-5.995882
5.975907
5.983878
5.961668
5.986979
5.981918
5.969631
-5.990044
-5.996572
-5.982935
-5.967331
5.978379
5.996008
5.949286
4.919945
-5.973824
5.986791
5.978866
5.996493
5.940330
-5.978898
5.947744
5.986001
5.989115
-5.968819
5.986148
5.974575
5.978340
5.991413
5.980702
-5.981020
5.996011
-5.967769
5.977547
5.987955
-5.964423
5.997692
5.987145
5.970562
-5.989270
5.946957
5.982942
-5.988374
5.964794
-5.967387
5.995010
5.984503
5.994966
5.969472
5.944171
5.915436
-5.979749
5.959065
-5.978214
-5.986885
5.984209
5.989530
-5.991245
-5.970490
5.973754
-5.964522
-5.970479
5.967871
5.966467
-5.973114
-5.957529
-5.975715
-5.991139
5.986207
-5.954399
-5.985357
-5.990650
-5.982854
5.965249
5.986762
-5.990311
-5.981868
5.991767
-5.996115
5.982405
-5.989377
5.956541
5.984644
-5.972094
-5.979854
-5.959148
-5.982312
5.963264
-5.990353
5.968320
5.949521
-5.973606
5.974743
-5.985614
-5.998203
5.980680
5.881332
-5.965236
-5.877539
-5.967653
5.983804
-5.982550
5.985811
-5.982181
5.985776
5.973169
-5.963625
5.975855
5.974188
5.968452
-5.963073
-5.968770
-5.851473
5.974921
-5.940380
-5.984341
-5.975858
-5.965952
5.951623
5.972822
5.980091
5.971292
-5.978665
5.950737
-5.980550
5.972435
5.994137
-5.996797
-5.125403
5.997862
-5.987347
5.969276
5.960489
5.998742
-5.985156
-5.976837
-5.989624
-5.991799
-5.990763
5.994718
-5.978670
5.981957
-5.981530
-5.994683
-5.970620
5.990739
-5.991420
5.988512
-5.982715
5.977771
-5.951210
-5.978367
5.965416
-5.992725
5.995614
-5.954684
5.955489
5.974000
-5.985638
-5.934186
5.977522
5.952964
-5.995369
-5.989373
-5.969633
-5.986358
-5.980331
5.982882
5.989342
5.971903
-5.964565
-5.511994
-5.999265
-5.962167
5.972032
5.983041
-5.969216
5.995714
5.964255
5.994736
-5.991552
5.950585
-5.981351
-5.985366
-5.966285
5.978637
-5.981096
-5.929948
-5.979522
-5.946282
-5.982361
-5.985734
-5.978537
-5.988318
5.994502
-5.974078
-5.986788
-5.967765
-5.978017
5.990910
5.991087
-5.970173
-5.974602
5.961201
5.953134
-5.998043
5.954145
-5.970333
5.967014
5.935030
-5.957572
5.987573
5.954216
-5.981839
5.974550
5.990239
-5.998296
-5.940773
-5.996249
-5.996680
-5.995301
5.981078
-5.970569
-5.960835
5.954159
-5.994366
5.971747
5.981062
-5.983276
5.990974
-5.996119
-5.963131
-5.998628
5.977715
-5.979037
5.984327
5.991806
-5.927575
-5.953173
-5.994632
-5.971335
-5.996076
5.953216
-5.972197
5.971005
5.969246
5.963369
-5.949763
-5.974851
5.994873
-5.911151
5.972979
-5.965659
5.958603
-5.951893
5.947148
-5.963672
-5.974117
-5.961688
-5.961295
5.950229
-5.972823
-5.990334
5.983331
-5.980838
5.958868
-5.975731
5.951381
5.986667
5.992923
5.995860
5.991702
5.949664
-5.989660
-5.970883
-5.979025
-5.989004
-5.998608
5.950365
5.985212
-5.989398
5.973896
-5.971888
-5.970531
-5.986148
-5.945210
-5.964291
-5.980699
5.971080
-5.887172
5.971626
-5.991935
-5.965266
-5.977010
5.966829
-5.985398
-5.992385
-5.976529
5.969983
-5.971448
5.949134
-5.981742
-5.991505
5.960732
-5.978040
-5.988018
5.969455
5.967014
-5.986672
-5.996148
-5.963547
-5.970441
-5.960780
-5.981847
-5.990909
5.984078
5.986160
-5.989094
5.990627
-5.988378
-5.988165
-5.965484
-5.994837
5.991461
5.993265
-5.944168
5.945027
-5.973424
5.990709
-5.963428
-5.943540
-5.981186
5.970377
-5.961105
5.993363
-5.975872
5.992030
-5.964092
5.984572
5.966745
-5.956575
5.981958
5.963923
-5.993061
-5.987573
5.996289
5.992115
-5.982406
-5.963078
-5.996165
-5.984516
-5.987434
-5.970158
5.984842
5.965821
-5.991523
5.955367
5.958166
5.996085
-5.875929
-5.957611
-5.976907
5.983076
-5.972942
-5.944715
5.962039
-5.983720
-5.988565
-5.976572
-5.988951
5.947608
5.955358
5.935069
5.970887
5.987870
5.986741
-5.976530
-5.984340
-5.988121
5.978484
-5.965907
5.987055
5.884896
-5.974475
5.949892
5.977969
5.968169
-5.992251
-5.978623
5.976038
5.992279
-5.995914
5.985003
-5.990298
-5.983582
-5.981683
5.983235
5.976770
-5.961380
5.968153
5.973009
5.939085
5.971717
5.993729
5.895743
5.973654
5.982723
-5.997392
5.984294
-5.987904
-5.970699
5.997543
5.986602
5.971553
5.972987
5.992430
-5.952797
5.977338
5.965967
-5.957177
5.971650
5.954695
5.989906
5.964028
5.999037
-5.989839
-5.969729
5.993759
5.993210
-5.991375
5.995115
-5.990937
-5.940331
-5.988178
5.767720
-5.964919
-5.971694
-5.999423
5.983115
5.973600
5.984218
5.992107
-5.960259
-5.973943
-5.975155
5.994858
-5.939979
-5.984698
-5.992579
-5.978428
5.955873
5.991995
5.984624
5.996103
-5.984726
5.733566
-5.998015
-5.968345
-5.968870
5.975876
5.972301
5.981516
5.986690
5.952653
-5.977208
-5.966782
-5.966747
5.974651
5.972519
-5.966476
-5.993792
5.946045
-5.967689
5.712480
5.963009
5.948383
5.989461
5.976489
5.943885
5.983894
-5.976255
5.971019
-5.963733
-5.966368
-5.966597
-5.958659
5.983371
5.989218
-5.995760
5.982857
5.955790
5.977325
-5.907524
5.989233
-5.989991
-5.965600
-5.969357
5.997925
-5.979034
5.994162
5.992048
5.989020
5.907267
-5.995936
5.948510
5.991857
-5.971606
-5.939292
-5.973497
-5.980777
5.985625
-5.979983
-5.994428
-5.977615
5.957215
5.979464
5.945464
5.981248
5.971749
-5.964833
-5.992045
-5.974127
-5.958392
-5.958187
-5.982272
5.992417
-5.973685
-5.993609
5.818795
5.966324
-5.998205
-5.994229
5.993544
-5.994799
5.990045
-5.986133
-5.949979
5.996201
-5.973162
-5.995967
5.971264
-5.980611
5.959316
5.853493
-5.948115
-5.979251
5.996834
-5.966445
5.976430
-5.988272
-5.964507
-5.954669
-5.963923
5.969393
5.998755
-5.711918
-5.974484
5.984227
5.986508
-5.958957
5.973586
5.991784
-5.994696
-5.938166
-5.981548
-5.654653
5.976627
5.965773
-5.965844
-5.971519
5.952783
5.969843
5.973440
5.986943
5.980103
-5.963453
5.968075
5.931188
-5.973039
5.895799
-5.959998
-5.986381
-5.965138
-5.992058
-5.987310
5.973692
-5.973178
5.965689
5.962249
5.997068
-5.987648
5.988537
-5.988521
-5.961552
5.998410
5.911963
5.976492
-5.978570
-5.974594
5.966012
-5.964371
5.978039
5.959977
-5.932942
5.962527
5.958467
5.984072
-5.974412
-5.946695
5.968202
5.996385
5.957289
-5.971707
5.988837
5.979303
5.990595
5.944627
5.980388
5.990454
5.983213
-5.995836
-5.993153
-5.997809
5.985132
5.996128
5.971838
5.973953
5.967314
5.995959
-5.967042
5.977717
5.956027
5.986484
5.970229
5.964545
-5.989645
-5.985963
5.940658
-5.985535
-5.980459
-5.976255
5.993407
-5.958324
5.958591
5.967140
5.973095
5.966983
-5.976245
5.973262
5.970021
-5.957242
-5.994922
-5.984438
-5.971784
-5.971053
-5.991993
-5.994454
5.993428
-5.973172
5.982197
5.983273
-5.979708
5.985012
5.973256
5.992036
-5.832658
5.983591
-5.986087
5.976431
5.989568
-5.996529
5.989839
-5.992049
-5.965927
5.962010
5.993809
-5.985018
5.943635
5.967791
-5.980500
-5.985245
-5.899861
5.995829
5.953930
5.978440
-5.980692
5.947402
-5.984507
-5.992161
-5.914542
-5.968593
5.984917
5.946321
-5.969941
-5.972209
-5.937919
5.991439
-5.996241
-5.982639
-5.959721
-5.995546
-5.953084
-5.969011
5.969136
-5.992384
5.982151
-5.964359
5.982751
-5.971480
-5.972464
5.903470
-5.971489
-5.997720
5.990840
5.979075
5.973176
5.988865
5.948941
-5.957120
-5.972733
5.960538
5.952601
5.954757
5.972435
-5.984909
5.967293
-5.908413
5.994663
-5.981779
-5.993105
-5.980543
5.989546
-5.944685
-5.923410
5.990797
5.940878
5.947438
5.975465
-5.972152
-5.978058
5.990991
-5.994742
-5.994652
5.996496
5.975425
5.989337
-5.970246
-5.986775
-5.987550
-5.977355
5.965899
-5.911153
-5.962728
-5.986964
5.986276
5.979385
-5.976256
5.948609
5.979559
5.973102
-5.991241
5.995816
5.956752
5.965575
-5.986525
-5.956225
-5.975048
-5.984410
5.961646
5.966283
-5.997373
5.967397
-5.971209
5.943906
5.991256
-5.992684
5.964429
5.941679
5.970634
5.951471
5.972807
5.962272
-5.980427
5.963093
-5.984135
-5.966455
5.962565
-5.977920
-5.976693
5.973131
5.991687
5.996503
5.998328
5.982377
-5.976195
5.998460
-5.989004
-5.966012
5.957519
5.973637
-5.947827
-5.982513
-5.964299
-5.941684
5.959609
5.966046
5.981361
-5.982227
-5.993725
-5.984037
5.980360
5.968654
-5.972484
5.990967
5.996805
-5.928288
5.987496
5.992210
5.908948
5.976083
-5.973903
-5.975739
5.979668
5.979006
-5.973227
5.955701
-5.930559
-5.968265
-5.947784
5.965564
-5.997639
5.980358
5.980479
5.951291
5.973890
5.989807
-5.996866
5.976385
-5.976994
5.976307
5.957839
5.956799
-5.991871
5.947534
-5.987098
5.980407
-5.973005
5.966802
-5.988200
5.978375
5.986839
5.987681
5.963853
5.994079
5.998437
5.969068
5.956894
-5.992063
-5.994686
-5.974788
5.987094
-5.981774
-5.640537
-5.967788
5.956555
5.996672
-5.965472
-5.978880
5.978572
-5.975745
5.987513
-5.945444
-5.583897
-5.956603
-5.967338
5.938778
5.987039
-5.982815
5.958813
5.969512
5.992819
-5.931427
5.969117
-5.952884
5.982342
5.962164
5.960990
5.988213
-5.990201
-5.975477
5.955274
5.962572
-5.989678
5.983317
-5.906035
5.995568
-5.981494
5.970114
-5.974022
-5.989821
-5.982426
-5.997594
5.981975
-5.988260
-5.944725
5.981417
5.952239
5.960284
5.997810
5.964863
5.970730
5.958904
-5.992768
5.983812
5.976605
-5.917530
-5.977563
5.960643
-5.977637
-5.967063
5.952245
5.985384
-5.971905
-5.988203
5.987139
-5.951479
5.987179
5.940567
-5.979605
5.970287
-5.960225
5.972257
5.681906
5.995358
-5.991756
5.985002
5.990852
-5.988378
5.978361
-5.960072
-5.987875
5.973016
-5.949758
-5.975540
-5.906684
-5.983476
5.979503
-5.973374
5.975215
5.978785
-5.965225
5.976853
-5.952672
-5.974168
-5.980541
5.997260
-5.986220
-5.988713
-5.964381
5.971715
5.997659
5.992794
-5.984513
-5.993257
-5.984521
5.965174
-5.964643
5.961900
-5.945406
-5.993525
5.985786
5.975171
5.968188
5.974242
-5.920271
5.965638
-5.990682
-5.992910
-5.962654
5.994795
5.964594
-5.977718
5.982516
-5.986572
-5.982765
-5.976704
5.957398
-5.970227
5.961769
-5.986504
-5.979973
5.976990
5.992844
-5.969850
-5.987752
5.978401
-5.917139
5.986458
-5.961036
5.985260
5.975110
5.922341
-5.971640
-5.981574
5.922737
5.972134
5.960442
5.987973
5.995211
5.973235
-5.997643
5.997236
5.931563
5.978468
5.996105
5.956932
5.967856
-5.985772
5.998212
5.963289
-5.966941
-5.971620
-5.986398
-5.946539
5.965641
5.979050
-5.973426
-5.984814
5.982459
5.994308
-5.930886
5.983392
-5.979895
5.965504
-5.955240
5.984879
-5.987968
-5.994210
-5.968002
5.981688
5.997770
-5.964218
5.972785
5.991784
5.964469
-5.985426
-5.987741
5.942885
-5.971138
-5.975076
5.985651
-5.977552
-5.994190
5.997665
5.976558
5.970155
-5.960287
5.979423
5.948500
-5.990495
5.949235
-5.939841
5.974482
-5.944110
5.958413
5.989119
5.966087
5.964007
-5.978037
5.957920
5.987633
-5.989462
-5.970865
-5.975841
-5.989814
5.963504
-5.992415
5.998080
-5.976973
5.989839
5.991163
5.975085
5.961807
-5.997251
5.998312
5.971934
-5.977722
5.936195
-5.993840
5.998934
5.983583
-5.971192
-5.970841
-5.980645
5.994914
-5.975510
5.976788
-5.993532
-5.967199
5.992669
5.928967
5.992484
-5.987837
5.986938
-5.933854
-5.951419
-5.957032
-5.988823
5.976592
5.996648
-5.969336
5.988992
-5.992310
-5.980115
-5.993895
5.976088
5.985363
-5.951721
5.988753
-5.937278
-5.995276
5.995434
5.915607
5.991744
-5.950484
5.993163
5.994805
-5.949694
-5.978051
-5.969443
5.982080
-5.981907
5.989502
-5.960725
-5.970909
5.978127
5.980877
5.978441
5.997540
-5.974365
-5.953047
5.924078
5.962885
5.994762
5.967670
5.928397
-5.969426
-5.972104
5.985930
5.976286
-5.941185
5.973157
5.995109
-5.997104
5.978722
5.995685
5.973214
5.987163
-5.986968
5.972864
5.974939
5.970620
5.998599
5.994110
5.990616
5.981380
5.994177
-5.985438
-5.964670
-5.990499
-5.957059
-5.949397
5.991114
5.974749
5.973328
-5.978095
-5.975266
5.955210
5.985772
-5.997171
5.986404
5.967444
5.981718
-5.981409
5.954575
5.944982
5.982678
5.980941
-5.963880
-5.979035
5.987103
5.957945
-5.993459
5.989133
5.946438
5.989215
5.966450
5.997556
-5.996261
-5.986409
-5.957734
-5.975772
5.985970
-5.996411
-5.993787
-5.978204
5.970635
5.958933
5.979432
5.986551
-5.990563
-5.991341
-5.985739
-5.995428
-5.979718
5.921542
-5.970385
5.977538
-5.955237
5.985881
-5.991210
5.989729
-5.994454
-5.976652
-5.988934
-5.997938
-5.980544
5.991323
5.942558
-5.946934
-5.893131
-5.965246
5.959198
5.996569
-5.974095
5.922644
5.963214
-5.970370
-5.948631
-5.974502
5.994844
-5.978380
-5.987324
-5.992210
5.970465
5.986137
-5.993784
5.959179
-5.980533
5.976958
-5.961156
5.990616
5.949572
5.991737
5.952590
5.960415
5.974580
5.969059
-5.990488
-5.994323
-5.985627
-5.977325
5.968131
-5.981461
5.977900
5.970398
-5.962643
5.972565
5.958675
5.965810
5.982262
5.959713
5.984891
5.971384
-5.987931
5.892520
5.975202
-5.996171
-5.972724
5.918090
5.977439
5.941434
5.989010
-5.935900
-5.957885
5.987476
-5.997000
5.995068
5.973558
-5.553792
5.952335
5.960737
5.976135
-5.945638
-5.979494
5.966620
-5.975345
5.997354
5.997419
-5.975224
5.974427
5.967549
-5.988725
-5.944154
-5.987818
5.967137
-5.930764
-5.994491
-5.980121
-5.987787
5.983762
5.935375
5.982789
-5.994512
-5.981436
5.987251
-5.976089
5.974390
5.979752
5.293729
5.989990
5.986928
-5.966987
5.978338
5.957507
5.980060
5.863084
-5.974934
5.945548
-5.959027
-5.992441
-5.901786
-5.928827
5.989139
5.913754
-5.988773
5.978202
5.962115
-5.979280
5.987241
5.977031
-5.997494
-5.991734
-5.987662
-5.985786
-5.981817
-5.980629
5.987419
-5.998214
5.985028
5.995812
5.994671
-5.947045
-5.960098
5.985812
-5.983482
-5.960713
5.953815
-5.990939
5.944710
5.973632
5.967898
5.994016
-5.971332
5.977405
5.949077
5.974677
5.970326
5.978668
-5.993811
-5.980669
5.990625
-5.987371
5.999075
5.956519
5.982576
5.972642
5.973090
5.989290
5.983640
-5.985868
5.996697
5.959447
5.981452
-5.986667
5.952596
5.979494
-5.969532
-5.963013
5.993084
-5.993186
-5.983614
-5.985423
5.953755
-5.971420
-5.981853
5.943732
5.988994
5.984450
-5.998818
-5.993516
-5.972466
5.980421
-5.944625
5.992002
5.977294
-5.967002
-5.962501
-5.983182
-5.968215
-5.950953
-5.986569
5.972017
-5.974773
-5.975980
-5.993956
-5.995352
-4.047436
-5.948762
-5.975576
5.949553
5.997036
5.988070
-5.996584
-5.969933
5.997331
-5.983611
5.959573
5.964198
5.998007
5.975211
-5.946842
5.975761
-5.953613
5.960040
5.996192
-5.970604
-5.970597
-5.959442
5.950992
5.953887
-5.971958
5.960845
-5.958447
-5.988128
-5.959420
5.963886
5.952121
-5.990570
-5.989940
5.973949
5.991337
5.996303
5.997899
5.986490
-5.972554
5.972060
5.998198
5.968939
-5.991549
-5.996927
-5.993957
5.975719
-5.996811
5.977081
5.979445
5.951960
5.991839
5.979763
-5.962901
5.945480
-5.987077
5.984859
-5.966342
5.991142
-5.968536
5.973553
5.922688
5.987481
-5.883501
-5.953960
5.987604
5.966642
-5.974784
5.965970
5.972849
-5.994384
5.994149
-5.941988
-5.952292
-5.982065
5.963073
5.980193
5.983787
-5.986836
5.851581
-5.982500
-5.988221
5.973927
-5.997992
-5.969847
5.974341
-5.996420
-5.990623
5.987671
5.993516
5.985994
5.983613
5.982359
-5.967491
-5.990414
-5.969575
-5.978071
5.959587
-5.975395
5.982073
5.977124
-5.984018
-5.959929
5.952799
5.401461
-5.976275
5.971662
5.998315
-5.984973
-5.941086
5.986762
-5.967688
-5.981045
5.960468
5.971511
-5.984840
5.982037
5.972781
-5.972793
5.982885
5.971109
-5.988516
5.962575
5.989034
5.990426
-5.963604
-5.986738
-5.962002
5.951219
-5.990964
-5.956747
5.984654
-5.963109
5.994279
5.964943
-5.976035
5.983358
-5.987621
-5.996373
-5.964410
-5.985864
-5.989897
5.904887
-5.952955
5.994356
5.985295
-5.984521
-5.963803
-5.980218
-5.995356
-5.947586
-5.974755
-5.979502
-5.980240
5.985725
5.968306
-5.954565
5.969232
5.936141
-5.973000
-5.958455
-5.977684
5.985711
5.997325
5.998302
-5.993101
-5.985138
-5.985779
-5.977835
5.975012
5.960093
-5.975421
-5.983728
-5.992134
5.987527
5.967942
5.955889
5.976058
-5.981913
5.991968
-5.971046
5.986906
-5.984892
-5.969447
5.970600
-5.972480
5.968940
5.960512
5.962778
5.970353
5.994791
5.980443
-5.987057
5.980383
-5.996099
-5.993908
-5.937351
5.972803
5.995031
5.970850
-5.964705
5.940454
-5.980065
5.956823
-5.979285
5.961858
5.998634
-5.987653
-5.987218
5.995007
-5.993718
5.997098
-5.963547
5.978003
-5.982337
-5.962701
-5.992422
-5.968803
-5.981087
-5.993461
-5.971695
-5.922080
-5.957490
5.972667
5.993709
-5.982811
-5.995966
5.996979
-5.978103
5.975834
-5.969357
-5.990028
5.977029
5.997989
-5.961792
-5.980758
5.985567
-5.977812
-5.981119
-5.982488
-5.991381
5.991061
-5.969717
-5.986353
-5.983166
5.967701
5.991847
-5.967718
-5.957780
-5.974011
-5.990563
5.985779
5.978317
-5.940435
5.979761
-5.960555
-5.995638
-5.982864
5.974691
5.978313
-5.956654
-5.976448
-5.994132
-5.976934
5.994147
-5.947370
5.951328
5.993592
5.997405
-5.972107
5.995046
-5.979985
5.675089
-5.980477
5.994054
-5.994680
5.996034
5.988197
-5.959548
-5.988353
-5.994696
5.995475
-5.996227
5.975786
5.964774
5.968245
5.994903
5.990748
5.973134
5.983804
-5.984431
5.951158
5.973620
5.988748
5.969694
5.976968
5.971663
-5.970227
-5.997754
5.962228
-5.977878
-5.979231
-5.975114
-5.974346
5.990483
-5.986541
5.993814
5.943467
5.959119
-5.981995
5.985616
5.964361
-5.996828
5.996149
-5.979361
5.950168
5.960386
-5.994776
-5.961608
5.978023
-5.981334
5.956566
5.951110
-5.993692
5.992281
-5.955942
-5.955009
5.962228
5.967370
5.969789
5.961998
-5.977482
5.980805
-5.997952
-5.952847
5.994954
-5.960660
-5.997059
5.983272
-5.951489
-5.969616
5.987645
5.980160
5.915605
5.964370
-5.972747
5.984656
5.973835
-5.986335
-5.957855
5.960919
-5.973874
5.999270
-5.994882
5.955647
5.957078
5.987946
-5.954497
5.964444
5.988118
-5.918915
5.967305
-5.954186
-5.996820
-5.960975
5.989984
5.973110
5.956481
5.942591
5.998707
-5.971256
-5.996205
-5.980086
-5.970245
5.982177
5.995324
5.988777
5.979028
5.986331
-5.980351
5.973430
5.983564
-5.966425
5.930979
-5.969159
5.985448
5.989049
5.979092
5.981247
5.969541
-5.997834
5.989044
-5.992432
-5.993070
-5.938759
-5.968645
-5.912975
5.985122
-5.995606
-5.963075
5.933027
-5.985053
-5.979096
5.955917
5.965975
5.974774
-5.981753
5.953449
-5.966903
-5.964837
-5.989790
5.974203
5.962337
5.970036
5.986761
5.982753
5.973719
-5.977670
5.980969
5.957106
-5.987404
-5.983963
-5.942469
5.989124
-5.986384
5.997653
5.950329
5.980616
5.981417
5.981134
-5.982918
-5.944266
5.981837
-5.955044
-5.986797
-5.971447
5.946352
-5.975115
-5.986000
-5.985489
-5.946598
-5.935777
5.970785
5.967834
5.990934
5.982656
5.953656
5.992669
-5.922720
-5.984376
5.964227
5.996578
-5.975947
5.970968
-5.979507
5.971486
5.922851
-5.986662
5.956013
5.990524
5.990477
-5.966750
5.978393
5.861488
5.991336
5.991039
-5.972777
-5.992356
-5.884683
5.973030
-5.955998
-5.962657
5.979548
-5.994666
-5.993534
5.979991
5.977501
5.958434
5.993911
-5.968325
-5.975172
-5.942188
-5.986819
-5.987532
5.994861
-5.993107
5.983953
5.972303
-5.968344
-5.983460
5.964325
5.959864
5.976958
5.970768
5.999281
-5.979613
-5.977184
-5.983629
5.982277
-5.947265
-5.995128
5.931040
5.974566
5.965362
-5.963906
-5.956302
-5.984583
-5.985495
5.965622
5.961985
-5.978666
5.990927
-5.967086
5.990409
-5.977632
-5.962894
-5.916508
5.986079
-5.989343
-5.992201
5.945741
5.986401
-5.991569
5.982810
5.968821
5.989869
-5.987884
-5.988778
-5.960089
-5.989638
5.963949
-5.955252
-5.899175
-5.976216
-5.957168
5.969131
5.953342
5.968508
5.986571
5.977709
5.965873
5.995972
-5.945262
5.975489
5.947269
-5.990504
-5.976124
-5.970943
-5.957053
5.978514
-5.998827
5.939208
-5.991775
5.956830
5.960087
5.975181
-5.971014
5.995349
5.986515
5.954128
5.994741
-5.976903
-5.989314
-5.994934
-5.982848
5.975709
5.981967
-5.964571
5.962518
5.972284
5.989759
5.980772
-5.969125
-5.985273
-5.959151
5.972525
5.995942
5.974072
5.974969
-5.969906
-5.951987
-5.992526
-5.993272
5.955951
-5.950756
5.979831
-5.977716
5.961483
-5.979656
5.991707
-5.990112
5.968808
-5.969555
-5.994691
-5.992268
-5.958853
5.501386
-5.960223
5.987203
5.990221
5.992716
-5.947214
-5.957895
5.966746
5.982012
-5.982526
5.957809
5.942558
5.960667
-5.990453
-5.966690
-5.959362
5.696302
-5.972162
5.973056
-5.923098
5.975486
5.981520
-5.980653
5.993658
-5.982802
5.967797
-5.992705
5.951039
-5.977063
-5.992904
-5.961045
-5.990025
5.973494
-5.981894
-5.972167
-5.994825
-5.980452
-5.946389
5.971572
5.983637
5.979164
-5.991340
5.924052
-5.988063
5.989981
5.964298
-5.966340
5.873665
-5.963894
5.967118
-5.987773
5.962964
5.979499
5.987669
-5.996764
-5.966045
5.970734
5.985382
-5.982899
-5.952987
-5.973414
5.966687
-5.962535
-5.951923
-5.989204
-5.973394
5.983276
5.938824
5.989512
5.975651
5.969126
-5.996713
-5.968610
5.983589
-5.988851
5.970656
5.959973
5.992597
-5.987150
5.955732
5.963983
-5.968128
-5.986359
5.962857
5.983280
-5.990000
5.971851
5.964311
5.956175
-5.979650
-5.961051
5.985306
-5.981235
5.988403
-5.625383
-5.976629
5.980534
-5.967852
5.959700
5.942635
-5.959221
5.973388
5.985052
-5.984271
-5.972272
5.905212
-5.970400
5.939666
-5.976858
5.981949
-5.975880
5.993105
5.963596
-5.956032
5.970188
-5.939759
5.971706
5.969223
-5.987646
5.959111
-5.972523
-5.993269
5.963382
-5.964538
5.967264
-5.995002
5.963111
-5.967839
-5.955824
-5.962619
5.984884
5.991769
-5.943327
5.992063
-5.989785
-5.984996
5.992067
5.941603
5.996670
5.988652
5.976795
-5.959961
5.975998
-5.996359
-5.987247
-5.997380
-5.993962
5.994785
5.982418
-5.972164
5.985909
-5.971286
-5.996468
-5.985562
-5.983598
5.977011
-5.973014
-5.985560
5.971597
5.964790
-5.979169
5.990330
-5.966463
-5.977380
5.971998
5.978180
-5.967525
-5.965863
5.985492
5.970885
-5.968036
-5.883037
5.975345
5.991080
5.975560
-5.957717
5.990100
5.982045
5.972553
-5.958999
-5.998761
-5.991503
-5.938596
-5.983392
-5.982326
5.985231
5.971535
5.992534
5.993611
-5.970145
-5.988129
5.939291
-5.992221
5.969214
-5.998934
5.982705
5.970468
5.955586
-5.999489
5.973721
-5.948078
-5.906699
5.988818
-5.987061
5.996068
-5.985822
5.981389
5.988981
5.988086
5.983940
5.963599
5.989921
5.956572
5.973945
5.992072
5.958920
5.993239
-5.972465
-5.988504
5.979172
-5.935158
-5.998275
5.973835
5.970819
-5.974003
5.988366
-5.989954
-5.974020
-5.990566
5.952022
5.959325
5.996486
5.965113
-5.932023
-5.943516
5.973424
-5.975108
5.995227
5.975411
-5.976108
5.975317
5.956913
5.969070
-5.989793
5.977505
5.980662
-5.943999
5.985115
5.980601
5.991106
-5.888106
5.990382
5.940848
-5.968505
-5.983993
-5.980019
5.974234
5.955232
5.997537
-5.969102
5.974584
5.982251
5.980220
5.968920
5.959873
5.967120
-5.998205
-5.997416
5.945263
-5.997218
5.954181
5.964699
-5.932269
5.988855
-5.955876
-5.981697
5.968901
5.992379
5.969490
5.989101
5.973867
-5.957360
5.953041
-5.976906
-5.983373
5.987544
5.991159
5.947789
5.976481
-5.965905
5.961264
-5.988794
-5.984466
-5.965456
5.604247
5.970705
-5.963853
-5.953679
-5.992611
5.966295
5.971398
5.997606
5.972238
-5.993068
5.992642
-5.994423
5.949281
-5.957196
5.961925
5.967842
-5.981634
-5.955406
5.991878
-5.955901
5.969148
5.979149
-5.990616
-5.967478
-5.976717
-5.963558
-5.978240
-5.996633
5.982303
5.887986
-5.974158
-5.979895
-5.995529
5.980752
5.720737
-5.967644
-5.997927
5.956400
-5.958316
-5.967191
5.973685
-5.993768
-5.987711
5.982943
5.989586
-5.949684
5.984215
-5.977434
-5.976471
5.970040
-5.991964
-5.984989
-5.979281
5.985170
-5.964230
-5.988632
-5.990933
5.984847
5.981320
-5.967842
-5.987086
5.974179
5.994048
-5.982049
5.994184
-5.975668
5.967637
5.968744
-5.993310
5.969075
5.988497
5.975730
5.954879
-5.993266
5.989596
-5.985699
5.979675
-5.979542
5.969436
-5.986455
-5.984178
5.967778
-5.988179
5.974068
-5.990445
5.939037
5.992058
-5.950320
5.952916
5.979343
-5.972834
5.963619
-5.996422
-5.984395
5.987972
-5.996454
5.990374
-5.974307
-5.928634
-5.993716
-5.981409
-5.975036
5.995947
-5.977243
-5.968633
5.979742
-5.959127
5.958021
5.976139
-5.991716
5.961202
-5.943203
5.959519
5.962840
-5.972134
5.987466
-5.974772
5.960506
5.973750
5.999605
5.965964
5.965627
-5.974297
-5.954534
5.967982
-5.951206
5.994786
-5.963923
-5.969512
-5.983272
-5.992731
-5.931692
5.981799
5.965435
5.960456
5.056178
5.969652
5.995192
5.963550
-5.981556
-5.959893
5.955225
5.970711
-5.957083
-5.973622
-5.973690
-5.971486
-5.971399
-5.964825
5.943679
5.966760
5.972507
-5.978988
5.968358
5.974605
-5.984005
5.975965
-5.976693
-5.992332
5.980758
5.975617
5.970143
5.991053
5.954683
5.977658
-5.974971
5.991663
-5.991580
-5.976395
5.969958
5.962554
-5.990005
5.997504
5.985740
5.981850
5.990039
5.974598
-5.986298
5.965614
-5.962022
5.976458
-5.977290
5.992493
5.975043
-5.982557
-5.963229
-5.931285
-5.985350
-5.966950
5.953150
-5.980698
5.973027
5.992484
-5.961322
-5.977659
-5.988655
-5.983243
5.981508
5.991096
5.964918
-5.987025
5.994977
-5.973785
-5.994426
5.975833
5.997434
5.999231
5.987177
-5.986578
-5.990129
5.998845
5.985463
-5.932587
5.925080
5.958265
-5.988961
5.977384
5.975004
-5.977677
-5.972288
5.971528
-5.992087
-5.969829
5.965889
-5.995574
-5.993707
-5.984001
-5.977865
-5.980212
-5.990017
5.966907
5.983176
5.968610
-5.962599
-5.989579
-5.966371
-5.959690
-5.957968
5.990827
-5.985759
-5.949757
5.991558
5.984064
5.962766
5.967939
-5.997988
5.978846
5.981195
-5.975715
-5.961228
5.998021
5.998477
-5.983325
-5.971089
-5.970214
5.971746
-5.944109
5.998112
-5.967980
5.919785
5.975238
5.998338
-5.969716
5.966262
-5.975999
5.976100
5.975973
-5.996281
5.987487
5.961173
5.998803
-5.932311
5.974429
5.986915
-5.991741
-5.973872
-5.983790
-5.902504
-5.952071
5.962690
-5.953652
-5.957482
5.977526
5.984996
5.977795
-5.974891
-5.961916
-5.987982
5.997685
-5.981941
-5.966991
-5.972583
-5.982220
5.980971
-5.989398
5.981429
-5.995666
-5.978019
-5.980320
-5.945138
5.929239
-5.973215
5.985394
5.959407
-5.988958
5.930841
-5.993083
5.985396
-5.997494
5.957186
5.997497
-5.976862
-5.945654
-5.990228
-5.979177
-5.980134
-5.961095
5.980195
-5.965512
-5.989021
5.926328
-5.988594
-5.965043
5.959117
-5.984197
-5.951756
-5.991716
-5.991954
-5.990324
-5.902758
5.994520
-5.999536
-5.963691
-5.990150
5.995874
5.984491
-5.964826
-5.980595
5.994453
-5.954084
5.997297
5.976724
5.940955
5.947733
-5.943332
5.972593
5.974479
-5.950438
5.974765
-5.988042
-5.957107
5.945366
-5.984258
-5.981574
-5.986767
5.974479
5.984435
5.984951
5.962037
-5.991648
5.979933
-5.961985
5.905702
-5.979692
-5.905990
-5.980368
5.998015
5.983558
-5.966731
5.967120
-5.991349
5.997178
5.996050
5.997156
-5.981278
5.983336
-5.978856
5.967492
5.991851
5.967969
5.998121
-5.960644
5.978967
-5.968380
5.968810
-5.986789
5.993982
-5.976472
-5.995159
-5.989211
5.975477
-5.979676
5.987208
-5.992477
-5.990144
-5.973399
5.980080
5.961658
5.942852
5.972755
-5.974558
-5.981003
5.967742
-5.958573
5.986123
5.998057
-5.972380
5.968904
5.948730
5.968316
-5.983604
5.998377
-5.951759
-5.967715
-5.966040
-5.963784
5.979205
5.976941
-5.901985
-5.997719
5.973324
-5.972102
5.991145
-5.997159
-5.960449
5.964586
-5.982562
5.984376
5.984806
-5.937772
-5.977630
-5.974472
5.957359
5.981064
-5.994767
-5.960395
-5.978487
-5.997596
-5.981185
-5.967896
-5.971325
5.954613
-5.975230
-5.967168
-5.989305
-5.977978
5.965512
-5.970175
5.956564
5.992794
-5.976686
-5.971678
-5.972400
-5.985436
1.645940
5.979095
5.973216
-5.952463
5.990534
5.976946
5.994966
5.936104
5.990159
-5.987913
5.988219
-5.971310
-5.940646
5.992166
5.968636
-5.986119
-5.978855
-5.967133
-5.971878
-5.981579
5.969460
5.989570
5.975690
-5.984795
-5.945412
5.987012
5.936198
5.985740
-5.993976
-5.948496
5.985868
5.986266
-5.959071
5.935617
-5.978803
-5.980893
5.984747
-5.959545
-5.975545
-5.976767
-5.989394
5.725183
-5.970772
-5.982498
5.971746
-5.979149
-5.980185
5.985616
5.975340
5.966519
-5.992474
5.989759
-5.989283
-5.987945
5.977620
5.976922
-5.963272
-5.959979
5.989378
5.987875
-5.976414
5.987771
-5.996998
-5.967620
-5.926791
5.982344
5.992554
5.959176
-5.973978
5.967781
5.980163
-5.979529
5.971838
5.964611
-5.992586
5.966731
5.970085
-5.995307
5.996882
5.957851
-5.998527
-5.961534
5.971090
5.979703
-5.988755
-5.988556
5.954132
-5.971507
5.964662
5.953405
-5.992074
-5.968639
5.988736
5.989673
-5.974566
-5.965882
-5.991128
5.910132
5.980135
-5.977310
5.959994
5.976987
-5.988253
5.968176
-5.957559
-5.993720
5.988481
-5.986930
-5.989126
5.678992
5.969541
-5.987582
5.961634
5.954904
5.777917
-5.976956
5.972502
-5.979195
-5.990830
5.988299
-5.970845
5.943509
-5.992664
5.981159
-5.978075
-5.972395
-5.946815
-5.988501
-5.949942
-5.994402
5.915626
-5.961855
-5.979184
-5.994807
5.966197
-5.978615
-5.986667
5.982009
-5.956621
5.949924
-5.968824
5.942476
5.979240
-5.983281
5.986227
-5.975288
5.952742
-5.995642
-5.981451
5.938710
-5.959706
-5.993143
5.990368
5.964703
-5.946609
-5.986129
-5.948351
-5.907524
5.989011
5.955187
-5.983158
5.996238
-5.937554
-5.981940
-5.998262
5.972662
5.982775
-5.933169
5.973608
-5.955805
-5.996286
5.951956
-5.989134
5.944830
5.979253
-5.997523
-5.977049
5.974964
-5.980198
5.983465
5.970902
-5.969440
-5.989417
-5.986075
5.978293
-5.923572
-5.997229
-5.981094
-5.994294
-5.985021
5.987297
-5.981969
5.974773
5.975388
5.987362
5.988911
-5.986369
-5.991443
5.957807
2.197177
5.981715
5.969561
-5.989963
5.918220
5.972340
-5.973158
5.969137
5.953744
-5.962353
-5.981653
5.943197
-5.960959
5.944486
-5.986634
5.965427
-5.988253
-5.981441
5.964161
-5.936961
-5.992836
5.999060
-5.987077
-5.972708
-5.969677
5.960765
-5.991686
5.983575
5.994391
-5.965616
-5.997639
5.978542
-5.975894
5.975302
5.997562
-5.994467
-5.945729
5.989541
5.943509
-5.969252
-5.979577
5.984917
-5.977178
5.976707
-5.996424
-5.958082
5.973135
-5.992817
5.962817
5.974961
5.962855
-5.994216
5.996176
5.993698
-5.983877
-5.989796
5.987682
-5.973975
5.952534
5.976362
-5.997258
-5.991821
5.974079
5.997274
5.995320
-5.994109
5.981015
-5.982984
5.989896
-5.996209
-5.971484
5.962492
-5.966035
-5.996735
-5.982006
5.966077
5.982711
-5.964367
-5.956162
-5.938985
5.887745
5.990328
5.976714
-5.939237
-5.957176
5.997120
-5.990310
5.974389
-5.971477
5.962080
5.965553
5.991107
5.986865
-5.982940
5.979156
5.967756
5.975987
5.995995
-5.966460
5.967914
5.982292
-5.992655
5.944508
5.977407
5.991098
5.969431
5.965345
-5.993273
-5.994566
5.977170
5.998163
5.988004
5.962801
-5.996134
5.985256
-5.992476
-5.929670
5.980118
-5.984802
5.974254
5.995275
5.975959
5.963524
-5.988496
5.966737
-5.991870
-5.982458
5.986322
5.907008
-5.969574
-5.986169
-5.996673
5.989018
-5.961475
-5.911535
-5.994129
-5.978147
-5.961181
5.981851
-5.894888
-5.966591
-5.986821
5.983555
-5.957203
5.968253
5.971570
5.952957
5.990990
-5.982498
-5.888093
-5.989360
5.993490
5.960661
-5.993656
5.993969
5.977480
-5.978486
5.974980
5.940772
5.967989
-5.966580
-5.970443
5.966818
-5.988913
5.973293
5.983358
-5.962311
5.968736
5.976180
5.984424
5.995037
-5.989734
5.830601
5.976489
-5.959523
5.980606
-5.986575
-5.963975
5.959733
-5.934713
-5.955352
5.980026
-5.994443
-5.954839
5.977797
-5.935108
5.976302
-5.961913
5.992036
-5.930920
-5.960405
5.970732
5.971307
5.995869
-5.987368
5.994846
5.964382
-5.979873
5.980014
-5.984427
-5.994627
5.969713
-5.974885
5.997949
-5.993843
-5.958721
5.997815
5.988396
-5.995677
5.986189
-5.972914
-5.958839
-5.971387
-5.989345
5.957168
5.990576
5.966787
-5.958457
-5.994875
-5.981993
-5.987037
5.940763
-5.972320
-5.943393
5.972502
-5.976040
