0 36
1 3
1 17
1 68
1 98
2 15
2 43
3 1
3 25
3 52
3 54
3 96
4 7
4 52
4 54
4 98
5 78
5 80
5 96
6 18
6 75
6 89
6 97
7 4
7 81
8 44
8 83
9 20
9 35
9 37
9 41
9 45
9 46
9 68
9 87
10 71
11 43
11 97
13 69
13 71
14 31
15 2
15 38
16 56
16 93
17 1
18 6
18 43
19 30
19 39
20 9
20 44
20 97
21 66
21 72
22 31
22 36
22 61
23 77
23 89
24 46
24 97
25 3
27 98
28 37
29 32
30 19
30 61
31 14
31 22
31 68
32 29
32 93
33 53
33 79
33 92
34 36
34 89
35 9
35 67
36 0
36 22
36 34
36 90
37 9
37 28
38 15
39 19
40 75
40 98
41 9
42 52
42 73
42 79
43 2
43 11
43 18
43 65
43 75
44 8
44 20
44 65
44 77
45 9
45 53
45 91
46 9
46 24
47 70
50 68
51 54
52 3
52 4
52 42
53 33
53 45
53 86
53 90
54 3
54 4
54 51
54 92
56 16
56 84
56 95
59 64
59 71
61 22
61 30
61 77
61 96
62 85
63 76
64 59
65 43
65 44
65 74
66 21
66 81
67 35
67 89
68 1
68 9
68 31
68 50
68 86
68 98
69 13
69 78
69 81
70 47
70 79
71 10
71 13
71 59
71 76
72 21
73 42
74 65
74 88
75 6
75 40
75 43
75 89
76 63
76 71
77 23
77 44
77 61
77 91
78 5
78 69
79 33
79 42
79 70
80 5
81 7
81 66
81 69
81 85
82 93
83 8
84 56
84 94
85 62
85 81
86 53
86 68
87 9
87 93
88 74
89 6
89 23
89 34
89 67
89 75
90 36
90 53
91 45
91 77
91 99
92 33
92 54
93 16
93 32
93 82
93 87
94 84
95 56
96 3
96 5
96 61
97 6
97 11
97 20
97 24
98 1
98 4
98 27
98 40
98 68
99 91
