4.000000	1.000000	50	0.100000	ARCHIVOS_REDES\ER\ER_636.txt
0.339034	3.910083
-3.995235
-3.903702
3.994529
3.992324
3.993530
3.987603
3.993684
-3.294209
3.994221
3.991141
3.862052
-3.995044
3.986205
-3.993498
-3.988466
3.990706
3.985201
-3.986854
3.993353
-3.986574
3.990863
3.993336
3.987881
-3.990240
3.992523
-3.988554
3.992996
3.992721
3.994724
-3.974730
3.992507
3.993100
-3.986304
-3.974576
-3.987812
3.987286
3.992527
-3.977520
3.995950
3.994756
-3.987762
-3.990084
3.968608
-3.991518
-2.339646
3.990383
3.935757
3.995455
-3.985838
-3.972873
3.994944
3.995035
3.986281
3.992579
3.997279
-3.990230
-3.952535
3.972447
3.988707
3.967930
3.994202
2.839598
3.992372
3.987477
3.991159
3.996186
3.991318
3.992156
3.455168
3.993637
3.994039
3.992860
-3.907983
3.990690
3.992144
-3.993375
3.992209
-3.978096
3.989281
-3.991821
-3.384282
3.993602
-3.991096
-3.989508
-3.921423
-3.991937
-3.990658
-3.987684
3.991727
-3.986293
-3.989765
3.981357
3.992049
3.993354
-3.986719
-3.890545
-3.993344
-3.967238
3.964269
-3.860714
-3.990463
-3.992326
3.992695
-3.966475
-3.993181
-3.992538
-3.991400
-3.962738
-3.978984
3.991990
3.955419
-3.989156
3.991668
3.971805
3.871487
3.948134
3.994095
3.984845
3.963221
-3.962542
3.994589
3.995088
3.988225
-3.989397
-3.989600
3.995486
3.994024
3.993071
3.982986
3.997277
-3.780836
3.972760
-3.991907
-3.060688
3.990071
3.992686
-3.991826
-3.990992
-3.990184
3.989105
3.994377
-3.990783
-3.990905
3.993250
3.601299
3.970674
3.993666
-3.993810
3.986668
-3.985641
3.994272
3.991885
-3.984315
-3.993689
3.992217
-3.643789
-3.988413
3.963712
-3.993413
3.992078
3.993345
3.995203
3.991874
3.993405
3.992346
3.986026
3.992992
-3.975474
3.993894
-3.974609
-3.975879
3.984728
-3.612959
-3.474778
3.991805
3.976746
3.990866
-3.797900
1.524375
-3.990334
3.988432
-3.988097
3.864921
3.993590
3.992213
-3.986896
3.994513
3.992446
-3.988077
3.575693
-3.976839
3.981348
3.990469
-3.988753
-3.985340
-3.987869
3.990312
3.988255
3.997245
3.989158
-3.989850
3.990625
3.992093
3.994809
-3.993760
3.993869
3.992119
3.990989
2.863817
3.995073
-3.989320
-3.992989
-3.985860
-3.990959
-3.481333
3.581242
3.991576
-3.988179
-1.279600
3.993841
-1.127152
-3.984177
-3.971503
-3.988660
3.990198
-3.984291
-3.994445
3.995710
3.990246
3.989160
-3.978941
3.991171
-3.985189
3.990294
-3.981785
3.989203
3.988619
3.994648
-1.359783
-3.990703
3.986150
3.977552
3.993457
3.992749
-3.977721
-3.812997
3.989660
3.994770
-3.990158
-1.569530
3.928221
-3.985553
-2.316747
-3.990630
-3.990313
-3.992651
-3.991796
-2.982997
3.993098
-3.986271
-3.979175
3.991638
3.995126
-3.992632
3.996081
3.994282
-3.986876
3.982839
3.997277
3.989768
-3.991202
3.993757
3.992918
-3.986847
-3.992282
3.992436
3.986014
3.991028
3.997202
-3.990824
3.991132
3.994113
3.154382
3.988933
-3.995296
3.991473
-3.985457
-3.992020
-3.988048
3.991758
-3.992945
-3.989704
3.977380
-3.994396
3.988120
-3.992551
3.972309
3.994025
3.990360
3.994172
3.985812
3.991954
-3.992822
3.992169
3.700533
3.993808
-3.992161
-3.989088
3.994921
-3.875235
3.995185
-0.237017
-3.993237
3.993617
3.990479
3.994731
-3.991652
3.994097
3.992962
-3.994765
3.993557
-3.991103
-3.978587
-3.988415
-3.972234
3.988152
-3.977133
3.401436
1.140653
-0.596828
-3.989360
3.892913
3.979733
3.994129
3.995062
3.991218
-3.991804
-3.992544
3.993559
3.997248
-3.993749
-3.992068
3.995967
3.994377
3.989715
-3.981886
-3.841243
-3.993009
-3.993832
3.991690
3.992099
-1.063343
3.991572
-3.994596
-3.992764
-3.994355
-3.992011
3.993563
3.991782
3.987869
3.992134
-3.562298
3.994747
3.994339
-3.986772
3.993794
3.992813
3.967715
-3.994614
-3.989542
3.993696
3.975624
3.992344
-3.988792
-3.986417
-3.974503
3.986409
3.993772
1.060999
-3.990948
-3.992397
3.990571
3.993203
3.984377
0.862003
-3.373622
3.987863
-3.984517
-3.984444
3.976135
3.991669
-3.719942
-3.963610
-3.452848
-3.991449
-3.978300
-3.989212
-3.993424
3.987797
3.981354
3.987493
-3.697769
-3.993176
-3.951102
-3.994039
-3.988163
-3.937612
-3.991117
3.887231
3.984543
-3.993073
-3.994470
3.929190
3.991497
3.993353
-3.993374
-3.991223
3.993605
3.983637
-3.870772
-3.992686
3.953811
-3.991758
-3.977222
-3.989995
3.988865
3.990193
-3.963804
3.995130
3.992403
-3.993522
-3.989456
-3.989819
-3.993408
3.994460
3.979078
-3.975742
3.992160
-3.983532
-3.981484
3.985691
3.990535
3.962564
-3.992843
-3.993218
-3.990761
3.990364
-3.991484
2.904509
3.993668
-3.990854
-3.991389
-1.068699
3.988652
3.386591
3.994998
-3.947845
3.989678
-3.991689
-3.990257
-3.988972
-3.989456
3.991159
3.986398
-3.967022
-3.987769
3.995404
-3.733237
-3.991445
3.994350
3.990400
-3.984811
3.993853
3.992608
-3.984769
3.993376
-3.990879
3.991893
3.997266
3.913829
3.991612
-3.791455
3.989508
3.990682
3.993752
3.994824
-3.684061
-3.990127
3.985307
3.994974
-3.989861
3.995681
3.992806
-3.991015
-3.988034
3.991064
-3.959628
3.992153
3.990653
-3.983349
3.992849
3.993233
-3.941219
-3.981846
-3.983352
3.989054
-3.993842
3.988595
3.825029
3.991410
3.988363
3.990625
-3.992033
-3.984571
-3.987001
-3.993317
-0.585155
-3.991394
-3.962591
-3.817471
3.974725
3.993509
3.992070
3.996004
-3.949603
-3.989748
-3.989390
3.836174
3.991953
-3.984709
-3.991623
-3.988589
-3.990338
-3.990995
3.990511
3.993854
3.987497
-3.918729
-3.994433
3.991732
-3.992159
-3.990373
-3.981006
-3.986603
-3.992068
3.989245
-3.988846
-3.780767
3.994613
-3.985366
3.993769
-3.989592
-3.987242
3.989425
-3.989763
3.984432
3.992138
-3.986505
-3.988509
-3.993115
3.970738
3.992050
3.991660
-3.991229
3.995028
-3.913758
3.994185
3.997250
-3.987759
3.986896
-3.988945
3.987142
3.989879
3.987352
-3.992962
3.991161
3.994313
-3.992497
-3.991293
-3.981497
3.986174
3.994076
-3.888941
3.738690
-3.984754
-3.907241
3.992940
-3.990967
3.646751
3.994120
3.994860
-3.960568
-3.984959
3.991308
-3.988759
-3.994375
3.992997
-3.984320
-3.988040
3.992625
-3.991057
-3.972037
-3.995421
3.995188
-2.598277
-3.994939
-3.997276
-3.960284
-3.993026
-3.989729
3.993510
3.984164
3.992673
-3.987222
3.995289
-3.995327
-3.982341
3.993623
3.991647
3.992856
-3.985450
-3.976366
3.995113
-3.983267
3.994852
-3.989030
3.990233
3.991536
3.973938
-3.442133
3.994845
-3.990405
3.992773
3.992662
-3.985351
3.990733
-3.991396
-3.991131
-3.943931
-3.990984
2.860131
3.991477
3.943683
3.989089
3.996205
3.992906
3.971440
-3.986355
3.994591
3.989486
-3.954292
-3.973433
-3.991200
3.985974
3.993874
3.993514
3.987317
3.994960
3.992266
-3.984892
3.992343
-3.994183
-3.993564
-3.993019
3.992679
-3.953887
3.990361
3.967873
-3.992773
3.991563
-3.990988
3.993297
3.995544
3.990111
-3.674135
-3.985975
3.992559
3.993128
3.991486
-3.977187
-3.563315
3.984169
3.989838
3.995104
-3.985372
3.991275
-3.991369
3.992499
3.981691
3.989687
-3.988474
-3.993335
-3.882761
3.986963
3.789871
-3.982108
3.994898
-3.973772
3.993390
3.995122
3.989833
-3.210965
-3.993533
-3.993348
-3.992841
3.980520
-3.997272
-3.830192
3.994812
3.991138
3.994905
3.991029
-3.992581
3.980759
-3.989830
-3.990834
-3.964393
3.991236
-3.990671
3.987326
-3.985359
-3.992072
-3.938967
-3.987189
-3.993695
-3.987466
-3.991491
3.993314
-3.982457
-3.991974
3.995474
-3.994632
-3.992265
3.981024
-3.992073
-3.970941
-3.403231
3.997270
3.994524
3.995634
3.991213
-3.987676
-3.993915
3.984521
-3.994561
-3.989905
-3.992540
-3.994993
-3.868574
3.992142
3.990215
-3.991228
3.992259
3.983098
-3.990989
-3.974396
3.937470
-3.997269
3.978357
3.986723
3.977798
-3.997247
-3.981854
3.993574
3.990844
-3.951193
3.992013
-3.977887
3.994349
3.991670
3.992681
3.991589
3.990247
3.989068
3.991573
0.257454
-3.989535
-3.985316
-3.988530
3.980360
3.989846
-3.991410
3.993241
3.992548
-3.990060
3.985956
3.994345
-3.993283
3.977206
3.985448
3.993015
3.992176
3.993663
-3.992197
3.962005
-3.988679
-2.144080
-3.991499
3.992200
-3.964931
-3.991437
-3.993077
3.916659
3.991720
-3.986442
-3.989141
-3.991021
3.992880
3.924202
-3.978886
3.991797
3.992383
3.984172
3.938056
3.992494
3.982227
-3.988989
3.991704
3.989866
-3.993618
-3.975333
-3.993281
-3.986591
3.994073
-3.991661
-3.991824
3.986788
-3.779610
-3.987539
3.987935
3.996598
3.985413
3.992362
3.987033
3.993456
3.977456
3.989642
-3.991054
-3.974994
3.687406
3.992265
-3.989569
3.994495
3.983230
3.984332
-3.992921
-3.980450
-3.988797
-3.986864
3.986058
3.991743
-3.990339
3.985420
-3.988378
-3.992646
3.993069
3.990654
-3.989698
-3.740852
-3.967243
3.986842
3.990303
3.993656
-3.990954
-3.991627
3.990146
-3.997241
3.993890
-3.989080
-3.975136
-3.984620
-3.982930
1.556309
-3.984518
-3.931106
-3.997182
-3.990680
3.987144
3.997166
3.986684
-3.991976
3.991969
-3.992160
3.994239
-2.226436
-3.983210
3.992142
-3.986324
3.990841
-3.992849
3.994726
3.991595
-3.990540
-1.212318
-2.770394
3.993870
3.995710
-3.989455
3.993408
3.992089
3.985573
3.989979
-3.991985
3.993089
-3.985303
-3.992513
-3.988578
3.993875
-3.990149
3.993148
-3.990891
-3.987257
-3.974842
3.992375
3.251813
3.959087
3.990733
3.991417
3.993967
-3.880363
3.992704
3.988109
-3.989517
-3.980117
3.994543
3.993603
-3.991554
-3.994410
-3.387223
3.992260
3.990503
-3.982606
3.994724
-3.989955
-1.894275
3.984002
-3.992051
-3.949557
-3.879068
3.986553
3.990496
3.992676
3.895991
3.994548
-3.974165
3.988478
-3.976295
-3.973995
3.991538
-3.989430
-3.993688
-3.978246
-3.984141
3.979873
3.992438
-3.991763
-3.991351
3.994933
-3.973779
3.995179
3.993947
3.995560
-3.989889
-3.563153
3.988402
-3.983642
3.982279
3.991753
3.994190
2.418592
3.971152
1.531974
-3.985373
-3.920633
-3.971212
-3.978652
3.991545
-3.993066
3.957990
-3.989769
-3.978677
-3.984730
3.989079
-3.976123
3.973196
-3.976503
3.991378
-3.991242
-3.992091
-3.994917
-3.973727
-3.989140
3.984288
3.735682
-3.988865
3.991811
-3.984504
-3.803609
3.992273
3.993930
3.988689
3.267109
-3.890112
3.995956
-3.988120
-3.986657
-3.988110
3.993951
3.982402
-3.995164
-3.995552
-3.989899
3.993551
-3.991922
-3.987537
3.990983
3.991121
-3.988120
3.987745
3.988648
3.990975
-3.990908
-3.994416
-3.989227
3.992890
-3.981090
-3.993352
3.989702
-3.987843
3.990447
-3.958542
3.991793
1.208685
-3.993295
3.849997
-2.819749
3.991516
-3.991716
3.993627
-3.989921
3.984576
3.994215
2.446235
3.813228
3.973673
-3.933181
3.994144
3.994762
3.992760
3.993202
-3.993156
3.994020
3.928024
3.995593
-3.990736
3.992514
3.994268
3.993502
-3.989157
3.979089
-3.987260
-3.991584
3.993038
3.994192
-3.991986
-3.992973
3.990054
-3.987076
3.994404
-3.989170
-3.978169
3.983454
-3.985377
-3.983226
-3.769725
-3.975202
3.993681
3.994522
-3.995321
3.982114
-3.975118
3.983698
-3.993220
-3.967312
3.993225
3.985147
3.987689
-3.989035
3.995109
-3.987486
3.993764
3.990737
-3.137579
3.994334
3.989966
-3.984997
-3.974699
-3.940445
3.980664
-3.992161
3.991588
3.847058
3.982242
-3.993243
-3.990319
3.995515
3.987538
-3.988484
3.981051
3.992784
-3.988035
-3.992350
-3.987796
3.990998
3.991303
-3.989765
-3.781057
3.995424
3.726733
-3.991914
3.990288
-2.978269
-3.909463
-3.989908
3.945402
3.980000
3.992537
-3.809064
3.993515
-3.994296
3.992207
-3.994743
-3.991428
3.991565
-3.993671
3.993263
3.987926
-3.993356
-3.988652
-3.991628
3.984567
3.967444
-3.981683
-3.967262
-3.989936
-3.992899
3.990214
3.991550
3.698868
3.991262
0.522567
-3.984004
3.993617
-3.903919
-3.988194
-3.987718
3.988164
-3.989754
-3.974497
3.989540
-3.982351
-3.990809
3.981184
3.993901
3.995515
3.992507
-3.988203
3.994594
-3.989894
3.992257
-3.990616
3.994157
3.993175
-3.986034
3.990702
-3.990774
-3.983143
-3.983840
-3.993787
-3.984360
3.989377
3.993852
3.994304
3.992479
-3.990129
-3.963972
3.992909
3.991139
-3.976474
3.993435
3.993798
3.972531
3.844717
3.993523
3.991998
0.386089
3.991853
3.994288
3.989439
-3.991826
3.933543
-3.989382
-3.981978
3.968319
-3.978788
3.987363
3.993844
-3.988824
3.994830
-3.991587
-3.945598
3.968558
3.992647
-3.977491
3.995025
-3.970824
-3.984410
-3.992976
3.991401
3.988148
3.967433
3.987822
3.990013
3.933139
3.989974
-3.988212
3.993847
3.991310
-3.983363
3.993481
3.988610
3.994192
-3.978435
3.957877
-3.862249
-3.912062
-3.986575
3.993753
-3.985099
-3.805163
-3.988403
3.990258
3.996110
3.992794
3.990789
3.992953
3.989960
-3.962693
3.989000
3.992172
-3.986220
-3.991165
3.063474
-3.993665
-3.987782
3.992615
3.994847
-3.988363
3.984150
-3.989193
-3.991693
-3.990069
3.993644
-3.987830
-3.988978
3.987193
2.074221
3.805339
-3.991390
3.997262
-3.991847
3.986834
-3.987082
3.891058
3.959619
3.992181
-3.983500
3.989345
-3.992962
3.994694
3.993172
-3.991183
3.988039
-3.994832
3.993392
-3.991792
3.988996
3.989394
3.984637
-3.991072
-3.990149
3.993095
-3.991713
3.986280
3.994015
3.988421
3.976360
-3.993503
1.115597
-3.935882
3.992122
3.994042
0.689227
3.979250
3.997253
3.979028
3.987531
-3.993269
3.993765
3.993375
3.993546
-3.985819
3.798378
-3.993156
-3.997267
-3.989118
-3.986264
3.991559
3.993448
3.989303
3.872548
3.993812
3.982902
3.990555
3.978445
-3.990028
3.993185
3.987826
3.994210
-3.992970
-3.963827
-3.955554
-3.990704
-3.991381
-3.994458
-3.890803
2.829265
-3.989622
3.992169
3.991724
3.986055
-3.990536
3.993551
3.596722
3.972141
3.992666
3.994018
3.995251
3.991254
-3.662086
-3.993153
3.973527
3.992481
3.994365
-3.991258
-3.989005
-3.993822
-3.976633
-3.859383
1.568887
3.986978
-3.957016
3.992752
3.995696
-3.979975
3.993941
3.988044
3.990365
3.989681
-3.986248
-3.976241
3.992376
3.993227
-2.624426
-3.925629
-3.986426
-3.989877
-3.990461
3.997277
-3.992884
-3.990413
-3.992002
3.944688
-3.993302
3.994939
-3.991957
3.995784
3.981957
-3.649736
3.994957
-3.989793
-3.985760
3.877581
3.990397
3.991679
3.988279
-3.992675
3.987597
-3.961533
3.997242
3.988603
-3.991361
-3.992744
-3.988915
-3.981352
-3.989028
3.995382
3.990087
3.994810
3.994650
-3.721191
-3.993388
-3.997276
-3.997252
3.997174
3.985014
3.992881
3.985240
-3.984718
3.882828
-3.975091
3.924410
3.959244
-3.989909
3.994323
3.989664
3.992605
3.987485
3.993942
-3.986778
-3.987555
3.986342
-3.988904
3.989514
3.994689
3.993415
3.996077
-3.992383
-3.991697
-3.991690
3.994149
3.990997
3.992275
-3.705270
3.993042
3.994590
3.991731
3.990044
-3.980523
3.992731
-3.977580
-3.988668
-3.988576
3.991252
3.967631
3.986226
-0.889568
-3.993071
-3.994312
-3.991697
1.950427
-3.989205
3.993048
-3.983899
3.987952
3.993339
-3.986193
3.982535
3.988326
-3.990438
2.627974
-3.988611
-3.978085
-3.396679
3.995527
3.992054
-3.990034
-3.988663
3.988680
-3.982983
-3.988629
3.989528
3.990153
3.991217
-3.994636
-2.873724
3.995136
-3.994174
3.995965
3.992989
3.992526
3.991494
-3.993285
-3.979670
3.994990
-3.990457
3.994355
-3.996444
3.983354
3.991759
3.989268
-3.989691
-3.994833
3.933286
-3.986973
3.989984
3.991759
3.987763
3.991829
3.989883
-3.992101
-3.896530
3.987611
-3.913828
3.983038
3.995255
3.991506
-3.988535
3.988465
3.989411
3.964150
3.990493
-3.989436
3.903349
-3.990009
3.995627
-3.985432
2.780950
-3.982178
3.981288
3.986015
3.989016
3.993814
-3.992418
-3.997245
3.988100
-3.980998
3.989676
3.990003
3.994020
-3.990750
-3.982658
3.994744
-3.992301
-3.993062
3.992659
-3.745507
-3.991362
-3.934490
-3.959579
-3.994912
3.983137
3.992727
-3.991318
-3.985883
3.992654
-3.992335
-3.989093
-3.960828
3.991090
-3.987729
3.992485
-3.455831
-3.991999
3.989920
3.988654
3.993769
-3.991321
3.990977
3.990401
3.994365
-3.994759
3.995849
-3.991829
3.986733
3.992495
3.993841
-3.989318
3.991574
-3.955015
3.985977
3.991493
-3.993045
-3.991994
-3.990323
3.992748
-3.990393
-3.993767
-1.135458
-3.986247
3.990447
-3.989214
3.997269
3.993689
3.992764
3.993592
3.987366
3.994619
3.983199
-3.993307
3.910795
-3.990839
3.995384
3.989627
-3.777062
3.994088
-3.990023
3.989935
-3.882037
-3.988508
-3.969671
3.995069
3.991746
3.992056
-3.989779
-3.986490
-3.997234
-3.993889
-3.920258
3.991498
3.992770
-3.988186
3.986489
-3.924732
-3.990836
-3.329417
3.992347
-3.989630
3.992792
-3.983002
3.944105
3.991560
3.994278
-3.990235
3.988172
-3.739005
1.194203
-3.986635
3.986304
3.994272
3.993093
3.991374
-3.994822
-3.991344
3.989599
-3.989442
3.993088
3.492485
-3.988666
-3.993764
-3.990507
-3.992259
3.971592
-3.993165
3.969545
3.786426
3.975249
-3.993310
-3.987072
-3.992436
-2.665759
-3.978490
3.979921
3.984501
-3.994278
3.460415
-3.991956
3.987687
3.993737
3.991373
3.995703
3.990859
3.994006
3.989717
3.988892
-3.985425
3.993476
3.585805
3.994230
1.613665
3.987352
-3.992447
3.988399
3.995197
3.994716
-3.992203
3.926626
3.992565
3.939616
3.868670
-3.969278
3.980387
-3.989007
-3.894255
3.959535
3.985367
-3.991037
3.993600
3.993560
-3.989948
3.993500
-3.975629
-3.993105
-3.973384
-3.993638
-3.991529
-3.983101
3.976215
3.997273
3.993961
-3.990691
3.976399
-3.993475
3.993301
3.574969
3.992717
-3.990887
-3.985504
-3.972969
-3.992975
3.993305
1.477435
3.993060
-3.987330
-3.994150
-3.990336
3.993748
3.993544
3.994850
-3.997239
-3.981218
-3.988466
3.992921
3.997253
-3.989755
-3.994147
3.993405
-3.990752
3.990322
3.989807
3.994216
-3.984196
-3.973521
-3.990097
1.222358
3.957313
3.986135
-3.180701
-3.985112
3.196589
-3.989157
-3.992062
-3.984541
3.989137
3.994174
-3.979355
3.949144
-3.987017
-3.768638
-3.991416
-3.986360
3.949484
3.993702
-3.937499
-3.988864
3.997269
-3.989740
3.986421
3.995286
3.964714
3.988744
3.984845
-3.983826
3.993265
-1.127277
3.992983
-3.812070
3.983595
3.994432
-3.866429
3.989011
-3.958779
3.992861
-3.486872
-3.979889
3.982882
3.995696
-3.993982
-3.981292
-3.993800
3.997246
-3.997259
3.977864
3.992436
3.990058
3.992645
3.993848
-3.969937
-3.983987
3.984853
-3.985561
-3.988211
3.754816
-3.946991
3.988289
-3.990054
-3.989487
3.993119
3.814247
3.993751
3.977816
-3.993320
-3.974164
-3.986777
3.967367
3.992973
3.988542
3.987333
3.990908
-3.984204
3.995396
3.995884
3.987823
3.702995
3.993854
3.994070
3.982995
-3.990021
3.988362
-3.992492
3.994326
3.970994
-3.994938
-3.839246
-3.990591
3.992051
3.997286
3.989819
3.992511
0.244380
3.992184
-3.992705
-3.988413
3.992428
3.985681
-3.993436
-3.990767
-3.994153
-3.974801
-3.988192
3.292389
-3.950442
3.981118
-3.991953
-3.993789
3.992732
-3.991548
3.988642
3.994965
-3.988269
3.986927
-3.992810
3.988941
3.988553
3.867767
3.996048
3.990527
-3.989201
-3.966011
3.990905
3.989610
3.980453
-3.980995
-3.985664
3.994164
3.925094
-3.992019
-3.978997
3.992671
3.994717
-3.991594
3.987272
3.987879
3.997275
3.993540
3.978870
3.994720
-3.992035
3.992087
2.475961
-3.971373
3.687761
-3.972049
3.949432
3.995980
3.990599
-3.991723
3.993521
-3.990012
3.990763
-3.907638
-3.992596
-3.994520
3.990918
-3.978592
1.420217
-3.991406
3.902702
3.005956
3.992515
-1.435824
-3.987776
3.187470
3.977022
-3.990239
-3.991433
-3.952540
-3.702949
3.992593
3.990539
-3.983879
3.994103
-3.954820
-3.990923
3.988133
-3.992629
-3.986291
-3.984034
-3.989160
-3.960745
3.993290
3.994428
3.989169
-3.977751
-3.987740
3.991338
3.994734
3.990729
-3.987445
-3.979262
-3.985161
-3.987728
3.957665
3.994074
3.983249
-3.979177
3.992553
-3.989350
-3.982068
-3.986608
3.925878
3.896306
3.989370
-3.784797
3.993522
3.990436
3.992776
3.993010
3.994558
3.993673
3.997278
-3.993402
-3.990881
3.988798
3.991527
-3.993025
-3.980648
-3.989993
3.992475
-3.992686
-0.606476
3.995683
3.994278
3.994287
-3.991901
3.992021
-3.991964
3.911036
-3.908814
-3.983413
-3.992649
-3.991753
-3.987332
3.991031
-3.986760
3.995047
3.993417
3.992463
3.993283
3.991639
-3.885542
3.992617
3.967460
3.974885
3.994029
3.976364
3.979999
3.991758
-3.993136
-3.991406
3.991617
3.890593
-3.977722
3.991468
3.993701
3.911840
-3.988394
3.992291
3.989057
3.974255
3.995315
-3.978339
3.987155
3.993735
3.992204
-3.986821
-3.991166
1.854809
-3.389261
3.991292
3.997271
-3.995664
3.993320
3.992982
3.971292
-3.989558
-3.985776
-3.955846
-3.990092
-3.979216
3.966537
3.990412
-3.986528
3.990896
-3.989542
3.982210
-3.995364
-3.979901
-3.988321
3.992417
3.990433
3.991428
3.991637
3.995978
3.993122
3.989904
3.928946
-3.916556
3.993170
3.993732
3.991367
3.975467
3.984214
3.976893
3.991738
-3.991173
3.995771
-3.963074
3.993377
3.990001
3.993161
3.991738
-3.991415
3.724581
3.988129
-3.906543
-3.982829
3.987595
3.928013
2.045659
3.992227
-3.989555
3.994637
3.994906
3.993304
3.990860
3.946540
-3.995433
3.993985
3.994206
-3.986122
-3.991588
3.992339
-3.984672
3.909684
3.994308
3.995099
-3.980311
-3.993714
-3.937066
3.995886
3.517639
3.987197
-3.990059
-3.990859
3.990157
-3.986901
-3.990530
-3.993927
-3.987396
3.992429
-3.989452
3.976494
3.989043
3.744792
-3.989418
3.933567
-3.964938
3.990185
-3.994157
-3.993747
-3.989853
-3.985196
-3.985529
3.990658
-3.401507
3.987564
3.992334
-3.990481
3.997276
3.993585
3.972617
-3.984472
-3.995158
-3.989064
3.992867
3.992608
3.958351
-0.852282
-3.993415
-3.989349
3.995307
3.945051
-3.990330
3.992682
-3.993454
-3.994169
3.988855
-3.974477
-3.992578
3.989029
-3.990985
-3.992672
3.983436
3.994996
-3.985718
3.984901
3.963342
-3.994908
3.964605
3.994361
3.980984
-3.980767
-3.987800
-3.985578
-3.918245
-3.991231
-3.960446
-3.985212
3.992089
3.989505
-3.992142
3.993043
3.997251
-3.990587
-3.983832
-3.990137
3.980691
-3.966522
-3.957773
-3.990931
3.995276
3.965792
-3.993568
3.992543
3.995053
3.995328
3.989439
3.994644
3.994527
-3.506847
3.987884
3.948934
-3.983428
-3.994152
3.987265
-3.981087
3.993200
3.993127
-3.991149
-3.987196
3.892002
3.989791
3.956310
-3.051828
-3.973711
-3.988161
3.993717
-3.984323
-3.921484
3.994966
-3.991047
3.492248
-3.992455
-3.978245
3.994851
3.950530
-3.995238
-3.992933
3.984971
3.996127
-3.990219
3.986343
3.932113
-3.993366
-3.982622
3.972072
3.989431
3.991765
-3.988931
3.989685
3.997273
3.990430
-3.988437
3.990748
3.995213
-3.988784
-3.996108
3.992909
-3.329730
-3.991729
3.988099
-3.251687
-3.991656
3.992812
3.993315
-1.751172
3.997258
3.986782
3.993796
3.992516
3.994952
3.992038
3.981719
-3.992238
-3.580996
0.108559
3.995806
3.993919
3.994941
3.993571
-3.981442
-3.987804
3.991257
3.994815
3.994391
3.994266
-3.984518
-3.990207
3.992443
-3.991254
3.993977
-3.967183
3.991662
3.990130
3.995113
-3.991978
3.995766
-3.986613
3.996175
3.989806
3.991764
3.978915
3.995113
-3.729379
-3.992320
-3.991256
-3.997249
-3.991166
-3.979674
-3.996023
3.993742
3.993357
3.983827
-3.982300
3.962114
-3.991063
3.994709
-3.984949
3.995409
3.990444
-3.991451
3.687908
3.990436
-3.369046
-3.990724
3.994457
3.973462
3.992396
3.995210
-3.988475
3.990931
3.993773
3.987808
3.151929
-3.992552
-3.989389
3.993403
-3.021674
3.991063
-3.986244
-3.723842
3.989235
-3.992588
3.995060
-3.990316
-3.984998
-3.991603
2.167815
-3.988588
3.953990
3.993814
-3.977226
3.994816
3.991310
-3.994352
-3.708006
-3.991761
3.992830
-3.993740
3.989804
3.985832
3.963259
3.991596
3.981208
-3.991848
-3.993932
-3.993548
3.991806
3.997232
-3.987606
-3.991086
3.988586
3.984177
3.992983
-3.981314
-3.997248
3.990192
-3.989379
-3.991946
3.994713
-3.984434
-3.790997
3.122937
-3.992078
3.935080
3.993016
-3.992534
3.986913
-3.989694
3.986172
-3.991198
2.113759
3.994197
3.993800
-3.992199
-3.981011
-3.990402
-3.980553
3.992625
3.991184
-3.993634
-3.985362
-3.797319
-3.966850
-3.992914
3.987536
3.887539
-3.992173
-3.987754
3.997186
-3.983810
-3.991299
-3.988896
-3.989716
3.994345
3.991775
-3.988256
-3.989139
3.990983
3.992446
-3.993939
-3.994457
3.939150
3.926068
3.997198
-3.985861
3.995223
3.897017
3.992057
3.988668
-3.989959
3.983344
3.992972
3.933675
3.995214
3.995862
3.993966
-3.971263
-3.987010
3.990351
3.992065
-3.989684
-3.975263
-3.995641
-3.993170
3.994584
-3.987641
-3.916304
3.982156
3.990123
-3.991390
-3.972013
3.989389
-3.989856
-3.993995
-3.982675
-3.989950
3.824524
3.910123
3.992990
-3.968470
-3.988338
-3.992846
1.068468
-0.623776
-3.989683
3.991997
3.993742
3.991326
3.993461
-3.990777
-3.992619
-3.980760
-3.995142
-3.264219
3.997277
3.993539
3.990229
-3.979604
3.990000
-3.985292
3.989043
-3.992963
3.990938
-3.990651
3.989078
3.990684
3.986036
-3.994282
3.907152
3.995543
3.993591
-3.984738
3.994304
3.988629
-2.855475
3.976506
3.991386
3.997248
3.974138
3.997174
-3.929737
-3.993384
-3.894940
3.971138
-3.990645
-3.963293
3.947985
-3.990900
3.991207
3.993902
3.994075
3.980245
3.984111
3.991596
-3.992626
3.852149
3.983961
-3.990826
3.950069
-3.997263
3.985690
-3.956084
3.992342
3.993154
3.969783
-3.993252
3.989961
-3.988156
-0.695384
-0.692259
3.994513
-3.897664
-3.989875
3.984107
-3.994170
-3.990126
3.983534
-3.851014
-2.944362
3.995700
-3.983394
-3.990728
3.995995
-3.959253
3.977745
-3.963402
-3.991427
-3.991772
3.993846
3.982168
-3.993193
-3.997201
3.991445
3.991219
3.991981
3.994251
3.997243
3.993913
-3.964038
-3.990286
-3.778851
3.992980
3.957364
-3.769567
-3.925375
-3.987315
3.967463
3.989782
-3.989993
-3.988756
-3.989171
-3.995037
3.989629
-3.983979
3.987554
-3.981638
-3.997155
3.995866
-3.983992
2.086428
-3.970810
3.983962
3.994343
-3.989377
3.992613
3.991319
3.991713
3.994536
-3.995099
-3.990803
-3.918845
3.590783
-3.681170
3.997257
3.993862
-3.817093
3.990418
3.994005
3.990324
-3.986043
-3.991050
3.990370
-3.996796
-3.972724
3.994459
3.686029
-3.932351
3.991238
3.991602
-3.975625
-3.985259
-3.778633
3.571810
-3.940353
-3.992439
-3.953284
-3.360670
3.993800
-3.990703
-0.546078
3.992093
-3.986317
-3.986334
-3.993250
-3.963568
-3.989880
-3.986990
3.984346
3.987946
-2.569182
-3.987552
-3.994061
3.963869
-3.989254
3.975848
3.994690
-3.924831
-3.947461
3.994798
-3.985161
3.990692
3.991863
-3.992688
3.994273
3.981040
-3.986055
-3.990684
3.990627
3.988548
-3.992483
-3.987147
-3.991913
-3.990280
-3.979882
-3.991040
-3.983471
-3.988298
3.988977
3.992107
-3.989159
-3.993629
3.982035
-3.995540
3.992231
3.994092
3.993793
3.984797
1.858941
-3.978959
-3.985700
3.993277
-3.973727
-3.993398
-3.991077
-3.990405
-3.991149
-3.993114
3.994432
-3.990053
3.990207
3.992240
-3.987110
-3.997250
3.995481
-3.991135
3.992384
-2.981758
3.994137
3.777380
3.740814
-3.983107
3.993382
3.995727
3.992967
3.981604
3.984092
-3.994426
3.979779
-3.949870
-3.986967
-3.995341
-3.927907
3.986678
3.995172
-3.983134
3.986419
3.995046
3.993495
3.989196
-3.993848
3.986606
3.988922
3.981643
3.991191
-3.986860
-3.974344
3.994341
3.991146
3.997211
3.991577
3.993608
-3.992550
-3.994575
3.993170
3.994052
3.988129
-3.968022
-3.989654
-3.995329
-3.994595
-3.980002
3.987641
-3.993821
-3.918102
3.974040
-3.980072
-3.988042
-3.476826
-3.991522
-3.989203
3.994382
3.991851
3.980268
3.993729
3.994930
-3.992824
3.994602
-3.980318
-3.993810
-3.985918
-3.990531
3.994471
0.434971
3.994781
-3.992473
-3.991497
-3.978733
-3.985332
-3.992839
3.985593
-3.818492
3.994080
3.928911
3.991786
3.997279
-3.993210
-3.987152
-3.988473
3.991323
-3.991159
-3.976828
-3.949666
3.976416
-3.989685
3.991674
-3.828201
-3.991288
3.994784
-3.985876
3.991035
3.814474
-3.991276
3.994370
-3.988566
-3.988772
3.995265
-3.973833
3.993964
3.992528
3.976688
3.992731
-3.988353
3.981018
-3.978603
3.997270
-3.980926
3.992763
-3.988584
3.991840
-3.993470
3.993571
3.991330
-3.990810
-3.993566
0.476018
3.992788
3.990415
3.985521
3.993331
3.997278
3.989387
3.993508
3.991962
3.992323
-3.986597
-3.994901
-3.993663
3.988999
-3.990189
-3.994042
-3.992728
3.995821
-3.992834
-3.987546
-3.991586
3.978714
3.991844
3.896670
3.797594
3.989471
3.982615
-3.875659
3.969432
3.994614
3.993072
-3.992923
3.930607
3.993397
-3.987809
-3.986318
3.990699
3.913309
3.992377
3.983220
3.989715
3.995441
3.989523
-3.979523
-3.983150
-3.994984
-3.983429
-3.988653
3.993020
-3.993392
-3.582028
3.991720
-3.994030
-3.990390
-3.990664
-3.985905
-3.992054
-3.908064
3.993134
-3.928084
-3.982861
-3.992293
-3.993044
-3.986204
-3.979766
-3.985373
-3.995765
3.982129
-3.986438
3.990607
-3.987933
3.410269
-3.994526
-3.988269
3.993447
-3.992746
-3.991678
3.992172
3.829780
-3.986353
3.992867
3.990485
3.987268
3.993076
3.989359
-3.977853
3.991737
3.994024
-3.987415
-3.991433
3.985857
3.983001
3.994891
3.993442
-3.987793
-3.993250
3.992956
3.986386
0.221709
3.890486
-3.991540
3.989986
-3.992441
3.993279
-3.989329
3.992198
-3.986491
-3.987757
3.903770
-1.623985
3.987491
3.983710
-3.987673
-3.995830
3.992570
-3.992089
-3.994619
-3.991589
3.994284
3.994046
3.990404
-3.985520
-3.992441
3.992274
3.991911
-3.979842
3.990105
3.970405
3.977744
3.994749
-3.995427
-3.549064
-3.772803
3.992572
-3.989010
-3.977400
-3.977713
-3.991681
-3.974793
3.989656
-0.226992
-3.521376
3.991850
3.994531
3.985520
3.994092
-3.991168
3.993929
3.993748
3.984117
3.993910
3.994367
-3.987643
3.990305
3.990484
3.992596
3.993756
-3.955494
-3.985276
3.991745
-3.889363
-3.992942
3.807871
1.396604
-3.992559
-3.989719
-3.992333
-3.991410
-3.992258
3.987650
-3.992554
-3.992263
-3.994007
3.992679
-3.990317
3.989765
-3.981729
-3.962453
3.935730
3.990362
3.992392
-2.633302
-3.988831
3.985509
3.994768
-2.625638
-3.992685
3.993830
3.986034
-3.987156
-3.983934
-3.990382
3.988661
-3.993500
3.994965
-3.978280
-3.989092
3.993216
-3.988343
-3.989766
3.993194
3.992309
3.991244
3.992353
3.932514
-3.227389
-3.989276
3.995424
3.992002
3.979776
3.972935
-3.985216
-3.989290
-3.987713
-3.977033
-3.989517
3.997264
3.957773
-3.992609
-3.987065
3.991498
-3.971505
-3.981370
3.992416
1.686600
3.994989
3.992403
-3.972321
-3.990966
-3.994126
-3.991183
-3.991019
-3.986370
3.992090
-3.861193
3.997273
3.994798
-3.988810
3.987001
-3.992125
-3.968040
-3.985749
-3.977591
-3.987601
-3.987411
3.994958
-3.991308
-3.991985
-3.986454
3.785047
-3.990262
-3.988688
3.987539
3.991601
-3.990523
3.990477
3.990776
3.993234
-3.981482
3.939805
3.990678
-3.993667
3.910333
3.994205
-3.982706
3.383323
-3.989441
-3.973471
3.992271
-3.988668
3.992398
-3.992994
-3.904657
3.989683
3.991896
3.984691
-3.963193
3.984461
3.970881
3.992068
-3.994193
-3.988159
-3.991866
3.993387
3.903509
3.994450
3.995940
-3.988008
3.991332
3.980172
-3.985977
3.990657
3.983357
-3.992741
3.993326
3.261415
3.967794
-3.989256
3.997263
3.991666
-3.976853
3.992562
3.994036
-3.987848
-3.989561
3.990518
-3.990145
-3.562880
-3.979251
3.992524
-3.993713
3.985898
-3.997268
3.992624
-3.969755
-3.989800
3.962840
3.992566
3.983388
-1.303012
3.988272
-2.697536
2.874451
3.950765
3.992599
3.992219
3.993721
3.918806
3.992956
-3.968235
3.985926
-3.987301
3.979698
3.988210
3.994036
-3.990151
-3.987147
-3.968674
1.922972
3.994641
3.990287
-3.983382
3.988247
3.995027
3.991254
-3.985465
-3.906842
3.970582
-3.987565
3.994243
3.992018
3.990955
-3.986006
-3.987543
-3.993149
-3.982631
-3.997243
3.994371
3.984509
3.994031
-3.845842
3.989626
3.770854
-3.990309
3.973407
3.990352
3.990648
-3.995019
-3.992401
-3.985954
-3.991225
-3.992345
3.994787
3.993639
3.993722
-3.983596
3.991594
3.991209
-3.986035
-3.988483
3.995887
-3.987382
3.984012
-3.991006
-3.987560
-3.980634
3.991447
3.990972
3.994281
3.992086
3.987671
3.981271
3.995114
3.990441
-3.986928
-3.994815
3.987879
3.997267
3.909460
3.989618
-3.979608
3.989075
2.877076
-3.991567
-3.992052
-3.986708
3.990160
3.994591
3.992620
3.989440
-3.978252
3.993726
3.992471
3.992374
3.992458
3.992973
3.867722
3.990668
3.991655
3.994303
3.993596
-3.989958
3.991787
3.991757
3.991663
3.985899
-3.989538
3.992186
-3.376370
-3.988361
3.991342
-3.989787
3.987292
-3.991932
3.912250
3.991462
-3.969598
-3.914623
-3.989380
3.994975
3.997251
3.992430
-3.994358
-3.986830
3.988362
-3.990649
3.992329
-3.989489
-3.729397
-3.994729
3.990424
3.619520
3.992814
3.987626
3.719362
3.985357
3.992399
3.979585
-3.952320
3.989848
3.992658
-3.975033
3.930245
3.988737
3.993660
-3.993330
-3.991247
-3.985602
-3.991472
-3.987342
-3.987416
3.993904
-3.989407
3.993546
3.892982
3.995053
-3.983853
3.988056
-3.988519
3.997259
3.991502
3.983484
-3.979414
3.992021
3.995443
-3.986193
-3.992461
-3.947503
-3.991056
3.991597
3.993608
3.992281
3.993680
-3.991630
3.990638
3.994165
-3.977540
3.993761
-3.988154
3.987734
3.988785
3.992213
-3.986060
3.993869
3.989988
3.670670
-3.981890
-3.984988
3.992632
3.994914
3.981850
3.919078
3.984102
3.989744
-3.987828
3.993711
-3.951938
-3.993499
3.991690
3.995000
3.995482
3.977103
-3.995022
3.938995
-3.992294
3.995984
3.974772
-3.671599
3.992163
3.993648
-3.990918
3.987591
3.991399
3.991256
3.579627
-3.993840
3.983268
-3.978535
-3.988273
-3.989516
3.993506
-3.980111
-3.985081
-3.982811
-3.992474
-3.992778
-3.993145
3.892822
-3.959561
3.983900
-3.992587
-3.993295
3.992341
3.995558
3.925876
-3.981919
3.995572
3.996834
3.991620
3.990277
3.992240
-3.990701
-3.978628
-3.995572
-3.983090
3.992258
3.993839
3.989307
-3.992730
-3.990252
3.991659
-3.992584
3.058332
3.984244
3.993650
3.990020
3.859481
-3.988078
3.972723
-3.987963
3.993678
3.992274
3.985880
-3.969246
-3.989339
3.976997
3.989143
3.990835
-3.995809
3.990213
3.952154
3.986657
3.992990
-3.589025
-3.995082
-3.982441
-1.073362
3.776838
3.995971
-3.979370
-3.970395
3.989612
3.992409
-3.984380
3.992318
3.987293
-3.961368
3.961637
3.982273
3.993442
-3.995377
-3.992381
-3.990228
3.990250
-3.969018
-3.990597
-3.825913
-3.990083
-3.994147
3.991713
-3.970781
3.953448
-3.995010
-3.985878
3.983778
-3.990003
-3.967265
3.989780
3.988860
-3.994100
3.987924
-3.981028
-3.993236
3.994886
3.930617
-3.993741
-3.991672
-3.986967
3.980462
3.991656
-3.991923
-3.965352
3.995103
3.995645
3.961173
3.985938
-3.991075
3.983438
-3.992712
3.992125
-3.971636
3.990219
-3.986856
-3.937788
-3.993730
3.993143
3.989090
3.990682
-3.979009
-3.995583
-3.992883
-3.989577
-3.985164
-3.969975
3.993170
3.993629
-3.995616
-2.635643
3.993669
-3.989669
3.994981
-3.991133
-3.972781
-3.989294
-3.989086
3.981912
-3.989638
-3.994242
2.981655
3.994485
-3.994518
3.997252
3.988496
-3.986191
-3.972419
-3.991665
-3.989389
3.993095
-3.996854
-3.986982
-2.604196
3.988944
-3.993082
3.988321
3.992940
3.991244
3.992625
-3.986525
-3.992489
3.991249
3.981967
-3.988552
-3.992544
3.993939
-3.986191
3.991876
-3.992531
-3.915609
-3.991184
-3.993220
-3.994242
-3.766141
3.994178
3.992308
3.994314
-3.986540
3.994951
-3.990915
3.054398
3.992386
3.990214
3.993644
3.993547
3.980812
-3.992636
3.982760
3.993639
-3.991186
3.916042
3.995680
3.991952
3.990323
-3.988815
3.991017
3.995104
-3.992401
3.986730
-3.979483
-3.965793
3.918066
-3.994467
-3.991974
3.987779
-3.542219
3.986143
3.993782
3.989855
3.994228
3.973256
-3.991900
-3.991087
3.993162
3.993060
2.285970
3.992990
-3.993945
3.992309
3.993576
3.993946
-3.989617
3.995540
-3.992188
-3.987547
-3.548929
-3.976226
3.993519
-3.989695
3.995085
3.993098
-3.988928
-3.987557
-3.991628
3.994019
-3.985818
3.995610
3.992666
3.993456
3.994414
3.984591
-3.988680
-3.991572
3.992507
3.993012
-3.977275
3.990556
3.984706
3.983827
-3.982953
3.992160
3.995096
3.988348
3.991440
3.974165
-3.982174
3.990202
3.995906
3.994924
-3.965268
-3.981673
-3.992498
-3.992321
-3.987871
3.991474
3.992181
-3.992440
3.991394
3.993215
-3.987148
3.991428
3.991314
-3.993370
-0.838091
-3.983955
3.997179
-3.985031
3.980313
-3.987756
3.990946
3.987030
-3.992754
-3.995384
-3.969655
3.993386
-3.950806
-3.987165
3.992658
3.969251
3.995463
3.992678
-3.978437
-3.990489
3.994451
3.997276
3.993093
-3.994494
-3.986333
-3.023194
-3.992122
3.994311
-3.991122
3.983853
-3.981789
3.984240
3.994054
3.992635
-3.988174
-3.979168
3.990444
3.992954
3.993131
3.983499
-3.990018
-3.988363
3.986715
-3.970316
3.993043
-3.971684
3.992612
-3.993926
3.990450
3.990934
-3.990971
3.986097
-3.988853
3.993157
3.997274
3.985363
-3.990220
-3.988003
3.988923
3.994558
3.978102
-3.992831
3.994268
3.745096
3.992480
-3.987859
-3.992960
3.991130
-3.991276
-3.990666
3.990028
3.993320
-3.967950
3.985532
-3.955227
3.990959
3.989748
-3.953695
-3.987312
-3.987497
3.992132
-0.767070
-3.988017
-3.969340
-3.993011
-3.988029
-3.990062
-3.990450
-3.994347
3.992787
3.979737
3.988314
-2.220745
3.993916
-3.988244
-3.986679
-3.986933
-3.997262
3.990764
3.988512
3.990753
3.997273
3.992330
3.992761
-3.978867
-3.952683
-3.986673
3.994362
-3.979380
-3.975861
-3.989783
-3.990564
3.990548
-3.700918
-3.990458
3.984013
-3.977224
-3.992724
-3.991803
3.993121
-3.993040
3.992719
3.990540
3.989089
-3.987925
-3.984988
-3.906955
-3.930508
3.988091
-3.982894
3.992893
-3.995034
-3.982161
3.953257
-3.967864
3.991033
3.989934
-3.970919
-1.041906
-3.961940
-3.987141
3.995106
-3.987857
3.990882
-3.975515
-3.988932
3.995520
-3.984352
3.994541
3.982901
3.994249
3.991907
3.992349
3.990036
3.995841
-3.992987
3.994334
-3.990209
-3.994076
-3.864001
-3.988398
-3.985635
3.989429
-3.989029
-3.988330
3.980316
3.987413
3.984625
3.993473
-3.994674
3.988424
3.992806
3.989948
-3.991096
-3.988794
-3.991798
-3.990144
-3.990051
-3.994062
-3.992130
3.990740
3.989656
3.992412
3.948285
3.988769
-3.993606
-3.990631
-3.974869
3.993311
-3.991085
3.993484
3.984415
-3.990909
3.995363
-3.986699
3.987886
-3.988138
3.980521
-3.987236
-1.165326
3.955101
3.992100
3.993451
-3.989201
-3.992196
3.992635
-3.989359
-3.987279
-3.987636
3.992004
-3.989863
3.977287
-3.967464
-3.988288
3.995728
-3.990542
3.992914
3.994272
2.123185
3.991240
3.935320
-3.990594
-3.929374
3.990864
1.117804
3.993362
-0.266361
3.990378
-3.986220
-3.845954
-3.994995
-3.981913
3.993816
3.991064
3.959098
3.807654
1.003941
-3.978132
3.989296
3.991937
3.992883
-3.993272
3.991995
-3.994765
3.992479
3.991961
-3.995523
3.986403
3.990589
-3.994743
-3.987097
3.978079
3.947715
-3.938963
3.990082
3.988995
3.993972
-3.988429
3.994984
-3.982303
-3.993222
3.995689
3.880096
3.995664
3.992427
-3.990604
-3.930919
-3.997271
-3.990053
-3.984973
-3.942944
3.986609
3.994508
-3.985752
3.993196
3.989090
3.988483
3.987756
-3.988548
3.995476
-3.988037
2.130366
3.993181
3.992531
3.991416
-3.989522
3.972159
3.989743
3.992782
3.995912
3.991275
-3.987831
-3.997279
-3.989778
-3.978836
-3.990847
3.997257
3.994963
3.988588
-3.988507
3.991440
3.990747
3.990295
-3.987694
3.543085
3.990920
-3.987818
-3.992906
2.919171
3.963718
-3.993765
3.989184
-3.987573
-3.986652
-3.995011
3.965659
-2.361000
-3.997251
3.906726
3.994911
3.992695
-3.986565
-3.993273
-3.992914
-3.992227
-3.992242
3.987061
-3.994110
3.982422
-3.990958
3.989933
3.992925
3.993439
3.992231
3.983734
-3.979722
-3.986597
3.997222
3.774458
3.990889
-3.988742
-3.990942
-3.987624
3.970402
-3.990376
-3.993632
-3.989044
-3.983710
-3.993230
-3.991515
-3.972408
3.992078
3.985978
-3.987877
3.989601
-3.993067
-3.938439
3.993842
3.991187
3.995963
-3.987642
3.990566
3.706065
-3.984128
3.876067
-3.982522
3.995073
3.974584
3.994255
3.989222
3.993862
-3.988021
-3.994378
3.981405
3.989696
3.991461
3.997254
-3.988813
3.974546
-3.992770
3.993431
-2.656425
-3.547115
-3.988958
-3.993332
3.995037
3.694344
3.990748
-3.987005
3.977597
-3.989010
3.989305
3.986325
-3.992316
3.993291
-3.962505
3.991316
-3.990928
3.991760
-3.991476
3.993759
3.994053
-3.987464
-3.991450
3.995745
3.991418
3.989442
3.993101
-2.625547
-3.993960
3.989479
3.984354
-3.988748
3.990812
3.990397
3.994063
-3.913112
3.997257
-3.986899
-3.984689
-3.977962
3.989894
-3.990576
-3.991788
-3.971842
-3.991460
3.814395
3.977102
-3.992988
-3.987187
-3.989529
-3.687579
3.980212
-3.993389
3.971860
3.675617
3.994948
3.989596
3.993023
3.988280
-3.989247
-3.886896
3.931647
3.989024
-3.984600
3.989521
-3.981314
-3.984932
-3.992366
3.980609
3.986085
3.993013
3.994652
3.984624
3.994491
-3.717159
3.991363
-3.988096
3.992101
2.406566
3.993473
3.993909
3.983047
-3.993116
3.992703
3.997250
3.989264
-3.996294
3.993845
3.994261
3.180292
3.992442
3.995297
-3.980549
3.665665
3.994506
-3.992826
-3.989388
3.984507
-3.970249
-3.988793
3.985514
-3.972517
3.992717
-3.993584
-3.993612
3.993278
-3.990060
-3.992721
3.990410
-3.350705
-3.991978
-3.993382
3.988988
3.791572
3.992208
3.989771
-3.991684
3.989689
3.992051
-3.845907
-2.608496
3.990809
-3.993282
3.988790
-3.987332
3.991956
3.989177
-3.980331
3.995004
3.987481
3.991609
-3.991106
-3.560895
-3.989055
-0.860896
-3.942092
3.988753
3.993516
3.849211
3.988072
-3.995848
-3.988525
3.765536
3.994953
-3.968239
2.616642
3.989728
3.990454
-3.986666
-3.977337
3.985208
3.992884
-3.997264
-3.990510
-3.994785
3.990818
-3.997244
3.990825
-3.990696
3.990938
3.991283
-3.961264
3.994224
-3.984846
-3.985521
3.982994
3.946296
-3.969879
3.994544
-3.959372
3.991789
3.995786
3.995003
-3.992358
3.991754
3.994560
3.991895
3.990859
-3.995170
3.986301
3.989425
3.993075
3.990809
-3.970756
3.982342
3.990827
3.991275
0.274820
3.994768
3.992558
-0.279442
3.992687
3.991558
-3.891377
-3.210754
3.992604
-3.991409
3.990387
-3.988268
3.971262
-0.418896
-3.991564
-3.986302
-3.991327
-3.989812
-3.989126
-3.986219
3.969229
-1.399953
3.961822
3.698742
-3.994105
3.307421
3.990764
3.994707
3.987980
3.995076
3.991448
3.993678
-3.992942
-3.990803
3.995724
3.640833
3.994610
-3.990646
3.995052
-3.990841
3.993630
3.991869
3.984690
-3.984605
-3.993221
1.639543
-3.989081
-1.663736
3.945368
3.983843
-3.975718
3.993571
-3.997269
3.941164
3.987907
-3.989119
-3.990235
3.775947
-3.990635
3.988614
1.515215
3.991453
3.983417
3.992298
3.993355
3.990044
3.992660
3.980514
-3.977720
-3.986609
3.991861
-3.993023
3.988131
-3.985425
-3.992235
-3.990467
-3.991075
3.986574
3.922452
-3.967730
-3.967216
-3.985099
3.991490
3.987564
3.992184
-3.992356
-3.992103
-3.987019
-3.990498
3.993464
3.997283
3.994228
3.993355
-3.993275
3.940249
-3.986742
3.990251
-3.991308
-3.992419
3.990280
3.992858
3.994193
3.991803
3.992144
-3.989610
3.993553
-3.992942
-3.987561
-3.986495
-3.990394
-3.993830
-3.992310
-3.991867
-3.995124
3.991667
-3.992889
-3.982885
3.994774
3.995417
3.991849
-3.989444
-3.990313
-3.493831
-3.940639
1.563905
3.987717
-3.988215
3.989026
3.985844
-3.985754
3.991886
3.787558
-3.987491
3.989719
3.988629
-3.987861
-3.983183
3.991318
-3.808674
3.993251
3.991344
3.994258
-3.962637
-3.992646
3.989505
-3.991686
-3.990223
-1.631215
3.992750
3.979148
-3.967541
-3.990052
-3.985530
3.974558
-3.989091
3.989650
-3.995415
3.995861
-3.993032
3.991093
-3.967680
-3.993161
-3.992467
3.992925
-3.989443
3.946753
-3.984337
3.983125
-3.993177
3.991194
-3.894595
3.987651
3.991770
3.984245
3.994933
-3.997244
3.994786
-3.978174
-3.939984
3.988062
3.993461
3.993441
3.993785
3.994772
3.990859
-3.991893
3.993937
3.993710
-3.985205
-3.984001
-3.988893
3.981738
-3.763320
3.983087
-3.987551
3.986162
3.992287
-3.993678
-3.987194
-3.991429
3.975342
3.995003
2.208168
3.997286
-3.991015
-3.989632
3.993270
-3.984064
3.981805
-3.986288
-3.992482
-3.962912
3.990644
-3.992495
-3.776214
3.993138
-3.991373
-3.909943
3.991417
3.991530
-3.993876
-3.991176
3.993056
3.993448
-3.990849
-3.993838
3.995271
3.993640
3.986392
3.993944
3.948365
-3.988826
3.995190
-3.946480
3.982768
3.990871
3.981691
-0.853528
-3.992900
-3.974046
3.988598
3.907296
3.989005
3.959952
-3.234967
-3.991115
-3.981622
3.991530
-3.978837
3.987875
-3.988450
3.994235
-3.946785
-3.986097
-3.993431
-3.919730
-3.982444
-3.991991
-3.986875
-3.971421
3.992619
-3.991496
3.995256
3.997281
3.991564
3.982992
-3.994959
-3.983854
3.986629
-3.986169
-3.977610
-3.984514
-0.682900
-3.975543
3.991170
-3.994959
-3.989881
-3.881808
3.990785
-3.990562
3.992091
3.986781
-3.986310
-3.988321
-3.954573
3.990728
3.991983
3.930183
3.985256
3.989911
3.984027
3.995349
3.990425
3.988100
-3.991195
-3.949743
-3.988985
3.105441
3.994689
3.989816
-3.981086
3.988501
-3.981861
-3.992962
-3.980307
3.995227
-3.991696
-3.859434
3.986008
3.993585
3.975687
3.992540
-3.991402
3.990394
-3.984496
3.986970
3.991141
-3.992420
3.997269
3.979862
3.994464
3.988174
3.888821
3.986871
3.995467
-3.989221
3.995252
-3.992024
-3.993177
3.991715
-3.991900
3.985474
3.958454
3.994483
3.992932
-3.952791
3.993416
3.990058
-3.946322
-3.988311
3.993104
-3.990928
-3.876155
-3.992208
-3.944735
-3.984833
0.306822
3.994168
3.993067
3.993215
-3.994436
3.994372
3.991194
-3.974621
3.988907
-3.990744
3.991023
3.991464
3.997268
3.995325
-3.988983
-3.975884
3.992159
3.752882
-3.986647
-3.988692
3.997281
3.980773
3.987235
-3.435230
3.992151
3.871658
3.994296
0.658908
3.987367
3.995338
3.996055
3.993594
-3.991282
-3.993742
-3.987874
-3.990841
3.973131
3.993487
3.208942
3.959997
3.979364
3.984066
-0.630297
3.988753
3.990445
-3.989148
3.986916
3.994422
3.992733
-3.990422
-1.956103
3.988486
-3.984644
-3.992011
3.997209
-3.987245
3.966081
-3.997273
-3.991207
-3.990666
-3.968872
3.980864
3.993288
-3.944840
3.995251
3.985826
3.684763
-3.994326
-3.981096
3.989907
-3.970368
-3.984342
3.985930
-3.711061
-3.978498
3.993619
-3.149490
-3.995424
3.988601
-3.970798
3.984741
-3.989320
-0.283422
3.982984
3.993578
3.987280
3.993489
-3.997184
-3.992842
-3.986594
-3.990767
-3.992011
-3.993074
3.991163
3.996191
3.991200
3.989681
3.990202
-3.993259
3.991003
3.985444
-3.997267
3.993056
-3.990130
-3.804435
3.827385
3.988030
-3.986557
-3.986880
3.992102
3.968889
-3.987335
-3.988774
-3.991543
-3.995088
-3.984901
3.993967
-3.991122
-3.942386
-3.993305
-3.994973
-3.992430
3.990180
-3.991425
-3.990151
3.989133
-3.985598
3.929568
-3.995399
-3.991140
-3.992698
-3.985525
3.951602
0.189080
3.991820
-3.991654
3.991391
3.982897
3.994252
3.990934
-3.990452
3.988621
-3.991393
3.990385
3.987998
3.992569
3.995178
-3.989206
3.993091
3.979927
-3.993025
3.993971
-3.978404
3.995828
3.991640
3.988629
3.991650
-3.644771
-3.991537
3.988929
-3.990657
-3.986464
-3.994960
3.991575
3.983786
-3.988450
3.985972
-3.992052
-3.991848
3.994113
3.983056
3.992191
3.992463
3.997254
3.994764
3.985560
-3.964410
-1.754148
-3.993151
3.992183
3.994733
3.994082
3.886041
3.972075
-3.982930
3.986639
-3.980631
3.980641
3.995058
-3.993370
-3.866779
-3.989830
-3.992554
-3.995085
3.992777
3.991794
-3.753963
3.990940
-3.986952
3.993271
3.993899
-3.986241
3.988848
3.992345
-3.981362
-3.978052
-3.990155
3.977286
-3.894296
3.995815
3.995717
-3.992350
-1.736478
3.990842
3.994192
2.870891
-3.992652
3.990779
-3.982589
3.993578
-3.991253
3.991601
3.989961
-3.993498
-3.995748
-3.926912
-3.995482
-3.991597
3.988791
3.995542
-3.982874
3.997009
3.987272
3.960201
3.995709
3.987940
-3.991585
-3.994810
3.992294
-3.990247
-3.969592
-3.985619
3.983709
-3.893345
-3.989566
-3.976577
-3.971274
-3.992715
-3.985224
3.990604
-3.989464
3.992500
-3.992734
3.991540
3.993232
3.820879
-3.983554
-3.976975
-3.968909
-3.970301
-3.959111
3.986079
3.039301
3.992750
3.991011
-3.796838
-3.973451
-3.955436
-3.988443
3.978832
-3.988017
-3.994069
3.991974
-3.987016
-3.909652
3.991753
-3.991337
-3.978835
3.992092
3.993792
3.992601
-3.991523
-3.971161
-3.994242
3.986343
3.994274
3.989286
-3.992961
-3.991888
-3.878016
-3.603696
-3.988916
3.433222
3.995500
-3.949401
-3.994632
3.993321
3.995885
3.381748
3.990613
-3.989346
-3.994366
-3.969064
3.991069
-3.965990
-3.993350
3.991043
-3.977138
-3.988640
-3.991685
3.982649
-3.990322
3.892247
-3.975486
3.991296
3.990327
-3.995561
3.967286
3.988868
-3.990542
3.973074
-3.988779
-3.975179
3.988750
-3.961848
3.994153
3.545703
3.993137
3.995417
-3.991435
-3.913247
-3.991192
3.994944
1.842189
3.997211
3.993503
-3.995427
3.997265
3.994781
-3.989828
0.157261
3.988837
-3.997261
3.814699
2.525142
3.990285
3.868357
-3.997282
3.993539
2.126878
-3.991615
-3.980124
-3.987684
3.994252
3.994977
-3.987398
-3.986668
3.997145
-3.975541
-3.993914
3.992237
3.985454
-3.985824
-3.983396
3.995714
3.989644
3.988125
-3.992793
3.972581
3.988285
-3.993517
3.994405
-3.986749
-3.994877
-3.759546
3.987825
3.997266
-3.980959
-3.990229
3.992738
3.991024
3.991095
3.993571
3.971106
3.989659
3.987214
3.954306
3.992512
-3.988637
3.986742
-3.988978
3.991738
3.992940
3.449603
3.992056
-3.997160
-3.906258
-3.992749
3.991706
3.994462
3.995116
-3.990327
-3.994357
3.993161
-1.921499
-3.988402
-3.992000
-3.994242
3.986686
2.949214
-3.981330
3.983178
3.990191
-3.978299
3.994007
-3.990105
3.994978
-3.989203
3.989935
3.991050
-3.989741
3.992183
-3.984712
-3.984792
3.995279
-3.991440
3.950780
-3.994505
-3.989277
-3.991676
3.997284
3.994370
3.995127
3.988846
3.987713
-3.989133
3.070927
-3.986928
3.991165
3.988640
3.697576
3.993767
3.982888
3.990951
3.992991
-3.989702
3.995388
3.987862
-3.995314
-0.927299
-3.981279
-3.969059
3.986856
-3.974884
3.991115
-3.705922
-3.991540
-3.985818
-3.979249
-3.990345
3.993696
3.991965
3.987400
3.990982
3.965236
-3.956087
-3.994324
3.991012
3.992016
3.989893
-3.992227
3.990595
3.992731
3.990456
3.991963
-3.995129
-3.974056
-3.978121
3.989452
3.993010
-3.997227
3.992954
3.988555
3.990505
-3.977559
3.990565
3.997259
-3.896707
-3.979681
3.995143
-3.990542
-3.987640
3.997278
3.985619
3.515963
-3.988815
3.972661
-3.990768
3.968775
-3.987512
3.989334
3.993581
-3.993566
-3.983444
-3.993085
-3.950819
3.958407
3.970446
3.973162
3.903719
-3.993998
-3.989884
3.935577
-3.993472
3.995103
-3.994981
3.971424
-3.990191
-3.990899
-3.990436
3.990404
3.986064
3.768015
3.991418
-3.993734
-3.988669
3.997264
-3.993300
3.991522
0.777128
3.986105
-0.035020
0.496135
-3.989952
3.992816
-3.990930
-3.987516
3.992236
3.988531
-3.992543
1.697550
-3.992562
-3.908198
-3.962571
3.984980
-3.992596
3.995090
3.991962
-3.993049
3.994337
3.990959
-3.984387
3.994278
-3.986314
3.990895
-3.876184
-3.978184
-3.961434
3.988835
3.976381
-3.989896
-3.987586
-3.995597
3.990531
-3.991340
3.996950
3.991773
-3.992534
-3.989645
-3.960590
-3.912868
3.990594
3.995022
3.993944
3.994749
3.993362
2.684977
3.997279
3.993856
-3.994183
3.994183
3.971265
-3.993151
-3.990156
3.993715
-3.994911
-3.991331
-3.990143
-3.988648
3.995028
3.994909
-3.951779
3.993572
3.990409
-3.982937
3.997273
3.988798
-3.992402
3.988709
3.989453
3.994450
-3.994157
3.993855
3.991166
3.988920
-3.992266
3.866132
-3.802567
-3.992890
3.993425
3.986173
3.986783
-3.991843
3.987385
-3.981800
3.990264
3.992767
3.990916
3.988813
3.992012
3.790400
3.832244
3.989306
3.989205
-3.993132
-3.973041
-3.952710
-3.903243
-3.953306
3.994932
-3.862220
-3.988565
3.993737
3.982130
-3.978617
-3.994336
3.991537
3.978961
3.955689
3.977361
3.995688
-3.983644
3.988703
3.961221
-3.988276
3.988439
3.912060
3.994112
3.951118
-3.978428
-3.994482
-3.993734
3.992250
3.991430
-3.993051
3.994762
3.990001
-3.987914
3.992573
3.997269
-3.989449
1.938165
3.994345
-3.984924
-3.986138
3.987145
3.993184
3.994669
-3.979374
-3.962427
3.992724
-3.989931
-3.994473
-3.975796
3.986837
-3.979102
3.973934
-3.539840
-3.980492
3.993002
3.987825
-3.991995
-3.990717
-3.975543
3.985263
-3.993323
-3.995455
-1.558180
3.990382
3.956208
-3.699276
-3.992064
-3.956786
-3.991996
3.995323
-3.974283
3.997165
-3.990874
3.985511
-3.988861
-3.984184
3.994510
3.995240
-3.988578
-3.975646
3.780285
-3.990487
3.897389
3.991984
3.991855
-3.989951
3.976743
-3.989972
-3.987444
3.987989
3.993915
-3.980007
-3.988073
-3.989187
-3.992587
-3.959354
-3.987570
-3.979541
3.924739
3.986973
-3.991967
-3.962730
3.987369
-3.965973
3.994398
3.865880
3.993146
-3.988508
3.982130
3.995386
-3.975550
3.993804
3.992811
-3.793625
-3.986527
-3.948491
3.992216
3.953925
-3.989162
-3.993838
3.993065
3.772890
3.992428
3.992559
-3.959037
3.988320
3.985687
3.913579
-3.992537
3.943544
-3.987687
3.977772
-3.981942
3.993401
3.995753
3.983715
-3.992118
3.991353
3.990005
3.991026
3.956421
3.987337
3.995939
3.993361
3.989760
3.980607
3.988483
-3.992963
3.991504
3.994418
3.997273
3.987394
3.993667
3.995589
-3.981433
3.988273
-3.992913
3.994993
-3.992485
3.989476
-3.991332
-3.975791
-1.995133
-3.991493
-3.994474
3.988381
3.995208
3.993295
-3.990628
-3.982221
2.173878
3.993391
3.910041
-3.992580
3.993593
3.944367
3.991001
-3.983473
-3.981321
-3.989396
-3.988261
-3.986782
-3.984647
3.989404
3.988017
-3.981754
3.991284
3.992532
3.992680
-3.988795
-3.992390
-3.981798
-3.993260
3.995692
3.977065
-3.989233
3.992976
3.815716
3.992465
3.991404
-3.991163
3.997250
-3.989715
3.994799
-3.988448
-3.983598
3.992101
3.866907
3.993976
-3.990260
3.994498
-3.991238
3.997267
-1.592095
3.991574
3.994212
-3.989342
-3.989701
3.989510
-3.991640
3.988980
-3.972757
3.994068
-3.990030
-3.992375
3.986788
3.987001
3.863624
3.991216
3.988766
3.992981
-3.995456
3.992579
3.997271
3.758482
-3.955450
-3.979399
-3.990847
3.968189
3.991466
-3.416931
-3.993651
3.995772
-3.985925
3.991611
3.988763
3.995626
-3.995192
3.992619
3.994304
-3.984820
3.993275
-3.987665
3.995792
-3.990695
-3.993639
2.887079
-3.989825
3.994431
-3.991011
-3.986614
-3.974584
3.995702
3.993458
-3.989141
-3.984539
-3.990698
-3.992586
3.964778
-3.988809
-3.986586
3.993689
-3.988715
-3.993030
3.992768
3.993231
-3.991581
3.989348
-3.989383
3.991875
-3.990951
-3.993740
3.992036
-3.992034
-3.992627
-3.985510
3.995500
-3.877635
-3.992954
-3.903204
3.996736
3.994566
3.990625
1.363816
3.995103
-3.991066
-3.994184
3.982592
3.994095
-3.980824
-3.991530
3.990145
-3.992339
3.985533
3.971092
3.991384
3.997258
-3.990502
3.988711
-3.993919
-3.989228
-3.993990
3.992008
-3.990751
3.984148
3.991145
3.991867
3.992975
3.991617
3.988914
-3.981821
-3.991525
-3.986056
3.994423
-3.978905
3.796901
-3.992762
-3.994794
3.989931
3.985675
3.663397
-3.394929
3.986001
-3.990909
-3.982272
-3.992115
3.992070
3.987043
-3.992698
-3.994920
-3.985191
3.988775
3.997266
-3.991793
3.942377
-3.976951
3.990264
-3.980183
3.977095
3.985595
3.983479
3.994173
-3.986543
3.989452
-3.987077
3.987887
-3.992005
-3.989876
3.991768
-3.994365
3.955697
3.992410
3.991153
3.955990
3.989994
-3.988605
3.951362
-3.901544
3.992132
1.480668
-3.979726
-3.967289
-3.993904
-3.990773
3.989405
-3.984798
3.990738
3.997262
3.992748
3.892590
0.566212
3.980092
3.871481
3.993643
3.993782
3.990661
-3.975161
-1.880506
3.992111
-3.984519
-3.105980
3.985639
3.523427
-3.988056
-3.993756
-3.980953
-3.990944
3.973546
3.993738
-3.990374
-3.881779
-3.984870
3.987350
3.991499
3.971761
3.993516
3.995196
3.992627
-3.991014
-3.982912
3.987848
3.989457
-3.982375
3.989631
3.991745
-3.992687
3.988274
-3.992379
3.989777
3.993509
-3.989734
-3.982241
3.994916
3.989956
3.994229
-3.992009
-3.962390
3.992551
3.995356
-3.978855
-3.990721
-3.991022
-3.986796
3.993947
-1.029035
-3.993104
3.993084
-3.964862
3.993922
-3.353152
3.971825
-3.987288
-3.989163
-3.997275
3.994738
3.994963
-3.984983
-3.993202
3.989928
3.996949
-3.991475
-3.985662
-3.989342
3.993537
-3.991820
3.994183
3.992263
3.991467
3.988073
-3.985089
-3.982238
-3.989165
-3.965233
3.978088
-3.044632
-3.986107
3.990727
-3.992039
3.954920
-3.911471
3.990338
-3.989933
-3.991160
3.977605
-3.992546
3.995173
-3.983987
3.991788
-3.766696
3.989742
-3.991549
-3.991958
-3.991961
-3.993563
3.986062
3.992108
3.992879
-3.991815
3.961162
-3.986731
3.994304
3.991696
-3.989250
-3.992930
-3.957745
3.992543
-3.989944
3.441289
3.990590
3.980576
3.986732
-3.987812
3.991561
3.983819
-3.990961
3.992245
3.990921
-3.990431
-3.992872
3.991019
3.993694
-3.988692
-3.992654
3.992873
-3.615209
3.989828
-3.986238
3.963106
-1.217483
-3.753152
3.993892
-3.978348
3.987064
-3.994935
-3.979580
-3.112407
3.983337
-3.993972
-3.991434
3.841677
3.991944
3.992468
-3.994085
3.992466
3.992872
-3.991918
-3.989024
3.995942
3.984984
3.976607
-3.990834
3.993005
3.993607
3.994795
-3.985866
-3.990158
3.995572
-3.989070
-3.985132
3.977605
-3.970014
3.993303
-1.984187
3.991163
3.989043
3.992853
3.983074
3.985945
-3.979616
3.995893
-3.988679
3.990352
3.966521
2.370729
3.989216
-3.903577
3.993111
-3.985148
-3.988138
-3.992094
-3.256960
3.992159
3.993921
-3.993276
-3.981192
-3.974732
-3.991912
3.993310
3.988363
3.992220
3.962014
3.993383
-3.991723
3.994421
-3.966036
-3.988530
-3.992966
2.704447
-3.989549
-3.980537
-3.989839
-3.942182
-3.991088
3.992555
-3.991144
-3.994514
3.992756
-3.954600
3.991378
3.994459
3.991490
-3.995950
-3.990259
3.991218
3.992212
-3.000957
3.991889
3.992100
-3.981661
-3.997261
-3.993866
-3.839508
3.994396
3.993377
-3.988527
3.992886
-3.980395
-3.946362
-3.990661
-3.944888
-3.991509
3.993395
-3.990202
-3.993541
-3.919152
3.993035
3.991785
2.907343
-3.986270
3.943701
-3.987061
3.989444
3.991403
3.994859
-3.995823
3.993002
3.985481
-3.987705
-3.992632
3.982694
3.994725
3.989715
3.991767
3.992439
-3.986385
-3.971228
-3.982158
-3.986468
-3.950006
3.989481
-3.917752
3.989160
-2.880672
3.992767
2.893580
3.989054
-3.980602
-3.975338
-3.969765
3.917521
3.993414
-3.980395
-3.987793
3.990416
-3.948447
3.990163
3.991461
-3.991997
3.993392
-3.989311
3.990128
-3.991732
3.988485
3.991034
3.991009
-3.989843
3.994566
-3.990101
3.993649
3.988251
-3.993874
-3.968436
3.997282
3.997287
-3.901895
-3.989705
3.993083
3.975249
3.994116
3.995171
3.993268
-3.988820
3.992249
-3.975768
-3.985081
3.994081
3.991730
3.980852
-3.984567
3.983288
3.987137
3.992195
3.989041
3.991176
3.953539
-3.988914
-3.995270
-3.989692
3.643889
-3.997264
-3.993918
-3.994651
3.996266
3.994950
-3.985303
3.996065
3.990611
-3.991912
3.993566
3.969575
3.992436
3.832351
-3.985213
-1.926068
3.992826
3.994991
3.989398
3.990202
-3.983741
3.941255
0.552250
3.986764
3.931051
3.994198
3.989304
-3.993511
3.993196
-3.994386
3.994735
3.995720
-3.990796
3.961323
3.991990
-3.993647
-3.988456
3.992077
3.986505
3.995691
3.992489
3.995567
-3.992800
3.994272
-3.992231
-3.985005
3.992614
3.984265
-3.986779
-3.865719
3.993558
3.995845
-3.988508
3.989078
3.985371
3.992066
-3.993921
-3.992744
-3.993949
3.993458
-3.988408
3.994382
3.993484
-3.986930
-3.977370
-3.990815
-3.984059
3.987201
3.993394
-3.772373
3.990153
-1.015739
-3.980900
3.989370
3.991047
3.992353
3.881777
3.993972
3.995448
-3.991292
3.994229
3.626553
3.997109
3.989502
-3.919578
3.989195
-3.994430
-3.990158
3.976906
-3.988999
3.994796
-3.988885
-3.988275
-3.981620
3.988257
3.993816
3.991905
-0.968114
-3.920153
3.992622
-3.993794
-3.908926
-3.991842
-3.728178
3.988762
3.432147
3.989733
-3.992634
3.991365
3.990065
-3.992990
-3.976459
3.987580
3.992683
3.996552
-3.975575
-1.243366
-3.979396
3.994251
3.991456
3.984880
3.986874
3.989024
3.985866
-3.992288
3.814650
3.992267
-3.986297
3.991220
3.992767
3.467771
3.978217
3.988733
3.993064
3.993365
-3.970304
-3.955913
-3.990739
3.991914
-3.963996
-3.997251
-3.992195
3.881575
3.982247
-3.990693
3.994849
-3.991841
3.996156
-3.993479
3.991178
3.985916
-3.994246
-3.989459
3.989196
-3.990383
3.714061
-3.987866
3.761222
-3.959306
3.993776
-3.990411
-3.995657
3.989996
3.971524
-1.681536
-3.984551
-3.986398
3.989686
-3.987129
-3.988871
3.978895
-3.977337
0.029327
-3.224670
3.994749
-3.973103
3.994686
3.691422
3.993023
3.991039
3.990131
3.988683
3.986061
3.993067
-3.989433
3.995047
3.994665
-3.986961
-3.974810
3.989480
3.997264
-3.973363
-3.991774
-3.961086
3.997258
3.994744
3.981648
3.993192
-3.992568
-3.988915
3.989608
-3.977314
-3.990184
3.993411
-3.445514
3.993850
-3.993924
3.943399
3.991637
3.984908
-3.967660
3.993365
-3.989622
3.987998
-3.992019
-3.951752
-3.980144
3.986020
-3.992327
3.991557
3.368969
-3.986529
3.994795
3.953004
-3.993361
3.992096
-3.984418
3.904579
-3.993546
-3.991986
3.979753
3.993242
3.993923
3.988767
3.980962
-3.986022
-3.991747
-3.978256
3.973373
3.989903
3.994246
3.975825
3.989026
-3.987643
3.993565
-3.911638
3.992525
-3.984756
-3.990585
3.992774
-3.993154
-3.988670
-3.986690
3.973712
3.988616
-3.993176
-0.937545
-3.987848
3.994004
3.993591
2.520456
3.993152
-3.993070
3.993082
-3.861723
-3.987504
-3.976653
3.990318
3.981115
-3.989891
3.953053
-3.989212
-3.989966
-3.990946
3.989126
-3.992346
-3.978219
-3.993150
3.989952
3.932448
3.992338
3.992227
3.993652
-3.992972
3.997250
-3.981027
3.992849
-3.994201
-3.987602
3.992739
-3.986571
-3.125469
-3.991935
-3.991331
-3.992486
-3.990232
3.992924
3.988894
3.991459
-3.990340
3.997258
3.989325
-3.988235
-3.989334
3.995984
3.991775
3.994146
3.993529
3.507418
-3.994483
-3.992977
3.993318
-3.988349
-3.972546
-0.667645
3.946164
-3.993624
3.992326
3.987973
3.990102
-3.978837
-3.989871
-3.454655
-3.989472
3.991824
3.984317
3.983698
3.992844
3.994768
3.905653
3.987481
2.777323
3.985487
-3.991379
3.994980
-3.993667
-3.989043
-3.946011
-3.988420
3.988127
3.968262
3.991316
3.993901
3.990499
-3.983570
3.997272
3.988865
3.992778
2.816054
-3.988149
3.993605
-3.987140
-3.990028
-3.992475
3.992701
3.993206
-3.984357
3.978545
3.993339
3.988252
3.981860
-3.994053
-2.067599
-3.981579
3.992593
3.985953
-3.992867
3.995782
-3.994618
3.989180
-3.976979
3.990174
3.994166
3.976793
-3.990152
3.989957
3.772383
-3.989643
-3.980102
3.988332
-3.953888
3.986741
3.995295
-3.907092
-3.992439
3.993959
3.991252
3.992643
-3.987899
-3.983142
3.990757
3.982275
-3.988225
-3.991644
3.992650
-3.993043
-3.933452
3.925704
-3.986428
3.993608
-3.990893
-3.785513
3.994778
3.890936
-3.995074
3.988750
-3.163323
3.992262
3.992746
-3.976811
3.989492
3.993133
-3.990460
3.995058
-3.993032
-3.831156
3.992703
3.993808
-3.991689
-3.985945
3.995306
-3.992096
3.992110
3.994724
3.993000
3.980617
-3.987618
-3.948967
-3.919390
3.993303
3.993932
-3.990583
3.947739
-3.989819
-3.992204
3.990010
3.992850
-3.991647
-1.994819
3.992726
-3.963945
-3.995247
3.994733
3.989486
-3.992919
-3.984146
-3.912175
-3.985540
-3.984976
3.988592
3.991429
3.965204
-3.982576
3.992459
0.456678
-3.991868
3.994477
-2.827248
3.983079
-3.984643
-3.991905
3.961234
3.995452
-3.994919
3.989677
3.990774
-3.972534
3.971784
-3.994545
-3.932956
3.975009
-2.233807
3.989761
1.020635
-3.988135
-3.971579
3.997286
-3.995723
3.993930
3.925078
-3.973215
-3.980068
3.993813
3.992993
3.993231
3.991179
3.986344
-3.993676
-3.991362
-3.990854
3.994524
-3.989917
-3.990095
-3.977244
3.575209
3.993697
3.989717
3.990109
3.993196
-3.976528
3.983261
3.992415
3.937462
-3.993202
3.994076
-3.986807
3.988903
3.716197
3.994207
3.994824
3.993895
3.992950
3.992948
3.991667
3.992528
-3.984808
-3.992873
-3.991106
3.991138
3.980003
-3.957038
-3.992223
-3.978869
-0.754270
3.995798
-3.984663
3.990161
-3.991305
-3.989351
-3.989502
3.879087
3.991004
-3.939200
-3.967786
-3.992497
-3.672805
-3.989628
-3.981759
3.993693
3.993588
1.310842
3.993326
-3.993062
-3.989333
3.992427
3.992867
3.991913
3.990240
3.992757
-3.985174
-3.989513
3.996203
-3.991699
3.987910
-3.986127
3.960637
3.833531
-3.986007
-3.991423
3.985010
3.992768
-3.993039
3.993539
3.992530
-3.989166
3.988383
3.990471
3.997270
3.995957
3.992729
3.993912
3.993713
3.992041
-3.976739
-3.985624
3.989135
3.992017
-3.985299
-3.990711
3.989865
3.986581
-3.993649
-3.991304
3.961643
3.993911
3.990753
3.929808
3.992630
3.982754
3.918219
-3.986615
3.993712
-3.992745
3.984520
3.987066
3.990249
3.993839
3.259941
3.996123
-3.991577
-3.975045
3.992966
3.987628
3.993908
3.834452
-3.988781
3.983363
-3.974863
3.992133
3.991506
3.994113
3.992827
3.989349
3.992729
3.990809
3.993040
-3.997218
3.990536
-3.992869
3.989501
3.991910
-3.989104
-3.957791
3.989650
3.995006
-3.986259
3.984217
3.994551
-3.987763
3.981211
3.991169
3.981410
3.989061
3.990218
-3.994170
-3.989139
3.022422
3.993898
-3.989347
3.995078
3.981782
-3.990679
3.963239
3.994583
-3.985182
-3.993668
-3.986292
3.692038
3.969488
3.994254
3.993153
-3.992451
3.990605
3.933955
3.994893
-3.993916
-3.912164
-3.966480
3.997251
-3.991092
3.991810
3.991704
3.994000
-3.980786
3.989667
3.810869
-3.992785
3.994303
-3.747435
-3.988431
3.995483
-3.993221
3.991287
-3.989631
3.994701
-3.511980
3.965265
3.992887
-3.987040
3.987845
-3.990777
-3.919411
3.992958
3.993059
3.983945
3.992802
-3.997237
3.990526
3.109581
3.993690
-3.989610
3.993269
3.993715
-3.989459
3.991675
-3.991103
-3.978904
3.991706
3.994033
-3.993448
3.985227
3.992689
-3.992530
3.975959
-3.992144
-3.992868
3.980829
3.997279
3.987459
3.993480
3.997173
3.995813
3.977992
3.997244
3.992212
3.983483
3.973313
-3.985301
-3.987556
3.990633
3.958061
-3.995217
3.983094
-3.987430
3.990387
3.995154
0.481371
-3.919275
-3.990817
3.983145
3.993386
-3.990963
3.993754
-3.990783
-2.696949
-3.852005
3.993580
-3.991174
3.993305
-3.988319
3.990878
3.988929
3.991178
-3.988178
3.993781
3.994128
3.992654
3.992333
1.618216
-3.851687
3.993136
3.990934
3.985211
3.990824
3.986451
3.995416
3.763182
3.993252
3.988822
3.993484
3.992001
3.988863
-3.892267
3.978194
3.995398
3.994551
-3.988475
3.970315
3.994451
-3.994649
3.989320
-3.977279
3.992505
-3.985423
-3.987386
3.989711
-3.990976
3.986638
3.993019
2.975944
3.992010
-3.992316
-3.997222
3.994058
-3.993533
-3.935326
3.997272
-3.925145
3.836486
3.991367
-3.956116
-3.991299
1.390990
-3.993163
-3.987650
-3.631355
-3.989658
3.993632
3.991073
-3.993415
-3.990249
-3.989073
3.993351
3.971714
-3.990438
-3.970645
-3.989884
3.980012
-3.969750
-3.991566
3.994389
-3.995089
-3.986099
3.987303
3.989445
2.333308
-3.988857
-3.997275
3.995539
3.989163
3.988709
3.993858
3.997255
3.991686
3.992834
-3.943890
3.995215
3.995554
3.997263
3.994418
3.991282
3.987165
-3.987064
3.994085
-3.963581
-3.964380
3.960026
3.590008
-3.990934
-3.989954
-3.985581
-3.960309
3.686765
3.989195
-3.990390
-3.991684
3.986070
3.994642
3.854667
-3.916348
3.992960
-3.976385
3.992548
3.981807
-3.985691
3.992370
3.994876
-3.319105
3.997281
-3.974819
-3.992531
-3.992913
3.995760
3.993443
3.986773
3.983888
-3.989394
-3.994356
3.992273
3.993007
3.990119
3.992874
3.993480
3.992499
-3.992177
3.761062
3.987297
3.992035
-3.992644
-3.973626
-3.976308
-3.990878
-3.993603
3.994795
3.981158
3.988286
3.986617
3.990240
3.980972
3.991278
3.993519
3.991645
3.820463
2.851607
3.967134
3.981852
-3.991803
3.993777
-3.989414
3.994065
3.989661
-3.563997
-3.977147
3.995567
-3.993151
-3.990841
3.994051
3.989407
3.985606
-3.988678
-3.992918
3.997282
-3.993431
3.992394
3.758951
3.919485
-3.994315
3.702479
-3.987971
-3.993881
-3.987456
3.988723
-3.991743
-3.980806
-3.991763
3.993461
-3.991417
-3.987982
3.993071
3.995848
-3.997265
3.982164
-3.992456
-3.991732
-3.987599
3.988478
-3.993320
-3.989952
3.972525
-3.992775
-3.990328
-3.984666
3.997238
3.987498
2.451811
3.992241
3.992490
-3.987991
-3.990723
-3.254091
3.993772
3.984841
-3.993046
3.994715
-3.982034
3.982206
3.983339
-3.986502
3.993846
-3.992383
-3.799452
3.995712
-3.978065
-3.989632
-1.438926
-3.964678
-3.978143
-3.986303
-3.992951
3.994067
3.984539
-3.989447
3.993674
3.993972
-3.980063
-3.986848
3.994649
0.096242
3.992801
3.986836
-3.986602
-3.977160
-3.490281
3.926443
3.990361
-3.965620
-3.992221
3.992600
3.994988
3.993912
3.990235
3.992373
-3.990515
2.150104
-3.985832
-3.993510
-3.991734
-3.934562
-3.996775
3.991972
1.327019
-3.978678
-3.991524
3.990752
3.994128
3.991173
3.990599
3.993634
-3.993588
3.979887
-3.541719
2.808485
3.995662
-3.990028
3.968661
-3.989110
3.977021
3.989142
3.992575
3.989267
3.989929
-3.985895
3.989986
-0.291103
-3.986870
3.994598
3.605828
-3.991829
-3.992279
3.994470
3.995892
3.985178
3.990896
3.995196
-3.992292
3.979627
-3.981246
-3.966364
-3.890079
-3.991854
3.995238
-3.996405
3.990932
3.992602
3.991976
3.985335
-3.991483
3.992805
3.985769
-3.922958
3.976780
3.987933
3.987953
3.974432
3.964063
3.948219
3.995443
3.992470
-3.989317
3.992395
-3.993094
3.989843
3.983614
-3.990216
-3.952544
3.994631
-3.985367
-3.987620
-3.983049
-3.994181
-3.992919
-3.990286
3.988726
-3.994913
-3.982905
3.988993
3.993744
-3.982146
-3.827466
3.981483
-3.992571
3.992179
-3.990644
3.994335
3.994235
3.993512
-3.993017
-3.990342
3.987819
-3.994017
-3.991432
3.987067
3.993303
-3.808265
-3.981733
-3.991344
-3.989108
-3.986181
-3.987534
-3.988865
-3.990206
-3.993360
3.995795
-3.967582
3.993319
-3.543780
3.987386
-3.989980
3.984503
3.992460
3.954583
3.992771
3.991253
3.953776
-3.992526
3.994237
-3.994805
-3.983052
3.992913
-3.973588
3.991454
3.992764
3.988292
3.982207
3.964041
-3.986754
-3.987098
-3.896553
-3.990163
1.511736
3.994098
-3.989772
-3.989677
-3.990191
-3.944359
-3.987281
3.995422
-3.991483
-3.973284
-3.994486
3.990646
3.833629
-3.984250
3.993137
3.994622
3.992924
3.980618
-3.384224
-3.938775
-3.993341
3.992322
-3.985452
3.994364
3.954627
-3.990660
3.996035
3.992199
-3.990943
-3.907580
3.995668
3.989173
-3.984575
-3.988145
-3.992543
3.984265
-3.901721
3.985788
-3.990864
3.956741
-3.985987
-3.992545
3.985166
-3.944937
3.984740
3.994822
3.992916
-3.982389
-3.991235
3.997286
3.994349
3.995055
3.991583
3.989852
3.989997
1.249814
3.984272
3.994106
-3.995420
-3.995016
3.995014
3.995345
-3.997260
3.988924
-1.584071
3.953511
3.992115
-3.978221
3.993756
3.992129
-2.849823
1.572357
-3.982655
-3.992984
3.985850
-3.989054
3.990888
3.993927
-3.985641
-3.983200
-3.991100
-3.992844
3.994080
-2.073409
3.993300
3.993725
-3.991812
-3.976903
-3.992835
-3.989574
-3.989756
-3.990638
-3.988586
3.987006
3.981114
-3.993392
-3.978981
3.997261
-3.989357
-3.990595
3.995028
3.986898
3.981132
3.994111
-3.991789
-3.994259
-3.993004
3.995459
3.991321
3.987749
3.991362
3.994228
-3.991942
-3.992723
3.054823
3.862836
-3.955193
3.987891
3.989116
-3.988833
-3.960782
3.984716
-3.987935
3.992935
3.972569
-0.753788
3.981400
3.987724
3.992582
3.994934
3.991629
-3.970413
-3.991240
-3.991662
-3.991112
3.981741
3.991407
3.988452
-3.984071
3.995137
3.984900
3.992455
3.988713
3.987158
-3.980555
3.991818
3.997281
3.989339
3.986987
-3.993471
-3.744585
-3.994487
3.993887
3.987881
-3.994134
3.992766
3.993692
3.939906
-3.987117
3.952474
-3.946028
3.994755
-3.992777
3.990785
3.964601
3.994361
-3.990719
3.987839
3.992864
3.936408
-2.918278
3.993347
-3.992990
-3.770497
-1.793067
-3.978477
3.408205
-3.780120
-3.991396
3.995487
3.994693
-3.993993
3.992277
-3.991808
-3.991451
3.992533
3.987533
-3.993251
3.989930
-1.603061
3.992581
3.986769
-3.992653
-3.991990
3.991443
3.992797
-3.994909
0.971908
3.976321
3.994803
3.994568
3.988820
-3.991763
3.994905
3.986632
3.994463
3.857120
3.994273
-3.990293
3.978789
3.993474
-3.990080
-3.775221
3.993674
-3.991564
3.994405
-3.777600
3.988408
3.983602
-3.990664
-3.994832
3.991591
3.995636
3.982076
-3.989652
-3.991087
3.997280
3.984097
3.994608
-3.993273
-3.986590
3.849456
3.994034
3.274030
-3.986710
-3.991846
-3.991369
-3.994148
3.990856
3.985613
3.989847
3.994331
3.986773
3.992409
-3.984033
-3.987225
-3.974144
3.989599
3.993004
3.988847
3.992281
-3.990057
3.991524
3.986870
-3.997231
-3.983887
-3.952921
3.815286
-1.330442
-3.673400
3.992641
3.997278
-3.986443
3.992413
-1.773559
-3.968455
-3.992063
3.990946
-3.969866
3.989366
-3.986593
3.995486
2.373677
-3.953275
-3.993044
3.972490
-3.968159
3.992761
3.976025
3.984502
3.997276
-3.973286
3.990596
3.535429
3.988251
3.989871
3.993521
3.961122
3.994244
3.991938
-3.994506
-3.982846
3.987449
3.990464
-3.906009
-3.993284
3.994913
3.890888
3.990298
-3.992433
3.987990
-3.989436
3.989744
3.994319
-3.985602
3.985851
3.992937
3.994311
3.996148
-3.972528
-3.985331
-3.989975
-3.980623
-3.985208
3.990809
-3.896182
3.853285
-3.958510
-3.989739
-3.988631
3.742991
3.990484
-3.862821
-3.981197
-3.975823
3.992412
-3.993603
3.990502
3.995272
3.802888
3.992263
3.989487
-3.989992
3.965311
3.960184
3.990874
-3.982486
-3.136365
3.992238
3.990250
3.988297
3.995832
3.968440
3.988712
2.214720
3.977258
3.968448
3.478602
-3.988018
-3.989536
-3.991767
3.991482
3.933227
-3.971439
-2.923329
3.994440
3.991429
3.994260
3.997284
3.986495
3.986393
-3.988515
3.994126
3.987373
3.993849
3.991027
-3.992803
3.994486
3.992359
3.997264
2.244690
-1.608853
-3.980750
-3.988033
3.985227
3.994166
3.988705
3.989728
-3.989082
-3.989600
3.989777
-0.880525
3.993158
-3.340177
-3.993044
-3.970647
3.994088
-3.559025
-3.989943
-3.992228
3.993454
3.981489
3.995748
-3.990409
3.992508
-3.991656
3.993239
-3.959008
-3.991828
3.982628
-3.988667
3.997246
-3.992501
-2.091940
3.991318
3.976524
-3.988026
3.991418
3.785512
3.994933
-3.992835
3.983466
3.991725
0.076103
3.993996
3.992663
-3.930143
-3.988206
3.993849
3.983784
-3.975155
3.984170
-3.977452
3.988636
3.993031
-3.991104
-3.989777
-3.976829
3.991801
-3.993081
-2.199437
-3.993097
3.991734
-3.973102
3.995299
3.992885
3.988752
-3.995436
-3.988246
-3.991526
3.983036
-3.982786
3.987516
3.992769
3.989327
-3.989932
-3.991585
3.886172
-3.988460
3.988975
3.991428
3.968612
-3.958573
-3.975552
-3.980719
3.974352
-3.984913
-3.979692
-3.990387
-3.985743
3.981102
-3.990907
-3.963332
3.992648
-3.990741
-3.889753
3.540970
-3.993546
-3.991773
3.988813
3.993477
-3.990687
-3.991400
3.995767
-3.993483
3.990078
-3.990722
-3.993005
-3.975181
-3.992348
-3.321392
3.584924
3.993127
3.995254
3.988216
-3.973591
3.774284
3.968141
-3.838237
-3.987793
-3.986753
3.991965
-3.992001
3.992067
3.992246
3.988061
-3.992483
-3.975369
-3.989245
3.994455
3.987237
-3.994054
-3.990202
3.951059
3.994404
-3.638218
3.991648
-3.977463
-3.992194
-3.961515
3.991868
-3.240507
-3.970550
3.993656
-3.988761
-3.947661
3.991797
3.993831
-3.911776
-3.989222
3.993258
3.995644
-3.994667
-3.990042
3.995015
-3.985623
-3.985408
-3.988344
3.997282
-3.982428
3.990867
3.995555
-3.984401
-3.993156
3.992618
-3.979646
-3.994019
3.995945
-3.987488
-3.979010
-3.988793
-3.954833
3.992525
3.995893
-3.994309
3.986622
-3.985085
-3.988360
-3.994084
3.997261
3.987349
-3.992710
3.994189
-3.988740
3.925886
3.992899
-3.991752
3.980840
-3.992858
-3.993703
3.992462
3.974898
3.976614
3.987998
-3.968780
3.993928
3.992894
-3.991757
3.993790
3.994195
-3.991198
-3.984013
-3.985115
-3.991785
3.991995
3.992069
-3.989651
-3.991737
3.994377
3.976674
-3.988711
-3.979100
-3.974774
3.980915
-3.994061
3.990154
-3.984552
-3.990502
-3.937648
3.987517
-3.992013
3.974893
3.964385
-3.990367
-3.988441
-3.992322
3.992134
-3.987134
3.989084
-3.984715
3.995756
3.984487
3.993010
3.991804
3.991800
-3.536132
-3.983657
3.993555
3.991433
-3.990734
3.992129
-3.059351
-3.993967
-3.997273
3.994544
3.995942
-3.986864
-3.991338
-3.995170
3.995347
3.972448
3.994214
3.977609
-3.991588
-3.985942
-3.988889
3.992743
-3.992615
-3.991060
3.993245
-3.984722
3.980317
3.995719
3.992435
-3.992165
3.985506
3.994830
-3.988784
3.993364
-3.989325
-3.993973
3.982360
-3.989048
3.993934
3.990846
-3.992079
3.991629
-3.986597
2.557325
3.992372
-3.994093
3.988748
1.024016
-3.986176
3.991218
3.991993
-3.989007
-3.990903
-3.990360
3.974960
-3.958545
3.994745
3.994210
3.993707
-3.995489
-3.975136
3.988347
-3.988200
-3.990780
-3.988329
3.993895
3.992989
3.888029
3.997270
3.983316
-3.206718
-3.997215
-3.995762
-3.986497
-3.987316
-3.990080
-3.991195
3.996036
3.992005
3.997261
3.993817
-3.992915
-3.991999
3.989873
3.989523
3.994837
3.994961
3.991475
1.212859
-3.914906
-3.689742
3.990262
-3.990531
3.983551
3.186513
3.994021
3.995319
3.985712
-3.990866
3.990907
3.963365
-3.990187
3.991872
3.993816
3.983549
3.994625
-3.992104
3.994341
-3.991912
3.935585
-3.989495
3.992478
3.992277
-3.990794
3.991756
3.990486
3.995497
-3.988138
-3.989468
-3.988531
-3.990940
-3.990334
-3.989295
-3.979832
3.992664
3.993985
-3.982706
3.987532
-3.969550
3.995584
3.992366
3.969995
-3.981769
3.992294
3.992735
3.980045
3.991511
3.992374
3.991192
3.994726
3.995828
3.991476
-3.989867
3.992182
-3.991049
-3.988806
3.993521
3.997107
-3.991521
-3.850280
3.966623
-3.979591
3.956192
3.982075
3.990567
-3.992572
-3.989667
3.984954
3.997285
3.997264
3.973847
3.987787
3.992414
-3.993588
-3.993369
3.918943
2.756618
3.993971
-3.995061
3.988523
-3.987885
-3.991931
-3.978625
3.988622
3.963735
-3.991132
3.991074
-3.985600
-3.991996
3.992892
-3.992282
-3.986264
3.991368
-3.990425
-3.994179
-2.897941
3.997283
3.997268
3.995353
3.986663
3.993006
3.990264
3.992047
-3.985734
-3.784037
-3.987503
-3.997254
3.963540
3.961349
-3.993209
-3.992610
-3.298542
-3.992254
-3.992073
3.992061
3.986681
3.992329
3.990770
3.992605
3.995415
-3.988638
-3.992338
3.993697
-3.997284
3.990201
3.991961
3.989631
-3.881225
-3.989685
-3.989559
-3.976847
3.993113
3.569472
-3.972779
3.114273
-3.954029
-3.991649
3.994277
-3.981194
-3.992334
3.938882
3.994384
3.987606
-3.992890
3.995654
3.874576
3.994579
3.889510
3.976575
-3.993651
3.992967
3.991118
3.994848
3.994121
3.991815
3.991988
-3.990563
3.988449
-3.992766
-3.963260
-3.992491
-3.986830
3.994845
3.993932
3.993867
3.963819
-3.984829
-3.991762
3.978914
3.988693
-3.856805
-3.986211
3.986193
3.993817
-3.987755
3.782122
-3.987671
3.992375
-3.994543
3.990503
3.931738
-3.995642
-3.992532
-3.985757
-3.987297
3.988750
-3.986405
-3.994013
-3.983183
-3.994615
-3.965137
-3.982817
-1.720666
3.992754
-3.559947
3.994807
-3.994422
3.992885
-3.993129
3.987943
3.991632
-0.787709
-3.979225
3.992603
3.993397
-3.981675
3.993588
3.992541
3.991224
3.994142
3.595274
3.988705
3.992910
3.992017
3.986343
-3.820989
-3.991647
3.993750
-3.923770
3.972818
3.990268
-3.942573
-3.991070
-3.967335
-3.887877
3.984845
-3.988301
3.979897
3.993041
3.987267
3.991076
3.991628
-3.777163
-3.986607
-3.922662
-3.973947
3.990163
3.994208
3.907323
3.993122
-3.990312
-3.995075
-3.993196
3.993564
-3.984470
-3.927408
-3.982260
-3.989792
3.973291
-3.981880
-3.992777
3.936306
3.995826
-3.984207
-3.988639
-3.991244
-3.992493
3.985862
3.991655
-3.994198
3.942697
3.992818
3.794106
-3.992197
3.988520
3.992872
3.995530
-3.976792
3.995973
-3.992091
-3.986484
3.992877
-3.945139
3.995491
3.992357
-3.989941
3.521148
3.990856
-3.982224
3.990143
-3.988712
-3.993020
-3.984007
3.992470
-0.044795
3.992385
3.984220
3.989906
3.991492
-3.949809
3.988784
3.994788
-3.992355
-3.992173
-3.986817
3.993991
3.925373
3.993173
-3.991486
3.994382
3.993820
-3.118850
3.988868
-3.993660
3.978534
3.990256
-3.997258
3.991402
-3.948026
3.994621
-3.991919
3.989143
-3.977187
3.995286
3.990171
3.992533
3.994049
-3.990948
3.992409
-3.990373
-3.992636
3.962220
3.982329
-3.992296
3.997223
3.964728
-3.966200
3.993038
-3.874560
-3.991815
3.991619
3.992641
-3.991694
-3.991638
-3.942496
-3.993331
3.993285
3.988251
-3.978996
3.972771
3.992445
-3.968889
3.937179
-3.991049
-3.985959
-3.573966
3.994048
-3.987642
-3.992219
3.994384
3.995275
-3.993697
3.990397
-3.843368
3.993108
3.997241
3.992995
3.988295
3.992162
-3.989979
3.994385
-3.997260
-3.989596
-3.992191
3.993997
-3.992363
3.994143
-3.991036
-3.962156
3.931552
3.994427
3.992721
-3.989023
3.991806
3.992537
-3.991807
-3.991333
3.994304
-3.992794
-3.984530
-3.993862
3.987630
-3.984726
3.994787
3.991763
3.991801
2.603724
3.982595
-3.991965
-3.972397
3.995574
3.992407
3.989671
3.990261
-3.991614
-2.322601
3.995369
-3.936418
3.995269
-2.902762
-3.877421
-3.983026
3.993718
-3.988426
-3.989778
3.993983
-3.985947
-3.989868
3.990311
3.981221
-3.990099
-3.994719
-3.994757
-3.774826
-3.988768
-3.976408
-3.899103
3.991457
3.993017
-3.991953
3.974461
-3.981325
3.997261
3.974590
-3.991549
-3.985918
3.959199
-3.976963
-1.420079
-3.992015
3.995683
3.992094
3.990696
3.990680
-3.989794
3.993510
3.981709
3.992441
3.967349
3.990074
-3.978990
3.992232
-3.991545
2.525904
3.993249
3.991774
3.970744
-3.983757
-3.992932
-3.987779
3.989081
-3.921964
3.992700
-3.991261
-3.992241
-3.990626
3.988127
3.994910
-3.990264
3.991677
-3.903017
-3.986563
3.976992
3.994106
3.991918
3.994152
3.993234
-3.993152
-3.970949
1.716100
3.963702
3.996002
-3.991063
3.982118
-3.989995
3.992971
-3.993886
-3.997240
3.992750
3.993521
3.922667
3.993066
-3.859189
3.988450
-3.969196
-3.991361
3.994627
3.900190
3.985046
3.993462
3.986462
-3.982225
3.992716
1.347982
3.992800
3.991402
3.990733
3.926307
-3.988886
-3.993166
-3.991803
3.992694
3.996024
3.992798
3.988157
-3.992100
3.938430
3.989005
3.956168
3.990451
-3.771893
-3.992557
-3.986028
-3.988916
-3.993358
-3.987767
3.993395
-3.990785
3.977826
-3.977882
3.991459
3.991065
-3.988922
-3.991019
3.992511
3.992343
-3.997264
2.922530
-3.993456
-3.985258
3.925462
3.985442
-3.930366
0.155908
-3.986554
-3.985589
3.985687
3.994222
-3.997272
3.966956
-3.958315
-3.992700
-3.983485
3.994125
3.991413
-3.997264
-3.993661
-3.990814
-3.991038
-3.970044
-3.993906
3.992997
3.992251
-3.991977
-3.706601
3.610090
3.953738
3.992363
3.994177
3.984641
-3.928981
3.993408
3.986987
-3.943651
-3.558931
-3.993784
3.990537
-3.975868
-3.989425
3.994633
3.991711
3.976133
3.994554
3.993148
3.991800
-3.993079
3.977428
3.994799
-3.992810
3.989560
3.982066
3.990287
3.978662
-3.989066
3.993056
3.990383
3.991114
-3.889337
-3.992936
3.990506
3.997172
-0.685232
-3.989489
-3.994020
-3.986156
-3.984287
-1.227577
3.990879
3.354355
-3.915908
3.993871
-3.977008
3.993378
-3.997092
-3.994957
-3.915250
3.989620
-3.976903
-3.988093
3.994309
3.995117
3.972865
3.990477
-3.991934
3.994548
-3.981878
3.994915
-2.908502
-3.994869
-3.976502
3.988556
3.975224
-3.983802
-3.729305
3.993641
-3.991954
3.986832
3.990804
-3.984105
-3.953415
3.992937
3.992825
-3.990385
3.991451
3.994773
-3.973662
3.970406
3.962574
-3.967243
3.887689
-3.121545
-3.993001
-3.990766
-3.992621
-3.979031
-3.988654
3.993826
3.993208
-3.906459
-3.989880
-3.989475
3.992171
-3.991361
-3.988409
3.994228
-3.992835
3.991639
3.994824
-3.997255
-3.917276
2.138743
3.993110
3.993222
3.993628
3.997270
3.988452
-3.990800
-3.988617
3.995099
-3.981815
-3.983645
-3.969196
-3.986183
3.991454
-3.988567
3.991253
3.990384
3.992600
3.977872
3.994853
-3.953947
-1.601960
-3.984933
-3.986116
3.991591
-3.989283
-3.983195
-3.984818
-3.991676
-3.989985
-3.980140
3.993834
-3.994413
-3.983816
3.997251
-3.984574
3.996115
-3.964546
3.984629
3.992589
3.994842
3.983144
3.991756
3.976738
-1.211472
-3.990192
3.990292
-3.989421
3.612948
3.968275
3.990577
-3.992638
-3.815719
3.994116
-3.994811
3.993249
3.993081
-3.987224
3.991344
-3.992797
-3.990659
-3.980364
-3.435374
3.994125
-3.858311
-3.992139
-3.989168
3.991118
3.992936
3.992054
-3.981870
3.982342
3.991518
3.989129
3.992960
3.995218
-3.964897
-3.988232
-3.988088
-3.781714
-3.990450
3.993744
-3.103550
-3.971445
-3.982832
-3.986398
3.991049
-3.970999
3.995532
-3.996824
-3.993617
3.994908
3.988863
3.979867
-3.985339
-3.962632
3.993866
3.988674
3.994239
3.997254
3.995519
-3.995287
-3.985422
3.992844
-3.990130
3.979056
3.988856
-3.995290
3.991118
3.992176
3.985769
-3.993662
-1.716847
3.993180
3.989171
3.993187
-3.990228
3.985172
-3.991584
3.994263
3.988713
3.991472
-3.991695
-3.990518
3.339479
3.992400
-3.997250
3.993732
3.992183
-3.992239
3.990890
3.992866
-3.994166
3.990420
-3.990622
-3.683458
-3.988983
3.828496
3.976632
-3.984279
3.990528
3.988831
3.809422
3.992005
-3.991184
-3.990211
3.994433
3.993808
-3.987855
3.989847
3.236929
3.987621
3.994306
3.991420
3.991253
3.991842
3.992788
-3.986876
3.991995
3.997263
0.362482
-3.987341
3.987365
-3.994254
-3.968314
-3.982343
-3.936986
3.990509
-3.994937
-3.946613
3.992343
-3.988029
-3.995161
3.989558
-3.994089
3.983113
-3.991121
-3.641344
-3.973017
3.994253
3.943375
3.989562
-3.989910
-3.990157
3.992941
3.995985
2.854416
3.992481
3.994538
-3.751788
3.990513
3.989290
-3.983716
3.992068
3.955580
3.991895
3.960970
3.991489
-3.980607
3.992872
-3.993377
3.991988
-3.987515
-3.982885
3.995239
3.985336
3.992978
-3.992203
-3.987645
-3.985277
-3.980093
3.991261
3.922631
-3.992375
-3.995287
-3.997085
3.982096
3.954191
-3.981704
-3.990115
3.990561
-3.989405
-3.561005
-3.994710
3.997278
-3.983997
3.992706
-3.988218
3.973254
3.993083
-3.990062
-3.987600
3.992316
-3.941605
-3.979759
-3.982378
3.994064
-3.992563
-3.709707
3.993737
3.992518
-3.989822
3.990770
3.993767
3.908891
3.988211
3.987645
3.990282
3.988593
3.991404
-3.986894
-3.990033
-3.991786
-3.828760
-3.972912
3.984758
-3.988183
-3.719055
3.991890
-3.990653
-3.971620
-3.945693
-3.984887
-3.990233
3.173102
3.992335
-0.898199
3.986317
3.985451
-3.991216
-3.989082
3.791888
3.987791
-3.954409
-3.994558
3.991193
-3.974593
-3.923358
3.993409
-3.988044
3.994141
3.994544
-3.984716
-3.915327
-3.993267
3.994211
3.066098
3.988029
-2.606598
3.943923
3.992505
3.995696
-3.993538
3.972269
3.991106
-3.989805
3.985033
3.995393
3.993410
-3.980671
-3.988426
3.990242
3.994100
-3.982676
3.990210
-3.934591
-3.993509
-3.795737
-3.992696
3.989652
-3.992678
3.984715
-3.992497
3.989973
-3.991245
-3.992026
3.952305
3.985623
-3.953596
3.992054
3.956658
-3.993450
-3.977698
-3.995057
3.991618
-3.985608
-3.981319
3.983251
-3.063024
-3.986422
-3.993653
-2.954200
3.995507
-3.770465
-3.991355
-3.987898
-3.988736
-3.992727
3.992824
-3.491984
3.994951
3.990964
2.995680
-3.991067
3.994399
3.712857
-3.989701
-3.986496
3.991509
-3.992300
3.994860
3.994534
3.992718
3.991166
-3.993703
3.995755
3.992155
-3.986329
3.995983
3.993851
3.991744
3.650579
-3.988188
3.958477
3.320976
-3.993088
3.994493
-3.991478
-3.994533
2.584070
-3.997203
3.981433
-3.993073
3.992712
-3.989076
-3.988479
-3.989711
3.988739
3.993020
3.993293
3.993580
-3.990141
-3.994122
3.992635
3.994088
3.984281
3.992947
3.994511
3.993906
3.981041
3.993632
-3.983614
3.994306
3.992311
3.986683
3.994274
3.994895
3.984238
-3.994964
-3.989394
-3.809785
-3.991355
-3.991910
-3.988552
-3.993780
3.996086
3.992908
-3.886244
3.995054
-3.991186
3.994550
3.978848
-3.990577
3.994661
-3.777038
3.986981
3.994964
-3.990178
-3.957978
-3.978744
3.995310
3.994412
3.990097
3.978749
-3.989980
-3.990085
-3.816849
-3.993383
-3.984280
3.287030
3.993805
-3.989667
3.991463
-3.991164
3.991046
3.993195
3.744617
-3.993050
3.981569
-3.994999
-3.988308
3.986858
3.990669
3.992258
3.911769
3.985277
3.596387
3.994235
3.992399
3.990647
3.993428
-3.969852
-3.992839
-3.990425
-1.085706
-3.985905
-3.991055
-3.994299
3.989460
3.991782
3.989630
3.984744
-3.985699
3.993060
3.993845
-3.984255
3.994729
3.997246
-3.915012
-3.987795
3.994285
3.987198
-3.992410
-3.894139
-3.990441
-3.991842
3.992777
3.961110
3.991780
3.988643
3.943374
3.991568
3.986333
-3.987311
3.994245
3.992239
3.995285
3.994268
3.994114
3.978399
3.994706
-3.982595
-3.987112
3.989493
3.966516
-3.989704
3.992832
3.992769
-3.993502
-3.730583
3.986031
3.994842
3.994221
-3.988907
3.990215
3.993583
3.993181
3.992770
2.846323
-3.947188
3.995240
-3.992087
3.995434
-3.973203
-3.985020
3.992056
3.957879
3.983679
3.991284
3.988123
3.991210
3.968341
3.989021
3.993535
3.990425
3.994706
-3.987072
-3.994823
3.990730
3.994624
3.989515
3.987678
3.989486
3.989194
3.989610
3.839287
3.992379
-3.878312
3.997266
-3.994978
-3.992164
3.990702
-3.979022
-3.989722
-3.997031
3.993844
3.991717
3.992243
-3.994852
3.990614
3.997281
-3.699414
3.987541
-3.990298
-3.991102
3.979065
3.994315
-3.991349
3.993361
3.991412
-3.994632
3.987084
3.990977
-2.570270
3.939541
-3.936200
-3.974747
3.983894
3.984364
3.993315
3.989525
3.993616
3.994445
3.979226
3.993620
-3.985329
3.953041
-3.666197
3.991114
3.994775
-3.966022
3.992055
3.992853
3.984569
-3.989715
3.993089
3.991436
-3.994110
3.789636
3.972190
3.989656
-3.992686
3.974862
3.991116
-3.988675
-3.965021
-3.994719
-3.972740
3.864370
-3.991695
-3.995346
-3.974203
-3.987772
3.989775
3.993568
3.993761
2.858506
3.992627
3.993210
-3.992659
3.994970
-3.994101
3.990701
3.994604
-3.987191
3.997249
3.985788
3.992530
-3.988169
-3.990915
-3.980811
-3.992093
3.991564
3.992856
3.993114
-3.970103
-3.985132
-2.964561
3.993512
-3.984252
3.991211
-3.983031
3.995156
-3.990084
3.985048
-3.994276
3.991754
-3.992043
3.967187
3.994661
3.985914
-3.989030
3.992354
3.989553
3.992495
-3.939453
3.993681
-3.049504
-3.992172
3.995017
-3.991104
3.978148
-3.993375
-1.527698
3.777365
3.992121
-3.989569
3.972723
-2.649279
-3.933707
3.985194
-3.991424
3.995966
3.990919
-3.992816
3.992080
-3.977911
-3.989167
-3.986748
-3.990278
-3.980312
-3.992367
3.992144
3.992627
-3.987124
3.976618
-3.756780
-3.987887
-3.993257
3.985581
3.990521
-3.992993
3.513620
-3.988441
-3.988284
-3.989150
3.968393
3.995430
3.990824
3.985498
-3.992910
3.988360
-3.992643
3.989267
3.993511
3.995611
-3.986827
-3.992070
3.976527
-3.990906
3.959333
-3.992977
3.992990
-2.944098
-3.992272
-3.990976
3.992187
3.721985
3.990503
-3.982257
3.993450
-3.990706
3.938550
3.989401
3.992689
3.994052
-3.987717
-3.988160
3.938646
-3.981987
3.986994
3.994042
3.995059
-3.984616
-3.991449
3.990150
-3.988097
-3.995865
-3.991148
-3.983204
0.758547
-3.986191
3.987602
-3.987400
-3.978126
-3.978023
3.988631
3.993697
-3.987333
3.406312
3.953121
3.966349
3.997261
-3.991577
3.990507
3.992691
-3.977740
3.997287
-3.982658
-3.985037
3.990916
3.989158
-3.986842
3.379187
-3.983934
3.965357
-3.983940
-3.993406
-3.963629
-3.990568
3.990170
3.994415
-3.989791
3.993979
-3.991216
-3.967453
3.990868
-3.379938
3.991735
3.980453
2.165377
3.967729
-3.908757
-3.980005
-3.851706
-3.991294
3.988427
-3.981707
3.991803
-3.969784
3.989927
3.129815
-3.993244
-3.991804
3.993460
3.989104
3.988843
-3.995473
-3.984510
-3.723661
3.995242
-3.985535
-3.989102
3.993285
2.302346
-3.940027
-3.989323
-3.993918
3.980698
3.993516
3.992716
-3.990192
-3.989226
-3.973378
3.994053
-3.990509
3.977059
-3.936201
3.990803
3.636178
3.990746
3.992389
-3.995080
-3.980777
3.991169
3.994059
-3.990539
3.992450
3.990679
-3.985268
3.993741
3.991222
3.992923
3.990121
3.985297
3.820444
3.992702
-3.991122
-3.976366
3.989241
-3.968625
3.992114
3.991435
-3.986930
3.996109
3.989797
-3.964390
3.991893
3.992031
-3.991437
3.989177
3.993977
-3.934216
3.994017
-3.977271
3.973348
-3.992394
3.990207
-3.991717
2.910779
-3.989860
-3.987068
3.992575
3.992624
3.993495
3.993184
-3.974372
-3.992523
3.993116
-3.980271
3.997168
-3.966941
-3.971881
3.996324
3.993169
-3.990275
-3.986222
-3.978753
-3.982950
-3.989208
-3.986601
3.990996
-3.991920
-3.989625
3.870367
3.997282
-3.991247
3.989124
3.991016
-3.990576
3.990720
-3.990761
3.997282
3.997289
-3.993670
3.995385
3.991237
-3.991945
-3.986027
3.978706
-3.990122
3.992699
3.938932
-3.986304
-3.990831
3.995406
-3.568089
-3.977091
3.994260
3.993601
3.988251
3.994227
-3.992437
3.990902
-3.990368
-3.989550
3.991925
-3.993574
3.989499
-3.978691
-3.992353
-3.990071
3.995412
-3.985463
-3.982043
-3.991566
-3.948978
3.913771
3.813978
3.990957
3.985644
-3.994887
-3.988018
3.989075
3.981217
3.994456
-3.989919
3.935235
3.991971
3.988978
3.989738
-3.992089
3.994255
3.987351
3.992374
-3.995395
3.993743
3.993386
3.993630
-3.994931
3.991523
-2.062321
3.997285
3.899197
-3.990551
3.992446
3.989749
-3.993273
3.989943
-3.993720
3.992143
-3.990143
-3.992678
3.991641
3.958747
-3.989523
3.993719
3.995559
-3.992593
-3.297337
3.988805
3.982087
-3.993365
-3.987597
-3.995793
3.989446
-3.987793
3.994106
-3.987879
3.989094
-3.969737
3.984349
3.979295
3.995119
3.994190
-3.061400
-3.986591
-3.991207
-3.985778
3.991577
-3.991438
3.994480
3.992056
3.990134
3.995860
-3.987236
-3.990555
-3.985873
3.993555
-3.992349
-3.992765
-3.982703
3.992175
3.906409
3.991379
-3.993418
-3.987113
3.987609
3.994048
3.993249
-3.970634
3.996751
-3.992935
3.997275
-3.985842
3.991439
3.994119
-3.992322
3.987493
-3.985291
-3.997233
3.993568
-3.887576
-3.990673
3.977425
3.993657
-3.988352
-3.990992
-3.979465
3.988907
-3.988254
-3.994121
-3.989359
3.990327
3.980737
3.991284
3.989306
3.991283
-3.994661
-3.984373
-3.991358
3.992153
3.990629
-3.990219
3.989592
-3.881324
-3.989640
3.993329
-3.991395
3.866331
-3.993212
3.984058
-2.474798
-3.987028
-3.614389
-3.990912
3.997267
3.990596
3.986353
3.990097
-3.965200
3.991258
-3.978184
-3.989968
-3.992290
-3.989712
-3.990673
-3.987646
3.913519
-3.990974
3.995824
-3.961535
3.988293
-3.989383
-3.981420
-3.994882
3.992009
3.990977
3.994681
3.991159
-3.990292
-3.966479
-3.997280
3.989171
3.994585
3.991626
-3.956930
3.989715
-3.957704
3.991679
-3.973659
3.991987
3.994497
3.990820
3.992550
3.984625
-3.889877
3.992965
-3.015738
3.994225
-3.991709
-3.989117
-3.987450
3.990839
-3.992004
3.990711
3.993904
3.991959
-3.990577
3.991517
3.993592
-3.980690
-3.992689
3.990362
3.982891
3.994825
3.994065
-3.993925
3.994630
-3.981883
-3.985805
-3.983878
3.985221
3.986257
3.995750
3.993001
3.303744
3.994623
3.991295
3.993478
3.994900
3.993041
-3.993523
3.995753
-3.993604
3.994436
-3.994241
-3.991103
3.735622
3.989688
3.991500
-3.991731
3.995634
3.993863
-3.943605
-1.627079
-3.992400
-3.977458
-3.990608
-3.985749
-3.842677
3.984451
3.970555
-3.979555
3.990491
-3.989258
3.994500
-3.994214
-3.993406
-3.990877
-3.986648
3.992872
3.489321
3.995424
3.991757
3.992939
3.989594
3.981586
3.985953
3.989889
3.946437
3.987883
-3.968023
3.994715
-3.987616
3.989451
-3.991896
3.990060
-3.990619
-3.984953
-3.990366
-3.966234
3.994374
3.991435
-3.989810
-3.989862
3.988824
3.992644
3.992387
3.992728
-3.986588
3.982562
-3.949961
3.990424
-3.986628
-3.990253
3.993172
-3.987701
3.991384
-3.985439
3.990007
3.991903
3.995102
3.992431
3.992614
-3.979699
3.994976
3.994389
3.993196
-3.988231
3.979060
3.929549
3.995229
3.991039
3.990607
-3.990758
3.989886
-3.987654
3.991105
-3.991583
-3.991725
-3.985330
1.443038
-3.983472
3.993004
3.994443
3.129480
-3.992697
-3.939122
-3.987535
-3.990450
-3.977997
-3.989242
-3.988891
-3.957336
-2.068893
3.994044
3.992683
3.953945
3.991803
3.962756
3.989580
3.992473
-3.987568
3.906142
3.990365
3.993051
-3.968888
-3.992273
3.990471
3.991457
3.986787
3.993056
3.991311
-3.964441
-3.992303
3.997259
-3.978511
3.991334
-3.993607
-3.979986
3.993737
-3.992273
-3.022868
3.991306
-3.991919
3.992485
3.979637
-3.988151
3.993536
3.984664
-3.987094
3.993597
3.923090
3.997264
3.982138
3.992723
-3.967100
1.097947
-3.987593
3.969449
-3.992741
-3.649649
3.980631
3.990771
-3.877109
3.991136
3.991970
3.993802
-3.923287
3.982610
-3.995090
3.987380
3.989598
3.958760
-3.989667
-3.993508
3.991090
3.995118
-3.992675
-3.993588
3.991078
3.991636
-3.956486
3.994471
-3.992593
-3.994573
3.992249
3.995941
-3.990176
3.991435
-3.953411
-3.995076
3.993498
3.981828
3.983569
3.989949
3.993320
3.990603
-3.906111
3.975674
3.991114
3.967783
3.988219
-3.935407
-3.985405
-3.986845
-3.988543
3.990619
3.994607
3.983502
-3.990201
3.994403
-3.988089
-3.973049
3.994139
3.984960
-3.982115
-3.997258
3.993905
-3.717487
3.994862
3.987826
3.990386
-3.993036
-3.758696
-3.993229
3.995805
-3.984714
-3.993596
3.985025
3.987262
3.992714
-3.993198
3.991391
-3.990821
3.987097
-3.982705
3.993994
-3.989091
3.994755
3.991383
-3.988577
-3.991345
3.973607
-3.993750
-3.975087
-3.986388
-3.985985
-3.981251
3.984863
-3.990136
-3.991970
3.991643
-3.993654
3.992631
3.987306
-3.989556
-3.990321
-3.651826
-3.992250
3.984957
3.990024
-3.985411
3.994902
-3.984305
2.554263
3.953323
-3.993812
3.995049
-3.994452
3.991903
3.990567
3.986462
3.992368
3.994940
-3.985111
-3.990771
3.990116
3.978746
-3.993656
3.994436
-3.989461
-3.993958
-2.995942
3.992498
3.992567
3.993010
3.993792
3.987659
-2.566843
3.966107
3.996238
-1.973009
-3.873115
3.991456
-3.989604
3.992054
3.995247
3.988528
3.991579
3.992841
3.990614
-3.962216
3.993565
-3.978751
3.993751
3.979384
2.865152
-3.943807
-3.990610
3.992592
3.992008
-3.990805
3.983133
3.963253
-3.992169
-3.940575
3.986318
3.991637
-3.855040
3.993295
3.944357
-3.990316
3.991655
3.993060
-0.559658
3.985942
3.972431
-3.990719
-3.989932
3.994813
3.989844
-3.989748
-3.983231
-3.992492
-3.990082
3.992112
3.994295
-3.594802
3.995314
-3.987389
3.993662
-3.994967
-3.990500
3.987476
-3.990746
3.995271
3.989845
3.986543
3.992015
-3.992185
3.983150
-3.990904
3.993248
3.997266
3.993392
3.995734
3.993254
-3.987886
3.997209
3.984966
-3.988921
3.978720
-3.910728
3.994704
3.878160
3.968110
3.993007
-3.986759
3.992434
3.980749
-3.991125
-3.949651
-3.974756
3.993463
3.714672
-3.980950
3.994713
3.990211
3.825902
3.993536
3.997284
3.986479
3.987977
3.992988
3.995136
3.995024
3.993546
-3.993150
3.995808
-3.985319
3.990264
-3.987330
3.620398
3.945777
3.989413
3.991430
-3.990551
-3.992625
3.991514
3.995765
-3.990991
-3.987158
3.988766
3.406600
0.284637
-3.973987
3.993852
3.991927
-3.992058
2.755873
3.994343
3.994981
-3.927138
3.992122
3.990565
3.993080
-3.994760
-3.354685
1.955385
-3.990038
3.987961
-3.964306
-3.807383
3.994669
3.989595
3.993718
-3.985855
3.993672
-3.992997
-3.988200
-3.983681
3.984633
3.990397
3.980002
-3.680041
-3.344819
3.993901
-3.988701
3.974216
3.983390
3.958740
3.994793
-3.985399
-3.991356
3.993172
-3.967524
-3.989826
3.991943
3.993617
3.993456
-3.991835
-3.991497
3.928336
3.980286
3.997271
3.991590
3.990347
-3.982131
-3.991202
3.992852
-2.830628
3.952056
-3.992621
3.905435
3.974802
3.981186
1.876508
3.997276
3.340007
3.986497
3.994711
-3.985787
-3.991747
3.993796
-3.993012
-3.988919
-3.989173
3.981997
3.988129
-3.994065
3.941563
3.992995
3.991622
3.977746
-3.987242
3.993778
3.993582
-3.995354
-3.978282
3.988335
3.990759
3.993334
0.938430
-3.988857
3.992679
-3.357218
3.987894
-3.964582
-3.994281
3.991974
-3.989549
3.993447
3.995136
-3.991970
3.995636
3.992292
3.990845
3.983122
-3.988927
3.983702
-3.987491
-3.993840
3.994792
3.994665
3.993323
-3.983626
-3.985902
3.980964
3.986652
3.995773
-3.990363
-3.994811
-3.994068
-3.979823
3.499627
3.991469
-3.889192
-3.993468
-3.990765
3.992902
-3.986811
-3.989992
3.980265
-3.979996
3.911219
0.905992
-3.985601
-3.986720
-3.988905
-3.994294
-3.989216
3.991981
-3.997252
3.993084
3.990994
3.994888
-3.992330
-3.989817
-3.910541
3.995618
3.986324
3.995319
-3.987417
3.990165
-3.990106
-3.986213
3.970803
3.647216
3.993259
3.983325
3.994416
-3.940472
3.990076
3.992752
-3.981423
-0.984883
3.991804
-3.990480
-3.932814
-0.814747
