4.000000	1.400000	50	0.100000	ARCHIVOS_REDES\ER\ER_706.txt
-0.051099	3.948920
-3.982165
-3.974920
3.838582
3.980225
3.960265
-3.973983
-3.861657
-3.872502
-3.989697
3.988702
3.985908
-3.981479
-3.989208
-3.991696
-3.674830
3.965034
3.973950
-3.977846
3.967439
3.976960
3.966273
-3.976769
-3.943551
3.978248
3.993298
-3.968704
-3.990860
-3.975624
3.987660
3.989697
-3.972011
-3.974332
-3.993841
3.976676
3.981617
-3.990847
3.937897
-3.989499
3.964210
3.963260
3.982472
3.984356
-3.990434
3.987875
3.984505
3.967069
3.987589
-3.979286
3.992711
3.977683
-3.970217
3.980431
-3.975881
-3.969177
-3.956772
-3.994171
3.950499
3.954855
-3.987179
3.980467
3.964837
-3.945770
3.982595
3.988998
3.990025
3.981367
-3.957462
-3.984328
-3.994191
3.896486
-3.991631
3.936908
3.970485
3.977857
3.966985
-3.945017
3.983700
-3.989607
-3.969813
3.924928
-3.917183
-3.967940
3.639767
3.985589
-3.977578
-3.953031
3.972033
3.976141
-3.974500
3.951528
3.984907
-3.985607
-3.730427
3.992427
3.980896
3.990387
3.982129
3.986927
3.987700
3.984662
3.982329
-3.936555
-3.990378
3.982254
-3.943398
3.955681
3.711358
-3.985380
-3.959709
3.976545
-3.990971
-3.987938
-3.980284
3.860604
3.995900
3.963653
-3.975308
-3.989358
3.973401
-3.983695
3.935593
-3.910665
-3.975218
-3.982416
-3.965993
3.983685
3.974422
3.984405
-3.970257
3.980852
3.979475
3.989346
-3.958046
3.960694
3.977238
3.973869
3.943858
-3.840108
3.973371
-3.977336
-3.973895
3.987376
-3.953323
-3.993396
-3.985554
-3.985422
3.948743
3.981513
3.959014
-3.977017
-3.952096
-3.959139
3.959052
3.988827
-3.929309
3.950923
-3.918185
3.993550
3.981543
3.971780
-3.965242
-3.961753
-3.979487
3.981911
3.990032
3.950007
3.976368
3.966279
-3.955274
3.985846
3.988642
3.941806
3.954839
-3.970445
-3.945346
3.970705
-3.892539
-3.984235
-3.974808
3.967258
-3.981223
-3.957454
3.976634
-3.979036
-3.965046
3.979138
3.948373
3.970885
-3.962830
3.954599
-3.981219
3.988905
-3.987462
-3.988829
3.973462
3.948041
-3.962952
3.959362
-3.976879
3.976840
-3.976565
3.972171
-3.940617
-3.991043
-3.963796
3.963904
3.962362
3.909423
-3.880895
-3.957897
-3.988136
3.988300
-3.955920
-3.988137
-3.965574
3.982199
3.959650
-3.985105
3.958187
3.987453
3.984105
3.986872
3.989468
-3.973465
3.969200
-3.962147
3.976766
3.971809
-3.974695
-3.968081
-3.973677
-3.951919
-3.974702
-3.981134
-3.970825
-3.971895
-3.975391
-3.970954
-3.975198
-3.723439
-3.987819
-3.965534
-3.981128
3.985408
3.958407
3.977857
3.970175
-3.985255
-3.979755
-3.910802
-3.981979
-3.981528
-3.973179
3.963099
3.970024
-3.981133
-3.961826
3.990642
-3.989814
-3.940097
3.983142
3.973289
-3.990393
3.971471
-0.355154
-3.968977
3.972823
3.983506
3.979239
3.980667
-3.987944
-3.142057
-3.973478
-3.972175
3.528434
-3.991892
3.979677
-3.933121
-3.892511
3.988767
3.973751
3.972334
-3.965990
3.969630
3.720863
3.930588
3.987747
3.583027
3.957586
-3.981190
-3.976000
-3.985803
3.926908
3.982964
3.988982
-3.947662
3.976395
-3.973713
-3.980395
-3.944188
-3.965379
-3.942166
-3.975897
3.972797
-3.970598
3.970227
-3.960399
3.989829
3.950503
-3.993356
3.937550
-3.969679
-3.968036
-3.978379
-3.987945
3.970875
-3.965845
3.988794
3.978454
3.922983
3.988398
-3.847068
-3.977910
-3.978329
-3.961681
-3.780959
3.962911
-3.987732
-3.775416
-3.853057
-3.968754
-3.957966
3.958843
-3.988578
3.979546
3.961399
-3.976112
-3.977775
3.973998
-3.973631
-3.969329
3.982114
3.973177
-3.928027
3.987505
-3.987260
-3.988056
3.947832
-3.973520
-3.908914
-3.935175
3.994217
3.974805
-3.981675
-3.986679
3.975289
3.975564
3.989032
-3.992275
3.991106
3.978237
-3.987659
3.973340
3.969514
-3.980127
-3.987005
-3.959888
3.922352
-3.968536
3.944291
3.952948
3.980337
3.933206
3.972036
3.967352
3.980513
3.956196
-3.981993
-3.975358
-3.982882
-3.988058
3.971700
3.978127
3.971376
3.974150
3.984563
3.978341
-3.981503
3.904009
-3.976781
3.964387
-3.957762
3.992624
-3.971078
-3.994176
3.964174
3.989944
3.974895
-3.961457
3.638259
-3.835472
-3.974268
3.977382
3.962743
-3.976664
3.985744
3.984051
-3.845602
-3.960687
-3.981870
-3.966853
3.991133
-3.981622
3.978893
-3.972508
3.972900
-3.979747
3.982084
-3.902431
-3.891589
3.983542
-3.986847
3.971194
3.972992
-3.985311
-3.991938
-3.976246
3.952623
3.984266
-3.952208
-3.976762
3.989426
3.982481
3.992051
-3.967878
-3.979497
-3.989489
3.973129
3.957387
3.984376
3.975032
-3.973226
3.970005
3.974013
-3.951447
3.968415
-3.964351
3.972518
3.970340
-3.982931
-3.976735
-3.962227
-3.970010
3.953089
-3.971909
-3.944028
-3.969461
-3.966984
-3.965128
-3.968828
3.934738
-3.989988
3.937858
-3.937599
3.981417
-3.985570
3.979731
3.957838
3.972915
3.959324
3.908190
3.993467
-3.967718
-3.978797
3.989746
-3.950939
3.990756
3.963762
-3.955093
3.990322
3.967757
-3.977403
-3.971058
3.965102
-3.939463
-3.976344
3.953219
3.983440
-3.970336
-3.974419
-3.970137
-3.972062
-3.981234
3.979846
-3.978440
-3.921468
3.962531
-1.690346
3.947776
-3.990992
3.931809
3.806462
-3.960475
3.957965
-3.885453
3.969908
-3.949822
3.978544
-3.977837
-3.993496
3.989604
-3.974409
3.991364
3.974909
-3.985790
3.963333
3.956761
-3.966070
3.985551
-3.978862
-3.987430
-3.988443
3.975411
3.984177
-3.982362
3.991494
-3.919678
3.963365
-3.975884
-3.974511
3.936796
3.967865
-3.973358
3.961635
-3.982116
-3.986094
-3.990330
-3.980438
3.939435
3.963185
3.977858
3.909793
-3.986291
-3.976426
3.987016
3.975945
-3.984444
-3.989275
-3.973195
-3.986510
3.978190
-3.938231
-3.978330
3.953850
-3.976599
-3.941573
-3.974961
3.992938
3.932187
3.990087
3.976125
3.984580
-3.981864
3.909783
-3.961738
3.972965
3.988990
-3.977478
-3.985397
3.981287
3.946045
3.981124
3.984035
3.975042
-3.978779
-3.982233
-3.980401
-3.960008
3.988312
-3.969566
3.962574
3.750619
-3.980775
-3.842276
3.993905
3.990703
3.966518
3.984761
3.965113
3.983673
-3.979712
3.963229
-3.969746
3.982797
3.974557
3.986219
3.954170
-3.974015
3.987344
-3.971645
-3.975231
-3.956003
3.945063
3.982108
-3.985694
3.962088
3.972944
3.959304
3.968954
-3.979929
3.942999
-3.970643
3.976025
-3.976146
-3.791118
-3.978957
3.986803
3.991741
-3.993387
3.985440
-3.990483
-3.994079
3.954681
-3.980937
3.977438
3.972223
3.965047
3.970964
-3.978701
-3.969718
-3.968994
-3.983281
-3.982842
-3.964994
-3.939180
-3.939219
-3.978849
3.978051
-3.975924
-3.962331
3.982064
3.979620
-3.977952
-3.985993
-3.944871
-3.987507
-3.966783
3.980843
-3.986934
-3.972411
-3.930424
-3.792538
3.990781
-3.967602
-3.980470
3.985029
-3.963359
-3.957868
-3.964664
3.977878
3.900207
-3.980864
3.982381
-3.990250
3.888243
3.968969
3.930196
3.962000
-3.965557
3.951749
-3.975119
3.729306
-3.979694
-3.943881
3.968223
-3.958852
-3.435651
-3.937778
-3.977053
3.978677
3.884021
-3.985159
-3.961796
-3.949414
3.985012
-3.980916
3.984574
-3.975720
-3.945363
-3.991006
3.978442
-3.979425
3.954673
-3.984263
-3.943310
3.904373
3.971639
-3.964712
3.990111
-3.993503
3.967342
-3.987694
-3.989952
3.966278
-3.983892
3.974595
3.965748
3.987906
3.969435
-3.964190
-3.958410
3.952169
-3.971653
3.980885
3.973326
-3.932024
-3.969776
-3.982812
-3.926042
3.984163
3.987381
-3.987731
-3.721500
3.988629
-3.881458
3.735167
-3.973141
-3.991579
-3.969462
3.421517
3.968684
-3.994413
-3.985838
-3.987540
-3.958162
3.976735
3.986546
3.983691
-3.984841
3.971065
3.965036
3.973068
-3.975272
3.957968
-3.966684
-3.952908
3.943647
-3.982548
-3.972713
-3.979550
3.933681
3.981573
3.985560
3.987449
3.962114
-3.975613
-3.987757
-3.973262
3.985758
-3.968168
3.965305
-3.835284
3.972495
3.947041
-3.978055
3.977678
3.970974
3.971936
3.955183
-3.950978
-3.961266
-3.578981
-3.976594
-3.955984
-1.762698
3.987149
3.979534
3.989406
3.934350
3.984601
-3.950967
3.984472
-3.959720
3.961702
-3.963716
-3.977091
-3.983741
3.965293
-3.994134
-3.969931
-3.958898
-3.972215
3.935589
-3.981321
-3.994814
3.968669
3.971767
3.989574
3.982292
-3.986369
3.976375
3.992893
3.962996
3.984204
-3.987052
-3.971918
3.980983
3.976006
3.981654
-3.316004
3.981262
-3.971312
3.986561
-3.982537
-3.983718
3.979951
3.954630
-3.790823
-3.994850
3.974466
-3.973603
3.985547
-3.989968
-3.986376
-3.989665
3.907295
-3.977282
-3.959030
3.981748
3.989818
3.971094
3.990294
3.966039
-3.981858
-3.971930
-3.992539
-3.947967
-3.991526
3.939438
-3.841022
3.961854
-3.972511
-3.942346
-3.959912
3.994508
-3.987362
3.982400
-3.967798
3.957106
3.989003
3.973233
3.980591
3.942057
-3.971455
-3.993133
3.975010
3.971114
3.975809
3.972313
3.979885
-3.950295
-3.967791
3.994992
3.978032
-3.980253
-3.979460
3.989454
3.973735
3.989426
-3.988108
-3.835671
-3.980640
3.990294
-3.909427
-3.960418
-3.975370
-3.972427
3.976627
-3.982836
-3.983132
3.983744
3.968798
3.980368
-3.978035
3.977247
-3.966149
3.974627
3.926149
-3.982066
-3.955882
3.989941
-3.904319
-3.980577
-3.831451
-3.989699
3.967438
-3.990819
-3.991764
3.975145
-3.980900
-3.953249
-3.985027
3.970593
-3.970051
3.953174
3.969605
-3.991402
-3.961384
-3.922123
3.969376
-3.977884
-3.978699
-3.976319
3.981316
-3.982051
3.974700
-3.981175
-3.964000
3.962725
-3.952073
3.959942
3.973655
-3.949039
3.948745
3.978980
3.963810
-3.931185
-3.944625
-3.974487
-3.642547
3.988084
3.985043
-3.987367
-3.944047
3.986449
3.961934
-3.983204
-3.943263
3.984086
3.976643
3.970950
3.980895
3.962648
3.960350
3.967201
-3.924273
-3.984975
3.968186
-3.953216
3.974183
3.969637
-3.953122
-3.929083
-3.992213
-3.980510
3.954857
-3.977555
-3.987923
3.980127
3.957119
3.993824
-3.991941
-3.969937
-3.925372
3.981873
-3.966331
-3.990667
3.987545
3.971574
-3.956746
3.983316
-3.980132
-3.952824
3.988787
-3.966826
3.942295
-3.953382
3.973281
3.991461
-3.959690
-3.965771
3.976780
3.981003
-3.991473
3.974580
-3.915800
3.986908
3.984095
-3.981999
3.977539
3.988508
3.971278
-3.991517
3.972777
-3.965771
3.938525
3.922644
-3.964403
-3.991315
3.970612
3.979913
3.941729
-3.966947
-3.990353
-3.980322
-3.973540
-3.976057
3.973464
-3.988488
-3.989944
-3.955426
3.962904
-3.960483
-3.958379
-3.992386
3.983304
3.985272
-3.977787
3.969325
3.954807
-3.984170
-3.942597
-3.976382
-3.932791
3.979578
3.966035
3.964692
3.983041
-3.969003
3.978665
3.959290
3.957779
-3.981476
-3.974500
3.958713
3.973642
-3.963411
3.927198
3.969970
-3.982906
-3.992680
-3.891361
3.968284
-3.974638
-3.938165
3.975510
-3.981406
3.988273
-3.991464
3.983711
3.966663
3.963942
-3.984815
3.989620
-3.981381
-3.927532
-3.988628
-3.810807
-3.987265
3.982968
-3.976995
3.946351
3.983501
-3.985056
3.987557
3.986497
-3.965744
3.974733
3.985861
-3.973868
-3.990008
3.951953
3.986156
-3.966418
-3.984518
-3.915600
3.969212
-3.976343
3.971213
3.979174
3.992764
3.973581
3.960976
3.983462
3.990797
3.979279
-3.922508
-3.897738
-3.967199
3.964024
3.972203
-3.986838
3.944726
3.978682
-3.966943
-3.955930
3.979840
-3.974691
3.975954
3.961188
-3.992340
-3.971265
3.983687
-3.970748
3.978474
3.969923
-3.972813
-3.987111
3.975775
-3.975645
-3.959523
3.973041
3.976758
-3.977681
-3.924683
-3.959040
3.981729
-3.939160
-3.985615
3.962899
-3.986239
-3.974560
2.454417
3.984864
-3.986408
-3.983914
3.990315
-3.968871
3.984478
3.875439
-3.972965
-3.958929
3.964865
-3.979132
3.970184
-3.983693
-3.971484
3.793215
3.980998
3.967039
3.964502
3.988066
-3.969609
-3.974738
-3.958688
-3.977072
3.964547
-3.990011
3.983745
3.960660
-3.956119
3.969158
-3.977793
3.963124
3.989551
3.977869
-3.966518
3.977272
-3.968829
-3.982071
3.975080
3.961288
-3.981114
3.976737
3.980928
3.990626
-3.969245
3.992054
3.977592
-3.963057
-3.979144
3.988619
3.989841
3.945071
3.974537
-3.943746
-3.943769
-3.974490
-3.984630
3.921647
3.981677
3.985978
-3.988076
-3.963127
3.981399
3.976045
-3.990056
-3.995062
-3.961255
-3.949438
-3.981515
-3.984277
3.989866
3.978759
-3.971338
-3.986861
-3.930384
3.915234
-3.936306
3.987772
3.977787
-3.954755
-3.941639
3.954316
3.986707
3.990784
-3.973165
-3.988682
3.984981
-3.993711
-3.988059
3.989599
-3.985641
3.980409
-3.984556
3.980442
3.986468
3.957819
-3.988669
3.976377
-3.952611
3.986761
3.991783
3.987333
3.990042
3.982534
3.990393
3.974246
-3.985982
3.969885
-3.986400
3.976406
-3.979308
-3.985908
3.984846
-3.975325
3.986166
3.975459
-3.980520
-3.976556
3.992955
3.797215
3.926910
-3.980777
3.969370
3.952774
-3.955419
3.988560
3.980663
3.956788
3.985337
3.976347
3.983086
-3.956214
-3.960994
3.979211
-3.974305
-3.978782
3.963097
3.973010
3.943620
-3.972183
1.742787
-3.986789
-3.990969
-3.984717
3.991231
3.970679
-3.975547
-3.981856
-3.980935
3.989562
-3.978313
3.955847
-3.890871
3.980880
3.985496
-3.969266
3.846070
-3.965597
-3.982336
-3.983072
-3.986558
-3.969289
3.975935
3.951345
3.980234
3.985433
3.968456
-3.977785
3.972890
-3.971462
-3.974249
-3.957700
3.945609
-3.984525
3.994430
3.986529
-3.968744
3.945627
-3.962900
3.973153
3.980395
3.984865
3.984975
3.994436
3.980977
3.985205
3.964650
3.965055
-3.981955
3.956008
-3.994397
3.985392
-3.979803
3.991425
-3.923930
-2.293731
-3.964908
-3.982879
-3.975004
1.916382
3.978525
3.986695
-3.992653
-3.979948
3.954091
-3.990523
3.979879
3.988974
-3.919598
-3.957801
-3.985532
-3.977895
-3.979509
-3.933820
-3.958556
-3.987709
-3.927764
-3.914149
-3.980205
-3.978750
-3.963510
3.929908
3.987310
-3.976100
-3.981477
3.981410
-3.953290
-3.978275
-3.981090
3.954041
-3.970655
3.936805
3.986847
-3.975593
-3.973044
3.961866
-3.971575
-3.992140
-3.966689
-3.981708
3.987614
3.987370
-3.952265
3.941314
3.964916
-3.982630
-3.991974
3.970408
-3.964258
3.989498
-3.981550
-3.964102
3.971909
-3.961409
-3.989394
1.762908
-3.973029
3.990439
-3.967952
-3.992818
3.983472
3.964333
-3.989921
3.943812
-3.976857
3.988604
3.967898
3.955882
3.984438
-3.955105
3.983205
3.944285
-3.960124
3.979051
-3.976629
3.989257
-3.992143
-3.980022
-3.955033
-3.988632
-3.992787
3.962576
-3.944891
3.974143
-3.978052
-3.973218
-3.990354
3.849146
-3.825700
-3.928609
3.984672
3.978612
-3.980321
-3.967668
3.960400
3.984620
3.989777
3.964741
3.992120
-3.978710
-3.992104
3.991917
-3.989578
-3.979818
3.971348
-3.970341
-3.762374
3.971070
3.983562
-3.924862
3.975257
-0.652763
-3.979319
3.992040
3.973380
-3.986106
-3.980196
-3.972077
-3.950897
-3.767995
3.967026
3.989768
-3.989304
3.962699
3.994187
3.971743
-3.986038
3.975359
-3.988297
-3.992061
3.974142
3.989804
3.972664
-3.975184
-3.958273
-3.985210
3.945169
-3.970400
-3.989320
3.986267
3.985124
-3.986989
3.971769
-1.214037
-3.976657
3.970774
3.860192
-3.973105
3.975566
-3.976069
3.913942
3.938850
3.966486
3.906212
-3.975070
-3.980798
3.963903
3.937773
3.994720
-3.970961
-3.980694
3.938488
-3.969301
-3.971129
-3.965710
-3.943386
3.950929
-3.963282
3.982909
3.910592
3.980844
3.983131
3.986849
-3.938458
3.989274
-3.989378
-3.939264
3.986970
3.925762
3.984975
3.982601
3.957891
-3.991584
3.975849
-3.975974
-3.995098
-3.991406
-3.989241
-3.988809
-3.981501
3.954707
3.978075
3.980009
-3.986900
3.994305
-3.936240
-3.970958
-3.831928
-3.977073
-3.820254
3.971892
-3.973583
-3.961383
-3.816982
-3.964840
3.993630
3.984392
-3.980848
3.983227
-3.961684
3.991112
-3.975503
3.981927
-3.989733
3.944567
-3.982541
3.976776
-3.952597
3.987257
-3.986078
-3.831971
-3.889664
3.974898
3.977901
3.984565
-3.985888
-3.936034
-3.987880
3.986479
-3.973135
3.986990
3.978216
-3.982629
-3.987043
-3.988445
-3.968322
-3.930171
-3.980916
3.986952
3.977094
-3.977486
-3.967351
-3.990995
-3.986305
-3.973738
-3.979971
3.424737
3.962393
3.353283
-3.974929
-3.977151
3.970551
-3.959527
3.975825
3.961865
-3.992145
3.976036
-3.976761
3.948111
-3.968709
3.958088
3.980275
-3.941811
-3.986446
-3.988728
3.978622
3.965272
3.975622
3.920935
-3.985868
-3.964238
-3.991614
-3.980516
-3.980590
3.979255
3.959360
-3.938066
-3.961014
3.956044
3.970783
-3.983354
-3.987280
3.991873
-3.980276
3.971898
3.977313
3.987602
3.985399
3.985705
-3.990880
3.983834
3.988631
-3.981112
-3.976634
-3.936905
3.981689
-1.806599
-3.937813
-3.931056
3.881911
-3.975746
3.963302
3.947837
3.961859
3.971998
3.972824
3.976286
-3.988751
-3.980110
-3.978927
3.955380
-3.974264
3.928813
-3.979059
-3.966009
-3.987580
-3.987539
3.957077
3.889899
-3.973907
3.982944
-3.981582
-3.995848
-3.964652
-3.980747
-3.995013
3.989052
3.819561
3.949828
-3.975378
-3.964537
3.970045
-3.977167
3.961990
3.978335
3.986788
3.977854
3.993871
3.981805
-3.923738
-3.985330
-3.928215
-3.989480
-3.976751
-3.936479
3.984786
3.959618
3.930718
-3.984222
-3.984314
3.957313
-3.986945
3.892317
-3.991013
3.976747
-3.937396
3.988262
-2.300207
3.977051
3.967053
-3.970086
3.951353
-3.982858
-3.981966
-3.987160
3.966846
3.963858
3.972631
0.000236
-3.982042
-3.968825
-3.964634
-3.965100
-3.989136
3.973062
-3.976978
-3.980427
3.860105
3.978818
3.986684
3.976315
3.965304
3.967835
-3.985796
-3.980336
-3.965434
3.982146
3.971696
-3.979516
-3.948206
-3.975701
-3.969284
-3.966140
3.982997
3.874935
-3.955432
3.961928
3.990056
-3.969594
3.963936
3.992392
-3.977030
3.969262
3.971561
-3.988992
-3.989792
3.969325
3.975245
-3.978694
-3.972128
-3.986537
-3.991217
3.969760
3.986401
-3.967236
-3.979772
-3.972755
3.986147
3.959539
-3.975590
3.978975
3.994230
-3.968751
3.960252
-3.967630
-3.992705
3.964430
-3.985129
-3.962649
-3.983384
-3.957579
3.990420
3.958551
-3.970878
3.990714
-3.990628
-3.971394
3.976216
-3.990137
-3.971652
-3.985324
3.994434
-3.989842
3.977638
3.967594
-3.975489
-3.980835
3.953258
3.810143
-3.962320
-3.984964
3.977347
-3.968887
3.952263
-3.957436
-3.993389
-3.984634
-3.986999
-3.981189
3.973452
3.804481
3.993557
-3.981856
3.987430
3.966224
-3.947742
-3.981984
-3.983506
3.993310
3.801962
-3.961350
3.973710
-3.975054
-3.958737
3.960705
-3.959079
3.983745
-3.889731
-3.844972
3.992186
-3.980215
-3.984294
3.952658
-3.988382
-3.972397
3.960235
-3.960182
-3.974606
-3.984660
-3.865250
-3.926477
-3.965476
-3.990118
-3.972509
3.972631
3.948273
3.974912
-3.977764
3.985829
3.976666
-3.982816
3.981845
3.986661
3.986636
3.974809
-3.982840
-3.915269
-3.986247
3.977755
3.993742
-3.955339
3.989920
3.950275
-3.227586
3.984621
3.978406
2.792609
-3.865631
-3.980740
3.988811
-3.982626
-3.969560
-3.950354
3.809772
-3.991215
-3.977783
3.966626
3.974207
-3.957938
-3.964375
3.987999
-3.993378
-3.966685
-3.958219
-3.990137
-3.969208
-3.984402
-3.959343
-3.870041
-3.995137
-3.974970
3.935185
-3.987083
3.964480
3.960722
3.905441
3.991359
-3.963215
-3.989034
-3.968307
-3.985012
-3.976002
-3.926034
3.974849
3.984696
-3.979588
3.966236
3.985113
-3.981065
3.984291
-3.944196
-3.955587
-3.695381
3.986172
3.932970
-3.980576
-3.977705
-3.980868
3.943349
3.973031
3.975406
3.964240
3.979607
-3.864613
3.932814
-3.973879
3.923431
3.955658
-3.975187
-3.962839
3.966554
-3.993502
-3.973123
-3.993119
3.969878
3.963731
2.033504
-3.989221
3.976797
3.955278
3.986816
3.966551
3.978566
-3.861336
3.968955
-3.960078
3.905204
-3.970519
3.960221
-3.930717
-3.969268
3.977617
3.987411
-3.964509
-3.957541
3.962634
-3.980524
-3.989300
3.988032
-3.959034
3.989389
-3.987751
3.959644
3.949766
-3.991075
3.921033
3.983491
3.972594
3.984616
3.988473
3.978471
3.992700
-3.962898
3.989510
-3.946129
-3.923057
3.976177
-3.978467
3.979459
3.939489
3.922977
-3.991926
-3.949745
-3.967552
-3.993004
2.332053
-3.990855
3.964101
-3.980438
-3.983917
-3.985725
3.933885
3.952037
3.971067
-3.966928
-3.982523
3.973985
-3.963214
-3.985112
3.819359
-3.967901
3.955491
3.861405
3.968884
3.990656
-3.970949
-3.979600
3.965743
3.955084
-3.995369
-3.973328
3.950778
3.960075
-3.964456
3.987019
3.971613
3.892549
3.981202
3.966518
-3.983605
3.962776
-3.982030
-3.992926
3.975561
-3.993886
3.819172
3.929232
-3.966924
-3.944494
-3.993085
-3.989966
3.988380
-3.979325
3.990273
3.954966
2.144408
-3.966127
-3.963194
3.972264
-3.969443
3.974766
-3.957746
-3.975918
3.974089
3.973233
-3.948535
-3.981875
3.976139
-3.979645
3.994115
3.974657
-3.880219
3.968682
-3.959419
3.960225
-3.978072
-3.970427
-3.979660
3.992360
3.973991
-3.964326
3.977183
-3.984026
3.987924
1.794908
3.969391
3.993976
-3.989379
3.963490
3.978626
-3.990897
-3.975576
-3.983709
-3.985806
3.968826
3.904345
-3.981236
-3.973610
3.968939
3.987188
-3.978503
-3.972387
-3.981847
-3.979922
-3.163914
-3.985100
-3.976090
3.965227
-3.980247
-3.961151
-3.980656
3.969756
3.983842
-3.987765
3.974949
3.855166
-3.989039
3.988937
-3.980859
-3.988383
3.986743
3.838116
3.951801
3.973509
3.962983
-3.974447
-3.932713
-1.642367
-3.982119
3.983274
3.903614
3.965977
-3.901132
3.989657
3.962201
-3.981384
-3.948100
-3.940240
3.982052
-3.948436
3.988247
-3.974253
3.991909
3.972790
3.959134
3.960181
3.983620
-3.936633
-3.944648
3.977236
3.878226
3.966339
3.946261
-3.983529
-3.983284
3.982589
-3.960144
3.929022
3.948512
-3.798269
3.965963
-3.931478
3.985665
3.756838
3.975219
3.975787
3.983809
3.985231
3.964593
3.971733
3.958530
3.959789
-3.962232
-3.973849
-3.951624
-3.976926
3.967879
-3.987438
-3.949582
3.973984
-3.987119
-3.990994
-3.970386
-3.959061
3.194486
3.972637
-3.987548
3.971368
-3.986022
3.963855
3.989145
-3.959670
3.976391
3.986347
-3.972060
3.961739
-3.953566
-3.943186
-3.982268
3.948720
3.989833
-3.952830
-3.970886
3.981736
-3.968517
-3.242377
-3.964573
3.967745
3.975541
3.992067
3.992509
-3.971582
-3.820451
3.964213
3.971645
-3.984658
3.983660
-3.976153
-3.978835
-3.985589
-3.968277
-3.963822
-3.976918
-3.953150
-3.991103
3.960890
-3.976980
-3.966914
3.951571
3.986229
3.948613
3.957689
-3.972678
3.991187
-3.985711
3.958979
3.991821
-3.979980
3.978890
-3.968419
3.989556
-3.987685
3.985393
3.977646
-3.987341
-3.990396
-3.986023
-0.173292
-3.980994
-3.984572
3.973418
3.984844
3.945878
-3.978008
3.932777
-3.869108
-3.971766
3.984956
-3.986272
-3.975857
3.517307
3.979716
3.960788
3.984641
3.967163
3.985361
-3.523592
-3.972020
-3.947034
3.991694
-3.992434
3.988515
-3.984396
3.959823
3.945121
3.972469
3.961940
-3.992319
3.308093
-3.982402
-3.965175
-3.985996
3.957333
3.979098
-3.969450
-3.932457
-3.976992
3.973071
-3.988444
-3.977159
-3.984876
3.662611
-3.934536
-3.960158
3.981706
1.113540
-3.976045
3.975275
3.973715
-3.982431
3.991612
-3.988269
3.886816
3.982941
3.978591
3.966682
3.976691
-3.970128
3.990928
-3.990822
3.981654
-3.982145
3.963406
-3.985819
-3.963357
-3.964018
-3.952888
3.978266
-3.969264
-3.921033
-3.963997
-3.993641
3.983823
-3.956051
-3.979714
3.952558
3.989155
3.951868
-3.982142
-3.917279
-3.968521
3.982801
-3.933577
-3.972820
3.973207
-3.993652
-3.975123
-3.943244
-3.980301
-3.961556
3.978192
3.972688
3.987250
3.955988
3.979549
-3.985745
-3.986189
3.970788
-3.963619
-3.979538
-3.772159
3.956224
3.990941
3.970908
-3.984671
-3.937704
3.980941
-3.953460
-3.982972
-3.991768
3.989839
-3.973364
-3.983118
-3.970435
-3.975183
-3.983514
3.963690
-3.954068
-3.979788
3.976653
3.971201
-3.972371
3.976046
3.986012
-3.972677
3.986770
3.994520
3.985232
3.970775
3.986079
-3.988480
-3.981299
3.972991
-3.989910
3.965794
-3.988554
-3.965204
3.976264
-3.992227
-3.973182
3.985468
-3.985655
-3.978712
3.959936
3.974437
-3.988300
3.883381
-3.944447
3.979132
-3.988599
-3.927804
3.979861
-3.966154
-3.974099
3.965408
-3.981316
-3.962794
3.976784
-3.953453
3.968510
-3.952789
3.987438
3.990166
-3.845780
3.963377
3.985605
-3.977748
3.967597
3.981897
3.985377
-3.963881
-3.944692
3.992285
3.941749
3.989755
-3.967048
3.952567
3.969027
-3.960005
3.979380
-3.990244
-3.944356
-3.989857
-3.981451
-3.983820
-3.987147
3.961907
-3.870141
-3.981679
3.973945
3.962811
-3.973959
-3.972463
-3.970829
3.990600
3.982522
-3.963637
-3.992361
3.984479
-3.982961
-3.960802
3.920316
-3.950029
3.956787
-3.970964
3.989925
-3.980170
3.993529
-3.977436
-3.965925
-3.975009
-3.965255
-3.954678
3.990423
-3.954798
-3.646339
-3.969962
3.958604
3.983882
-3.989068
3.959279
3.963794
3.993993
-3.982512
-3.987712
-3.971022
3.965853
3.962733
3.937761
3.985806
-3.973908
3.970041
3.977270
3.977944
3.924021
3.960531
-3.984461
-3.955130
-3.967613
-3.991105
3.974599
3.986716
3.906987
3.968985
-3.976597
-3.992367
3.968989
3.907044
-3.979779
3.981538
3.947804
3.980882
-3.982487
3.965847
3.976811
3.954443
3.972633
-3.945010
-3.976755
3.966818
-3.971605
-3.989031
3.971586
3.988625
3.977253
3.938729
3.977085
-3.962005
3.776512
3.984575
3.981235
-3.969773
3.990438
-3.969388
-3.974054
3.971238
3.944282
-3.858910
-3.972459
3.983177
-3.980157
3.982285
-3.980422
-3.957196
3.862676
3.983028
-3.991748
3.972202
3.921200
3.953414
-3.975148
-3.964869
-3.981054
3.962611
3.972020
3.976919
3.504970
3.991984
-3.956256
-3.975476
3.973243
3.988668
-3.976327
-3.991757
-3.955227
-3.958119
-3.981390
-3.978609
-3.989497
-3.971532
-3.971840
3.975750
3.989541
-3.984311
-3.897706
3.983629
3.975491
3.964874
3.984869
3.984524
3.960622
-3.969452
3.986247
3.908763
-3.987917
-3.977193
3.988003
3.944602
3.992150
-3.986063
3.984775
3.985293
3.989159
-3.957139
3.971448
3.985765
3.979305
3.990309
3.829179
3.973187
3.987400
3.947423
-3.986132
-3.943289
-3.978948
-3.977860
3.974789
3.976761
-3.981345
-3.977886
3.990475
3.959242
-3.993271
-3.981130
3.972692
3.975392
3.930696
-3.983896
3.992163
-3.973991
-3.938218
3.966829
-3.956342
3.970601
-3.958716
-3.961946
3.981100
3.971864
3.977885
3.979714
-3.990028
-3.957485
3.980913
-3.967514
3.944765
3.955293
-3.958797
-3.965416
3.971412
-3.962751
-3.979356
-3.692609
3.977230
3.849810
3.480600
3.977951
3.978696
-3.986217
3.949760
3.987438
-3.987604
3.951207
-3.986698
3.982582
3.981117
-3.931761
3.974662
-3.988232
-3.969993
-3.989139
-3.967601
3.956070
-3.969512
-3.984632
1.691013
-3.984874
-3.991241
3.982596
3.959392
3.983157
-3.950824
3.970583
3.807034
-3.974310
-3.988098
-3.992882
-3.960060
3.975307
-3.995089
-3.982444
-3.980293
3.970585
-3.970349
-3.633270
3.969694
-3.978155
-3.985154
3.856573
-3.976282
-3.982183
3.975408
3.974690
-3.981823
-3.982785
-3.971711
-3.843029
-3.963726
3.693394
-3.983024
3.966820
-3.980642
-3.958137
3.976134
3.975271
3.712224
-3.971275
3.966921
3.976643
3.983193
-3.490313
3.955413
-3.977735
-3.957575
-3.956053
-3.986509
-3.975832
3.979059
3.962277
-3.979682
3.976800
-3.982700
3.962391
-3.986348
3.955685
3.956533
3.987057
-3.978190
3.976124
-3.984215
-3.991394
-3.949493
-3.816845
-3.991517
-3.973434
-3.958776
3.984521
-3.977138
3.985023
3.990908
-3.950010
3.973702
3.980303
-3.959679
-3.977982
3.964158
-3.980671
-3.972445
3.988088
3.986610
-3.964038
3.981254
-3.937592
3.982069
-3.967891
-3.988559
-3.977507
3.907512
-3.982932
-3.974368
3.981930
-3.979983
3.969740
3.965693
-3.994334
-3.987376
3.973567
3.970528
-3.964516
3.963399
-3.962918
3.934931
-3.973780
3.976133
-3.955942
3.965238
3.895573
-3.974226
3.944268
-3.966044
-3.978178
3.980847
-3.972489
3.968538
3.986598
-3.989983
-3.964441
-3.975335
3.981472
-3.987173
-3.983515
3.972858
-3.960251
-3.981972
-3.978908
3.984984
-3.981155
3.983988
3.988899
-3.974583
-3.987999
3.971369
3.974368
3.971326
-3.963832
3.969379
-3.980051
-3.974305
3.966800
3.964577
-3.970561
-3.945079
3.955651
3.947822
-3.984912
-3.968216
-3.972082
-3.988291
3.964518
-3.960875
-3.992881
3.658783
3.977385
-3.981271
-3.985457
-3.987725
-3.987397
3.995020
-3.979740
-3.976644
-3.849721
-3.937666
-3.966025
-3.964723
3.980679
3.988795
-3.953848
3.965505
3.952814
-3.963652
3.981455
-3.981675
3.995782
3.976991
3.979647
-3.989131
-3.994120
3.963645
3.968364
-3.978260
-3.926927
3.994534
3.980622
-3.979733
3.983342
-3.982959
-3.991934
-3.966434
3.933618
-3.970727
-3.910892
-3.969545
3.970577
-3.988224
-3.993447
-3.949904
-3.959955
-3.980741
3.912802
3.941331
-3.965524
-3.968985
3.964584
-3.981050
3.632512
3.984729
3.962076
3.758505
-3.965903
-3.972862
-3.983799
-3.983902
-3.982721
3.930237
3.952604
3.964112
-3.627262
-3.965199
3.897920
3.955276
3.989768
3.960754
-3.975970
3.987612
3.991144
3.979356
3.980624
-3.966854
-3.970481
3.977800
3.957012
3.980008
-3.961219
-3.976314
0.993065
3.973612
-3.987144
-3.955267
-3.970829
-3.981284
3.956261
-3.981052
-3.980926
3.981703
-3.943736
3.957552
-3.972429
-3.975219
-3.762320
3.977093
3.971076
-3.948663
3.990029
-3.966493
-3.977397
3.992833
-3.978972
3.969030
3.110727
3.920288
3.972288
-3.982396
3.960144
-3.967801
-3.981321
-3.979233
3.980277
-3.958332
3.990251
3.970171
-3.966601
-3.957366
-3.988439
-3.814645
3.959360
-3.974281
-3.976748
2.424949
3.983569
3.986694
3.992971
3.994134
3.378415
-3.974455
3.939457
-3.963983
3.963510
-3.982899
-3.985856
-3.955446
3.965667
-3.981682
3.960547
3.988179
-3.985395
-3.992695
-3.969600
3.983132
-3.977748
3.955540
3.989578
-3.993803
-3.978305
3.990323
-3.970227
3.948895
3.986679
-3.982383
3.978183
-3.983078
-3.957667
3.965290
3.968139
3.917971
3.986118
-3.963370
-3.973459
-3.974403
3.969380
3.984660
3.972141
-3.987208
3.985789
3.944843
-3.975840
-3.977238
3.958879
3.958666
3.982001
3.982279
-3.935842
3.985530
-3.986925
-3.908038
-3.961395
3.985496
-3.994112
3.968020
3.970776
-3.988002
-3.912813
-3.960721
3.984756
3.968566
3.949889
3.981953
3.978927
3.962938
-3.954667
3.968999
3.961158
-3.957230
3.957172
3.955084
3.941979
-3.939772
3.908526
3.967265
3.954708
3.985101
3.987911
-3.983577
3.928059
3.911118
3.983604
3.992834
-3.971232
-3.981675
-3.987862
-3.958930
-3.987189
-3.985387
3.973861
-3.960345
-3.961888
3.959145
-3.991964
3.944865
3.977298
3.965313
-3.978939
-3.980463
-3.983653
-3.983962
-3.952530
3.955296
-3.989794
3.653803
3.987035
3.725020
3.926561
3.992357
-3.973686
3.958501
3.932645
3.988828
-3.973177
3.936012
-3.944259
-3.986581
-3.974685
-3.976313
3.979273
3.989339
3.981059
-3.985113
3.990275
-3.947691
-3.983249
-3.969215
3.979218
-3.884831
3.922349
-3.980594
-3.974787
3.921517
-3.981838
3.960729
3.981190
3.990923
-3.987699
3.980695
-3.987612
-3.950548
3.985948
3.946352
-3.943638
-3.975803
3.983440
3.984547
-3.980066
3.977769
-3.963867
-3.994777
3.973969
3.957380
3.988159
3.963482
-3.959884
-3.949779
3.982787
3.978145
-3.991010
-3.988077
-3.983734
3.968150
-3.992829
-3.965137
3.964203
-3.974487
3.968546
3.987455
-3.967282
3.984091
3.974211
3.981724
3.987464
-3.962405
3.980673
3.969523
3.956469
3.966054
-3.975179
3.978448
3.979625
3.968166
-3.990202
3.969622
3.963371
3.974484
-3.954776
3.984250
3.989636
3.981538
3.031759
3.940436
-3.987885
-3.987258
-3.988238
-3.972099
-3.987698
3.960855
-3.973728
-3.936930
-3.939516
-3.957225
-3.984990
-3.982790
-3.970132
-3.974477
3.983016
3.975158
3.965413
-3.968367
3.973497
-3.973548
3.957310
-3.985382
3.990714
3.971738
-3.985765
-3.329634
3.976541
3.956458
-3.972480
3.936754
3.990140
3.971834
-3.958459
3.983821
3.989854
3.969453
3.971357
3.858116
3.974509
3.972499
3.995027
-3.989188
3.966468
-3.986087
3.964909
-3.962778
3.955298
3.985972
3.950261
2.373275
3.967634
-3.978513
-3.971689
3.988734
-3.978700
3.968479
3.952133
-3.988975
3.989998
-3.927843
3.958303
3.964225
3.994078
-3.991578
-3.979263
-3.960407
-3.901968
-3.891726
-3.983960
3.961393
3.958057
-3.875948
-3.976235
3.901507
-3.960400
3.973075
-3.982666
-3.975510
3.978729
-3.956601
-3.971633
-3.971941
-3.925239
-3.902956
3.983058
3.985991
3.964217
3.981257
-3.959780
-3.989146
3.942153
-3.982500
-3.953137
-3.971426
3.975830
3.954542
-3.977899
-3.980552
3.970329
3.948904
3.988497
-3.981832
-3.979146
-3.956050
3.990638
3.976807
3.966699
-3.981973
3.970705
3.982225
-3.984225
3.979238
-3.974525
3.983375
3.983958
-3.955185
3.966124
-3.981933
-3.979052
-3.903950
3.969349
-3.993463
3.979402
-3.985850
3.943487
3.955124
-3.925526
3.981472
-3.975755
3.971986
-3.974700
-3.844173
3.981594
-3.976694
3.973731
3.992596
3.978382
-3.911640
3.953308
3.981645
3.984282
3.766477
3.979575
-3.979962
-3.981750
-3.987562
3.970232
-3.958976
3.977372
-3.987893
-3.977058
-3.986428
3.990671
-3.981761
-3.965086
3.988745
3.807848
3.903822
3.992915
3.887285
3.967336
-2.265582
-3.968986
3.901879
3.957549
3.986474
3.963936
-3.976171
3.957525
3.974029
3.977728
3.971821
3.991804
-3.985936
3.983196
3.987998
-3.975333
3.959103
-3.987999
3.951916
3.950347
3.986228
3.969677
3.979687
3.932709
-3.966401
3.963836
-3.988237
3.975620
3.989164
3.802517
3.984024
3.977565
-3.974424
-3.976432
3.981083
3.971455
-3.973236
-3.988571
-3.984174
3.953341
3.977560
3.972345
-3.969911
3.972663
3.974912
3.989736
3.987022
-3.956612
3.968133
3.962255
3.189155
3.982862
3.983949
3.942963
3.985835
3.989023
3.988849
3.978927
3.983838
3.983013
3.967381
-3.993812
3.938112
-3.986238
3.947626
3.981554
-3.990674
3.984601
3.987187
3.991994
3.978155
3.986312
3.715646
3.975098
3.974891
3.985803
-3.991039
-3.988872
3.971629
3.982744
-3.957989
3.932438
-3.958072
3.991368
-3.983397
-3.950845
-3.974484
-3.985830
-3.607290
3.987325
-3.989892
3.973112
3.988058
-3.985094
-3.980734
-3.925593
3.983885
-3.973047
3.642046
-3.983336
3.993245
-3.969401
-3.980448
3.975930
3.983606
-3.985536
3.993321
-3.953381
3.954261
3.974635
-3.985368
-3.961588
-3.103405
3.985926
-3.989845
3.980618
-3.987285
3.945599
-3.970950
-3.990535
3.878050
3.906594
3.951428
3.987789
3.976178
-3.972024
3.953611
3.986052
-3.957186
-3.972140
-3.985205
-3.974566
3.969018
-3.971526
-3.986249
-3.973964
3.963587
3.990474
-3.982542
-3.986465
-3.992474
3.975875
-3.986025
-3.975977
-3.982323
-3.984524
3.989924
-3.978771
-3.979197
-3.953456
3.996216
3.991984
-3.988171
-3.979692
3.976696
3.967070
3.959988
3.924510
3.967006
3.975932
3.993391
3.984138
3.578994
3.968472
3.980527
-3.968523
3.942700
3.968392
-3.886426
3.988712
-3.970462
3.982610
-3.951915
-3.987270
3.981148
3.981234
3.958170
3.980910
-3.985901
-3.882220
3.986197
3.972556
-3.980190
3.989637
-3.969013
3.963533
-3.994599
3.974787
-3.959043
3.980704
-3.967945
3.974727
-3.964967
3.979731
3.965439
-3.991056
-3.979060
-3.966225
-3.984182
3.981869
-3.988764
-3.913645
-3.981478
-3.974737
-3.992966
3.979638
3.991751
-3.990956
3.917443
-3.984306
-3.970799
-3.982870
-3.960822
-3.970826
-3.994651
-2.909441
-3.964384
-3.961875
-3.963507
3.816929
3.975218
-3.975495
3.988682
3.947046
-3.977512
-3.883642
-3.978285
-3.979119
3.973716
-3.986499
3.932561
3.983912
3.983979
-3.986925
-3.984246
3.972735
-3.985989
3.950748
-3.964316
3.970163
-3.979938
3.977340
3.894164
-3.976925
-3.985075
3.970942
-3.976837
-3.985045
3.981003
-3.929874
3.980253
-3.977379
3.984458
-3.979965
-1.114797
3.932385
-3.925413
-3.980842
3.979646
3.666101
3.904131
3.965013
3.989508
3.983371
-3.966842
3.957511
-3.889584
-3.983812
-3.945861
-3.990174
-3.979714
3.977587
3.902832
3.973023
3.976614
3.980710
3.973695
-3.988602
-3.857276
3.969587
-3.978063
3.970850
-3.989769
3.951990
-3.991287
3.983080
3.960402
-3.974005
-3.978516
3.984888
-3.939604
-3.975452
3.958569
3.973653
3.976003
-3.986585
-3.989837
3.974074
-3.974123
-3.992766
3.988529
-3.989080
3.987092
-3.963627
3.947064
-3.980221
-3.966722
-3.664213
3.976053
3.912051
-3.975822
-3.943958
3.968486
3.992364
-3.975821
-3.992776
-3.921287
-3.980623
3.962678
-3.994011
-3.988520
3.968479
3.984778
3.792055
3.953693
3.974695
-3.975337
-3.961441
3.937669
-3.992049
-3.973490
-3.978078
-3.981446
-3.987957
-3.981959
3.973152
-3.979321
-3.965848
3.985379
-3.993427
-3.955194
3.955434
-3.960265
-3.970157
3.979506
-3.984055
3.992564
3.988734
-3.967746
3.989261
-3.977930
3.988040
-3.964877
3.984794
-3.966424
3.982167
-3.982117
3.962854
-3.986070
3.988029
-3.965391
3.985137
-3.985966
3.969839
3.953692
-3.961496
3.974795
-3.983247
3.978012
3.979929
-3.993524
-3.950874
3.976435
3.957555
-3.989685
3.981855
3.965843
3.965231
3.986806
3.017556
3.953881
3.543357
3.982921
-3.960029
-3.963057
-3.969112
-3.969647
-3.974275
-3.978664
3.980901
-3.982903
3.977753
-3.979607
3.982684
-3.960817
3.984089
3.980866
3.332697
3.907935
3.966360
-3.941760
-3.961712
-3.982476
3.985187
-3.986406
-3.985171
-3.995247
3.950346
-3.990445
-3.956941
3.990068
3.995118
3.961982
-3.973848
3.938740
-3.986707
3.741045
-3.956560
-3.978002
-3.989838
-3.945031
-3.962956
-3.922158
3.980256
3.981798
3.979715
3.984828
-3.928608
3.987341
-3.982011
-3.981293
-3.987360
-3.838304
-3.973081
-3.869557
3.990983
-3.962805
3.978436
-3.900521
-3.981174
3.977669
3.771706
3.852398
3.874684
3.991198
3.975474
-3.953956
-3.973710
-3.972267
3.977997
3.966796
-3.981990
3.977978
3.993696
-3.955088
-3.992060
3.972924
3.736383
3.973487
3.988319
3.992932
-3.982626
-3.984332
-3.989378
-3.966111
3.982330
-3.984934
3.977802
3.962454
-3.976855
-3.981905
3.970794
3.987369
3.983584
-3.979115
3.984915
-3.944037
-3.970193
-3.988482
-3.891719
-3.994875
3.990204
-3.975084
-3.985784
-3.963349
3.962465
3.977193
3.983704
3.962089
-3.961732
3.947649
-3.981392
-3.982844
-3.982321
-3.958235
3.896700
-3.980958
3.988773
3.986746
3.948648
-3.989813
-3.976456
-3.952664
-3.937830
-3.958413
-3.979591
-3.989384
-3.962547
-3.814833
3.965596
-3.993302
3.987949
-3.976032
3.983892
-3.970056
-3.975762
3.944015
-3.967643
-3.983226
3.974473
-3.947505
-3.983363
-3.979319
-3.978105
-3.975524
-3.981343
-3.965599
2.010493
3.976980
-3.872493
-3.977941
3.917500
-3.976609
-3.973257
3.982123
3.981682
3.906743
3.988829
3.986816
3.986784
-3.945474
3.966942
-3.950604
-3.964347
3.966794
3.977139
-3.969077
3.990256
3.971263
-3.976794
-3.971641
-3.982110
3.968983
-3.973277
3.962246
3.993984
3.956171
-3.946714
3.973585
-3.976195
-3.963009
-3.969975
-3.957636
3.979614
-3.987553
3.979753
-3.962765
3.987053
3.981259
-3.980929
-3.959471
-3.945706
-3.084640
-3.962861
3.959149
3.974072
-3.956606
3.983632
3.658884
-3.992724
3.962987
-3.965097
3.951390
3.967140
3.962503
-3.969053
-3.983308
3.985216
-3.928170
3.991528
-3.978000
-3.975341
3.947230
-3.947909
-3.977462
-3.972358
-3.975724
-3.955631
-3.986811
3.973992
3.595698
-3.982355
-3.988583
-3.980393
3.979876
-3.992408
-3.966372
3.986768
3.963456
3.979343
-3.982351
3.961511
-3.982872
-3.975828
3.977959
-3.926778
-3.931970
-3.926121
-3.946437
-3.951652
3.989380
3.994943
3.866002
-3.992835
3.669461
3.876421
3.990872
-3.965847
3.960760
3.966150
3.973947
-3.978729
-3.983130
-3.972719
-3.982240
-3.972462
3.964374
3.981428
-3.988827
-3.981830
-3.965241
-3.989282
3.977002
3.887938
-3.976794
3.992135
3.911296
-3.963484
3.984389
-3.961482
3.985864
3.985201
-3.981599
3.991934
-3.973465
-3.983383
3.941099
-3.966955
2.661189
-3.976089
-3.974414
3.972147
3.522007
-3.778201
3.965710
-3.986267
3.975372
-3.985957
-3.970289
-3.991886
3.640185
-3.970039
3.980590
-3.995900
-3.985667
-3.988446
3.958897
3.984406
-3.976470
3.980221
3.984076
-3.986500
3.926618
2.751264
3.949073
-3.969442
-3.974708
3.972727
-2.596344
-3.967034
-3.978001
3.980599
-3.966663
-3.990522
3.965482
3.966094
3.984065
3.964779
3.531364
3.836568
3.949135
-3.978342
-3.969855
-3.942578
-3.981208
-3.952374
-2.812334
3.817627
-3.973896
3.926008
3.963437
3.989106
-3.982160
3.971472
-3.985922
3.966303
-3.982307
3.962592
-3.980681
-3.954835
-3.983543
-3.971231
-3.954086
-3.979182
3.960366
3.990812
-3.983863
-3.902270
-3.969909
3.982693
-3.983355
3.988233
3.895334
3.966112
-3.993907
3.973886
3.971736
-3.960863
-3.982323
3.858331
-3.974546
-3.963473
-3.969918
-3.962510
-3.965062
3.986823
3.985954
3.983668
3.963350
3.961709
-3.977860
3.967018
3.962644
3.982428
-3.976139
3.988557
3.959383
3.993382
-3.979364
-3.976378
-3.994761
-3.964495
-3.991987
-3.970159
-3.903634
-3.974317
-3.982773
-3.978513
-3.932711
-3.975786
-3.971231
3.978876
-3.986689
3.964040
3.925871
3.953056
3.958572
-3.979921
-3.949951
3.977117
3.995017
-3.966127
-3.985393
3.976254
3.989533
-3.942221
3.973562
3.953798
-3.978811
-3.972767
-3.992454
3.984666
3.899291
3.947708
-3.978224
3.977322
3.990885
3.960970
-3.987402
-3.980473
3.988371
3.959675
3.979066
-3.993644
-3.964209
-3.954468
-3.983551
3.962568
3.969405
3.985532
-3.984668
3.935426
3.972346
-3.922465
3.988941
-3.968885
3.987917
3.987967
-3.991695
-3.961740
3.984296
-3.965010
-3.962236
-3.992395
3.987939
3.962640
3.981784
-3.953467
-3.796010
3.983924
-3.944602
-3.952188
-3.963704
-3.973272
3.988243
-3.987309
3.970039
3.983937
-3.987135
-3.973365
3.980062
3.985567
3.976505
-3.981844
-3.941594
3.980018
3.963342
3.979052
3.990583
3.959923
3.988589
3.942991
-3.984433
3.986354
3.974170
-3.975072
3.966819
3.992124
-3.974895
3.982228
3.991693
-3.958716
-3.984355
3.951449
3.988565
3.972686
3.951058
3.964010
-3.980294
-3.918581
-3.986578
3.981505
-3.978292
-3.987014
3.994159
3.959294
-3.938004
3.979122
-3.988290
3.988163
3.985146
-3.979055
-3.972510
3.986754
-3.962915
-3.977738
3.971058
-3.977422
3.985969
3.957642
-3.981681
-3.975982
3.955928
3.981180
-3.993022
-3.983419
-3.974550
3.977512
-3.986600
-3.977425
-3.985648
-3.973820
3.977741
3.939452
3.978811
-3.873097
3.986580
-3.978989
3.989688
3.955352
3.966102
3.951535
3.985947
3.977265
-3.973151
-1.047372
3.981645
-3.966376
-3.941058
3.984906
-3.970623
-3.985777
-3.938862
-3.898249
-3.992378
-3.977018
3.980917
-3.981789
-3.954695
3.970849
-3.977783
-3.976253
3.953311
3.960238
-3.965020
3.974884
3.945374
-3.983341
-3.968010
3.964605
3.984438
3.962636
3.970566
-3.962856
-3.967130
-3.981876
3.974852
3.986021
-3.981904
3.989160
3.987772
3.992310
-3.982712
3.983395
3.961044
3.900550
3.964739
3.987679
3.988851
-3.963055
-3.940305
-3.938112
3.967411
-3.980730
3.959337
3.990892
-3.982995
-3.954881
-3.969877
-3.986096
-3.964258
3.922090
-3.942377
-3.987013
-3.978266
-3.983805
-3.934013
3.969140
3.972039
-3.962653
-3.991454
3.941637
-3.958538
3.993540
3.990718
-3.993772
3.982104
3.976746
-3.982074
-3.993898
3.862664
3.973495
3.983327
3.984973
3.965830
3.985739
-3.974883
3.935918
-3.983055
3.984151
3.985711
-3.967245
-3.963377
-3.959350
-3.937152
3.974832
3.994070
3.947458
3.986236
3.972012
-3.987363
-3.967454
-3.970349
-3.975968
-3.975491
-3.990458
-3.989163
-3.975006
-3.955135
-3.989058
3.987146
-3.965649
3.980280
-3.985834
3.988353
3.982371
-3.970353
3.933520
-3.978258
3.966108
3.957142
-3.979185
-3.955774
-3.975022
3.901620
3.976501
-3.966912
3.982113
3.983695
3.944730
3.961817
3.980258
3.915278
-3.994673
-3.974511
-3.963393
-3.973154
3.984062
-3.983657
3.955572
3.964213
-3.979628
3.981675
-3.984239
-3.980217
-3.983126
3.977851
3.932680
-3.992626
3.967493
-3.967403
3.993864
-3.965446
3.962999
3.864875
-3.973301
-3.969417
-3.980207
3.991822
3.983074
-3.982040
-3.980675
-3.964354
3.947590
-3.980779
3.985064
-3.922623
-3.976157
-3.979015
-3.941296
3.964772
-3.984302
3.978889
-3.993227
3.942555
3.710505
3.969051
3.948564
-3.945542
3.055883
-3.981135
-3.982030
3.982763
-3.953988
3.966027
-3.989045
-3.982171
3.984642
3.978981
-3.961485
3.810683
-3.991831
-3.957541
-3.988052
-3.984499
3.974280
-3.956644
-3.983159
3.983227
3.863027
3.985211
-3.982726
-3.976105
3.986642
3.989768
3.986170
-3.980879
-3.966271
3.914688
-3.979434
3.990843
-3.985333
-3.972052
3.960901
-3.973207
3.993590
-3.951651
-3.972774
3.972344
3.977122
3.983184
-3.961812
-3.974541
3.971463
3.988427
3.965795
-3.968051
-3.981845
3.982980
-3.986440
3.977922
-3.962266
3.973931
-3.972433
-3.952854
3.984199
-3.944349
3.967643
-3.989000
-3.984027
-3.976244
3.954665
-3.975617
3.969497
3.992400
3.974343
3.986051
-3.988588
-3.955211
-3.976508
3.981743
3.994324
3.977569
-3.981798
-3.838697
3.971244
3.992066
3.952789
3.957203
-3.982898
3.972347
-3.989184
3.972103
3.987431
-3.953555
3.966589
-3.989422
3.967207
-3.984742
3.940085
3.975138
3.984502
-3.960483
-3.964975
3.976135
3.965398
-3.985253
-3.984226
-3.990091
3.990745
3.964973
-3.977688
3.970971
3.969041
-3.922732
-3.975754
-3.942728
-3.988854
3.984632
-3.939182
3.975758
-3.965489
3.972274
3.673235
-3.977987
-3.960112
-3.971943
3.973846
-3.962746
3.937601
-3.977658
-3.969953
3.985076
-3.974612
3.938978
3.969653
-3.197717
-3.966769
3.967657
-3.977805
-3.978479
-3.959036
3.987551
3.972574
3.975058
-3.982117
3.972912
3.976830
-3.967915
3.959067
-3.986506
3.965411
3.959354
3.919482
3.974237
-3.950947
-3.963055
-3.975165
3.951293
-2.062819
3.966568
-3.961634
3.990450
3.980733
3.962599
-3.985877
-3.983216
3.974815
-3.981049
3.962996
-3.973480
3.962836
3.981662
-3.925244
3.961325
3.983181
3.955196
-3.993929
3.975273
-3.955736
-3.964869
3.947982
3.964170
3.984934
3.987813
-3.970859
3.983958
-3.987632
3.988372
-3.984922
-3.979808
3.956843
-3.985926
-3.971564
3.992470
3.975115
-3.984496
-3.988380
-3.952087
-3.986163
3.995177
-3.970490
-3.974569
-3.967590
-3.976813
-3.980051
3.986747
-3.991542
3.979069
-3.974938
-3.969838
3.964650
-3.983029
-3.971595
3.966984
3.948447
3.950181
3.968584
3.976151
-3.986026
-3.985124
-3.954458
-3.966232
-3.989189
3.984175
-3.971126
-3.992484
3.966169
-3.991985
-3.989831
-3.981903
-3.979727
-3.990885
-3.980350
3.968413
3.964442
3.991073
-3.989437
3.771186
-3.976062
3.934059
3.939923
-3.995221
3.974764
3.962332
-3.952247
-3.967552
3.980947
3.981588
-3.989461
3.972584
-3.956906
3.693174
-3.983351
3.986428
3.971574
3.974149
3.504765
-3.123395
-3.977313
3.967273
-3.979191
3.971001
3.975940
-3.963519
-3.991323
-3.980939
-3.985681
3.969084
3.978810
-3.972464
-3.985452
3.981137
-3.964879
3.952744
-3.970248
3.981358
3.932907
3.966045
3.966854
-3.906638
3.973532
3.920390
-3.981257
3.978983
-3.965727
-3.844464
-3.970780
-3.980562
3.989764
3.978905
-3.903150
-3.969004
3.969811
-3.974278
3.984939
-3.893054
3.964781
-3.989341
-3.971604
-3.930472
-3.986130
3.899838
-3.968559
3.980430
-3.985305
-3.946340
-3.989167
3.965335
3.988421
-3.977327
-3.988905
3.982631
-3.925472
-3.983452
-3.990025
-3.966868
-3.989492
-3.963821
-3.928514
-3.938605
3.987981
3.971125
-3.959851
3.968449
-3.987982
-3.984643
-3.965669
3.626270
-3.942418
3.987972
3.986787
3.980362
-3.960704
-3.952698
-3.942070
-3.856516
-3.973881
3.981084
3.987866
-3.991451
3.991994
3.983625
3.967128
-3.986416
-3.987197
3.989471
3.981234
3.982634
3.969616
-3.985673
-3.868560
-3.988565
3.980749
3.990328
3.990461
-3.992642
-3.978302
3.962896
-3.928271
3.993791
-3.980357
-3.982314
-3.975748
3.978764
3.985958
-3.977820
3.969409
-3.977822
3.988962
3.976552
-3.937682
3.992033
3.991258
-3.887989
-3.977038
-3.963485
3.960993
-3.974763
3.980012
-3.990611
-3.983268
-3.975090
3.967280
-3.974637
-3.721851
-3.972697
3.946898
-3.995185
-3.965672
3.963795
3.983076
-3.980357
3.416127
-3.985142
3.992299
3.985264
-3.986612
3.964949
3.989926
-3.988534
3.953662
3.992102
-3.966157
3.940449
-3.977082
3.970042
-3.956616
-3.062735
-3.976990
-3.956631
-3.975022
3.947558
-3.979996
3.993813
3.977115
-3.993311
3.973005
3.993888
3.984880
-3.988731
3.882862
-3.978955
3.910658
3.989292
-3.978013
-3.971780
3.973763
3.985967
-3.976644
3.978841
3.972888
-3.963207
-3.992499
3.990633
3.958756
3.978260
-3.986139
3.983656
-3.979220
-3.984947
3.982812
-3.984960
-3.977763
3.979233
3.971128
3.968397
3.981200
-3.993084
3.988185
-3.986581
-3.922275
3.986343
-3.976782
3.958728
-3.973461
-3.962636
-3.982769
3.968235
3.972344
3.968738
-3.979636
-3.976121
-3.990192
-3.992245
-3.911719
3.127090
3.985536
3.971702
-3.961551
3.957792
3.952861
-3.973037
-3.992478
3.962753
-3.984653
-3.987524
3.982725
3.971580
3.949106
3.959152
3.971053
3.976860
3.987290
-3.746415
3.977098
3.980550
3.908285
-3.982572
-3.983667
3.949342
3.970638
-3.976787
3.986792
3.978975
3.989879
3.979542
3.955478
3.971678
-3.958010
3.950901
3.960270
3.979108
3.979410
3.952466
3.984065
-3.987701
-3.982172
3.981319
-3.945509
-3.992871
-3.979729
-3.955804
3.972649
-3.966387
3.825167
-3.981698
-3.899331
-3.977278
-3.979118
3.983280
3.941389
3.933535
-3.978537
3.959167
3.979701
-3.988156
3.984813
3.974632
3.951574
3.970071
3.769820
-3.792567
-3.970977
-3.988313
-3.979742
3.989233
3.979319
3.990249
3.986874
-3.851109
-3.947350
3.976679
-3.982659
-3.987844
-3.975375
-3.940660
3.988668
-3.976967
3.981625
-3.872084
-3.977699
-3.990929
3.993295
-3.982247
-3.973237
-3.967739
-3.970520
3.982725
3.974960
-3.981595
3.967994
-3.969109
3.967249
3.973004
3.969063
-3.979356
3.961233
-3.987263
-3.971903
3.970174
-3.989721
3.972188
3.969023
-3.962521
3.988138
-3.972021
-3.990265
-3.972369
3.983161
-3.977453
3.956982
3.971095
-3.992377
-3.976146
3.976604
3.966955
-3.993811
3.983417
3.982215
-3.985438
3.950467
-2.734656
3.982880
-3.974579
3.811172
3.946697
3.979744
3.983954
-3.951432
-3.990743
3.970427
3.951044
3.981077
-3.928874
3.972035
3.938821
3.985916
-3.950982
-3.984669
3.978956
-3.973263
-3.954697
-3.972427
-3.224089
-3.977329
-3.982120
-3.972245
-3.976957
3.969582
-3.989601
3.971283
-3.976152
3.968844
-3.976513
-3.977626
-3.991809
-3.948124
-3.981213
-3.907637
3.965421
3.957197
-3.962672
3.964277
-3.982972
3.962265
-3.975222
-3.980508
-3.725476
-3.987842
-3.222596
3.988800
-3.979479
-3.964864
3.969771
3.969318
3.978559
-3.989096
3.968740
3.942769
3.973104
-3.969176
-3.985114
-3.987026
-3.988100
-3.972384
3.981975
3.986406
3.977861
3.972320
3.948230
3.974454
-3.981433
-3.987317
-3.877195
-3.897458
-3.994389
-3.965681
3.987361
-3.956282
-3.988952
-3.931620
3.967488
-3.963214
3.965758
-3.970084
-3.905857
-3.974427
3.986828
-3.958820
-3.980752
-3.982493
3.988895
3.967809
3.960300
3.453064
-3.975296
3.992527
3.954238
3.963253
-3.978054
-3.933914
-3.974222
-3.985988
3.994625
-3.971003
-3.980516
-3.960197
3.965823
3.986174
-3.981606
-3.972063
-3.976765
3.964574
-3.978647
3.989285
3.967627
-3.978783
3.981540
-3.963417
-3.986437
3.951473
3.970310
-3.974337
3.978806
3.943835
3.974208
-3.975114
-3.967320
-3.930324
3.992547
3.988154
-3.936884
-3.973955
3.987971
3.994033
3.975988
-3.969689
3.967978
-3.977626
3.986128
3.989041
-3.992110
3.925240
-3.962269
-3.961895
3.929685
3.981791
-3.972753
-3.976350
-2.964275
-3.977035
3.964767
-3.987099
3.969615
3.983756
-3.973041
-3.913068
-3.954967
3.980534
-3.978942
3.826453
3.968822
3.980632
3.961668
-3.971108
-3.963857
-3.983033
-3.980186
3.976865
-3.966222
-3.870287
-3.977530
-3.992147
3.977044
3.959246
-3.983187
3.988015
3.957888
3.987939
3.979616
-3.968344
3.943783
-3.953904
-3.977744
-3.959628
-3.976514
3.984787
3.981915
3.522758
3.978272
3.987639
-3.979915
-3.992132
-3.944852
-3.966724
3.980121
3.968024
-3.952075
3.986267
3.968848
-3.978709
-3.987112
-3.965285
-3.991540
3.942490
-3.990522
3.986051
3.935721
3.979279
3.963645
3.988644
-3.961538
-3.991402
3.976586
3.930665
-3.975562
-3.975974
-3.970437
3.962089
3.946689
-3.990686
3.977998
3.995775
-3.991623
-3.971919
-3.961929
3.968849
-3.967131
-3.968931
3.960589
3.988659
3.925514
3.958248
3.725602
-3.974194
3.961439
-3.987928
-3.977301
3.992006
-3.954178
-3.846097
3.988339
-3.980153
-3.991974
3.948938
-3.989982
-3.983979
-3.981314
-3.969668
-3.983849
-3.974264
3.969484
-3.988392
-3.959237
3.986066
-3.981770
3.949974
3.945316
3.959913
-3.972641
3.903678
3.990764
-3.988071
3.986041
3.970109
3.979968
3.989627
3.987648
-3.983731
-3.957484
-3.993191
3.963321
-3.965104
-3.972784
-3.977414
3.976410
-3.967656
3.963684
-3.976841
-3.958391
-3.991182
-3.970486
3.950463
3.989339
-3.218427
3.991501
-3.199995
-3.980848
-3.980657
-3.969535
3.976311
3.979334
-3.980066
-3.974535
-3.851089
3.477191
3.972123
-3.990825
3.973041
3.873824
-3.938358
3.977847
3.980260
3.964089
-3.982870
-3.977683
-3.981549
3.872532
-3.940744
-3.971106
-3.969560
3.881083
-3.970473
-3.632642
3.975402
-3.991123
3.881091
3.950984
3.938523
3.987541
3.970986
3.963506
3.987063
3.968446
3.962258
-3.981743
3.992431
-3.908545
2.955282
3.981463
3.969620
-3.985444
3.978635
-3.985841
-3.972711
-3.966377
-3.989180
-3.791534
3.973038
3.957314
-3.985400
-3.980444
3.975713
-3.889934
3.964369
-3.965566
3.994644
3.619811
3.985661
-3.975793
3.983719
-3.959090
-3.982245
3.991995
3.976199
-3.878986
3.963972
3.966995
3.982762
3.979047
-3.948021
3.975189
3.991008
3.992339
-3.983408
-3.990927
3.966574
3.547043
-3.964194
-3.972773
-3.994683
-3.990416
3.952612
-3.953355
-3.978614
3.963633
-3.966450
-3.967748
3.994673
-3.966762
3.968071
3.962553
-3.991973
-3.960155
-3.981710
-3.987661
-3.820456
-3.990014
-3.969637
-3.983685
-3.985787
-3.970896
-3.970897
3.993573
-3.978447
-3.985409
3.976536
3.966371
3.967210
-3.962481
3.967643
3.962389
-3.972578
3.914190
3.978706
-3.993420
3.962492
-3.953662
-3.976129
3.952738
-3.968942
3.206491
-3.981152
-3.922963
3.778225
-3.963320
-3.986726
-3.976206
3.991058
-3.975425
3.968656
3.972875
3.935750
-3.965409
-3.976521
3.973241
3.983947
3.955494
3.946354
-3.977190
3.951872
-3.987576
3.974710
-3.971915
3.980722
3.957551
3.955131
-3.981143
-3.953995
3.981462
-3.986489
-3.965311
-3.973106
3.969189
-3.971613
-3.974504
3.972322
3.922946
-3.979806
-3.958112
-3.983905
3.988762
-3.976604
-3.957924
-3.981113
3.974687
3.975702
-3.971180
-3.987873
3.971055
-3.973720
-3.939644
3.983339
-3.956606
-3.992547
-3.972421
-3.981196
3.960589
-3.979800
-3.986844
3.959955
3.972184
3.988897
3.975189
-3.961041
3.977597
3.873019
3.925116
3.985813
3.991249
-3.975555
-3.974062
-3.975301
3.909879
-3.974732
-3.967625
3.988627
3.964739
-3.983910
-3.821966
-3.967440
3.992411
-3.970865
-3.992916
-3.966301
3.985696
3.983515
3.972838
3.968998
3.964627
3.990767
-3.983316
3.958451
3.182626
-2.337082
-3.995100
3.948269
3.975217
-3.964836
-3.989392
-2.680008
-3.970309
3.885266
-3.990405
3.982607
3.983302
-3.980858
3.983037
-3.980953
-3.983826
3.922413
3.982987
-3.978433
3.985238
2.304567
-3.978293
-3.989590
-3.940472
-3.987057
3.974763
-3.975202
3.989340
-3.987455
-3.976549
-3.989132
3.987824
3.942033
3.988601
3.945010
3.974201
3.979456
3.985605
-3.954696
3.921145
-3.970393
-3.967498
-3.978427
-3.905437
3.987652
-3.979358
3.987547
3.881160
3.946730
3.971276
-3.959382
-3.978942
-3.971803
3.973430
3.975633
-3.991910
-3.992176
-3.954342
-3.974765
-3.959590
-3.963183
3.976210
-3.946258
3.988876
3.986491
-3.987372
3.980901
3.982489
-3.942699
3.952440
3.953930
3.969070
3.960212
3.943056
3.990592
-3.882628
-3.958019
3.972689
-3.990633
-3.979188
-3.970220
-3.923867
3.995638
3.936062
-3.967040
3.982642
-3.962547
3.982720
-3.981407
-3.985022
-3.954832
-3.979539
-3.928682
3.993049
-3.988625
3.976723
-3.982028
-3.969689
-3.973917
3.968748
-3.975164
3.977718
-3.973739
-3.991941
-3.981434
-3.968865
-3.935415
3.981192
3.975324
3.972834
-3.981181
-3.991887
3.982334
3.974383
-3.964376
3.985179
-3.972935
-3.977180
-3.988881
-3.982729
-3.977214
-3.977508
-3.747540
-3.984738
-3.975243
-3.967544
-3.982465
3.965308
3.968310
-3.893686
-3.978737
-3.671670
3.976089
3.987084
-3.975243
-3.951927
3.962430
-3.980632
3.975014
3.969694
-3.987441
-3.980976
-3.985615
-3.973276
3.968478
-3.995407
-3.968117
-3.979948
3.984614
-3.981325
-3.949339
-3.977117
3.976163
-3.951467
-3.362410
-3.977218
3.961931
-3.980213
3.985402
3.967400
-3.988033
3.992616
-3.962473
-3.916596
3.987828
3.984967
-3.976748
3.976579
-3.991030
-3.970484
-3.933545
3.974838
3.956462
-3.980334
3.971170
-3.959336
3.985797
3.974795
-3.990515
3.962728
3.858770
-3.643510
-3.969593
-3.980134
3.984104
3.961931
3.959734
-3.972167
3.986999
3.984225
-3.965436
3.988003
3.974551
3.981857
3.967820
-3.933860
-3.969825
-3.984984
3.992822
3.951244
3.984559
-3.774217
3.994699
3.947265
-3.985126
-3.778435
3.985339
3.991078
3.979809
3.965528
-3.936816
-3.981378
-3.971733
-3.975635
-2.392057
-3.994182
-3.918959
3.975216
-3.984767
-3.971178
3.933677
3.987344
-3.932736
3.897741
3.952925
-3.987999
3.980712
-3.961287
3.975931
-3.983471
3.981915
-3.992694
-3.762095
-3.976014
3.984330
3.988164
-3.896832
3.982862
3.976311
3.984625
-3.956311
-3.991260
3.983582
3.965783
3.992201
-3.956965
3.994595
3.977140
-3.815507
-3.953230
3.980857
-3.939023
3.985507
3.961949
-3.972610
-3.984813
-3.987455
-3.968489
-3.971198
-3.960297
3.987688
3.963799
-3.950947
-3.981600
3.956196
3.982226
3.954313
-3.971180
3.968696
3.981510
-3.982654
3.965311
3.955971
3.983179
3.940869
-3.983003
-3.990506
-3.951226
-3.905009
-3.984707
3.980969
3.987472
-3.953037
-3.973658
3.984615
3.960211
-3.990366
3.985329
3.954892
-3.965582
3.994003
-3.937313
3.985879
-3.974992
-3.983751
3.977512
-3.984408
-3.988262
-3.987928
3.983193
3.975826
-3.908294
-3.932672
3.971690
-3.944016
3.976385
3.982232
-3.975464
-3.958101
-3.990655
3.976003
3.964286
3.969744
3.984217
-3.951588
3.939020
3.980637
-3.963890
-3.992686
-3.895880
3.966167
-3.939125
-3.981830
3.966622
-3.967120
3.953189
-3.979393
3.990300
3.978819
3.986211
-3.989392
-3.964667
-3.983529
-3.994445
3.984987
3.971214
-3.986600
-3.960875
3.987116
3.987424
3.971232
3.973592
-3.972341
3.969766
3.980741
-3.979043
3.983408
3.963570
-3.966192
3.897371
3.787043
-3.985609
-3.962414
-3.946097
-3.992077
3.969955
-3.971655
-3.956967
3.990377
3.963212
-3.967186
3.986796
-3.975451
3.978311
3.963020
3.936204
3.918960
-3.980196
-3.950357
-3.983613
3.922943
3.970292
-3.988199
-3.964640
3.975511
3.989789
-3.984680
-3.987188
-3.913637
-3.966779
-3.983939
-3.975330
-3.971259
3.949571
3.831728
-3.977798
-3.954619
3.987332
3.907196
-3.975397
-3.962801
3.991135
-3.448397
3.984480
3.973984
-3.974122
-3.861650
3.964443
-3.982802
-3.984892
-2.307306
-3.928649
-3.967725
-3.957243
-3.979763
3.980437
3.992467
3.953786
3.936927
-3.920847
-3.976638
3.976415
3.974514
3.978725
3.921168
-3.986644
3.971059
3.985289
3.960638
-3.977817
3.960870
-3.980741
-3.965185
-3.974206
-3.978360
-3.975825
-3.978635
3.942587
-3.992702
-3.975749
3.964721
-3.960975
-3.975722
-3.971264
3.971829
-3.945854
-3.984882
3.914766
-3.995377
-3.991054
-3.965044
-3.982040
-3.968780
3.976496
-3.957041
-3.974861
3.958507
-3.975915
-3.989316
-3.961640
-3.964027
3.980362
-3.991573
3.951016
-3.991793
3.984966
3.972853
-3.967115
3.986889
-3.966109
3.954681
3.914419
3.984761
3.993096
3.963684
-3.975382
3.890397
3.966832
-3.891886
-3.974414
3.976701
3.983634
3.972725
3.957525
3.975365
3.857829
-3.993585
3.980186
3.957485
-3.965110
-3.978473
3.993735
-3.589727
3.988735
-3.964413
-3.954817
-3.971426
3.983579
3.984070
-3.638714
-3.981517
3.981350
3.941353
3.986005
3.904302
3.987902
3.976754
3.976226
-3.873841
-3.976450
-3.990820
-3.989788
3.978700
-3.977464
3.977156
3.983974
-3.971870
-3.959637
3.985690
3.975596
3.985085
3.975258
3.971855
3.966907
-3.994091
-3.976586
3.984598
3.948041
-3.938166
-3.979075
3.989661
-3.971576
3.990625
-3.955323
3.963909
3.955323
-3.968252
3.983684
-3.852779
3.974539
-3.988139
3.973575
-3.939450
3.984081
-3.973649
-3.991315
3.973628
3.983949
-3.991895
-3.963384
-3.957160
3.975509
-3.971826
3.971666
-3.966140
-3.650683
-3.963627
3.955020
3.970742
-3.991072
-3.968645
-3.978974
3.992866
3.993935
-3.954991
-3.338536
3.936479
-2.627827
-3.979146
3.965698
3.967892
-3.987084
3.984368
3.976695
-3.971283
-3.975076
3.981393
3.991640
-3.973840
3.977375
-3.963062
-3.968819
-3.968535
-3.889975
3.977820
-3.966742
3.979694
-3.973551
3.982951
-3.986554
3.975308
3.953672
3.982893
-3.963063
-3.964428
3.986245
-3.972474
3.904515
-3.983787
3.977174
3.978765
-3.981744
-3.979139
-3.989465
3.931604
-3.817552
-3.952938
-3.632471
-3.986140
3.969958
-3.985580
-3.978345
-3.963229
3.970480
-3.982464
-3.983568
-3.944846
3.933745
3.979918
-3.974265
-3.969026
-3.986473
3.979789
-3.989784
3.963887
3.954226
3.979407
3.942102
3.977651
-3.979711
-3.917219
-3.978450
3.955105
3.987747
-3.954572
-3.987571
3.986555
-3.975727
-3.992642
-3.975708
3.968834
-3.979722
-3.970525
3.971581
-3.983531
-3.966164
-3.990285
3.989208
3.948814
3.970441
3.958848
2.534951
-3.994072
3.941028
-3.972759
3.955228
-3.983853
3.948968
3.973329
-3.953876
-3.980971
-3.974033
3.970904
-3.984881
-3.982937
3.960242
3.962886
3.975456
3.979955
3.958052
3.984638
3.967710
-3.976146
3.987252
-3.976307
-3.970745
-3.952986
3.986007
3.919938
-3.979531
-3.959164
-3.964317
-3.992153
3.960933
3.990490
-3.988548
-3.972547
-3.988997
3.982911
-3.966196
3.994563
-3.974574
3.943034
3.955027
-3.979803
3.972260
3.948594
-3.994882
-3.969961
3.965980
-3.947742
-3.991687
-3.938488
3.974665
-3.984331
3.941468
-3.971905
3.976572
-3.976794
-3.973057
3.958528
3.988890
-3.979723
-3.988254
-3.963642
-3.931777
3.962737
-3.981469
3.954700
3.942600
-3.991737
-3.967392
3.967804
-3.963132
-3.985746
-3.986016
3.973480
3.931756
3.985992
-3.690978
-3.986042
-3.988657
-3.959599
-3.972093
3.896480
-3.949185
3.973988
3.974681
-3.989795
3.979075
-3.965113
3.944905
3.986765
-3.981715
-3.982618
3.989547
3.991911
-3.990610
3.992490
-3.990439
3.964699
-3.987065
3.969802
-3.955306
3.978069
3.971257
3.948460
-3.977041
3.975756
3.990738
-3.974982
-3.980563
3.979488
-3.988449
3.993091
-3.983981
-3.275255
3.973814
-3.991969
-3.978426
-3.985519
-3.980946
3.948992
3.952421
-3.975869
3.950842
3.988941
-3.984278
-3.767137
3.991957
3.969471
-3.978079
-3.950724
3.972269
3.900628
-3.972923
3.972410
-3.976846
-3.963692
3.977839
-3.992675
3.935812
-3.991900
-3.963326
-3.967846
3.982821
3.984551
3.992451
-3.973897
3.989738
3.304927
3.985190
-3.931058
-3.987608
-3.991364
3.945409
-3.982172
-3.978401
3.987467
-3.990843
-3.994655
3.287964
-3.984390
3.969759
-3.976248
3.980538
3.867106
3.945867
3.985984
-3.970328
-3.974777
-3.977599
3.985054
-3.968048
3.975386
3.962840
3.972512
3.828090
3.958543
-3.978479
3.985195
-3.980721
3.970125
-3.964657
-3.980804
-3.985735
3.975838
-3.971935
3.986972
-3.891301
-3.982968
3.937157
3.977497
3.985332
3.984745
3.989373
-3.982449
-3.984527
-3.981258
3.972995
3.984007
-3.979230
-3.992334
-3.981702
-3.986179
-3.903352
3.975599
3.975862
3.975088
-3.987958
3.986205
3.953433
3.979968
-3.921619
3.973908
-3.961537
-3.987842
3.834949
3.966728
-3.986412
3.987060
3.986105
3.934374
-3.989806
-3.988816
3.952665
-3.891377
3.979444
3.988307
-3.965703
-3.970552
-3.978784
-3.913350
3.988094
-3.955058
3.971104
-3.968328
-3.977978
-3.976272
3.981577
-3.987557
-3.988640
-3.858000
-3.960973
-3.988616
-3.969561
-3.980516
3.981294
3.958442
-3.991261
-3.958176
3.978484
3.085729
3.972798
3.926175
-3.974658
-3.814032
3.975861
3.980361
3.990261
-3.985299
-3.970455
3.993405
3.986354
3.967037
3.988969
3.974691
-3.971137
3.983096
-3.964504
-3.986011
-3.988463
3.962738
3.974143
3.958896
-3.971075
-3.975366
3.968899
3.972168
-3.992160
3.944278
3.984616
3.980707
-3.990941
-3.984929
-3.978965
3.976675
3.984301
-3.966295
-3.988684
3.890348
3.990229
-3.987122
-3.985782
3.980535
-3.980997
-3.979197
-3.979694
3.953699
-3.975284
-3.940913
-3.977308
3.993255
3.977245
-3.978185
-3.993473
3.955344
-3.880891
3.983691
3.978916
-3.864007
-3.976643
-3.985444
-3.988088
-3.923409
3.975205
-3.971126
3.957773
3.975872
-3.980437
-3.992747
3.981485
-3.965175
3.952145
3.988716
-3.970410
3.988171
3.948532
3.983927
-3.966778
3.981592
-3.963706
-3.940417
3.985673
-3.981882
3.991288
3.966897
3.973573
3.990902
3.975400
-3.964723
-3.992472
-3.988810
3.865582
3.986545
-3.955991
3.988762
-3.977492
-3.986840
3.969508
-3.988367
3.966095
-3.986545
3.990243
-3.979961
3.975413
-3.976923
-3.950468
3.986329
3.977086
3.936394
3.957776
-3.972286
3.980077
-3.956097
3.061335
-3.964471
3.974573
-3.987087
3.978821
3.975503
-3.947808
3.982524
3.976123
3.984377
-3.977699
-3.970467
-3.949790
-3.961242
3.979542
3.978825
3.992324
-3.941282
3.969913
3.959547
-3.896397
-3.964710
-3.976587
-3.968153
3.962595
-3.987176
3.982830
3.979601
-3.965650
-3.973968
3.987225
3.972306
-3.958747
-3.976091
3.976886
3.969135
3.986207
-3.977418
3.958682
3.992007
-3.969834
3.980738
-3.983175
3.974420
3.991950
3.959754
-3.984550
-3.953004
2.219117
3.980306
3.957867
-3.974233
3.981416
-3.984425
3.975755
-3.991973
3.992046
-3.973964
-3.976023
3.977003
3.974728
3.974640
-3.970232
3.958349
3.984564
3.966369
3.972024
3.964981
-3.988746
3.984559
-3.983595
3.976864
-3.975631
3.994507
-3.974826
-3.991142
-3.960252
-3.965127
3.975959
-3.948312
3.985791
3.980216
3.965421
-3.964995
3.988855
-3.889147
3.818832
-3.986123
-3.981378
-3.922992
-3.963489
-3.988064
3.986826
-3.989280
-3.954897
3.922897
3.982364
-3.983407
-3.984042
3.969085
-3.962645
-2.198875
-3.972450
-3.963902
-3.818383
3.952117
3.973944
-3.995627
3.981174
-3.993550
3.940574
3.963005
-3.995103
-3.975392
3.969889
-3.981951
-3.982991
1.211073
3.975892
3.990267
3.952473
-3.964450
3.965873
3.966977
3.952173
-3.818768
3.961903
3.963344
-3.976851
3.985154
3.951493
-3.980503
3.972393
-3.992862
-3.987661
3.334143
-3.974487
-3.977911
-3.985011
-3.989731
-3.968933
-3.872527
-3.972332
-3.962960
-3.929770
3.976394
3.967421
3.979752
3.943150
3.982666
3.924240
-3.973660
3.979444
3.988125
-3.953634
3.957260
3.975141
-3.991979
3.958871
-3.983596
3.975920
3.951906
-3.956400
-3.961383
3.986457
3.983083
-3.991383
-3.979110
-3.981796
-3.991735
-3.961292
3.974304
-3.944551
3.994698
3.987631
-3.957312
3.949317
-3.870610
-3.976690
3.993747
3.982113
-3.960032
-3.974225
3.962668
-3.990959
-3.977823
-3.972785
-3.978635
3.948837
-3.966364
-3.975326
-3.956881
-3.965087
3.950129
-3.993752
-3.985545
-3.977953
-3.989472
-3.961356
-3.985066
-3.963446
3.970568
3.979958
3.974378
3.942650
-3.991773
3.978366
3.958227
3.954398
-3.966408
-3.966702
3.985066
3.985558
-3.955271
3.982608
3.504542
-3.987646
-3.993275
3.954433
-3.976248
3.989915
3.984932
-3.869186
-3.941855
-3.992684
3.946309
-3.973170
-3.968548
3.970314
3.972655
3.985816
-3.963014
-3.980553
3.612521
-3.963285
-3.985377
-3.953074
3.975429
3.981472
-3.985638
-3.967731
-3.925859
-3.951682
3.951500
-3.985337
-3.969010
-3.987558
-3.956270
-3.959219
3.983635
3.992245
3.812228
-3.981472
-3.991669
-3.991291
3.986737
3.961735
3.954041
3.968896
-3.938773
-3.971129
3.977774
-3.957656
-3.978289
-3.987960
-3.957683
3.992321
3.973718
-3.982393
-3.975760
-3.745436
-3.979083
3.960938
3.957321
3.991034
3.968472
3.981119
3.990818
-3.889090
-3.988175
3.972617
-3.992999
3.936951
3.985261
-3.988395
3.961699
-3.957408
-3.913949
3.993850
3.983119
3.986438
3.955691
-3.975874
3.986258
-3.983640
3.985396
3.984281
-3.982108
3.960965
3.966259
-3.958070
3.980956
-3.988220
3.976794
-3.932381
-0.355066
-3.930691
-3.966744
3.981629
3.965292
3.986969
3.990545
-3.969726
-3.975519
-3.961735
-3.972608
-3.973766
-3.977402
3.964044
3.989099
-3.951982
3.972497
-3.969603
3.986636
3.992398
-3.982903
-3.972291
-3.976516
-3.983142
3.987528
-3.969241
-3.940623
-3.977589
-3.969705
-3.944940
-3.973490
-3.943253
-3.986337
3.964642
3.971715
-3.985343
-3.992790
3.972750
3.975697
-3.970993
-3.771096
-3.980408
-3.979513
-3.871098
3.983227
-3.991868
-3.971842
3.954421
3.987400
3.994196
-3.982592
-3.978582
3.989316
-3.981188
3.982922
3.904869
-3.936479
3.973415
3.989033
3.791281
3.970965
3.988719
-3.969816
-3.971448
3.953364
-3.973649
-3.968778
-3.942103
-3.968853
-3.981756
3.985378
3.986231
3.987519
-3.953401
-3.976254
-3.976234
3.967200
3.992450
-3.985896
3.985103
-3.990457
3.979762
-3.921854
-3.853190
3.982343
3.948376
-3.986372
-3.921702
-3.984043
-3.989438
3.984526
-3.897849
3.973061
-3.731230
3.969325
3.973556
3.985718
3.988225
-3.954653
3.988443
3.985211
-3.988634
3.949629
-3.994475
-3.993521
-3.984779
3.977823
3.949942
3.617530
3.993081
3.982183
-3.973083
-3.974100
-3.983798
-3.981624
-3.893618
3.918504
3.973497
3.972919
-3.981668
3.977874
3.971965
-3.968322
3.947741
3.974481
-3.980016
3.978195
3.963805
-3.993833
3.690890
3.981321
-3.942044
3.982337
3.972976
3.978121
-3.952433
-3.875108
3.895483
-3.982912
-3.986780
3.987063
-3.966091
3.974752
3.975188
3.932879
3.973845
-3.988527
3.980846
-3.968633
-3.975194
3.979657
-3.981584
-3.964961
3.966289
-3.989440
3.986933
-3.954806
3.979432
3.978753
3.978802
3.965749
-3.974977
-3.986030
-3.972252
3.954223
-3.926476
3.917720
-3.991727
-3.963878
-3.987492
-3.969032
3.971101
3.688770
3.933629
3.986739
3.975451
-3.970510
3.959715
-3.975240
3.956686
3.944607
-3.978634
-3.991220
-3.982245
-3.980678
3.986633
3.967476
3.937454
3.970891
-3.965653
3.962455
-3.991246
3.962437
3.935034
3.949416
-3.944709
3.948935
-3.982349
3.983838
3.701346
-3.949422
-3.941340
-3.986745
3.980267
-3.971144
3.976917
-3.633331
-3.969704
3.976629
3.987235
-2.349507
3.935687
-3.988776
3.970525
-3.988075
-3.971127
-3.957420
3.992847
-3.982497
3.980132
-3.979199
3.937039
3.978361
3.979194
-3.961765
3.981008
-3.992267
-3.988084
-3.981601
3.987324
3.977774
3.969204
-3.966659
3.986776
-3.922144
-3.975606
3.991856
-3.981490
3.980238
3.980693
3.990068
-3.969513
3.960318
3.985918
-3.973552
-3.983584
-3.991127
3.991423
-3.986838
3.969581
-3.978932
-3.993311
3.975499
-3.977982
3.939025
-3.975219
3.979002
3.983454
-3.969119
-3.974141
3.954106
-3.992092
-3.986131
-3.840613
3.966183
-3.926226
3.982589
3.985830
3.963218
-3.981902
3.984103
-3.983033
3.958841
-3.982511
3.963807
-3.935425
-3.982964
-3.976082
-3.946160
-3.955253
3.974778
3.969153
3.675940
-3.978462
-3.991832
-3.979495
3.959757
3.969863
-3.990523
-3.970919
-3.987043
-3.985052
-3.974631
-3.990747
3.984486
3.980863
-3.875548
3.977711
-3.940947
-3.923919
-3.981464
-3.956512
3.986138
-3.988331
-3.978538
-3.981961
3.966470
-3.977263
3.966439
-3.974933
-3.899647
-3.968533
3.969106
3.987456
3.980837
3.973427
3.967331
-3.992985
3.940524
-3.941608
3.976606
-3.982322
3.935649
3.985926
-3.976485
-3.987130
3.985617
-3.966579
3.929250
-3.953308
3.956513
-3.961631
3.962043
-3.949934
-3.979603
-3.882320
3.852729
-3.989939
-3.959968
3.930817
-3.967490
-3.982896
-3.954201
3.992490
3.973272
-3.991130
-3.971390
3.990999
3.989152
-3.987188
-3.959291
3.989968
3.957081
3.859394
-3.987273
-3.984989
-3.953642
-3.982792
3.892633
3.953564
-3.891736
-3.969325
-3.980436
-3.991952
2.592183
3.987737
3.971439
-3.981577
3.956514
3.982238
3.985895
-3.973403
-3.982797
3.981362
-3.958312
-3.991272
3.979969
3.967886
3.972493
-3.862269
3.970782
3.969507
-3.993848
-3.990992
-3.968120
3.980272
3.991279
3.958661
3.990328
3.986143
3.964813
-3.988436
3.972217
3.979923
-3.990758
-3.970994
-3.966956
-3.968311
-3.983918
3.979071
-3.991294
-3.922185
-3.986007
3.904305
3.980412
3.976077
3.955241
3.967775
-3.978209
-3.961897
3.953755
3.963874
3.985357
-3.941375
3.983675
3.983486
-3.849233
-3.987178
3.975417
3.979305
-3.951117
3.985770
-3.951781
3.988709
-3.980554
3.977103
-3.989469
-3.981442
-3.985486
3.978834
3.987858
-3.829214
3.987560
-3.985144
-3.929740
-3.989073
3.965316
-3.958384
-3.978453
3.986116
-3.987873
-3.985379
-3.968311
-3.991341
-3.977857
-3.966925
-3.986787
-3.982092
-3.760675
-3.991272
-3.975637
-3.967074
3.969103
3.960589
-3.987490
-3.971045
3.982956
3.992574
-3.963810
3.975904
-3.979986
3.919006
3.970661
3.949341
-3.973062
-3.985500
3.984274
3.989158
-3.978960
-3.985121
-3.950385
3.973354
-3.942443
3.989011
3.986608
-3.987920
-3.977070
3.989877
-3.966656
3.976869
-3.988926
3.977853
-3.967489
-3.966174
3.969169
-3.967485
3.961898
-3.972357
-3.982800
3.983502
-3.983021
-3.983497
3.967789
3.961324
-3.981931
-3.965977
3.953082
-3.980501
-3.980972
-3.968463
3.954499
3.908926
3.979290
-3.980034
-3.978493
-3.974075
-3.992587
-3.960461
3.978689
-3.981405
-3.977238
-3.989629
-3.977289
3.976648
3.984057
-3.979047
-3.969669
-3.948010
3.976001
-3.990983
-3.954997
-3.976048
-3.985022
3.973753
-3.940259
3.969776
3.914987
-3.967351
3.986133
3.970638
-3.976037
3.249487
-3.930365
3.971167
3.984284
3.969463
-3.967247
-3.987597
3.973828
-3.977510
-3.952807
-3.970878
-3.960451
3.983384
3.992374
-3.958289
-3.967974
-3.860096
-3.966651
-3.986112
3.979195
3.955301
3.986257
-3.955158
3.978060
3.960919
-3.972763
-3.869344
3.983716
-3.982842
3.970141
3.921771
3.991553
-3.968228
3.969242
3.994066
-3.984503
-3.978374
-3.939951
-3.990060
-3.980791
-3.988048
3.984513
-3.974983
-3.984259
-3.991446
3.973630
-3.979922
3.990611
-3.966127
-3.929881
-3.988873
-3.990411
-3.988598
3.985480
-3.978779
3.986538
3.982422
3.985401
3.977646
3.977901
-3.976997
3.985091
3.969649
-3.975803
-3.972799
-3.960546
3.974080
-3.985784
-3.990048
-3.980032
3.981909
3.974060
-3.973015
-3.972009
3.964973
-3.870333
3.985070
-3.984044
3.971935
-3.979714
3.978901
-3.947530
-3.894898
3.984853
3.985990
-3.968862
3.984067
-3.983639
3.980729
-3.959381
3.504970
-3.988523
-3.991259
-3.859906
-3.980022
3.985248
3.969753
3.974152
3.983346
3.963968
-3.958149
-3.983131
3.986465
3.983365
3.967865
-3.977074
3.970402
-3.602903
3.973689
3.952361
-3.980959
3.963855
3.982121
3.984118
3.953134
-3.902751
-3.969223
3.975732
3.989241
3.991851
3.957973
-3.986309
-3.988684
-3.973386
3.964719
-3.974715
3.985774
-1.397792
3.981936
-3.947989
-3.941254
3.970435
-3.914541
3.986895
3.988812
-3.974501
3.974009
-3.970717
3.721388
-3.985991
3.678248
-3.964925
3.990226
-3.981860
-3.978396
-3.398872
-3.995021
3.936972
-3.975329
-3.981135
3.932775
-3.962848
3.980584
3.955730
3.990678
-3.993415
-3.956202
-3.989455
-3.989262
-3.984301
3.986074
-3.984828
-3.991261
-3.943883
3.966213
3.938297
-3.973791
3.967705
3.986735
-3.992987
-3.958608
-3.949313
3.933842
3.962831
-3.976058
3.975863
3.958203
3.938127
-3.976685
-3.990183
3.952010
-3.947313
3.990275
3.980480
3.977314
3.970091
3.990471
-3.978570
-3.989846
-3.981813
3.980196
3.968569
-3.990693
3.868187
-3.989148
3.945378
-3.978078
3.962338
-3.964912
-3.984781
3.966430
3.974945
3.971133
3.967635
3.980461
3.961063
-3.896041
3.960182
-3.923549
3.554618
3.987115
-3.813911
-3.978820
-3.978057
3.969477
3.975363
3.970784
3.976964
-3.947109
3.953319
-3.939645
3.962993
3.985626
3.926633
-3.982107
3.977311
3.982951
3.992590
-3.960562
-3.988702
3.967698
3.971445
-3.994221
3.978169
3.969560
-3.962858
-3.986095
-3.966969
-3.973292
3.984587
3.977373
3.979703
3.975841
-3.855618
3.961482
-3.979574
3.986615
-3.985197
-3.984168
3.963713
-3.910518
-3.970534
-3.983943
-3.986669
3.865313
3.946624
-3.980761
3.954790
-3.983872
3.982905
3.960961
-3.988765
3.979017
3.977761
-3.973759
3.929252
3.974438
3.981676
-3.973315
3.978909
3.915134
-3.992560
3.988581
-3.894216
3.839664
3.975290
-3.981227
3.914853
-3.978506
3.905845
-3.968619
-3.925591
-3.976424
3.993603
-3.975094
-3.962580
3.987573
3.906995
-3.993957
-3.980170
3.987629
-3.963587
3.968670
3.963307
-3.952610
3.978046
3.975155
3.980520
-3.959760
-3.988607
3.962015
3.971368
-3.482764
3.948181
3.966465
3.991570
-3.940064
3.942357
-3.942682
-3.938931
-3.961731
3.986711
3.986714
3.982946
3.961375
-3.991724
-3.972758
-3.990206
-3.976709
-3.956061
3.970472
-3.976926
3.962815
3.977008
2.157090
2.771908
-3.993509
-3.988028
-3.980070
-3.986570
3.977020
3.983995
-3.912677
3.987021
3.978181
3.955344
3.969223
-3.985531
3.957150
3.991973
3.986506
3.992959
-3.986567
3.981068
-3.942417
-3.987146
3.984651
-3.985262
3.985263
-3.971142
3.989410
-3.990457
-3.992227
-3.982460
-3.944498
3.961737
3.987937
-3.977622
3.975680
3.965866
-3.976027
-3.979263
3.978880
-3.701379
3.980198
3.982273
3.980352
3.987796
3.978803
-3.906911
-3.979510
3.976600
3.983789
3.976351
-3.974637
-3.978546
-3.987302
-3.982710
3.992950
-3.949123
3.941780
-3.961822
-3.974594
-3.971861
-3.942918
-3.988618
-3.978902
3.960118
-3.969534
3.975885
3.971929
-3.979412
-3.965724
3.977231
3.975312
3.943923
3.970127
-3.973521
-3.981226
-3.976452
3.988663
-3.960626
-3.971250
-3.992716
3.985164
-3.991327
-3.984193
-0.561844
3.983912
3.992761
3.966852
3.941277
3.968135
-3.962445
-3.976565
-3.953332
0.501983
-3.981419
3.971560
-3.932936
-3.976340
3.974752
-3.976993
3.982423
-3.962344
3.973439
-3.979674
3.986267
3.988593
3.787724
3.978591
-3.986731
3.959037
3.894705
3.951613
3.983246
3.979619
3.994214
-3.970894
3.981198
-3.984695
3.986730
3.964302
-3.982269
-3.972555
-3.983190
3.933348
-3.975288
3.980984
-3.985841
-3.970726
-3.976934
-3.975214
3.967670
-3.981568
3.992859
-3.985544
3.944690
-1.807046
3.984088
-3.973742
3.954242
-3.839846
3.969681
-3.973961
-3.980129
3.987672
3.971847
3.977971
-3.977780
-3.964091
-3.276569
3.968839
-3.939236
-3.974180
-3.987963
3.972185
-3.986995
-3.944654
3.981558
-3.992693
3.994385
-3.784183
3.992243
-3.993809
-3.960917
-3.988140
3.983291
-3.053817
-3.990663
-3.986459
-3.956611
-3.981089
3.976692
-3.980898
3.986231
-3.972059
-3.978897
-3.958273
3.970265
3.969252
3.980619
3.966612
3.969355
3.977599
-3.586084
3.977850
-3.986557
3.906242
3.987245
3.979067
-3.975623
3.982305
-3.933502
-3.935185
-3.986714
-3.979505
-3.989717
3.910197
3.986341
3.974030
3.963672
3.969940
-3.987712
-3.977556
3.982911
3.976892
3.975828
3.993191
-3.988231
-3.986257
3.980707
-3.976775
3.955041
3.964305
3.963613
-3.840769
3.963302
3.991282
3.982638
-3.985959
3.989643
3.984407
3.967828
3.976304
-3.978098
3.957264
3.991404
3.878986
3.979851
3.990608
3.984513
-3.973717
3.974608
-3.980473
3.987585
3.991496
3.981011
-3.987443
3.990576
3.980691
3.984824
-3.982324
-3.948274
-3.981557
-3.981893
3.954955
-3.977797
-3.957996
3.990974
3.818602
-3.982323
-3.984849
3.989120
-3.933337
3.985873
3.985274
3.978291
3.913380
-3.978019
3.946828
3.954068
-3.987226
3.965061
-3.963904
-3.959814
3.988213
3.975293
3.962079
3.973238
3.980681
3.990095
-3.968332
-1.277073
-3.985747
3.990468
3.987437
-3.973289
3.976530
3.991337
3.919181
-3.977347
-3.972694
3.985345
-3.990210
-3.982458
3.904375
3.981377
3.975104
3.973355
3.968312
3.960998
-3.722605
-3.989121
-3.804314
-3.957087
-3.984863
-3.977894
-3.984746
3.966321
3.873745
3.951656
3.980316
3.989720
-3.969381
-3.983768
-3.955926
-3.990135
3.182185
-3.974837
3.964313
3.973745
-3.979528
-3.954996
-3.977863
-3.961614
3.982015
-3.964221
3.978395
3.945244
3.987033
-3.977554
-3.955367
3.991978
3.982689
3.957575
-3.846880
3.956827
-3.962866
-3.971840
3.589135
-3.981184
3.969553
-3.334381
-3.915249
-3.980203
3.948824
3.981861
-3.957831
-3.980684
-3.981444
3.954816
-3.990918
3.987147
3.933252
3.953790
3.966916
3.973734
3.985422
3.980753
-3.973301
-3.971405
-3.936977
3.975245
-3.991985
3.905732
-3.966445
3.951317
3.973437
-3.979619
-3.968792
3.994014
-3.976645
3.972866
3.990792
3.988645
-3.963344
-3.945210
-3.960386
3.989680
-3.980301
3.976589
3.939651
3.977588
-3.969157
3.940468
-3.988403
3.993859
-3.967711
-3.949749
3.985232
-3.966847
-3.991115
3.986932
-3.944221
-3.925712
3.968752
-3.978046
3.979387
-3.975987
3.960081
3.416394
-3.986059
3.984159
3.968664
-3.968716
-3.978559
-3.961095
3.961846
-3.963125
-3.976015
3.980934
-3.971274
-3.979729
3.971824
3.972146
-3.981111
3.968944
-3.982785
3.969366
3.973766
3.989450
3.902922
-3.977605
3.984845
-3.983094
3.938825
-3.969964
-3.978041
3.977669
3.795107
3.976940
3.966791
-3.973567
3.993631
3.963528
-3.969126
3.956588
3.992147
-3.974405
3.990057
-3.985625
-3.243051
3.967483
3.963775
-3.984700
-3.981151
3.992692
-3.955487
-3.969073
-3.976744
3.944083
-3.965548
-3.967658
3.990864
3.976218
-3.965698
3.991806
3.963393
-3.140285
3.967466
3.960296
-3.913040
-3.980594
-3.990622
3.985699
3.966150
3.975033
-3.733701
-3.990495
-3.966344
-3.981840
-3.987549
3.932907
-3.978110
3.988006
-3.971789
3.984686
3.966118
3.971669
-3.990389
-3.969491
3.978869
-3.965690
3.949501
3.983660
-3.973887
-3.970995
3.979749
-3.960647
3.816042
3.981188
-3.987045
-3.982359
3.798241
3.961372
3.979932
3.962809
3.987857
-3.980039
3.991467
-3.968123
3.926799
-3.974395
3.973557
3.981619
-3.990932
-3.902584
3.982767
3.989825
3.927855
-3.970142
-3.731079
3.964393
-3.986408
3.985273
-3.924426
-0.153288
3.989336
3.974166
-3.979879
3.970814
-3.974489
-3.968310
-3.969913
3.969373
-3.981370
3.991242
3.978123
-3.967084
-3.955459
-3.941639
-3.994396
-3.952655
3.970966
3.966107
3.976009
3.974978
-3.956713
3.961804
3.978551
3.983813
3.971132
-3.976015
3.982164
-3.980272
3.960439
-3.980947
-3.972745
3.145469
-3.962718
3.967755
3.958347
3.995538
-3.984651
-3.966551
3.958323
3.987496
-3.979227
3.980578
-2.234471
3.957047
3.993155
3.978088
3.977750
-3.969148
-3.992638
3.988063
-3.956070
3.978424
3.933421
-3.987947
-3.993851
3.957567
-3.964257
-3.987471
-3.968568
3.966492
-3.958252
-3.967486
3.975576
-3.982638
3.983354
-3.982307
3.970599
3.989541
3.977872
3.990635
-3.982774
-3.982052
3.975292
-3.982829
3.967139
-3.967084
-3.941992
3.956751
-3.978973
3.939064
-3.985874
3.983798
-3.933672
-3.978914
3.981105
2.186916
-3.982955
-3.985295
-3.987987
-3.990818
-3.969922
-3.980988
-3.972605
-3.973823
-3.944079
-3.962523
3.967886
3.992795
3.968987
-3.988594
3.989662
-3.985959
3.972399
3.972031
3.970010
-3.977801
3.963518
3.973643
3.967362
-3.981239
-3.965416
3.949361
3.967457
-3.954430
3.978694
-3.988829
-3.979040
-3.985350
-3.980855
3.966122
-3.940289
-3.961925
3.984860
3.987428
3.954958
-3.984067
-3.973151
-3.971977
3.951287
-3.985645
3.987286
-3.900106
3.989382
3.988115
-3.978936
3.994125
-3.978497
-3.981350
3.905751
3.987695
-3.962793
3.981817
3.991679
-3.990221
3.986539
3.981515
-3.982524
3.975060
3.970040
-3.975122
-3.727628
-3.980836
-3.990565
-3.973639
-3.989185
-3.986756
-3.964104
3.977457
-3.975412
-3.985926
3.982611
3.968547
3.961010
3.914685
-3.972022
-3.972372
3.979174
-3.010876
-3.899024
3.977645
3.984516
3.939532
-3.852863
3.070130
3.990284
3.985560
3.993896
-3.987402
-3.972382
3.991722
-3.981251
-3.966629
3.988361
3.960717
3.975751
3.926904
-3.960378
-3.988863
3.624282
3.963895
-3.991263
-3.931013
3.992670
3.990705
-3.953196
3.972767
-3.994800
-3.932482
3.993227
-3.972698
-3.976879
3.971519
3.989169
3.990124
-3.991485
-3.989310
-3.985138
-3.984284
3.963850
3.975086
3.967619
-3.979415
-3.863509
-3.988509
3.980942
3.909140
2.964831
-3.961731
-3.935586
3.911517
3.937052
3.990627
3.989179
-3.984763
3.945270
3.987388
3.969046
3.946098
-2.858512
3.908614
-3.965604
-3.972286
-3.972971
-3.968172
-3.952006
-3.983211
3.980632
3.979435
3.947220
3.979600
3.976289
3.986895
3.902523
-3.972487
3.954554
3.982747
3.984606
-3.988763
3.987539
3.984216
3.957656
-3.972609
-3.961184
3.984243
-3.977948
3.976312
-3.989408
3.988643
-3.981152
-3.994381
3.971799
-3.987026
-3.966532
-3.964966
-3.927452
3.966117
3.989471
3.928589
3.988514
3.988545
3.859857
3.992968
-3.988660
-3.976153
3.972728
3.968271
3.968389
3.956117
-3.985914
3.958227
3.986151
-3.965652
-3.955131
-3.987031
3.969419
-3.991646
-3.992140
-3.979783
-3.979308
3.956426
3.982309
3.987309
-3.974218
3.966832
-3.993926
3.988849
-3.990312
-3.962145
3.986279
3.990006
-3.975552
3.975965
-3.903857
-3.784069
-3.985826
-3.979702
-3.955372
3.969409
-3.088817
-3.989353
-3.957822
3.981542
3.970073
3.925061
-3.965802
-3.981882
-3.964318
3.978632
3.995115
3.986154
3.968581
3.790457
3.947638
3.978491
-3.983543
-3.952044
-3.986902
-3.967471
-3.980380
-3.979066
-3.958898
-3.987669
-3.979810
-3.967557
-3.992293
-3.982445
-3.979917
3.981514
3.987206
-3.955240
-3.978791
3.976379
3.873986
3.965849
3.982468
3.886062
3.944698
3.956057
-3.988056
3.970448
3.982111
3.989219
3.988789
-3.986586
-3.981876
3.988831
3.991566
3.739466
-3.975687
-3.967488
-3.938846
-3.990516
-3.774008
-3.953439
-3.659807
3.951350
3.973811
-3.975665
3.968495
-3.959329
-3.981373
3.982456
3.975179
-3.988691
3.911770
3.940998
-3.944762
3.993844
-3.962026
-3.969374
3.986476
-3.948704
3.971332
-3.950675
3.984990
-3.972405
3.990042
3.990195
3.969920
-3.968472
-3.990446
-3.966606
-3.993045
3.875767
-3.714911
-3.969377
-3.976679
3.938097
-3.964657
-3.987101
-3.969373
3.967599
-3.989682
-3.992221
3.970001
3.962310
-3.979316
3.984820
3.991602
3.990345
-3.972619
3.993155
-3.942813
-3.952904
3.983969
3.982566
-3.992226
-3.989781
-3.981615
-3.974867
3.990476
-3.981404
-3.921235
-3.959825
-3.969791
3.991307
3.982833
-3.972983
3.983816
-3.985141
-3.927505
-3.955951
3.971788
3.908557
3.986843
-3.979665
3.977065
-3.969676
3.982196
3.950824
3.956103
-3.909612
-3.978128
3.986504
3.971729
-3.980207
-3.980704
-3.982772
-3.975304
-3.969417
-3.945384
-3.979873
-3.987391
3.982801
3.947791
3.973388
-3.969156
-3.977172
3.980066
-3.970777
-3.980449
3.974054
-3.957824
-3.968838
-3.980388
3.987118
3.954826
3.994209
-3.967566
3.989070
-3.977231
-3.981044
3.987608
3.985699
-3.984585
3.974358
3.954762
-3.975704
3.959392
3.916382
-3.964229
3.979318
3.966024
-3.983156
3.918436
-3.985893
3.960905
-3.979798
-3.987841
-3.985054
3.957666
-3.972406
3.975739
-3.969488
-3.962800
-3.975907
3.991371
-3.979760
3.975383
3.976385
-3.915279
-3.980590
3.990608
-3.984068
-3.976884
3.987663
3.975045
-3.971962
-3.984689
3.993238
-3.983320
-3.983878
-3.977557
-3.974176
-3.993634
-3.984659
3.989525
3.990233
-3.792997
-3.974872
3.969518
3.983444
3.981341
-3.970529
3.961960
-3.966068
-3.988848
-3.975903
-3.974411
-3.975564
-3.974823
-3.972531
-3.927306
3.990946
3.969701
-3.994931
-3.973175
-3.939531
-3.970667
-3.981593
-3.980104
3.983259
3.931737
-3.984545
-3.898555
-2.631824
3.978413
-3.889659
3.963073
-3.976813
3.974074
-3.961260
3.905785
-3.985043
-3.964515
3.966574
3.985847
-3.979108
-3.982397
-3.978476
-3.968309
-3.916670
3.659684
3.975663
3.977962
3.948041
-3.975955
-3.958996
3.990376
-3.973356
-3.976397
-3.912578
3.989842
3.993380
3.948991
-3.862618
-3.983756
3.953283
-3.977244
3.980184
-3.980039
-3.974992
-3.950223
3.968493
-3.967845
3.965660
-3.968283
-3.950765
-3.981897
-3.961859
-3.978163
3.966845
3.989286
-3.980929
-3.985910
3.989805
-3.972921
3.974400
-3.982222
3.951259
-3.951541
-3.982298
3.959712
3.980566
-3.962263
-3.947155
-3.989534
-3.974682
-3.988283
3.974069
-3.985200
3.974123
-3.970402
3.970337
3.933723
-3.933426
3.976455
3.991375
3.985326
3.965234
3.963034
3.992139
-3.954219
-3.958754
-3.967275
3.991782
3.981444
-3.990016
3.979016
3.987185
3.990006
-3.955110
3.989357
-3.967003
3.978327
3.781471
3.982269
-3.983823
3.966134
3.986540
-3.971966
3.988817
3.900198
3.974506
-3.976570
-3.985490
3.966259
3.962270
-3.973214
3.965042
-3.985708
3.915164
3.975787
-3.976956
3.962156
3.972236
3.980986
3.977654
3.985710
3.977962
3.954117
-3.960472
-3.982908
3.944252
-3.989716
3.962748
3.979292
-3.219810
-3.967446
3.980476
3.986332
3.803445
3.973226
3.987890
3.730438
-3.979183
-3.956428
3.983984
-3.968169
-3.948343
-3.983631
-3.963344
3.985155
-3.585283
3.949776
-3.978472
3.968767
-3.968439
-3.973485
-3.647339
-3.974599
-3.976726
3.982479
3.982024
3.001539
3.978453
3.972284
-3.977345
3.983876
3.980658
3.961625
3.974856
3.969757
3.963125
3.945961
3.984442
3.738120
3.985017
-3.982983
3.988540
3.988454
3.952978
-3.978332
-3.981464
-3.984286
3.982003
-3.991482
3.989878
-3.987874
3.983835
3.966124
3.901808
-3.963145
-3.867046
-3.988495
-3.955362
-3.989506
3.962822
-3.980347
3.965100
-3.988780
3.977879
-3.974516
3.987818
-3.980954
3.978389
3.944737
3.989472
3.958504
3.952341
-3.966816
3.984999
-3.986263
3.993931
-3.965708
-3.970314
3.968627
-3.891602
-3.981156
-3.986006
-3.971642
3.965617
-3.987286
-3.936936
3.664574
-3.983320
3.977997
-3.971001
3.980004
-3.986089
-3.974464
3.980019
-3.981119
-3.987031
3.956969
3.948583
3.984080
3.992911
3.984256
-3.987576
-3.972792
3.986544
-3.973083
-3.977774
-3.991322
-3.936635
-3.969934
3.977877
-3.957412
3.940786
3.968035
3.983421
-3.972613
3.973558
3.981689
3.993403
-3.968975
-3.979392
-3.934483
-3.935276
-3.966152
3.942983
3.990363
3.968118
-3.973182
3.959744
-3.961877
3.938273
-3.970721
-3.991583
-3.940414
-3.972002
-3.984915
-3.977174
3.985765
3.934663
-3.991273
3.981680
-3.964578
-3.992816
3.981862
3.132391
-3.972219
3.966168
-3.975886
-3.969583
-3.942426
3.995004
-3.988441
-3.992116
3.983246
-3.939134
-3.918814
3.987382
3.963438
3.980979
-3.965349
3.977307
3.960322
-3.988431
-3.984030
-3.975208
3.985001
3.966482
-3.967011
3.974327
3.969100
-3.962778
3.967610
3.992786
3.978153
3.983347
3.981358
-3.859047
3.985025
-3.984174
3.965171
3.990504
3.979090
-3.975895
-3.991020
3.970229
-3.992069
-3.971614
3.978231
-3.963836
-3.981483
3.990573
-3.983461
-3.978627
3.984958
3.981656
-3.989158
3.971924
3.977172
3.968620
3.969133
3.980159
3.974385
-3.974792
3.980488
3.979765
3.988821
-3.980319
3.990872
-3.975349
3.903612
3.971333
3.989053
-3.975889
3.955728
-3.969597
3.976803
3.984868
3.983937
3.984869
3.982482
3.771027
3.951093
-3.955187
-3.970472
3.988675
-3.974910
-3.987228
-3.980788
-3.986361
3.977251
3.963864
-3.974109
3.987993
3.960232
3.208018
3.974755
3.930174
3.987766
2.655074
-3.806502
-3.976884
-3.990485
-3.996350
-3.979293
3.980018
-3.973435
3.986069
-3.994477
-3.975931
-3.990817
-3.957914
3.973559
3.979405
-3.982448
3.971555
-3.951574
3.986913
-3.978648
-3.973108
3.990892
3.978130
3.983415
-3.980795
3.974531
3.975656
-3.955511
-3.568845
3.986448
3.988905
-3.940523
3.988584
3.502760
-3.399759
3.962557
-3.983785
3.989763
3.968694
3.971797
-3.981167
-3.986828
-3.989543
-3.987289
3.975725
-3.974131
3.979527
3.937370
3.976399
-3.948672
-3.962519
3.982774
3.989514
3.969883
-3.922071
-3.967723
-3.990834
-3.974178
-3.976240
-3.990137
-3.987822
3.981667
-3.985663
3.965307
3.971871
3.981777
-3.982822
-3.990725
3.972180
3.966650
3.917611
3.977726
-3.983423
-3.943178
3.972746
3.967841
3.870215
-3.991158
3.975832
-3.990634
3.947387
3.960043
3.982096
-3.916082
-3.961451
-3.993412
-3.974782
3.922244
3.966045
-2.758750
3.951863
-3.954670
3.958636
3.977749
3.977703
-3.991547
-3.826685
3.858590
-3.982922
-3.992187
-3.606360
3.979844
3.965189
-3.985526
3.964413
3.950664
3.960154
3.917504
-3.967249
-3.987659
-3.975608
3.976616
3.852040
3.986486
-3.926673
-3.900400
3.964760
3.947483
-3.978937
3.968200
-3.958687
3.971213
3.936780
3.970085
3.993112
3.951964
-3.952464
3.965132
3.958496
3.976150
-2.568311
-3.958753
-3.955047
3.993057
-3.974524
-3.920708
-1.498802
3.977992
-3.918558
3.960600
-3.975742
-3.986228
3.549396
3.987621
3.937572
3.981934
-3.970987
3.874099
3.982666
-3.986766
-3.957339
-3.979571
-3.881529
3.954887
3.980781
3.961597
-3.847777
3.981290
-3.979839
-3.986953
-3.969097
3.985320
-3.949850
3.970743
3.982399
-3.979872
3.967456
-3.990948
-3.979064
-3.993290
3.970338
-3.797769
3.994378
-3.978381
-3.987620
-3.977134
-3.966353
3.970545
3.972759
3.986073
-3.949010
-3.975235
-3.973738
-1.600421
-3.988632
-3.973608
3.987584
3.315152
-3.971206
-3.956325
3.958383
3.978104
3.992106
-3.961183
-3.934959
-3.970333
-3.967187
3.950612
-3.984251
3.965893
-3.981585
-3.986774
-3.985972
3.982175
3.981965
3.972234
3.951307
3.982779
-3.990042
-3.934069
-3.981809
-3.985968
3.982066
-3.941187
-3.970696
3.978866
-3.991138
3.987277
-3.983609
3.947096
-3.977246
-3.993228
3.954641
3.978514
3.942024
-3.943149
3.978161
-3.975278
3.982106
3.981549
3.989317
3.960810
-3.971002
3.989498
-3.977806
3.974807
3.984906
3.980548
-3.983158
3.975570
3.975004
-3.928041
-3.915418
-3.986134
3.962420
-3.944607
-3.976636
3.976126
-3.439129
-3.990308
-3.936101
-3.991382
-3.979093
3.925352
3.986305
-3.982980
-3.970012
-3.987669
3.988130
-3.987922
3.967275
-3.977881
3.830835
-3.983733
3.975035
-3.974350
-3.976613
-3.900033
3.933796
3.969285
-3.983792
3.987745
-3.961501
3.979732
-3.973549
-3.980470
3.961940
3.977655
3.973540
3.977563
-3.985709
-3.978189
3.988786
3.968052
-3.967081
-3.961274
3.981609
-3.985037
3.987350
3.983933
-3.889218
-3.983148
-3.988397
-3.988326
-3.871367
3.991760
3.981939
3.991241
3.985292
-3.981272
-3.959400
-3.980618
-3.982709
3.980656
-3.976780
-3.978888
3.942681
-3.968809
-3.968369
-3.963068
-3.973480
-3.968316
3.813829
3.965097
-3.924779
-3.979706
-3.969255
3.941983
3.969572
3.992496
-3.964697
-3.980521
3.988770
3.987107
-3.993523
3.563904
-3.967990
3.973387
3.959354
-3.966738
-3.967941
3.978825
3.991689
3.985582
-3.897358
-3.974334
3.978164
-3.890597
-3.989704
3.991997
3.981175
-3.981587
3.975046
-3.994742
3.994184
3.951776
3.940555
3.966084
3.958341
3.986432
-3.987307
3.967355
3.757263
-3.884204
3.986933
3.977586
3.981888
3.956162
3.990083
3.906826
-2.466454
3.967824
-3.974707
-3.922418
3.974856
-3.982595
-3.968994
3.964967
3.992526
-3.976645
3.973658
3.982750
-3.985970
-3.985734
-3.979272
-3.851773
-3.976175
3.969438
-3.954888
-3.775792
-3.977117
3.952374
3.975497
-3.943036
-3.975584
3.983995
3.965782
-3.987050
-3.981118
3.964057
-3.983395
-3.993049
3.976075
3.987940
3.983357
3.918092
3.978396
-3.967779
-3.991633
3.986618
3.978258
-3.427858
-3.956221
-3.796832
-3.972956
-3.962203
-3.979050
3.989997
-3.967964
3.967129
3.927133
-3.979728
-3.960625
3.980748
-3.970490
-3.957158
-3.984820
-3.988120
3.964968
3.963766
3.987083
3.985542
-3.971041
3.974166
-3.966992
3.975381
3.983312
-3.981092
-3.977520
-3.955544
-3.948857
3.975773
3.969470
3.869019
-3.991011
3.956864
-3.905287
3.967780
3.982350
-3.960151
-3.988026
3.994345
-3.974182
-3.980169
-3.984413
3.953689
3.963353
-3.985447
-3.989483
3.977356
-3.949710
-3.841607
-3.970154
-3.975219
3.950875
3.886031
-3.989697
-3.983272
-3.987563
3.744896
-3.973346
3.989499
3.989766
-3.986951
3.980178
3.875297
3.987130
3.988119
3.989385
3.985042
-3.986106
3.836402
-3.979714
3.989909
3.994389
3.979314
-3.977666
3.973711
3.994243
3.975685
3.978569
-3.986315
-3.993106
-3.982911
3.955480
3.975670
3.953321
3.981527
3.947185
3.978764
3.952330
3.975945
-3.982868
-3.929440
3.975346
-3.964875
3.981608
-3.979389
3.971612
3.981359
3.988242
3.963086
3.955951
3.975098
3.980774
-3.945541
3.974103
-3.953626
3.969040
-3.975574
-3.971848
-3.965645
-3.973725
3.953505
-3.979011
-3.967682
-3.984609
3.983441
-3.971285
3.987018
1.822937
-3.964565
-3.972763
-3.959613
-3.976973
3.966340
3.978684
3.985220
-3.988213
-3.956483
2.456155
3.986205
3.971357
3.992024
-3.940709
-3.991277
3.983884
3.990700
3.984000
-3.987014
3.949793
3.989837
-3.983591
3.979098
3.862824
3.989968
-3.974923
-3.979564
-3.991811
3.972369
-3.973213
3.959076
-3.959507
-3.943808
3.973450
3.959973
3.986721
-3.985021
-3.984729
-3.978323
3.982773
-3.838965
-3.987483
3.129947
3.967529
3.184247
-3.969390
-3.979444
-3.982672
-3.969794
-3.801964
-3.957137
3.984015
-3.971541
-3.980925
-3.988743
3.992407
-3.976084
-3.959412
-3.971476
-3.980468
3.978993
-3.982811
3.935487
3.985470
-3.984464
-3.982603
3.980125
-3.975934
-3.990210
-3.975762
-3.975916
3.995135
-3.986168
3.971859
-3.993308
-3.989867
-3.980763
3.868455
3.968403
-3.989346
-3.970267
3.934317
-3.964467
3.936284
-3.965186
3.966559
3.976964
-3.885792
-3.945989
3.987635
3.983332
-3.931603
-3.983894
3.961385
3.977118
3.963911
-3.972309
-3.879901
3.981202
-3.909577
-3.987086
3.976528
3.974705
3.969891
-3.985757
3.982500
3.989096
-0.997828
-3.981092
3.981189
-3.970160
3.987549
3.990379
-3.949063
-3.970215
-3.968422
3.964275
3.985440
-3.983100
-3.983060
-3.665788
3.963242
-3.979809
-3.969172
3.961600
3.960541
3.978060
-3.983010
3.981130
3.974109
3.984517
3.895238
3.936308
-3.964265
3.948123
3.865529
-3.985740
-3.969210
3.984698
-3.962219
3.989969
3.973129
3.949458
3.982874
-3.991659
3.968891
3.978443
-3.960104
-3.978861
3.976365
3.989792
3.942691
-3.967466
-3.980186
-3.990679
-3.981608
3.984691
3.991427
-3.991169
-3.982860
-3.991380
3.970396
3.958614
3.962363
3.958518
3.975548
-3.927715
3.914417
3.936731
-3.947497
-3.987468
3.980095
-3.983815
0.073830
3.968035
-3.992383
3.984629
-3.977145
3.972992
-2.565730
3.949582
-3.957022
3.941000
-3.972485
-3.978592
-3.980379
3.976282
-3.977109
-3.959312
-3.984123
3.977442
-3.991743
-3.948906
3.983345
3.978463
-3.985575
-3.954712
3.988468
-3.922139
-3.984560
3.987302
3.967598
3.957590
3.984960
3.963376
-3.965755
3.965672
-3.978894
-3.993807
-3.967226
3.993543
3.986478
-3.972443
3.989236
-3.949510
-3.973341
-3.927423
-3.980610
3.990906
3.963138
-2.425344
-3.971864
-3.967770
-3.938902
-3.981314
3.973909
3.963640
3.984064
3.969306
3.992272
3.984678
3.986111
-3.844329
-3.984873
-3.927172
3.961915
-3.979768
-3.968912
3.963561
3.987126
3.969108
3.948867
3.994287
3.981259
-3.978400
-3.983559
-3.945053
3.992499
-3.981449
-3.974137
3.973789
3.971295
3.973520
3.992425
-3.972868
3.958594
3.983155
-3.955093
3.848825
3.967992
-3.972663
-3.954810
3.960045
3.975246
3.982827
3.974308
3.967056
-3.978019
-3.987332
3.964688
3.960566
-3.974156
3.981323
3.963327
3.967742
3.939995
3.981808
-3.962730
3.985193
3.969849
3.983190
-3.961058
-3.979562
-3.985373
-3.966481
3.993068
-3.974897
3.989782
-3.951177
3.974265
-3.965516
-3.976872
3.990995
3.964782
3.992036
-2.733165
3.978154
3.919812
3.980765
3.982870
-3.963482
-3.983218
-3.969796
3.942874
-3.981406
3.949007
-3.963513
-3.908732
-3.972477
3.966205
-3.896546
3.980168
-3.982578
3.980191
-3.969371
-3.935904
3.974036
3.992571
-3.945469
-3.964401
-3.993637
-3.977630
-3.966484
3.982804
3.912942
-3.986027
3.960490
3.959469
3.955500
3.973122
-3.930007
-3.965606
-3.969324
3.989918
3.994783
3.994608
3.958965
3.926807
3.985928
3.982965
3.954245
3.986538
3.990239
3.969440
-3.991177
3.949838
-3.962543
3.989749
-3.980181
-3.986042
3.984794
-3.891465
-3.973915
3.979353
-3.967021
3.949836
-3.963419
3.979819
-3.945491
-3.888869
-3.990762
-3.948464
-3.960162
3.972224
3.062674
-3.952278
3.959496
3.966355
-3.984702
3.968235
3.990209
-3.978632
3.979378
3.985132
3.980161
-3.982471
-3.981751
3.978090
3.975546
3.991748
3.990621
-3.971388
3.973656
3.978326
3.977157
-3.974621
3.314374
-3.975379
3.958861
3.907844
-3.979853
3.990187
-3.980531
-3.957664
3.776003
3.988471
-3.982612
3.993497
-3.960289
-3.983800
-3.935389
3.954295
-3.943393
-3.985874
-3.992336
-3.902637
-3.975203
3.971679
3.962985
-3.978063
3.961317
3.980757
3.981097
-3.982294
3.975221
-3.948887
3.943191
-3.988613
3.820493
3.966371
-3.952775
-3.981731
-3.982371
-3.964134
-3.983500
-3.978885
-3.976068
3.960427
3.990816
-3.980568
-3.941077
3.973013
3.940479
3.983099
3.995377
-3.987136
3.990599
3.953931
0.167570
3.986299
3.962898
-3.961027
-3.818345
-3.971301
-3.970547
3.988442
3.636345
-3.935780
3.983859
-3.922722
3.977289
3.988930
3.971853
3.159557
3.969818
3.940705
-3.968106
-3.976579
3.984595
-3.979693
3.981747
-3.981554
3.989614
-3.981968
3.991090
3.964492
3.967875
-3.979320
3.972592
3.980448
3.975718
3.981034
-3.981386
-3.965039
-3.975818
3.974429
-3.971537
-3.977954
3.967445
3.980889
3.942774
3.979001
