2.000000	0.600000	50	0.100000	ARCHIVOS_REDES\ER\ER_718.txt
0.026633	1.542311
-1.297010
-1.814972
-1.697230
1.679712
-1.666742
-1.789018
1.753505
1.375034
1.624961
-1.764958
1.803699
1.323576
1.805558
0.002420
1.775311
1.790685
-0.825778
-1.832486
-1.490482
0.848999
-1.770862
1.777920
-1.712542
1.005393
-0.191029
1.511229
-1.591447
1.654685
1.594698
-1.784962
1.612751
-0.422843
1.760881
-1.010974
1.642371
1.665877
-1.701944
-1.232324
-1.328911
-0.121808
-1.591589
-1.832879
1.687705
-1.799164
-1.513072
-1.687353
-1.741918
1.867740
1.792569
-1.589271
0.051678
1.601105
-1.610736
1.175185
-1.337287
-1.674119
1.736937
-1.293769
-1.658542
1.736289
1.881981
-1.799007
1.528183
1.567901
-1.554090
-1.654424
1.588267
-1.102889
-1.402945
-1.516216
-1.772770
1.695159
-0.214891
-1.598366
-1.558914
1.692654
1.268677
1.468838
-1.762191
-1.653678
1.789403
-1.838189
-0.635593
-1.403305
-1.703775
-1.729231
1.033396
1.820799
-1.325034
1.477599
1.834558
1.365933
-0.801845
1.374830
-0.588767
-1.600655
1.796741
-1.593226
-0.008176
-1.488175
1.794313
-1.588894
-1.769345
1.847366
-1.425045
-1.857740
1.813069
1.436826
0.683858
-1.773887
-1.854285
-0.114967
0.167342
-1.814603
-1.185126
1.826720
-1.084102
1.812984
0.336097
1.785485
-0.810417
-1.379649
0.640568
-1.378829
-1.422148
1.722676
1.514030
-1.246657
1.775116
-1.813010
1.673039
1.748866
-1.021923
-1.834349
-0.957690
-1.849886
-0.646479
-1.834192
-1.696591
-0.056893
-1.717359
1.220547
1.760291
-1.674508
0.364713
1.126012
1.825483
-1.758834
-1.038441
1.450386
-1.763118
-1.471478
-1.441409
1.658930
0.051345
-1.502592
-1.501409
1.613640
-1.745574
1.672876
1.824865
1.338799
1.630856
1.712371
-1.694315
1.703300
1.028538
-1.765762
-0.666961
1.290369
-1.764978
1.701093
-0.544184
1.045186
1.631580
-0.710417
1.273372
1.825845
1.675272
-1.819476
-1.666949
1.759655
-1.348195
1.727840
1.804646
0.386923
-1.706949
-1.810732
0.986842
-1.768068
0.280275
-1.636830
1.805541
1.753204
-1.790463
-1.659195
1.205526
1.831030
-1.619797
1.790443
1.779081
1.682020
1.879029
-1.760155
-1.504919
1.295499
1.760805
-1.772042
-0.603679
-0.662176
-1.778337
-1.765423
0.122473
1.834634
1.825977
1.771452
-1.068705
1.832005
-1.215381
1.730415
1.797755
1.822391
1.677616
1.028518
1.589031
-1.565428
1.784925
-1.769724
1.780217
1.822945
-1.663420
0.939063
-1.543596
1.655824
1.653670
1.805734
-1.691597
-1.745757
-0.682315
-1.637868
1.492935
-1.655261
1.763159
1.644787
-1.747117
1.815444
1.651284
1.232586
-1.765339
1.796908
0.554967
-1.603677
-1.544815
-1.665968
-1.774487
1.812960
-1.253152
1.649294
1.817225
1.634547
1.214693
1.834688
1.443889
1.654025
-0.876445
-0.548270
-1.234384
1.757131
1.768783
1.372834
0.359730
-1.466085
-1.828428
1.820870
-0.549038
1.137109
0.009162
1.795274
1.808059
-1.669381
1.822484
-1.840695
1.762086
-1.840309
1.857017
-1.803517
-1.726309
0.536641
-1.843985
1.625205
-1.563966
1.720606
1.496285
-1.765361
-1.802582
-1.674196
-1.838504
-1.805626
1.841563
-1.744822
1.837556
1.823532
0.884868
1.769004
1.842864
-0.994400
1.741119
1.041518
-1.776754
-1.452865
1.044475
-1.437263
-1.633688
-0.006222
-0.475296
1.737752
0.992940
-1.472346
-1.768210
0.883277
1.558415
1.702769
1.714957
-1.820307
1.608496
1.733782
-1.802529
1.338186
1.484430
1.549296
-1.779058
-1.698484
-1.267772
-1.485792
-0.749322
1.668065
1.704062
1.831814
-1.736239
-1.208080
0.316299
1.812457
-0.085997
0.651235
-1.433290
1.521876
-1.452516
1.781907
-1.765367
-1.802669
-1.741786
1.763340
-1.748406
1.494262
1.062630
0.557834
1.682479
1.450866
-1.789729
-0.710163
-1.836758
1.790890
-1.270735
-1.753628
1.427911
-0.637897
-1.661729
1.691680
-0.164875
-1.628736
-1.130106
-1.604407
0.742662
0.907931
1.799102
-1.712442
-1.748355
1.448465
1.704162
-1.014396
1.829225
-1.759910
-1.613484
-1.742108
1.757569
1.316560
-1.656529
1.848169
0.724671
-1.139141
1.712978
-1.812888
0.964538
1.568832
-1.826812
1.755083
-1.746620
0.976261
-1.768245
-1.803240
1.758803
-1.716502
1.802675
-1.473310
1.025579
-1.612114
-1.770407
-0.596688
-1.316867
1.636746
1.253126
1.811769
-1.611250
1.201615
-1.708347
1.404512
-0.729019
-0.565771
1.826367
1.372787
-1.793550
1.079416
1.741299
1.756709
1.836297
-1.717977
1.659911
0.357430
-1.075696
-1.729611
0.886420
-1.781667
1.713413
-1.585573
-0.296746
-1.624011
1.725734
-0.966839
1.482020
1.794038
1.049785
0.077860
1.677585
1.373581
1.754812
-0.636010
1.603415
1.701080
1.218275
0.904933
1.191753
1.495913
-0.835929
1.680092
1.771691
-1.822753
-1.368101
-1.694266
0.902973
0.202173
1.769560
-1.678964
1.821318
1.666114
-1.837230
1.816521
-1.454625
0.232975
-1.562150
1.280982
-1.800024
1.736419
1.739706
-1.743600
1.755197
1.642245
-1.801784
1.672182
-1.191365
1.509500
-1.798569
1.804804
-0.253046
-1.145193
-1.313873
1.719174
1.584810
-1.403959
1.317175
1.573832
1.018538
-1.218064
1.814826
-0.768174
-1.812032
-1.719367
1.600795
-1.727622
0.651525
-1.724455
-1.566708
1.622535
1.612807
1.788251
-1.030935
1.757565
1.637879
-1.753567
-1.270824
1.709656
-1.557696
-0.916804
1.699103
-1.681845
0.482249
-1.787731
-1.776757
1.806099
-0.040954
1.733662
0.072584
1.577608
-1.736277
-1.845677
1.857616
-1.759860
-1.336483
1.822173
1.821662
1.812599
0.879101
1.848485
1.827275
1.398388
-1.133918
-1.379917
-1.777992
-1.344218
-1.793692
-1.841266
-1.778298
1.764538
-1.191536
1.485092
1.672951
-1.711467
-0.927468
-0.892218
-1.319068
-1.728478
1.508084
1.682201
-1.456006
-1.737861
1.821839
-1.768029
1.662925
1.743152
1.616459
1.817164
-1.810747
1.853421
1.797037
-1.164240
1.701208
-1.255369
0.525823
-1.746483
-1.685041
1.537754
0.758302
1.771245
1.235201
1.302387
1.772508
-1.678654
-1.439653
1.568567
1.699708
-1.741785
-1.268046
-1.742718
-1.613831
-1.713980
-1.779049
-1.635640
0.640520
-1.828538
1.712652
-1.745239
0.733107
-1.752348
-1.791550
-1.351897
-0.021901
-1.865483
1.821718
1.659504
1.547335
1.769257
1.796701
1.723591
-0.997322
1.826019
1.580128
1.794136
-1.373484
1.683101
-1.868548
-1.867718
-1.605297
-1.547332
1.730223
-1.686777
1.756265
-1.052013
1.751415
-1.561360
1.732643
1.265418
0.951576
-1.672458
1.590236
-1.761914
-1.326515
-0.607539
-1.349364
-1.794854
1.463959
-0.682250
1.098833
0.733309
0.340529
-1.739569
-1.009907
-1.673695
-1.245888
-1.807738
1.495007
1.755592
1.558653
0.223292
1.794152
1.693272
1.246471
1.797955
1.812066
1.697908
-1.828490
-1.189312
-1.832261
1.648437
1.775794
-1.845916
-1.600137
-0.979785
-1.667916
-1.544415
1.654505
1.788741
-1.804282
0.685153
1.100531
-1.001718
1.655618
0.816633
-1.001339
-1.835265
-1.175081
1.342888
1.794738
1.436929
-0.989706
-1.791264
-0.728357
0.156081
-1.080079
0.809789
-1.692039
-1.567655
-1.034440
-0.840629
1.678810
-1.823592
-0.745832
-1.797825
-1.476482
-1.786136
1.773617
-1.406327
1.610533
-1.847307
-1.000263
1.781706
1.797365
-1.396086
-1.801233
1.741352
1.806584
-1.830396
-1.715771
1.800265
1.786182
-1.734669
1.215271
-1.518877
1.755379
-1.724509
1.599359
0.762846
1.139335
1.278646
1.841084
-1.771318
-1.723724
1.873632
-1.579163
1.642986
1.639380
-1.798281
1.625873
-1.283606
0.978183
1.424773
-0.825892
1.740091
1.752675
1.254951
-1.487529
1.598202
1.823934
1.762123
1.837168
1.471375
-1.317503
1.821922
-1.759171
1.581478
-1.807674
-1.754489
-1.864506
1.831260
-1.232295
-1.762554
-1.824392
-1.743225
1.754137
-1.399820
1.572253
1.738393
-0.187828
-1.804620
1.755412
-1.774943
-1.783034
-1.159558
-1.781337
0.654034
1.245133
1.630433
0.032017
1.804841
0.713435
-1.745406
1.738074
-1.788308
1.466290
-0.917935
-1.663282
1.357177
-1.766538
1.754359
-1.047104
-1.653562
-1.493461
-0.471065
-0.963835
1.202812
1.421841
-1.788182
1.714835
1.735725
-1.617368
-1.333151
1.520326
-1.636607
1.657122
1.707262
-1.762131
-0.749571
1.738431
1.636457
1.780376
1.800091
1.519903
-1.816165
-1.737543
-1.799251
-1.762824
-1.635453
1.602196
0.372081
1.756974
1.558458
1.715163
-1.699809
-1.276861
-1.214932
-1.632895
1.725105
1.364646
-1.801615
-1.837864
1.831371
1.332136
1.521419
1.357077
1.653358
-1.289937
1.813338
-1.647406
1.712575
-0.972077
-1.822703
-1.490886
1.702258
-1.591690
1.549183
1.798175
-1.645300
1.651793
1.819210
-1.730808
1.221449
0.188787
1.067504
-1.766568
1.773163
1.814092
1.393947
1.427841
-1.748562
-1.837028
1.702017
1.844711
1.664424
1.656374
-1.740095
0.830059
-1.611295
0.862455
-1.588196
1.761526
0.129760
0.059145
-1.165041
1.814005
0.600631
1.010971
1.103935
-0.953606
-1.709088
1.813323
1.654579
1.813832
1.742104
-1.730578
1.808009
-1.317950
1.759102
1.815246
0.538237
1.772831
-1.229849
1.506263
1.835264
1.504535
0.450189
-1.759911
-0.821250
1.717637
-0.714802
-1.779775
-1.804602
1.777306
-1.731128
-1.004670
-1.544132
-1.270018
-1.502662
-1.807660
1.746655
-1.532282
-1.831755
-1.692608
1.751453
1.811066
1.795384
0.890959
0.734693
1.651012
0.798362
1.805052
-1.783146
1.783770
-1.348692
1.689379
-1.642569
-1.232894
-1.056755
-0.748976
-1.811097
-1.552097
1.524255
-1.864338
0.860791
0.938592
-0.794264
1.684247
-1.613437
-1.650558
-1.364374
-1.246525
1.549581
1.283476
-1.574645
1.829727
1.819974
1.710016
-0.821182
-1.540785
1.805137
-1.537163
-1.675939
-1.809521
1.654015
-0.582256
-1.560678
-1.807460
1.797799
1.469445
-1.514677
-1.825737
1.727618
1.751829
1.752589
1.603129
-1.854960
-0.622253
-0.946890
-1.731735
1.366596
-1.411992
-1.836311
-1.726836
1.359644
1.800542
-0.796606
-1.180103
1.829045
-1.654554
1.641960
1.436617
1.016298
1.756946
-1.668500
1.791492
1.745830
1.300494
1.843795
1.521114
1.841573
-1.798951
1.800387
-0.588394
-0.159158
1.826457
-1.724183
-1.753960
-1.765557
-1.166312
1.703975
-1.468841
-0.181232
-1.737856
-1.198128
1.738334
1.527516
-1.262467
-1.570770
0.437838
-1.616539
1.775868
-0.203800
-0.261073
-1.698007
0.941676
-1.436764
1.500096
1.726042
0.947657
1.788602
-1.593847
1.872396
1.821021
-1.749771
1.755571
1.790618
1.706987
-1.689527
1.774467
-1.661379
-1.640427
1.791998
1.727188
1.819988
1.717598
0.093554
1.408375
0.779654
0.061590
-1.288698
-1.837882
-1.670975
-1.814399
0.983654
-1.766243
1.315390
-1.776673
-0.764673
1.513261
1.753373
-1.589193
1.868710
-1.757080
-1.521298
1.773051
-1.750052
-1.841928
-0.473597
1.840298
1.748696
-0.074333
1.740699
1.737897
0.653595
1.222781
1.715237
1.498652
1.463120
1.816110
0.409328
1.062056
-1.779358
1.528326
-1.759243
-1.600313
1.745417
1.656310
1.780911
1.815323
-1.733348
1.763964
-1.771320
1.458034
-1.425973
1.818624
-1.793221
-1.777842
-1.808552
-1.689609
1.796880
-1.754368
-0.908088
-1.347969
1.812671
-0.167889
-1.811272
-1.768336
1.777052
1.645457
0.495814
1.834234
-1.838003
-1.825052
-1.049621
-1.682817
-1.882346
1.768970
1.747761
1.651868
1.637219
1.806781
-0.099221
1.796626
-1.785945
1.634671
1.770474
1.777084
0.892791
-1.506759
-1.137847
-1.715498
-1.716391
1.628346
-1.651685
1.637608
1.650545
1.652940
1.571405
1.503532
1.271570
-1.770330
0.806088
-1.653984
1.779191
1.841953
1.762705
1.687942
-1.638336
-1.627478
-1.837166
-1.783373
-1.826602
1.574275
-1.751730
1.606518
1.576569
1.794397
1.554121
1.473581
-0.346099
0.545170
1.779060
1.775553
1.788412
1.760190
-1.832614
-0.010235
1.767946
-1.670458
-1.754947
1.335129
1.841242
-1.460326
-1.750147
1.221426
-1.313370
1.377694
-1.749590
-1.592769
-1.872173
-1.847967
-1.819924
1.840500
1.362544
1.401798
0.310962
-1.809579
-0.747863
-1.365161
-1.300698
-1.433563
1.787071
-1.488451
1.622114
-1.554950
-1.715912
1.774257
1.849483
-1.653272
-1.761705
-1.817859
-1.704581
1.799555
1.546387
-1.732276
-1.812583
-1.300193
-1.687602
0.648522
1.793673
1.800002
1.686387
-1.810010
-1.799758
-1.720542
1.781963
-1.632616
-1.769726
-1.499148
1.667229
1.776829
1.745958
1.780811
1.736760
-1.138970
-1.390553
1.837494
1.755465
1.845450
1.771248
1.822163
-1.687212
-1.777360
1.797940
1.795904
1.555192
-0.491248
-1.803400
-1.319502
1.630313
-1.636628
0.044819
-1.761506
1.404730
1.698813
-1.753985
0.969528
0.926753
1.823993
1.624519
1.065945
1.419377
0.390994
1.841082
1.745887
-1.834570
-1.714195
-1.803968
1.793116
-0.732798
1.789228
-1.790023
1.671811
1.653077
1.807859
1.549594
1.707919
1.633134
-1.708734
-1.630147
1.583829
-1.873861
-1.845185
-1.717781
0.326290
1.561242
1.571053
1.651217
1.403180
-1.415840
-1.682723
1.778439
1.747239
-1.580568
1.267165
0.353758
1.873719
-1.735460
1.035756
1.725063
-1.816491
-1.731953
1.666316
-1.517203
1.844880
1.740096
0.935462
1.770143
-1.807803
1.635199
1.491911
-1.803438
1.034300
-1.343000
1.462711
-1.761844
-1.698088
-1.370203
-1.424525
1.511515
1.679739
1.854132
1.787440
-1.663582
1.764047
-1.824972
-1.670570
1.484835
-1.602586
1.415295
1.066362
-1.795790
0.260621
-0.646691
-1.748543
-1.667444
-0.008827
-1.623557
-1.432985
1.608836
1.741222
1.801759
1.826815
-1.283969
1.273856
-1.126106
1.169933
-0.876014
-0.777028
-0.723010
-1.603645
-1.293630
1.503110
1.781912
-1.767581
-1.486725
1.814546
1.495601
1.197576
0.186768
-0.674627
-0.082963
1.714595
-1.407659
-1.758546
1.584198
1.814891
0.568298
-0.106548
-1.169658
-1.831505
1.821307
1.840235
1.053430
1.751300
1.851657
1.120219
1.760036
-1.584381
1.708727
-1.829001
1.382133
1.808425
-0.670442
-1.751150
-0.543023
1.782913
-1.462288
1.731568
-1.584221
-1.708632
0.682950
-1.614984
1.825897
-1.800153
1.680172
1.728541
1.749751
1.252709
-1.675855
-1.781372
1.833042
1.753529
1.835310
1.507709
-0.375792
1.495357
-1.264670
-0.732677
-1.812987
-1.770513
1.786607
-1.351362
-1.612917
-1.678398
-1.839668
-0.793392
-1.272269
0.618706
-1.646327
1.440089
-1.297597
1.795793
0.313192
1.486836
-0.070453
1.552700
-0.525546
-1.519238
1.830443
-1.211211
1.212403
1.652515
-1.787113
1.781323
1.837120
1.427527
1.717761
-1.816926
-0.565674
1.119732
-1.319435
0.612193
1.480503
-1.784898
1.791782
-1.634261
-1.723250
1.448061
1.849124
-1.658413
-1.535194
1.816043
-1.791922
1.741366
-1.717098
-1.425570
1.660958
-1.684508
1.774358
1.386636
1.666579
1.660903
-1.537159
0.255387
-1.767011
1.701407
-1.668840
1.637596
1.773044
1.745695
-1.843875
0.082238
-1.412934
-1.290141
1.718964
-0.501969
1.816783
-1.623606
-1.664658
-1.663293
0.268954
1.813712
1.183837
-1.777178
0.588843
0.950437
1.115635
-1.835357
1.863809
1.781956
-0.061690
1.514882
0.818367
-0.961691
1.742602
1.445633
-1.208944
-1.417989
1.736829
0.753663
-1.702784
-0.977762
-0.171977
1.737081
0.524470
1.806397
-0.248877
-1.729006
-1.590029
-1.717741
1.385491
-1.646927
1.692052
1.809102
-1.767209
1.635739
-1.794652
1.685582
-1.828594
0.588165
-1.065726
0.392241
-1.353269
1.714415
-1.076838
1.687003
-1.485233
-1.545463
-1.781472
-1.368286
-1.826557
-1.632814
-1.508349
-0.989627
-0.239716
1.767277
-1.805792
-1.658636
-1.607903
-0.480110
1.790830
-1.755936
1.698079
-1.838039
-1.203161
-1.795946
-1.727984
-1.696284
-1.695217
1.825741
1.772527
1.792192
-1.821949
-1.716792
-1.738261
-1.557904
1.751464
-1.773870
1.371832
-1.784595
1.821719
-1.863458
-1.409426
1.329846
-1.429273
-1.664363
-1.749373
1.220232
0.338807
1.781934
1.488074
-1.629467
0.891773
1.046059
1.684257
1.780630
1.298690
-1.528432
1.808680
1.571661
-1.780119
-1.694885
1.792753
-1.587399
-1.714093
-1.164746
-1.246822
1.414584
-1.250821
-1.594241
1.739644
1.813623
-1.826386
-1.846789
-1.650571
1.595348
-1.753291
1.795210
1.639935
1.577245
0.800053
-1.784035
1.645199
1.601051
1.826696
1.545634
-1.741294
1.795956
-1.832492
1.619592
-1.838882
-1.820077
0.943613
-0.054320
-0.908725
1.803447
-1.678123
1.397789
-1.712231
-1.602179
-1.201974
1.472627
-1.066638
-1.590545
-0.592176
-0.997271
-1.707840
1.409799
-1.798127
-1.792340
0.803309
0.747391
1.068363
0.689414
-0.969387
1.582271
1.841425
1.700515
1.810902
1.569018
-1.481932
-1.660989
0.712437
1.781314
1.220440
-0.122315
1.730974
1.799939
-1.714026
-1.845117
-0.684342
1.721047
1.802703
1.034724
-1.641967
0.323302
-1.759678
-1.800669
1.691258
-1.040638
1.708639
-1.309248
-1.817665
-1.735484
-1.703615
-1.735795
-1.703851
-1.653542
-1.615246
1.369214
-1.768110
1.790237
1.736449
1.737390
-1.720593
1.772456
1.587999
1.831920
-1.159064
-1.872339
1.281720
-1.294586
1.832553
1.616862
-0.629504
-1.790883
1.433668
1.817959
0.207505
0.132724
-1.057802
1.816650
1.777787
-1.806545
1.771890
-1.838818
-1.733540
-1.752915
1.817637
-1.412029
-1.364589
1.200868
0.883867
-0.819199
1.219130
-1.793650
-1.683008
-1.618520
-1.089257
-1.799327
1.709371
1.832229
1.824239
1.832459
1.602774
-1.696683
-0.600731
1.682287
-1.744970
-1.727787
1.698877
1.842666
-1.774161
1.245075
1.638111
-1.104432
0.955822
-0.682505
-0.993139
1.513647
-0.044497
1.457309
-0.935789
-0.974631
-1.641110
0.531520
1.836072
0.024559
-1.635789
-1.364497
-1.660642
1.710005
1.519907
1.764701
-1.735966
-1.709393
-1.599891
0.104839
1.688030
1.806453
-1.482225
-1.154915
-1.850500
-1.631293
-1.357989
1.874044
-1.530797
-1.365257
-1.500317
1.521297
-1.781482
-1.568641
-1.685695
0.066713
-1.820676
-1.531119
-1.361847
-1.745964
1.848946
-1.399892
1.507850
-1.057950
0.362978
-1.870053
1.814862
-1.787689
-1.822960
-1.761289
1.794723
1.763040
1.773133
-0.142501
1.672069
1.678255
-1.670937
-1.788052
-1.568874
-1.812089
1.829371
1.741581
-1.841482
-1.738759
-1.203862
0.754458
0.237464
1.496466
-1.383707
-1.371391
-0.145915
1.253924
0.650828
-0.970281
1.262043
1.806208
1.410197
-0.716709
-0.978505
-0.045125
-1.767063
1.732577
-1.724049
1.729552
1.738449
-1.829479
1.637424
1.073163
-1.669735
1.548482
-1.376963
1.019560
1.813994
-1.106099
-1.685631
1.726434
-1.792760
-1.588140
1.759920
-1.652517
-1.751070
-1.757158
1.434830
-1.532872
-1.674116
-1.819434
-1.808826
-1.725501
-1.323613
-1.389708
1.830554
-1.364135
1.540896
-1.778758
-1.841186
-1.681957
1.630356
1.800768
1.088263
-1.811568
-1.802550
1.848793
-0.088548
1.770512
-1.184084
-1.812303
0.957485
1.761735
1.672171
-0.189422
-0.493712
1.773682
1.496980
1.199467
-1.487622
1.848088
-1.727868
-1.102572
-1.104582
-1.777758
-1.800900
1.759816
1.829777
1.728265
1.784555
1.596447
1.519254
-1.298700
1.763813
-1.298582
1.751558
-1.801740
1.743057
1.731147
-1.716981
-1.759199
-0.313700
1.797573
1.436190
0.363046
1.491860
-1.660512
1.788039
1.591006
1.825858
1.778816
-1.726894
1.853393
1.813889
1.838438
-0.307141
1.806880
-1.517408
1.043855
1.806976
1.807484
1.688547
-1.658257
1.784572
-1.554613
1.741619
1.856691
-1.605833
1.795696
1.765995
-1.417653
-1.674541
-1.156962
1.022400
0.261660
-1.864094
1.794212
-1.511495
-1.714646
-0.816768
-1.760396
1.573622
1.812819
-1.391481
1.464545
1.679478
1.826578
-1.739894
1.652118
1.802917
1.843450
0.622846
-1.345908
1.821683
1.824940
-1.730461
-0.869904
-1.722545
1.051725
-1.330025
1.583397
-1.833588
-1.635202
-1.785245
-1.482912
1.050500
-1.702212
-1.797974
1.798455
-1.653830
-1.694850
1.850657
1.534322
-1.669235
-1.459694
-1.724931
-0.755254
0.992876
-1.772931
-1.640470
-1.109345
0.563015
-1.785362
-1.746224
1.201853
1.335431
1.804581
1.760490
1.698421
-1.586100
-1.805757
1.821383
1.829874
-1.832934
-1.766574
-1.420351
-1.675307
-1.035515
1.811546
1.596311
-1.485224
1.640080
-1.482314
1.473831
-1.379504
-1.737934
-1.828898
1.790800
1.636702
-1.561251
-1.752027
1.006085
-1.536284
-1.111530
1.224807
1.474825
-1.788939
0.537916
1.808431
1.712100
-1.528592
-0.363088
-0.453203
1.716275
0.613466
-1.790898
-0.456358
-1.714834
1.565652
-1.729246
-1.585944
0.306136
-1.622803
1.819078
-1.730366
-1.480301
-1.847334
-1.831191
1.778079
-1.812617
-0.897208
-1.689392
0.273416
1.823474
1.814696
1.805948
-1.773564
0.440104
-1.662645
1.754857
-1.747053
-1.830859
-1.746486
-1.624562
-1.803414
-1.328887
-0.005004
1.051922
-1.332232
-1.735463
-1.589009
-1.359830
-0.884082
-1.278897
1.669957
1.668442
1.667502
1.444222
1.827370
1.768450
1.421626
1.763312
-1.709122
-1.563874
-1.472999
-1.388621
1.230886
1.695896
0.780368
-1.809629
-1.816511
-1.452982
1.790889
1.768244
-0.081470
-1.550358
-1.723475
-1.733185
1.829628
1.806530
-1.371883
-1.678598
-1.732981
-1.333168
1.687794
1.144288
-1.720695
-1.722955
1.813470
-1.689337
0.754026
-1.663729
1.782421
-1.792459
-1.772068
1.800297
-1.497743
1.397129
-1.675776
-1.610290
1.793594
-1.605217
-1.785510
1.661953
-1.599913
-1.775321
-1.760599
-1.724203
1.887044
-1.100863
1.748523
1.681624
1.845160
1.819754
1.862809
-1.435820
1.685809
1.768940
1.743084
1.690985
1.688949
-1.553784
-1.591342
-0.711773
-1.710843
-1.787438
0.988068
1.498873
1.072688
-1.420413
-1.812536
-1.244597
0.845041
1.753238
1.263262
-1.809523
0.515609
1.547810
-0.972431
0.092143
-0.295507
0.617308
1.782003
-1.823137
1.542752
-1.693358
1.694324
-1.369368
1.809565
1.220583
-1.843089
-1.676586
-0.764225
-1.595727
1.475031
-1.815291
1.134472
-0.121983
-1.295365
1.716407
1.746684
-1.687671
1.732833
1.667184
1.808351
-1.777176
1.722437
-0.068434
-1.806778
-1.741809
1.736526
-1.788265
1.742227
1.373672
1.665876
-1.828791
-1.627004
1.771384
1.702580
-1.431712
-1.782619
1.756780
1.789801
0.833708
-1.260149
1.751780
1.709843
1.793338
0.219161
1.206458
1.788838
1.725350
-1.623494
-1.310225
1.781079
1.600558
1.833334
-1.873201
1.755550
1.549967
-1.828671
1.262995
0.854936
1.602379
1.797754
-1.820340
0.845338
-1.832244
-1.015349
1.454157
1.671811
1.780890
-1.634212
1.809907
1.674449
1.673005
0.422291
1.780637
1.743607
-1.784071
0.536796
1.823446
-1.810609
-1.378148
0.244660
-1.440129
-1.694995
0.028431
1.170797
-1.755249
-0.488536
-1.679166
-1.785654
1.264222
-1.356006
1.585933
-1.468374
-1.792542
1.307069
1.787847
1.424354
1.844887
1.749548
0.749783
-1.540741
0.751557
-0.157944
-1.781864
-1.750041
1.834924
0.403904
1.776395
1.535381
1.771422
1.676403
-0.366654
1.825921
1.681276
-1.583249
-1.758682
-1.344266
0.103084
1.619423
-1.816688
-1.819848
-1.254375
1.772373
-1.667642
1.731488
-1.757874
1.852645
1.174275
-1.839691
-1.685204
-1.530255
1.790476
-1.802280
-1.839130
1.293747
1.609537
-1.351385
-1.760796
1.846754
0.832476
-1.776486
0.004344
-1.834437
1.385537
-1.802885
-1.767674
1.464015
1.828901
1.786455
-1.796379
-0.588299
1.807781
-1.566851
1.777521
-1.611622
1.188339
1.793432
-1.664883
1.805295
-1.691109
-1.679658
-1.297652
1.809388
-0.175001
1.782837
-1.772729
-1.774902
1.302556
1.792779
1.705353
-1.797817
1.668123
-1.692134
1.774578
1.507903
-0.485265
-1.841625
-1.703743
-1.767296
-1.132878
1.765829
-1.732203
1.785196
1.387841
1.859912
-1.869329
-1.650139
-1.667628
0.736651
-1.825689
1.736758
1.707247
-1.778256
1.740954
1.787432
-1.788775
-1.810999
-1.505284
1.831480
1.553654
-1.592109
-0.987008
-1.623848
-1.823249
-1.792981
1.576908
-1.723808
-1.747205
1.621726
-0.004990
-1.411529
1.812472
1.756318
1.743915
-0.035864
1.707252
1.724515
-1.660970
-1.766143
0.083826
-1.481304
-1.816804
-1.773500
-0.001201
1.796732
-0.453125
-0.590644
-1.834443
1.793233
-1.774363
-0.824232
-1.450989
-1.669161
-1.792303
-1.314253
-1.749074
-0.405667
1.186919
1.680119
1.824545
1.638447
-0.558615
-1.787580
-1.644590
1.677805
1.760153
-1.594866
1.673285
1.742494
-0.586867
-1.788082
1.671948
1.694253
-1.481385
1.765995
-1.779968
-1.670421
0.721366
1.310776
-1.712992
0.878643
-0.248041
0.908843
1.385320
-1.598193
1.143779
1.803027
1.072837
1.515326
-1.524389
1.814018
1.763626
0.471210
-1.672393
-1.507730
1.777729
1.818035
1.789935
0.591106
-1.752901
1.624478
1.712810
1.768369
-1.729463
1.186036
1.825193
-1.738035
1.478398
1.761910
1.763803
1.781553
1.829175
-1.702279
-0.116028
1.715704
-0.384510
-1.565968
-1.224686
0.590495
-1.274304
-1.811843
-1.599410
0.564256
-1.623701
1.712601
-1.677792
1.700834
1.678963
1.792076
-0.045929
-1.860041
1.838348
-0.753517
-1.756752
-1.402486
1.707191
0.520391
0.469689
-1.826047
-1.217334
-1.214508
-1.719813
1.418366
1.742614
1.679341
-0.650185
1.783635
-1.651839
1.740539
1.249504
-0.066010
1.784436
-1.676935
-1.816833
1.539774
1.797977
0.531210
1.726678
-1.233729
0.023316
1.730079
1.264138
-1.695058
-0.745249
-1.506000
-1.694598
1.475038
0.981230
-1.738870
1.801243
1.466598
1.515833
1.757180
-1.005603
1.804669
1.806426
1.716588
-1.472795
1.655718
1.371377
-1.775906
-1.591351
1.750384
1.665496
1.376351
-0.131268
-1.101228
-1.781851
-1.749271
1.768126
1.132463
1.642498
1.789983
1.768790
-1.714719
-1.061902
-1.603814
1.815949
0.814103
1.799879
-1.416344
1.726450
1.820502
1.523268
-0.882476
1.729592
1.541062
-1.142939
1.838586
-0.733492
1.761775
1.718075
-1.679089
-1.753563
1.813664
-1.693370
-1.550545
1.713471
-1.887047
1.872282
1.723069
-1.476600
1.791328
-1.537415
0.233256
1.588227
-1.693202
1.257452
1.196760
-1.702197
-1.691297
1.778075
-1.761071
1.339444
-1.786203
-1.745658
-1.710650
-1.385160
-0.500890
1.743335
-1.738492
-1.475489
-1.065405
-1.848374
1.335628
1.595049
1.813033
1.765668
-1.834383
1.542149
1.721020
1.829993
1.801965
-1.121429
-1.742328
-1.842111
-1.804602
1.810335
1.732872
-1.774075
-1.515549
1.611920
1.665887
-1.780730
-1.556904
1.448054
-1.144617
1.593226
-0.220531
1.394013
1.691438
-1.597008
1.683840
-0.857048
-1.751811
-1.421477
-1.560073
1.530386
1.642243
-1.801675
-1.671757
-1.787427
-1.806939
1.785695
-1.832402
-1.730869
-1.877006
1.588510
-1.619330
1.230865
-1.794130
1.359584
-1.297555
-1.645751
-1.819053
1.796721
1.618126
1.574938
-1.302190
-1.458907
1.447559
1.173197
1.656559
0.115212
1.704190
1.774115
-1.366688
1.262556
0.111721
1.719623
-1.598533
-1.751257
1.645825
0.885948
-1.852991
-1.748800
0.845567
-1.663127
1.100873
-0.287590
-1.417378
1.765564
1.197931
1.319972
1.705813
1.742113
-1.541081
1.004235
-1.843452
-0.272210
1.818709
-1.396997
-1.603182
-1.766635
-1.440302
-1.666210
-1.820191
0.013760
-1.731218
1.086489
-1.777148
1.841214
-1.712469
-1.447445
-1.609713
1.775166
-0.301347
-1.798405
0.148258
1.775171
-1.764986
1.767649
1.590816
1.588392
1.169264
-1.807829
-1.649976
1.779671
1.715857
1.327301
-0.084740
1.824214
-1.704440
1.664400
1.521825
-0.058613
1.275014
1.797208
-1.472680
1.558029
-1.852848
-1.491465
-1.264040
1.805532
-1.837487
1.771088
1.778954
-1.485734
-1.077333
-1.421867
1.026633
-1.407247
1.727322
-1.818866
-1.787941
-0.812455
-0.978035
1.763701
-0.865620
1.822277
-0.863289
1.747725
-1.716472
-1.836806
1.705362
-1.457468
1.746652
1.749368
-1.170861
-1.376981
1.810339
-1.804556
1.514156
-1.724761
1.720418
1.712768
0.774846
-1.538402
-1.801411
-1.799925
-1.244666
1.854947
1.772029
-1.568814
0.790445
-1.435756
-1.730263
-0.067739
1.567716
1.690789
-1.504719
-1.351536
1.305388
-1.258710
-0.788134
-0.758908
0.539825
1.691318
1.805596
-1.520477
-1.715328
1.763213
0.148116
0.071904
1.755373
-1.854029
1.770400
-1.242012
1.319758
1.243216
-1.742395
-1.846526
0.775942
1.499531
1.867572
1.600593
-0.309944
-1.835222
-0.771198
1.666306
1.420261
1.575791
-1.627345
1.312910
1.697211
-1.720120
1.606539
0.628357
-0.686813
-1.825621
-1.713944
1.816738
1.852497
0.978303
0.113032
1.391918
1.688565
-1.164663
1.589889
-1.809902
1.312329
1.754674
1.704896
-1.770914
1.680211
-1.428320
1.622673
-1.813946
1.786280
1.766157
1.121588
-1.801033
-0.910191
1.754909
1.692657
-1.751604
-0.499691
-1.816082
1.654749
-1.788185
-1.178593
-0.462166
-1.792964
1.714064
1.094431
-1.730087
1.523747
-1.675533
-1.554439
-1.775057
-1.757638
1.768221
-1.829298
-1.645182
0.603484
0.950730
1.808810
-1.653277
-1.597432
-1.810688
-1.777562
1.035006
1.568928
1.620943
1.544487
-1.558578
-1.684208
-0.521121
-1.291469
1.760564
0.197359
-1.513459
-1.668567
-0.009143
1.779168
0.672238
-0.739107
1.833035
-1.699426
-1.616307
-1.840471
1.698516
1.789503
-1.794760
1.750412
1.614532
-1.600741
-1.778063
-1.432999
1.693331
1.771521
1.341307
-1.775526
-1.758777
-0.495681
-0.792087
1.820544
1.174685
-0.031115
1.789047
-1.534151
-1.264450
1.778274
-1.721598
-0.130933
-0.971540
-1.815660
-0.618177
1.362565
-1.800362
1.817554
0.478861
-1.800119
-1.703136
-0.943434
-1.751917
-1.517377
-1.764591
1.479444
-1.543102
-1.766665
1.740623
-1.627988
0.988256
-1.711444
-1.501885
1.509212
-1.236234
1.693744
1.721790
-1.756505
1.797905
-1.809329
-0.635191
-1.239455
-0.824896
-1.429672
0.853195
-1.794581
1.235843
-1.141241
1.740352
1.811804
-1.694775
1.719328
-1.781103
1.798520
0.170090
1.846194
-1.323155
-1.646065
1.815513
-1.555086
1.791395
-1.247990
-0.103798
-1.277609
-1.780604
1.664731
-1.752081
-1.350190
1.653874
1.679377
-1.804000
1.618912
-1.825028
1.303035
0.421378
1.779067
-1.573661
-1.723123
-1.805813
1.563246
1.301935
-1.645560
1.800372
1.683122
-0.000607
1.152654
1.293338
1.789815
-1.380117
-1.626764
1.481988
1.136978
-1.501717
-1.691498
-0.836264
1.701184
1.835854
-1.038920
-1.466956
-1.801904
1.870514
-1.739899
-1.668318
-1.768924
0.057147
-1.451521
-1.464236
-1.317737
0.006597
1.812278
1.597071
1.797491
1.768053
-1.717092
1.720022
1.791828
-0.529721
1.541093
-1.789828
1.732261
-1.744881
1.759251
1.024990
1.128707
-1.685986
-1.728710
1.774507
-0.081100
-1.009960
-1.595914
0.374544
-1.582319
-1.640602
1.857289
1.177197
1.823337
1.693695
1.471618
1.574714
1.620163
-1.648788
1.108730
1.623031
-1.518279
-1.780466
1.656131
-1.683928
1.677241
-1.853600
-0.688224
1.819103
-0.390210
-0.950662
-1.485993
-0.576017
0.866511
-1.737919
1.826534
-1.681898
1.714461
1.172822
-1.660260
1.602076
1.222701
1.749050
-0.686300
1.531485
-1.755104
-1.670239
-1.590535
-1.696013
1.113332
-1.659718
-1.837236
1.665753
1.745961
-1.667148
-1.733266
1.296289
1.627827
-1.773508
-0.912510
-1.513755
1.668730
-1.740444
0.099373
0.291546
-1.691523
1.818920
0.197840
-1.632421
-1.658590
1.809935
-1.815914
1.785709
1.749287
1.574405
1.497548
-1.740495
0.995090
0.092537
-1.848051
0.685370
1.736650
1.140744
1.867738
1.722694
0.889904
1.703061
-1.810829
1.826294
-1.088138
1.625174
1.682352
1.772048
-1.741544
0.969023
1.370470
-1.659528
-1.694760
1.720506
1.632459
1.869408
1.354113
1.782858
-0.662879
-1.708145
1.369281
1.831769
1.706982
-1.707080
-1.846403
1.587422
-1.841375
-1.817550
-1.819178
-1.741211
0.079189
-1.780139
-1.795444
1.785395
-1.473679
-1.445073
-1.494455
1.559020
1.795899
-1.723295
1.529899
-1.330873
1.677196
-1.690918
-1.814734
1.768661
1.625098
1.478715
1.806683
1.759101
-1.362869
-1.819407
-1.542882
-1.733962
-1.698444
1.693506
1.597367
-1.667471
1.672025
1.827467
-1.561836
1.805623
1.820253
-0.569509
-1.728156
1.593807
1.695181
1.765536
1.836988
-0.965801
1.394469
-1.712910
-1.075206
1.749587
1.623372
-1.655197
1.840898
-1.772809
0.517596
1.621634
-0.115844
-1.828473
-1.729905
-0.657250
1.599730
-1.818843
-1.707697
1.730893
-0.938755
1.540957
-1.615545
1.704292
-1.440204
-1.726633
-1.379404
1.791999
-1.657783
-1.676361
1.253307
-1.654021
-1.487035
-1.677327
-0.271356
1.834805
1.797599
-0.974910
1.302880
-1.651529
-1.679574
-1.762763
-1.761517
1.431076
-0.259026
0.734675
-1.831278
1.746595
1.441682
-1.801447
-1.579072
1.679030
1.349719
-1.571368
1.601182
0.512227
1.777453
-1.724905
-1.494747
1.863383
-1.217746
1.842067
1.805804
-0.460155
1.745763
-1.563882
-1.755497
1.421051
-0.021272
1.725925
-1.625371
1.738124
-1.828204
-1.678909
1.785499
1.829134
-1.842587
-1.310663
1.816754
-1.653227
0.565695
1.797917
-1.825517
-1.821840
-1.765765
-1.603643
-1.885689
-1.807495
1.631418
1.819046
-1.674189
1.391419
-1.716241
-1.693782
1.711235
1.845192
1.814074
-0.898502
1.794361
-1.571547
-0.141959
-1.185062
1.781670
0.844796
1.831684
1.696629
1.714644
0.668874
1.745335
1.804187
-1.495741
0.583275
1.475601
1.746150
1.809035
-0.489388
-1.707986
1.400421
0.075676
-0.545496
-1.476514
-1.835693
-1.751946
-1.699445
-1.402401
-1.820088
-1.165069
-1.636164
-0.658057
-0.991640
-0.620471
-1.005176
-1.886159
1.802142
-0.845656
1.334857
-1.726675
-1.657770
1.495108
-1.692937
-1.710710
1.836297
0.001787
-1.068564
1.446432
-1.695160
-1.662206
-1.755384
1.690240
-1.777762
-1.348552
-1.487998
0.913676
-1.830037
1.470919
1.507146
1.290122
-0.165644
-1.754455
-1.720675
1.705623
-0.855886
-0.981297
-1.845378
1.734915
-1.667080
-1.712304
-1.777588
1.392286
1.832193
0.494452
1.678805
-1.667271
1.788056
1.542678
-1.771104
0.640981
1.332446
-0.625406
-1.744774
-1.798854
1.815402
0.439289
-1.738464
-1.782879
1.770638
-0.400685
-0.913260
0.321194
-1.819398
-1.761526
-1.706338
-0.246103
1.806276
0.538737
-1.826417
-1.734653
-1.706431
0.990967
-1.795487
-0.163055
-1.705964
-1.291759
-0.311894
-1.701765
-1.731927
1.678265
-0.757185
0.670005
1.769288
1.776826
1.514478
-1.777718
-1.532600
1.612602
-0.712148
1.715896
1.732852
-1.112459
1.153395
1.546173
0.482773
1.725221
-1.797574
1.061561
1.212188
-1.745382
-1.581657
-1.275845
1.724250
1.664949
-1.758252
-1.803799
-1.170555
1.789132
-1.684530
0.668021
-1.839668
-1.620155
1.663518
-0.055620
1.626164
-1.787915
1.145255
-1.168147
-1.492005
1.603067
-0.485338
-0.986139
-1.660262
-1.698033
-0.950637
-1.763384
1.773605
-1.549834
-1.758259
1.740352
-1.807852
-1.715972
1.710092
-1.718726
-0.103729
-0.394278
-1.790651
1.407214
1.217663
-1.603473
0.635270
-1.771234
1.245465
1.788571
-1.597147
0.894476
-1.475181
0.460255
1.822164
-1.841291
1.290502
-1.455672
1.302405
1.596042
-1.822474
-1.385550
1.715805
1.735468
1.853130
1.815696
-1.061459
-1.551611
-0.801911
1.735975
1.715068
1.865960
1.658822
1.769150
1.812872
-1.811594
-1.672300
1.826292
-1.787723
1.827428
-1.672607
-1.840910
0.052381
1.800216
1.073809
-1.511948
-1.347107
-1.805360
-0.049947
1.768459
1.609803
1.890398
0.968464
1.725546
1.731796
-0.524228
-1.543151
1.794835
1.621876
1.090574
-1.682837
1.086622
0.065912
0.394779
1.379933
-1.632783
-1.786312
1.144457
1.823041
-1.321179
-1.789520
-1.141868
1.822137
-1.793906
1.834733
-1.180256
-1.744211
1.508322
-1.517533
1.730789
1.760745
1.668738
-1.749089
-1.475553
-1.564762
1.545808
-1.022495
1.766583
-0.039951
1.725605
-1.842705
1.448059
-1.549680
1.721544
1.847158
-1.852766
-1.783165
1.766488
1.818421
-1.748039
1.775661
1.799031
1.596669
1.053712
1.674570
-1.532376
-1.656154
-1.579942
1.539814
1.720860
-1.697632
0.353126
-1.766194
-1.793758
1.836794
-1.659618
-1.781529
0.445716
1.721006
-1.784449
-1.307607
1.765389
-1.787823
1.788702
1.811497
-1.529210
-1.712969
1.419779
1.817788
-1.726434
-1.710796
1.303254
1.620012
1.530187
0.826983
-1.742959
1.652783
1.634669
1.118392
-1.805220
-1.617027
-1.823363
-1.561181
1.790419
-1.782410
1.805593
-1.662252
1.423368
1.663686
1.709460
1.564526
-1.761958
1.780288
1.730979
1.728221
1.238338
1.344524
1.752569
-1.615316
-1.645432
1.819739
-1.787672
1.852903
-0.571741
-1.830348
1.753633
1.557187
-0.006392
1.414635
-1.329888
0.126149
-1.845280
-1.606791
1.706322
1.194625
1.490483
1.690536
-0.883241
1.745012
0.069746
1.876737
-1.375825
-1.815839
1.792179
-1.781585
0.879101
1.825510
1.727793
-1.346640
1.130669
0.808422
1.765459
-0.975879
1.481341
-1.806729
1.553835
1.644785
1.560434
1.708971
-1.149046
-1.434478
-0.087488
-1.702075
1.585872
-1.464186
-1.749919
-1.826489
1.842163
-0.487816
-1.795194
1.796576
-1.836095
-0.842197
-1.537165
-1.483825
1.655849
1.369839
-1.093153
-1.554835
-1.717307
1.723590
1.747963
1.735257
1.829686
1.636575
1.734223
0.686714
1.839382
1.805007
1.838361
1.622016
-1.328460
-1.163667
1.793295
-1.733136
0.544432
-1.232198
-1.622825
-1.697008
1.723586
1.826067
1.705978
-1.278788
-1.804126
-1.813377
1.752777
-1.553580
-1.438532
-1.673640
-1.638625
1.739528
-1.006934
0.952514
-1.795576
-1.816631
-1.813096
-1.624920
-1.673159
-1.728730
-1.634904
0.862456
1.751882
1.775226
-1.285229
-1.782816
-1.778726
1.777918
1.695235
0.789938
1.632572
1.304744
-0.760577
-0.892671
1.733202
-1.728104
0.086246
0.957561
-1.728787
-1.787452
-1.772751
1.248325
1.593841
1.794828
0.018883
-1.840395
-0.952625
-1.765724
-0.198875
-1.335954
-1.531430
0.967637
1.848431
-1.748056
1.787285
-1.691029
1.774969
1.063432
-1.833623
-1.735015
-1.791072
-1.486036
-1.745636
-1.817390
1.061578
1.684865
-1.510611
-1.178248
1.045569
1.806857
-1.716267
-0.924301
-1.792035
1.633513
1.817630
1.486662
0.807918
-1.780897
-0.686179
-1.217160
-1.495368
1.688134
-0.083119
-1.835369
1.586669
1.673016
-1.143757
1.736847
-1.615766
-1.700076
-1.731743
1.724189
-1.738407
-0.056180
-0.918751
1.733843
1.797647
1.418117
-1.129849
-1.756080
1.763335
-1.632352
-1.822379
0.753683
1.243362
-1.626495
-1.419630
-1.657620
1.809556
1.172612
-0.923012
0.251435
1.630736
1.790212
-1.795676
1.839237
-1.393482
1.760727
-1.025088
-1.539394
1.346432
1.810182
1.864274
1.770857
-1.545434
-1.080592
-1.574054
1.799275
1.736331
1.762171
1.841036
-1.743260
-1.716032
-1.558279
-1.804465
-1.727659
1.713150
1.627958
-1.467546
-1.744254
1.752549
1.713303
1.661914
-0.861435
1.660799
1.234292
-1.318810
1.774811
1.384995
1.810262
1.759070
-0.320024
1.816795
-1.771719
1.335421
-1.654010
1.572087
1.336956
-1.652011
1.891615
1.658424
1.829856
-1.698518
0.481628
1.820803
1.842697
0.084945
1.686064
-1.867564
0.581967
1.805456
1.865208
-1.813242
-1.886001
-1.760638
1.759796
1.795126
1.760654
-1.739674
-1.679787
-1.778297
1.738152
-1.820667
-0.694939
-1.671115
-1.881617
0.640332
-0.504485
-1.791445
-1.667047
1.368416
1.353954
-1.832789
-0.718331
1.790720
1.709224
-1.509949
-1.658141
1.750875
-1.641002
1.641366
1.555070
-1.841667
1.633638
1.708815
-0.162104
1.214264
1.741633
0.556924
-1.115311
1.839859
0.005423
1.649951
1.179567
-1.809548
0.065129
1.799628
1.619794
1.834838
-1.071846
-1.694408
1.879330
-1.566213
-1.625563
-0.881473
1.406491
1.667154
0.657334
-1.759545
1.743128
-1.809410
-1.826875
1.495434
1.318915
1.558082
1.688103
-1.629027
1.678197
1.108515
1.782484
1.760668
1.842595
1.219412
-1.795627
-1.340571
1.608023
1.781192
-1.731826
-1.765752
1.679441
-1.809215
-1.436185
1.803304
1.726180
1.836479
-0.740537
-1.582162
1.557369
-1.786090
0.041677
1.707440
1.321073
-1.749318
-1.474150
1.844831
-0.877971
1.834625
-1.545202
-1.768093
0.339633
-0.426358
-1.770147
1.639457
-0.137190
1.248988
-1.862120
1.756476
1.768897
0.444461
1.526229
1.570870
-1.676728
1.418934
0.461755
-1.834525
1.775582
1.632645
-1.490984
1.845180
-1.670188
1.771370
1.817363
-1.258421
1.254977
-1.582398
-1.818976
1.726275
1.585755
1.035416
-1.771573
-1.372427
-1.585510
-1.404675
1.507191
0.670966
-1.431314
-1.800562
1.649121
-1.657554
1.753696
-0.761201
1.761156
1.619655
1.646788
1.778970
1.774083
1.745838
1.828237
1.813135
0.016836
1.527767
1.391817
1.840048
1.785441
-0.415778
0.872540
-1.712365
-1.783444
1.547876
1.380880
-1.764459
1.660799
-1.443573
1.590115
-1.749481
1.589560
-1.586567
1.674571
-1.747720
-1.606584
1.803863
-1.837118
1.159538
1.883117
1.758344
-1.772385
1.862883
-1.248083
-1.728522
-1.082222
0.639438
-1.784304
-1.679167
-1.807704
-0.167799
1.858151
1.851470
-1.657634
1.483077
-0.348651
1.060469
-1.751549
1.862518
-1.747229
0.229728
0.256270
1.743265
1.677027
-1.760638
-1.795330
1.861808
1.747917
-1.305059
1.790234
1.758085
1.740004
1.656637
0.932138
-1.737406
1.583393
-1.395054
0.759316
-1.774594
-1.739106
-1.769205
1.799631
0.128525
1.705075
-1.696305
-1.677936
-1.031398
1.443748
1.736594
-1.669927
0.711805
1.201936
1.821920
1.829349
1.735235
1.792107
-1.791010
1.811286
-1.856634
-1.602612
-1.654896
-1.448260
1.112722
1.338320
1.373638
-1.482936
1.769105
-1.513772
1.328752
1.001334
1.803303
-1.638498
1.391209
-1.791400
1.463376
1.679966
-1.761365
-1.827051
-1.800428
-1.722548
1.737703
0.632847
1.515367
-1.385164
-1.397065
-1.750639
1.796698
-1.724050
-0.476896
1.810914
1.590248
1.500268
-1.003672
0.258231
-1.796299
-1.790247
1.702754
-0.729407
-1.665134
-0.302830
-1.459394
-1.788527
1.764660
-1.756769
-1.592956
-1.740747
1.620091
-1.414917
-1.690631
1.569906
-1.534913
1.069354
1.763819
-1.277691
-1.546409
0.811202
-1.666817
-1.785014
1.425839
-1.410158
1.672969
1.619522
-1.770689
1.702167
1.637852
1.283916
-1.594011
1.724150
1.775360
1.807111
-1.583249
1.679551
-1.327237
-1.828960
-1.627275
-1.825579
-0.808173
1.650901
0.590781
1.855468
1.821428
1.670513
-1.591241
-0.503948
-1.222418
1.503920
1.702738
-1.501972
-1.187606
1.786331
0.584332
-1.782433
-1.638813
-1.807822
1.527509
-0.048075
-1.639987
-0.232725
1.837219
1.252856
-1.704497
1.608334
1.596379
-1.799081
-1.757240
1.839861
-0.768764
-1.453114
-1.765977
-1.787623
-1.829186
-1.800166
1.816995
-1.757348
-1.617040
-0.384718
-0.700478
0.536910
1.770423
0.386611
-0.565544
-1.780812
-1.867936
-1.704149
1.701215
-1.845756
-1.780370
-0.841247
1.593183
1.519016
1.711170
1.101848
-0.725410
1.446738
-1.813499
-1.561663
-1.176678
-1.771049
1.602078
-1.567712
-1.766657
-1.525627
1.809688
1.691555
-1.475338
1.821915
1.453027
1.677411
1.667802
-1.754149
-1.392993
0.654783
1.064159
-1.554402
-1.631764
1.645589
1.779884
-1.733035
1.790602
-1.642054
-1.265412
-1.794203
-1.730690
-1.231797
-1.838534
0.495112
-1.670945
1.599646
-0.779684
-1.746729
-0.799266
-1.222636
1.789842
1.524848
1.180903
1.738054
-0.111756
-1.248027
1.641285
-1.795282
1.736803
-1.821048
1.734608
1.777113
1.804322
-1.430690
1.013279
-1.551050
0.214706
-0.903875
-1.436873
-1.725249
1.778750
-1.560585
-1.099755
1.867831
-0.555194
-1.674282
-0.666165
-0.986811
1.617458
-1.270602
-1.654996
1.874733
-1.700866
1.750989
1.743761
-1.811203
-1.544021
1.893511
-1.679438
-1.759801
-1.721559
-1.527606
1.763433
1.731351
-1.834925
1.509018
-1.752766
-1.631128
-1.127261
-1.310283
1.182917
-1.842486
-0.325143
1.796063
1.198723
-1.468120
-0.061232
1.685274
-0.353619
-1.691556
0.958135
-1.615066
1.523347
-1.416372
1.831089
1.592150
1.664846
-1.313342
1.202280
1.592939
-0.088865
1.849175
-1.829608
-1.692551
1.815719
1.718618
1.614971
-1.606145
-1.801687
-1.705453
1.233287
-1.512139
-1.777015
1.670808
-0.329606
0.412505
1.848282
1.703257
1.816122
-1.415662
0.032205
0.978806
1.752589
1.541939
-1.827790
1.785783
-1.716778
1.825231
-0.296138
0.023041
1.741398
1.825670
-1.696669
0.249427
1.804997
-1.735133
-1.806585
-1.779395
1.821824
-1.580113
-1.832583
1.746031
-1.598162
0.830232
1.851363
1.702594
-1.723762
1.793220
-1.817306
1.751762
-1.843063
-1.824799
1.789036
1.556304
1.569812
1.476020
-1.783269
-1.760523
-1.221587
1.491235
1.670077
-1.676949
-1.512605
0.748023
1.526535
1.787688
1.791934
-1.575220
1.667499
1.503841
-1.618408
0.954104
1.524647
1.808994
-1.685035
1.447428
-1.777225
0.997251
-1.433823
-1.784651
-1.769158
1.694694
-1.515084
-1.211398
1.189550
-1.789080
-1.815533
1.807414
-1.636982
-1.553802
-1.602638
1.453116
0.572852
1.742455
-1.595557
-1.432796
-0.017704
1.557048
-1.726461
0.036161
-1.689849
-1.789391
-1.825280
1.891407
-1.057239
-1.819983
-1.751046
1.630651
1.068599
1.791863
1.811476
-1.800279
-0.157242
1.691269
1.235885
-1.816999
1.464881
1.607249
1.716738
1.725400
-1.794035
0.855075
-1.818842
-1.707979
1.745737
1.818969
-1.635141
-1.600981
-1.612774
-1.657601
1.809366
-1.696993
-1.812417
1.756489
1.308227
-1.779601
1.798898
1.617058
-0.531680
1.383704
-1.457944
1.781313
1.759252
1.721834
-1.615299
1.858492
-1.708881
1.860849
1.588505
1.838889
1.682911
1.683004
1.786079
1.323996
-1.137093
1.139725
1.660442
1.757592
1.707015
-0.801030
1.557142
1.681899
-1.821417
-1.680351
1.488212
-1.837613
-1.431286
1.750353
1.809371
0.588803
1.853736
1.680283
1.766128
-1.227329
-1.414675
1.745016
1.753441
1.143154
1.708409
1.784303
-1.336106
-1.666614
1.816534
-1.819105
-1.729240
0.528059
1.796941
0.129501
-1.530896
-1.598400
1.509802
-1.763452
-0.481294
0.121246
-1.712184
0.309573
0.166854
-1.763787
1.768150
0.955348
-0.028348
-0.560732
1.777512
1.813201
-1.536743
-0.562835
1.723567
-1.555162
1.677432
1.728173
-1.879162
1.777133
-0.612440
1.405469
-1.490755
1.273184
1.740305
1.510565
-1.425572
-1.660765
-1.745569
1.613266
-1.596803
-1.563013
-1.535986
1.784407
-1.735627
-1.447464
-1.646497
1.740245
1.703899
-0.457432
1.784027
1.277545
1.189369
-1.677795
1.523207
-1.639837
-0.478628
1.559378
1.821070
-1.862737
1.836986
1.348945
-1.796886
-1.353966
1.708946
-0.308490
0.932146
1.773179
-1.775421
1.731193
1.462851
-1.796825
-1.768430
1.848447
-1.254623
1.848951
-1.443293
-1.438132
1.803087
-1.495805
-1.089748
0.485654
-1.796307
0.093214
-1.425279
-1.758685
1.732630
1.737296
0.534514
-1.777216
1.038333
1.830137
-1.308529
-1.813369
1.794823
-1.683045
-1.777235
1.719528
1.739509
-0.936899
-1.768806
1.706365
1.755770
1.716473
-1.547107
1.691339
-1.788566
-1.852017
1.793621
-1.155468
-1.082327
-0.442224
1.768258
-1.770487
1.676943
1.837875
-1.838579
1.510729
0.380968
-1.782326
-1.240580
-1.779776
1.792367
-0.336750
1.567689
-1.794959
-1.755510
-1.735802
-0.162364
1.719531
-1.729495
1.599166
0.370024
-1.410262
-1.712905
-1.790922
-0.920091
1.805528
0.485916
1.321546
1.752192
-0.254627
1.707101
-1.812277
-0.801937
-1.824917
-1.638654
1.566657
1.670498
1.804119
0.351905
1.590494
1.554935
1.864537
0.055081
1.512227
1.632282
1.621037
1.686718
0.506141
1.607762
1.413325
1.813699
1.792717
1.675259
1.022693
-1.700074
1.188125
-1.812842
-1.720181
1.604180
1.802613
-1.757345
1.760112
-0.880919
-0.425134
-1.729275
-1.803016
-1.733050
-0.463481
1.644898
-1.538791
1.792330
-1.703488
-1.435161
-0.004206
1.706222
1.781669
1.609565
-1.793153
-1.808121
1.590297
1.795934
1.679110
1.701319
-1.440311
1.700673
1.763075
-1.628372
-1.659253
1.801711
1.736283
1.821115
-0.711476
-1.668702
-1.553626
1.777954
-1.805035
-1.718555
1.647558
0.910636
-1.463450
1.727646
-1.680321
-1.558878
-1.840320
-1.302186
1.807440
1.329795
-0.951105
1.823534
-1.671852
-1.431186
-1.766774
-0.915397
-0.645095
1.546836
1.554821
-1.691392
-0.933792
0.845558
1.808819
1.653688
-1.635716
1.399700
-0.939534
1.823788
-0.038493
1.874519
-1.784016
1.721767
-1.587691
-1.702431
1.556413
-1.599389
-0.319572
-1.312709
-1.768968
1.084462
-1.768827
-1.827354
1.431814
0.525881
-1.148327
-1.244428
-1.819041
-0.765713
1.766239
-1.121692
1.845576
0.073690
-1.797485
0.985125
-1.023482
0.449346
-1.783546
1.334551
1.704533
-1.792899
1.790484
1.410429
-1.823410
0.356780
1.363392
1.599889
-1.708508
-1.154597
-1.764922
1.746473
1.739822
-0.940048
-1.750142
-1.768276
-0.649311
-0.997440
1.796949
-1.735063
-1.822046
-0.629355
-1.674848
-1.706560
-0.671912
-0.287245
1.799130
-1.728789
1.773950
0.342360
-0.465217
-1.741152
1.773820
-1.461995
-1.778894
1.027815
1.468204
1.758717
-1.686723
-1.087997
-1.800608
1.668693
0.694326
-1.517307
1.551667
1.660311
1.812440
-1.830606
1.565143
1.785123
-1.788118
1.749321
-1.782450
1.392074
1.719652
1.723506
1.792111
1.772084
1.803021
-1.502110
-1.718078
-0.603300
-1.474261
1.723551
0.905822
0.941437
1.840759
1.769465
-1.267329
1.782747
-0.091559
0.078885
-1.469762
-1.729763
-1.777327
-1.751795
-0.736228
-1.745835
-0.527031
-1.702141
-1.549093
1.751957
-1.776365
1.605657
-1.722728
1.732401
-1.607904
-1.824471
-0.773789
0.958289
1.729155
1.202914
-1.650023
-1.533269
-1.178875
1.695245
1.697385
-1.478963
-1.716649
1.378655
1.418318
-1.392934
-1.339893
-0.709506
1.708135
1.694417
-1.692865
1.764930
1.683769
-1.705444
-0.794852
-0.001613
1.707086
0.273964
-1.707515
-1.575620
-1.742503
1.808054
0.802892
1.556611
1.890698
-1.814953
-1.717951
-1.571497
1.657665
-1.600594
1.216776
-0.060944
-1.489654
-1.755874
1.804895
-1.551994
-1.789195
1.050336
1.713585
0.067436
-1.796869
1.550835
1.437688
-1.223314
-1.661557
-0.946164
1.599012
1.820275
-1.360653
1.717999
1.802139
1.819836
-1.831357
1.810786
-0.647102
-0.833950
1.748328
0.837899
1.805372
-1.751453
1.749356
-1.675733
0.642031
-1.585330
1.733612
-0.271605
-1.547236
-1.794311
1.482083
-1.801094
1.527301
-1.799983
1.029694
-0.113842
1.764709
1.870693
1.619868
1.538692
1.235497
-1.788820
1.826780
-1.266596
-0.531912
-0.086689
-0.260908
-1.736120
1.555500
-1.697519
1.600798
0.819420
1.808994
-1.838586
1.820843
1.862682
0.397302
1.807348
1.596823
-1.231420
1.695858
1.833970
1.855245
1.615773
-1.669076
1.774671
-1.720070
-1.572944
-1.359364
1.808397
1.548765
-1.812547
1.297530
0.261770
-1.596943
0.678745
1.729073
1.763526
0.230378
1.856832
-1.837788
1.694045
1.659500
1.709596
-1.373600
-1.781385
1.671340
-1.719683
-1.308574
-1.560591
-1.825834
-1.624013
1.823361
1.818343
0.181531
-1.773876
-1.722128
0.078142
-1.751751
-1.785105
-0.936646
1.799548
-1.363543
-1.618038
-1.822574
1.608031
1.420579
1.832705
-1.744392
-0.989317
1.783730
1.054983
-1.265662
-1.641812
-1.809968
1.851229
0.086311
1.789148
1.282037
-1.739378
1.773088
1.790726
-1.769273
1.698127
1.742809
1.673875
-1.710111
1.791677
1.796259
-1.413387
1.836705
1.788324
-1.771842
0.228287
-1.746306
1.785132
-1.610961
0.998945
-1.741568
-0.053813
1.714441
1.795182
-1.726389
-1.687766
0.373786
0.666487
-1.676545
1.765325
1.863996
-1.260238
1.578982
-1.770511
1.077328
1.598817
1.751031
1.414260
1.616567
-1.617370
-1.454424
1.638260
1.757697
1.646322
-1.757579
-1.172187
-1.842476
-1.858465
-1.549195
1.836494
-1.644176
-0.526193
1.849145
-1.586875
-1.087218
1.732854
0.671432
-0.476541
0.725006
-1.509191
1.800253
-1.064604
1.810782
-1.694609
-1.703156
1.702941
-0.433620
-1.766131
0.451963
-1.343701
1.658374
-0.511603
-1.621267
-1.709329
1.774180
0.948367
1.576089
1.455314
1.639267
-1.570931
-1.797611
-1.710549
1.869804
1.398411
1.719873
1.680256
-1.159675
-1.677413
-1.458726
-1.394663
-0.411298
1.236365
0.008948
1.816655
-1.786710
-1.710666
1.329592
1.723473
-1.677344
-1.599033
-1.821385
-1.764299
1.820563
1.218046
-1.824319
1.344966
1.836013
-1.835650
0.065652
0.463156
-1.399390
-1.601240
1.529891
0.948134
-1.722572
-1.775471
1.832226
-1.745666
1.842901
-0.820468
-1.010371
-1.798589
1.764764
0.421897
1.283491
1.730418
1.838714
-1.841014
1.725225
-1.624464
-1.795403
-1.531125
1.472012
1.486135
-1.472304
-1.407071
0.358513
0.794422
1.823725
-0.926199
-1.773459
-1.549358
-1.234881
-1.839833
1.725371
-1.824503
-0.930149
-1.533319
-1.860849
1.773409
-1.421872
-1.798147
1.443700
-1.734236
-1.804219
1.784365
-1.673706
-1.592159
-0.480043
0.931196
-1.878276
1.828865
1.615535
-1.760956
-1.430929
1.737411
-1.489761
1.734658
-0.840708
1.685315
-1.309687
-1.753719
1.584833
1.763088
1.741828
1.727819
1.291136
-1.606873
-1.702592
-1.758481
1.528840
1.761398
0.047017
-1.810422
1.635214
-1.556306
-1.856255
0.510268
-0.105333
1.848833
-1.833940
0.876310
1.844472
1.804823
-1.305578
1.838477
-1.757938
1.427075
-1.321872
1.636519
-1.243700
-1.761708
0.943657
-1.623211
1.754687
-1.792986
-1.832213
-1.331676
1.648968
-1.664604
-1.838564
-1.781198
1.444075
1.742631
0.497228
-1.675245
-1.776545
-1.784160
-1.566138
-0.865925
1.751616
1.829728
-1.869760
1.772602
1.778463
1.697590
-1.717776
-1.171856
-1.181564
-1.827823
1.741500
1.793772
1.414569
-1.791090
1.694981
1.697270
1.182250
-1.777330
-1.072452
-1.768686
1.492679
-1.741515
-1.450630
1.797901
1.128210
1.444067
-1.499895
1.431345
-0.271313
-1.709062
-1.752017
1.706799
-1.785266
1.640492
-1.712297
1.832716
1.848497
1.723927
1.797160
1.094929
0.089167
-1.798900
0.009228
1.795618
-1.242135
-1.353233
1.633203
-1.639339
-1.662443
-1.551514
-1.569985
-1.730604
-1.705163
1.133965
0.749048
-1.756039
1.708057
-1.662616
-1.570546
-0.714673
-1.687622
1.727736
0.893386
1.479877
1.743735
-1.616434
-1.774364
-1.787517
1.638772
-1.784598
1.839653
-1.813437
-1.758547
-1.770856
1.706986
1.670892
-1.860150
-1.690858
0.008527
-1.767843
1.862611
-1.685550
-0.973782
1.847661
-1.158606
1.756599
1.748715
-1.520036
0.614605
-1.807549
-1.704794
1.256616
1.746740
1.751005
-1.719682
-1.317772
1.774149
1.428720
-1.701331
-0.727765
-1.556041
-1.676020
-1.706912
-1.706720
1.743354
1.607247
0.711079
1.817629
1.782251
-1.808524
0.795625
-1.636678
1.776076
-0.788637
1.622178
-0.490721
1.747795
1.715810
1.530005
-0.610586
1.767159
-0.999672
1.279099
1.563910
1.662323
-1.612112
-1.529372
-1.754578
1.063123
1.806273
-1.786231
1.086304
1.560641
1.696802
-0.694090
-1.450498
1.758234
1.528912
1.451025
0.547006
-1.732424
1.627422
1.027928
1.812464
1.759863
1.823005
-1.425614
1.731014
-1.685077
1.730582
0.014941
1.677560
-1.580485
1.837292
-1.738555
1.321456
-0.105762
1.530320
1.393238
1.652105
0.791188
1.743620
-1.658992
-0.738134
1.802436
0.128519
-1.821581
-1.815217
-1.758238
1.488032
1.693530
1.765743
1.731455
1.798821
0.691021
-1.712574
-1.593493
1.556965
-0.874873
1.767751
1.828618
1.737622
-1.597010
-1.437586
-1.787150
1.695782
-1.768137
-1.613429
1.759754
0.743798
-1.539896
-1.538573
1.688223
1.644786
1.750022
-1.417629
1.565570
1.495190
-1.115794
1.780177
1.541391
1.725207
-1.655198
1.863467
-1.649178
0.670521
1.676506
0.910109
1.621896
-1.753635
1.116264
-1.613344
-0.989322
1.638414
-1.851878
1.813849
-1.389044
1.757937
1.767500
-1.757459
1.644745
1.145285
-1.173739
-1.845831
-1.818446
1.833662
0.350885
-1.371693
1.755613
0.479284
-1.498554
1.799203
1.754985
1.836223
1.845567
1.693478
1.224259
-1.487968
1.691484
1.484266
-1.756969
-0.935341
1.508900
0.494462
1.544294
-1.760929
1.681344
1.347103
-1.756555
-1.317184
0.121279
-1.727634
-0.854007
1.802328
-1.749548
1.817827
-0.445085
1.094069
1.820393
-1.710720
-1.853303
-1.782343
1.629842
1.828633
-1.624743
-1.733258
0.010585
0.042551
-1.738833
-1.741358
-0.397859
1.600474
-1.418404
1.840845
0.284866
1.725440
-0.189346
-1.522769
1.809947
-1.736237
1.801738
-1.440291
0.741027
-1.080079
1.713275
-1.805181
1.801480
1.345065
-1.819124
-1.210242
-1.537074
-1.779673
1.522432
1.644101
-1.744571
1.821829
-1.475196
-1.693695
-1.763937
0.895038
1.691865
-1.537461
1.124140
-1.613078
1.836832
1.778643
-1.693126
0.529687
-1.230543
-1.685261
1.830422
-1.453314
-0.799796
1.656582
1.635507
0.546490
1.618725
1.790585
1.129375
-0.865750
-1.803639
1.209461
-1.550987
1.776406
1.062663
-0.845701
1.764964
1.753617
1.782033
1.767867
1.816468
1.406050
-1.804934
1.076211
-1.464112
-1.619043
1.691682
-1.821440
1.764892
1.838794
-1.589742
1.752129
-1.697923
1.499650
-1.816801
-1.237453
-0.422412
-1.786937
-1.733283
-1.764099
-0.045482
-1.226648
-1.577445
-1.759465
-1.793664
-1.804574
1.270511
-0.908734
1.442757
-1.690584
-1.820344
-1.750555
-1.440360
1.799584
1.457156
1.770768
-1.754197
1.018948
-1.250812
1.602131
-1.824165
1.779895
1.710893
1.714051
1.533784
-1.344558
1.755365
0.792313
1.701299
1.791958
1.792592
1.644404
-1.716500
1.796246
-1.753558
-1.446962
1.375465
-1.785960
-1.335645
0.033662
1.604937
-1.805684
-1.552737
-0.244239
1.360272
0.168432
-1.402775
1.702591
-1.814426
-1.747062
1.662389
-1.629197
1.822098
-1.700710
0.011384
1.689065
0.407923
-1.758822
1.683802
1.813862
-1.307465
-0.990209
-1.698880
-0.464867
1.491145
-1.772390
1.299315
1.766929
-1.724200
-1.154042
1.706222
-0.557665
-1.815437
-1.498750
1.692937
1.789171
-1.493110
1.567331
-1.745876
-1.783015
-1.693787
-1.706157
1.773018
-0.690599
-1.493576
1.732117
-1.754439
-0.298961
0.583332
1.782553
1.533618
1.605029
-1.449151
1.716094
1.708074
1.761623
-1.601921
-1.659071
1.811008
-1.817135
-1.478991
1.584021
-1.752415
0.785888
1.754806
1.769116
0.899914
-1.700915
1.755833
1.706876
-0.314617
-1.627307
-1.645022
1.076464
-0.841030
1.688759
0.165468
-1.687999
1.832774
-1.729631
0.916327
1.643649
-1.303714
-0.052526
1.835442
1.760972
1.041433
1.746002
-0.349993
1.796808
-1.733091
1.443390
1.670101
0.867739
-1.310771
-1.828050
1.182595
-0.818571
-1.777372
1.528758
1.638338
1.707495
-1.589016
1.587305
-1.804791
-1.230015
-1.782019
1.735555
-1.828261
-1.755874
0.797619
1.781667
-1.356892
1.815484
-1.655904
-1.845625
-1.546145
1.844738
-1.817733
1.152316
1.679280
-1.816013
-0.815846
1.851995
-0.889583
-0.987748
1.668714
-1.485784
1.636884
1.683715
-1.742602
1.468174
-1.677791
-1.829771
1.742788
-1.775462
-0.635523
1.088530
-1.474696
-0.551842
1.760202
-1.820414
0.958137
1.785625
1.182520
-1.248196
1.737532
1.660043
-1.745521
-1.626202
-1.595877
-1.771974
1.507100
1.228991
1.509101
1.752752
-1.539085
-1.114743
-0.053966
1.459822
1.823577
-0.289741
-1.747597
1.372077
1.820496
0.014642
1.806246
1.338637
1.805360
0.896630
-1.516866
-1.547812
-1.667456
1.824467
-0.527811
-1.709669
-1.023020
-1.605386
-1.796676
1.829976
0.630689
0.318094
1.755291
-1.664044
-1.740564
-1.698197
1.072064
1.760059
-0.038826
-1.658081
0.636023
1.532742
1.737956
1.245970
-1.308164
1.755669
-1.587382
0.206516
1.666420
1.750917
-1.677956
-1.188292
-1.718821
-1.300469
1.833954
-1.395386
1.834406
-1.877724
-1.507026
-1.615256
0.946374
-1.788599
-1.863836
1.825025
-0.038420
-0.146821
0.974704
1.481063
1.875006
1.811325
1.781423
1.366405
-1.699462
-1.715032
-1.488974
0.889576
1.551847
1.765558
1.816680
-1.721096
1.806516
0.961434
-1.770764
-1.793537
1.617449
-1.697796
-1.169400
-1.141656
-1.784177
1.748732
-1.006869
1.275638
-1.677190
1.747452
1.806518
-0.986598
-1.576430
-1.720369
-1.706764
-1.568075
1.824436
1.226643
-1.562475
-1.735021
1.791578
-1.705055
-1.813211
-1.648965
-1.740932
-1.728820
1.807958
-1.790766
1.561785
-1.890154
1.728917
0.830549
-1.696777
1.884687
-1.747425
1.798394
-1.812071
1.572435
1.497406
1.695761
1.735147
-1.848256
-1.802782
-1.708760
-1.713554
1.198800
-1.366153
-1.496845
-1.500754
1.647205
-1.766285
-1.539258
-1.849029
1.814204
-0.671936
-1.682169
0.790685
1.827495
-1.800902
1.535613
-1.740728
1.117316
1.832923
1.744971
-1.268734
-1.748861
-1.692057
-1.159408
1.774820
1.216151
1.817424
1.736025
1.764958
1.822559
-1.783553
-1.193876
1.416675
1.580308
-1.772600
-1.158701
-1.779327
1.460129
1.527690
-1.280265
1.641890
1.558935
-1.725680
1.663428
-1.748154
1.753340
1.764305
1.754664
1.509266
-1.643661
-1.806333
1.667487
-1.551901
-1.831152
-1.612444
0.925707
-1.747849
-1.589575
1.278879
0.660243
-1.533528
-1.852344
1.817670
-1.368146
1.613961
1.807245
1.834135
-1.601111
1.455346
-1.027601
0.709490
0.104754
-1.529456
0.929818
1.811482
-1.838951
1.713687
1.808037
-1.317437
1.290621
1.440372
-1.320948
1.396786
-1.375802
-1.656060
1.645391
-1.739207
-1.397279
1.801735
1.779521
-1.680891
-1.813889
-1.711895
0.332092
-1.685629
-1.681553
0.081241
1.382335
-0.937003
-1.491272
-1.359859
-1.805326
1.765257
-0.211636
1.315772
-1.748730
-1.872496
-0.931564
1.412528
1.749908
-1.691969
1.730075
-1.795202
-1.588318
1.765054
1.594486
-1.756095
-1.724857
-1.800522
1.788655
-0.808073
-1.606319
1.180609
0.079826
1.786198
-1.651727
1.757361
1.388655
1.338379
-1.545491
-1.232180
1.665017
-1.628174
-1.835408
1.410261
1.811910
-0.355520
1.752456
1.778267
1.563184
1.845111
-1.816693
-1.800404
1.733062
-1.472241
-0.628809
1.286275
1.540716
-1.758144
-1.059870
-1.754983
-1.440017
-1.366441
-1.856732
-1.774827
1.832964
-1.674619
1.812597
1.787084
-1.692228
-1.665952
1.477680
-0.454143
-1.775815
-1.823167
1.796503
-1.517168
1.848842
-1.603601
1.132296
1.770643
1.809810
-1.443519
1.787229
1.479633
-1.579822
1.558660
1.763532
1.801852
-1.632352
1.836695
1.474594
-1.662715
0.593948
-1.637547
-1.780707
-1.677650
1.683948
-1.828856
1.164144
1.475618
-1.806274
1.752805
1.589324
1.659841
1.814320
-1.635143
-0.574851
1.481236
1.789738
1.561223
-1.652643
-1.299830
0.930909
1.412478
1.516774
0.014048
1.684165
1.717979
1.778845
1.676843
1.705656
-1.831462
-1.656930
1.751332
1.672307
1.787801
-1.634087
1.784859
1.576075
1.745350
1.801194
1.633049
0.273297
-0.216596
-1.613308
-1.797436
-1.159090
-1.408824
0.612788
1.885068
-0.554317
-1.735241
1.416325
-1.096993
0.113495
-0.918998
-1.455237
-1.483589
1.861348
1.781160
1.840338
1.816501
1.288003
1.332310
1.497914
-1.841529
-1.711274
0.650710
1.600908
-1.551986
1.673784
1.843059
-1.600868
1.818726
-1.559761
-1.806011
-1.809319
-1.696201
1.693162
1.690178
1.825980
-1.775978
1.544878
1.810889
1.843517
-1.554896
1.294073
-1.536004
1.760335
1.829757
-0.720178
1.528766
-1.481672
1.775199
0.306938
0.547011
0.036017
1.618857
-1.232951
0.716784
-0.309206
1.678329
-1.702661
1.250189
-1.455987
1.776029
-1.035245
-1.702208
1.822989
-0.780819
-0.742537
-1.766841
-1.722650
-1.637074
-0.290480
1.769906
1.628787
1.809660
1.606822
-1.816273
-0.950528
-1.661511
-1.703757
-1.694746
-1.300982
1.487732
-1.763053
-0.653289
-1.827194
1.785275
-1.735088
-0.987106
-1.141626
1.773584
1.001162
-1.219058
-1.584876
-1.742559
0.606805
1.655466
1.764857
1.652561
1.651954
-1.254274
-1.861294
-1.356984
-1.826990
1.823356
1.841861
-0.099077
-1.663016
-1.800776
1.783299
-1.820073
1.069607
1.764709
-1.144827
-1.319295
1.686646
-1.712857
-0.596125
-0.061981
-1.833056
-1.785296
-1.574339
1.727749
0.359572
-0.041573
1.751769
1.487488
-1.233900
1.793794
-1.746465
1.268228
-1.776473
-1.803273
0.825902
0.645458
1.843511
0.600218
-1.744295
-1.568539
-0.943383
-0.420698
1.676765
1.807430
-0.543468
-1.798158
1.124265
1.860435
-1.785335
-1.753947
0.401991
-1.307701
-1.838833
-0.640991
-0.069635
1.807186
0.059042
1.708410
-1.790092
-1.831827
0.753351
-0.068495
-0.516870
-1.637333
-1.814648
-0.023648
-1.726895
1.784104
0.570273
-1.677109
1.826386
1.498383
1.219245
-1.778801
1.127345
1.346302
-1.688716
1.555453
-1.681808
1.153701
0.084927
1.526747
1.175009
-1.823797
1.604108
1.867929
-1.780939
1.863776
-1.333820
1.566861
-1.658431
-1.594974
-1.394704
0.398726
1.789794
1.814997
1.758594
1.670673
-1.673226
1.773421
-1.768436
1.729224
1.777572
-1.847122
1.095042
-1.769151
1.847741
1.779155
0.824223
1.518116
1.704923
-1.785188
-0.946960
1.348120
1.692179
1.408568
1.823798
1.748699
-1.206326
-1.840283
-1.812477
0.430315
1.823869
-1.667412
-1.434600
0.030663
-1.802558
1.794534
-0.963149
-1.180194
-1.828132
0.591983
1.535321
-1.832151
-1.615087
0.597732
1.466309
1.717388
1.286867
1.820653
1.754633
-1.785174
-1.830515
-1.764918
1.803257
-0.321597
1.548184
-1.802592
1.728874
1.713200
-1.580116
1.790729
-1.356183
-1.741961
1.807757
-0.043115
1.607405
1.728442
0.504965
1.105113
-1.833812
-1.687978
1.626124
1.799074
1.444073
0.163858
0.521750
1.667118
1.636039
-1.606079
-1.702665
1.818796
1.728689
1.750625
1.721177
-0.901583
-1.737887
1.653585
1.720639
0.503646
1.792740
-1.654913
1.798569
1.732406
1.899500
-1.343858
0.357995
1.766389
-1.850475
1.720164
-1.804593
-0.996966
1.858873
1.643330
1.105387
-1.807155
1.554054
-1.745490
-1.699919
-1.832768
-1.530173
-1.189497
1.804872
1.688627
1.790579
-1.770408
1.283969
1.721024
-0.479993
1.088673
1.829148
0.986482
1.492040
1.496406
-1.626238
1.826615
-1.660541
-1.686761
1.647483
-1.709260
-1.771138
-1.807969
-1.781988
-1.729668
1.737758
0.015524
-1.623385
1.774722
1.793559
1.702975
-1.828602
1.267351
0.923435
0.928685
1.717292
1.517860
1.548382
-1.622080
-1.819211
0.186372
1.749971
-1.791946
-1.782787
-1.842023
-1.797138
-1.745718
-0.964021
1.794203
1.802631
-1.774737
1.573608
-1.837408
-1.845439
1.231355
1.764642
1.814960
1.648537
1.528519
-1.812266
1.788693
1.642520
1.735550
-1.232729
-1.777447
-1.782432
1.797871
-0.642822
-1.789360
1.789879
1.415724
1.807768
-1.280575
-1.494488
-1.531750
-1.664348
1.817186
-1.735946
-1.693811
1.219399
1.542075
1.540173
1.763828
0.189426
-1.781351
1.193888
-0.085324
1.497609
-0.971613
-1.742638
1.199399
-1.862819
-0.634404
-1.697247
-1.707058
1.375057
1.409084
1.720545
1.844337
0.885523
1.739203
-1.757588
-1.801304
-1.807977
1.791947
1.483956
-1.801467
-1.659844
-1.503845
-1.822848
1.712464
-1.551557
-1.552228
-1.652876
1.692962
1.057767
0.045306
1.785932
-1.358664
1.280530
1.835274
1.636325
-1.461206
-1.639792
1.609153
1.743126
-1.330478
0.584412
-1.720267
0.712188
-1.728649
-1.783784
-1.513986
1.720831
1.799926
-1.680836
-0.061664
1.409834
1.724420
1.428701
1.836561
-0.026354
-0.118816
-1.752003
-1.682085
-1.638243
1.700875
1.179408
-1.821210
1.748099
-1.759408
-1.385914
-1.453550
1.751630
1.736879
-1.829041
0.311518
1.751748
1.814964
-1.449776
1.835526
-1.785068
-1.674713
1.670332
-1.365800
-1.209424
-1.870964
1.756800
-1.680336
1.812130
1.426049
-1.587982
-1.383893
1.845032
1.143709
1.711978
-1.693901
1.680650
-1.748253
1.806216
1.815905
1.445941
1.713960
-1.790191
-1.435099
-1.490860
-1.758925
-1.582514
-1.746980
-0.684205
0.210054
-1.499415
1.232831
-1.809153
1.836173
0.491027
1.504714
-1.775363
-0.924231
-1.730150
-1.141192
-1.799401
1.667934
-1.751024
0.970023
-1.491909
1.835580
1.783225
-1.528137
1.862428
1.811955
-1.655926
-1.707850
-1.543700
1.737485
1.323558
-1.537656
1.329419
1.818275
1.834464
-1.831220
1.888351
1.786841
1.818175
1.834462
1.858515
-1.471411
1.802096
1.644433
-1.848551
1.759325
1.779689
1.715478
1.753439
1.825755
-1.837241
-1.697542
1.790401
1.782760
-1.862424
1.361550
1.725018
0.091062
-1.769576
-1.794227
0.611697
1.217312
0.569470
0.834497
1.564790
1.144147
1.690505
1.832288
-0.992426
-1.165751
1.694051
-1.701473
1.723197
0.478433
1.740827
-0.209680
-1.728910
-1.744832
-1.802865
-1.742272
1.695191
-1.755190
1.815113
1.161611
1.519931
0.997300
-1.799373
0.017906
1.698778
1.842999
1.275862
1.747090
1.663303
-1.840294
1.072382
-1.194654
-1.400290
1.574159
-1.685481
-1.840913
1.822006
1.474281
-1.615997
1.772107
-1.812694
1.778851
-1.762173
-1.841305
-1.810876
-1.673759
1.732569
-1.645573
1.815626
1.699961
-1.850100
1.785618
1.766994
-0.565228
-1.794649
1.720939
-0.724192
-1.767430
-1.155982
-1.303630
-1.166267
1.185292
1.645075
-0.769857
1.871194
1.810795
1.405173
1.437354
-1.268431
-1.432524
1.603186
-1.740212
-0.324550
1.755056
-1.686139
-1.452733
1.712153
1.360963
1.479098
-1.787507
-1.751207
-1.186365
-1.288752
-1.730699
-1.747546
1.622501
-1.340417
-1.645481
0.707833
1.353140
-1.501956
-1.764088
-1.379844
-1.754222
1.778469
-1.667190
0.472099
-1.326693
-1.690873
-1.766104
-1.785179
1.681381
-0.761208
-1.746752
1.101046
1.797138
-1.721411
-1.515708
-1.804494
-1.606416
1.797160
1.643919
1.837435
1.705200
1.526178
1.256315
-1.659860
-1.599246
-1.855152
-1.501851
-1.311060
1.506838
-1.651918
1.781855
1.464160
1.081744
0.308403
-1.139775
-1.765095
-1.585035
1.820380
-1.789162
1.775276
1.328132
1.309842
1.330599
1.705203
1.751731
-1.811696
-1.582065
-0.735368
-0.631196
1.666638
1.767243
1.876255
-1.615352
-1.608978
1.203601
-1.506405
0.173960
1.688777
1.407298
1.694727
1.440368
-1.627510
1.540130
-0.762462
0.539272
-1.638856
-1.502399
-1.525119
1.756404
-1.321663
-1.604159
-1.725024
1.040022
0.598446
-0.896125
-1.608102
1.681638
0.531766
1.758159
0.764627
-0.857441
0.363058
-1.596062
1.778829
-1.457863
1.828995
-1.502770
1.792018
0.129245
-1.783423
-1.736162
1.634439
-0.972361
-1.887926
-1.742713
1.520227
1.849087
-1.780312
-0.371043
0.864885
-1.814147
-1.276355
1.809575
-1.479551
1.656699
-1.374619
-1.783178
1.438840
1.816557
1.796058
-1.791622
-1.740132
-1.724274
1.773502
0.130748
1.744089
0.922256
1.742992
-1.773550
-1.815511
1.550538
-0.646230
1.499542
-1.385808
1.721406
1.529086
1.744080
1.766763
-1.682536
1.773122
-1.528384
-1.338464
-1.679511
-1.289100
0.950789
1.092624
1.794294
-1.335691
-0.955901
0.775003
1.731352
-1.571325
-1.799494
-1.678187
-1.821107
-1.686834
1.263051
-1.677319
1.834039
1.675127
1.581189
-1.827311
1.643881
-1.191161
1.763919
-0.825517
1.742260
1.797145
-0.099798
-1.543732
1.783844
1.257821
0.903127
-1.502950
1.837975
1.714248
-1.536134
-1.716605
-1.816613
-1.733280
0.431643
1.788377
-1.794877
1.626832
-1.814253
-1.543732
1.498872
-0.640580
1.662853
-1.855438
-1.759976
1.636551
1.829881
1.813563
1.759479
1.719160
-1.783441
-1.810784
-1.793989
-1.747603
0.522191
1.806717
-1.326587
-1.701594
-1.180647
-1.812223
1.663227
-1.474863
1.415106
1.568484
-1.712553
1.549890
-1.305278
1.804933
-1.123083
-1.553313
1.831326
-1.635800
1.804366
-1.540701
1.641290
-1.801316
-1.862136
-1.865138
-1.088912
1.443073
1.828840
1.612674
-0.955670
-1.293423
0.264782
-1.757745
1.771348
0.660638
1.511818
-1.757516
-1.544430
-1.635332
-1.633263
1.802780
1.775992
1.105105
-1.793633
-1.174575
-0.939284
1.774007
1.730408
1.777418
1.671079
-1.804649
-1.770271
1.824916
1.710167
1.840161
1.766828
-1.791697
1.528687
-1.629430
0.040645
0.833925
-1.674310
-1.727154
-1.156906
1.816813
-1.547686
1.766827
-1.643047
-1.127412
1.768108
1.805435
1.859620
0.059210
1.825228
1.653879
1.681445
1.326820
1.724286
-1.719348
1.723346
1.801010
-1.688819
0.003879
0.740213
1.854159
1.808000
1.594895
-0.469416
1.681975
1.118721
-0.852484
-0.945466
-1.727898
-1.606031
1.691824
-1.715913
1.828830
1.600493
-1.794058
-1.708636
-0.895073
-0.858396
1.688873
-1.807800
-0.015929
1.815378
1.845109
-0.592521
-1.432367
1.787614
-0.681462
-1.814013
0.708984
-1.568192
-1.212276
-1.799732
-1.643537
-1.651263
-1.805128
1.385224
1.597960
1.817112
1.429740
1.356610
1.736875
1.781601
1.461444
-1.549771
-0.050127
-1.719380
-1.774675
-1.660779
-1.606259
-1.797781
1.419746
1.834778
1.727725
1.775559
-1.752863
1.619658
-1.135036
-1.574490
1.771817
1.729844
-1.471423
-1.711586
-0.431519
0.900983
-1.378943
-1.606427
1.786692
1.825183
-0.798290
1.808218
-0.936131
-1.811137
-1.591666
1.294368
1.816604
-1.746792
0.552931
-0.842749
1.819350
-1.786236
1.818486
1.562348
1.726812
-1.790049
1.747065
-0.769336
1.810290
1.643922
1.768323
0.771950
-0.684252
-0.860762
-1.850371
-1.793162
1.810882
-1.355654
1.743277
-1.818025
-1.767670
1.774352
1.156466
1.719393
1.444682
-1.768807
-1.831518
1.750609
-1.417144
1.738724
-1.716377
1.798322
1.677678
-1.793022
-1.777180
-1.320892
1.844356
1.696670
1.456440
1.699454
1.832567
-1.718081
1.771783
-1.453505
-0.769867
1.803934
-0.012504
1.215445
1.370072
1.843101
-1.793267
-1.496621
-1.320486
1.767775
1.680253
-1.755102
-1.812050
1.803026
-1.798342
1.681323
1.517704
-1.184780
0.795761
1.337869
-1.767788
1.809335
1.110997
1.520803
-1.301361
1.625470
0.648082
1.453112
0.707751
1.600791
1.832763
-0.753020
0.697534
-0.840212
0.202624
1.722695
0.739561
-1.505776
0.754264
1.577469
1.673287
-1.672571
0.722204
0.992641
-1.215408
-1.734237
-1.820594
-1.716739
-0.951143
1.663555
0.546357
-1.692096
1.749920
-1.649384
1.699615
-1.329781
-0.872040
1.040402
-0.995078
-1.546825
1.468846
-1.834658
-1.761900
-1.747156
-1.800111
1.558245
0.952947
1.603402
-1.138214
-1.840117
1.528751
-1.270563
1.663692
-1.257170
0.908970
1.285903
0.988500
-1.631592
-1.036361
0.277537
-1.163657
-1.221818
-1.364118
1.749164
-0.279622
1.686368
-1.740881
0.909812
-1.788456
-1.826457
-1.465622
-1.730750
1.238130
-0.417640
-1.670563
-1.848626
-1.775035
-1.825417
0.987741
-1.563443
1.746897
-1.821175
1.687274
1.759398
-0.953969
1.852425
-1.847787
1.745895
0.243211
0.859246
1.670610
1.791096
1.521724
-1.725212
1.762086
1.780401
-1.703807
-1.399616
-1.602871
1.447251
1.489781
1.498454
-1.167934
-1.284518
-1.752154
1.813346
1.349050
-1.705384
-0.109469
-1.721090
0.409236
1.266124
-1.701702
1.817542
0.744972
1.789850
0.534178
-1.381245
-1.757327
-1.690425
1.683152
-1.796303
1.834831
-1.315784
1.833907
-1.635322
-1.576836
1.563743
-1.811796
-1.715544
1.710881
1.792939
-1.586928
1.830925
-1.459339
-0.209952
-0.844261
1.237919
-1.358586
1.659620
-1.566777
0.858103
1.509124
1.816451
1.697597
1.510356
1.518745
1.793192
-1.782882
-1.814710
1.015421
-1.559854
1.652897
-1.714803
-1.643387
1.777909
-0.845635
1.694542
0.799047
1.508349
-1.062659
-1.819954
-1.663482
1.680464
-1.809722
-1.546860
1.707893
0.034190
1.605764
1.833946
-1.707776
1.787066
-0.219608
-1.505901
1.809631
-1.430098
1.594684
-1.578806
1.762383
-1.800614
1.327081
1.234803
1.489140
1.716545
1.186258
1.805081
1.461358
-1.623733
-1.739472
-1.566767
1.624157
-1.850826
1.287624
1.828123
0.780166
-1.391435
-1.782224
-1.483076
-1.488173
-1.820196
-0.947978
-1.808523
1.650294
-0.510169
-1.777092
1.395141
1.833169
1.776541
-1.542436
1.221395
-1.559006
-1.708054
-1.662959
1.832530
1.749827
-1.624908
0.049236
1.825854
0.306856
-1.781731
-1.460408
-1.661753
1.809836
1.543833
-1.605493
1.657764
-0.842518
0.069273
1.754966
-1.373529
1.833222
-1.572770
1.857562
-1.816444
1.008272
0.306642
-1.695668
1.653752
-1.485817
1.817974
1.354173
-0.966870
1.798084
1.830667
-1.732708
1.812044
-1.693033
-0.197835
1.771452
-0.149623
1.737374
1.687629
1.662613
-0.456909
-1.178084
1.082739
-1.531929
1.653391
1.772060
-1.723312
0.679948
-1.646756
-1.484523
-1.776335
1.594683
-1.054393
-1.408334
1.772579
-1.762984
1.766718
-1.316752
-1.667955
-1.737900
-1.869800
-0.019062
0.570285
-1.545450
1.329931
1.769285
-1.748507
-1.682229
-1.560149
-1.849406
0.650062
-1.725781
-0.589111
-0.861086
1.616524
-1.640142
1.754032
-1.786782
0.756516
1.834931
-0.054088
1.746646
-1.656786
1.518656
-1.708452
1.655759
-1.310772
-1.795545
-1.823964
1.393378
1.803176
1.549734
-1.688680
-0.024791
-1.807160
-1.721762
0.061848
1.606684
1.701904
1.632976
1.820346
1.811916
-0.122693
-1.420168
-1.773268
-1.801787
-1.608933
1.553041
1.781807
-1.545442
1.697956
1.787588
-0.559975
-1.896728
-0.923072
0.098017
-1.001653
-1.824714
1.283219
1.800401
1.807860
1.231681
-1.758154
1.812960
-0.210582
1.585504
1.801477
-1.355656
-1.861986
-0.924062
1.821742
-1.542943
-0.445938
-1.751129
-1.820519
-1.753363
-1.447768
0.819082
0.981964
1.790482
1.527109
-1.800904
1.569461
-1.517795
-1.408231
1.817019
-1.644803
1.662869
-1.710863
-1.753010
1.660498
-1.740143
-1.670340
-1.808868
1.228696
1.359340
-1.817676
-1.427702
1.453870
-1.699149
-1.691386
1.760672
1.767823
-1.731768
-0.107012
1.848289
-1.370253
0.860734
-1.780417
-1.833158
-1.787666
1.637357
1.524116
-1.694120
1.777256
1.769153
1.828679
1.889212
-0.989433
-1.765453
0.210458
-1.085719
-1.753942
-1.593443
-1.818974
1.757031
-1.728086
-1.593714
1.777406
-1.486328
-1.688806
-1.822934
-1.403157
-1.801355
-1.473399
1.694798
1.688585
0.783672
0.881097
1.584260
-0.590525
-1.800060
-0.012878
-1.026368
-1.697469
-1.522570
1.754641
1.889812
-1.605562
-1.550319
-1.493205
1.458623
-1.676867
1.761169
1.704547
-1.590333
1.357358
-1.194035
-1.585560
1.765994
1.843836
1.157969
1.658787
1.745548
1.823722
-1.383663
-0.602776
-0.971759
1.780392
1.720397
-1.725318
1.585294
-1.299755
-0.950911
-1.714220
1.829432
-1.774626
-1.665940
-1.840554
-1.731164
1.329201
-1.676180
-0.111426
1.705975
-1.847346
1.698786
-1.652207
1.635068
1.780852
1.827649
1.738517
1.626616
-1.713030
1.762083
-1.601752
-1.581957
-1.873929
-1.543082
-1.506276
1.811347
-1.492925
-0.735321
1.400138
1.712341
-1.628188
-1.819437
1.805710
-1.467397
1.136129
-1.802357
0.937994
-1.649382
1.673189
-1.678967
1.421862
-1.768565
0.296368
0.881206
-1.823687
1.730060
1.793119
0.808343
-1.311629
1.691068
1.721633
-1.634986
-1.852574
-1.786484
1.494506
-1.831693
0.740943
1.648757
1.779915
0.904397
1.776829
1.631146
0.618881
1.805342
-1.401446
-1.033540
0.151500
1.704206
1.757802
-0.708318
1.684840
-1.707820
-1.280726
1.407402
-1.727786
1.722552
1.650711
0.973251
-1.650302
-1.590769
1.715729
1.658831
1.056543
-1.046937
1.682204
-1.733899
-1.586752
-1.132674
1.383160
-1.185234
-1.829463
1.812268
1.304566
-1.290396
1.726595
1.613511
-1.772133
-1.558021
-1.770047
1.780316
1.692207
0.921683
1.802001
-1.411380
-1.529826
1.504294
1.569971
1.267788
-1.824230
-1.407388
1.666353
-1.573309
-0.915280
-1.204190
-0.515036
1.778445
1.808359
-1.806812
-1.575665
1.811645
-1.584518
-1.810588
0.739826
1.765945
1.769942
-1.634342
1.801944
1.729333
-0.815863
1.300672
-1.187303
1.822092
-1.647652
-1.650121
1.810379
0.471718
-0.291587
1.643889
1.701046
-1.437945
1.771164
1.616259
-1.467487
1.574926
-0.796187
1.221895
-1.509719
1.756306
1.266421
-1.235532
1.595383
1.798472
-1.023792
-1.827017
1.730206
-1.683802
-1.784513
-1.840248
1.535204
1.751134
-1.835836
-1.537757
-1.845941
1.842749
-1.760336
1.159788
0.328243
1.692459
1.835743
1.772272
1.279458
-1.669060
-0.847392
1.770546
-1.771060
-1.713586
1.745102
-1.785133
-0.100838
1.598756
-1.789858
1.689663
-1.845598
-1.620203
1.669103
1.815787
0.597129
1.774511
1.557489
1.740418
-1.653582
1.722240
0.649643
-1.446881
-1.778107
1.392067
1.784950
-1.694997
0.791930
-1.809879
1.822625
-1.823763
-1.811460
1.809775
-1.449157
-1.797623
1.674706
1.809971
-1.737912
1.628328
-1.685184
1.042179
-1.683756
-1.789833
1.792523
1.778001
1.852953
1.820510
-1.888110
1.749545
0.502957
1.893469
-1.699841
-0.858651
1.785264
1.562000
1.425356
1.134221
1.601823
-0.890981
-1.632296
-1.680074
1.879400
0.797600
-1.760162
1.577797
-1.790617
1.644822
1.656629
-1.829264
-1.496601
1.343865
-0.743973
-1.290292
-1.804097
-1.701408
-1.804887
-1.743979
-1.599095
1.864424
1.348154
-1.726817
-1.207533
1.711041
1.608667
0.885564
-1.844220
1.773380
-1.354093
1.684018
-0.624779
-0.516201
1.744783
0.897933
-1.143190
-1.329037
1.819096
-1.431567
-1.707788
-1.789231
-0.044712
-1.754948
-1.796608
-0.304162
-1.412280
1.828401
-1.794060
-1.748487
-1.819424
0.592952
-1.700793
1.146296
1.761958
-1.494201
-1.699302
-1.310447
-1.669995
-1.608824
-1.576993
1.805569
-1.204731
1.299116
-1.779929
1.735448
-1.569534
0.029928
1.806948
-1.062076
1.657105
-1.833366
1.409026
1.697140
-1.855310
0.560590
-1.768375
-1.801939
1.846118
1.824587
1.774706
-1.801719
-1.734268
-1.622693
0.274526
1.780567
-1.712783
0.720794
1.627297
1.657261
-0.945400
-0.517440
-1.805965
-0.037591
-1.270286
1.717803
1.787465
-1.464171
-0.208336
-1.701880
0.100629
-0.750527
1.796335
-1.103872
-1.566679
-1.647698
-1.806205
1.317273
1.523478
0.649238
1.705212
-1.540444
-1.626237
-1.499278
1.661568
0.584096
-1.794764
1.665187
-0.638591
1.668551
1.790142
1.839712
0.093316
1.720543
1.779353
-1.479332
1.752185
1.811110
1.722219
1.561220
1.617825
1.548414
-1.799611
0.033972
0.966722
1.728713
1.454717
1.805969
1.733196
-1.510997
1.449731
1.775710
1.609039
1.408505
-1.008426
-0.955924
1.473650
1.488524
1.756251
1.251331
-1.785344
-1.867046
1.126852
1.529101
1.673232
-1.809582
-1.608411
1.845814
1.364115
0.283404
1.742303
1.714451
1.828088
-1.817389
-0.714172
1.750210
1.018017
-1.771856
0.720924
1.778034
1.537288
1.337641
0.888823
1.678265
1.759735
-1.290335
1.719782
-0.940030
-1.813328
-1.454230
-1.628600
-1.777097
0.791439
1.316657
-1.815277
1.569090
1.363931
-1.779028
1.663179
1.803579
-1.822055
1.752136
-1.214831
-1.729909
1.641332
-1.780469
-1.731849
1.688756
1.361551
-1.546955
1.644340
-1.803099
-1.656052
-1.794213
1.558092
-1.712584
-0.600539
0.004867
-1.674407
1.841503
1.732685
1.001695
-0.037535
0.724854
-1.195885
-1.637848
1.773613
1.811509
-1.657644
1.125261
1.746281
-1.766170
-1.733927
-1.760015
0.686447
1.650843
-1.604734
1.733184
-1.715332
-1.656004
1.819853
1.877238
1.823169
-0.527771
-1.850267
-1.237773
-1.795437
-0.417106
1.728124
1.701139
-1.601745
1.776939
1.787101
-1.702840
1.757753
-1.825646
1.013632
-1.712333
0.213153
-1.333279
1.780724
1.770321
1.668991
1.727655
1.207215
-1.396997
-1.557638
-1.701278
-1.880788
-1.368701
1.452512
1.258855
1.362480
-1.510041
1.794251
1.737720
1.720215
1.710720
-1.532981
1.281834
1.229746
0.375297
1.851497
-1.603145
-1.818576
-1.878399
1.796693
1.881706
0.745104
-1.499252
-1.515263
-1.413623
1.887073
0.482834
-1.711228
-1.790769
1.680856
-1.001106
1.632324
-1.610877
-1.564103
-1.003546
1.244625
-1.249968
1.776297
1.810459
-1.750528
1.820510
-0.977703
1.684996
-0.443629
1.807978
1.800036
1.848132
-0.773079
-1.502444
1.730230
-1.692793
1.642339
0.953745
1.833966
-0.853850
1.557649
-1.374741
-1.631473
-1.531845
0.432316
1.593227
-1.512322
-1.716587
1.644583
-1.075477
1.683209
1.603643
-1.390664
-1.618095
-1.731151
-1.708502
-1.326877
1.668539
1.009716
1.497091
1.672452
1.817475
-1.779217
-1.785785
-1.159343
0.037935
1.769370
-1.801662
-0.045921
0.975268
-1.785929
1.814923
-1.600767
-1.631980
-1.851463
1.095413
1.876511
1.679881
1.552016
1.748190
-1.605810
-1.498025
1.816339
-1.748991
-1.526591
0.388487
1.602194
-1.325944
1.184116
1.531527
-0.659556
1.822416
-0.708093
1.357448
-1.441228
1.835065
-1.676215
0.856096
1.696385
-1.392322
-1.687532
1.553156
-1.464473
-1.418948
1.492364
-1.278256
1.770234
1.759639
-1.604079
-1.750927
-1.659126
1.730109
1.819534
1.772279
-0.391501
-1.822078
-1.715819
1.292552
1.720867
1.433568
1.373013
1.778277
-0.549109
-0.560907
-1.772004
1.683054
-1.853134
-1.564536
1.841251
1.681914
1.809441
1.542858
-1.034885
-1.700679
-1.384678
-1.814354
1.550968
-1.736184
-1.658936
-1.658316
1.639220
-1.792077
1.759507
-1.438529
1.662938
-1.611915
1.820629
0.141518
1.733410
0.755175
1.178920
-1.085430
-1.537556
1.817154
-1.748061
-1.844370
-1.056844
1.102928
-1.453575
1.790347
-1.704980
1.772103
1.588702
1.709769
-1.783938
1.775333
1.823218
1.674733
0.527966
1.623347
-1.525457
1.790071
1.646802
1.680150
-1.403670
-1.785610
1.567114
1.601698
-1.844627
1.787926
1.715063
1.392088
1.634948
1.711125
-1.597072
0.537833
-1.660571
1.855148
-0.943934
1.657041
1.483658
0.669262
1.685496
-0.253791
1.593191
1.581030
1.802567
-1.763303
-1.680119
1.645462
-1.685042
1.780730
-1.336271
1.737816
0.539120
-1.838176
1.752696
-1.714723
0.744651
-1.634025
0.717759
-0.299428
-1.678596
1.705462
-1.265891
-0.011549
1.833832
1.510273
1.516146
1.695541
1.332864
-1.775154
1.371530
0.545356
-1.717271
-1.662261
-1.291793
-1.649348
-1.092176
-1.688977
-1.812962
1.813603
1.821093
-1.664647
-1.851623
-1.887158
-1.005160
1.801150
1.629518
1.618631
-1.869038
-1.520561
1.685639
0.991690
1.707153
-0.125547
-1.409146
-1.311967
1.777466
-1.683941
-1.000208
-1.683722
1.814842
-1.638542
1.800640
1.670105
0.180406
-1.639533
0.017635
-1.722246
-1.800931
1.821089
-1.742341
1.035946
-1.637310
1.733764
0.894824
-1.274505
-1.827574
1.564265
-1.276535
-0.514132
1.800497
-1.805754
-1.651106
1.623141
-1.841216
-1.600173
-1.697342
1.821492
1.782958
1.642737
-0.512083
-1.697154
1.329154
0.450362
-1.647282
1.707555
1.830105
1.714817
-1.536778
-1.245833
-1.574890
1.836915
-1.770452
1.538145
1.713435
-0.289402
1.066650
-1.686211
1.777705
-1.818446
-1.772803
1.542737
-1.447342
-1.807959
1.731240
-1.674001
-1.582791
-1.355745
-1.238921
1.783326
-1.329724
1.829511
-0.102317
1.728912
1.591450
1.044173
0.082167
-1.833325
1.537170
-0.852295
-1.692059
1.892094
0.559050
1.446416
-1.846697
0.964865
-1.771545
-1.813347
-1.264783
-1.527627
-1.823503
1.741071
1.811414
-1.763942
-1.807174
-1.821239
-1.571690
1.657263
0.446373
-1.777414
1.778852
-1.853224
0.711003
-1.802251
-1.834931
-1.701180
-1.103454
-1.374811
-1.893769
1.758038
1.671243
-1.713392
1.443459
-1.269861
1.361068
1.271623
-1.721555
-1.331138
1.783030
1.764233
-1.845080
-1.852161
1.734720
-1.473207
-0.258747
-1.826229
-1.695008
1.810533
1.841265
1.831177
1.785355
0.480262
1.495374
-1.589755
1.822884
1.477855
-1.700735
-0.977960
1.742160
-1.810465
1.612619
1.607671
-1.578061
-1.736147
-1.768204
1.516169
-1.617426
-1.755329
-1.538958
1.711996
-1.788320
-1.184457
1.847195
1.733958
0.457054
-1.814600
1.599476
-1.861803
0.087784
-0.975334
1.471621
0.071924
-1.362157
-1.492472
1.873513
-1.815287
1.824637
-1.779108
1.449137
-1.746918
1.681902
1.591696
-1.358806
-1.325388
-1.272807
1.772204
-1.668677
-1.865062
1.766676
-1.747745
-1.777726
1.776652
1.673669
-1.799885
1.524918
-1.575142
1.645396
-1.863067
-1.648631
1.553599
-1.542097
1.757666
1.782119
-1.676652
1.815133
-0.116240
1.848912
1.817503
1.765656
0.611049
-1.687850
-1.580608
1.783152
1.614431
-1.433149
-1.833319
1.385606
1.825475
1.772734
1.578119
1.520494
0.635444
0.872464
-1.684306
1.747481
1.169744
1.835642
-1.649008
-1.680184
-1.155825
0.703971
0.939103
1.806934
-1.698023
-1.596481
0.503468
1.505383
1.875004
-1.750556
1.487472
-1.589511
-1.574886
1.756675
1.705399
-1.805508
-1.765130
-1.831078
1.501447
1.768071
1.799366
-1.371513
1.769196
1.367963
1.701118
-1.393630
0.186972
1.820557
1.709288
-1.730122
-1.681322
-1.488383
1.737528
1.783550
-1.478975
1.266687
-1.747529
1.872845
1.795778
0.088102
-1.849352
-1.830250
1.811804
-1.734612
1.602464
1.265180
-1.801881
-0.244857
-1.771004
-1.244125
1.763870
1.488068
-1.732442
-1.082235
-1.803554
0.267575
0.147080
1.776998
-0.840714
-1.759021
-1.768454
1.851257
-1.012403
-1.839743
-0.818203
-1.547101
1.703981
1.798241
-0.520336
0.007183
-1.646924
-1.212487
-1.531013
1.725200
1.768499
-1.683299
1.804269
-1.796548
-0.823790
-1.783034
1.755832
-1.774742
-1.850294
1.834072
-1.597337
-1.225448
-1.803937
-1.807222
0.018889
1.744846
1.577446
1.675067
1.696813
1.599629
-1.747908
-1.816815
-1.680420
-1.535225
1.735656
1.845478
1.872588
1.270929
-0.693658
1.801861
-1.796371
-1.332300
1.589841
-0.014304
-1.717790
-1.662790
1.751297
1.711898
-1.401923
-1.670894
-1.743927
1.714564
-1.591829
-0.062615
1.550197
1.619923
-0.002893
-1.761146
-1.742556
1.587356
-0.829309
1.449394
-1.775255
-0.920489
1.375635
1.546058
-1.775967
-1.549923
1.686869
-1.640949
-1.746911
1.315759
-1.765694
-1.785503
1.769588
-1.660871
1.776536
-1.792148
-1.699799
0.866392
-1.826706
-1.758677
-1.230179
1.501115
1.799445
0.110766
-0.155974
1.502695
1.814962
0.487921
1.506679
-1.654997
0.706262
1.526900
1.639235
1.758716
-1.844211
-1.710542
1.233453
1.672465
-0.714226
0.729162
-1.781356
-1.684938
-0.910629
1.837959
1.020058
1.646056
-1.739375
-1.631388
1.760836
-1.581780
0.774355
1.779873
1.233643
-1.048621
1.873554
-1.804474
1.663944
1.649504
1.821396
-1.786851
0.856798
1.806290
-1.311431
1.755112
-1.459441
-1.825541
1.856956
-1.724482
-1.477695
-0.835208
-1.653210
0.320816
1.713095
1.827988
1.765538
1.772473
1.618697
-1.214110
-1.810231
-1.786715
-1.750369
1.735164
-1.641357
1.103555
1.083147
1.417123
1.817449
1.021674
-1.777084
1.818210
-0.971403
-1.744115
1.455790
-1.394968
-1.369758
1.405229
-1.689533
-0.505227
1.639994
-1.221549
1.092578
1.785081
-1.563751
-1.762166
-1.363992
0.837107
-1.814927
-1.813465
-1.805714
1.842406
1.745062
-1.776999
0.740223
1.826376
1.833525
1.798077
1.665752
-1.591638
1.868471
1.680304
-1.740737
1.616143
1.314999
0.423354
1.575359
-0.179534
1.746391
0.089154
-1.116742
-1.011628
0.017242
1.655812
1.746685
1.378009
-0.598348
-1.771353
1.641580
-1.294773
-1.688865
-0.382358
-1.738165
1.412125
1.169046
-1.741470
-1.844844
1.822056
-0.500815
1.534245
1.616843
0.636834
-1.273221
1.595400
1.681838
-1.779592
-1.515129
-0.451998
-0.316156
1.806918
0.397046
1.756674
1.774377
1.794503
1.830956
-1.871849
-1.447638
1.539201
-1.340385
1.687450
-1.804946
1.695319
1.684977
1.785724
-0.925812
1.015382
1.704622
-0.804394
1.773878
1.826597
1.207718
1.829140
1.816916
-1.756818
-1.773455
1.787715
1.631018
-1.873874
1.674408
1.814264
1.771366
-1.393129
-1.873323
1.771876
-0.040225
0.168051
1.789561
-1.612852
-1.794559
1.718409
1.773343
-1.201524
-0.028842
-1.267565
0.752817
-1.735216
-0.299215
1.823570
-1.833507
1.675901
-1.511250
1.575452
-1.552442
1.541351
-1.217231
1.783016
1.834069
-1.483010
1.706903
1.207221
1.402184
-1.721098
1.269400
1.596002
-1.810378
-0.968606
0.309570
1.724776
1.816343
-1.385568
-1.656483
1.647189
-1.336220
-1.783955
-0.715415
-1.370392
1.801475
-0.464329
-1.544108
-1.725412
1.826108
1.810683
-1.472347
-1.612949
-1.811793
1.876976
-1.771402
1.690617
1.664331
-1.698995
1.205501
1.833886
1.818409
1.093899
1.525983
-1.805806
1.721541
-1.718244
-1.569779
-1.771148
1.707262
-0.160875
-1.780572
-1.211400
1.793655
0.730369
-0.123839
-1.555707
-1.457493
1.828417
1.720797
-1.778622
-1.625375
1.830137
-1.187952
-1.789149
1.618802
0.775647
1.550957
-1.797448
-1.739052
-1.778435
1.589511
-1.726452
0.767268
-1.729666
1.174011
1.735649
-1.611105
-1.147094
-1.679382
1.633322
-1.498800
-1.653147
1.791714
-1.576536
1.760361
1.740074
1.881611
1.023664
-1.843295
-0.484091
-1.384265
1.547380
-1.800465
1.375923
-1.730459
-1.602137
1.696709
-1.029086
-1.569026
-1.637689
-1.460317
0.618160
1.836491
-0.456541
1.846209
-1.763087
1.759293
1.616135
1.831927
-1.215362
-1.769589
1.834826
1.716869
1.227189
1.803578
-1.743384
1.831064
-1.457671
1.272252
1.600165
-1.751599
-1.783939
-1.508873
-1.350871
1.718769
-1.808830
-0.657598
0.476651
0.142564
1.811656
1.572969
1.801948
-0.410841
1.730062
1.703158
-1.766802
-1.743752
1.208981
1.539496
0.182410
-1.783313
-1.515912
0.566639
-1.298732
1.523255
-1.497125
1.778574
1.609592
-1.770367
-1.570434
1.794605
0.756935
-1.574278
1.173614
-0.927495
1.631156
1.707400
1.755681
1.866653
-1.742201
1.728080
1.315602
1.554933
-1.848956
-1.785946
-1.520211
-1.677108
1.683117
1.149010
1.364836
-1.036130
0.959739
-1.781168
1.828629
-1.762763
-1.718604
1.652178
1.541280
-1.383620
-1.462677
-0.211228
1.771583
-0.944833
-0.986867
1.387765
1.822744
-1.619547
1.711353
-1.542317
1.831642
-1.254742
-1.141405
-1.704105
0.040239
-1.776432
0.091144
1.622945
-1.627395
-1.769795
1.838063
-1.362966
-1.355891
-1.258857
1.763800
1.696990
0.962040
-1.794138
-1.653994
-0.500751
1.586422
-1.448217
-0.048593
1.817955
-1.731714
1.674836
-0.425186
-1.808754
1.706302
-1.747508
1.602051
-1.846655
-1.754701
-0.215220
-0.521595
1.745655
1.790973
-1.143682
0.577531
-1.158030
-1.750133
-1.866099
-1.260193
1.718956
-1.151741
1.798465
-1.816415
-1.831924
-1.278818
-1.758538
1.774364
-1.421746
-1.612014
1.801418
-1.466030
-1.484304
-1.510436
1.356490
-1.742486
-1.747304
1.826092
-1.624964
-1.738690
1.436404
-1.271549
-1.709708
1.831404
1.786201
-1.166598
-1.772318
-1.652869
1.795269
-1.205263
1.665969
-1.750710
1.229846
-1.820475
-0.979335
-0.559726
-1.818508
1.690615
1.703263
-0.874923
-1.757555
-1.743921
1.803980
1.774552
1.753253
1.747372
-1.655142
1.505121
-1.745085
1.635973
-1.771469
-1.764089
1.640176
-1.332545
-1.847994
1.604110
1.861213
1.727802
-1.789890
-1.073122
-1.759072
-1.644360
-1.534928
0.126701
-1.781379
-1.864940
1.678014
-1.220697
1.683984
1.490667
0.861932
1.647299
1.082021
-1.295191
1.833106
1.700889
1.124036
1.609576
-1.731260
-1.643097
0.538449
-1.758199
1.773466
-1.825708
-1.348945
-1.574238
-1.668097
1.775607
-0.595943
-1.703385
1.763894
-1.390477
1.802082
1.812137
1.653076
1.777221
-0.208964
1.596355
1.814426
1.448572
1.508979
1.111787
-1.774734
1.802186
-1.874926
-1.640702
1.544169
1.835097
1.858197
-1.848976
-1.755531
-1.763094
-1.685677
-1.717658
-1.816288
-1.752919
-1.416979
0.004821
1.731947
-1.741205
-1.825295
1.497812
1.800604
-1.823130
-1.436793
-1.588137
-1.737962
0.346689
-1.645361
-0.032628
-1.743567
-1.745127
-1.610293
1.799523
1.230752
1.652231
-1.452598
-1.697386
-1.676264
-0.026279
-1.656604
-1.584918
1.674642
-1.821610
-1.590831
1.777654
-1.189623
1.459460
-1.583764
0.120034
-1.765370
1.793286
0.408614
-1.487381
1.688486
1.765606
-1.758130
1.801066
-1.497362
1.834415
-1.868636
-1.510038
-1.804436
1.542012
1.520629
-0.745721
1.705016
1.586237
1.355168
1.802029
-1.514676
1.608409
1.800789
-1.546842
-0.023913
1.836368
1.702181
-1.796636
-1.805246
-1.887316
1.761321
-1.534608
1.809609
1.802702
1.788108
1.673451
1.582324
-1.801653
1.831552
-1.711115
-1.803361
-1.840322
-0.893948
0.920217
-1.740702
-1.557845
1.812945
-1.741701
1.513924
1.811111
-0.737608
1.804912
-1.464636
-1.767534
1.442932
-1.640755
1.181129
1.789398
1.736327
1.759539
1.682481
-1.203314
-1.674113
0.003842
-1.259631
1.712171
1.841285
-1.714853
-1.696484
-0.359625
-1.670188
1.889758
1.370010
1.327514
1.207058
1.172558
1.170101
1.775047
1.777946
-1.774726
1.807166
1.798804
-1.568534
1.709366
-1.441324
1.649004
-1.815044
-1.457257
1.779894
-1.544248
1.782009
1.575231
1.497550
-1.542821
1.646653
1.806278
-1.034945
0.120785
-1.737835
-1.412452
-1.513489
1.724455
-1.825922
1.835611
-1.813995
-1.783584
1.717449
-1.854772
-1.522651
-0.729838
-1.786734
-0.413581
1.801322
-0.229189
-1.814480
-1.604036
-1.565479
-1.759750
-1.743582
1.847831
-0.547622
-1.204659
-1.194956
-1.768173
1.443903
-0.208050
1.664546
1.769353
1.109430
-1.705257
-0.971820
1.812682
1.677114
1.806138
-1.363471
-1.002076
1.758249
1.755905
-1.732968
-1.675556
1.832983
0.649778
-1.845923
1.812951
1.781478
1.685332
1.337780
1.837348
-1.730002
1.753479
1.518610
1.800496
1.767451
0.727026
1.845848
-1.697863
1.771356
1.747376
-1.804318
1.741373
1.810097
1.759345
-1.801972
-0.525428
1.780093
0.998112
1.164937
1.760965
1.736162
1.469734
-1.468447
1.684207
1.558919
-0.032184
1.384817
-0.695340
-1.472814
-0.252516
-0.814452
-1.302462
1.845472
-0.934571
1.614022
-1.647147
-1.769039
-1.005811
-1.751771
-1.832056
-1.451992
-1.108705
0.687505
1.425999
-1.424132
1.819569
1.803244
-0.615631
-1.083454
-1.750930
-1.762509
-1.715129
0.171784
1.809991
-0.058793
0.799701
-1.506424
1.782779
-1.797762
-1.692728
1.675156
1.757473
-1.843995
-1.811943
-1.830491
0.284208
-1.782417
-1.830677
-1.724582
0.747142
1.795706
-1.499904
-1.795278
0.023887
-1.839973
-1.529905
-1.764787
-1.831567
1.272804
-1.760039
1.777316
-1.728014
1.693633
-1.585618
-1.788799
-1.599935
1.509424
1.742375
1.069162
1.759782
0.034129
1.793755
0.706409
1.762427
1.812107
1.726069
1.625816
1.681613
-0.848757
1.836191
-1.738769
1.683841
1.559184
1.746690
-1.778733
-1.210658
-1.701924
0.187908
0.631416
1.734123
0.623269
1.457737
-1.782508
1.608823
1.775638
-1.744013
-1.547381
-0.832196
-0.127446
1.773499
-1.708475
1.842335
-1.275058
-1.626208
1.600705
-1.863244
-1.649254
1.640702
-1.781994
1.821534
-1.503298
-0.346972
-1.697656
-0.873550
-1.329044
-1.034918
0.471697
-0.987433
1.710000
1.641258
-1.015900
1.800055
-1.750959
0.649824
1.792231
-1.748652
1.766313
1.869324
1.776822
-1.760323
-1.754691
-0.901638
-1.336032
-0.777110
-1.686335
1.797384
1.597470
-1.772034
-1.410705
-1.780821
-1.837544
1.235339
1.764174
-1.723152
-1.793092
-1.579124
-1.255772
-1.824137
1.822226
-1.253306
1.806624
-0.944396
1.349588
1.773272
1.835209
1.309605
1.186373
-1.009107
-1.741460
1.511203
-1.583394
-1.609087
-1.521871
1.773759
-1.844481
-1.840341
-1.463093
1.802951
1.122649
-1.708379
-1.778006
1.269658
1.692241
-1.797450
-1.627998
1.644376
1.614516
-1.735876
1.066385
-1.658128
1.542777
-0.194617
1.586550
1.712412
-1.751507
-1.781897
-1.798217
-0.179912
1.778961
-1.378536
-1.417981
1.700879
1.782421
1.675131
-1.803474
-1.119524
-1.534067
-1.842454
1.734846
1.699786
1.810659
-1.566104
-1.415274
1.740296
1.763832
1.765173
-1.719079
0.434482
1.796120
-1.676699
-1.046818
-0.062530
-1.785317
-1.067380
-1.417233
1.859213
-1.415904
1.762749
-1.531721
-1.853964
-1.584960
1.802489
1.693286
0.068080
1.804724
1.754341
1.557018
1.795719
-1.741316
-1.587124
-1.414171
-1.823013
1.803933
1.843579
0.932300
1.469881
-1.789066
1.813773
1.740130
1.329386
1.290557
-1.406655
-1.531510
1.459124
1.660035
-1.871434
1.539071
-1.697707
1.826039
1.325407
-1.492922
1.829296
-0.567775
-1.097184
-1.712726
-0.913027
1.681992
-1.578663
1.581508
-1.202181
1.334162
1.791938
1.721087
1.790616
1.798917
1.814074
-1.349786
1.128190
0.290875
-1.603687
-1.754954
1.176588
0.005712
1.758221
-1.833691
-1.526980
-1.762572
-1.223207
-1.765432
-0.482383
1.794582
-1.672669
-1.545776
-1.728304
-1.881697
1.793989
-1.358902
1.281676
1.109867
1.813472
1.630903
-1.459630
0.317433
-0.082779
1.686624
-1.575294
1.735479
1.822989
1.822684
1.720121
-1.696466
-1.844409
1.766254
1.598930
1.670164
-1.819604
-1.527531
1.826418
-1.841391
-1.815252
-1.676886
-1.610591
1.749589
-0.906836
1.674105
1.787926
-1.607390
1.160262
0.648883
0.932323
-1.646662
-1.539891
-1.443203
1.765842
-1.625424
1.713647
0.120153
-1.526532
-1.398088
1.758504
-0.751638
1.548886
-1.556276
1.132264
1.593234
-1.775887
-0.937101
1.510362
1.883507
1.730534
-1.764040
1.808846
-1.809707
1.637768
-1.767100
-1.685163
-1.774238
-0.946913
-1.723531
1.037715
-1.771843
1.146957
1.038257
1.813557
-1.756512
1.765038
1.717622
-1.782490
-1.825287
1.772049
-1.264913
1.763726
1.518836
-1.817594
1.821296
1.684174
-0.630199
1.331122
1.803107
0.785722
-0.553838
1.678930
1.727392
-1.607668
-1.544746
-1.727089
1.118851
-1.748115
-0.724708
-1.528243
1.791123
1.542021
-1.495291
1.795911
1.421734
1.820335
-1.528057
0.569254
-1.520501
1.512629
1.728063
1.675989
1.581589
1.812503
-1.796016
1.613237
1.783036
1.851436
1.105727
-1.796387
1.693017
1.667845
1.763978
-1.783291
-1.740014
-1.876988
1.765144
1.700826
1.785249
-1.315301
-1.463628
-1.829701
-1.602473
-1.239551
1.767357
-1.543530
0.199311
-1.399391
1.722696
-0.494958
0.948693
1.786502
-1.765976
-1.455313
1.801718
-1.820157
1.518985
1.516717
-1.776290
1.831402
-1.816722
-1.690206
1.781291
-1.823365
1.821908
0.508772
1.688106
-1.694290
0.759325
1.189694
-1.652890
1.373646
1.248256
-1.472065
-1.614894
0.941662
-1.169401
1.813840
-1.396595
-0.996337
-1.691372
1.777754
1.827112
-1.713948
-1.799478
-1.628140
-1.821862
-1.518768
1.799708
1.757836
0.636843
-1.560950
1.446892
-1.843451
-1.600233
-1.676805
-1.734133
-1.551043
-1.646863
0.694490
1.751539
1.512229
1.704243
1.701032
-1.443430
-1.813309
-0.196390
-1.699970
1.756268
1.809901
-1.689357
-1.673848
1.492738
-1.780704
-0.897690
-1.143353
-0.700393
-1.022685
-1.805340
1.753516
1.191240
-1.776207
1.764849
-1.767816
-1.729744
1.791713
-1.532810
-1.812020
1.057515
1.052895
1.717126
1.773015
1.793516
1.626815
-1.591471
1.818950
-1.721701
-0.571610
-1.857713
1.772694
-1.776247
0.068214
1.641264
-0.584432
-1.822840
1.627896
1.513565
-1.719212
-1.097766
-1.530160
-1.872676
1.834147
0.287775
-1.647987
1.423206
-1.789816
-1.279629
-1.654527
-1.738468
-1.420735
1.802533
1.551182
-1.834175
1.858974
1.526585
-1.059661
1.629331
0.071983
1.792041
-1.513572
-1.802158
-1.585289
-1.236353
-1.794668
1.832541
-1.534053
0.509279
1.812057
1.018624
1.771668
-1.823537
-1.799825
1.794044
-1.728416
1.238645
-1.750064
-1.709133
-1.332994
-1.821480
-1.774546
1.689017
1.820667
-0.002361
1.809359
-1.717656
1.817167
-1.659212
1.274325
1.583026
-1.647996
-1.645275
-1.720303
1.865679
-1.229798
1.742098
1.081417
-1.807546
-1.512486
-1.348009
1.843199
1.796041
-1.687186
1.674058
-1.571345
-1.177491
1.720097
-1.729169
-1.659568
1.467366
1.793445
-1.756910
-1.753607
1.627034
-1.702161
