1.000000	0.700000	50	0.100000	ARCHIVOS_REDES\ER\ER_686.txt
0.007656	0.067863
0.012960
0.078832
-0.000061
-0.005730
-0.000338
0.042721
-0.080680
-0.096211
0.020627
0.123078
-0.016529
-0.014300
0.081121
-0.126273
0.048136
0.082464
0.043318
0.034347
-0.029507
0.021884
0.012726
-0.042294
-0.007526
0.044297
0.024464
0.078540
0.102143
0.061967
-0.056152
0.014877
-0.076150
0.009761
0.126241
0.057043
0.071280
0.075227
-0.049567
-0.045634
0.079099
-0.096347
0.003542
-0.042429
0.106660
0.075570
-0.028834
-0.108859
-0.138529
0.022290
0.082193
0.030295
0.076369
0.140520
-0.055393
0.058457
-0.027518
-0.051848
0.039209
0.083834
0.122122
0.041137
-0.007781
-0.077159
0.080656
0.055874
0.040369
0.006292
-0.020452
0.054047
0.125068
0.021035
0.121820
-0.053127
0.053786
0.052797
-0.010867
0.063602
-0.047613
0.057719
0.090061
0.071271
-0.054107
0.076493
-0.092208
0.022293
0.050701
0.140694
0.001686
-0.144097
0.084621
0.006225
0.034443
0.011788
-0.091775
-0.084272
0.109787
-0.135415
-0.003624
0.033903
0.007410
-0.019256
0.064212
-0.050977
0.062638
-0.025731
0.052189
-0.006331
0.021965
0.045210
-0.017600
-0.031501
-0.012577
0.062974
0.144029
-0.004799
0.144289
-0.026688
-0.017389
0.007446
0.044115
-0.148565
0.126700
0.121037
-0.101129
0.037642
-0.035041
-0.024694
0.150998
-0.080656
-0.107255
0.005996
-0.013505
0.038301
0.132279
0.051119
0.129545
0.055459
-0.052574
-0.098353
-0.081213
-0.085503
-0.098345
-0.110758
-0.006636
-0.019920
-0.037150
0.007719
-0.105446
0.029656
-0.101251
-0.028837
0.072186
-0.026442
-0.014491
-0.095363
-0.130252
-0.036395
0.051520
-0.076131
0.029780
0.058818
-0.064212
0.055586
0.019096
-0.077389
0.010842
0.151273
0.024674
-0.059704
-0.000719
0.040346
-0.104642
0.042971
0.044623
0.052268
-0.065499
0.043612
-0.052432
-0.016721
0.059521
0.004325
0.046719
-0.005467
-0.075256
0.030288
0.060612
-0.069627
-0.007730
0.001452
0.033237
0.000349
-0.051770
-0.033038
0.079774
0.091696
-0.036461
-0.084630
-0.102680
-0.021961
-0.040709
0.092964
0.024353
0.138673
0.022360
-0.006736
0.005906
-0.008449
-0.054818
0.087057
-0.027339
-0.090646
-0.018115
0.037343
0.073124
-0.003885
-0.065995
0.206741
-0.067990
0.050207
-0.029812
-0.008300
-0.030423
0.094461
-0.004685
0.058988
-0.002167
-0.054144
0.090664
0.006878
-0.047536
-0.016760
-0.089677
-0.032427
0.044709
0.135168
-0.058631
-0.053289
0.111723
0.083171
0.023516
-0.044889
0.044531
-0.095042
-0.075671
0.030584
0.084382
-0.003182
0.017270
0.005475
0.019188
0.043101
-0.076661
-0.023679
0.107514
-0.031786
0.003025
0.070878
-0.207416
-0.026564
0.042465
0.095326
0.044286
0.094280
-0.017403
-0.006136
0.093722
0.033764
0.016692
-0.006266
0.013268
-0.095570
-0.048107
-0.093083
0.017428
0.017554
-0.057460
0.042189
-0.014676
0.016440
0.007835
0.040478
-0.041756
0.116563
0.046694
-0.036536
0.036810
-0.010801
0.026731
0.013307
0.017344
-0.011029
0.071540
-0.006098
-0.057907
-0.064159
0.062321
-0.009975
-0.011295
-0.139190
-0.017376
0.094178
-0.078687
0.090386
-0.024838
0.030711
-0.033049
-0.049225
0.011991
-0.056876
-0.001139
-0.019869
0.007678
0.072846
0.065726
0.090815
0.000707
0.002617
0.067318
0.078515
-0.089844
-0.029986
-0.044652
0.088043
-0.010183
0.045445
0.005996
0.088815
0.136776
0.040860
0.034477
-0.019618
0.055295
-0.112253
0.087878
-0.049185
-0.071739
0.025506
0.033742
-0.075309
0.043791
-0.007997
0.026094
-0.028618
0.074852
0.003082
-0.002884
0.002154
-0.068557
0.128312
0.003670
0.040910
0.069235
-0.061999
-0.088829
-0.080166
-0.049275
-0.022516
-0.055884
0.072629
0.056912
0.004581
0.015650
-0.113970
0.034884
0.030928
0.036329
0.114629
0.032559
0.102131
-0.063413
0.075322
0.047883
-0.089003
0.141867
-0.131517
0.039143
-0.091152
0.088185
0.088162
-0.096823
-0.066025
-0.039122
0.034238
0.102954
-0.051483
0.074717
0.138698
-0.003582
0.134421
-0.095098
0.096052
-0.065895
-0.042088
0.087301
0.152316
0.017763
0.017233
0.060549
0.010378
0.048376
0.132771
-0.057266
0.018544
0.089947
-0.083981
-0.053902
0.088143
-0.032046
0.118151
0.126303
-0.080560
-0.022765
-0.002869
0.064353
0.034699
-0.114849
-0.088009
-0.090637
-0.063133
-0.007609
0.081942
-0.036703
0.039501
-0.015950
0.084676
0.085744
0.030948
-0.055070
-0.115394
-0.110766
0.133963
0.015065
0.120240
-0.062182
-0.064943
0.152554
-0.025931
0.067155
0.038662
0.082598
-0.128977
0.004996
0.074532
-0.059865
-0.079520
0.020870
-0.010488
-0.057570
0.061144
0.068526
-0.009772
-0.058791
0.026213
-0.061725
0.096204
0.002130
0.021300
-0.050558
0.123387
0.046393
0.008310
-0.066399
0.030290
-0.057177
0.047536
-0.059525
0.012835
0.124929
-0.018230
0.057881
0.101198
-0.157683
-0.051726
0.006528
0.029760
-0.021420
-0.014664
-0.084693
0.025888
-0.000858
0.146634
-0.039529
0.013292
-0.033919
0.004841
-0.073740
-0.003925
-0.113337
-0.018647
0.141382
-0.125062
-0.027946
0.141044
0.091389
0.045670
-0.098879
0.098474
-0.016500
0.006786
-0.072522
0.080072
0.126059
0.010625
-0.028137
0.071571
-0.012028
0.002520
-0.074597
0.092511
-0.093455
-0.036462
-0.014721
0.016212
0.098571
-0.062098
0.033612
0.079340
-0.142784
-0.011793
-0.063192
-0.020443
-0.045415
-0.098163
-0.031093
0.110945
0.067352
0.075666
0.075959
-0.052923
0.000739
0.061595
0.045692
-0.059893
-0.036090
-0.038076
0.033777
-0.020021
-0.040099
-0.022060
0.093586
0.012408
0.110039
0.064790
-0.003950
-0.039944
-0.017429
0.045906
0.037750
0.017363
-0.011300
-0.114453
0.103211
0.031451
-0.062681
-0.037157
0.024908
0.087582
0.154415
0.133975
-0.052242
0.005981
0.052300
0.061127
0.019997
0.019141
0.145598
-0.069118
-0.012718
-0.105522
0.122480
-0.001255
0.083899
-0.002915
-0.021625
0.086239
0.024265
0.024570
0.034773
0.127601
-0.028825
0.032593
0.007248
0.063202
0.055038
0.124971
-0.029829
0.084827
0.055331
0.098099
0.046651
-0.028492
-0.005251
-0.019597
-0.039811
0.093517
0.071336
0.025625
0.068632
0.102724
-0.023559
-0.061559
0.055853
0.081272
0.106956
0.031307
0.121682
0.001229
0.004110
0.023427
-0.032678
-0.075279
0.087909
-0.039134
0.032023
0.018909
0.043880
0.114711
0.032000
-0.004395
0.067228
-0.003518
0.129281
0.014947
0.025154
0.006624
-0.012884
-0.002402
0.030088
0.021474
-0.012473
0.060562
0.090318
-0.069125
-0.080516
0.044363
-0.057515
-0.028642
0.120449
-0.109381
0.022279
0.049962
0.067939
0.000978
0.020312
-0.153606
-0.078990
-0.046454
-0.142981
0.110544
0.035304
-0.093715
-0.085206
-0.101634
-0.106779
0.019175
-0.032798
-0.157097
0.062875
0.051732
0.096346
-0.005161
-0.026000
0.086318
0.085941
0.135394
0.114268
0.010899
-0.004342
0.070591
0.032572
-0.063881
0.134387
0.037056
-0.073479
0.047771
-0.031182
0.004785
0.041205
-0.165990
0.101948
-0.061307
-0.063219
0.065920
-0.004493
-0.077197
0.106709
0.025501
-0.025808
0.026482
0.148835
-0.039455
-0.045505
-0.001497
0.073162
0.057266
0.111375
-0.016039
0.007464
0.068274
-0.128874
-0.010599
0.093199
-0.012879
0.049805
0.043904
0.091072
-0.029209
0.041941
-0.074953
-0.003132
-0.061719
0.174715
0.000450
0.016011
0.073582
0.054908
-0.082263
0.131744
-0.035151
-0.145769
-0.069293
-0.045552
-0.043057
-0.044732
-0.058370
0.065921
0.120357
0.005886
-0.070752
0.050103
0.050454
-0.052250
-0.060784
0.022189
0.046405
0.128949
-0.024602
0.105617
-0.146621
-0.056465
0.111269
0.026175
-0.008212
0.065392
-0.023691
0.096182
0.094915
0.007579
0.065982
0.011556
-0.085782
-0.036511
0.073630
-0.046659
-0.078664
0.099812
-0.075008
-0.049354
0.086051
-0.039124
-0.006019
0.019511
-0.056158
-0.082873
0.064044
0.027379
0.034682
-0.080433
-0.022267
-0.052904
0.163702
0.092350
-0.038555
0.082174
-0.001928
0.049546
0.050972
0.048280
-0.079884
-0.067781
0.055180
0.080935
0.058773
0.075743
0.006963
-0.019862
-0.002735
0.133395
0.065375
0.016060
0.040568
0.057829
-0.018410
0.126538
-0.067135
-0.076987
0.137642
-0.050268
0.020651
0.022199
0.012138
0.133200
0.118828
0.055189
-0.043089
-0.040824
0.059574
-0.001849
-0.068856
0.073458
0.136397
-0.070679
-0.014925
0.077158
-0.054334
0.046084
0.014675
-0.044913
0.013901
0.061639
0.033807
0.008034
-0.041220
0.103167
0.054545
-0.040908
-0.047043
0.054439
-0.085850
0.037538
-0.017536
-0.022753
-0.031216
-0.014264
-0.010681
-0.040120
-0.004572
0.092034
0.080636
0.090586
-0.058154
0.041936
-0.013057
0.129749
-0.043915
0.001015
0.103530
-0.056033
0.066516
0.006317
-0.021979
-0.010155
0.136322
-0.101697
-0.095390
-0.063449
-0.058773
-0.096946
0.041978
-0.015403
-0.037300
0.028390
-0.052305
0.091001
-0.049749
0.007083
0.038969
0.175456
-0.064264
-0.069302
0.099267
0.093069
0.134352
0.093529
0.020917
0.122528
0.026852
0.031656
0.080036
-0.037054
0.024826
-0.074916
0.010038
0.072270
-0.016305
-0.105769
0.030551
0.104501
0.012566
-0.000107
0.036381
0.041579
0.125115
-0.057616
0.094665
0.034461
0.014263
0.019954
0.113163
-0.026220
0.016876
0.066452
-0.061601
-0.043718
0.010413
-0.001106
0.064700
-0.043908
0.015905
-0.121150
0.080443
-0.154612
-0.031047
0.032791
-0.076218
-0.116454
0.027596
-0.140855
0.257814
0.102908
-0.074559
-0.049095
-0.114928
-0.054120
0.081592
0.024496
0.024455
0.023550
-0.021678
-0.040954
-0.050449
-0.009081
-0.029095
-0.068031
0.037343
-0.007861
0.065059
-0.086128
-0.079799
0.072409
-0.034107
-0.079366
-0.036947
-0.030674
-0.034510
0.001542
0.001731
0.017323
0.041949
0.022277
0.028351
-0.012228
-0.084984
0.013185
-0.057462
0.066383
-0.045662
-0.081984
-0.061605
0.075131
-0.073627
-0.012734
-0.167335
-0.008575
-0.066781
-0.050478
0.039049
-0.019152
0.001619
-0.010055
-0.018811
-0.077462
0.008548
0.126233
-0.030597
-0.113387
-0.012709
0.004194
-0.006899
-0.032834
0.105557
-0.052194
-0.024571
0.049532
0.130765
-0.109101
-0.099618
-0.104021
0.065153
-0.041293
-0.027532
0.007413
-0.117958
0.095212
-0.032050
0.073872
0.029881
-0.031197
-0.027373
0.096743
-0.016376
0.120408
0.070266
0.000922
0.007224
-0.108025
-0.015610
0.099358
0.033876
-0.037699
-0.025891
-0.071317
-0.055850
-0.030420
-0.000295
-0.053387
0.009319
-0.052893
0.024843
0.007245
-0.039704
-0.025980
-0.003349
0.112870
-0.055891
0.024805
0.134630
0.071226
-0.009362
-0.104410
0.096119
-0.002899
0.019837
0.011410
0.117995
-0.062285
-0.051391
-0.059392
0.016101
0.075496
-0.060021
0.016277
0.183523
0.118722
0.106359
-0.034585
-0.092943
0.139559
0.053359
-0.080001
0.073293
-0.006647
0.075087
-0.015595
0.025064
0.143468
0.091198
0.010060
-0.090498
-0.147615
-0.023543
0.091660
-0.000537
0.105216
0.092798
-0.004869
-0.043836
0.027803
-0.057695
0.012536
0.096286
-0.045375
0.098017
-0.011210
-0.055698
-0.071098
-0.025332
0.047183
-0.040708
0.119486
-0.027726
-0.092688
-0.005184
-0.025694
0.017836
0.056733
0.080190
0.085133
-0.019980
0.048735
-0.020028
-0.050208
-0.110643
0.003918
-0.005638
0.090036
-0.033753
0.081328
0.005554
0.042680
-0.009781
-0.076006
-0.055290
-0.052281
0.053834
0.014698
-0.067165
-0.112305
0.069470
-0.006256
0.121281
0.028309
0.088729
0.127473
-0.028078
0.013432
0.005506
-0.047568
-0.057142
0.084992
0.021468
0.054860
0.062535
0.054584
-0.027699
0.033614
0.049763
0.013877
-0.065194
-0.015073
0.033815
0.048228
0.000582
0.110005
-0.101611
0.056626
0.100659
-0.074274
-0.078985
-0.069762
0.018591
0.085897
-0.050197
0.011736
-0.102696
0.115535
0.028681
-0.113674
-0.013026
0.132589
-0.048311
0.035996
-0.030452
0.040178
0.052458
0.002809
0.053010
-0.045017
-0.032080
-0.004757
-0.062937
0.029226
-0.040261
-0.020339
-0.030868
0.043277
-0.027047
-0.033206
-0.040274
-0.024123
0.095003
0.042203
0.060633
-0.022028
0.014726
0.088071
-0.044623
0.124946
0.066927
-0.123504
-0.001240
-0.008897
-0.022649
-0.046584
0.046887
0.157655
0.093659
0.067864
-0.077913
-0.046903
0.088707
-0.120602
0.069238
-0.073663
-0.076481
0.023660
0.117756
-0.050478
0.071657
-0.072563
0.104415
-0.021103
0.010032
-0.043792
0.007297
0.091011
0.043745
-0.003303
-0.143687
-0.024771
-0.071054
0.095599
-0.116475
-0.058600
-0.017143
-0.000695
-0.118761
-0.099686
-0.063696
-0.018983
-0.037786
-0.158288
-0.089561
-0.126684
-0.008803
-0.101570
-0.009306
0.112187
-0.080725
0.083101
-0.058319
0.032206
0.132068
0.064942
0.053968
-0.001285
0.051606
-0.104389
0.061020
0.017905
-0.061234
0.013138
-0.049299
0.090997
-0.049436
-0.011843
-0.118526
0.047963
0.028685
-0.140369
-0.062303
-0.015518
0.009999
0.026358
-0.044000
0.075044
-0.014257
0.077249
0.076286
-0.067770
0.041656
0.021928
-0.034312
0.090518
0.062110
0.024289
0.011254
0.098187
-0.064500
-0.003478
-0.023529
0.074319
-0.017027
0.065949
0.074298
0.093235
0.071408
0.131667
0.095372
-0.022162
0.059139
0.005661
0.001064
0.018547
0.083411
-0.052674
0.069115
-0.074283
-0.023544
-0.014881
-0.072760
-0.079215
-0.005774
0.087010
0.015094
0.047528
0.032928
-0.085422
-0.016877
-0.019135
0.038757
-0.012180
-0.092523
0.046395
-0.035385
0.007954
0.082865
-0.117354
-0.073940
-0.008220
0.009960
0.008478
-0.037370
-0.025473
0.056427
0.100674
-0.010166
0.111707
0.095639
0.122774
-0.112559
0.004498
-0.132358
0.134724
0.061387
-0.022441
-0.065626
0.010591
-0.046559
0.082389
-0.118004
0.056586
-0.032470
0.011668
0.061185
-0.070713
-0.132002
0.007239
0.028692
-0.028632
0.043821
0.042273
-0.067922
-0.080189
0.024352
-0.052590
0.029283
-0.040091
-0.046674
-0.063615
-0.077955
0.034120
-0.122910
0.026164
-0.124287
0.026662
0.063978
-0.092025
0.047910
0.014061
0.079557
0.013962
-0.140201
0.099813
-0.053825
-0.038097
-0.030738
-0.140528
0.044803
0.068502
0.016339
-0.031945
0.066138
-0.005757
-0.077448
0.035161
0.074056
-0.049065
0.100926
-0.020902
0.038546
0.108965
-0.064255
-0.005233
-0.033750
0.089146
0.122762
-0.103654
-0.017895
-0.025630
-0.013704
0.018859
0.027265
0.096125
0.000657
-0.077107
0.130200
0.013582
0.065278
0.128498
-0.055490
0.147593
-0.025180
-0.084558
0.070144
0.050494
0.108984
0.025084
0.136435
0.087558
-0.129070
0.059846
0.014298
0.118593
0.066500
-0.010965
-0.024252
-0.088512
0.050711
-0.052559
0.063753
-0.000896
-0.029418
-0.021683
-0.014585
0.061837
-0.063616
-0.022326
-0.011237
0.062689
0.140986
0.051405
0.075811
-0.089097
0.014646
-0.104965
-0.041814
-0.078742
0.006526
0.110571
0.036072
0.043861
-0.003451
-0.008066
0.051987
-0.112295
0.051181
-0.007801
-0.133534
0.045241
0.024362
-0.076219
-0.015786
0.063883
0.008146
0.130713
0.098936
0.147239
-0.039197
-0.024275
0.030469
-0.138322
-0.007278
-0.123649
-0.041821
0.056340
-0.083987
0.034609
-0.043163
-0.036277
-0.015308
0.037308
-0.092911
0.032914
-0.003100
0.114177
0.044051
0.119706
0.013987
0.065895
-0.094099
-0.018684
-0.073902
0.073612
-0.076061
-0.111026
-0.067240
-0.034710
0.063645
0.122311
-0.065049
-0.031606
0.044448
0.053651
-0.065904
-0.077274
0.042791
-0.054322
0.058308
-0.000926
0.088227
0.062152
0.044023
-0.028839
0.093670
-0.049907
-0.004949
0.081064
-0.153497
0.045039
0.022458
0.031781
0.111142
0.027904
-0.067102
0.104307
-0.030589
0.080419
0.121098
0.049103
0.091528
0.022647
0.035753
0.119291
0.074599
0.037895
-0.037672
0.086351
0.045147
0.044945
0.000040
0.127611
0.149529
0.075070
-0.109662
-0.006114
0.113843
0.064340
-0.014469
-0.086960
0.089228
0.008507
0.021141
0.072858
0.028143
0.094341
-0.092581
0.042953
0.102052
0.068494
-0.045172
0.037793
0.015440
0.001117
0.015442
0.061713
-0.030807
0.082807
0.044671
-0.076013
0.029102
0.110747
0.032325
0.175821
0.024053
0.047196
-0.046144
-0.125967
-0.085570
0.055248
0.040439
0.039990
-0.031698
-0.051394
0.041380
0.068961
0.112906
-0.036184
-0.030236
-0.056391
0.002619
0.113582
-0.029837
-0.015442
0.132023
-0.077792
0.028448
-0.013061
0.090345
-0.045018
0.016828
0.008162
-0.042456
0.032527
0.006510
0.008498
0.141164
-0.044273
0.023969
-0.072876
-0.053896
0.015879
-0.022116
0.058179
-0.032592
-0.077761
0.087103
-0.053493
0.062937
-0.003107
0.060133
0.091503
0.049009
0.091993
-0.024779
-0.029582
0.118538
0.007848
0.054474
-0.058009
0.128326
-0.167656
0.032679
0.091358
0.061154
-0.046071
-0.060619
0.005102
-0.132844
0.105248
0.094532
0.033999
-0.112303
-0.077456
-0.026973
-0.038250
-0.053569
0.049558
0.015167
0.035959
0.074091
-0.068009
0.021186
-0.101053
0.052787
0.101940
0.006103
-0.085834
0.158043
0.042907
0.091945
-0.021579
0.102145
0.130854
-0.000456
-0.050349
-0.000951
0.009396
0.059339
0.045299
0.008393
-0.051782
-0.038409
0.015361
0.054733
-0.119245
-0.068238
0.078682
0.073464
0.017576
0.005180
-0.050467
-0.024898
0.050190
0.011592
0.103944
0.090389
0.047502
-0.015456
0.057003
0.069249
-0.049019
0.019732
0.059223
0.112451
0.050809
0.023992
0.022352
0.151834
0.041497
0.020137
0.042691
-0.038779
0.132013
0.025129
0.191291
-0.080218
-0.005390
0.144954
-0.074594
-0.006100
-0.076721
-0.076910
0.091012
0.031976
0.040602
-0.015637
-0.067591
-0.023914
-0.097145
-0.046492
-0.048825
-0.041503
-0.071917
0.097746
0.105151
0.027996
-0.115454
0.036235
-0.022260
-0.038107
-0.021269
0.156107
0.017821
-0.107251
-0.064763
0.086431
0.105619
-0.035620
-0.060329
0.066475
-0.024067
0.075758
-0.106802
-0.000885
0.068424
0.061227
-0.003632
0.115168
0.142599
0.063251
0.047577
-0.126557
0.008236
-0.067686
0.098427
0.085881
0.081604
-0.085174
0.003188
-0.050876
-0.001810
0.099823
-0.004504
0.002454
-0.096448
0.032089
-0.003590
0.125341
-0.055969
0.020560
0.002165
-0.055841
-0.106587
0.102669
-0.033843
-0.074530
0.005528
0.074575
-0.017321
0.020722
0.132778
0.017027
0.058348
-0.011215
0.040792
0.050280
-0.088239
0.116250
-0.090255
0.037680
0.026391
0.054863
-0.023253
-0.051515
0.013310
0.005756
0.031172
-0.124558
-0.110368
0.070290
0.089106
0.004296
0.018914
0.048799
-0.078641
0.131971
0.009685
-0.027447
0.032584
-0.071188
0.032106
-0.059808
0.069502
0.116787
0.119943
0.131860
0.063576
-0.063617
0.128937
0.040862
-0.123265
0.029110
-0.063224
-0.063092
0.021208
-0.033159
-0.116418
0.041938
0.111163
-0.006651
0.152046
-0.069721
0.016499
-0.057913
0.121601
-0.061774
-0.011993
0.116966
-0.010049
0.096805
0.139558
0.005626
-0.137089
-0.063957
-0.086771
0.101136
-0.069261
0.026118
0.063259
0.023614
-0.066778
-0.046741
0.040954
0.006789
-0.032080
-0.013344
-0.012049
0.058621
-0.110378
0.021324
-0.011859
-0.038886
0.028269
0.080717
0.116127
0.024262
0.095935
0.010331
0.015106
0.031365
0.075839
-0.043000
0.081334
0.084785
0.194882
-0.097393
0.050317
-0.120123
-0.042114
0.107818
0.076242
-0.088595
-0.056863
0.026721
0.103663
-0.057827
0.007933
-0.000578
0.061231
0.030271
-0.070332
-0.057906
0.025696
-0.076709
-0.075708
-0.133193
-0.003381
0.022335
0.108830
-0.048135
-0.018838
0.075750
-0.091358
0.125335
0.046998
0.068169
0.105114
-0.061293
0.146007
-0.135039
0.048865
-0.026959
0.094162
0.025449
-0.084996
0.053066
-0.013374
0.005207
-0.082677
-0.055376
-0.015248
0.111957
-0.091353
0.045450
0.056565
-0.104405
-0.081269
0.008866
-0.049920
-0.081385
0.022786
0.101183
0.022328
-0.075421
-0.004848
-0.128012
0.137765
-0.103263
0.008722
-0.021968
0.074271
0.047831
0.117010
-0.132152
0.124214
0.060547
-0.032357
-0.053938
-0.109908
-0.038445
-0.053097
0.155712
0.000767
-0.032557
-0.131956
-0.014360
-0.079231
-0.108452
0.044664
-0.104679
0.067517
0.129802
0.084840
-0.048194
0.045957
0.059977
0.092573
0.018727
-0.098448
0.051732
0.045145
0.050776
0.147428
0.084752
0.064785
0.028078
0.133257
0.186955
0.108769
0.091213
-0.076498
-0.014624
0.037120
0.079415
-0.092102
-0.014988
-0.113057
-0.045575
0.078006
0.021278
0.019232
0.006547
-0.071992
-0.089469
0.060956
-0.034953
-0.044777
0.066674
0.013680
-0.018708
-0.063571
-0.043596
-0.082817
-0.009376
-0.064018
0.039290
0.134057
-0.014852
-0.051064
0.035040
-0.138376
0.023762
-0.098188
-0.085903
0.060018
0.103659
0.073378
-0.003028
0.013424
-0.027963
-0.084060
-0.020455
-0.112784
-0.002854
-0.010005
0.077247
0.049501
-0.042942
0.029543
0.125350
-0.024656
0.124842
-0.029575
0.031290
-0.006049
-0.060900
0.071360
-0.014530
-0.095348
-0.059166
0.015598
0.020725
0.000761
0.089428
0.061667
-0.059622
0.085294
-0.061685
-0.019532
-0.088286
0.021290
-0.012855
-0.072361
0.055312
-0.026484
-0.079575
0.088328
0.019952
0.034120
-0.044722
0.060127
0.052672
0.017816
-0.037203
0.071497
0.134090
0.089660
0.051960
-0.038395
-0.087879
0.012972
0.085006
0.013784
0.003579
0.040294
0.011816
-0.089402
0.061320
-0.008171
-0.061868
-0.073736
0.039148
0.057920
0.044211
0.103927
-0.015079
0.076780
0.089169
0.006279
-0.033827
0.196141
-0.033707
-0.055971
-0.023252
-0.010120
0.085592
0.010965
-0.044476
0.044874
-0.017971
0.076437
0.123965
-0.027421
-0.067960
0.080928
-0.020150
0.028336
-0.105532
-0.004056
-0.049692
0.005478
-0.001099
-0.024274
0.144339
-0.071887
0.063833
0.049479
0.010060
0.036114
-0.086487
-0.085859
-0.022243
-0.088988
0.022810
0.091251
-0.052878
0.069142
0.136858
-0.096561
0.035800
-0.047355
0.135328
-0.001518
-0.094782
-0.002808
-0.001349
-0.078904
-0.111159
0.079533
-0.051861
0.018340
-0.027734
0.125557
-0.044823
0.067942
-0.152208
0.077109
0.035990
-0.053823
0.131352
-0.014982
0.058083
0.021796
0.026646
0.000714
0.088504
0.010665
-0.112777
0.020771
0.001215
0.027054
0.139574
-0.017605
0.022477
0.100910
-0.083939
0.017483
-0.042473
-0.022297
0.045685
-0.074722
0.018169
0.121561
-0.016910
-0.058565
-0.012875
0.039403
-0.045837
-0.126134
-0.108987
0.088872
-0.090489
-0.014134
-0.055593
0.041503
0.078747
-0.027921
0.048798
0.056779
0.054781
0.045210
0.007134
-0.016108
0.018375
0.010647
-0.026382
0.060744
-0.122669
-0.094381
0.061677
0.020583
-0.067118
0.118170
-0.120117
-0.039765
-0.070946
-0.049840
-0.086704
0.063626
-0.101762
-0.039337
-0.122309
0.040438
0.028260
0.084110
-0.004548
0.120312
0.058118
0.006081
0.036257
0.071175
-0.015272
0.029688
-0.056699
0.115584
0.005070
0.072719
0.038947
0.066813
-0.047475
0.095681
-0.012517
-0.017310
-0.071361
0.092216
0.009454
-0.018324
0.038725
-0.028451
-0.097018
0.083060
0.023076
-0.085768
-0.041352
-0.041655
-0.076227
-0.069779
-0.078894
-0.123097
0.110869
-0.064091
-0.052727
0.037750
0.080596
-0.095501
0.020197
-0.009073
0.069248
0.066730
0.000200
0.071025
0.041882
0.019399
-0.056024
-0.094964
-0.135702
-0.037611
-0.040450
0.107273
0.077678
0.105898
0.076128
-0.165186
0.065265
0.047637
0.074284
-0.026092
0.070993
-0.108443
-0.086767
0.024120
0.005347
0.021953
0.008841
0.081311
-0.020248
0.042612
0.032842
-0.093454
0.015656
-0.022907
-0.019557
-0.066940
0.065751
-0.008411
-0.032759
-0.104622
0.097602
0.031625
0.031102
0.069157
0.086238
-0.009665
0.136553
0.028895
0.016011
0.061096
0.015366
-0.071505
0.067194
0.046572
-0.040694
-0.039828
0.090565
-0.004562
-0.021202
-0.018497
0.041463
0.007363
-0.054549
-0.020972
-0.056824
-0.040368
-0.054276
-0.115187
-0.078320
0.118530
0.038503
0.124079
-0.029916
-0.014390
-0.104880
-0.011914
-0.007490
0.065491
0.053958
0.097379
0.124159
-0.034404
-0.091031
-0.088252
0.058756
-0.033004
-0.047975
-0.010310
0.032740
-0.075333
-0.052588
0.147496
-0.023490
-0.088525
0.063563
-0.043347
-0.033081
0.038056
0.137171
0.036897
0.104357
-0.017700
-0.016332
-0.072505
0.078159
-0.015789
-0.054954
-0.071709
-0.154093
0.016835
0.042564
0.003984
0.073499
-0.078177
0.092273
0.019916
0.022539
-0.019091
-0.057696
0.068966
0.022798
-0.079840
-0.092274
0.087783
0.028047
0.058195
-0.071571
0.044215
-0.097138
0.030598
0.076407
-0.045852
-0.035571
-0.108829
0.079082
-0.099381
0.069304
0.112187
-0.025764
0.032149
-0.045340
0.091298
-0.018959
-0.016746
0.058325
0.094268
-0.093481
-0.040203
0.041368
-0.088199
-0.167462
0.008106
0.088484
0.022097
-0.006536
-0.034503
0.079983
0.258349
-0.057934
0.102705
-0.057160
-0.077260
-0.009326
0.045168
0.135535
0.020159
-0.073037
0.019820
-0.024292
0.112560
-0.067481
-0.018362
0.062729
0.023566
0.025164
0.019381
0.116449
0.078377
0.045176
0.134156
-0.040729
-0.075582
0.055051
0.123269
-0.105563
-0.076155
0.087509
0.002596
0.065449
0.050167
-0.029590
-0.089301
-0.016065
0.074055
0.018164
-0.114163
0.078378
0.137818
-0.077308
-0.073996
-0.126166
0.116697
-0.052027
0.000501
0.051635
0.017645
0.089156
0.063318
0.041889
-0.083356
-0.012537
-0.115175
-0.097400
-0.158812
-0.017232
-0.015347
-0.063843
0.121388
-0.003830
-0.002811
0.116138
-0.130216
-0.027129
-0.063208
-0.031712
0.050684
0.078428
-0.016957
0.133025
0.117664
0.059795
-0.166594
0.025785
0.064406
-0.045606
-0.087332
0.044095
0.054457
-0.130036
-0.058792
-0.014846
-0.054454
0.042063
0.120352
-0.095345
0.043865
0.005571
-0.035529
0.078242
0.007058
0.021183
0.000138
-0.016151
0.053440
0.014878
-0.054660
0.048587
0.041605
0.028164
-0.071118
0.020892
0.062911
-0.015537
0.015838
-0.097757
0.022343
-0.103374
0.041756
0.001148
0.051820
0.062856
0.041714
-0.011617
0.003220
0.103717
0.060310
0.021974
0.016957
-0.009060
-0.083349
-0.063396
-0.064774
0.008766
-0.036965
0.086305
0.085915
0.123413
0.014832
-0.062487
-0.028381
-0.072571
0.018166
-0.048338
-0.024713
0.012138
0.128470
0.051320
0.010582
0.095838
0.116024
-0.013385
0.039914
-0.114324
-0.032398
0.014793
0.201801
0.002528
-0.004041
0.025846
-0.015444
0.090081
-0.020017
0.012432
-0.080533
-0.036652
0.058906
0.087534
-0.087446
-0.002626
0.012737
-0.015417
-0.092306
0.065307
-0.069461
-0.047330
-0.047761
0.041913
-0.037110
0.088867
-0.054070
-0.102406
-0.102917
-0.002990
0.049297
-0.029365
0.061577
-0.100586
-0.004812
-0.054207
-0.046373
-0.081364
-0.046042
-0.066405
-0.039726
0.055047
0.032066
-0.022168
0.018711
-0.085698
0.029003
-0.038167
0.041046
0.089838
-0.029715
-0.079679
-0.058246
0.034389
0.035237
0.068303
0.089947
0.019021
-0.042292
0.094285
-0.069966
0.020164
-0.091791
0.087511
0.080022
-0.017241
-0.071991
-0.055545
-0.024981
0.065130
-0.061090
0.133762
0.091401
0.090887
0.023815
-0.128672
-0.000117
-0.066579
0.116139
-0.100043
0.029774
0.078307
0.052159
-0.016508
-0.057041
0.134913
0.052639
-0.091908
0.057649
0.041267
-0.094413
-0.030605
-0.116605
0.123731
-0.005466
-0.011225
0.017545
-0.045552
-0.022924
0.073618
0.010983
-0.028368
0.082165
-0.041360
-0.105269
-0.007205
-0.033236
-0.093164
-0.064145
0.027147
0.048577
-0.022344
-0.000787
-0.000128
0.036296
0.148807
0.092087
-0.003991
0.002275
-0.079349
-0.012543
0.004612
-0.060207
0.057632
-0.122298
0.004402
-0.002817
-0.108423
-0.019426
0.119074
-0.057057
-0.021263
-0.027043
0.072889
-0.014262
-0.028189
-0.027803
0.028183
0.119579
-0.059068
-0.021617
0.022957
-0.003964
0.043484
0.032748
0.014259
0.003259
-0.101264
0.047785
0.059078
0.168345
0.039662
0.097014
-0.067931
0.073559
-0.012614
0.055490
0.020459
0.021359
-0.039492
0.035204
-0.091535
-0.096852
0.053787
0.016392
0.029998
-0.012687
0.143173
-0.019022
-0.023324
-0.117625
-0.078866
0.050461
0.034497
0.000013
-0.016737
0.048389
-0.002853
-0.090211
0.101533
-0.074336
0.129286
-0.091663
0.037973
0.083612
0.060589
-0.086262
0.082529
0.061951
0.016889
0.022100
-0.009249
0.083087
0.053336
0.078948
-0.089553
0.099842
-0.102349
-0.026769
0.056115
-0.008290
0.053633
0.009505
0.001125
0.058546
-0.012299
-0.027868
0.056574
0.004003
-0.142127
-0.031859
-0.029935
0.158757
0.016506
0.095880
0.031890
0.100086
0.003839
-0.008351
0.010720
-0.109566
0.117292
-0.058177
-0.018357
0.039949
0.032374
-0.118373
-0.070627
-0.028058
-0.003344
0.006261
0.099385
-0.049288
0.037950
-0.046596
0.083187
-0.076448
-0.053510
0.026286
0.008531
0.015498
0.099175
0.049601
-0.113862
0.093414
-0.009660
-0.025841
0.029101
0.025800
-0.030737
-0.069655
0.105545
-0.019073
0.017470
0.011351
0.059007
0.000930
0.054642
0.001440
-0.056098
-0.029040
-0.060476
0.059626
-0.024824
-0.038440
-0.060407
-0.018544
0.103225
-0.033590
0.126256
0.074651
-0.024776
0.013710
-0.007716
-0.100440
0.119542
0.067866
-0.045625
-0.096145
0.064880
-0.027445
0.089382
-0.037997
-0.013244
0.024359
0.097255
-0.030895
-0.008937
-0.028248
-0.033647
0.033802
0.051836
-0.049180
-0.035901
-0.027365
-0.044847
0.089205
0.056854
-0.011731
-0.077434
0.077150
0.040496
0.049408
-0.036084
0.070859
0.084723
-0.074026
-0.067712
-0.060811
-0.096911
-0.068840
0.035663
0.014351
0.016313
-0.070879
0.050319
0.016945
-0.008002
-0.046190
-0.116850
0.003245
-0.105430
0.006719
-0.050624
0.134321
-0.035751
0.004415
0.085563
0.002306
0.139471
-0.129623
0.076658
0.023047
0.086695
0.103906
-0.074056
0.012452
-0.034446
-0.026889
-0.004195
-0.087733
0.142598
-0.048906
-0.011423
0.152826
0.042705
-0.076322
0.018401
0.081021
-0.029142
0.017322
0.048002
-0.000146
0.035016
-0.089684
0.154761
0.125605
0.074115
-0.086116
0.020847
0.019163
0.138320
0.073405
0.012250
-0.003433
-0.062383
0.111235
0.002865
0.135010
-0.003575
-0.095741
-0.018016
-0.030513
0.037565
-0.054424
-0.010395
-0.006616
-0.046907
-0.078268
-0.086557
0.078153
0.004530
0.000405
0.015037
0.066927
0.046304
0.036725
-0.073264
-0.068206
-0.015069
-0.098847
-0.008716
-0.011836
-0.054610
0.113001
0.107168
-0.002801
0.090386
-0.063854
-0.126462
0.048169
0.075334
-0.032305
-0.012612
0.097750
-0.078149
0.028553
0.026931
-0.067153
0.116075
0.018293
0.085922
0.155192
0.024626
0.034527
0.060039
0.063202
0.014539
0.020091
-0.015110
-0.051134
0.030516
0.043496
0.122906
-0.053698
-0.045738
-0.099913
0.095028
0.097277
-0.004711
-0.007520
-0.049596
0.038633
0.087389
-0.045624
0.023630
0.018820
-0.039057
-0.011144
-0.052287
-0.031745
-0.003398
0.096889
-0.013251
-0.112185
-0.030672
0.089440
0.033320
0.045368
-0.054412
-0.011455
0.025469
0.051436
0.112067
-0.002652
-0.097338
0.197818
-0.098876
0.065483
-0.051707
-0.058543
-0.046702
0.020845
0.018796
-0.029266
0.068703
0.015911
0.091201
-0.041681
-0.030831
-0.073734
0.055596
-0.054713
0.090003
-0.034706
0.128780
-0.033715
0.067166
0.001007
0.098815
0.021018
0.060459
-0.072265
-0.094373
0.055885
0.028728
0.084217
0.072755
-0.058669
-0.026699
0.083127
0.001371
-0.078213
0.014575
0.082667
0.120826
-0.084025
-0.069439
-0.091891
-0.080889
0.081166
0.056330
-0.090011
0.104105
-0.008225
-0.090635
0.099372
0.044794
0.047219
-0.065467
-0.005276
0.066123
0.046828
0.066055
-0.115710
-0.051321
-0.078006
0.059859
-0.070846
0.070566
0.076555
0.010681
0.012630
-0.035469
-0.007242
0.076354
0.100315
0.034230
0.082004
-0.112837
-0.117618
-0.073538
-0.069911
0.080094
-0.128204
-0.015277
-0.055130
0.071731
-0.026594
-0.041833
-0.057086
0.010732
-0.051766
-0.000210
-0.024705
-0.059050
-0.123947
-0.014814
-0.020002
0.047259
0.037426
0.084401
-0.102368
0.049704
0.036208
-0.098450
-0.038928
0.148551
0.126941
-0.054697
-0.067674
0.113222
-0.003780
-0.122024
-0.086503
-0.046103
0.057330
0.052853
-0.000113
0.038837
-0.107045
0.036199
0.072903
-0.041625
-0.028367
0.111451
-0.058119
-0.061692
0.134397
0.123207
-0.000010
0.059963
-0.107118
-0.062189
-0.120125
-0.027865
0.096557
-0.071604
-0.058196
-0.031449
0.014628
0.092613
-0.103271
-0.048794
-0.070108
-0.027691
0.055060
-0.041716
-0.118068
0.004608
-0.052847
-0.011594
0.007347
-0.067397
-0.096572
-0.052448
-0.154115
-0.031238
0.002929
-0.068468
-0.013365
-0.106580
-0.020678
-0.068409
-0.021515
0.007650
0.122667
0.080737
0.021351
0.048963
-0.001142
0.002667
0.080968
-0.081471
-0.026284
0.136908
-0.025729
0.089067
-0.120265
-0.046955
-0.018169
-0.009275
-0.084415
0.096735
0.015552
0.042001
-0.058551
0.097202
0.139980
-0.030352
-0.083694
0.024570
-0.013000
-0.117774
0.001344
-0.051849
0.099854
-0.018271
-0.013251
0.021403
0.009602
0.059271
-0.059771
-0.092679
-0.013004
-0.086120
0.006986
0.010139
-0.040567
-0.007902
-0.080339
0.015005
0.028714
0.076179
-0.026896
-0.043155
0.130964
0.099548
-0.030351
-0.067582
-0.076563
-0.035738
0.014101
0.045087
0.062801
-0.056234
-0.098864
-0.011848
-0.073331
-0.063701
0.023728
0.049327
0.125884
-0.037677
-0.027056
-0.010062
0.104453
-0.140529
0.054355
-0.025699
0.062293
-0.088609
0.090423
-0.023904
-0.021559
-0.060490
0.078166
0.111665
0.008690
-0.117642
-0.055866
-0.005311
0.131228
-0.153402
-0.065913
0.019498
0.016683
0.032064
0.098631
-0.154305
0.040138
-0.044939
-0.085481
-0.091006
0.020403
0.094951
-0.078530
0.050729
0.136060
-0.097889
-0.041065
-0.119390
-0.033464
-0.029837
-0.004695
-0.060887
0.073681
0.074690
0.010604
-0.004124
0.064428
-0.067276
0.017341
0.092164
-0.109056
-0.035716
0.032293
0.107881
0.065901
-0.133649
0.140044
0.000704
0.081725
0.046583
-0.113489
0.078174
-0.066676
-0.052605
0.067833
0.004870
0.039619
-0.003199
0.002524
0.096419
0.161261
0.049600
-0.108213
-0.098158
-0.070711
0.022458
0.094768
-0.058830
0.017994
-0.040266
0.071788
0.079129
-0.084603
-0.008153
-0.059586
0.061075
0.047314
0.154251
0.005245
0.062180
0.006824
0.085028
-0.020736
-0.014923
-0.069502
-0.062033
0.049317
0.037553
-0.012754
0.042009
0.015687
0.136492
-0.090496
0.020937
0.016283
0.119316
-0.059586
-0.012140
0.020765
0.051600
-0.022706
-0.032526
0.052723
-0.036682
0.114107
-0.074145
-0.020263
0.112026
-0.018746
0.065988
-0.106131
-0.079658
-0.088295
0.042805
0.095773
0.090969
0.003098
-0.025990
0.029165
-0.010883
-0.022244
0.026560
0.135634
0.010563
-0.058916
0.180084
0.053809
-0.106950
-0.034021
-0.007593
0.130088
0.120057
0.068107
-0.006003
0.085740
-0.005072
-0.131998
-0.043303
-0.126500
0.006039
0.004527
-0.064020
0.022294
-0.046045
0.109665
0.108675
0.122420
-0.098526
-0.021393
0.009840
0.001655
0.094636
-0.028456
0.047221
-0.077651
0.070576
-0.021233
0.032747
-0.121936
-0.024601
-0.023102
0.050622
-0.004263
0.024654
-0.009772
0.059184
-0.093478
-0.003159
0.063517
0.046916
0.042866
0.008474
-0.002287
-0.025125
0.028469
-0.099751
-0.065227
-0.032470
0.123465
-0.056152
-0.025476
-0.079428
0.005342
0.038766
0.033309
-0.085744
0.028216
-0.149223
-0.103097
0.102464
0.041958
0.135412
0.050634
0.029758
0.050628
-0.036080
-0.068459
-0.003292
-0.056215
0.052213
0.032158
-0.000933
-0.041829
-0.082850
0.063926
0.139258
-0.112126
-0.095708
-0.044914
0.049414
-0.004305
-0.001467
0.074404
-0.049282
-0.016170
0.099519
-0.019089
-0.059926
0.074997
0.130166
-0.083464
0.068248
0.044713
0.076372
-0.046805
0.042737
-0.002348
0.028418
0.037101
-0.008731
0.040307
0.054714
0.040865
0.126042
0.112617
0.074147
-0.059678
-0.004592
0.119339
-0.031725
-0.075211
0.004628
0.045912
0.052631
0.003306
-0.012512
-0.076665
0.122581
0.077419
0.124357
0.036962
0.071314
-0.049241
0.069676
0.023537
-0.019433
0.028594
0.004763
-0.100149
0.148109
-0.071789
-0.000231
-0.071671
0.040178
0.017657
0.079733
0.032535
0.133334
-0.006726
-0.053566
-0.022111
0.021425
-0.056124
0.134279
0.092516
0.128179
-0.022720
-0.092501
-0.025148
-0.071050
0.102963
-0.075688
0.048342
0.033628
-0.101244
0.018346
0.090706
0.067910
-0.036939
-0.066921
-0.000367
0.098288
-0.004167
0.017044
0.005989
0.039804
-0.053209
0.045691
-0.076821
0.109649
-0.079529
0.026210
-0.075916
0.032712
-0.116521
0.022873
-0.002976
0.072471
0.042243
0.044990
-0.012350
-0.037593
-0.000134
0.014545
0.047586
0.025179
-0.082878
0.054582
0.070486
0.033171
-0.038306
-0.041790
-0.041076
-0.067256
-0.048806
0.017284
-0.082637
0.074147
0.083388
-0.020689
-0.002161
0.039089
0.052631
-0.108087
0.163440
-0.069288
-0.094219
0.004161
0.013840
0.037267
0.010572
0.061964
-0.010591
-0.046137
-0.029461
-0.023558
0.005855
-0.113869
-0.068807
0.014457
-0.054240
0.068171
0.129333
-0.053879
-0.029632
0.017392
0.073310
-0.014037
-0.043934
0.140911
0.088429
-0.013447
0.136558
-0.042987
0.065486
0.102650
-0.081549
0.018830
0.037804
0.089082
-0.141342
-0.097076
-0.095697
0.066128
-0.048355
0.061304
-0.040564
0.115937
-0.107817
0.007873
0.038033
-0.028419
0.119591
0.037000
-0.078635
0.050867
-0.125364
0.137363
-0.090149
0.024140
0.057576
0.120700
-0.105612
0.050570
0.132518
0.032160
0.073075
0.076583
-0.124155
0.035701
-0.008882
0.035997
0.023637
0.023900
-0.057225
0.025768
0.021097
0.141087
-0.025963
0.012064
0.014202
-0.105613
0.023429
0.035537
-0.024950
-0.007127
-0.020292
-0.038523
-0.062955
0.004179
0.050482
-0.035640
-0.045768
-0.008954
0.058771
0.074880
0.000664
-0.057639
-0.078258
0.100105
0.029696
0.128421
0.058734
-0.013519
0.123433
0.012827
-0.049476
0.163420
-0.019979
-0.088706
0.035538
0.130508
0.026248
0.089719
-0.049281
0.044238
-0.028887
0.092696
-0.006170
0.080681
-0.098229
-0.023545
0.152678
-0.007755
-0.024727
0.047787
0.064524
-0.132307
0.072193
0.077471
0.071479
-0.084591
-0.013528
0.000900
0.088184
0.085979
0.014859
0.085846
0.099225
-0.015661
-0.045100
-0.019003
0.086368
-0.044689
0.000550
-0.075905
-0.010332
0.068291
0.123355
-0.027128
-0.008817
0.105849
-0.012157
-0.032686
-0.046979
0.032090
-0.035403
-0.019139
0.074532
-0.010141
-0.023473
0.112577
0.092127
-0.061099
0.012830
-0.068200
-0.031490
-0.044652
-0.073755
-0.076309
-0.055320
0.111204
-0.036887
-0.022505
0.036063
0.018207
-0.044814
0.023332
0.131469
-0.032765
-0.064528
0.121437
-0.007946
-0.031373
-0.111496
0.024709
0.059113
0.022018
0.089816
0.004663
-0.054682
0.000932
-0.011048
0.024637
0.015606
-0.125556
-0.047184
-0.031958
0.014130
-0.028878
0.034195
0.123427
0.063789
0.029362
0.057700
0.053421
0.038813
0.022944
0.076074
-0.045792
0.010860
-0.075796
0.002115
-0.034714
-0.053535
0.054612
0.009701
0.083296
-0.052389
-0.116574
-0.079528
0.068000
0.077388
0.129704
0.029083
-0.008199
0.132876
-0.039428
0.112091
-0.121310
-0.014991
0.045459
-0.047680
-0.033389
-0.029413
0.068863
-0.041517
0.000684
0.017092
-0.040447
0.041099
0.039152
-0.079492
0.059833
-0.064273
0.023242
0.052700
0.097954
0.093282
0.109249
0.033671
-0.053165
-0.003890
-0.039233
0.021610
-0.070151
0.039632
-0.105005
-0.037368
0.045854
0.110676
-0.112667
-0.093817
0.100991
-0.036889
0.078707
0.009065
0.042105
0.029417
0.016115
-0.054554
-0.009421
0.000070
0.042779
0.074596
0.082037
0.092396
-0.080088
-0.107623
-0.054472
0.027688
0.147033
-0.141014
-0.035733
-0.086467
0.100121
0.032657
0.048156
0.079902
-0.073816
0.024981
-0.076693
0.030341
-0.023458
0.092761
0.006509
0.103409
-0.000526
0.083748
0.032303
-0.067833
0.061157
-0.037002
0.025473
0.009277
-0.040793
0.108378
0.151456
0.035642
-0.033244
-0.116629
0.031171
0.025785
-0.023376
-0.071805
0.015709
0.092480
0.019068
0.038703
0.049378
-0.000548
0.046419
0.041964
0.108023
0.034509
0.073069
-0.096272
-0.094738
-0.057202
-0.045883
-0.053111
0.073940
-0.069229
0.131032
0.057806
-0.045844
-0.070219
0.103758
-0.050184
0.048556
-0.008918
-0.032588
0.081840
0.013738
-0.059824
-0.002443
-0.029052
-0.047287
0.141239
-0.015166
0.052374
-0.094512
0.016657
0.035320
-0.056322
-0.109880
-0.074756
0.122699
0.014266
-0.043673
-0.102452
0.075842
0.038162
-0.070195
-0.019430
-0.010625
-0.089285
0.059411
0.037563
-0.023470
0.051298
0.095259
-0.019102
-0.112764
0.133165
-0.044528
0.046484
0.011677
0.123065
0.017720
0.006019
0.027364
0.122498
0.088895
-0.001817
-0.056256
-0.022098
-0.053649
0.139758
0.060214
0.000561
-0.007570
0.011041
0.041181
0.046760
-0.059273
0.062161
0.126188
-0.054655
0.096931
0.037730
-0.012577
-0.023339
-0.060298
-0.038887
-0.037700
-0.009908
0.014505
-0.083233
0.003280
0.107834
0.135144
-0.111285
-0.009886
0.030756
-0.025342
0.068244
0.039099
-0.074294
0.041262
0.094868
-0.015970
0.109194
0.063211
0.014683
-0.021223
0.121816
-0.014687
0.052563
-0.046149
-0.024980
-0.021498
0.037360
0.041889
-0.079296
-0.127875
-0.006499
-0.002609
0.137723
0.140047
-0.023629
-0.127703
0.083383
-0.085684
0.053848
0.030305
-0.052309
0.029523
-0.126843
0.090137
-0.099166
-0.050054
-0.037250
0.032669
0.092162
-0.012859
0.053649
-0.084553
0.023726
0.108059
0.067814
0.002162
0.040499
0.026230
-0.075294
0.073893
0.087327
-0.027606
-0.071134
-0.092534
-0.003076
0.037958
-0.004778
-0.012212
-0.039348
0.004986
0.034372
0.094905
0.091666
0.011925
-0.007835
0.039150
0.088079
0.035714
-0.028505
-0.023889
-0.021920
-0.038406
-0.117731
-0.006590
0.043521
0.100868
-0.077339
-0.059296
0.045352
0.041744
-0.003731
0.030114
-0.136104
-0.023872
0.017151
-0.066566
-0.072961
0.109292
0.023788
-0.138088
-0.067897
0.053320
0.141649
0.066767
-0.054561
0.165874
0.040704
0.070471
-0.045592
-0.004987
-0.061381
0.026559
-0.010710
-0.086688
-0.047399
-0.120202
-0.118968
0.136070
0.045020
0.081475
-0.026987
-0.018641
-0.001641
0.029202
0.093278
0.030261
-0.128572
-0.035316
0.004376
0.033670
0.121667
-0.069124
0.055419
0.066316
-0.026606
0.122988
0.021296
-0.094633
-0.091553
-0.109840
-0.005895
-0.041319
0.086936
0.002660
0.016419
0.054987
0.071436
0.043539
0.057197
0.043962
0.040863
-0.093477
-0.021610
0.067223
0.028258
0.036948
0.096303
0.089550
-0.125240
-0.070936
-0.015736
-0.067913
0.129411
-0.044736
0.001252
-0.112460
-0.004552
0.079087
0.073217
-0.039755
0.048680
0.149784
-0.078073
0.049853
0.047100
0.004592
-0.032543
-0.091568
0.002733
-0.045223
-0.073244
0.042479
-0.123839
0.099398
0.008395
-0.044851
0.102254
-0.127019
-0.001766
-0.079831
0.038578
0.134590
-0.025531
0.026388
0.075491
0.042868
-0.015641
-0.056311
-0.099433
-0.003257
-0.051155
0.063868
-0.087939
0.011426
-0.011383
-0.003659
0.116408
-0.095623
0.065693
-0.012154
-0.065952
0.015117
-0.012513
0.016514
0.012598
0.116276
-0.086577
-0.003005
-0.047505
0.028895
0.014435
0.061688
-0.007735
0.049150
0.045252
-0.109229
0.072975
-0.101658
-0.041495
0.069395
-0.035103
-0.089358
0.069313
-0.018878
-0.056561
-0.010591
0.016683
0.121241
0.022608
-0.103190
-0.051277
0.041109
0.057332
-0.062093
0.096206
0.066977
0.007828
-0.032314
-0.030475
0.135347
0.109460
0.088894
0.023235
-0.072624
0.036944
-0.116440
0.118098
0.011412
-0.072693
-0.042374
0.042269
0.064449
0.052591
-0.071675
-0.079853
0.100412
-0.023152
0.004133
0.046357
-0.092170
-0.020911
-0.020546
0.030121
0.029827
-0.013049
0.031575
0.038963
-0.124182
-0.001098
0.068926
-0.073549
0.037054
-0.010141
-0.057899
-0.001091
-0.041758
0.109113
-0.022025
-0.134539
-0.028092
-0.020263
0.003305
0.130365
-0.060434
0.075153
0.021886
0.056397
-0.039815
0.012444
-0.012413
0.036592
-0.145306
0.029450
-0.121585
0.008317
0.072895
0.025548
0.033781
0.085888
0.054035
-0.037486
0.059057
0.009782
-0.115376
0.038895
0.001073
0.015772
-0.049810
0.040681
-0.036226
-0.077208
0.072020
0.091330
0.116297
0.035149
0.068976
0.034108
-0.056437
0.052334
0.115054
0.079073
0.056628
-0.030978
0.063616
-0.003344
0.058225
-0.049245
0.144059
0.097960
0.089767
-0.055955
-0.112588
-0.046760
-0.119296
0.047666
-0.055375
-0.113909
0.048195
0.064867
0.016521
-0.009268
-0.094508
0.105186
-0.080662
0.082038
0.027357
-0.011343
-0.003996
0.076239
0.031725
-0.091852
0.075292
0.004935
-0.033026
0.138662
0.024327
-0.056946
0.072804
0.114413
0.046342
0.066352
0.039744
-0.020780
-0.101091
0.008424
0.063770
-0.063272
-0.002395
-0.084490
0.037119
0.057799
-0.008772
0.025038
0.021217
-0.080708
0.039117
-0.014165
0.033784
0.169925
-0.073579
-0.001616
-0.028967
-0.116808
0.123857
0.098519
-0.119049
0.073134
0.107890
0.019907
-0.046930
-0.042357
-0.053545
0.115734
0.076249
0.062993
0.121468
0.040217
-0.015667
-0.090325
0.064599
-0.107104
-0.010451
0.056080
0.024801
0.004499
0.135657
-0.033147
-0.074119
-0.014851
-0.021448
0.094385
-0.065754
0.037924
0.016015
0.044413
0.009524
0.062230
-0.046416
-0.044162
0.106630
-0.102818
-0.049943
0.018859
-0.023147
0.132330
0.105855
-0.058339
-0.016811
0.000219
0.033040
0.027849
0.101001
-0.123909
-0.046213
-0.066460
0.001485
0.116867
0.041180
0.125512
0.100211
-0.137426
-0.049049
0.052170
0.116133
0.004134
0.107774
-0.059915
0.056255
0.058133
0.031714
-0.000422
-0.039881
-0.034539
-0.079300
0.082640
-0.126879
-0.037674
0.054476
0.129045
-0.110036
0.015431
0.039003
0.013982
0.021552
0.082094
0.029221
0.082134
-0.065380
0.047405
-0.045802
0.042285
-0.025779
-0.024585
-0.008227
0.022335
-0.068883
-0.012103
0.029799
-0.040625
0.143280
-0.005710
-0.093497
0.000647
0.043498
-0.028790
-0.054248
0.019417
-0.057874
-0.024795
-0.124118
0.021192
-0.049403
0.054708
-0.049439
-0.069176
0.078322
0.031149
-0.045459
-0.071929
-0.087208
-0.049432
0.079689
0.091816
0.070780
0.118502
0.039679
-0.011160
-0.000494
0.074431
-0.049740
-0.049736
0.026260
0.012858
0.068317
-0.024713
0.056268
0.056289
-0.121006
-0.049846
0.058411
0.076807
0.027699
-0.045192
-0.055137
-0.039482
-0.040684
-0.023495
0.090225
0.109321
0.003146
-0.034079
-0.043275
0.040580
-0.066768
0.084108
-0.024122
-0.009144
-0.044154
-0.037006
0.087911
-0.045952
0.058141
0.091321
0.004112
-0.046178
-0.060212
-0.109583
0.049346
0.015945
0.157940
0.087832
0.043303
0.086465
0.069252
-0.003379
0.022681
0.033748
0.020139
0.032245
0.115560
0.030111
-0.016802
0.095695
0.126394
-0.064443
0.065941
-0.029188
-0.018364
0.101684
0.008141
-0.002398
0.066436
-0.000678
-0.008045
-0.120214
0.069730
0.084486
0.057308
-0.057033
0.041626
0.043052
-0.039424
0.069120
0.052580
0.108446
-0.106530
0.062031
-0.019068
-0.004034
0.051356
0.108657
0.045171
-0.025674
-0.054745
0.013833
0.008856
-0.041496
-0.074190
0.006703
-0.029145
-0.069024
-0.013901
0.090370
0.062944
-0.063042
-0.059841
0.080354
0.093310
-0.074457
0.060701
-0.021303
-0.002838
-0.067332
0.043120
0.126531
0.034226
-0.091840
-0.008052
0.001239
0.004436
-0.026052
0.065737
0.034133
0.020595
0.048652
0.068421
0.130046
-0.023899
-0.024877
0.101252
0.108041
-0.055777
-0.058196
0.008772
0.097248
-0.013909
0.058392
0.034154
0.019245
-0.038155
-0.054196
0.023758
0.150899
0.070050
-0.050321
0.116057
0.102727
-0.084081
0.015746
0.048102
0.036196
0.000525
-0.007007
0.013894
-0.036404
-0.131381
0.069082
0.086799
0.064368
0.027504
-0.042941
-0.036763
0.128872
0.078818
-0.059266
-0.074751
0.085951
-0.077800
-0.032578
0.066156
0.070564
-0.021022
0.067922
-0.054855
0.030689
0.060496
-0.060680
-0.012695
0.044528
0.078968
0.001629
-0.061596
-0.084331
0.033250
0.072335
-0.021913
0.042524
-0.019509
-0.023855
0.075549
0.040863
0.032284
0.108451
0.092649
-0.045928
-0.072945
-0.074517
0.095402
-0.039413
-0.091578
-0.103275
-0.054584
0.034395
-0.066508
-0.052629
-0.073529
-0.082600
-0.056075
-0.008470
-0.011512
-0.029283
-0.045190
0.015387
-0.009479
-0.046822
-0.090855
-0.135005
-0.044434
-0.019032
-0.046917
0.135165
0.080275
0.072594
0.022243
0.092778
0.007270
0.093076
0.062581
0.017145
-0.048174
0.016728
0.015094
-0.106050
0.136616
0.086533
0.028308
0.123178
-0.048292
-0.002194
-0.101482
0.004944
-0.074200
-0.013048
-0.026763
0.014947
0.061315
-0.070316
-0.017079
-0.144678
0.062350
-0.007620
-0.093145
-0.101286
0.049786
0.034012
0.046915
0.036020
-0.015247
-0.074038
-0.018865
-0.083920
-0.013717
0.061901
0.004372
0.064326
-0.059268
0.033591
0.054568
-0.013843
-0.001492
0.080940
0.012456
0.003462
0.024018
0.044282
-0.089775
-0.052389
-0.066569
-0.045216
-0.070394
0.068614
0.058525
-0.074118
0.092381
-0.073678
-0.014376
-0.068117
0.002490
-0.052927
0.078366
0.005817
0.034383
-0.015320
0.101877
-0.056600
-0.080910
-0.069373
0.052943
0.013462
0.000629
0.028219
0.111432
0.007137
-0.078309
-0.005779
0.051667
-0.083486
0.016681
-0.026208
-0.044157
0.129577
0.046596
0.096693
0.089752
-0.068287
-0.083774
-0.084452
0.020707
0.048192
-0.156885
0.090661
-0.045410
-0.000118
0.114882
0.098851
-0.015445
-0.075097
0.027374
-0.026093
0.080265
0.127781
-0.056194
-0.034517
0.005325
0.101467
-0.014633
-0.053386
0.035461
-0.028666
0.093417
-0.209498
-0.004952
-0.003342
0.021844
0.040085
0.015185
-0.099440
-0.065587
0.059804
-0.181500
0.007573
-0.053352
0.067524
0.034878
-0.082328
-0.007602
-0.004211
0.061536
-0.087916
0.005231
-0.064771
0.041468
0.056081
0.030336
-0.054506
0.003162
-0.049370
-0.034412
0.066223
-0.023906
0.021664
0.021598
0.016566
0.049798
0.016669
-0.021236
0.029234
-0.040176
0.037413
0.059846
0.019126
0.038235
-0.028362
0.039535
0.073095
-0.047836
0.142953
-0.054630
0.017896
-0.053066
-0.006375
0.011192
0.093450
0.002613
0.072196
0.008184
-0.022868
0.001688
-0.049790
-0.047635
0.090137
-0.096109
0.018676
-0.020267
0.065685
-0.004748
-0.065112
-0.036248
-0.024915
0.029199
0.008859
-0.031533
0.139144
-0.037531
0.041475
-0.039207
-0.038629
-0.012576
0.141528
0.061234
-0.139015
-0.051010
-0.056550
-0.002899
0.115570
0.028681
-0.022196
-0.103166
-0.037330
0.015598
-0.076732
-0.138647
0.052368
-0.064992
-0.063464
-0.037807
0.008598
0.052116
0.037974
0.087890
-0.037875
-0.025251
0.094020
-0.039446
0.025456
0.004329
0.033246
0.062171
0.057490
-0.094486
0.110897
-0.002059
-0.033471
-0.060276
0.052044
-0.016955
-0.020618
0.125713
-0.009584
-0.092644
0.059728
-0.091019
-0.076976
0.036697
-0.054640
-0.017054
-0.071139
0.109341
0.079135
0.051062
-0.030288
-0.100651
0.035494
0.052793
0.076353
0.120161
-0.001131
0.048708
-0.029740
0.000971
-0.065975
0.115238
-0.060715
0.037444
0.073591
-0.004303
0.088533
0.015492
-0.086161
-0.044688
-0.087504
0.122474
-0.027016
0.118558
0.069429
0.014725
0.040981
-0.063977
0.112162
0.127792
0.035729
0.107108
0.086364
-0.098806
0.058757
0.022991
0.048989
0.128206
-0.092127
0.005261
-0.023150
0.074883
-0.076781
0.093560
0.100957
-0.128268
-0.010667
-0.108825
0.060227
0.119181
0.040313
0.175312
0.100695
0.043482
0.028207
0.077447
-0.064809
-0.047469
0.093055
0.109952
0.046461
0.080082
0.034382
0.080548
0.076849
0.091699
-0.110502
0.046080
0.000518
0.100795
-0.111591
-0.044108
-0.031270
-0.002953
0.020787
0.100177
0.008790
0.051691
-0.009304
0.044658
-0.018048
-0.056120
-0.008676
-0.100469
0.009197
0.031642
-0.032600
-0.060680
0.034983
-0.031776
-0.051365
-0.027060
0.034620
0.043164
0.087438
-0.031278
0.032261
0.076852
-0.064241
-0.005445
-0.054468
0.073849
-0.013080
0.100659
0.150760
-0.015115
0.038097
-0.065670
-0.030581
-0.071333
0.009162
0.018389
-0.065073
-0.034186
0.036257
0.023188
-0.013541
0.039483
0.132402
0.141470
0.023320
-0.073228
-0.036935
0.112254
0.040736
-0.041725
0.090508
0.039333
0.098641
0.116267
0.001491
0.060205
0.082935
-0.020966
0.021410
-0.058426
0.120368
0.084308
-0.120054
-0.024903
-0.003748
0.070363
-0.014387
0.089493
0.014540
-0.104315
-0.019326
0.042890
0.035697
-0.073174
-0.018593
0.131298
0.091728
0.124453
-0.076913
0.054256
-0.015554
-0.049593
-0.047158
-0.050092
0.104614
-0.047218
0.103478
0.015970
0.012885
0.201946
0.014217
-0.071143
0.115103
-0.061863
0.002627
-0.061495
-0.017011
0.035163
-0.017393
-0.089166
0.021494
-0.005028
-0.002939
0.053625
0.056796
-0.053636
-0.034684
-0.060988
0.101838
0.009591
0.126286
-0.031049
0.070977
-0.068866
-0.056059
0.137616
0.081173
0.092716
0.102607
0.070060
0.083962
0.086341
0.061299
-0.110741
0.025510
-0.078561
0.022250
-0.023141
0.014174
-0.026387
0.071070
-0.109863
0.086415
0.099452
0.013546
-0.104422
0.034964
0.133004
0.018483
-0.009481
-0.054922
0.070349
0.072994
0.076690
-0.020878
-0.036085
-0.041173
-0.067822
-0.096523
-0.076183
-0.001456
0.040916
0.107996
0.038576
0.038991
0.100752
0.058026
0.030643
0.022299
0.030991
0.033516
0.012774
0.073539
0.037568
0.014755
0.144319
0.127151
-0.092801
-0.065250
0.005734
-0.005547
0.040562
0.050477
0.050334
0.034311
0.019488
-0.073851
-0.123926
0.029807
-0.044116
0.095084
0.039587
-0.040338
0.080215
-0.088777
0.161049
0.066625
-0.071808
0.060746
-0.052183
-0.053412
0.085329
-0.013856
0.072619
0.032127
0.062943
0.018148
0.044457
0.059140
0.067297
-0.017742
-0.020938
0.035877
0.032525
-0.110216
0.058339
0.096309
0.110361
0.033815
0.111528
-0.079664
-0.055176
0.055584
0.098557
0.059009
0.054333
-0.103925
0.145230
0.081221
0.048247
0.108860
0.104574
0.114804
-0.085004
-0.073366
0.060479
-0.086203
0.058691
0.021883
-0.017106
-0.068338
-0.015268
0.151281
-0.099243
0.060262
0.125478
0.034230
0.134259
0.043231
0.093686
0.091934
0.016715
-0.030376
0.061515
-0.034724
0.085111
0.092720
0.057152
-0.018860
0.084864
-0.014374
0.032167
-0.102306
0.092591
0.066270
-0.103326
0.012257
-0.112098
0.015680
-0.095625
-0.102247
0.091783
0.102763
-0.071750
-0.002496
-0.017756
0.084455
-0.029519
-0.009990
-0.030642
-0.147934
-0.016079
0.012193
0.018134
-0.007662
0.127323
-0.029585
0.027693
-0.014375
-0.119624
0.069639
0.044182
0.099675
0.008356
-0.000450
0.002397
0.082202
0.060077
0.038366
-0.007438
0.125339
0.093007
-0.057827
-0.023792
0.083860
-0.033063
-0.065523
-0.005557
-0.043266
-0.100608
-0.042985
0.046987
-0.052481
0.083995
0.086796
0.044437
-0.036963
-0.067431
0.004551
0.010620
-0.060839
-0.092763
-0.007577
-0.134104
0.093557
-0.046763
0.109167
-0.121658
-0.097237
-0.001057
-0.033611
0.150720
-0.099601
0.025496
0.099339
-0.047428
-0.015059
-0.025600
0.041553
0.070669
0.043921
-0.086203
0.015886
0.100476
0.002812
0.005482
-0.024472
-0.026323
-0.107410
-0.016774
-0.019987
0.009319
-0.003652
0.034409
-0.095205
-0.021321
-0.064023
-0.037211
0.021487
0.061892
0.005783
0.016147
-0.099323
-0.021954
0.026393
-0.097055
0.056057
0.059084
-0.046256
0.058529
-0.037550
0.018064
0.101283
0.136228
0.001725
-0.066612
0.022022
-0.027648
0.017734
0.029329
-0.029584
0.077802
-0.039135
0.024777
-0.041120
0.064707
-0.007419
0.065830
0.100991
0.107373
-0.083962
0.051514
0.096046
0.060008
-0.105791
0.020748
0.018605
0.008616
0.041248
-0.020446
0.016145
-0.005493
-0.039278
0.031258
0.008255
-0.054476
0.008982
0.032396
-0.089487
-0.074295
-0.055327
-0.008666
0.056254
0.024778
-0.108113
-0.048754
-0.044048
0.075837
0.140587
-0.109264
-0.111338
0.004805
-0.042142
0.090690
0.046348
0.006618
0.112803
-0.066936
0.036857
-0.050587
-0.115478
0.092002
-0.006276
-0.102370
-0.042256
-0.042192
0.057156
-0.085139
0.003183
-0.090846
0.011724
0.081537
0.002039
0.081977
0.063584
0.137986
-0.006468
0.093028
-0.015821
-0.021305
-0.048324
0.022011
0.083321
-0.002955
-0.000348
-0.038202
0.098703
-0.068756
-0.142796
-0.024564
-0.048154
-0.049430
0.083200
-0.108109
-0.070270
-0.062797
0.082544
-0.015306
0.023003
-0.059469
0.043638
0.062816
0.000759
0.090253
0.083989
0.052723
0.099992
0.055555
-0.061962
0.035787
-0.104700
0.076136
-0.033744
0.078162
-0.067517
-0.043777
0.040073
0.017043
0.012905
0.079577
-0.044524
0.048844
-0.026109
0.037076
0.022187
0.067057
-0.033989
-0.017470
0.030946
0.127269
0.048342
0.022605
0.084390
-0.002585
0.074657
0.078360
0.047393
0.124365
0.002819
0.064597
-0.071602
0.006477
0.090980
-0.038515
0.066297
0.081761
-0.103216
-0.010645
-0.046370
-0.006875
0.133948
0.072856
0.035243
-0.101230
0.054903
0.000670
0.130477
-0.028407
0.058176
-0.042465
0.089967
0.080967
-0.129999
0.138098
0.066712
0.014047
-0.023141
0.092378
-0.056299
0.051462
0.033901
0.055991
0.144128
0.030367
0.064641
-0.138286
-0.065956
-0.088056
-0.037866
-0.037974
0.001803
-0.001531
0.028696
-0.078524
-0.111296
-0.091577
-0.024587
0.037995
0.096611
0.023450
0.004149
-0.093353
-0.041474
-0.024155
-0.059727
-0.061772
-0.015183
-0.085214
-0.029888
-0.072804
-0.015825
-0.076010
-0.029797
0.093183
0.016320
-0.054230
0.153048
0.029919
0.042938
-0.029977
0.055990
-0.028514
0.035445
-0.018328
-0.034162
0.122091
0.060319
0.027637
0.049764
0.087084
0.003124
-0.030802
0.066836
0.102868
-0.116157
-0.101376
-0.020429
0.065279
-0.047946
-0.085799
0.033390
0.085589
-0.147288
0.078470
-0.023827
-0.021189
-0.072552
0.105656
0.120255
-0.017543
0.044091
-0.029889
-0.096688
0.086247
-0.028122
-0.109638
0.001696
-0.047049
0.144581
0.025893
-0.067610
0.058797
-0.096145
-0.005177
0.041767
-0.013382
-0.027533
0.051070
0.099445
0.040238
0.013836
0.077001
0.020920
0.113962
-0.043226
0.069349
0.092523
-0.000906
0.075780
0.133935
0.002608
0.108581
-0.128073
0.072799
0.048990
-0.059565
0.110167
-0.110011
-0.058905
0.016584
-0.019861
-0.057389
-0.004374
-0.098939
0.023959
-0.066373
0.041982
-0.042034
0.014802
-0.089514
0.091843
0.090539
0.102271
-0.094267
0.054668
0.083434
0.003003
0.113929
-0.009806
0.089485
0.121757
-0.123268
0.001051
0.042036
-0.101726
0.011853
-0.090656
-0.103863
0.083703
-0.068101
-0.077884
-0.077722
0.065669
-0.038610
-0.021944
-0.001849
0.054885
-0.052317
0.102422
-0.115425
-0.021487
0.057290
0.045575
-0.017704
-0.019341
0.064889
0.014861
-0.036843
0.017193
-0.059816
-0.047676
0.056656
-0.043605
-0.103873
-0.140832
0.143338
0.016369
-0.078464
0.084422
-0.032109
0.058841
0.065958
0.048586
0.139860
0.117519
0.044930
0.010731
-0.016859
-0.085689
-0.022974
0.077264
-0.066800
0.087429
-0.004370
0.011250
-0.033489
0.076418
-0.095440
0.051414
0.011817
0.080850
-0.023015
-0.057853
0.042685
0.047361
-0.123085
-0.016240
-0.040879
0.061729
-0.010603
-0.018371
0.070560
-0.099076
0.105456
0.166583
-0.065544
-0.056980
0.096659
0.028167
-0.124255
0.070438
-0.052819
0.102146
0.024927
-0.091348
-0.066278
0.019341
0.012582
-0.055906
0.048680
0.039820
-0.117381
0.038603
-0.029158
0.079936
-0.107282
0.012270
0.079107
0.025673
0.062241
0.031697
0.054149
-0.004100
0.003108
-0.111212
-0.041176
-0.017123
0.074703
-0.015231
0.022229
-0.000809
0.022010
-0.029885
-0.142455
0.062598
0.007274
0.012469
-0.018356
0.076158
-0.038056
-0.084688
0.096773
0.098605
0.066066
0.036981
-0.089023
0.011439
0.070310
-0.006911
-0.001243
-0.126035
0.021749
0.006694
0.047216
-0.024981
-0.084988
-0.078443
0.092114
0.015372
0.056177
-0.083763
-0.009852
0.111838
0.004172
0.029429
0.084325
0.017291
-0.060212
-0.113201
0.148078
-0.102166
0.036147
0.026728
-0.025635
-0.032020
0.112089
-0.048974
0.002933
-0.131623
-0.004630
0.112742
-0.024899
0.078252
0.058676
0.057086
-0.015052
-0.017700
-0.053260
-0.081902
0.031413
-0.024843
-0.012471
-0.058298
-0.046001
-0.064715
0.033109
0.067115
0.004227
0.024152
0.048805
-0.058977
-0.007265
-0.071128
0.004477
-0.083173
-0.093482
0.061092
0.131275
0.094346
0.034834
0.125178
0.023680
-0.019875
-0.064253
0.032684
0.021856
-0.099557
-0.004990
-0.062720
0.123254
0.060779
-0.062910
0.055737
0.168003
-0.036335
-0.047496
0.043123
0.015229
-0.055039
-0.050288
-0.079563
0.139822
-0.107278
0.019488
0.084501
-0.060618
-0.090634
0.118126
-0.030970
0.029416
0.122588
-0.110323
-0.049271
0.080067
-0.066785
-0.050931
-0.049963
0.113506
-0.059963
0.097781
-0.034836
0.095175
0.042602
0.048401
0.018547
-0.118166
0.056644
0.007918
0.004149
-0.018404
-0.016327
0.033379
0.048891
-0.009097
-0.025793
-0.043735
-0.079711
0.051302
0.012329
0.118271
-0.109289
-0.000224
0.042096
-0.088420
-0.055910
0.023145
0.025220
0.095619
0.017789
0.025715
0.054049
-0.115544
0.099678
-0.119225
0.026206
-0.064695
-0.090333
-0.090625
-0.013042
-0.044802
0.105410
-0.002852
0.088663
0.013826
0.002291
-0.048963
-0.094684
0.001160
0.022714
0.101315
0.053507
0.137712
0.065141
-0.069901
0.042722
-0.013482
0.010737
-0.073689
-0.062551
0.052306
-0.051874
-0.011970
0.019169
0.040488
0.024565
-0.098827
-0.032132
-0.084399
-0.001214
0.035859
0.036349
0.052198
0.024116
0.043063
0.017327
0.155743
0.050590
0.054470
-0.071302
0.046698
-0.009339
0.110203
-0.004427
-0.054636
0.070027
-0.097552
-0.047415
-0.053125
0.019716
0.194635
0.083013
0.071931
-0.011869
-0.028071
0.052877
0.020896
0.009986
-0.101740
0.037427
-0.039015
0.074254
-0.010003
-0.014493
0.128378
-0.051839
0.141717
0.022810
0.006082
-0.102217
0.036087
-0.043457
0.008360
0.029227
0.096669
-0.081771
0.094245
0.044360
0.061408
0.053670
0.062480
0.046498
0.083039
-0.005618
0.041270
-0.016224
-0.012158
0.067294
-0.066973
-0.076829
0.029955
0.064184
-0.068757
-0.053131
0.011969
0.057643
0.106871
-0.046280
-0.056570
-0.071836
0.074203
0.086807
-0.023658
0.147965
0.104839
0.013706
0.067384
0.008375
-0.065406
0.002044
-0.020391
-0.058569
0.088224
0.113611
0.051359
-0.079334
-0.052333
0.074975
-0.126094
0.088459
-0.057005
-0.091568
0.077096
-0.069024
0.120183
-0.074512
0.147938
-0.066673
0.083232
-0.004527
0.074380
0.036396
-0.070030
-0.085338
0.014881
0.056590
-0.058526
0.094255
-0.052810
0.026378
-0.036063
-0.018323
0.006410
0.003112
-0.051344
0.058244
-0.008283
-0.083074
0.027079
-0.007443
-0.019903
-0.119554
0.054231
0.117595
0.055399
0.018180
0.096372
-0.017869
-0.008171
0.035776
-0.056292
-0.006990
0.084608
-0.054799
0.049405
-0.035834
-0.009089
-0.039415
0.099136
-0.063741
0.143264
0.073952
-0.076782
-0.074808
-0.000316
-0.020919
-0.015116
-0.005545
0.039751
-0.014485
0.084337
-0.007961
0.059885
0.048984
-0.064390
-0.018095
0.094467
0.021162
0.009333
0.044642
-0.126219
0.072807
-0.073552
0.002185
0.001434
-0.104073
-0.052743
0.036266
0.021149
0.025916
0.052493
0.120008
-0.074744
0.064568
-0.004846
-0.006756
0.032043
-0.037787
0.180275
0.063340
-0.049104
0.012772
-0.035226
-0.110452
-0.012849
0.037074
0.054956
0.047049
-0.076156
0.067046
0.034149
-0.038456
-0.073924
-0.077734
0.078948
0.094578
-0.002350
0.080193
0.019610
-0.124202
0.087829
0.048176
0.025862
-0.016611
0.080074
0.027822
0.001530
0.052394
0.047575
0.114313
0.085283
-0.074362
0.079660
-0.058030
0.060749
0.070097
0.113687
0.032397
0.001070
0.098590
0.063902
0.100562
0.084629
0.045242
-0.035704
0.075641
0.044676
0.040572
-0.016988
0.012818
-0.045715
0.016142
0.020108
0.068992
0.147785
-0.018947
-0.015782
-0.022837
0.023337
0.055379
-0.080060
0.020087
-0.048133
-0.032334
-0.002799
-0.032909
0.066704
0.069940
-0.040824
0.097548
-0.041385
-0.001241
0.085896
-0.024745
-0.049163
0.083609
0.045027
-0.024785
-0.127918
0.087035
-0.008944
0.102543
-0.088101
-0.068145
0.016914
0.059262
0.084793
-0.034048
0.037521
0.058652
-0.007258
0.171371
0.008666
-0.040290
-0.077025
0.015009
-0.073371
0.055491
-0.056398
-0.000653
0.087019
0.050873
0.007032
-0.113686
-0.096320
0.044502
0.028845
-0.024861
0.010289
0.005743
0.039727
0.111666
-0.016499
-0.042949
0.007347
-0.001335
-0.031215
0.121309
0.061103
-0.003881
-0.016190
0.014302
0.113963
0.028652
-0.058116
-0.047655
0.014285
0.072526
-0.026479
0.051712
-0.077795
0.029570
0.077618
0.064159
0.065364
0.166249
-0.090789
0.093093
0.078650
-0.070042
0.092344
0.036968
0.037632
0.035989
-0.008237
-0.061726
0.205043
-0.011505
0.101090
-0.029669
-0.082045
-0.064898
-0.079325
0.099458
-0.093785
0.037374
0.071168
0.069105
-0.047655
-0.012829
0.075216
0.101836
-0.063438
-0.031021
-0.115053
-0.081328
-0.014416
-0.076889
0.115789
-0.077546
0.026208
0.019958
0.159878
0.029455
0.000325
0.085005
0.027930
-0.003135
0.073403
0.076587
-0.019768
0.005123
-0.021233
0.027001
0.092228
-0.038906
-0.015345
-0.064762
-0.001664
0.034993
0.030729
0.036002
-0.041822
0.017716
0.013367
-0.023143
-0.003741
-0.074092
0.075230
-0.041029
0.028981
-0.040961
-0.001120
0.060075
0.023576
0.048832
0.070090
-0.078632
-0.011580
-0.105491
0.022345
0.031252
-0.009025
0.037991
-0.015401
0.054663
0.004462
-0.028345
-0.012848
-0.019304
0.059354
-0.063501
-0.015930
-0.086819
-0.020865
-0.053492
-0.060602
-0.106969
0.011970
-0.042675
0.013114
0.021651
0.063718
0.057536
0.035188
-0.014062
-0.013633
0.008224
0.021402
0.059412
-0.131654
0.024957
0.031957
-0.042897
0.096994
-0.073953
-0.061233
-0.001502
0.070278
-0.005726
-0.004648
0.004219
0.110427
0.019542
-0.005426
0.016366
0.045938
0.059453
-0.021985
0.011276
0.026889
-0.053812
0.109933
-0.029249
0.051324
0.097540
-0.107743
0.085958
-0.009704
0.126644
0.008007
-0.073620
-0.070552
-0.000186
0.028884
0.050290
-0.060197
-0.038919
0.077424
0.022152
-0.051567
0.089312
0.020343
-0.106493
0.040512
0.141584
0.004245
0.119921
0.052264
-0.070572
-0.092166
0.085672
0.004171
-0.059188
0.080038
0.002007
0.118314
0.043517
-0.053124
0.047028
0.138027
0.161785
0.000995
-0.026964
-0.010233
0.053639
0.043631
0.083744
-0.066118
-0.003829
0.041945
0.018024
-0.041155
-0.025043
0.034812
-0.058733
0.010247
-0.064649
-0.070425
0.019385
0.000477
0.028626
0.058635
-0.028631
-0.017945
-0.034091
0.006901
-0.025882
0.067639
-0.125634
-0.091998
0.081562
0.087410
-0.093564
-0.064946
-0.065190
0.127067
-0.065385
-0.071961
0.076911
0.026182
0.142315
0.151316
0.034525
-0.079468
0.051144
0.063679
0.053255
0.037411
-0.045042
-0.000741
0.022503
0.105911
0.030137
0.121289
0.018142
0.027592
0.054171
0.013760
0.022276
0.055951
0.005649
0.071477
-0.041705
0.142507
0.015080
0.102706
-0.038214
-0.073358
0.054878
-0.008489
-0.009219
-0.003967
0.015166
-0.012754
-0.080346
-0.082608
0.086785
-0.078192
0.072262
0.021358
0.093321
0.012754
0.061098
0.145331
-0.045466
0.038688
0.044512
0.099069
-0.050630
-0.068734
0.109918
-0.043170
-0.085929
0.082054
0.068281
0.000985
-0.050943
0.095904
-0.053710
-0.014535
0.048284
0.020686
0.067876
-0.084379
-0.048733
0.081349
0.008622
0.081542
-0.081380
0.047380
0.066234
0.013812
0.123965
-0.120547
0.121578
0.072933
0.068905
-0.084693
0.137882
-0.034490
0.015426
0.007105
-0.025507
0.068818
-0.049116
0.112457
0.055272
0.013247
0.061058
-0.064920
0.095728
0.037593
-0.117780
0.040530
0.007837
0.031479
0.022244
-0.074581
0.009688
-0.110365
-0.060668
0.069312
0.070662
0.094412
-0.114127
-0.024054
0.130965
0.091211
0.068646
-0.052585
0.101595
0.000378
-0.044819
0.093069
0.010969
0.075363
0.110393
-0.166045
0.032453
0.097721
-0.069215
0.102607
0.045704
-0.020754
0.006218
-0.038296
0.133888
-0.010343
0.056609
0.075385
0.075638
-0.026603
-0.077320
-0.034879
0.088997
-0.067929
0.020987
0.038427
-0.069397
0.008595
0.005736
0.001168
0.018980
0.053495
0.050776
-0.021746
0.188336
0.022275
0.032822
-0.023498
0.133492
0.039875
0.052496
0.109961
-0.026884
0.018870
0.047364
-0.079506
0.013696
0.050839
0.090301
-0.017819
0.133733
-0.100759
-0.055458
-0.054927
0.086964
0.041966
-0.098869
0.026392
0.024372
0.009693
0.033403
-0.092296
0.009434
0.014778
-0.107266
-0.099336
0.104494
0.026110
-0.008512
0.049809
0.055997
0.019398
-0.001443
-0.131290
0.107705
0.011940
0.071329
-0.137508
0.034370
0.002045
0.010072
0.049354
-0.090950
-0.009892
0.104723
-0.106614
0.039987
0.066313
-0.012770
0.066684
0.038505
0.022687
-0.031191
-0.008349
0.024240
0.030683
-0.014273
-0.092061
-0.016933
0.045299
0.140639
-0.085686
0.004092
-0.008206
-0.114883
0.081971
-0.049587
-0.107930
-0.089841
0.072696
-0.091197
0.014941
0.044473
0.117254
0.041335
-0.073242
-0.018845
0.103087
0.059611
0.018581
0.046660
-0.057783
0.063585
0.006312
0.008274
-0.104248
-0.121583
0.028972
-0.144203
0.019650
0.097835
-0.057818
-0.113733
-0.003480
-0.122523
0.031125
0.002761
-0.049546
0.006705
0.023019
-0.087370
-0.058048
0.071785
-0.080603
0.087827
0.025398
0.109024
0.084380
-0.090966
-0.050047
-0.004499
0.130294
-0.076492
-0.083681
-0.058561
0.044025
-0.063403
0.100607
0.026851
-0.059368
-0.079786
-0.050940
0.000548
0.067118
0.136137
0.055226
0.037496
0.037902
-0.120433
0.099824
0.018659
0.142420
-0.046356
-0.139095
0.068135
0.007636
-0.033756
0.012393
-0.039863
-0.006693
-0.086041
-0.018864
0.107792
0.070666
-0.005222
-0.036358
0.063263
0.067417
-0.116254
0.007914
-0.029478
-0.015239
-0.045021
-0.045319
0.039749
-0.065646
-0.037378
-0.138011
0.020229
0.113910
0.033820
-0.042737
-0.027907
-0.030834
-0.001186
0.087718
-0.019404
0.046909
-0.021996
-0.045681
0.002322
-0.032983
0.128560
0.004615
0.111234
-0.056926
0.008250
-0.095220
0.018196
0.108471
0.041383
0.001113
0.060088
0.026847
-0.024733
0.151867
0.085188
0.161568
-0.083054
-0.017125
-0.079196
-0.049689
-0.034910
0.004013
-0.022607
-0.038934
0.135161
0.019290
-0.050220
-0.020620
-0.131914
-0.075284
0.043126
0.119626
-0.037945
0.087694
-0.115164
0.064804
-0.015602
0.005559
-0.053123
0.029209
0.028218
-0.042908
-0.051665
0.007947
0.077907
-0.003850
0.020094
0.047134
-0.022328
0.025086
-0.039937
-0.052407
0.054235
-0.033889
-0.067438
-0.077150
0.078479
0.017232
-0.015456
0.054271
0.070726
-0.083181
-0.019184
0.141346
0.035724
0.062989
0.087449
0.003921
0.028781
0.032406
0.069423
-0.098647
-0.012796
0.047184
0.014932
-0.007156
-0.071869
0.019440
0.039391
-0.021019
-0.017076
-0.063011
0.071430
0.089952
0.002676
-0.074952
-0.063950
0.002403
-0.062301
0.061547
0.061786
0.030119
0.114517
-0.011614
-0.030335
0.100005
-0.067785
0.002730
-0.073273
-0.095785
-0.132213
-0.044083
0.021209
-0.118344
-0.093147
0.047568
-0.057333
-0.030291
0.079775
0.022249
0.017980
0.146842
0.032715
0.022373
0.023745
-0.016974
-0.056360
-0.071798
0.060467
0.013662
0.023531
-0.035486
0.094932
0.034381
-0.065284
0.014403
-0.015962
0.115140
0.092946
-0.036824
0.042038
-0.006323
-0.073059
0.175257
0.093598
-0.063978
0.058905
0.184083
0.024451
-0.000757
0.049615
0.080152
-0.014461
-0.048732
-0.094927
-0.008377
-0.082758
-0.079409
-0.023144
0.087805
-0.021472
-0.014117
-0.008976
0.061901
-0.001904
0.090717
-0.043870
0.055286
-0.085902
0.058429
0.064452
0.025565
-0.053664
0.062549
0.072941
0.080483
-0.088078
-0.091914
-0.066877
-0.052478
0.087688
0.046681
0.026848
0.132171
0.038833
0.021644
0.003605
0.023239
-0.042622
0.055280
-0.055446
0.067488
-0.128741
-0.050186
-0.045235
-0.004490
-0.008972
-0.024651
0.112330
-0.072552
-0.064024
0.125857
-0.040659
0.051689
0.004260
0.073796
0.025494
0.075980
0.020970
-0.011202
0.114536
-0.009950
0.173580
-0.141338
0.069273
-0.088547
-0.013974
0.142971
0.027076
0.046142
0.086544
0.025160
-0.053763
-0.031521
0.089006
0.041935
-0.030387
0.030570
-0.103203
-0.069758
-0.097618
-0.030018
0.082669
-0.003553
-0.034688
0.086032
0.006207
0.011638
0.027494
-0.009915
-0.135201
0.061607
-0.092620
0.009241
0.045236
-0.137821
0.011068
0.060422
0.089956
0.065580
0.025139
-0.066995
-0.019171
-0.065177
-0.001021
-0.075238
-0.000051
-0.041201
-0.018587
-0.029851
0.010164
-0.077921
-0.017391
0.024041
0.051525
0.103255
-0.003818
-0.062884
-0.085472
0.071681
-0.001506
-0.009063
0.051915
-0.059443
-0.010375
0.048133
0.009037
0.021658
-0.005683
-0.053780
0.058367
0.019145
0.036658
-0.063260
0.164241
-0.062385
0.044012
-0.005057
-0.052559
0.030614
-0.012373
0.021779
-0.022030
-0.013424
0.095578
-0.032182
0.123131
-0.000942
0.049499
-0.039111
0.041865
0.063677
-0.048481
0.015319
0.003587
-0.049913
0.100464
-0.048735
0.008711
-0.014707
0.014942
0.019017
-0.088836
0.079254
0.081838
-0.008839
-0.055088
-0.069885
0.018892
-0.049826
-0.031416
0.001561
0.030744
0.031503
-0.011025
0.090877
-0.105670
0.023520
0.002522
0.143398
0.062389
0.070137
0.088247
0.018198
-0.094991
0.050589
-0.038256
-0.073222
0.013641
0.067276
0.013088
0.064332
-0.036123
0.095798
-0.037275
-0.036753
0.048424
0.107646
0.079848
0.003450
-0.104710
0.073239
-0.008955
0.030830
0.064967
0.050652
-0.002731
0.004616
0.006918
0.022675
0.031477
-0.026907
0.040044
-0.008186
-0.019411
0.053445
0.023275
0.067414
-0.057657
-0.045315
0.144539
-0.047865
-0.056567
-0.009921
0.084605
0.152232
0.069928
0.026996
0.082427
0.054901
0.014056
0.049261
0.092925
0.135451
0.037382
0.008192
0.002139
0.001272
-0.014445
-0.067929
-0.103399
0.024987
-0.098824
-0.074405
0.080165
0.124168
0.001215
0.067975
-0.057082
0.052772
0.012487
0.004463
-0.052117
0.009932
0.071761
-0.053784
0.179125
-0.013252
0.045616
-0.102400
-0.105241
0.026326
0.102054
-0.086167
-0.031499
-0.087438
0.030407
-0.062029
-0.039176
-0.043136
0.011627
0.050295
0.096251
-0.112256
-0.020674
-0.052532
-0.030105
0.054485
-0.013400
-0.026986
0.033027
-0.032402
-0.092509
0.071992
-0.088684
-0.071747
0.012648
-0.049629
0.040874
0.042856
0.000067
0.029863
0.003052
-0.033187
0.026409
0.005077
0.046583
-0.070128
0.095185
-0.046186
-0.063095
-0.023241
-0.065741
0.066518
-0.128351
-0.032299
0.044918
-0.030892
0.066172
-0.002959
-0.142128
0.016259
0.100674
-0.031430
-0.045062
0.088377
0.064008
0.025044
0.038865
-0.023634
0.015304
0.050036
-0.001580
0.022867
0.039979
0.074022
0.034991
0.023168
0.167266
0.099085
-0.007774
0.136317
0.029522
-0.049949
-0.002016
0.073371
-0.000467
0.094349
-0.058121
-0.034662
0.152395
0.121221
0.021698
0.030609
0.054112
0.036626
0.086790
-0.098893
0.017314
0.043437
0.080961
0.126226
0.087011
-0.029536
-0.057324
0.090527
0.052494
0.076819
0.009170
-0.156790
-0.122715
0.005294
0.092086
-0.072393
-0.055642
-0.115524
0.006176
0.059395
-0.027301
-0.088693
0.024344
-0.088000
0.007423
-0.139280
-0.013186
-0.013143
-0.042162
0.006254
0.010590
0.022159
-0.060852
0.031531
0.033517
0.069105
-0.061778
-0.026392
-0.057506
-0.006118
-0.053232
-0.057569
0.064234
-0.133457
0.100200
-0.126161
0.022094
-0.135499
-0.018943
0.017928
-0.059794
0.129454
-0.045516
0.052552
-0.002389
-0.046912
-0.019315
0.077785
0.143958
0.045159
-0.080984
-0.040291
0.052972
0.027772
-0.001883
0.035073
-0.029539
0.005043
0.085765
0.089464
-0.018438
0.093116
0.006807
0.006743
0.064096
-0.081880
0.038519
0.030247
-0.002897
-0.010900
-0.024519
0.124874
0.069814
0.010038
-0.008733
0.004991
0.031582
-0.039430
-0.106428
-0.015223
-0.057432
0.077145
-0.030611
-0.022534
-0.069115
-0.050689
-0.083194
0.184040
-0.066772
0.101384
-0.086511
0.041877
0.115103
-0.004297
-0.040408
0.077917
0.097768
0.018383
-0.021317
0.090731
-0.062168
-0.072162
0.093257
0.140391
-0.043201
-0.046651
0.039803
0.061351
-0.025833
-0.017571
0.059838
0.105438
-0.122339
0.014050
-0.025167
0.056762
-0.001671
0.079734
-0.034504
0.015711
-0.003999
0.033691
0.001076
0.079343
0.066971
0.123901
0.010378
-0.038122
0.013898
0.027524
-0.022718
-0.014163
-0.014000
0.020717
-0.009754
-0.025417
-0.077666
-0.079943
0.031369
0.088829
0.136059
0.074048
0.055884
0.024336
-0.039339
0.090001
-0.008080
0.135336
0.080934
0.040158
0.086167
0.002195
-0.051817
-0.002831
-0.101985
-0.047392
0.084686
0.042914
0.040142
0.091703
-0.023272
-0.083441
-0.042970
0.093914
0.039244
-0.066266
-0.051668
0.028389
0.027375
0.091959
-0.058322
0.093519
-0.066273
-0.093841
0.000698
0.011870
0.073363
-0.026689
-0.113982
-0.045225
0.065299
-0.123320
0.176840
0.078150
-0.031675
0.002978
0.085905
0.056834
-0.099353
0.139807
0.086039
-0.027013
-0.039289
-0.041055
0.006438
0.119922
0.056855
-0.081240
0.030784
0.035856
0.049631
0.008229
-0.149448
-0.025336
-0.038646
-0.077107
0.094649
0.082629
-0.004354
0.011855
-0.082928
0.088980
-0.071310
-0.047460
0.019969
-0.027953
-0.077988
0.022970
0.002296
-0.129779
-0.068848
0.051589
0.083945
-0.064692
-0.063697
0.048045
-0.056276
0.080801
0.175629
-0.049989
0.036202
-0.147983
-0.018928
0.034050
-0.021327
-0.122015
-0.015995
-0.007054
0.043811
0.041116
0.010899
-0.107778
-0.041972
-0.099057
0.005591
0.016148
0.067859
0.035517
-0.028384
-0.050203
-0.053961
-0.032865
-0.103221
0.113708
-0.069755
-0.003076
0.056692
0.089971
-0.057661
0.061291
-0.024523
0.064089
0.070786
-0.054390
-0.083428
-0.123927
-0.063991
-0.006336
0.063784
0.059355
-0.011015
0.012380
0.006905
-0.010360
0.094184
0.025436
-0.017351
-0.066541
-0.047407
-0.135020
0.118647
0.066506
-0.085030
-0.098436
-0.013200
0.066513
0.062637
0.085557
0.131589
0.061172
0.091408
0.122644
-0.062386
0.036035
-0.016461
0.095711
-0.105811
-0.030721
0.091290
0.011636
0.021655
-0.057378
-0.067929
0.043849
0.075299
-0.023988
-0.038757
-0.061730
0.016325
0.038213
0.051065
-0.030655
-0.012322
-0.103879
-0.118545
-0.133103
0.027432
0.020817
0.034391
0.088150
-0.032070
0.048677
-0.036115
-0.041280
0.061527
0.083064
-0.012842
0.084618
-0.067634
-0.002847
0.021187
-0.023089
0.033359
-0.020597
-0.043828
-0.055555
-0.048233
0.002154
0.033919
0.014279
-0.024520
-0.072199
-0.022596
-0.089304
0.110971
0.079902
0.009416
-0.027867
-0.038573
0.035768
0.089416
0.051690
0.064045
-0.045669
0.110734
-0.026685
0.049552
0.028120
-0.069196
0.082677
0.066265
-0.126460
-0.021088
-0.064053
0.119793
-0.010085
-0.087277
0.045006
-0.092115
0.089290
-0.109277
-0.022736
0.004850
-0.106947
-0.101226
-0.089309
-0.006314
0.054169
0.012153
-0.005638
0.036580
-0.015277
0.082257
-0.077197
-0.082181
0.081342
-0.090467
-0.071738
-0.010611
0.045075
0.016596
-0.012724
0.010946
-0.018254
-0.018228
0.119911
0.090583
0.090048
0.055682
-0.034485
0.119312
-0.077496
-0.036700
0.006560
-0.044160
-0.058585
0.006002
0.077263
-0.080126
0.026685
-0.124347
-0.048231
0.032339
0.044556
0.011665
0.057339
-0.051585
0.004120
-0.047615
0.067025
0.008033
-0.047082
-0.012052
-0.027637
-0.082168
-0.122857
-0.036619
0.124730
-0.048339
0.065479
0.062645
-0.018030
0.017057
-0.080265
-0.004980
0.041848
0.100843
-0.014169
0.069835
-0.067278
0.017687
-0.073826
0.084172
-0.054396
0.118408
-0.073857
0.085988
0.022148
0.021164
0.012767
-0.003683
-0.022228
0.019392
0.052122
0.041354
0.037045
0.005741
0.132242
-0.041959
0.013285
0.101208
0.062485
-0.088582
-0.026215
0.061927
-0.030860
-0.078264
-0.012984
0.086703
-0.044914
0.020094
-0.062689
-0.032509
0.044021
-0.062738
-0.036989
0.022534
-0.024433
0.137468
-0.045213
0.092302
0.038628
-0.046264
-0.085213
-0.078683
0.042670
-0.012998
-0.025309
0.088712
0.055202
-0.116214
0.112646
-0.068809
-0.113472
0.005817
0.045154
0.074333
-0.013480
0.079042
-0.088654
0.074997
0.019906
-0.021167
0.119043
0.039943
0.085670
0.108772
-0.074679
0.057331
-0.058880
0.058864
0.002554
0.014771
0.003113
0.084495
0.161029
0.083209
0.051560
0.108121
0.029707
-0.008755
0.059888
-0.032314
-0.008503
-0.046202
-0.001959
0.068177
0.017805
-0.074296
-0.094252
-0.047565
-0.005727
-0.058486
0.031846
0.096217
0.026287
-0.064934
-0.043715
-0.005454
-0.028273
-0.049105
-0.049612
-0.088822
0.065653
-0.093802
0.047355
0.088211
0.035220
0.059572
-0.113870
-0.072711
0.008358
0.008441
-0.001285
0.015849
0.098572
-0.002405
0.089090
-0.045090
-0.018802
0.015723
-0.017262
0.002558
0.127605
0.029614
-0.071605
0.109980
0.149227
0.025238
0.054248
-0.029182
-0.001548
-0.136229
0.005702
0.033681
0.002231
-0.060233
-0.035967
0.023915
0.028733
-0.018434
-0.069771
-0.115146
0.020801
-0.069062
0.085353
0.045727
0.052526
0.066281
-0.011670
-0.040021
0.016659
0.003350
0.066325
-0.006637
0.115620
0.018121
-0.032963
0.008876
0.068619
-0.045380
0.019267
0.019730
0.115756
0.006626
0.047601
0.000691
0.044342
0.057612
0.045139
-0.025593
-0.028981
0.108183
0.022034
-0.023257
-0.073640
-0.006489
0.071940
0.105356
-0.080384
0.079812
0.068189
0.106187
0.040743
0.074633
-0.041577
0.012335
-0.039466
-0.127545
-0.029701
0.002071
0.013512
-0.065874
-0.024425
0.116624
-0.078878
-0.003297
-0.031926
-0.087848
0.051122
-0.005548
0.078636
-0.009547
-0.079079
0.009448
-0.095899
-0.047896
-0.005951
-0.051546
-0.015417
0.034799
-0.074275
-0.024313
-0.012436
-0.046935
-0.062993
0.047538
0.084392
0.092070
0.010328
0.023834
0.119673
0.017712
0.066518
0.059737
-0.098046
-0.040856
-0.043986
-0.088064
0.126089
0.034308
-0.100750
-0.081569
0.042628
-0.115660
-0.090931
-0.002268
0.014799
0.049556
0.002387
0.019231
0.109211
0.054297
0.079443
-0.082984
0.010064
-0.006989
0.060097
-0.024894
0.017172
-0.113781
0.035213
-0.036345
0.059841
0.009003
-0.040970
-0.038707
-0.032400
-0.032540
0.003873
0.002278
0.002579
0.096031
-0.130054
0.063081
-0.090063
0.059717
0.050507
0.100184
-0.114175
-0.023461
-0.052401
0.046770
-0.000518
0.014822
0.053795
0.092735
-0.101108
-0.022722
-0.047705
-0.091784
-0.003179
0.090132
0.044045
-0.037282
0.002066
0.094399
-0.022553
0.025640
-0.046438
-0.013593
0.154063
-0.033412
-0.006193
-0.007915
-0.080731
0.100279
-0.030057
0.079217
0.081361
0.122107
0.066259
-0.111710
0.081375
-0.116034
-0.000759
-0.041542
-0.130660
-0.109077
0.011629
-0.035546
0.022315
-0.040780
0.106734
-0.100144
0.029920
0.054384
0.046970
0.018158
0.037134
0.105031
0.133356
0.043756
0.041583
0.088787
-0.005365
-0.035166
0.045309
0.015919
0.016845
0.096849
0.071946
-0.108305
-0.029435
0.084077
0.067682
0.054778
0.106425
-0.003458
-0.056195
0.020097
0.143476
-0.091236
0.017481
0.108914
-0.082401
-0.062264
-0.033312
0.046935
0.082466
-0.056746
-0.084312
0.007342
-0.012878
0.009561
0.128748
-0.001598
0.079844
-0.057063
-0.029746
0.025245
0.127968
-0.076603
0.018352
0.008947
0.042870
0.079797
-0.075143
0.075191
-0.032734
-0.002341
0.046119
0.020474
0.016268
0.007342
0.028709
-0.104396
0.031048
-0.160268
-0.041992
0.083323
-0.017308
-0.136589
0.110497
0.011392
0.065030
0.033608
0.055232
-0.021553
-0.011558
-0.013695
-0.095640
0.028805
0.063147
-0.086822
-0.069227
-0.064279
-0.107921
0.129379
-0.014260
0.004934
0.066587
-0.084805
-0.007125
0.071423
0.095826
-0.100249
0.040680
-0.067803
-0.058477
-0.046101
-0.122694
-0.101592
0.029748
0.126787
0.074910
0.072969
0.043363
0.138020
0.076178
0.054380
-0.055459
0.016267
-0.095953
-0.076128
0.108647
-0.028668
-0.043254
0.086019
-0.005753
-0.008721
-0.038008
0.017436
0.040292
-0.039228
0.093588
-0.126481
0.004720
0.120270
-0.092758
-0.072351
-0.058393
0.020266
-0.004234
-0.003799
-0.051014
-0.039256
-0.026271
-0.015607
0.043251
0.110788
0.020578
-0.018111
0.015293
-0.001140
-0.004098
-0.094644
0.012589
-0.057595
-0.094061
0.023989
-0.049968
0.025934
-0.005000
-0.003313
-0.035862
0.027914
0.023961
0.023428
0.031669
0.045846
0.084519
0.081142
-0.053402
-0.046867
0.045274
-0.071577
-0.036894
0.051618
-0.116549
0.084416
-0.042718
0.026065
-0.047056
-0.021739
-0.030331
0.039909
0.002246
0.038230
-0.058763
-0.019782
0.041424
0.054937
0.092796
-0.087293
-0.003351
-0.026622
-0.141480
0.036640
-0.081665
0.044101
-0.016673
0.017365
0.055542
0.038262
0.091546
0.002598
-0.106714
0.039405
0.121252
0.045030
0.045429
0.061189
0.114478
-0.001717
-0.017154
0.035700
0.036975
0.029158
-0.066730
0.078530
0.020478
0.037798
0.059218
-0.017682
0.017115
0.106781
0.056511
-0.044475
-0.015222
-0.084551
-0.070341
0.023962
0.044231
0.054729
0.090918
0.095850
-0.034857
-0.075963
-0.076975
-0.102602
-0.060019
0.054642
-0.040424
0.005669
-0.078846
0.094746
0.032090
0.068958
0.022929
0.119950
-0.039000
0.070626
-0.109433
-0.076339
-0.105923
0.063409
0.070051
0.018980
-0.118750
0.003530
-0.084319
0.036444
0.082405
0.063187
0.012577
-0.134976
0.037076
0.090761
-0.111018
-0.006593
0.131438
-0.090691
0.024914
0.013847
0.072404
0.000517
0.137633
-0.012659
0.051042
0.030815
0.032086
-0.025553
-0.068599
0.016404
0.001695
0.128670
0.072174
-0.073343
0.101183
0.097131
-0.024778
-0.042589
0.053239
-0.035075
0.025731
-0.064712
-0.098904
-0.009067
0.116516
0.004012
-0.013173
0.016088
0.140484
-0.005325
0.010280
-0.137859
-0.015525
0.066903
-0.046639
0.002160
0.127122
0.101906
0.056154
0.042238
0.143435
-0.022043
-0.088154
-0.134604
-0.092275
0.060646
0.110276
0.092548
-0.008070
0.036594
-0.087712
0.058264
0.124513
-0.027047
0.023902
0.117519
0.128011
0.067909
-0.016527
-0.036805
0.083651
0.056929
-0.011119
0.093879
0.081102
-0.022215
0.018254
0.097247
0.055188
0.014064
0.000487
0.104430
-0.101700
0.138132
0.004616
0.044827
-0.023245
0.025360
0.040651
0.080828
-0.034237
0.016741
0.004204
0.128817
0.006909
0.038231
0.077631
0.026793
0.051268
-0.036249
0.008124
0.057014
0.107249
-0.112636
0.067438
-0.066369
0.016722
-0.059188
0.081604
-0.062532
0.042508
0.042228
0.012810
-0.127122
-0.046741
-0.064794
-0.085511
0.026588
-0.024353
0.079664
-0.100133
0.053595
0.039447
0.025936
0.058840
0.057549
0.020427
0.080765
0.148545
0.046995
0.108355
0.086450
0.023750
-0.087048
0.033022
-0.070531
-0.036889
-0.037262
0.050555
0.102701
-0.016077
-0.055835
-0.019255
-0.097150
-0.010522
-0.081788
-0.052676
-0.042473
-0.110283
-0.062718
-0.030301
0.038560
-0.018010
0.007217
0.028565
-0.043720
0.008636
0.040494
-0.004531
-0.067178
-0.085666
0.002395
0.078347
-0.043395
0.040313
0.016819
-0.015570
0.092415
0.126565
-0.037130
0.131204
-0.119075
-0.030360
-0.028902
0.062994
-0.006363
0.111372
0.024204
0.066243
0.149359
-0.106589
0.005193
0.036333
-0.084473
-0.066404
-0.105596
0.045497
-0.028683
0.048509
0.072695
-0.067112
-0.083638
-0.087430
-0.053509
0.044160
-0.036985
-0.070303
-0.161023
-0.020321
-0.081017
-0.062346
-0.055435
0.038424
-0.002372
0.096929
0.134041
-0.003286
-0.089215
-0.031421
-0.033408
-0.044856
0.062297
-0.037588
0.001251
-0.011131
-0.011758
0.009893
0.105328
0.007087
-0.051067
-0.001674
-0.053839
0.018088
0.082197
0.028287
-0.075594
0.015025
-0.048590
-0.043361
-0.003253
0.035382
0.045952
0.092704
-0.044542
-0.040670
-0.000219
-0.091889
0.111921
0.034159
-0.066937
0.170027
-0.001538
-0.001372
0.059796
0.109041
0.078612
0.135627
0.003021
0.081334
0.051440
0.044978
-0.044754
-0.095281
-0.014886
-0.038632
-0.082976
-0.047774
-0.035894
-0.077114
-0.047701
0.047469
0.136367
0.043359
-0.138024
-0.064735
0.008355
-0.038105
-0.106440
0.066757
-0.027201
0.010472
0.048175
-0.065904
-0.119656
0.021689
0.123468
0.017187
0.022886
-0.093500
0.079590
-0.021927
0.017736
0.005695
-0.022632
0.007553
0.029073
-0.099668
-0.000893
0.016094
-0.003682
-0.122345
-0.004537
-0.080583
-0.108219
0.043703
-0.049121
0.085264
0.045939
0.021266
0.078257
0.057119
-0.020397
0.091973
0.083168
0.046559
0.074723
0.125428
-0.107825
0.099604
-0.038149
0.016114
-0.026796
0.095128
0.035859
-0.051714
0.128356
0.096771
-0.059491
0.001081
-0.106190
0.128359
0.118233
-0.074803
-0.107352
0.144394
0.034399
0.018129
0.121876
0.109214
-0.070449
-0.071114
0.084719
-0.013938
-0.000976
-0.003245
0.011493
0.116463
0.011893
0.052123
-0.016977
0.021512
-0.125279
0.056860
-0.056619
0.077510
-0.032402
0.014318
-0.066640
-0.090519
-0.031136
0.058599
-0.008325
-0.043238
-0.137254
0.075446
0.120815
0.128167
0.152446
0.034887
0.052082
0.067937
0.083431
-0.059461
-0.045077
0.118455
0.076710
0.007310
0.005481
-0.046086
0.041415
-0.038782
0.079846
0.032280
-0.082421
-0.008278
0.029137
0.072703
-0.044586
0.048665
-0.041906
0.057192
-0.117197
0.118608
0.080936
-0.020157
0.003602
-0.080057
0.031286
-0.057722
-0.092769
-0.079724
0.175889
-0.090443
0.033298
0.015228
0.104668
-0.043336
0.039468
0.075671
-0.006000
0.013500
-0.072249
-0.037249
0.018657
-0.074551
0.014711
0.075047
0.014835
-0.009118
-0.133890
-0.102064
0.010753
-0.057755
0.085159
0.028502
0.093407
-0.131325
-0.043161
0.091888
0.016736
0.145792
0.174836
0.007712
-0.040676
0.055590
0.094330
-0.060436
0.054098
0.134286
0.006927
0.019971
-0.100892
-0.021873
-0.075586
-0.095478
-0.071013
0.054071
0.023901
-0.019216
0.040631
-0.007944
0.006553
-0.016082
0.059647
-0.075335
-0.140362
-0.033565
0.039494
-0.078531
-0.050210
0.037549
0.000553
0.035725
-0.039023
0.098352
0.043552
0.095768
-0.060584
0.078308
0.100042
0.088965
-0.036643
-0.182268
0.089781
0.125194
-0.002357
-0.032517
-0.034732
0.033430
-0.097731
0.079017
-0.020677
0.102679
-0.018296
0.114936
-0.114837
0.038254
-0.037616
0.065623
-0.022433
0.076640
0.023225
-0.029393
-0.098685
-0.006919
0.109177
-0.027649
0.073486
0.044707
0.045781
-0.127985
-0.080457
0.082575
0.073980
0.138880
0.083152
0.034167
-0.112472
-0.054930
0.140220
-0.008718
0.019456
0.011580
-0.046398
0.094400
-0.065982
-0.014560
-0.030019
-0.051566
0.107841
-0.053326
0.045436
0.070216
-0.042720
-0.017895
-0.049191
-0.129230
0.111707
-0.010011
0.024497
0.052324
0.056831
0.095604
-0.002305
-0.023048
0.080180
-0.004152
0.071079
0.084717
-0.049761
0.157728
-0.074146
0.037166
-0.074625
0.078276
-0.004136
-0.101335
0.108147
0.107460
0.047397
-0.028079
0.042265
-0.035253
-0.049373
0.058498
-0.056082
-0.091197
-0.072459
-0.029560
-0.068489
-0.023439
0.067502
-0.018850
-0.018045
-0.038219
0.104264
-0.071968
0.117503
-0.034341
-0.014072
-0.113817
0.059130
-0.049745
0.061981
0.022940
-0.108226
-0.051439
0.024508
0.086052
-0.055660
0.058278
-0.019609
0.019124
-0.100703
-0.064350
-0.016084
0.020360
-0.092583
-0.063157
-0.131555
0.061682
-0.024851
-0.128092
-0.044975
-0.064834
-0.009657
0.110407
0.063973
0.039191
0.092519
-0.105052
0.103047
0.089715
-0.040507
0.151592
0.026240
0.045759
0.003863
-0.047976
0.010618
0.050482
0.034073
-0.013111
0.086740
-0.075276
-0.027409
0.126587
-0.137276
0.058455
-0.063027
0.021380
-0.109397
-0.096096
0.051361
-0.026727
0.041781
-0.010419
-0.012221
-0.024095
0.007316
0.105017
-0.014533
0.069939
0.074063
-0.044592
-0.116373
-0.053236
0.147680
-0.013785
0.086788
-0.132167
-0.136836
-0.117979
0.037314
-0.055284
0.061059
-0.019337
0.020333
0.021344
0.035379
-0.046658
0.008520
0.056460
0.101355
0.002859
0.033567
-0.006687
0.013125
0.046144
-0.042329
0.057672
-0.066188
-0.009693
0.031703
0.078497
-0.024720
-0.031295
0.037566
-0.025609
-0.069135
0.010663
-0.084676
-0.073562
-0.022518
-0.096153
0.028634
0.096921
-0.054297
-0.085812
0.066468
-0.023764
0.139608
0.088123
-0.075511
0.078962
0.072595
-0.075018
0.044091
0.085912
-0.039830
0.103327
0.136951
-0.043858
0.027513
0.088664
-0.012361
0.001950
-0.044826
0.037499
-0.051193
-0.054919
-0.065599
0.075828
-0.122468
0.022368
0.012698
-0.127010
0.129660
-0.002179
0.041463
-0.101919
0.118538
0.156993
-0.010839
-0.134815
0.037604
-0.066537
-0.029587
0.049536
0.046109
-0.106621
0.014426
0.034400
0.058862
-0.138934
0.044206
0.075392
-0.037802
0.050784
-0.043978
0.131241
-0.113856
-0.001912
0.032923
0.050326
0.000598
-0.019597
-0.079934
0.059093
-0.047954
0.008101
-0.074251
0.018393
-0.011388
-0.110123
-0.007773
-0.045829
-0.017172
-0.094643
0.064192
0.016490
-0.048800
0.033854
0.054709
-0.049567
0.123862
-0.012760
-0.001576
-0.093930
-0.068463
-0.026831
0.009145
0.060333
0.012149
-0.032676
0.057082
-0.096316
-0.071477
0.036171
0.124731
-0.016880
-0.003253
0.021421
-0.060493
0.011166
-0.035785
0.024098
0.128613
-0.079186
-0.041738
-0.047211
0.026857
0.016247
-0.014803
-0.083382
0.058167
-0.038157
0.011331
0.068278
0.044174
0.019607
0.088417
0.018335
0.000424
0.125271
0.013679
-0.027897
0.090262
0.057699
-0.105444
-0.004827
0.042489
0.051090
-0.012980
0.006041
-0.073706
-0.000386
0.069157
0.012737
-0.110538
-0.066225
-0.022274
0.130635
-0.046453
0.155440
-0.010332
-0.036317
-0.058625
0.059282
0.011167
0.085171
0.038497
-0.023305
0.077060
-0.047010
0.021617
0.122393
-0.042234
0.055980
0.040280
0.087991
0.000374
0.044902
-0.019409
-0.116165
-0.046937
-0.046216
0.023736
0.085062
0.124724
-0.107686
0.088961
0.030607
-0.093087
0.034245
0.113844
0.020653
0.005688
-0.030586
0.075204
0.004636
0.079117
-0.032463
-0.010322
-0.001661
0.009166
0.024671
0.072051
0.019309
-0.033756
0.030491
0.085978
0.035110
-0.013497
0.067751
-0.052760
0.015674
-0.010833
0.010439
0.008829
0.099993
0.094732
-0.005234
-0.102115
0.071589
-0.118799
-0.103051
-0.045476
-0.035690
-0.048816
0.078440
0.089489
0.006800
-0.010937
0.022888
0.042662
-0.017244
-0.054198
0.026216
-0.150258
-0.017780
0.053143
-0.081476
-0.018885
-0.021937
-0.061870
0.157640
-0.065791
0.008775
-0.002531
0.038840
0.050450
-0.003108
0.087255
-0.030396
-0.029957
-0.008637
0.045044
0.008457
0.032320
0.022050
0.069369
0.059255
0.113660
-0.015428
0.054265
-0.030309
0.029418
0.102530
-0.093519
0.057435
0.019111
0.049827
-0.097516
-0.027382
-0.037329
-0.119190
-0.036141
0.019066
0.100921
-0.120696
0.054771
0.021303
0.063120
0.144221
0.132241
-0.020801
-0.002337
-0.018292
0.130085
-0.031499
-0.014079
0.040701
-0.028010
-0.005464
0.126626
-0.005823
0.092799
0.118697
0.038345
0.082853
0.047130
0.085758
-0.120269
0.006862
0.098480
0.134744
0.085409
-0.033719
0.007453
0.062860
-0.059341
0.107532
-0.064441
-0.047530
0.038558
0.049790
-0.003982
-0.157458
0.047346
-0.076979
0.035878
0.083992
-0.043234
0.040516
-0.131763
0.100860
0.031302
0.023858
-0.100319
0.135491
-0.053790
0.028895
0.119862
0.049676
0.088387
-0.033418
0.029544
0.063400
-0.104552
0.128134
-0.048030
-0.025015
-0.097827
-0.086033
0.016962
0.131366
0.067956
-0.052387
0.026632
0.052144
0.012507
0.031732
0.027363
-0.126391
-0.157892
0.011086
0.051489
0.032242
0.119075
0.056244
-0.008158
-0.143641
-0.033044
0.002644
0.066571
0.003072
0.131391
0.072611
-0.024523
0.036659
0.046845
0.056240
0.003460
0.054099
0.049649
-0.017263
-0.127387
-0.089590
0.034869
0.008071
0.036190
0.064696
0.065345
0.038394
0.051657
0.058307
-0.058352
-0.038704
0.023397
0.027045
-0.012682
-0.037713
-0.012085
-0.049013
0.051806
0.003630
0.141815
0.119152
0.024107
0.153265
-0.034631
-0.015073
0.066849
-0.008166
0.046145
-0.026152
-0.001050
0.043883
0.079251
0.057851
0.064485
0.024347
-0.061787
0.063641
-0.001156
0.094329
0.025762
-0.028465
0.021722
-0.005813
0.063715
-0.054597
0.139775
0.070998
0.016371
0.031641
0.057956
-0.029460
0.009896
0.064316
0.037896
-0.085784
0.084534
-0.126728
-0.052060
0.090191
-0.076096
0.040468
-0.073157
0.038959
-0.019511
-0.047724
-0.035446
-0.071223
0.098608
-0.027711
0.028744
0.035753
-0.054224
-0.015714
0.043197
0.020658
-0.010385
-0.073493
0.057760
-0.020161
0.013385
0.118333
0.028121
0.005430
0.065781
0.087141
-0.004218
0.144313
-0.001314
0.115986
0.063428
-0.036099
0.016080
0.024110
0.099333
-0.042567
-0.079044
0.023370
-0.054272
-0.024827
0.016108
-0.058222
0.065391
-0.038110
-0.032513
-0.037155
-0.004228
-0.024964
0.065377
0.025152
0.044141
0.008968
0.103430
-0.012539
0.026889
0.012206
0.040848
0.023723
-0.042649
0.021079
0.117389
0.098465
0.067050
0.084325
-0.096324
-0.031444
-0.030155
-0.014521
0.002331
0.024834
0.080550
0.038393
0.026336
-0.077180
0.069605
0.077205
-0.089948
-0.006400
0.034333
0.029308
0.103982
-0.077956
-0.042281
-0.065598
-0.009926
0.000548
0.091879
0.044406
0.051055
0.006667
-0.084537
0.023405
-0.048983
-0.086100
-0.029022
0.027759
0.079945
0.070323
0.004455
0.092668
0.047872
-0.093750
0.075346
0.037112
0.066734
0.086617
0.017619
0.018112
-0.097379
0.042929
0.082411
0.023309
-0.117028
-0.028325
0.001525
0.021891
-0.065013
0.051772
-0.087708
-0.071920
-0.038923
0.047831
-0.007366
-0.066888
0.062957
0.068442
0.129979
0.058532
0.088292
-0.071611
0.059698
0.010539
-0.022017
0.058135
0.053402
-0.037104
-0.130836
-0.088873
-0.019532
0.042940
0.045650
-0.014806
-0.086343
0.040474
-0.059165
-0.018012
-0.015642
0.058452
-0.020149
0.027343
0.087552
0.039669
-0.044948
-0.114455
-0.047898
-0.009192
-0.001445
-0.011369
0.029891
-0.102967
-0.016670
0.104986
0.013503
-0.071578
-0.089528
-0.006854
0.042183
0.123907
0.035597
-0.020337
-0.019785
0.008189
-0.047271
0.049253
0.070131
0.044109
-0.086070
0.017470
-0.001978
0.012120
-0.018127
0.038887
-0.086642
0.017475
-0.049536
-0.093788
-0.018502
0.023664
0.067432
-0.032731
0.097813
0.006348
-0.040450
0.082578
-0.067977
0.017930
-0.006565
-0.029047
0.115967
0.047548
0.074242
-0.014055
0.039820
0.053737
0.042959
0.052950
-0.026486
-0.111601
0.079655
0.089628
0.048547
-0.007805
-0.104260
0.123365
0.032894
-0.007886
-0.030791
0.099777
0.031517
0.101508
-0.062212
0.097000
-0.046712
0.047770
-0.003525
0.010341
0.019964
0.085055
0.113962
0.038045
0.089970
-0.083926
0.043254
-0.027215
-0.108987
0.100768
0.078913
-0.082575
-0.052441
0.030133
-0.076150
-0.102111
0.032393
0.122662
0.089041
0.070866
-0.131969
0.043493
-0.057019
0.113814
0.049690
0.063737
-0.052855
-0.042314
0.004939
-0.035302
-0.042553
0.045775
-0.062085
0.052475
-0.018520
0.016217
-0.015209
0.088454
0.034738
-0.150724
-0.036979
-0.041932
0.061767
-0.128105
-0.031485
-0.015193
0.063067
0.020699
-0.075104
0.085550
0.116027
0.045119
0.126862
0.092617
0.020674
0.030598
-0.045083
-0.086061
0.000077
-0.090730
-0.030029
-0.024494
0.012811
0.058292
-0.060568
-0.087059
-0.142243
0.032078
-0.113667
-0.103009
0.116339
-0.082241
-0.109026
0.102013
-0.026257
-0.052668
0.116468
-0.077124
0.117853
0.087365
0.028502
0.080426
-0.141853
0.012507
-0.040852
-0.091527
0.110661
0.006614
0.058139
0.069078
0.000155
-0.004866
-0.017754
0.104025
-0.017761
-0.024134
-0.064011
-0.037036
0.043595
-0.007622
-0.029368
0.009894
0.126444
0.017480
0.073933
0.133107
0.115500
-0.058368
-0.045039
-0.019724
0.026316
-0.032421
0.127638
0.019927
0.047329
0.004116
-0.065618
-0.006631
-0.024104
0.101355
0.123817
0.034001
0.023327
-0.002185
-0.054770
-0.002018
0.037796
0.038170
0.072562
0.067579
0.098540
0.088832
0.059320
-0.106785
-0.019804
-0.088636
0.073310
0.068341
0.005577
0.068961
-0.007666
0.009409
-0.000148
-0.020826
-0.007900
-0.010015
0.074818
-0.039158
0.007006
0.004975
0.073164
-0.070050
-0.042620
-0.012538
-0.000203
-0.005575
-0.037889
-0.001553
0.067685
0.012418
0.047797
0.013356
-0.134791
0.147595
-0.009198
-0.076660
-0.048163
-0.074293
-0.055178
0.054150
0.070239
0.049258
0.038151
0.004584
0.087291
-0.096581
0.001238
-0.119147
-0.118086
-0.007048
-0.034990
0.047565
-0.047992
-0.053509
-0.051719
0.080499
-0.115427
0.068616
0.011913
0.041494
-0.087411
-0.033230
-0.018465
0.109088
0.038106
0.020626
0.012206
0.023886
0.068658
0.016607
0.019160
0.008397
-0.071019
0.083170
0.020749
0.016317
0.008163
-0.097570
-0.072019
-0.046097
-0.075986
-0.046805
-0.028438
-0.137772
-0.034541
0.029177
0.005923
0.016643
-0.120332
-0.043340
-0.046485
-0.000542
0.080083
-0.037889
0.071473
0.086172
-0.025811
0.093791
-0.072627
0.116960
0.035545
0.077433
0.051575
0.093247
0.023430
-0.051241
0.006581
-0.081814
-0.009220
-0.013493
0.060884
0.045531
0.028133
0.120602
-0.100397
0.060894
-0.001481
0.105870
-0.020268
0.156383
0.005376
-0.042562
0.106041
0.029393
0.063544
0.036391
0.006093
0.033577
0.067732
0.014032
0.038540
-0.011161
-0.050042
-0.013657
-0.085344
0.028778
0.020410
0.007217
-0.109144
-0.005103
0.040958
0.029649
0.097616
0.142970
-0.041130
-0.156828
0.119158
0.112665
-0.054414
0.038705
-0.106202
-0.083379
0.083192
-0.000909
0.002101
-0.119320
0.023177
-0.133135
-0.147201
0.029730
-0.024096
-0.022831
-0.010600
-0.075569
-0.036624
-0.114400
0.110589
0.012452
-0.075766
-0.048694
0.127184
-0.079379
0.006977
-0.066867
-0.116503
0.040961
0.083220
0.010552
0.097325
0.014465
0.101744
0.039500
-0.083824
0.115911
0.088646
-0.043380
-0.061539
0.124917
0.055042
0.085636
0.057669
-0.042602
-0.024547
0.080415
0.132113
-0.084477
-0.019606
0.052318
-0.127795
-0.024419
0.121132
0.055330
0.025217
0.132243
0.007999
0.064883
0.076907
0.058819
0.041726
0.004632
0.057269
0.030249
0.082154
-0.078144
-0.009587
-0.102912
0.098716
0.011978
0.035762
-0.040824
0.036043
-0.075348
0.004467
0.008792
