0 41
0 91
0 117
0 239
0 310
0 835
0 958
1 67
1 207
1 256
1 344
1 359
1 440
1 656
1 660
1 715
2 67
2 120
2 174
2 215
2 403
2 471
2 519
2 703
3 145
3 481
3 577
3 597
3 652
3 783
3 803
3 860
3 923
3 981
4 171
4 173
4 493
4 766
4 834
4 870
4 896
4 975
4 978
4 985
5 113
5 246
5 291
5 361
5 514
5 549
5 631
5 717
5 734
5 742
5 814
5 830
5 851
5 901
6 253
6 327
6 489
6 510
6 854
6 887
6 935
7 39
7 101
7 270
7 339
7 381
7 521
7 548
7 600
7 726
7 802
7 869
7 874
7 933
7 951
7 972
7 975
8 344
8 458
8 482
8 549
8 567
8 570
8 579
8 675
8 770
8 838
8 844
9 19
9 109
9 178
9 204
9 360
9 524
9 632
9 993
10 34
10 281
10 456
10 742
10 766
10 798
10 970
11 110
11 343
11 364
11 445
11 577
11 619
11 738
11 772
11 836
11 880
11 917
11 953
11 961
11 997
12 70
12 106
12 271
12 309
12 353
12 467
12 645
12 658
12 693
12 793
12 936
12 962
13 34
13 77
13 108
13 144
13 151
13 198
13 335
13 488
13 516
13 550
13 768
13 807
13 849
13 977
13 997
14 175
14 337
14 435
14 479
14 482
14 592
14 596
14 685
14 724
14 736
14 774
14 778
14 783
14 789
14 830
14 875
14 951
14 968
14 971
14 986
15 37
15 71
15 122
15 150
15 170
15 176
15 194
15 289
15 310
15 323
15 690
15 732
15 740
15 786
15 839
15 867
15 972
16 57
16 109
16 156
16 165
16 172
16 189
16 539
16 696
16 831
16 943
17 164
17 460
17 597
17 644
17 726
17 897
18 225
18 309
18 315
18 318
18 320
18 387
18 705
18 745
18 760
18 840
18 997
19 9
19 168
19 196
19 359
19 470
19 539
19 593
19 739
19 825
20 479
20 670
20 696
20 746
20 851
21 154
21 297
21 648
21 650
21 963
22 50
22 65
22 117
22 126
22 131
22 242
22 372
22 485
22 564
22 579
22 602
22 618
22 776
22 847
23 188
23 206
23 262
23 321
23 341
23 363
23 553
23 690
23 785
23 856
23 879
23 888
23 916
23 988
24 28
24 167
24 359
24 366
24 381
24 387
24 416
24 518
24 673
24 767
24 881
24 998
25 87
25 302
25 328
25 409
25 471
25 741
26 32
26 97
26 109
26 210
26 242
26 268
26 281
26 305
26 437
26 503
26 599
26 665
26 767
26 965
27 109
27 256
27 388
27 412
27 586
27 624
27 647
27 752
27 776
27 831
27 938
27 992
28 24
28 50
28 57
28 207
28 351
28 372
28 456
28 586
28 695
28 875
28 908
29 146
29 372
29 447
29 521
29 530
29 544
29 572
29 655
29 712
29 748
29 791
29 874
29 893
29 937
30 81
30 138
30 145
30 175
30 180
30 289
30 377
30 687
30 690
30 705
30 973
30 993
31 131
31 202
31 311
31 389
31 525
31 626
31 719
31 970
32 26
32 78
32 81
32 334
32 335
32 422
32 944
32 965
32 979
33 48
33 71
33 400
33 661
33 886
33 930
33 939
34 10
34 13
34 42
34 179
34 196
34 219
34 333
34 344
34 411
34 412
34 433
34 554
34 561
34 676
34 754
34 841
34 860
35 61
35 248
35 366
35 684
35 840
35 896
35 976
36 80
36 220
36 239
36 317
36 397
36 418
36 605
36 622
36 661
36 873
36 874
36 998
37 15
37 202
37 363
37 476
37 480
37 750
37 915
38 164
38 218
38 247
38 274
38 281
38 430
38 621
38 704
38 720
38 724
39 7
39 61
39 143
39 174
39 256
39 276
39 365
39 402
39 564
39 796
39 800
40 68
40 110
40 356
40 982
40 988
41 0
41 293
41 398
41 403
41 422
41 557
41 639
41 706
41 796
42 34
42 101
42 125
42 128
42 151
42 446
42 536
42 652
42 700
42 736
42 758
42 982
43 175
43 221
43 362
43 583
43 689
43 694
43 880
44 128
44 286
44 515
44 533
44 540
44 594
44 928
44 976
44 987
45 148
45 244
45 250
45 308
45 326
45 402
45 515
45 564
45 580
45 584
45 658
45 740
45 750
45 785
45 789
45 801
45 861
45 863
45 906
46 116
46 163
46 228
46 358
46 413
46 554
46 622
46 642
46 747
46 897
46 915
47 96
47 99
47 116
47 121
47 129
47 309
47 490
47 659
47 722
47 723
47 734
47 754
47 947
47 958
48 33
48 169
48 198
48 232
48 244
48 250
48 321
48 330
48 562
48 736
48 878
48 920
48 946
48 957
49 112
49 143
49 267
49 341
49 555
49 686
49 893
49 981
49 984
49 996
50 22
50 28
50 66
50 89
50 203
50 306
50 597
50 692
50 750
50 787
51 583
51 590
51 614
51 680
52 183
52 522
52 920
52 922
53 193
53 280
53 423
53 567
53 608
53 692
53 985
54 68
54 108
54 202
54 247
54 277
54 310
54 412
54 600
54 684
54 900
54 907
55 623
55 761
55 801
56 139
56 196
56 300
56 539
56 776
56 830
56 868
56 898
56 919
56 999
57 16
57 28
57 64
57 181
57 195
57 219
57 246
57 288
57 348
57 405
57 414
57 655
57 675
57 750
58 215
58 219
58 349
58 353
58 399
58 497
58 506
58 564
58 641
58 693
58 728
58 790
58 848
58 988
59 299
59 384
59 391
59 503
59 849
59 895
59 936
60 91
60 108
60 473
60 582
60 708
60 752
60 844
60 857
60 886
60 914
60 950
60 999
61 35
61 39
61 160
61 371
61 432
61 477
61 644
61 846
61 862
61 993
62 138
62 421
62 478
62 625
62 681
62 736
62 770
62 772
62 967
62 975
62 997
63 193
63 231
63 287
63 295
63 328
63 393
63 395
63 486
63 536
63 589
63 605
63 696
63 707
63 761
63 906
64 57
64 336
64 352
64 485
64 524
64 533
64 595
64 787
64 943
65 22
65 92
65 135
65 193
65 227
65 249
65 329
65 349
65 391
65 428
65 573
65 686
65 789
65 799
66 50
66 355
66 506
66 631
66 717
66 781
66 874
66 889
66 956
66 974
67 1
67 2
67 102
67 139
67 203
67 227
67 324
67 593
67 602
67 703
67 715
67 826
68 40
68 54
68 272
68 290
68 331
68 387
68 509
68 587
68 911
69 944
69 968
70 12
70 172
70 231
70 328
70 466
70 712
70 721
70 805
70 825
70 841
70 853
70 905
70 948
70 960
71 15
71 33
71 107
71 248
71 372
71 445
71 462
71 465
71 583
71 607
71 638
71 787
71 829
71 999
72 98
72 149
72 308
72 338
72 415
72 462
72 548
72 687
72 725
72 937
72 945
73 195
73 248
73 268
73 331
73 417
73 478
73 505
73 978
74 388
74 474
74 532
74 538
74 737
74 860
74 905
75 84
75 203
75 218
75 678
75 718
75 797
75 944
76 107
76 162
76 399
76 581
76 584
76 618
76 651
76 959
76 988
77 13
77 196
77 288
77 318
77 504
77 568
77 687
77 848
77 979
78 32
78 278
78 327
78 339
78 503
78 618
78 834
78 900
79 253
79 373
79 404
79 507
79 530
79 571
79 663
79 732
80 36
80 150
80 294
80 371
80 536
80 691
80 811
80 914
80 970
81 30
81 32
81 247
81 337
81 454
81 609
81 778
81 801
82 174
82 177
82 232
82 303
82 383
82 427
82 502
82 511
82 550
82 608
83 103
83 150
83 157
83 312
83 366
83 386
83 716
83 888
83 921
83 934
84 75
84 95
84 256
84 272
84 419
84 448
85 119
85 196
85 221
85 473
85 602
85 765
85 804
85 846
85 875
86 243
86 359
86 616
86 678
86 715
86 861
86 943
87 25
87 117
87 223
87 265
87 391
87 543
87 699
87 740
87 818
88 186
88 218
88 274
88 326
88 626
88 900
88 934
88 935
89 50
89 114
89 294
89 372
89 415
89 664
89 823
89 981
90 144
90 172
90 282
90 285
90 286
90 336
90 365
90 370
90 519
90 521
90 585
90 617
90 691
90 844
90 909
91 0
91 60
91 221
91 229
91 298
91 326
91 521
91 670
91 702
91 726
91 749
91 751
91 822
91 836
91 900
91 910
91 979
91 989
92 65
92 95
92 111
92 162
92 230
92 310
92 356
92 359
92 429
92 451
92 457
92 622
92 789
92 842
92 894
92 932
93 103
93 549
93 614
93 680
93 863
93 941
94 204
94 297
94 344
94 467
94 545
94 604
94 678
94 700
94 735
94 773
94 990
95 84
95 92
95 98
95 173
95 206
95 212
95 292
95 390
95 433
95 446
95 470
95 476
95 600
95 741
95 777
95 877
96 47
96 148
96 345
96 442
96 567
96 808
96 872
96 968
97 26
97 181
97 394
97 588
97 630
97 679
97 827
97 992
98 72
98 95
98 210
98 214
98 301
98 339
98 405
98 441
98 449
98 509
98 531
98 562
98 597
98 604
98 719
98 727
98 798
99 47
99 104
99 181
99 504
99 696
99 899
100 133
100 137
100 253
100 623
100 745
101 7
101 42
101 110
101 152
101 170
101 190
101 224
101 226
101 258
101 298
101 418
101 470
101 522
101 579
101 690
101 811
102 67
102 194
102 209
102 317
102 413
102 466
102 476
102 700
102 920
103 83
103 93
103 301
103 408
103 464
103 482
103 551
103 735
103 833
104 99
104 257
104 493
104 550
104 577
104 630
104 677
105 137
105 138
105 492
105 591
105 840
106 12
106 202
106 230
106 276
106 371
106 523
106 533
106 733
106 755
106 853
106 907
106 937
106 985
107 71
107 76
107 179
107 382
107 487
107 568
107 704
107 914
107 959
108 13
108 54
108 60
108 127
108 144
108 192
108 198
108 221
108 237
108 260
108 346
108 440
108 489
108 530
108 563
108 591
108 681
108 773
108 805
108 993
109 9
109 16
109 26
109 27
109 161
109 237
109 317
109 351
109 553
109 568
109 600
109 791
109 817
109 987
110 11
110 40
110 101
110 162
110 173
110 243
110 266
110 283
110 300
110 374
110 385
110 393
110 433
110 440
110 462
110 660
110 677
110 840
110 924
111 92
111 123
111 171
111 230
111 348
111 384
111 452
111 465
111 612
111 613
111 758
111 917
112 49
112 157
112 165
112 254
112 349
112 436
112 438
112 461
112 466
112 526
112 643
112 648
112 841
112 869
112 971
112 975
112 985
112 989
113 5
113 175
113 204
113 263
113 266
113 444
113 602
113 616
113 647
113 673
113 745
113 747
113 764
113 829
113 853
113 893
113 917
113 927
114 89
114 148
114 168
114 273
114 296
114 314
114 384
114 478
114 625
114 849
115 152
115 164
115 226
115 240
115 243
115 267
115 375
115 400
115 607
115 627
115 697
115 784
115 820
115 915
116 46
116 47
116 269
116 305
116 407
116 412
116 432
116 559
116 686
116 804
116 863
116 914
117 0
117 22
117 87
117 153
117 210
117 307
117 310
117 518
117 598
117 881
118 143
118 471
118 493
118 662
118 734
118 812
119 85
119 382
119 474
119 962
120 2
120 334
120 508
120 668
120 673
120 709
120 737
120 818
120 829
120 893
120 987
120 998
121 47
121 269
121 275
121 278
121 289
121 301
121 326
121 407
121 427
121 508
121 566
121 646
121 714
121 981
122 15
122 232
122 261
122 265
122 280
122 422
122 544
122 613
122 636
122 736
122 884
122 911
123 111
123 279
123 330
123 376
123 433
123 459
123 584
123 837
123 878
123 896
123 914
124 135
124 323
124 598
124 682
124 762
124 791
124 793
124 805
124 899
125 42
125 137
125 228
125 376
125 440
125 462
125 519
125 702
125 703
125 780
125 797
125 810
125 982
126 22
126 182
126 240
126 322
126 456
126 510
126 649
126 683
126 769
126 794
126 798
126 922
126 923
126 926
127 108
127 250
127 296
127 297
127 372
127 418
127 421
127 495
127 502
127 695
127 847
127 913
128 42
128 44
128 145
128 159
128 162
128 187
128 202
128 241
128 247
128 320
128 600
128 727
129 47
129 202
129 347
129 373
129 661
129 707
129 863
129 867
129 972
130 151
130 217
130 464
130 729
131 22
131 31
131 408
131 555
131 660
131 736
131 833
132 150
132 168
132 234
132 308
132 418
132 488
132 519
132 923
132 951
132 958
133 100
133 297
133 376
133 472
133 475
133 612
133 665
133 695
133 717
133 723
133 730
133 809
134 190
134 730
134 772
134 889
135 65
135 124
135 217
135 223
135 286
135 295
135 395
135 420
135 581
135 585
135 609
135 706
135 846
135 941
135 997
136 196
136 265
136 390
136 401
136 420
136 422
136 484
136 536
136 725
136 740
136 790
136 917
136 963
137 100
137 105
137 125
137 427
137 436
137 493
137 662
137 822
137 942
138 30
138 62
138 105
138 421
138 539
138 553
138 665
138 808
138 892
139 56
139 67
139 161
139 351
139 365
139 413
139 483
139 640
139 718
139 989
140 184
140 249
140 340
140 346
140 358
140 409
140 454
140 743
140 784
140 845
140 859
140 974
141 236
141 292
141 298
141 355
141 498
141 601
141 609
141 631
142 144
142 264
142 459
142 474
142 750
142 798
142 800
142 828
143 39
143 49
143 118
143 262
143 441
143 450
143 682
143 785
143 839
143 973
144 13
144 90
144 108
144 142
144 181
144 207
144 228
144 229
144 239
144 319
144 488
144 537
144 715
144 836
144 840
144 861
145 3
145 30
145 128
145 349
145 373
145 427
145 433
145 468
145 651
145 667
145 856
145 984
146 29
146 248
146 458
146 491
146 550
146 561
146 650
146 909
147 219
147 290
147 457
147 484
147 579
147 733
147 789
147 991
148 45
148 96
148 114
148 638
148 851
148 924
149 72
149 230
149 365
149 473
149 474
149 496
149 775
149 791
150 15
150 80
150 83
150 132
150 408
150 519
150 556
150 609
150 747
150 870
151 13
151 42
151 130
151 239
151 579
151 770
152 101
152 115
152 188
152 231
152 248
152 271
152 448
152 591
152 613
152 669
152 725
152 766
152 821
152 894
152 931
152 959
153 117
153 223
153 321
153 625
153 644
153 679
153 716
153 923
153 952
153 979
154 21
154 188
154 207
154 410
154 434
154 473
154 503
154 538
154 606
154 722
154 728
154 743
155 273
155 454
155 513
155 520
155 567
155 644
155 806
155 846
155 882
156 16
156 256
156 311
156 658
156 883
156 940
156 945
156 967
157 83
157 112
157 167
157 277
157 321
157 342
157 440
157 688
157 713
157 746
157 749
157 883
158 267
158 583
158 606
158 668
158 792
158 871
158 875
158 902
159 128
159 161
159 346
159 516
159 531
159 545
159 559
159 607
159 827
160 61
160 952
161 109
161 139
161 159
161 208
161 333
161 362
161 372
161 413
161 658
161 744
161 745
161 837
161 975
162 76
162 92
162 110
162 128
162 254
162 394
162 399
162 419
162 542
162 912
163 46
163 182
163 487
163 500
163 774
164 17
164 38
164 115
164 279
164 287
164 336
164 504
164 632
164 671
164 701
164 804
164 905
164 923
164 970
165 16
165 112
165 251
165 372
165 583
165 671
165 714
165 765
165 808
165 860
165 919
165 926
166 171
166 428
166 450
166 475
166 536
166 590
166 735
166 745
166 872
167 24
167 157
167 570
167 597
167 652
167 890
167 936
167 972
168 19
168 114
168 132
168 174
168 202
168 273
168 429
168 507
168 765
168 776
168 860
168 952
168 967
169 48
169 486
169 558
169 600
169 602
170 15
170 101
170 220
170 374
170 391
170 413
170 589
170 612
170 699
170 875
171 4
171 111
171 166
171 179
171 268
171 314
171 470
171 771
171 817
171 854
171 891
171 920
171 981
172 16
172 70
172 90
172 243
172 288
172 293
172 300
172 304
172 366
172 469
172 530
172 753
172 989
173 4
173 95
173 110
173 266
173 285
173 485
173 565
173 660
173 798
173 802
173 946
174 2
174 39
174 82
174 168
174 399
174 429
174 566
174 580
174 594
175 14
175 30
175 43
175 113
175 193
175 210
175 380
175 431
175 463
175 518
175 712
175 789
175 795
175 810
175 926
176 15
176 360
176 674
176 920
176 974
176 996
177 82
177 316
177 477
177 520
177 555
178 9
178 312
178 367
178 372
178 399
178 567
178 584
178 605
178 736
178 919
179 34
179 107
179 171
179 210
179 255
179 416
179 511
179 707
179 802
179 881
179 884
179 892
179 896
180 30
180 378
180 565
180 585
180 658
180 984
181 57
181 97
181 99
181 144
181 259
181 270
181 413
181 441
181 485
181 689
181 790
182 126
182 163
182 205
182 240
182 331
182 392
182 454
182 527
183 52
183 205
183 406
183 561
183 592
183 755
183 778
183 845
183 850
184 140
184 226
184 343
184 350
184 362
184 370
184 379
184 486
184 685
184 813
184 947
185 219
185 293
185 675
185 686
185 779
185 792
185 933
185 940
186 88
186 457
186 571
186 682
186 744
186 746
186 868
186 933
187 128
187 300
187 595
187 628
187 662
187 803
188 23
188 152
188 154
188 336
188 347
188 413
188 477
188 557
188 619
188 978
189 16
189 213
189 534
189 551
189 599
189 624
189 705
189 768
189 817
189 821
189 859
189 913
190 101
190 134
190 269
190 419
190 482
190 514
190 522
190 542
190 612
190 653
190 669
190 718
190 723
190 784
190 836
191 319
191 671
191 886
191 922
191 932
191 974
191 986
192 108
192 201
192 254
192 272
192 423
192 573
192 710
192 972
193 53
193 63
193 65
193 175
193 198
193 281
193 431
193 723
193 793
193 835
193 911
194 15
194 102
194 353
194 485
194 491
194 503
194 554
194 569
194 596
194 673
194 888
194 929
194 997
195 57
195 73
195 320
195 389
195 564
195 594
195 715
195 800
195 891
196 19
196 34
196 56
196 77
196 85
196 136
196 315
196 359
196 431
196 717
196 718
196 742
196 798
196 812
196 943
197 286
197 334
197 395
197 434
197 529
197 725
197 773
197 848
197 918
198 13
198 48
198 108
198 193
198 206
198 325
198 436
198 531
198 610
198 695
198 696
198 768
198 855
199 346
199 702
199 890
199 926
200 634
200 887
200 906
200 949
201 192
201 218
201 281
201 287
201 573
201 595
201 602
201 715
201 809
201 897
202 31
202 37
202 54
202 106
202 128
202 129
202 168
202 243
202 296
202 305
202 317
202 441
202 528
202 568
202 590
202 643
202 654
202 679
202 842
202 857
202 924
203 50
203 67
203 75
203 286
203 407
203 433
203 462
203 561
203 682
203 763
203 817
203 834
204 9
204 94
204 113
204 518
204 574
204 581
204 584
204 664
204 677
204 822
205 182
205 183
205 288
205 516
205 616
205 684
205 877
205 922
206 23
206 95
206 198
206 233
206 303
206 336
206 499
206 638
206 662
206 797
206 900
206 926
206 983
207 1
207 28
207 144
207 154
207 224
207 276
207 349
207 357
207 455
207 561
207 598
207 650
207 817
207 905
207 918
208 161
208 221
208 434
208 453
208 862
208 864
208 942
209 102
209 539
209 541
209 574
209 618
209 970
210 26
210 98
210 117
210 175
210 179
210 246
210 327
210 448
210 630
210 991
210 999
211 249
211 794
211 815
211 856
211 944
212 95
212 286
212 448
212 482
212 695
212 702
212 874
212 953
212 989
213 189
213 255
213 273
213 336
213 718
213 737
213 835
213 931
214 98
214 291
214 535
214 551
214 572
214 667
214 687
214 799
214 876
214 877
215 2
215 58
215 314
215 363
215 539
215 547
215 624
215 657
215 662
215 733
215 757
215 784
215 812
215 858
216 264
216 321
216 403
216 465
216 619
216 784
217 130
217 135
217 237
217 382
217 395
217 440
217 502
217 626
217 766
217 769
217 857
217 949
218 38
218 75
218 88
218 201
218 268
218 451
218 549
218 683
218 748
218 857
218 896
219 34
219 57
219 58
219 147
219 185
219 413
219 438
219 504
219 680
219 901
220 36
220 170
220 304
220 357
220 478
220 538
220 564
220 614
220 637
220 767
221 43
221 85
221 91
221 108
221 208
221 274
221 495
221 501
221 513
221 597
221 677
221 777
221 936
221 958
222 302
222 458
222 500
222 526
222 723
222 864
222 897
222 899
222 909
222 922
222 945
223 87
223 135
223 153
223 315
223 492
223 697
223 777
224 101
224 207
224 398
224 479
224 504
224 562
224 903
224 912
224 959
225 18
225 283
225 622
225 671
225 818
225 825
225 828
226 101
226 115
226 184
226 279
226 312
226 319
226 373
226 502
226 770
226 798
226 971
227 65
227 67
227 538
227 576
227 670
227 909
228 46
228 125
228 144
228 303
228 335
228 373
228 627
228 642
228 691
228 763
228 948
229 91
229 144
229 272
229 381
229 632
229 873
229 884
229 972
230 92
230 106
230 111
230 149
230 823
231 63
231 70
231 152
231 370
231 608
231 626
231 771
231 780
231 866
231 890
232 48
232 82
232 122
232 283
232 321
232 463
232 644
232 890
233 206
233 597
233 656
233 701
233 750
233 964
233 971
234 132
234 331
234 732
234 937
235 280
235 376
235 386
235 491
235 689
235 705
235 937
235 949
236 141
236 428
236 505
236 566
236 567
236 646
236 664
236 665
236 722
237 108
237 109
237 217
237 473
237 554
237 833
237 900
237 933
237 994
238 277
238 298
238 308
238 476
238 629
238 955
239 0
239 36
239 144
239 151
239 454
239 612
239 674
239 677
239 790
239 856
239 900
239 917
239 988
240 115
240 126
240 182
240 332
240 366
240 368
240 452
240 482
240 618
240 745
240 947
241 128
241 336
241 461
241 469
241 532
241 603
241 618
241 728
241 740
241 822
241 892
242 22
242 26
242 468
242 490
242 498
242 630
242 659
242 704
242 720
242 981
243 86
243 110
243 115
243 172
243 202
243 250
243 349
243 351
243 485
243 538
243 554
243 713
243 893
244 45
244 48
244 249
244 265
244 299
244 342
244 510
244 536
244 551
244 561
244 767
244 784
244 992
245 287
245 302
245 351
245 363
245 640
245 663
245 754
245 997
246 5
246 57
246 210
246 345
246 350
246 394
246 517
246 554
246 555
246 568
246 710
246 723
246 763
246 766
247 38
247 54
247 81
247 128
247 434
247 446
247 497
247 791
247 854
247 926
247 978
247 983
248 35
248 71
248 73
248 146
248 152
248 286
248 364
248 711
248 728
248 783
248 864
249 65
249 140
249 211
249 244
249 304
249 601
249 643
249 821
249 911
250 45
250 48
250 127
250 243
250 303
250 324
250 334
250 444
250 525
250 735
250 745
250 961
250 974
251 165
251 386
251 415
251 991
252 320
252 322
252 506
252 609
252 684
252 729
252 736
252 975
252 999
253 6
253 79
253 100
253 365
253 415
253 584
253 789
253 915
254 112
254 162
254 192
254 312
254 330
254 348
254 456
254 636
254 743
254 892
254 937
254 955
255 179
255 213
255 344
255 347
255 357
255 444
255 556
255 643
255 797
255 836
255 849
255 946
256 1
256 27
256 39
256 84
256 156
256 278
256 327
256 422
256 538
256 694
256 707
256 769
256 810
257 104
257 294
257 361
257 556
257 594
257 608
257 694
257 930
258 101
258 286
258 332
258 360
258 364
258 437
258 560
258 569
258 616
258 640
258 671
258 788
258 818
259 181
259 461
259 661
259 805
259 970
260 108
260 269
260 346
260 418
260 506
260 531
260 601
260 879
260 916
261 122
261 323
261 383
261 525
261 530
261 899
261 919
261 942
261 977
262 23
262 143
262 423
262 480
262 553
262 610
262 647
262 804
262 836
262 838
262 884
262 915
262 966
263 113
263 331
263 595
263 614
263 680
263 851
263 885
264 142
264 216
264 493
264 521
264 629
264 780
264 812
264 937
264 939
265 87
265 122
265 136
265 244
265 295
265 449
265 499
265 633
265 706
265 856
265 924
265 996
266 110
266 113
266 173
266 366
266 656
266 679
266 683
266 684
266 705
266 812
266 987
267 49
267 115
267 158
267 312
267 403
267 553
267 919
268 26
268 73
268 171
268 218
268 377
268 460
268 517
268 575
268 892
268 906
268 955
268 994
269 116
269 121
269 190
269 260
269 497
269 524
269 555
269 568
269 619
269 714
269 801
270 7
270 181
270 383
270 447
270 967
271 12
271 152
271 710
272 68
272 84
272 192
272 229
272 287
272 301
272 307
272 374
272 429
272 459
272 685
272 952
273 114
273 155
273 168
273 213
273 280
273 398
273 450
273 486
273 515
273 554
273 566
273 652
273 684
273 787
273 788
273 820
273 922
273 926
273 947
273 953
273 954
274 38
274 88
274 221
274 343
274 805
274 865
275 121
275 277
275 442
275 464
275 505
275 570
275 610
275 612
275 625
275 727
275 928
276 39
276 106
276 207
276 368
276 422
276 513
276 565
276 576
276 618
277 54
277 157
277 238
277 275
277 285
277 372
277 406
277 705
277 719
277 834
277 841
277 883
278 78
278 121
278 256
278 611
278 634
278 647
278 775
278 966
278 996
279 123
279 164
279 226
279 334
279 390
279 744
279 840
279 953
280 53
280 122
280 235
280 273
280 391
280 405
280 523
280 556
280 796
280 912
281 10
281 26
281 38
281 193
281 201
281 297
281 414
281 441
281 469
281 492
281 788
281 840
281 981
282 90
282 305
282 392
282 413
282 592
282 650
282 665
282 696
282 822
282 843
282 879
282 991
283 110
283 225
283 232
283 326
283 362
283 365
283 440
283 563
283 660
283 688
283 729
283 810
283 986
284 464
284 519
284 585
284 697
284 704
284 763
284 961
285 90
285 173
285 277
285 326
285 545
286 44
286 90
286 135
286 197
286 203
286 212
286 248
286 258
286 687
286 732
286 774
286 792
287 63
287 164
287 201
287 245
287 272
287 653
287 804
287 827
288 57
288 77
288 172
288 205
288 315
288 324
288 348
288 421
288 793
288 861
288 958
288 965
289 15
289 30
289 121
289 337
289 383
289 406
289 413
289 481
289 515
289 759
289 812
289 865
290 68
290 147
290 300
290 413
290 448
290 632
290 692
290 816
290 893
290 904
290 952
291 5
291 214
291 334
291 479
291 527
291 726
291 762
291 838
291 841
291 926
291 949
291 959
292 95
292 141
292 397
292 446
292 559
292 857
292 863
292 878
292 907
292 966
293 41
293 172
293 185
293 388
293 443
293 458
293 657
293 720
293 751
293 840
293 891
293 894
293 902
293 978
293 981
294 80
294 89
294 257
294 308
294 328
294 524
294 558
294 559
294 771
294 772
294 821
294 888
294 955
294 969
295 63
295 135
295 265
295 318
295 386
295 615
295 650
295 735
295 744
295 825
295 987
296 114
296 127
296 202
296 473
296 541
297 21
297 94
297 127
297 133
297 281
297 337
297 386
297 392
297 406
297 408
297 464
297 549
297 662
297 726
297 741
297 846
297 862
297 892
297 975
298 91
298 101
298 141
298 238
298 339
298 380
298 520
298 539
298 581
298 686
298 770
298 864
299 59
299 244
299 314
299 341
299 400
299 461
299 464
299 511
299 610
299 780
299 973
299 995
300 56
300 110
300 172
300 187
300 290
300 429
300 620
300 652
300 700
300 736
300 822
300 825
300 831
300 855
300 863
300 949
301 98
301 103
301 121
301 272
301 426
301 642
301 792
301 907
302 25
302 222
302 245
302 356
302 406
302 460
302 821
302 894
303 82
303 206
303 228
303 250
303 469
303 513
303 603
303 619
303 634
303 665
303 728
303 746
303 764
303 780
303 790
303 853
303 888
303 891
303 904
304 172
304 220
304 249
304 514
304 552
304 603
304 709
304 776
304 845
305 26
305 116
305 202
305 282
305 428
305 637
305 653
305 692
305 735
305 748
305 750
306 50
306 433
306 472
306 629
306 677
306 754
306 758
306 838
306 876
306 979
307 117
307 272
307 572
307 834
307 847
308 45
308 72
308 132
308 238
308 294
308 327
308 336
308 483
308 495
308 500
308 640
308 768
308 816
308 854
308 855
308 994
309 12
309 18
309 47
309 334
309 467
309 493
309 567
309 575
309 600
309 622
309 864
309 927
309 938
309 965
310 0
310 15
310 54
310 92
310 117
310 366
310 571
310 724
310 767
310 892
310 989
311 31
311 156
311 385
311 392
311 578
311 928
311 933
312 83
312 178
312 226
312 254
312 267
312 415
312 458
312 840
313 341
313 419
313 498
313 562
313 614
313 652
313 665
313 718
313 976
314 114
314 171
314 215
314 299
314 316
314 377
314 464
314 708
314 720
314 753
314 783
314 937
314 982
315 18
315 196
315 223
315 288
315 438
315 530
315 675
315 828
315 930
315 971
316 177
316 314
316 362
316 474
316 611
316 770
316 984
317 36
317 102
317 109
317 202
317 344
317 465
317 572
317 605
317 951
318 18
318 77
318 295
318 433
318 552
318 559
318 738
319 144
319 191
319 226
319 321
319 334
319 394
319 460
319 486
319 510
319 597
319 771
319 782
319 826
319 870
319 993
320 18
320 128
320 195
320 252
320 390
320 440
320 611
320 785
320 858
320 889
321 23
321 48
321 153
321 157
321 216
321 232
321 319
321 445
321 459
321 605
321 665
321 740
321 851
321 993
322 126
322 252
322 415
322 465
322 525
322 764
323 15
323 124
323 261
323 344
323 603
323 918
324 67
324 250
324 288
324 376
324 403
324 603
324 660
324 672
324 698
325 198
325 331
325 391
325 406
325 528
325 596
325 632
325 691
325 917
325 921
325 994
326 45
326 88
326 91
326 121
326 283
326 285
326 454
326 664
326 788
326 825
326 846
327 6
327 78
327 210
327 256
327 308
327 329
327 411
327 422
327 564
327 881
327 903
328 25
328 63
328 70
328 294
328 349
328 510
328 600
328 745
328 974
329 65
329 327
329 417
329 438
329 450
329 468
329 560
329 654
329 918
329 956
330 48
330 123
330 254
330 370
330 523
330 628
330 650
330 778
330 801
330 810
330 845
330 940
331 68
331 73
331 182
331 234
331 263
331 325
331 336
331 365
331 644
331 767
332 240
332 258
332 359
332 375
332 539
332 739
332 741
332 751
332 753
332 839
332 855
332 875
332 985
333 34
333 161
333 632
333 736
333 891
333 933
334 32
334 120
334 197
334 250
334 279
334 291
334 309
334 319
334 399
334 456
334 537
334 589
334 624
334 626
334 812
334 849
334 936
334 956
335 13
335 32
335 228
335 520
335 542
335 578
335 608
335 966
336 64
336 90
336 164
336 188
336 206
336 213
336 241
336 308
336 331
336 439
336 498
336 523
336 533
336 561
336 689
336 838
336 971
337 14
337 81
337 289
337 297
337 382
337 483
337 631
337 715
338 72
338 527
338 531
338 538
338 713
338 803
338 812
339 7
339 78
339 98
339 298
339 362
339 422
339 550
339 656
339 726
339 968
340 140
340 428
340 624
340 753
340 764
340 765
340 793
340 829
340 933
341 23
341 49
341 299
341 313
341 376
341 479
341 562
341 637
341 744
341 754
341 785
341 918
342 157
342 244
342 458
342 547
342 557
342 690
342 738
342 891
342 988
343 11
343 184
343 274
343 454
343 640
343 663
343 912
343 952
343 993
344 1
344 8
344 34
344 94
344 255
344 317
344 323
344 403
344 417
344 974
344 990
345 96
345 246
345 392
345 579
345 589
345 603
345 758
345 828
345 910
345 976
346 108
346 140
346 159
346 199
346 260
346 483
346 566
346 754
346 957
347 129
347 188
347 255
347 629
347 675
347 773
347 873
347 890
347 914
347 934
348 57
348 111
348 254
348 288
348 452
348 572
348 601
348 759
348 811
349 58
349 65
349 112
349 145
349 207
349 243
349 328
349 409
349 483
349 513
349 611
349 991
350 184
350 246
350 363
350 474
350 887
350 948
350 979
351 28
351 109
351 139
351 243
351 245
351 448
351 467
351 487
351 523
351 528
351 530
351 540
351 567
351 569
351 652
351 841
351 932
352 64
352 366
352 877
353 12
353 58
353 194
353 427
353 455
353 647
353 657
353 717
353 722
353 730
354 366
354 383
354 448
354 539
354 589
354 617
354 675
354 746
354 897
355 66
355 141
355 393
355 594
355 676
355 727
355 820
355 983
356 40
356 92
356 302
356 495
356 630
356 696
356 715
356 984
357 207
357 220
357 255
357 602
357 618
357 894
357 917
357 975
357 993
358 46
358 140
358 572
358 574
358 696
358 827
359 1
359 19
359 24
359 86
359 92
359 196
359 332
359 394
359 517
359 563
359 584
359 742
359 922
359 994
360 9
360 176
360 258
360 397
360 416
360 526
360 682
361 5
361 257
361 399
361 507
361 613
361 623
361 730
361 735
361 789
361 811
361 988
362 43
362 161
362 184
362 283
362 316
362 339
362 368
362 497
362 561
362 604
362 856
362 868
362 990
363 23
363 37
363 215
363 245
363 350
363 401
363 437
363 476
363 502
363 756
363 918
364 11
364 248
364 258
364 435
364 494
364 539
364 701
364 741
364 756
364 774
364 806
364 838
364 912
365 39
365 90
365 139
365 149
365 253
365 283
365 331
365 478
365 495
365 500
365 553
365 594
365 732
365 774
365 794
366 24
366 35
366 83
366 172
366 240
366 266
366 310
366 352
366 354
366 727
366 728
366 771
366 814
366 837
366 858
366 873
366 949
366 994
367 178
367 376
367 712
367 782
367 878
367 893
368 240
368 276
368 362
368 464
368 503
368 663
368 690
368 707
368 711
368 735
368 775
368 815
368 887
369 397
369 483
369 503
369 540
369 541
369 634
369 848
369 987
369 998
370 90
370 184
370 231
370 330
370 434
370 500
370 608
370 609
370 611
370 744
370 784
370 802
371 61
371 80
371 106
371 467
371 470
371 632
371 800
371 928
372 22
372 28
372 29
372 71
372 89
372 127
372 161
372 165
372 178
372 277
372 386
372 389
372 501
372 510
372 670
372 689
372 693
372 758
372 970
372 991
372 993
373 79
373 129
373 145
373 226
373 228
373 378
373 433
373 476
373 955
374 110
374 170
374 272
374 411
374 538
374 721
375 115
375 332
375 567
375 593
375 832
375 845
375 886
375 977
375 983
376 123
376 125
376 133
376 235
376 324
376 341
376 367
376 579
376 628
376 922
376 941
377 30
377 268
377 314
377 409
377 446
377 451
377 496
377 517
377 605
377 611
377 679
377 710
377 829
377 926
378 180
378 373
378 390
378 432
378 658
378 668
378 698
378 751
378 765
378 846
378 915
378 932
379 184
379 648
379 734
380 175
380 298
380 401
380 406
380 896
380 998
381 7
381 24
381 229
381 517
381 791
381 893
381 952
382 107
382 119
382 217
382 337
382 601
382 620
383 82
383 261
383 270
383 289
383 354
383 734
383 855
383 864
383 944
383 971
384 59
384 111
384 114
384 392
384 398
384 455
384 517
384 707
384 722
384 768
384 839
384 868
385 110
385 311
385 511
385 626
385 708
385 879
386 83
386 235
386 251
386 295
386 297
386 372
386 590
386 682
386 798
386 801
386 814
386 986
387 18
387 24
387 68
387 801
388 27
388 74
388 293
388 393
388 455
388 594
388 607
388 634
388 649
388 668
388 727
388 729
388 757
388 817
389 31
389 195
389 372
389 528
389 674
389 678
389 679
389 801
389 824
389 924
390 95
390 136
390 279
390 320
390 378
390 427
390 589
390 661
390 722
390 742
390 768
390 819
391 59
391 65
391 87
391 170
391 280
391 325
391 456
391 477
391 519
391 786
391 854
392 182
392 282
392 297
392 311
392 345
392 384
392 412
392 590
392 616
392 753
392 817
392 956
393 63
393 110
393 355
393 388
393 494
393 550
393 614
393 692
393 771
393 860
393 945
393 997
394 97
394 162
394 246
394 319
394 359
394 427
394 475
394 525
394 660
394 714
394 730
394 837
394 866
394 891
394 993
395 63
395 135
395 197
395 217
395 591
395 613
395 670
395 838
395 903
395 944
396 623
396 777
396 785
396 853
397 36
397 292
397 360
397 369
397 798
397 813
398 41
398 224
398 273
398 384
398 429
398 479
398 542
398 631
398 802
398 885
398 892
398 963
399 58
399 76
399 162
399 174
399 178
399 334
399 361
399 402
399 665
399 764
399 786
399 957
400 33
400 115
400 299
400 403
400 460
400 816
400 819
400 887
401 136
401 363
401 380
401 419
401 548
401 588
401 635
401 949
402 39
402 45
402 399
402 461
402 482
402 509
402 548
402 582
402 648
402 833
402 843
402 904
402 959
403 2
403 41
403 216
403 267
403 324
403 344
403 400
403 507
403 566
403 580
403 860
403 879
404 79
404 436
404 458
404 528
404 744
404 758
404 880
405 57
405 98
405 280
405 576
405 753
405 818
406 183
406 277
406 289
406 297
406 302
406 325
406 380
406 430
406 512
406 561
406 594
406 615
406 629
406 767
406 779
407 116
407 121
407 203
407 578
407 592
407 603
407 616
407 617
407 729
407 760
408 103
408 131
408 150
408 297
408 430
408 437
408 451
408 519
408 701
408 705
408 814
408 858
409 25
409 140
409 349
409 377
409 488
409 500
409 667
409 735
410 154
410 482
410 530
410 639
410 669
410 835
410 941
411 34
411 327
411 374
411 561
411 584
411 779
411 942
412 27
412 34
412 54
412 116
412 392
412 434
412 739
413 46
413 102
413 139
413 161
413 170
413 181
413 188
413 219
413 282
413 289
413 290
413 627
413 666
413 743
414 57
414 281
414 516
414 528
414 529
414 540
414 655
414 731
414 774
415 72
415 89
415 251
415 253
415 312
415 322
415 898
415 934
415 963
415 967
416 24
416 179
416 360
416 488
416 526
416 559
416 649
416 854
416 889
416 986
417 73
417 329
417 344
417 445
417 490
417 579
417 619
417 745
417 803
417 862
417 920
418 36
418 101
418 127
418 132
418 260
418 475
418 498
418 583
418 768
418 784
418 830
418 869
418 880
419 84
419 162
419 190
419 313
419 401
419 501
419 588
419 611
419 745
419 881
419 958
419 965
419 984
420 135
420 136
420 490
420 631
420 665
420 680
420 911
420 941
421 62
421 127
421 138
421 288
421 498
421 781
421 832
421 987
422 32
422 41
422 122
422 136
422 256
422 276
422 327
422 339
422 437
422 468
422 516
422 669
422 759
422 761
422 836
422 890
422 899
422 906
422 990
423 53
423 192
423 262
423 491
423 617
423 978
423 983
424 437
424 635
424 646
424 696
424 794
424 871
424 945
425 440
425 469
425 634
425 727
425 870
425 873
426 301
426 478
426 514
426 517
426 761
426 840
426 864
427 82
427 121
427 137
427 145
427 353
427 390
427 394
427 537
427 616
427 705
427 761
427 801
427 991
428 65
428 166
428 236
428 305
428 340
428 631
428 680
429 92
429 168
429 174
429 272
429 300
429 398
429 433
429 461
429 584
429 691
429 731
429 836
429 881
429 882
430 38
430 406
430 408
430 560
430 678
430 754
430 778
430 961
431 175
431 193
431 196
431 556
431 605
431 627
431 688
431 938
431 977
432 61
432 116
432 378
432 494
432 573
432 576
432 721
432 757
432 761
432 916
432 944
433 34
433 95
433 110
433 123
433 145
433 203
433 306
433 318
433 373
433 429
433 598
433 735
433 834
433 903
433 916
434 154
434 197
434 208
434 247
434 370
434 412
434 686
434 717
434 921
435 14
435 364
435 549
435 900
435 934
436 112
436 137
436 198
436 404
436 765
436 831
436 889
436 933
437 26
437 258
437 363
437 408
437 422
437 424
437 645
437 750
437 812
437 825
437 833
437 860
438 112
438 219
438 315
438 329
438 451
438 636
438 691
439 336
439 486
439 511
439 578
439 590
439 616
439 646
439 738
439 747
439 781
439 923
439 961
439 977
440 1
440 108
440 110
440 125
440 157
440 217
440 283
440 320
440 425
440 467
440 548
440 576
440 608
440 670
440 751
440 785
440 805
440 853
440 953
440 957
441 98
441 143
441 181
441 202
441 281
441 547
441 726
441 759
441 871
441 939
442 96
442 275
442 598
442 718
442 807
442 946
442 998
443 293
443 578
443 680
443 782
443 941
444 113
444 250
444 255
444 533
444 707
444 770
444 809
444 875
444 898
445 11
445 71
445 321
445 417
445 532
445 724
445 783
445 907
446 42
446 95
446 247
446 292
446 377
446 458
446 700
446 743
446 957
447 29
447 270
447 829
447 888
447 997
448 84
448 152
448 210
448 212
448 290
448 351
448 354
448 466
448 530
448 565
448 616
448 791
448 822
448 830
449 98
449 265
449 475
449 503
449 624
449 784
449 809
449 962
450 143
450 166
450 273
450 329
450 594
450 637
450 883
450 981
451 92
451 218
451 377
451 408
451 438
451 458
451 663
451 761
451 943
451 969
452 111
452 240
452 348
452 649
452 684
452 771
452 782
452 935
453 208
453 468
453 704
453 963
454 81
454 140
454 155
454 182
454 239
454 326
454 343
454 462
454 572
454 573
454 620
454 797
454 814
455 207
455 353
455 384
455 388
455 463
455 496
455 523
455 527
455 717
455 836
456 10
456 28
456 126
456 254
456 334
456 391
456 485
456 513
456 604
456 615
456 754
456 808
456 818
456 915
456 960
457 92
457 147
457 186
457 512
457 713
457 732
457 957
458 8
458 146
458 222
458 293
458 312
458 342
458 404
458 446
458 451
458 594
458 603
459 123
459 142
459 272
459 321
459 557
459 665
459 735
459 848
459 912
460 17
460 268
460 302
460 319
460 400
460 499
460 506
460 848
461 112
461 241
461 259
461 299
461 402
461 429
461 639
461 945
462 71
462 72
462 110
462 125
462 203
462 454
462 763
462 785
462 898
462 938
463 175
463 232
463 455
463 521
463 540
463 558
463 589
463 609
463 707
463 762
464 103
464 130
464 275
464 284
464 297
464 299
464 314
464 368
464 480
464 696
464 923
465 71
465 111
465 216
465 317
465 322
465 579
465 801
465 816
465 861
465 884
465 935
466 70
466 102
466 112
466 448
466 525
466 570
466 616
466 685
466 788
466 825
466 860
466 867
466 908
466 960
467 12
467 94
467 309
467 351
467 371
467 440
467 785
467 836
467 926
468 145
468 242
468 329
468 422
468 453
468 490
468 601
468 652
468 749
468 995
469 172
469 241
469 281
469 303
469 425
469 619
469 620
469 794
469 928
469 940
470 19
470 95
470 101
470 171
470 371
470 548
470 579
470 585
471 2
471 25
471 118
471 519
471 883
471 947
472 133
472 306
472 633
472 692
472 781
472 869
472 875
473 60
473 85
473 149
473 154
473 237
473 296
473 521
473 524
473 744
473 814
474 74
474 119
474 142
474 149
474 316
474 350
474 485
474 615
474 639
474 831
474 842
474 853
474 952
475 133
475 166
475 394
475 418
475 449
475 628
475 639
475 688
475 729
475 760
475 993
476 37
476 95
476 102
476 238
476 363
476 373
476 609
476 898
477 61
477 177
477 188
477 391
477 571
477 594
477 611
477 631
477 708
478 62
478 73
478 114
478 220
478 365
478 426
478 517
478 607
478 728
478 856
479 14
479 20
479 224
479 291
479 341
479 398
479 644
479 869
480 37
480 262
480 464
480 509
480 616
480 720
480 979
481 3
481 289
481 583
481 715
481 846
481 932
482 8
482 14
482 103
482 190
482 212
482 240
482 402
482 410
482 535
482 603
482 787
482 817
482 823
482 887
482 918
482 929
482 973
483 139
483 308
483 337
483 346
483 349
483 369
483 504
483 596
483 610
483 737
483 827
483 890
484 136
484 147
484 519
484 526
484 576
484 627
484 668
484 824
485 22
485 64
485 173
485 181
485 194
485 243
485 456
485 474
485 525
485 532
485 659
485 785
485 793
485 849
485 889
485 934
486 63
486 169
486 184
486 273
486 319
486 439
487 107
487 163
487 351
487 498
487 551
487 646
487 736
487 750
488 13
488 132
488 144
488 409
488 416
488 527
488 535
488 546
488 576
488 654
488 705
488 974
489 6
489 108
489 516
489 707
489 769
490 47
490 242
490 417
490 420
490 468
490 550
490 554
490 615
490 656
490 661
490 713
490 737
490 768
490 851
491 146
491 194
491 235
491 423
491 839
491 850
492 105
492 223
492 281
492 626
492 639
492 786
493 4
493 104
493 118
493 137
493 264
493 309
493 559
493 578
493 656
493 883
493 899
494 364
494 393
494 432
494 611
494 642
494 656
494 715
494 757
494 986
495 127
495 221
495 308
495 356
495 365
495 589
495 716
495 793
495 804
495 819
495 911
495 961
496 149
496 377
496 455
496 511
496 566
496 630
496 700
496 703
496 801
496 820
497 58
497 247
497 269
497 362
497 617
497 794
497 951
497 988
498 141
498 242
498 313
498 336
498 418
498 421
498 487
498 595
498 702
498 713
498 922
499 206
499 265
499 460
499 641
499 839
499 883
499 988
500 163
500 222
500 308
500 365
500 370
500 409
500 588
500 645
500 690
500 930
500 964
501 221
501 372
501 419
501 767
502 82
502 127
502 217
502 226
502 363
502 576
502 717
502 820
502 962
502 976
503 26
503 59
503 78
503 154
503 194
503 368
503 369
503 449
503 518
503 617
503 640
503 735
503 866
503 924
503 943
504 77
504 99
504 164
504 219
504 224
504 483
504 676
504 796
504 798
504 803
505 73
505 236
505 275
505 506
505 592
506 58
506 66
506 252
506 260
506 460
506 505
506 721
506 778
507 79
507 168
507 361
507 403
507 672
507 727
507 905
507 930
507 942
508 120
508 121
508 566
508 648
508 719
509 68
509 98
509 402
509 480
509 571
509 886
509 949
509 983
510 6
510 126
510 244
510 319
510 328
510 372
510 554
510 572
510 691
510 794
511 82
511 179
511 299
511 385
511 439
511 496
511 641
512 406
512 457
512 581
512 625
512 637
512 687
512 865
512 960
513 155
513 221
513 276
513 303
513 349
513 456
513 754
513 867
513 922
514 5
514 190
514 304
514 426
514 606
514 657
514 677
514 698
514 730
514 740
514 772
514 948
515 44
515 45
515 273
515 289
515 527
515 555
515 601
515 632
515 641
515 656
515 673
515 777
515 852
515 896
515 982
516 13
516 159
516 205
516 414
516 422
516 489
516 609
516 814
516 851
517 246
517 268
517 359
517 377
517 381
517 384
517 426
517 478
517 596
517 700
517 806
517 892
517 899
518 24
518 117
518 175
518 204
518 503
518 661
519 2
519 90
519 125
519 132
519 150
519 284
519 391
519 408
519 471
519 484
519 563
519 599
519 707
519 926
520 155
520 177
520 298
520 335
520 745
520 807
520 810
520 984
521 7
521 29
521 90
521 91
521 264
521 463
521 473
521 548
521 826
521 853
521 910
521 931
522 52
522 101
522 190
522 572
522 618
522 641
522 772
522 788
522 993
523 106
523 280
523 330
523 336
523 351
523 455
523 638
523 669
523 673
523 721
523 767
523 787
523 792
523 910
523 999
524 9
524 64
524 269
524 294
524 473
524 532
524 644
525 31
525 250
525 261
525 322
525 394
525 466
525 485
525 815
526 112
526 222
526 360
526 416
526 484
526 803
526 859
526 885
526 928
526 949
527 182
527 291
527 338
527 455
527 488
527 515
527 569
527 615
527 666
527 749
527 838
527 902
528 202
528 325
528 351
528 389
528 404
528 414
528 537
528 546
528 639
528 697
528 764
528 766
528 802
528 809
528 856
529 197
529 414
529 610
529 640
529 717
529 739
529 776
529 897
530 29
530 79
530 108
530 172
530 261
530 315
530 351
530 410
530 448
530 626
530 766
530 936
531 98
531 159
531 198
531 260
531 338
531 673
531 678
531 805
531 953
531 966
531 986
532 74
532 241
532 445
532 485
532 524
532 584
532 795
533 44
533 64
533 106
533 336
533 444
533 588
533 874
533 931
534 189
534 563
534 629
534 691
534 692
534 834
534 854
534 901
535 214
535 482
535 488
535 717
535 791
535 792
535 839
535 870
536 42
536 63
536 80
536 136
536 166
536 244
536 744
536 802
536 870
536 908
536 918
537 144
537 334
537 427
537 528
537 630
537 678
537 771
537 918
538 74
538 154
538 220
538 227
538 243
538 256
538 338
538 374
538 712
538 774
538 812
539 16
539 19
539 56
539 138
539 209
539 215
539 298
539 332
539 354
539 364
539 719
539 962
539 989
540 44
540 351
540 369
540 414
540 463
540 552
540 586
540 838
541 209
541 296
541 369
542 162
542 190
542 335
542 398
542 549
542 719
542 935
543 87
543 782
543 803
543 851
543 858
543 893
543 924
544 29
544 122
544 748
544 758
545 94
545 159
545 285
545 646
545 784
545 833
545 919
546 488
546 528
546 570
546 611
546 631
546 899
546 976
547 215
547 342
547 441
547 867
547 893
548 7
548 72
548 401
548 402
548 440
548 470
548 521
548 700
548 770
548 913
548 994
549 5
549 8
549 93
549 218
549 297
549 435
549 542
549 600
549 704
549 875
549 885
550 13
550 82
550 104
550 146
550 339
550 393
550 490
550 898
551 103
551 189
551 214
551 244
551 487
551 662
551 668
551 697
551 816
552 304
552 318
552 540
552 653
552 655
552 765
552 875
553 23
553 109
553 138
553 262
553 267
553 365
553 759
553 773
553 888
553 973
554 34
554 46
554 194
554 237
554 243
554 246
554 273
554 490
554 510
554 661
554 741
554 753
554 799
554 957
555 49
555 131
555 177
555 246
555 269
555 515
555 591
555 745
555 785
555 874
555 899
555 960
555 967
556 150
556 255
556 257
556 280
556 431
556 608
556 626
556 673
556 785
556 800
556 989
556 997
557 41
557 188
557 342
557 459
557 672
557 752
557 824
557 887
557 928
557 952
557 955
558 169
558 294
558 463
558 586
558 681
558 855
558 857
558 924
558 961
558 976
559 116
559 159
559 292
559 294
559 318
559 416
559 493
559 687
559 693
559 730
559 779
560 258
560 329
560 430
560 561
560 564
560 581
560 642
560 680
560 735
561 34
561 146
561 183
561 203
561 207
561 244
561 336
561 362
561 406
561 411
561 560
561 689
561 897
561 913
561 957
561 973
562 48
562 98
562 224
562 313
562 341
562 615
562 634
562 643
562 747
562 877
562 902
562 992
563 108
563 283
563 359
563 519
563 534
564 22
564 39
564 45
564 58
564 195
564 220
564 327
564 560
564 703
564 891
564 969
565 173
565 180
565 276
565 448
565 791
565 887
566 121
566 174
566 236
566 273
566 346
566 403
566 496
566 508
566 743
566 747
566 880
567 8
567 53
567 96
567 155
567 178
567 236
567 309
567 351
567 375
567 740
567 965
568 77
568 107
568 109
568 202
568 246
568 269
568 644
568 647
568 713
568 719
568 738
568 740
568 770
568 876
568 883
569 194
569 258
569 351
569 527
569 597
569 714
569 724
569 825
569 937
569 978
570 8
570 167
570 275
570 466
570 546
570 939
571 79
571 186
571 310
571 477
571 509
571 848
572 29
572 214
572 307
572 317
572 348
572 358
572 454
572 510
572 522
572 675
572 790
572 975
573 65
573 192
573 201
573 432
573 454
573 597
573 952
574 204
574 209
574 358
574 586
575 268
575 309
575 618
575 712
575 785
575 883
575 980
576 227
576 276
576 405
576 432
576 440
576 484
576 488
576 502
576 808
576 959
577 3
577 11
577 104
577 674
577 748
577 804
577 815
578 311
578 335
578 407
578 439
578 443
578 493
578 626
578 703
578 865
579 8
579 22
579 101
579 147
579 151
579 345
579 376
579 417
579 465
579 470
579 720
579 733
579 823
579 840
579 949
580 45
580 174
580 403
580 629
580 705
580 808
580 822
580 827
580 910
580 975
581 76
581 135
581 204
581 298
581 512
581 560
581 672
582 60
582 402
582 583
582 777
582 787
582 939
583 43
583 51
583 71
583 158
583 165
583 418
583 481
583 582
583 738
583 939
583 946
583 973
583 978
584 45
584 76
584 123
584 178
584 204
584 253
584 359
584 411
584 429
584 532
584 639
584 732
584 823
584 995
585 90
585 135
585 180
585 284
585 470
585 668
585 845
585 883
585 959
586 27
586 28
586 540
586 558
586 574
586 659
586 879
586 918
586 969
587 68
587 593
587 645
587 778
587 838
587 951
587 988
588 97
588 401
588 419
588 500
588 533
588 610
588 612
588 717
588 898
588 899
588 935
588 985
589 63
589 170
589 334
589 345
589 354
589 390
589 463
589 495
589 622
589 702
589 856
589 924
590 51
590 166
590 202
590 386
590 392
590 439
590 638
590 859
590 872
590 934
590 986
591 105
591 108
591 152
591 395
591 555
591 876
591 953
592 14
592 183
592 282
592 407
592 505
592 667
592 840
592 978
592 992
593 19
593 67
593 375
593 587
593 755
593 793
593 823
593 957
593 962
594 44
594 174
594 195
594 257
594 355
594 365
594 388
594 406
594 450
594 458
594 477
594 633
594 657
594 682
594 760
594 781
594 856
594 955
595 64
595 187
595 201
595 263
595 498
595 634
595 765
595 767
595 953
596 14
596 194
596 325
596 483
596 517
596 652
596 768
597 3
597 17
597 50
597 98
597 167
597 221
597 233
597 319
597 569
597 573
597 605
597 622
597 742
597 834
597 959
598 117
598 124
598 207
598 433
598 442
598 632
598 830
598 876
598 912
598 987
599 26
599 189
599 519
600 7
600 54
600 95
600 109
600 128
600 169
600 309
600 328
600 549
601 141
601 249
601 260
601 348
601 382
601 468
601 515
601 648
601 726
601 925
601 963
602 22
602 67
602 85
602 113
602 169
602 201
602 357
602 843
602 852
602 855
602 930
602 983
603 241
603 303
603 304
603 323
603 324
603 345
603 407
603 458
603 482
603 860
604 94
604 98
604 362
604 456
604 614
604 778
604 989
605 36
605 63
605 178
605 317
605 321
605 377
605 431
605 597
605 775
605 942
606 154
606 158
606 514
606 702
606 752
607 71
607 115
607 159
607 388
607 478
607 631
607 684
607 871
608 53
608 82
608 231
608 257
608 335
608 370
608 440
608 556
608 670
608 982
609 81
609 135
609 141
609 150
609 252
609 370
609 463
609 476
609 516
609 742
609 812
609 858
609 962
609 972
610 198
610 262
610 275
610 299
610 483
610 529
610 588
610 712
610 741
610 846
610 964
611 278
611 316
611 320
611 349
611 370
611 377
611 419
611 477
611 494
611 546
611 702
611 733
611 754
611 760
611 972
611 993
612 111
612 133
612 170
612 190
612 239
612 275
612 588
612 652
612 897
613 111
613 122
613 152
613 361
613 395
614 51
614 93
614 220
614 263
614 313
614 393
614 604
614 722
614 775
614 847
614 895
614 902
615 295
615 406
615 456
615 474
615 490
615 527
615 562
615 671
615 795
615 966
615 986
616 86
616 113
616 205
616 258
616 392
616 407
616 427
616 439
616 448
616 466
616 480
616 825
616 850
616 894
617 90
617 354
617 407
617 423
617 497
617 503
617 635
617 659
617 827
617 882
618 22
618 76
618 78
618 209
618 240
618 241
618 276
618 357
618 522
618 575
618 739
618 915
619 11
619 188
619 216
619 269
619 303
619 417
619 469
619 756
619 853
620 300
620 382
620 454
620 469
620 622
620 646
620 770
621 38
621 916
621 944
621 952
622 36
622 46
622 92
622 225
622 309
622 589
622 597
622 620
622 638
622 691
622 911
622 977
622 994
623 55
623 100
623 361
623 396
623 627
623 754
623 815
623 898
624 27
624 189
624 215
624 334
624 340
624 449
624 627
624 629
624 714
624 814
624 816
625 62
625 114
625 153
625 275
625 512
625 641
625 719
625 743
625 822
625 877
625 894
625 908
625 923
625 962
626 31
626 88
626 217
626 231
626 334
626 385
626 492
626 530
626 556
626 578
626 713
626 882
626 944
626 984
627 115
627 228
627 413
627 431
627 484
627 623
627 624
627 677
627 690
627 751
627 869
627 951
627 953
627 966
628 187
628 330
628 376
628 475
628 657
628 944
628 987
629 238
629 264
629 306
629 347
629 406
629 534
629 580
629 624
629 691
629 809
629 897
629 931
629 941
630 97
630 104
630 210
630 242
630 356
630 496
630 537
630 635
630 643
630 654
630 803
630 899
631 5
631 66
631 141
631 337
631 398
631 420
631 428
631 477
631 546
631 607
631 799
631 916
631 919
632 9
632 164
632 229
632 290
632 325
632 333
632 371
632 515
632 598
632 688
632 788
632 840
632 964
633 265
633 472
633 594
633 655
633 704
633 755
633 920
634 200
634 278
634 303
634 369
634 388
634 425
634 562
634 595
634 678
634 775
634 913
635 401
635 424
635 617
635 630
635 807
635 815
635 891
636 122
636 254
636 438
636 661
636 948
637 220
637 305
637 341
637 450
637 512
637 652
637 833
637 945
637 965
637 967
637 992
638 71
638 148
638 206
638 523
638 590
638 622
638 687
638 703
638 758
638 772
638 815
638 890
638 989
638 990
639 41
639 410
639 461
639 474
639 475
639 492
639 528
639 584
639 790
639 850
639 987
640 139
640 245
640 258
640 308
640 343
640 503
640 529
640 730
640 844
640 887
641 58
641 499
641 511
641 515
641 522
641 625
641 834
641 872
641 897
642 46
642 228
642 301
642 494
642 560
642 660
642 666
643 112
643 202
643 249
643 255
643 562
643 630
644 17
644 61
644 153
644 155
644 232
644 331
644 479
644 524
644 568
644 683
644 773
644 840
644 889
645 12
645 437
645 500
645 587
645 679
645 723
645 724
645 810
645 811
645 942
645 975
646 121
646 236
646 424
646 439
646 487
646 545
646 620
646 648
646 654
646 680
646 880
646 926
647 27
647 113
647 262
647 278
647 353
647 568
647 665
647 760
647 919
647 922
648 21
648 112
648 379
648 402
648 508
648 601
648 646
649 126
649 388
649 416
649 452
649 680
649 831
649 948
650 21
650 146
650 207
650 282
650 295
650 330
650 695
650 791
650 815
650 824
650 864
651 76
651 145
651 730
651 736
652 3
652 42
652 167
652 273
652 300
652 313
652 351
652 468
652 596
652 612
652 637
652 657
652 785
653 190
653 287
653 305
653 552
653 806
653 809
654 202
654 329
654 488
654 630
654 646
654 687
654 754
654 932
655 29
655 57
655 414
655 552
655 633
655 662
655 751
655 792
655 834
656 1
656 233
656 266
656 339
656 490
656 493
656 494
656 515
656 839
656 858
656 937
657 215
657 293
657 353
657 514
657 594
657 628
657 652
657 696
657 759
657 835
657 914
658 12
658 45
658 156
658 161
658 180
658 378
658 792
658 879
658 958
658 991
659 47
659 242
659 485
659 586
659 617
659 759
659 824
659 849
659 867
659 934
659 944
659 996
660 1
660 110
660 131
660 173
660 283
660 324
660 394
660 642
660 720
660 762
660 763
661 33
661 36
661 129
661 259
661 390
661 490
661 518
661 554
661 636
661 763
661 767
661 925
661 976
662 118
662 137
662 187
662 206
662 215
662 297
662 551
662 655
662 839
662 840
663 79
663 245
663 343
663 368
663 451
663 690
663 970
664 89
664 204
664 236
664 326
664 753
664 813
664 820
664 845
664 935
664 977
665 26
665 133
665 138
665 236
665 282
665 303
665 313
665 321
665 399
665 420
665 459
665 647
665 776
665 889
665 933
666 413
666 527
666 642
666 714
666 867
666 937
667 145
667 214
667 409
667 592
667 755
667 787
667 858
667 922
667 932
667 964
668 120
668 158
668 378
668 388
668 484
668 551
668 585
668 714
668 897
668 986
669 152
669 190
669 410
669 422
669 523
669 750
669 776
669 865
669 959
670 20
670 91
670 227
670 372
670 395
670 440
670 608
670 793
670 825
670 912
671 164
671 165
671 191
671 225
671 258
671 615
671 769
672 324
672 507
672 557
672 581
672 769
672 807
672 809
672 824
672 850
672 962
672 975
672 996
673 24
673 113
673 120
673 194
673 515
673 523
673 531
673 556
673 806
673 866
673 869
674 176
674 239
674 389
674 577
674 786
674 886
675 8
675 57
675 185
675 315
675 347
675 354
675 572
675 795
676 34
676 355
676 504
676 896
676 983
677 104
677 110
677 204
677 221
677 239
677 306
677 514
677 627
677 783
677 899
677 997
678 75
678 86
678 94
678 389
678 430
678 531
678 537
678 634
678 700
678 704
678 732
678 917
679 97
679 153
679 202
679 266
679 377
679 389
679 645
679 879
679 901
679 927
680 51
680 93
680 219
680 263
680 420
680 428
680 443
680 560
680 646
680 649
680 690
680 821
680 988
681 62
681 108
681 558
681 897
681 905
682 124
682 143
682 186
682 203
682 360
682 386
682 594
682 887
682 979
683 126
683 218
683 266
683 644
683 696
683 875
684 35
684 54
684 205
684 252
684 266
684 273
684 452
684 607
684 726
684 729
684 807
684 929
684 978
685 14
685 184
685 272
685 466
685 717
685 727
685 772
685 880
685 913
686 49
686 65
686 116
686 185
686 298
686 434
686 845
687 30
687 72
687 77
687 214
687 286
687 512
687 559
687 638
687 654
687 689
687 812
687 873
687 910
687 947
688 157
688 283
688 431
688 475
688 632
688 694
688 849
688 871
688 946
689 43
689 181
689 235
689 336
689 372
689 561
689 687
689 749
689 869
689 877
689 964
690 15
690 23
690 30
690 101
690 342
690 368
690 500
690 627
690 663
690 680
690 774
690 814
690 818
690 927
690 956
691 80
691 90
691 228
691 325
691 429
691 438
691 510
691 534
691 622
691 629
691 741
691 742
691 763
691 810
691 830
691 873
691 988
691 992
692 50
692 53
692 290
692 305
692 393
692 472
692 534
692 761
692 902
692 968
693 12
693 58
693 372
693 559
693 799
693 837
693 871
693 953
693 996
694 43
694 256
694 257
694 688
694 733
694 789
694 813
694 997
695 28
695 127
695 133
695 198
695 212
695 650
695 852
695 889
695 990
696 16
696 20
696 63
696 99
696 198
696 282
696 356
696 358
696 424
696 464
696 657
696 683
696 934
697 115
697 223
697 284
697 528
697 551
697 798
698 324
698 378
698 514
698 706
698 730
698 832
699 87
699 170
699 735
699 792
700 42
700 94
700 102
700 300
700 446
700 496
700 517
700 548
700 678
700 816
700 848
700 890
700 903
701 164
701 233
701 364
701 408
701 714
701 864
701 887
701 939
702 91
702 125
702 199
702 212
702 498
702 589
702 606
702 611
702 763
702 832
702 858
702 912
703 2
703 67
703 125
703 496
703 564
703 578
703 638
703 768
703 986
703 996
704 38
704 107
704 242
704 284
704 453
704 549
704 633
704 678
704 710
704 788
704 868
705 18
705 30
705 189
705 235
705 266
705 277
705 408
705 427
705 488
705 580
705 838
705 842
705 852
705 885
706 41
706 135
706 265
706 698
706 753
706 938
706 939
706 948
707 63
707 129
707 179
707 256
707 368
707 384
707 444
707 463
707 489
707 519
708 60
708 314
708 385
708 477
708 727
708 782
709 120
709 304
709 729
709 736
709 848
709 903
709 984
710 192
710 246
710 271
710 377
710 704
710 934
710 952
711 248
711 368
711 803
711 930
712 29
712 70
712 175
712 367
712 538
712 575
712 610
712 763
712 844
712 862
712 953
713 157
713 243
713 338
713 457
713 490
713 498
713 568
713 626
713 746
713 804
713 849
713 931
714 121
714 165
714 269
714 394
714 569
714 624
714 666
714 668
714 701
714 763
714 811
714 855
714 927
714 934
714 944
714 971
715 1
715 67
715 86
715 144
715 195
715 201
715 337
715 356
715 481
715 494
715 768
715 838
716 83
716 153
716 495
716 791
717 5
717 66
717 133
717 196
717 353
717 434
717 455
717 502
717 529
717 535
717 588
717 685
717 789
717 792
717 797
718 75
718 139
718 190
718 196
718 213
718 313
718 442
718 804
718 834
718 919
718 937
719 31
719 98
719 277
719 508
719 539
719 542
719 568
719 625
719 796
719 841
719 995
720 38
720 242
720 293
720 314
720 480
720 579
720 660
720 869
720 989
721 70
721 374
721 432
721 506
721 523
721 777
721 835
721 855
721 924
722 47
722 154
722 236
722 353
722 384
722 390
722 614
723 47
723 133
723 190
723 193
723 222
723 246
723 645
723 726
723 909
723 924
723 960
724 14
724 38
724 310
724 445
724 569
724 645
724 761
724 883
725 72
725 136
725 152
725 197
725 856
726 7
726 17
726 91
726 291
726 297
726 339
726 441
726 601
726 684
726 723
726 781
726 879
726 881
726 944
727 98
727 128
727 275
727 355
727 366
727 388
727 425
727 507
727 685
727 708
727 969
728 58
728 154
728 241
728 248
728 303
728 366
728 478
728 806
728 816
728 940
728 993
729 130
729 252
729 283
729 388
729 407
729 475
729 684
729 709
729 751
729 852
730 133
730 134
730 353
730 361
730 394
730 514
730 559
730 640
730 651
730 698
730 928
731 414
731 429
731 831
731 853
732 15
732 79
732 234
732 286
732 365
732 457
732 584
732 678
732 778
732 856
732 914
733 106
733 147
733 215
733 579
733 611
733 694
733 763
733 791
733 924
733 961
733 992
734 5
734 47
734 118
734 379
734 383
734 753
734 861
735 94
735 103
735 166
735 250
735 295
735 305
735 361
735 368
735 409
735 433
735 459
735 503
735 560
735 699
735 768
735 780
735 855
735 899
736 14
736 42
736 48
736 62
736 122
736 131
736 178
736 252
736 300
736 333
736 487
736 651
736 709
736 759
736 809
736 905
737 74
737 120
737 213
737 483
737 490
737 831
737 855
737 986
738 11
738 318
738 342
738 439
738 568
738 583
738 775
739 19
739 332
739 412
739 529
739 618
740 15
740 45
740 87
740 136
740 241
740 321
740 514
740 567
740 568
740 786
740 792
740 831
741 25
741 95
741 297
741 332
741 364
741 554
741 610
741 691
741 895
741 898
741 949
742 5
742 10
742 196
742 359
742 390
742 597
742 609
742 691
742 746
742 820
742 869
743 140
743 154
743 254
743 413
743 446
743 566
743 625
743 767
744 161
744 186
744 279
744 295
744 341
744 370
744 404
744 473
744 536
744 862
744 873
744 920
744 968
745 18
745 100
745 113
745 161
745 166
745 240
745 250
745 328
745 417
745 419
745 520
745 555
745 832
745 935
745 990
745 999
746 20
746 157
746 186
746 303
746 354
746 713
746 742
746 747
746 886
746 899
747 46
747 113
747 150
747 439
747 562
747 566
747 746
747 861
748 29
748 218
748 305
748 544
748 577
748 813
748 825
748 911
748 949
749 91
749 157
749 468
749 527
749 689
749 759
749 780
749 860
750 37
750 45
750 50
750 57
750 142
750 233
750 305
750 437
750 487
750 669
750 772
750 839
750 840
750 980
751 91
751 293
751 332
751 378
751 440
751 627
751 655
751 729
751 770
751 904
751 924
752 27
752 60
752 557
752 606
752 789
752 834
752 867
752 893
753 172
753 314
753 332
753 340
753 392
753 405
753 554
753 664
753 706
753 734
753 792
754 34
754 47
754 245
754 306
754 341
754 346
754 430
754 456
754 513
754 611
754 623
754 654
754 792
754 958
754 973
755 106
755 183
755 593
755 633
755 667
755 805
755 874
756 363
756 364
756 619
756 870
756 872
756 991
757 215
757 388
757 432
757 494
757 810
757 897
758 42
758 111
758 306
758 345
758 372
758 404
758 544
758 638
758 759
759 289
759 348
759 422
759 441
759 553
759 657
759 659
759 736
759 749
759 758
759 764
759 839
759 878
759 933
759 979
760 18
760 407
760 475
760 594
760 611
760 647
760 768
760 846
760 932
760 989
761 55
761 63
761 422
761 426
761 427
761 432
761 451
761 692
761 724
761 835
762 124
762 291
762 463
762 660
762 774
762 839
762 917
763 203
763 228
763 246
763 284
763 462
763 660
763 661
763 691
763 702
763 712
763 714
763 733
763 866
763 927
763 939
764 113
764 303
764 322
764 340
764 399
764 528
764 759
764 799
765 85
765 165
765 168
765 340
765 378
765 436
765 552
765 595
765 819
766 4
766 10
766 152
766 217
766 246
766 528
766 530
766 993
767 24
767 26
767 220
767 244
767 310
767 331
767 406
767 501
767 523
767 595
767 661
767 743
767 944
768 13
768 189
768 198
768 308
768 384
768 390
768 418
768 490
768 596
768 703
768 715
768 735
768 760
768 988
769 126
769 217
769 256
769 489
769 671
769 672
769 860
769 938
770 8
770 62
770 151
770 226
770 298
770 316
770 444
770 548
770 568
770 620
770 751
770 774
770 942
771 171
771 231
771 294
771 319
771 366
771 393
771 452
771 537
772 11
772 62
772 134
772 294
772 514
772 522
772 638
772 685
772 750
772 881
772 908
772 943
773 94
773 108
773 197
773 347
773 553
773 644
773 778
774 14
774 163
774 286
774 364
774 365
774 414
774 538
774 690
774 762
774 770
774 780
774 908
774 978
775 149
775 278
775 368
775 605
775 614
775 634
775 738
775 868
775 940
776 22
776 27
776 56
776 168
776 304
776 529
776 665
776 669
776 887
776 999
777 95
777 221
777 223
777 396
777 515
777 582
777 721
777 936
778 14
778 81
778 183
778 330
778 430
778 506
778 587
778 604
778 732
778 773
778 896
779 185
779 406
779 411
779 559
779 794
779 813
779 831
779 916
780 125
780 231
780 264
780 299
780 303
780 735
780 749
780 774
780 797
780 875
780 895
780 964
781 66
781 421
781 439
781 472
781 594
781 726
781 817
781 867
781 894
781 917
781 934
782 319
782 367
782 443
782 452
782 543
782 708
782 954
782 985
783 3
783 14
783 248
783 314
783 445
783 677
784 115
784 140
784 190
784 215
784 216
784 244
784 370
784 418
784 449
784 545
785 23
785 45
785 143
785 320
785 341
785 396
785 440
785 462
785 467
785 485
785 555
785 556
785 575
785 652
786 15
786 391
786 399
786 492
786 674
786 740
786 949
787 50
787 64
787 71
787 273
787 482
787 523
787 582
787 667
787 840
787 856
787 945
788 258
788 273
788 281
788 326
788 466
788 522
788 632
788 704
788 807
789 14
789 45
789 65
789 92
789 147
789 175
789 253
789 361
789 694
789 717
789 752
789 899
790 58
790 136
790 181
790 239
790 303
790 572
790 639
790 907
791 29
791 109
791 124
791 149
791 247
791 381
791 448
791 535
791 565
791 650
791 716
791 733
791 792
791 954
792 158
792 185
792 286
792 301
792 523
792 535
792 655
792 658
792 699
792 717
792 740
792 753
792 754
792 791
792 800
792 819
793 12
793 124
793 193
793 288
793 340
793 485
793 495
793 593
793 670
793 829
794 126
794 211
794 365
794 424
794 469
794 497
794 510
794 779
794 858
795 175
795 532
795 615
795 675
795 967
796 39
796 41
796 280
796 504
796 719
796 846
796 901
796 910
796 986
797 75
797 125
797 206
797 255
797 454
797 717
797 780
797 935
797 997
798 10
798 98
798 126
798 142
798 173
798 196
798 226
798 386
798 397
798 504
798 697
798 859
798 952
798 974
799 65
799 214
799 554
799 631
799 693
799 764
799 828
799 858
799 895
799 949
799 966
800 39
800 142
800 195
800 371
800 556
800 792
800 988
801 45
801 55
801 81
801 269
801 330
801 386
801 387
801 389
801 427
801 465
801 496
801 838
801 923
801 951
801 993
802 7
802 173
802 179
802 370
802 398
802 528
802 536
802 920
803 3
803 187
803 338
803 417
803 504
803 526
803 543
803 630
803 711
803 880
804 85
804 116
804 164
804 262
804 287
804 495
804 577
804 713
804 718
804 814
804 817
804 831
804 858
804 970
805 70
805 108
805 124
805 259
805 274
805 440
805 531
805 755
806 155
806 364
806 517
806 653
806 673
806 728
806 831
806 891
806 915
806 926
806 939
807 13
807 442
807 520
807 635
807 672
807 684
807 788
807 833
807 842
807 857
807 995
808 96
808 138
808 165
808 456
808 576
808 580
809 133
809 201
809 444
809 449
809 528
809 629
809 653
809 672
809 736
810 125
810 175
810 256
810 283
810 330
810 520
810 645
810 691
810 757
810 906
810 939
810 984
811 80
811 101
811 348
811 361
811 645
811 714
811 845
812 118
812 196
812 215
812 264
812 266
812 289
812 334
812 338
812 437
812 538
812 609
812 687
812 872
812 942
812 957
812 994
813 184
813 397
813 664
813 694
813 748
813 779
814 5
814 366
814 386
814 408
814 454
814 473
814 516
814 624
814 690
814 804
814 859
814 885
814 947
814 974
815 211
815 368
815 525
815 577
815 623
815 635
815 638
815 650
815 857
815 886
815 936
816 290
816 308
816 400
816 465
816 551
816 624
816 700
816 728
816 930
817 109
817 171
817 189
817 203
817 207
817 388
817 392
817 482
817 781
817 804
817 901
817 905
817 962
818 87
818 120
818 225
818 258
818 405
818 456
818 690
818 913
818 937
818 952
818 961
819 390
819 400
819 495
819 765
819 792
819 898
819 995
820 115
820 273
820 355
820 496
820 502
820 664
820 742
820 855
821 152
821 189
821 249
821 294
821 302
821 680
821 827
821 857
821 879
821 901
822 91
822 137
822 204
822 241
822 282
822 300
822 448
822 580
822 625
822 888
822 925
822 977
822 986
823 89
823 230
823 482
823 579
823 584
823 593
823 897
824 389
824 484
824 557
824 650
824 659
824 672
824 929
824 980
824 996
825 19
825 70
825 225
825 295
825 300
825 326
825 437
825 466
825 569
825 616
825 670
825 748
825 898
826 67
826 319
826 521
826 913
826 942
826 969
827 97
827 159
827 287
827 358
827 483
827 580
827 617
827 821
827 858
827 880
827 955
828 142
828 225
828 315
828 345
828 799
828 855
828 958
828 969
829 71
829 113
829 120
829 340
829 377
829 447
829 793
830 5
830 14
830 56
830 418
830 448
830 598
830 691
830 918
831 16
831 27
831 300
831 436
831 474
831 649
831 731
831 737
831 740
831 779
831 804
831 806
831 856
832 375
832 421
832 698
832 702
832 745
832 899
832 963
833 103
833 131
833 237
833 402
833 437
833 545
833 637
833 807
833 990
834 4
834 78
834 203
834 277
834 307
834 433
834 534
834 597
834 641
834 655
834 718
834 752
834 841
834 863
835 0
835 193
835 213
835 410
835 657
835 721
835 761
835 854
835 992
836 11
836 91
836 144
836 190
836 255
836 262
836 422
836 429
836 455
836 467
836 924
837 123
837 161
837 366
837 394
837 693
838 8
838 262
838 291
838 306
838 336
838 364
838 395
838 527
838 540
838 587
838 705
838 715
838 801
838 872
838 924
838 981
839 15
839 143
839 332
839 384
839 491
839 499
839 535
839 656
839 662
839 750
839 759
839 762
839 886
839 943
839 982
840 18
840 35
840 105
840 110
840 144
840 279
840 281
840 293
840 312
840 426
840 579
840 592
840 632
840 644
840 662
840 750
840 787
840 869
840 936
840 987
841 34
841 70
841 112
841 277
841 291
841 351
841 719
841 834
841 922
842 92
842 202
842 474
842 705
842 807
842 976
843 282
843 402
843 602
844 8
844 60
844 90
844 640
844 712
845 140
845 183
845 304
845 330
845 375
845 585
845 664
845 686
845 811
845 987
846 61
846 85
846 135
846 155
846 297
846 326
846 378
846 481
846 610
846 760
846 796
846 954
846 999
847 22
847 127
847 307
847 614
847 953
848 58
848 77
848 197
848 369
848 459
848 460
848 571
848 700
848 709
849 13
849 59
849 114
849 255
849 334
849 485
849 659
849 688
849 713
849 850
850 183
850 491
850 616
850 639
850 672
850 849
851 5
851 20
851 148
851 263
851 321
851 490
851 516
851 543
852 515
852 602
852 695
852 705
852 729
852 853
852 936
852 953
852 958
853 70
853 106
853 113
853 303
853 396
853 440
853 474
853 521
853 619
853 731
853 852
854 6
854 171
854 247
854 308
854 391
854 416
854 534
854 835
854 901
854 924
855 198
855 300
855 308
855 332
855 383
855 558
855 602
855 714
855 721
855 735
855 737
855 820
855 828
856 23
856 145
856 211
856 239
856 265
856 362
856 478
856 528
856 589
856 594
856 725
856 732
856 787
856 831
856 922
856 927
857 60
857 202
857 217
857 218
857 292
857 558
857 807
857 815
857 821
858 215
858 320
858 366
858 408
858 543
858 609
858 656
858 667
858 702
858 794
858 799
858 804
858 827
858 874
858 911
858 965
859 140
859 189
859 526
859 590
859 798
859 814
859 957
859 963
859 971
860 3
860 34
860 74
860 165
860 168
860 393
860 403
860 437
860 466
860 603
860 749
860 769
860 982
861 45
861 86
861 144
861 288
861 465
861 734
861 747
861 903
861 926
862 61
862 208
862 297
862 417
862 712
862 744
863 45
863 93
863 116
863 129
863 292
863 300
863 834
863 991
864 208
864 222
864 248
864 298
864 309
864 383
864 426
864 650
864 701
864 888
864 889
864 904
864 965
865 274
865 289
865 512
865 578
865 669
865 883
866 231
866 394
866 503
866 673
866 763
866 910
866 961
867 15
867 129
867 466
867 513
867 547
867 659
867 666
867 752
867 781
867 924
867 949
868 56
868 186
868 362
868 384
868 704
868 775
869 7
869 112
869 418
869 472
869 479
869 627
869 673
869 689
869 720
869 742
869 840
869 945
870 4
870 150
870 319
870 425
870 535
870 536
870 756
870 928
871 158
871 424
871 441
871 607
871 688
871 693
871 950
871 953
871 955
871 963
872 96
872 166
872 590
872 641
872 756
872 812
872 838
873 36
873 229
873 347
873 366
873 425
873 687
873 691
873 744
874 7
874 29
874 36
874 66
874 212
874 533
874 555
874 755
874 858
874 939
874 957
875 14
875 28
875 85
875 158
875 170
875 332
875 444
875 472
875 549
875 552
875 683
875 780
875 962
876 214
876 306
876 568
876 591
876 598
877 95
877 205
877 214
877 352
877 562
877 625
877 689
877 969
878 48
878 123
878 292
878 367
878 759
879 23
879 260
879 282
879 385
879 403
879 586
879 658
879 679
879 726
879 821
879 909
879 975
880 11
880 43
880 404
880 418
880 566
880 646
880 685
880 803
880 827
880 941
880 976
881 24
881 117
881 179
881 327
881 419
881 429
881 726
881 772
881 951
882 155
882 429
882 617
882 626
883 156
883 157
883 277
883 450
883 471
883 493
883 499
883 568
883 575
883 585
883 724
883 865
884 122
884 179
884 229
884 262
884 465
885 263
885 398
885 526
885 549
885 705
885 814
885 894
885 897
886 33
886 60
886 191
886 375
886 509
886 674
886 746
886 815
886 839
887 6
887 200
887 350
887 368
887 400
887 482
887 557
887 565
887 640
887 682
887 701
887 776
888 23
888 83
888 194
888 294
888 303
888 447
888 553
888 822
888 864
888 900
888 995
889 66
889 134
889 320
889 416
889 436
889 485
889 644
889 665
889 695
889 864
890 167
890 199
890 231
890 232
890 347
890 422
890 483
890 638
890 700
890 960
890 995
891 171
891 195
891 293
891 303
891 333
891 342
891 394
891 564
891 635
891 806
892 138
892 179
892 241
892 254
892 268
892 297
892 310
892 398
892 517
892 918
893 29
893 49
893 113
893 120
893 243
893 290
893 367
893 381
893 543
893 547
893 752
893 925
894 92
894 152
894 293
894 302
894 357
894 616
894 625
894 781
894 885
895 59
895 614
895 741
895 780
895 799
896 4
896 35
896 123
896 179
896 218
896 380
896 515
896 676
896 778
897 17
897 46
897 201
897 222
897 354
897 529
897 561
897 612
897 629
897 641
897 668
897 681
897 757
897 823
897 885
898 56
898 415
898 444
898 462
898 476
898 550
898 588
898 623
898 741
898 819
898 825
899 99
899 124
899 222
899 261
899 422
899 493
899 517
899 546
899 555
899 588
899 630
899 677
899 735
899 746
899 789
899 832
899 916
899 983
900 54
900 78
900 88
900 91
900 206
900 237
900 239
900 435
900 888
900 902
901 5
901 219
901 534
901 679
901 796
901 817
901 821
901 854
901 941
902 158
902 293
902 527
902 562
902 614
902 692
902 900
902 913
903 224
903 327
903 395
903 433
903 700
903 709
903 861
903 909
904 290
904 303
904 402
904 751
904 864
904 912
904 958
905 70
905 74
905 164
905 207
905 507
905 681
905 736
905 817
905 934
905 974
906 45
906 63
906 200
906 268
906 422
906 810
906 907
907 54
907 106
907 292
907 301
907 445
907 790
907 906
907 996
908 28
908 466
908 536
908 625
908 772
908 774
908 967
908 975
909 90
909 146
909 222
909 227
909 723
909 879
909 903
909 919
909 939
909 946
910 91
910 345
910 521
910 523
910 580
910 687
910 796
910 866
910 949
910 950
911 68
911 122
911 193
911 249
911 420
911 495
911 622
911 748
911 858
912 162
912 224
912 280
912 343
912 364
912 459
912 598
912 670
912 702
912 904
913 127
913 189
913 548
913 561
913 634
913 685
913 818
913 826
913 902
913 917
913 955
914 60
914 80
914 107
914 116
914 123
914 347
914 657
914 732
914 924
915 37
915 46
915 115
915 253
915 262
915 378
915 456
915 618
915 806
916 23
916 260
916 432
916 433
916 621
916 631
916 779
916 899
916 949
917 11
917 111
917 113
917 136
917 239
917 325
917 357
917 678
917 762
917 781
917 913
917 920
918 197
918 207
918 323
918 329
918 341
918 363
918 482
918 536
918 537
918 586
918 830
918 892
919 56
919 165
919 178
919 261
919 267
919 545
919 631
919 647
919 718
919 909
919 925
920 48
920 52
920 102
920 171
920 176
920 417
920 633
920 744
920 802
920 917
920 964
921 83
921 325
921 434
921 986
921 990
922 52
922 126
922 191
922 205
922 222
922 273
922 359
922 376
922 498
922 513
922 647
922 667
922 841
922 856
922 932
923 3
923 126
923 132
923 153
923 164
923 439
923 464
923 625
923 801
924 110
924 148
924 202
924 265
924 389
924 503
924 543
924 558
924 589
924 721
924 723
924 733
924 751
924 836
924 838
924 854
924 867
924 914
925 601
925 661
925 822
925 893
925 919
925 941
926 126
926 165
926 175
926 199
926 206
926 247
926 273
926 291
926 377
926 467
926 519
926 646
926 806
926 861
927 113
927 309
927 679
927 690
927 714
927 763
927 856
927 991
928 44
928 275
928 311
928 371
928 469
928 526
928 557
928 730
928 870
928 986
929 194
929 482
929 684
929 824
930 33
930 257
930 315
930 500
930 507
930 602
930 711
930 816
931 152
931 213
931 521
931 533
931 629
931 713
932 92
932 191
932 351
932 378
932 481
932 654
932 667
932 760
932 922
932 992
933 7
933 185
933 186
933 237
933 311
933 333
933 340
933 436
933 665
933 759
933 994
934 83
934 88
934 347
934 415
934 435
934 485
934 590
934 659
934 696
934 710
934 714
934 781
934 905
934 937
934 958
934 959
935 6
935 88
935 452
935 465
935 542
935 588
935 664
935 745
935 797
936 12
936 59
936 167
936 221
936 334
936 530
936 777
936 815
936 840
936 852
937 29
937 72
937 106
937 234
937 235
937 254
937 264
937 314
937 569
937 656
937 666
937 718
937 818
937 934
938 27
938 309
938 431
938 462
938 706
938 769
938 997
939 33
939 264
939 441
939 570
939 582
939 583
939 701
939 706
939 763
939 806
939 810
939 874
939 909
940 156
940 185
940 330
940 469
940 728
940 775
940 952
940 985
941 93
941 135
941 376
941 410
941 420
941 443
941 629
941 880
941 901
941 925
941 947
941 973
942 137
942 208
942 261
942 411
942 507
942 605
942 645
942 770
942 812
942 826
943 16
943 64
943 86
943 196
943 451
943 503
943 772
943 839
944 32
944 69
944 75
944 211
944 383
944 395
944 432
944 621
944 626
944 628
944 659
944 714
944 726
944 767
945 72
945 156
945 222
945 393
945 424
945 461
945 637
945 787
945 869
945 953
945 993
945 995
946 48
946 173
946 255
946 442
946 583
946 688
946 909
946 975
947 47
947 184
947 240
947 273
947 471
947 687
947 814
947 941
948 70
948 228
948 350
948 514
948 636
948 649
948 706
948 949
948 993
949 200
949 217
949 235
949 291
949 300
949 366
949 401
949 509
949 526
949 579
949 741
949 748
949 786
949 799
949 867
949 910
949 916
949 948
949 981
949 996
950 60
950 871
950 910
951 7
951 14
951 132
951 317
951 497
951 587
951 627
951 801
951 881
952 153
952 160
952 168
952 272
952 290
952 343
952 381
952 474
952 557
952 573
952 621
952 710
952 798
952 818
952 940
953 11
953 212
953 273
953 279
953 440
953 531
953 591
953 595
953 627
953 693
953 712
953 847
953 852
953 871
953 945
954 273
954 782
954 791
954 846
955 238
955 254
955 268
955 294
955 373
955 557
955 594
955 827
955 871
955 913
956 66
956 329
956 334
956 392
956 690
956 970
956 981
957 48
957 346
957 399
957 440
957 446
957 457
957 554
957 561
957 593
957 812
957 859
957 874
958 0
958 47
958 132
958 221
958 288
958 419
958 658
958 754
958 828
958 852
958 904
958 934
959 76
959 107
959 152
959 224
959 291
959 402
959 576
959 585
959 597
959 669
959 934
959 982
960 70
960 456
960 466
960 512
960 555
960 723
960 890
961 11
961 250
961 284
961 430
961 439
961 495
961 558
961 733
961 818
961 866
962 12
962 119
962 449
962 502
962 539
962 593
962 609
962 625
962 672
962 817
962 875
963 21
963 136
963 398
963 415
963 453
963 601
963 832
963 859
963 871
964 233
964 500
964 610
964 632
964 667
964 689
964 780
964 920
965 26
965 32
965 288
965 309
965 419
965 567
965 637
965 858
965 864
966 262
966 278
966 292
966 335
966 531
966 615
966 627
966 799
967 62
967 156
967 168
967 270
967 415
967 555
967 637
967 795
967 908
968 14
968 69
968 96
968 339
968 692
968 744
969 294
969 451
969 564
969 586
969 727
969 826
969 828
969 877
969 978
970 10
970 31
970 80
970 164
970 209
970 259
970 372
970 663
970 804
970 956
971 14
971 112
971 226
971 233
971 315
971 336
971 383
971 714
971 859
971 975
971 981
972 7
972 15
972 129
972 167
972 192
972 229
972 609
972 611
973 30
973 143
973 299
973 482
973 553
973 561
973 583
973 754
973 941
974 66
974 140
974 176
974 191
974 250
974 328
974 344
974 488
974 798
974 814
974 905
975 4
975 7
975 62
975 112
975 161
975 252
975 297
975 357
975 572
975 580
975 645
975 672
975 879
975 908
975 946
975 971
976 35
976 44
976 313
976 345
976 502
976 546
976 558
976 661
976 842
976 880
976 995
977 13
977 261
977 375
977 431
977 439
977 622
977 664
977 822
977 995
978 4
978 73
978 188
978 247
978 293
978 423
978 569
978 583
978 592
978 684
978 774
978 969
979 32
979 77
979 91
979 153
979 306
979 350
979 480
979 682
979 759
980 575
980 750
980 824
981 3
981 49
981 89
981 121
981 171
981 242
981 281
981 293
981 450
981 838
981 949
981 956
981 971
982 40
982 42
982 125
982 314
982 515
982 608
982 839
982 860
982 959
983 206
983 247
983 355
983 375
983 423
983 509
983 602
983 676
983 899
984 49
984 145
984 180
984 316
984 356
984 419
984 520
984 626
984 709
984 810
985 4
985 53
985 106
985 112
985 332
985 588
985 782
985 940
986 14
986 191
986 283
986 386
986 416
986 494
986 531
986 590
986 615
986 668
986 703
986 737
986 796
986 822
986 921
986 928
987 44
987 109
987 120
987 266
987 295
987 369
987 421
987 598
987 628
987 639
987 840
987 845
988 23
988 40
988 58
988 76
988 239
988 342
988 361
988 497
988 499
988 587
988 680
988 691
988 768
988 800
989 91
989 112
989 139
989 172
989 212
989 310
989 539
989 556
989 604
989 638
989 720
989 760
990 94
990 344
990 362
990 422
990 638
990 695
990 745
990 833
990 921
990 993
991 147
991 210
991 251
991 282
991 349
991 372
991 427
991 658
991 756
991 863
991 927
992 27
992 97
992 244
992 562
992 592
992 637
992 691
992 733
992 835
992 932
993 9
993 30
993 61
993 108
993 319
993 321
993 343
993 357
993 372
993 394
993 475
993 522
993 611
993 728
993 766
993 801
993 945
993 948
993 990
994 237
994 268
994 308
994 325
994 359
994 366
994 548
994 622
994 812
994 933
995 299
995 468
995 584
995 719
995 807
995 819
995 888
995 890
995 945
995 976
995 977
996 49
996 176
996 265
996 278
996 659
996 672
996 693
996 703
996 824
996 907
996 949
997 11
997 13
997 18
997 62
997 135
997 194
997 245
997 393
997 447
997 556
997 677
997 694
997 797
997 938
998 24
998 36
998 120
998 369
998 380
998 442
999 56
999 60
999 71
999 210
999 252
999 523
999 745
999 776
999 846
